601,'S2-0_4',614,,86435,12,,,0,108,,86448,12,,,0,96,,86436,12,,,0,102,,86437,12,,,0,99,,86438,12,,,0,100,,86439,12,,,0,103,,86452,12,,,0,22,,86440,12,,,0,80,,86441,12,,,0,104,,86442,12,,,0,94,,86443,12,,,0,80,,86449,12,,,0,40,,86444,13,,,0,75,,86450,12,,,0,28,,86445,13,,,0,72,,86451,13,,,0,27,,86446,12,,,0,94,,86447,12,,,0
601,'S2-0_5',614,,86453,12,,,0,108,,86466,12,,,0,96,,86454,12,,,0,102,,86455,12,,,0,99,,86456,12,,,0,100,,86457,12,,,0,103,,86470,12,,,0,22,,86458,12,,,0,80,,86459,12,,,0,104,,86460,12,,,0,94,,86461,12,,,0,80,,86467,12,,,0,40,,86462,13,,,0,75,,86468,12,,,0,28,,86463,13,,,0,72,,86469,13,,,0,27,,86464,12,,,0,94,,86465,12,,,0
601,'S2-1_3',614,,86471,12,,,0,108,,86485,12,,,0,96,,86472,12,,,0,102,,86473,12,,,0,99,,86474,12,,,0,100,,86475,12,,,0,103,,86476,13,,,0,22,,86477,12,,,0,80,,86478,12,,,0,104,,86479,12,,,0,94,,86480,12,,,0,80,,86486,12,,,0,40,,86481,13,,,0,75,,86487,12,,,0,28,,86482,13,,,0,72,,86488,13,,,0,27,,86483,12,,,0,94,,86484,12,,,0
601,'S2-2_6',744,,86489,12,,,0,90,,86491,12,,,0,96,,86492,12,,,0,93,,86493,12,,,0,89,,86494,12,,,0,88,,86495,12,,,0,48,,86496,12,,,0,90,,86497,12,,,0,88,,86498,12,,,0,89,,86499,12,,,0,100,,86500,12,,,0,91,,86501,12,,,0,94,,86502,12,,,0,47,,86503,12,,,0,90,,86490,12,,,0
601,'S2-4_1',614,,86504,12,,,0,108,,86517,12,,,0,96,,86505,12,,,0,102,,86506,12,,,0,99,,86507,12,,,0,100,,86508,12,,,0,103,,86521,12,,,0,22,,86509,12,,,0,80,,86510,12,,,0,104,,86511,12,,,0,94,,86512,12,,,0,80,,86518,12,,,0,40,,86513,13,,,0,75,,86519,12,,,0,28,,86514,13,,,0,72,,86520,13,,,0,27,,86515,12,,,0,94,,86516,12,,,0
601,'S2-4_2',614,,86522,12,,,0,108,,86535,12,,,0,96,,86523,12,,,0,102,,86524,12,,,0,99,,86525,12,,,0,100,,86526,12,,,0,103,,86539,12,,,0,22,,86527,12,,,0,80,,86528,12,,,0,104,,86529,12,,,0,94,,86530,12,,,0,80,,86536,12,,,0,40,,86531,13,,,0,75,,86537,12,,,0,28,,86532,13,,,0,72,,86538,13,,,0,27,,86533,12,,,0,94,,86534,12,,,0
601,'S2-4_4',614,,86540,12,,,0,108,,86553,12,,,0,96,,86541,12,,,0,102,,86542,12,,,0,99,,86543,12,,,0,100,,86544,12,,,0,103,,86557,12,,,0,22,,86545,12,,,0,80,,86546,12,,,0,104,,86547,12,,,0,94,,86548,12,,,0,80,,86554,12,,,0,40,,86549,13,,,0,75,,86555,12,,,0,28,,86550,13,,,0,72,,86556,13,,,0,27,,86551,12,,,0,94,,86552,12,,,0
901,'S2-0_4',743,,86988,8,0,26,0,66,,86989,8,0,27 63,0,102,,86994,8,0,23 24,0,192,,86995,8,0,23 24,0,107,,86990,8,0,27 63,0,34,,86999,8,,,0,105,,86996,8,0,23 24,0,151,,86997,8,0,23 24,0,110,,86991,8,0,27 63,0,21,,87002,8,,,0,79,,86992,8,0,27 63,0,100,,86993,8,0,27 63,0,127,,87003,8,,,0
901,'S2-0_5',743,,87004,8,0,26,0,66,,87005,8,0,27 63,0,102,,87010,8,0,23 24,0,192,,87011,8,0,23 24,0,107,,87006,8,0,27 63,0,34,,87015,8,,,0,105,,87012,8,0,23 24,0,151,,87013,8,0,23 24,0,110,,87007,8,0,27 63,0,21,,87018,8,,,0,79,,87008,8,0,27 63,0,100,,87009,8,0,27 63,0,127,,87019,8,,,0
901,'S2-1_3',743,,87020,8,0,26,0,66,,87021,8,0,27 63,0,102,,87026,8,0,23 24,0,192,,87027,8,0,23 24,0,107,,87022,8,0,27 63,0,34,,87031,8,,,0,105,,87028,8,0,23 24,0,151,,87029,8,0,23 24,0,110,,87023,8,0,27 63,0,21,,87034,8,,,0,79,,87024,8,0,27 63,0,100,,87025,8,0,27 63,0,127,,87035,8,,,0
901,'S2-2_6',742,,87036,8,0,23 24,0,99,,87048,8,0,25,0,367,,87046,8,0,25,0,319,,87044,8,0,25,0,82,,87037,8,0,23 24,0,103,,87038,8,0,23 24,0,135,,87039,8,0,23 24,0,90,,87040,8,0,23 24,0
901,'S2-4_1',743,,87049,8,0,26,0,66,,87050,8,0,27 63,0,102,,87055,8,0,23 24,0,192,,87056,8,0,23 24,0,107,,87051,8,0,27 63,0,34,,87060,8,,,0,105,,87057,8,0,23 24,0,151,,87058,8,0,23 24,0,110,,87052,8,0,27 63,0,21,,87063,8,,,0,79,,87053,8,0,27 63,0,100,,87054,8,0,27 63,0,127,,87064,8,,,0
901,'S2-4_2',743,,87065,8,0,26,0,66,,87066,8,0,27 63,0,102,,87071,8,0,23 24,0,192,,87072,8,0,23 24,0,107,,87067,8,0,27 63,0,34,,87076,8,,,0,105,,87073,8,0,23 24,0,151,,87074,8,0,23 24,0,110,,87068,8,0,27 63,0,21,,87079,8,,,0,79,,87069,8,0,27 63,0,100,,87070,8,0,27 63,0,127,,87080,8,,,0
901,'S2-4_4',743,,87081,8,0,26,0,66,,87082,8,0,27 63,0,102,,87087,8,0,23 24,0,192,,87088,8,0,23 24,0,107,,87083,8,0,27 63,0,34,,87092,8,,,0,105,,87089,8,0,23 24,0,151,,87090,8,0,23 24,0,110,,87084,8,0,27 63,0,21,,87095,8,,,0,79,,87085,8,0,27 63,0,100,,87086,8,0,27 63,0,127,,87096,8,,,0
1901,'S2-0_4',1610,,87878,8,,,0,100,,87879,8,,,0,100,,87880,8,,,0
1901,'S2-0_5',1610,,87887,8,,,0,100,,87888,8,,,0,100,,87889,8,,,0
1901,'S2-1_3',1210,,87899,8,,,0,34,,87900,8,,,0
1901,'S2-4_1',1610,,87902,8,,,0,100,,87903,8,,,0,100,,87904,8,,,0
1901,'S2-4_2',1610,,87911,8,,,0,100,,87912,8,,,0,100,,87913,8,,,0
1901,'S2-4_4',1610,,87920,8,,,0,100,,87921,8,,,0,100,,87922,8,,,0
