500,'S2-0_4',705,,86140,13,,,0,118,,86128,13,,,0,105,,86129,13,,,0,99,,86130,13,,,0,105,,86131,13,,,0,101,,86132,13,,,0,84,,86133,13,,,0,94,,86134,13,,,0,100,,86135,13,,,0,102,,86136,13,,,0,106,,86137,13,,,0,103,,86142,13,,,0,100,,86138,13,,,0
500,'S2-0_5',705,,86155,13,,,0,118,,86143,13,,,0,105,,86144,13,,,0,99,,86145,13,,,0,105,,86146,13,,,0,101,,86147,13,,,0,84,,86148,13,,,0,94,,86149,13,,,0,100,,86150,13,,,0,102,,86151,13,,,0,106,,86152,13,,,0,103,,86157,13,,,0,100,,86153,13,,,0
500,'S2-1_3',705,,86170,13,,,0,118,,86158,13,,,0,105,,86159,13,,,0,99,,86160,13,,,0,105,,86161,13,,,0,101,,86162,13,,,0,84,,86163,13,,,0,94,,86164,13,,,0,100,,86165,13,,,0,102,,86166,13,,,0,106,,86167,13,,,0,103,,86172,13,,,0,100,,86168,13,,,0
500,'S2-2_6',723,,86184,13,,,0,98,,86173,13,,,0,99,,86174,13,,,0,101,,86175,13,,,0,100,,86176,13,,,0,96,,86177,13,,,0,98,,86178,13,,,0,100,,86179,13,,,0,99,,86180,13,,,0,101,,86181,13,,,0,100,,86182,13,,,0,193,,86183,13,,,0
500,'S2-4_1',705,,86197,13,,,0,118,,86185,13,,,0,105,,86186,13,,,0,99,,86187,13,,,0,105,,86188,13,,,0,101,,86189,13,,,0,84,,86190,13,,,0,94,,86191,13,,,0,100,,86192,13,,,0,102,,86193,13,,,0,106,,86194,13,,,0,103,,86199,13,,,0,100,,86195,13,,,0
500,'S2-4_2',705,,86212,13,,,0,118,,86200,13,,,0,105,,86201,13,,,0,99,,86202,13,,,0,105,,86203,13,,,0,101,,86204,13,,,0,84,,86205,13,,,0,94,,86206,13,,,0,100,,86207,13,,,0,102,,86208,13,,,0,106,,86209,13,,,0,103,,86214,13,,,0,100,,86210,13,,,0
500,'S2-4_4',705,,86227,13,,,0,118,,86215,13,,,0,105,,86216,13,,,0,99,,86217,13,,,0,105,,86218,13,,,0,101,,86219,13,,,0,84,,86220,13,,,0,94,,86221,13,,,0,100,,86222,13,,,0,102,,86223,13,,,0,106,,86224,13,,,0,103,,86229,13,,,0,100,,86225,13,,,0
2900500,'S2-0_4',658,,91418,13,,,0,145,,91419,13,,,0
2900500,'S2-0_5',658,,91420,13,,,0,145,,91421,13,,,0
2900500,'S2-1_3',658,,91422,13,,,0,145,,91423,13,,,0
2900500,'S2-4_1',658,,91424,13,,,0,145,,91425,13,,,0
2900500,'S2-4_2',658,,91426,13,,,0,145,,91427,13,,,0
2900500,'S2-4_4',658,,91428,13,,,0,145,,91429,13,,,0
