301,'S2-0_4',729,,85473,20,,,0,21,,85447,20,,,0,74,,85474,20,,,0,33,,85448,20,,,0,70,,85449,20,,,0,31,,85450,20,,,0,72,,85451,20,,,0,72,,85452,20,,,0,33,,85453,20,,,0,73,,85454,20,,,0,32,,85455,20,,,0,71,,85456,20,,,0,33,,85457,20,,,0,72,,85458,20,,,0,31,,85459,20,,,0,70,,85460,20,,,0,27,,85461,20,,,0,67,,85462,20,,,0,31,,85463,20,,,0,70,,85464,20,,,0,30,,85465,20,,,0,70,,85466,20,,,0,25,,85467,20,,,0,64,,85468,20,,,0,24,,85469,20,,,0,29,,85470,20,,,0,68,,85471,20,,,0,30,,85472,20,,,0
301,'S2-0_5',729,,85501,20,,,0,21,,85475,20,,,0,74,,85502,20,,,0,33,,85476,20,,,0,70,,85477,20,,,0,31,,85478,20,,,0,72,,85479,20,,,0,72,,85480,20,,,0,33,,85481,20,,,0,73,,85482,20,,,0,32,,85483,20,,,0,71,,85484,20,,,0,33,,85485,20,,,0,72,,85486,20,,,0,31,,85487,20,,,0,70,,85488,20,,,0,27,,85489,20,,,0,67,,85490,20,,,0,31,,85491,20,,,0,70,,85492,20,,,0,30,,85493,20,,,0,70,,85494,20,,,0,25,,85495,20,,,0,64,,85496,20,,,0,24,,85497,20,,,0,29,,85498,20,,,0,68,,85499,20,,,0,30,,85500,20,,,0
301,'S2-1_3',729,,85529,20,,,0,21,,85503,20,,,0,74,,85530,20,,,0,33,,85504,20,,,0,70,,85505,20,,,0,31,,85506,20,,,0,72,,85507,20,,,0,72,,85508,20,,,0,33,,85509,20,,,0,73,,85510,20,,,0,32,,85511,20,,,0,71,,85512,20,,,0,33,,85513,20,,,0,72,,85514,20,,,0,31,,85515,20,,,0,70,,85516,20,,,0,27,,85517,20,,,0,67,,85518,20,,,0,31,,85519,20,,,0,70,,85520,20,,,0,30,,85521,20,,,0,70,,85522,20,,,0,25,,85523,20,,,0,64,,85524,20,,,0,24,,85525,20,,,0,29,,85526,20,,,0,68,,85527,20,,,0,30,,85528,20,,,0
301,'S2-2_6',735,,85534,20,,,0,71,,85531,20,,,0,30,,85532,20,,,0,70,,85533,20,,,0,31,,85535,20,,,0,70,,85536,20,,,0,31,,85537,20,,,0,70,,85538,20,,,0,31,,85542,20,,,0,69,,85541,20,,,0,29,,85539,20,,,0,69,,85540,20,,,0,29,,85544,20,,,0,70,,85545,20,,,0,30,,85543,20,,,0,71,,85546,20,,,0,30,,85549,20,,,0,72,,85547,20,,,0,33,,85548,20,,,0,71,,85551,20,,,0,32,,85550,20,,,0,70,,85552,20,,,0,32,,85553,20,,,0,68,,85554,20,,,0,29,,85555,20,,,0,69,,85556,20,,,0,30,,85557,20,,,0,63,,85558,20,,,0
301,'S2-3_7',809,,85580,20,,,0,32,,85575,20,,,0,72,,85581,20,,,0,33,,85576,20,,,0,72,,85582,20,,,0,33,,85577,20,,,0,73,,85583,20,,,0,32,,85578,20,,,0,73,,85584,20,,,0,73,,85559,20,,,0,27,,85560,20,,,0,28,,85561,20,,,0,66,,85562,20,,,0,28,,85563,20,,,0,67,,85564,20,,,0,29,,85565,20,,,0,68,,85585,20,,,0,26,,85566,20,,,0,72,,85567,20,,,0,34,,85568,20,,,0,68,,85569,20,,,0,28,,85570,20,,,0,65,,85571,20,,,0,25,,85572,20,,,0,67,,85573,20,,,0,27,,85579,20,,,0,25,,85574,20,,,0
301,'S2-4_1',729,,85612,20,,,0,21,,85586,20,,,0,74,,85613,20,,,0,33,,85587,20,,,0,70,,85588,20,,,0,31,,85589,20,,,0,72,,85590,20,,,0,72,,85591,20,,,0,33,,85592,20,,,0,73,,85593,20,,,0,32,,85594,20,,,0,71,,85595,20,,,0,33,,85596,20,,,0,72,,85597,20,,,0,31,,85598,20,,,0,70,,85599,20,,,0,27,,85600,20,,,0,67,,85601,20,,,0,31,,85602,20,,,0,70,,85603,20,,,0,30,,85604,20,,,0,70,,85605,20,,,0,25,,85606,20,,,0,64,,85607,20,,,0,24,,85608,20,,,0,29,,85609,20,,,0,68,,85610,20,,,0,30,,85611,20,,,0
301,'S2-4_2',729,,85640,20,,,0,21,,85614,20,,,0,74,,85641,20,,,0,33,,85615,20,,,0,70,,85616,20,,,0,31,,85617,20,,,0,72,,85618,20,,,0,72,,85619,20,,,0,33,,85620,20,,,0,73,,85621,20,,,0,32,,85622,20,,,0,71,,85623,20,,,0,33,,85624,20,,,0,72,,85625,20,,,0,31,,85626,20,,,0,70,,85627,20,,,0,27,,85628,20,,,0,67,,85629,20,,,0,31,,85630,20,,,0,70,,85631,20,,,0,30,,85632,20,,,0,70,,85633,20,,,0,25,,85634,20,,,0,64,,85635,20,,,0,24,,85636,20,,,0,29,,85637,20,,,0,68,,85638,20,,,0,30,,85639,20,,,0
301,'S2-4_4',729,,85668,20,,,0,21,,85642,20,,,0,74,,85669,20,,,0,33,,85643,20,,,0,70,,85644,20,,,0,31,,85645,20,,,0,72,,85646,20,,,0,72,,85647,20,,,0,33,,85648,20,,,0,73,,85649,20,,,0,32,,85650,20,,,0,71,,85651,20,,,0,33,,85652,20,,,0,72,,85653,20,,,0,31,,85654,20,,,0,70,,85655,20,,,0,27,,85656,20,,,0,67,,85657,20,,,0,31,,85658,20,,,0,70,,85659,20,,,0,30,,85660,20,,,0,70,,85661,20,,,0,25,,85662,20,,,0,64,,85663,20,,,0,24,,85664,20,,,0,29,,85665,20,,,0,68,,85666,20,,,0,30,,85667,20,,,0
900600,'S2-0_4',854,,88975,25,,,0,170,,88977,25,,,0,125,,88978,25,,,0,175,,88979,25,,,0,120,,88980,25,,,0,175,,88981,25,,,0,130,,88982,25,,,0,170,,88976,25,,,0
900600,'S2-0_5',854,,88983,25,,,0,170,,88985,25,,,0,125,,88986,25,,,0,175,,88987,25,,,0,120,,88988,25,,,0,175,,88989,25,,,0,130,,88990,25,,,0,170,,88984,25,,,0
900600,'S2-1_3',854,,88991,25,,,0,170,,88993,25,,,0,125,,88994,25,,,0,175,,88995,25,,,0,120,,88996,25,,,0,175,,88997,25,,,0,130,,88998,25,,,0,170,,88992,25,,,0
900600,'S2-2_6',854,,88999,25,,,0,170,,89001,25,,,0,125,,89002,25,,,0,175,,89003,25,,,0,120,,89004,25,,,0,175,,89005,25,,,0,130,,89006,25,,,0,170,,89000,25,,,0
900600,'S2-4_1',854,,89007,25,,,0,170,,89009,25,,,0,125,,89010,25,,,0,175,,89011,25,,,0,120,,89012,25,,,0,175,,89013,25,,,0,130,,89014,25,,,0,170,,89008,25,,,0
900600,'S2-4_2',854,,89015,25,,,0,170,,89017,25,,,0,125,,89018,25,,,0,175,,89019,25,,,0,120,,89020,25,,,0,175,,89021,25,,,0,130,,89022,25,,,0,170,,89016,25,,,0
900600,'S2-4_4',854,,89023,25,,,0,170,,89025,25,,,0,125,,89026,25,,,0,175,,89027,25,,,0,120,,89028,25,,,0,175,,89029,25,,,0,130,,89030,25,,,0,170,,89024,25,,,0
2900301,'S2-0_4',1719,,91370,6,,,0,28,,91371,6,,,0,73,,91372,6,,,0,23,,91373,6,,,0
2900301,'S2-0_5',1719,,91374,6,,,0,28,,91375,6,,,0,73,,91376,6,,,0,23,,91377,6,,,0
2900301,'S2-1_3',1719,,91378,6,,,0,28,,91379,6,,,0,73,,91380,6,,,0,23,,91381,6,,,0
2900301,'S2-4_1',1719,,91382,6,,,0,28,,91383,6,,,0,73,,91384,6,,,0,23,,91385,6,,,0
2900301,'S2-4_2',1719,,91386,6,,,0,28,,91387,6,,,0,73,,91388,6,,,0,23,,91389,6,,,0
2900301,'S2-4_4',1719,,91390,6,,,0,28,,91391,6,,,0,73,,91392,6,,,0,23,,91393,6,,,0
