301,'S2-0_4',728,,85473,19,,,0,21,,85447,19,,,0,74,,85474,19,,,0,33,,85448,19,,,0,70,,85449,19,,,0,31,,85450,19,,,0,72,,85451,19,,,0,72,,85452,19,,,0,33,,85453,19,,,0,73,,85454,19,,,0,32,,85455,19,,,0,71,,85456,19,,,0,33,,85457,19,,,0,72,,85458,19,,,0,31,,85459,19,,,0,70,,85460,19,,,0,27,,85461,19,,,0,67,,85462,19,,,0,31,,85463,19,,,0,70,,85464,19,,,0,30,,85465,19,,,0,70,,85466,19,,,0,25,,85467,19,,,0,64,,85468,19,,,0,24,,85469,19,,,0,29,,85470,19,,,0,68,,85471,19,,,0,30,,85472,19,,,0
301,'S2-0_5',728,,85501,19,,,0,21,,85475,19,,,0,74,,85502,19,,,0,33,,85476,19,,,0,70,,85477,19,,,0,31,,85478,19,,,0,72,,85479,19,,,0,72,,85480,19,,,0,33,,85481,19,,,0,73,,85482,19,,,0,32,,85483,19,,,0,71,,85484,19,,,0,33,,85485,19,,,0,72,,85486,19,,,0,31,,85487,19,,,0,70,,85488,19,,,0,27,,85489,19,,,0,67,,85490,19,,,0,31,,85491,19,,,0,70,,85492,19,,,0,30,,85493,19,,,0,70,,85494,19,,,0,25,,85495,19,,,0,64,,85496,19,,,0,24,,85497,19,,,0,29,,85498,19,,,0,68,,85499,19,,,0,30,,85500,19,,,0
301,'S2-1_3',728,,85529,19,,,0,21,,85503,19,,,0,74,,85530,19,,,0,33,,85504,19,,,0,70,,85505,19,,,0,31,,85506,19,,,0,72,,85507,19,,,0,72,,85508,19,,,0,33,,85509,19,,,0,73,,85510,19,,,0,32,,85511,19,,,0,71,,85512,19,,,0,33,,85513,19,,,0,72,,85514,19,,,0,31,,85515,19,,,0,70,,85516,19,,,0,27,,85517,19,,,0,67,,85518,19,,,0,31,,85519,19,,,0,70,,85520,19,,,0,30,,85521,19,,,0,70,,85522,19,,,0,25,,85523,19,,,0,64,,85524,19,,,0,24,,85525,19,,,0,29,,85526,19,,,0,68,,85527,19,,,0,30,,85528,19,,,0
301,'S2-2_6',734,,85534,19,,,0,71,,85531,19,,,0,30,,85532,19,,,0,70,,85533,19,,,0,31,,85535,19,,,0,70,,85536,19,,,0,31,,85537,19,,,0,70,,85538,19,,,0,31,,85542,19,,,0,69,,85541,19,,,0,29,,85539,19,,,0,69,,85540,19,,,0,29,,85544,19,,,0,70,,85545,19,,,0,30,,85543,19,,,0,71,,85546,19,,,0,30,,85549,19,,,0,72,,85547,19,,,0,33,,85548,19,,,0,71,,85551,19,,,0,32,,85550,19,,,0,70,,85552,19,,,0,32,,85553,19,,,0,68,,85554,19,,,0,29,,85555,19,,,0,69,,85556,19,,,0,30,,85557,19,,,0,63,,85558,19,,,0
301,'S2-3_7',808,,85580,19,,,0,32,,85575,19,,,0,72,,85581,19,,,0,33,,85576,19,,,0,72,,85582,19,,,0,33,,85577,19,,,0,73,,85583,19,,,0,32,,85578,19,,,0,73,,85584,19,,,0,73,,85559,19,,,0,27,,85560,19,,,0,28,,85561,19,,,0,66,,85562,19,,,0,28,,85563,19,,,0,67,,85564,19,,,0,29,,85565,19,,,0,68,,85585,19,,,0,26,,85566,19,,,0,72,,85567,19,,,0,34,,85568,19,,,0,68,,85569,19,,,0,28,,85570,19,,,0,65,,85571,19,,,0,25,,85572,19,,,0,27,,85573,19,,,0,67,,85579,19,,,0,25,,85574,19,,,0
301,'S2-4_1',728,,85612,19,,,0,21,,85586,19,,,0,74,,85613,19,,,0,33,,85587,19,,,0,70,,85588,19,,,0,31,,85589,19,,,0,72,,85590,19,,,0,72,,85591,19,,,0,33,,85592,19,,,0,73,,85593,19,,,0,32,,85594,19,,,0,71,,85595,19,,,0,33,,85596,19,,,0,72,,85597,19,,,0,31,,85598,19,,,0,70,,85599,19,,,0,27,,85600,19,,,0,67,,85601,19,,,0,31,,85602,19,,,0,70,,85603,19,,,0,30,,85604,19,,,0,70,,85605,19,,,0,25,,85606,19,,,0,64,,85607,19,,,0,24,,85608,19,,,0,29,,85609,19,,,0,68,,85610,19,,,0,30,,85611,19,,,0
301,'S2-4_2',728,,85640,19,,,0,21,,85614,19,,,0,74,,85641,19,,,0,33,,85615,19,,,0,70,,85616,19,,,0,31,,85617,19,,,0,72,,85618,19,,,0,72,,85619,19,,,0,33,,85620,19,,,0,73,,85621,19,,,0,32,,85622,19,,,0,71,,85623,19,,,0,33,,85624,19,,,0,72,,85625,19,,,0,31,,85626,19,,,0,70,,85627,19,,,0,27,,85628,19,,,0,67,,85629,19,,,0,31,,85630,19,,,0,70,,85631,19,,,0,30,,85632,19,,,0,70,,85633,19,,,0,25,,85634,19,,,0,64,,85635,19,,,0,24,,85636,19,,,0,29,,85637,19,,,0,68,,85638,19,,,0,30,,85639,19,,,0
301,'S2-4_4',728,,85668,19,,,0,21,,85642,19,,,0,74,,85669,19,,,0,33,,85643,19,,,0,70,,85644,19,,,0,31,,85645,19,,,0,72,,85646,19,,,0,72,,85647,19,,,0,33,,85648,19,,,0,73,,85649,19,,,0,32,,85650,19,,,0,71,,85651,19,,,0,33,,85652,19,,,0,72,,85653,19,,,0,31,,85654,19,,,0,70,,85655,19,,,0,27,,85656,19,,,0,67,,85657,19,,,0,31,,85658,19,,,0,70,,85659,19,,,0,30,,85660,19,,,0,70,,85661,19,,,0,25,,85662,19,,,0,64,,85663,19,,,0,24,,85664,19,,,0,29,,85665,19,,,0,68,,85666,19,,,0,30,,85667,19,,,0
2900301,'S2-0_4',1718,,91370,5,,,0,28,,91371,5,,,0,73,,91372,5,,,0,23,,91373,5,,,0
2900301,'S2-0_5',1718,,91374,5,,,0,28,,91375,5,,,0,73,,91376,5,,,0,23,,91377,5,,,0
2900301,'S2-1_3',1718,,91378,5,,,0,28,,91379,5,,,0,73,,91380,5,,,0,23,,91381,5,,,0
2900301,'S2-4_1',1718,,91382,5,,,0,28,,91383,5,,,0,73,,91384,5,,,0,23,,91385,5,,,0
2900301,'S2-4_2',1718,,91386,5,,,0,28,,91387,5,,,0,73,,91388,5,,,0,23,,91389,5,,,0
2900301,'S2-4_4',1718,,91390,5,,,0,28,,91391,5,,,0,73,,91392,5,,,0,23,,91393,5,,,0
