600,'S2-0_4',654,,86324,9,,,0,59,,86338,9,0,11 12,0,92,,86325,9,,,0,109,,86326,9,0,11 12,0,101,,86327,9,0,11 12,0,91,,86328,9,0,11 12,0,111,,86329,9,0,11 12,0,106,,86330,9,0,11 12,0,96,,86339,9,0,11 12,0,92,,86331,9,0,11 12,0,94,,86332,9,0,11 12,0,39,,86333,9,0,11 12,0,86,,86334,9,0,11 12,0,77,,86335,9,0,11 12,0,32,,86336,9,0,11 12,0,83,,86337,9,0,11 12,0
600,'S2-0_5',654,,86340,9,,,0,59,,86354,9,0,11 12,0,92,,86341,9,,,0,109,,86342,9,0,11 12,0,101,,86343,9,0,11 12,0,91,,86344,9,0,11 12,0,111,,86345,9,0,11 12,0,106,,86346,9,0,11 12,0,96,,86355,9,0,11 12,0,92,,86347,9,0,11 12,0,94,,86348,9,0,11 12,0,39,,86349,9,0,11 12,0,86,,86350,9,0,11 12,0,77,,86351,9,0,11 12,0,32,,86352,9,0,11 12,0,83,,86353,9,0,11 12,0
600,'S2-1_3',654,,86356,9,,,0,59,,86370,9,0,11 12,0,92,,86357,9,,,0,109,,86358,9,0,11 12,0,101,,86359,9,0,11 12,0,91,,86360,9,0,11 12,0,111,,86361,9,0,11 12,0,106,,86362,9,0,11 12,0,96,,86371,9,0,11 12,0,92,,86363,9,0,11 12,0,94,,86364,9,0,11 12,0,39,,86365,9,0,11 12,0,86,,86366,9,0,11 12,0,77,,86367,9,0,11 12,0,32,,86368,9,0,11 12,0,83,,86369,9,0,11 12,0
600,'S2-2_6',743,,86372,9,0,11 12,0,93,,86374,9,0,11 12,0,91,,86375,9,0,11 12,0,86,,86376,9,0,11 12,0,90,,86377,9,0,11 12,0,51,,86378,9,0,11 12,0,88,,86379,9,0,11 12,0,90,,86380,9,0,11 12,0,87,,86381,9,0,11 12,0,98,,86382,9,0,11 12,0,89,,86383,9,0,11 12,0,50,,86384,9,0,11 12,0,91,,86385,9,0,11 12,0,96,,86386,9,0,11 12,0,82,,86373,9,0,11 12,0
600,'S2-4_1',654,,86387,9,,,0,59,,86401,9,0,11 12,0,92,,86388,9,,,0,109,,86389,9,0,11 12,0,101,,86390,9,0,11 12,0,91,,86391,9,0,11 12,0,111,,86392,9,0,11 12,0,106,,86393,9,0,11 12,0,96,,86402,9,0,11 12,0,92,,86394,9,0,11 12,0,94,,86395,9,0,11 12,0,39,,86396,9,0,11 12,0,86,,86397,9,0,11 12,0,77,,86398,9,0,11 12,0,32,,86399,9,0,11 12,0,83,,86400,9,0,11 12,0
600,'S2-4_2',654,,86403,9,,,0,59,,86417,9,0,11 12,0,92,,86404,9,,,0,109,,86405,9,0,11 12,0,101,,86406,9,0,11 12,0,91,,86407,9,0,11 12,0,111,,86408,9,0,11 12,0,106,,86409,9,0,11 12,0,96,,86418,9,0,11 12,0,92,,86410,9,0,11 12,0,94,,86411,9,0,11 12,0,39,,86412,9,0,11 12,0,86,,86413,9,0,11 12,0,77,,86414,9,0,11 12,0,32,,86415,9,0,11 12,0,83,,86416,9,0,11 12,0
600,'S2-4_4',654,,86419,9,,,0,59,,86433,9,0,11 12,0,92,,86420,9,,,0,109,,86421,9,0,11 12,0,101,,86422,9,0,11 12,0,91,,86423,9,0,11 12,0,111,,86424,9,0,11 12,0,106,,86425,9,0,11 12,0,96,,86434,9,0,11 12,0,92,,86426,9,0,11 12,0,94,,86427,9,0,11 12,0,39,,86428,9,0,11 12,0,86,,86429,9,0,11 12,0,77,,86430,9,0,11 12,0,32,,86431,9,0,11 12,0,83,,86432,9,0,11 12,0
2900600,'S2-0_4',706,,91443,9,,,0,115,,91444,9,,,0
2900600,'S2-0_5',706,,91445,9,,,0,115,,91446,9,,,0
2900600,'S2-1_3',706,,91447,9,,,0,115,,91448,9,,,0
2900600,'S2-4_1',706,,91449,9,,,0,115,,91450,9,,,0
2900600,'S2-4_2',706,,91451,9,,,0,115,,91452,9,,,0
2900600,'S2-4_4',706,,91453,9,,,0,115,,91454,9,,,0
