401,'S2-0_4',845,,85930,54,,,0,296,,85932,52,,,0,118,,85931,54,,,0,141,,85933,52,,,0,140,,85934,52,,,0,274,,85929,55,,,0,145,,85935,52,,,0
401,'S2-0_5',845,,85962,54,,,0,296,,85964,52,,,0,118,,85963,54,,,0,141,,85965,52,,,0,140,,85966,52,,,0,274,,85961,55,,,0,145,,85967,52,,,0
401,'S2-1_3',845,,85994,54,,,0,296,,85996,52,,,0,118,,85995,54,,,0,141,,85997,52,,,0,140,,85998,52,,,0,274,,85993,55,,,0,145,,85999,52,,,0
401,'S2-2_6',744,,86001,52,,,0,189,,86002,52,,,0,202,,86003,52,,,0,201,,86004,52,,,0,199,,86005,52,,,0,206,,86006,52,,,0,272,,86007,52,,,0
401,'S2-3_7',1014,,86025,52,,,0,125,,86026,52,,,0,166,,86027,52,,,0,200,,86028,52,,,0,125,,86029,52,,,0,125,,86030,52,,,0,165,,86031,52,,,0
401,'S2-4_1',845,,86057,54,,,0,296,,86059,52,,,0,118,,86058,54,,,0,141,,86060,52,,,0,140,,86061,52,,,0,274,,86056,55,,,0,145,,86062,52,,,0
401,'S2-4_2',845,,86089,54,,,0,296,,86091,52,,,0,118,,86090,54,,,0,141,,86092,52,,,0,140,,86093,52,,,0,274,,86088,55,,,0,145,,86094,52,,,0
401,'S2-4_4',845,,86121,54,,,0,296,,86123,52,,,0,118,,86122,54,,,0,141,,86124,52,,,0,140,,86125,52,,,0,274,,86120,55,,,0,145,,86126,52,,,0
501,'S2-0_4',946,,86230,29,,,0,105,,86231,29,,,0,101,,86232,29,,,0,85,,86233,29,,,0,94,,86234,29,,,0,98,,86235,29,,,0,103,,86236,29,,,0,103,,86237,29,,,0,66,,86239,29,4,,0,41,,86238,29,,,0,68,,86240,29,4,,0,33,,86242,29,,,0,58,,86241,29,4,,0,108,,86243,29,,,0
501,'S2-0_5',946,,86244,29,,,0,105,,86245,29,,,0,101,,86246,29,,,0,85,,86247,29,,,0,94,,86248,29,,,0,98,,86249,29,,,0,103,,86250,29,,,0,103,,86251,29,,,0,66,,86253,29,4,,0,41,,86252,29,,,0,68,,86254,29,4,,0,33,,86256,29,,,0,58,,86255,29,4,,0,108,,86257,29,,,0
501,'S2-1_3',946,,86258,29,,,0,105,,86259,29,,,0,101,,86260,29,,,0,85,,86261,29,,,0,64,,86267,29,4,,0,30,,86262,29,,,0,98,,86263,29,,,0,103,,86264,29,,,0,103,,86265,29,,,0,107,,86266,29,,,0,101,,86268,29,,,0,166,,86269,29,,,0
501,'S2-2_6',835,,86270,29,,,0,101,,86271,29,,,0,101,,86272,29,,,0,100,,86273,29,,,0,100,,86274,29,,,0,93,,86275,29,,,0,100,,86276,29,,,0,100,,86277,29,,,0,100,,86278,29,,,0,103,,86279,29,,,0,98,,86280,29,,,0,186,,86281,29,,,0
501,'S2-4_1',946,,86282,29,,,0,105,,86283,29,,,0,101,,86284,29,,,0,85,,86285,29,,,0,94,,86286,29,,,0,98,,86287,29,,,0,103,,86288,29,,,0,103,,86289,29,,,0,66,,86291,29,4,,0,41,,86290,29,,,0,68,,86292,29,4,,0,33,,86294,29,,,0,58,,86293,29,4,,0,108,,86295,29,,,0
501,'S2-4_2',946,,86296,29,,,0,105,,86297,29,,,0,101,,86298,29,,,0,85,,86299,29,,,0,94,,86300,29,,,0,98,,86301,29,,,0,103,,86302,29,,,0,103,,86303,29,,,0,66,,86305,29,4,,0,41,,86304,29,,,0,68,,86306,29,4,,0,33,,86308,29,,,0,58,,86307,29,4,,0,108,,86309,29,,,0
501,'S2-4_4',946,,86310,29,,,0,105,,86311,29,,,0,101,,86312,29,,,0,85,,86313,29,,,0,94,,86314,29,,,0,98,,86315,29,,,0,103,,86316,29,,,0,103,,86317,29,,,0,66,,86319,29,4,,0,41,,86318,29,,,0,68,,86320,29,4,,0,33,,86322,29,,,0,58,,86321,29,4,,0,108,,86323,29,,,0
2901201,'S2-0_4',1655,,91504,6,,,0,145,,91505,6,,,0,100,,91503,6,,,0
2901201,'S2-0_5',1655,,91507,6,,,0,145,,91508,6,,,0,100,,91506,6,,,0
2901201,'S2-1_3',1300,,91510,6,,,0,355,,91511,6,,,0,145,,91512,6,,,0,100,,91509,6,,,0
2901201,'S2-4_1',1655,,91514,6,,,0,145,,91515,6,,,0,100,,91513,6,,,0
2901201,'S2-4_2',1655,,91517,6,,,0,145,,91518,6,,,0,100,,91516,6,,,0
2901201,'S2-4_4',1655,,91520,6,,,0,145,,91521,6,,,0,100,,91519,6,,,0
