501,'S2-0_4',1001,,86230,42,,,0,106,,86231,42,,,0,101,,86232,42,,,0,45,,86233,42,,,0,94,,86234,42,,,0,98,,86235,42,,,0,103,,86236,42,,,0,103,,86237,42,,,0,107,,86238,42,,,0,100,,86242,42,,,0,164,,86243,42,,,0
501,'S2-0_5',1001,,86244,42,,,0,106,,86245,42,,,0,101,,86246,42,,,0,45,,86247,42,,,0,94,,86248,42,,,0,98,,86249,42,,,0,103,,86250,42,,,0,103,,86251,42,,,0,107,,86252,42,,,0,100,,86256,42,,,0,164,,86257,42,,,0
501,'S2-1_3',1001,,86258,42,,,0,106,,86259,42,,,0,101,,86260,42,,,0,45,,86261,42,,,0,94,,86262,42,,,0,98,,86263,42,,,0,103,,86264,42,,,0,103,,86265,42,,,0,107,,86266,42,,,0,100,,86268,42,,,0,164,,86269,42,,,0
501,'S2-2_6',851,,86270,42,,,0,101,,86271,42,,,0,101,,86272,42,,,0,100,,86273,42,,,0,99,,86274,42,,,0,94,,86275,42,,,0,99,,86276,42,,,0,101,,86277,42,,,0,99,,86278,42,,,0,105,,86279,42,,,0,97,,86280,42,,,0,185,,86281,42,,,0
501,'S2-4_1',1001,,86282,42,,,0,106,,86283,42,,,0,101,,86284,42,,,0,45,,86285,42,,,0,94,,86286,42,,,0,98,,86287,42,,,0,103,,86288,42,,,0,103,,86289,42,,,0,107,,86290,42,,,0,100,,86294,42,,,0,164,,86295,42,,,0
501,'S2-4_2',1001,,86296,42,,,0,106,,86297,42,,,0,101,,86298,42,,,0,45,,86299,42,,,0,94,,86300,42,,,0,98,,86301,42,,,0,103,,86302,42,,,0,103,,86303,42,,,0,107,,86304,42,,,0,100,,86308,42,,,0,164,,86309,42,,,0
501,'S2-4_4',1001,,86310,42,,,0,106,,86311,42,,,0,101,,86312,42,,,0,45,,86313,42,,,0,94,,86314,42,,,0,98,,86315,42,,,0,103,,86316,42,,,0,103,,86317,42,,,0,107,,86318,42,,,0,100,,86322,42,,,0,164,,86323,42,,,0
2900501,'S2-0_4',1759,,91430,15,,,0,150,,91431,15,,,0
2900501,'S2-0_5',1759,,91432,15,,,0,150,,91433,15,,,0
2900501,'S2-1_3',1305,,91434,15,,,0,454,,91435,15,,,0,150,,91436,15,,,0
2900501,'S2-4_1',1759,,91437,15,,,0,150,,91438,15,,,0
2900501,'S2-4_2',1759,,91439,15,,,0,150,,91440,15,,,0
2900501,'S2-4_4',1759,,91441,15,,,0,150,,91442,15,,,0
