601,'S2-0_4',1620,,86444,1,,,0,104,,86445,1,,,0,32,,86451,1,,,0
601,'S2-0_5',1620,,86462,1,,,0,104,,86463,1,,,0,32,,86469,1,,,0
601,'S2-1_3',1158,,86476,1,,,0,462,,86481,1,,,0,104,,86482,1,,,0,32,,86488,1,,,0
601,'S2-4_1',1620,,86513,1,,,0,104,,86514,1,,,0,32,,86520,1,,,0
601,'S2-4_2',1620,,86531,1,,,0,104,,86532,1,,,0,32,,86538,1,,,0
601,'S2-4_4',1620,,86549,1,,,0,104,,86550,1,,,0,32,,86556,1,,,0
2300,'S2-0_4',1608,,88084,4,,,0,101,,88085,4,,,0,99,,88086,4,,,0
2300,'S2-0_5',1608,,88087,4,,,0,101,,88088,4,,,0,99,,88089,4,,,0
2300,'S2-1_3',1212,,88091,4,,,0,3,,88090,4,,,0
2300,'S2-4_1',1608,,88092,4,,,0,101,,88093,4,,,0,99,,88094,4,,,0
2300,'S2-4_2',1608,,88095,4,,,0,101,,88096,4,,,0,99,,88097,4,,,0
2300,'S2-4_4',1608,,88098,4,,,0,101,,88099,4,,,0,99,,88100,4,,,0
