400,'S2-0_4',734,,85693,28,0,43,0,15,,85701,28,0,40,0,55,,85670,28,0,40,0,13,,85671,28,0,40,0,14,,85695,28,0,40,0,15,,85672,28,0,40,0,13,,85673,28,0,40,0,71,,85674,28,0,40,0,79,,85675,40,0,40,0,31,,85676,28,0,40,0,71,,85677,28,0,40,0,36,,85678,28,0,40,0,76,,85679,28,0,40,0,22,,85699,28,,,0,65,,85696,40,0,40,0,30,,85680,28,0,40,0,67,,85681,28,0,40,0,30,,85684,40,0,40,0,75,,85682,28,0,40,0,30,,85685,40,0,40,0,76,,85683,28,0,40,0,29,,85702,28,0,40,0,69,,85686,40,0,40,0,5,,85697,12,0,40,0,14,,85687,28,0,40,0,13,,85703,28,,,0,54,,85689,28,0,40,0,25,,85692,12,0,40,0,19,,85700,28,,,0,75,,85690,28,0,40,0,23,,85691,40,0,40,0
400,'S2-0_5',734,,85727,28,0,43,0,15,,85735,28,0,40,0,55,,85704,28,0,40,0,13,,85705,28,0,40,0,14,,85729,28,0,40,0,15,,85706,28,0,40,0,13,,85707,28,0,40,0,71,,85708,28,0,40,0,79,,85709,40,0,40,0,31,,85710,28,0,40,0,71,,85711,28,0,40,0,36,,85712,28,0,40,0,76,,85713,28,0,40,0,22,,85733,28,,,0,65,,85730,40,0,40,0,30,,85714,28,0,40,0,67,,85715,28,0,40,0,30,,85718,40,0,40,0,75,,85716,28,0,40,0,30,,85719,40,0,40,0,76,,85717,28,0,40,0,29,,85736,28,0,40,0,69,,85720,40,0,40,0,5,,85731,12,0,40,0,14,,85721,28,0,40,0,13,,85737,28,,,0,54,,85723,28,0,40,0,25,,85726,12,0,40,0,19,,85734,28,,,0,75,,85724,28,0,40,0,23,,85725,40,0,40,0
400,'S2-1_3',734,,85760,28,0,43,0,15,,85768,28,0,40,0,55,,85738,28,0,40,0,13,,85739,28,0,40,0,14,,85762,28,0,40,0,15,,85740,28,0,40,0,13,,85741,28,0,40,0,71,,85742,28,0,40,0,79,,85743,40,0,40,0,31,,85744,28,0,40,0,71,,85745,28,0,40,0,36,,85746,28,0,40,0,76,,85747,28,0,40,0,22,,85766,28,,,0,65,,85763,40,0,40,0,30,,85748,28,0,40,0,67,,85749,28,0,40,0,30,,85752,40,0,40,0,75,,85750,28,0,40,0,30,,85753,40,0,40,0,76,,85751,28,0,40,0,29,,85769,28,0,40,0,69,,85754,40,0,40,0,5,,85764,12,0,40,0,14,,85755,28,0,40,0,13,,85770,28,,,0,54,,85757,28,0,40,0,25,,85756,40,0,40,0,19,,85767,28,,,0,75,,85758,28,0,40,0,23,,85759,40,0,40,0
400,'S2-2_6',730,,85777,28,0,40,0,105,,85778,28,0,40,0,73,,85771,40,0,40,0,27,,85779,28,0,40,0,72,,85780,28,0,40,0,30,,85781,28,0,40,0,71,,85772,40,0,40,0,31,,85782,28,0,40,0,69,,85784,28,0,40,0,30,,85783,28,0,40,0,69,,85773,40,0,40,0,31,,85785,28,0,40,0,70,,85786,28,0,40,0,29,,85787,28,0,40,0,73,,85774,40,0,40,0,32,,85788,28,0,40,0,69,,85789,28,0,40,0,30,,85790,28,0,40,0,72,,85775,40,0,40,0,35,,85791,28,0,40,0,70,,85792,28,0,40,0,31,,85793,28,0,40,0,69,,85776,40,0,40,0,31,,85794,28,0,40,0
400,'S2-3_7',844,,85795,40,0,40,0,165,,85796,40,0,40,0,125,,85797,40,0,40,0,200,,85798,40,0,40,0,166,,85799,40,0,40,0,125,,85800,40,0,40,0,126,,85801,40,0,40,0,164,,85802,40,0,40,0
400,'S2-4_1',734,,85826,28,0,43,0,15,,85834,28,0,40,0,55,,85803,28,0,40,0,13,,85804,28,0,40,0,14,,85828,28,0,40,0,15,,85805,28,0,40,0,13,,85806,28,0,40,0,71,,85807,28,0,40,0,79,,85808,40,0,40,0,31,,85809,28,0,40,0,71,,85810,28,0,40,0,36,,85811,28,0,40,0,76,,85812,28,0,40,0,22,,85832,28,,,0,65,,85829,40,0,40,0,30,,85813,28,0,40,0,67,,85814,28,0,40,0,30,,85817,40,0,40,0,75,,85815,28,0,40,0,30,,85818,40,0,40,0,76,,85816,28,0,40,0,29,,85835,28,0,40,0,69,,85819,40,0,40,0,5,,85830,12,0,40,0,14,,85820,28,0,40,0,13,,85836,28,,,0,54,,85822,28,0,40,0,25,,85825,12,0,40,0,19,,85833,28,,,0,75,,85823,28,0,40,0,23,,85824,40,0,40,0
400,'S2-4_2',734,,85860,28,0,43,0,15,,85868,28,0,40,0,55,,85837,28,0,40,0,13,,85838,28,0,40,0,14,,85862,28,0,40,0,15,,85839,28,0,40,0,13,,85840,28,0,40,0,71,,85841,28,0,40,0,79,,85842,40,0,40,0,31,,85843,28,0,40,0,71,,85844,28,0,40,0,36,,85845,28,0,40,0,76,,85846,28,0,40,0,22,,85866,28,,,0,65,,85863,40,0,40,0,30,,85847,28,0,40,0,67,,85848,28,0,40,0,30,,85851,40,0,40,0,75,,85849,28,0,40,0,30,,85852,40,0,40,0,76,,85850,28,0,40,0,29,,85869,28,0,40,0,69,,85853,40,0,40,0,5,,85864,12,0,40,0,14,,85854,28,0,40,0,13,,85870,28,,,0,54,,85856,28,0,40,0,25,,85859,12,0,40,0,19,,85867,28,,,0,75,,85857,28,0,40,0,23,,85858,40,0,40,0
400,'S2-4_4',734,,85894,28,0,43,0,15,,85902,28,0,40,0,55,,85871,28,0,40,0,13,,85872,28,0,40,0,14,,85896,28,0,40,0,15,,85873,28,0,40,0,13,,85874,28,0,40,0,71,,85875,28,0,40,0,79,,85876,40,0,40,0,31,,85877,28,0,40,0,71,,85878,28,0,40,0,36,,85879,28,0,40,0,76,,85880,28,0,40,0,22,,85900,28,,,0,65,,85897,40,0,40,0,30,,85881,28,0,40,0,67,,85882,28,0,40,0,30,,85885,40,0,40,0,75,,85883,28,0,40,0,30,,85886,40,0,40,0,76,,85884,28,0,40,0,29,,85903,28,0,40,0,69,,85887,40,0,40,0,5,,85898,12,0,40,0,14,,85888,28,0,40,0,13,,85904,28,,,0,54,,85890,28,0,40,0,25,,85893,12,0,40,0,19,,85901,28,,,0,75,,85891,28,0,40,0,23,,85892,40,0,40,0
2300,'S2-0_4',1611,,88084,9,,,0,103,,88085,9,,,0,98,,88086,9,,,0
2300,'S2-0_5',1611,,88087,9,,,0,103,,88088,9,,,0,98,,88089,9,,,0
2300,'S2-1_3',1217,,88091,9,,,0,3,,88090,9,,,0
2300,'S2-4_1',1611,,88092,9,,,0,103,,88093,9,,,0,98,,88094,9,,,0
2300,'S2-4_2',1611,,88095,9,,,0,103,,88096,9,,,0,98,,88097,9,,,0
2300,'S2-4_4',1611,,88098,9,,,0,103,,88099,9,,,0,98,,88100,9,,,0
