300,'S2-0_4',701,,85225,22,,,0,25,,85226,22,,,0,31,,85227,22,,,0,64,,85228,22,,,0,25,,85229,22,,,0,70,,85230,22,,,0,32,,85231,22,,,0,72,,85232,22,,,0,32,,85233,22,,,0,72,,85234,22,,,0,32,,85235,22,,,0,72,,85236,22,,,0,72,,85237,22,,,0,32,,85238,22,,,0,72,,85239,22,,,0,33,,85240,22,,,0,72,,85241,22,,,0,33,,85242,22,,,0,70,,85244,22,,,0,27,,85245,22,,,0,68,,85246,22,,,0,28,,85247,22,,,0,70,,85248,22,,,0,30,,85252,22,,,0,71,,85249,22,,,0,31,,85250,22,,,0,73,,85251,22,,,0,30,,85243,22,,,0
300,'S2-0_5',701,,85253,22,,,0,25,,85254,22,,,0,31,,85255,22,,,0,64,,85256,22,,,0,25,,85257,22,,,0,70,,85258,22,,,0,32,,85259,22,,,0,72,,85260,22,,,0,32,,85261,22,,,0,72,,85262,22,,,0,32,,85263,22,,,0,72,,85264,22,,,0,72,,85265,22,,,0,32,,85266,22,,,0,72,,85267,22,,,0,33,,85268,22,,,0,72,,85269,22,,,0,33,,85270,22,,,0,70,,85272,22,,,0,27,,85273,22,,,0,68,,85274,22,,,0,28,,85275,22,,,0,70,,85276,22,,,0,30,,85280,22,,,0,71,,85277,22,,,0,31,,85278,22,,,0,73,,85279,22,,,0,30,,85271,22,,,0
300,'S2-1_3',701,,85281,22,,,0,25,,85282,22,,,0,31,,85283,22,,,0,64,,85284,22,,,0,25,,85285,22,,,0,70,,85286,22,,,0,32,,85287,22,,,0,72,,85288,22,,,0,32,,85289,22,,,0,72,,85290,22,,,0,32,,85291,22,,,0,72,,85292,22,,,0,72,,85293,22,,,0,32,,85294,22,,,0,72,,85295,22,,,0,33,,85296,22,,,0,72,,85297,22,,,0,33,,85298,22,,,0,70,,85300,22,,,0,27,,85301,22,,,0,68,,85302,22,,,0,28,,85303,22,,,0,70,,85304,22,,,0,30,,85308,22,,,0,71,,85305,22,,,0,31,,85306,22,,,0,73,,85307,22,,,0,30,,85299,22,,,0
300,'S2-2_6',703,,85309,22,,,0,30,,85311,22,,,0,69,,85312,22,,,0,30,,85310,22,,,0,70,,85314,22,,,0,29,,85315,22,,,0,69,,85313,22,,,0,31,,85316,22,,,0,70,,85317,22,,,0,30,,85320,22,,,0,69,,85319,22,,,0,29,,85318,22,,,0,28,,85322,22,,,0,70,,85321,22,,,0,30,,85323,22,,,0,69,,85324,22,,,0,32,,85325,22,,,0,72,,85326,22,,,0,71,,85327,22,,,0,31,,85328,22,,,0,72,,85329,22,,,0,32,,85330,22,,,0,70,,85331,22,,,0,31,,85336,22,,,0,71,,85332,22,,,0,30,,85333,22,,,0,65,,85334,22,,,0,30,,85335,22,,,0
300,'S2-3_7',907,,85359,22,,,0,32,,85360,22,,,0,75,,85361,22,,,0,34,,85362,22,,,0,72,,85353,22,,,0,33,,85358,22,,,0,73,,85357,22,,,0,33,,85356,22,,,0,72,,85355,22,,,0,71,,85337,22,,,0,28,,85338,22,,,0,29,,85339,22,,,0,68,,85340,22,,,0,28,,85341,22,,,0,69,,85342,22,,,0,32,,85343,22,,,0,68,,85344,22,,,0,27,,85345,22,,,0,68,,85346,22,,,0,29,,85347,22,,,0,67,,85348,22,,,0,26,,85349,22,,,0,65,,85350,22,,,0,24,,85351,22,,,0,24,,85354,22,,,0,66,,85352,22,,,0
300,'S2-4_1',701,,85363,22,,,0,25,,85364,22,,,0,31,,85365,22,,,0,64,,85366,22,,,0,25,,85367,22,,,0,70,,85368,22,,,0,32,,85369,22,,,0,72,,85370,22,,,0,32,,85371,22,,,0,72,,85372,22,,,0,32,,85373,22,,,0,72,,85374,22,,,0,72,,85375,22,,,0,32,,85376,22,,,0,72,,85377,22,,,0,33,,85378,22,,,0,72,,85379,22,,,0,33,,85380,22,,,0,70,,85382,22,,,0,27,,85383,22,,,0,68,,85384,22,,,0,28,,85385,22,,,0,70,,85386,22,,,0,30,,85390,22,,,0,71,,85387,22,,,0,31,,85388,22,,,0,73,,85389,22,,,0,30,,85381,22,,,0
300,'S2-4_2',701,,85391,22,,,0,25,,85392,22,,,0,31,,85393,22,,,0,64,,85394,22,,,0,25,,85395,22,,,0,70,,85396,22,,,0,32,,85397,22,,,0,72,,85398,22,,,0,32,,85399,22,,,0,72,,85400,22,,,0,32,,85401,22,,,0,72,,85402,22,,,0,72,,85403,22,,,0,32,,85404,22,,,0,72,,85405,22,,,0,33,,85406,22,,,0,72,,85407,22,,,0,33,,85408,22,,,0,70,,85410,22,,,0,27,,85411,22,,,0,68,,85412,22,,,0,28,,85413,22,,,0,70,,85414,22,,,0,30,,85418,22,,,0,71,,85415,22,,,0,31,,85416,22,,,0,73,,85417,22,,,0,30,,85409,22,,,0
300,'S2-4_4',701,,85419,22,,,0,25,,85420,22,,,0,31,,85421,22,,,0,64,,85422,22,,,0,25,,85423,22,,,0,70,,85424,22,,,0,32,,85425,22,,,0,72,,85426,22,,,0,32,,85427,22,,,0,72,,85428,22,,,0,32,,85429,22,,,0,72,,85430,22,,,0,72,,85431,22,,,0,32,,85432,22,,,0,72,,85433,22,,,0,33,,85434,22,,,0,72,,85435,22,,,0,33,,85436,22,,,0,70,,85438,22,,,0,27,,85439,22,,,0,68,,85440,22,,,0,28,,85441,22,,,0,70,,85442,22,,,0,30,,85446,22,,,0,71,,85443,22,,,0,31,,85444,22,,,0,73,,85445,22,,,0,30,,85437,22,,,0
2900300,'S2-0_4',717,,91352,14,,,0,30,,91353,14,,,0,69,,91354,14,,,0
2900300,'S2-0_5',717,,91355,14,,,0,30,,91356,14,,,0,69,,91357,14,,,0
2900300,'S2-1_3',717,,91358,14,,,0,30,,91359,14,,,0,69,,91360,14,,,0
2900300,'S2-4_1',717,,91361,14,,,0,30,,91362,14,,,0,69,,91363,14,,,0
2900300,'S2-4_2',717,,91364,14,,,0,30,,91365,14,,,0,69,,91366,14,,,0
2900300,'S2-4_4',717,,91367,14,,,0,30,,91368,14,,,0,69,,91369,14,,,0
