2400,'S2-0_4',732,,88119,8,,,0,868,,88120,3,,,0,103,,88121,3,,,0,55,,88122,3,,,0
2400,'S2-0_5',732,,88123,8,,,0,868,,88124,3,,,0,103,,88125,3,,,0,55,,88126,3,,,0
2400,'S2-1_3',732,,88127,8,,,0,490,,88128,3,,,0
2400,'S2-4_1',732,,88129,8,,,0,868,,88130,3,,,0,103,,88131,3,,,0,55,,88132,3,,,0
2400,'S2-4_2',732,,88133,8,,,0,868,,88134,3,,,0,103,,88135,3,,,0,55,,88136,3,,,0
2400,'S2-4_4',732,,88137,8,,,0,868,,88138,3,,,0,103,,88139,3,,,0,55,,88140,3,,,0
2000000,'S2-0_4',642,,90554,5,,,0,61,,90536,5,,,0,16,,90564,5,,,0,14,,90520,5,,,0,15,,90547,5,,,0,55,,90529,5,,,0,15,,90556,5,,,0,15,,90539,5,,,0,16,,90567,5,,,0,57,,90521,5,,,0,16,,90552,5,,,0,15,,90530,5,,,0,16,,90557,5,,,0,55,,90537,5,,,0,16,,90565,5,,,0,16,,90522,5,,,0,16,,90553,5,,,0,55,,90531,5,,,0,16,,90558,5,,,0,17,,90538,5,,,0,14,,90568,5,,,0,57,,90523,5,,,0,14,,90546,5,,,0,16,,90532,5,,,0,55,,90555,5,,,0,15,,90540,5,,,0,15,,90566,5,,,0,15,,90525,5,,,0,55,,90548,5,,,0,15,,90535,5,,,0,15,,90560,5,,,0,15,,90541,5,,,0,14,,90569,5,,,0,55,,90526,5,,,0,15,,90549,5,,,0,16,,90534,5,,,0,7,,90517,3,0,9 10,0,48,,90559,5,,,0,14,,90542,5,,,0,16,,90518,5,,,0,13,,90570,5,,,0,15,,90516,3,0,9 10,0,43,,90524,5,,,0,14,,90551,5,,,0,17,,90533,5,,,0,15,,90561,5,,,0,10,,90573,3,0,9 10,0,46,,90544,5,,,0,14,,90519,5,,,0,15,,90571,5,,,0,15,,90527,5,,,0,55,,90550,5,,,0,14,,90562,5,,,0,19,,90543,5,,,0,22,,90572,5,,,0,61,,90528,5,,,0,19,,90563,5,,,0,21,,90545,5,,,0
2000000,'S2-0_5',642,,90613,5,,,0,61,,90595,5,,,0,16,,90623,5,,,0,14,,90579,5,,,0,15,,90606,5,,,0,55,,90588,5,,,0,15,,90615,5,,,0,15,,90598,5,,,0,16,,90626,5,,,0,57,,90580,5,,,0,16,,90611,5,,,0,15,,90589,5,,,0,16,,90616,5,,,0,55,,90596,5,,,0,16,,90624,5,,,0,16,,90581,5,,,0,16,,90612,5,,,0,55,,90590,5,,,0,16,,90617,5,,,0,17,,90597,5,,,0,14,,90627,5,,,0,57,,90582,5,,,0,14,,90605,5,,,0,16,,90591,5,,,0,55,,90614,5,,,0,15,,90599,5,,,0,15,,90625,5,,,0,15,,90584,5,,,0,55,,90607,5,,,0,15,,90594,5,,,0,15,,90619,5,,,0,15,,90600,5,,,0,14,,90628,5,,,0,55,,90585,5,,,0,15,,90608,5,,,0,16,,90593,5,,,0,7,,90576,3,0,9 10,0,48,,90618,5,,,0,14,,90601,5,,,0,16,,90577,5,,,0,13,,90629,5,,,0,15,,90575,3,0,9 10,0,43,,90583,5,,,0,14,,90610,5,,,0,17,,90592,5,,,0,15,,90620,5,,,0,10,,90632,3,0,9 10,0,46,,90603,5,,,0,14,,90578,5,,,0,15,,90630,5,,,0,15,,90586,5,,,0,55,,90609,5,,,0,14,,90621,5,,,0,19,,90602,5,,,0,22,,90631,5,,,0,61,,90587,5,,,0,19,,90622,5,,,0,21,,90604,5,,,0
2000000,'S2-1_3',642,,90671,5,,,0,61,,90653,5,,,0,16,,90681,5,,,0,14,,90637,5,,,0,15,,90664,5,,,0,55,,90646,5,,,0,15,,90673,5,,,0,15,,90656,5,,,0,16,,90684,5,,,0,57,,90638,5,,,0,16,,90669,5,,,0,15,,90647,5,,,0,16,,90674,5,,,0,55,,90654,5,,,0,16,,90682,5,,,0,16,,90639,5,,,0,16,,90670,5,,,0,55,,90648,5,,,0,16,,90675,5,,,0,17,,90655,5,,,0,14,,90685,5,,,0,49,,90690,3,0,9 10,0,3,,90634,3,0,9 10,0,2,,90633,3,0,9 10,0,3,,90640,5,,,0,14,,90663,5,,,0,16,,90649,5,,,0,55,,90672,5,,,0,15,,90657,5,,,0,15,,90683,5,,,0,15,,90642,5,,,0,55,,90665,5,,,0,15,,90652,5,,,0,15,,90677,5,,,0,15,,90658,5,,,0,14,,90686,5,,,0,55,,90643,5,,,0,15,,90666,5,,,0,16,,90651,5,,,0,55,,90676,5,,,0,14,,90659,5,,,0,16,,90635,5,,,0,13,,90687,5,,,0,58,,90641,5,,,0,14,,90668,5,,,0,17,,90650,5,,,0,15,,90678,5,,,0,56,,90661,5,,,0,14,,90636,5,,,0,15,,90688,5,,,0,15,,90644,5,,,0,55,,90667,5,,,0,14,,90679,5,,,0,19,,90660,5,,,0,22,,90689,5,,,0,61,,90645,5,,,0,19,,90680,5,,,0,21,,90662,5,,,0
2000000,'S2-2_6',639,,90691,5,,,0,81,,90692,5,,,0,39,,90693,5,,,0,68,,90694,5,,,0,21,,90695,5,,,0,60,,90696,5,,,0,17,,90697,5,,,0,18,,90698,5,,,0,59,,90699,5,,,0,20,,90700,5,,,0,19,,90701,5,,,0,59,,90702,5,,,0,19,,90703,5,,,0,20,,90704,5,,,0,19,,90705,5,,,0,59,,90706,5,,,0,18,,90707,5,,,0,19,,90708,5,,,0,59,,90709,5,,,0,19,,90710,5,,,0,18,,90711,5,,,0,59,,90712,5,,,0,20,,90713,5,,,0,20,,90714,5,,,0,59,,90715,5,,,0,19,,90716,5,,,0,20,,90717,5,,,0,60,,90718,5,,,0,20,,90719,5,,,0,20,,90720,5,,,0,59,,90721,5,,,0,20,,90722,5,,,0,20,,90723,5,,,0,60,,90724,5,,,0,18,,90725,5,,,0,20,,90726,5,,,0,64,,90727,5,,,0,25,,90728,5,,,0,25,,90729,5,,,0,65,,90730,5,,,0,25,,90731,5,,,0
2000000,'S2-3_7',815,,90732,5,,,0,40,,90733,5,,,0,80,,90734,5,,,0,80,,90735,5,,,0,40,,90736,5,,,0,80,,90737,5,,,0,80,,90738,5,,,0,40,,90739,5,,,0,80,,90740,5,,,0,80,,90741,5,,,0,40,,90742,5,,,0,80,,90743,5,,,0,80,,90744,5,,,0,40,,90745,5,,,0,80,,90746,5,,,0,80,,90747,5,,,0,40,,90748,5,,,0,80,,90749,5,,,0
2000000,'S2-4_1',642,,90789,5,,,0,61,,90771,5,,,0,16,,90799,5,,,0,14,,90755,5,,,0,15,,90782,5,,,0,55,,90764,5,,,0,15,,90791,5,,,0,15,,90774,5,,,0,16,,90802,5,,,0,57,,90756,5,,,0,16,,90787,5,,,0,15,,90765,5,,,0,16,,90792,5,,,0,55,,90772,5,,,0,16,,90800,5,,,0,16,,90757,5,,,0,16,,90788,5,,,0,55,,90766,5,,,0,16,,90793,5,,,0,17,,90773,5,,,0,14,,90803,5,,,0,57,,90758,5,,,0,14,,90781,5,,,0,16,,90767,5,,,0,55,,90790,5,,,0,15,,90775,5,,,0,15,,90801,5,,,0,15,,90760,5,,,0,55,,90783,5,,,0,15,,90770,5,,,0,15,,90795,5,,,0,15,,90776,5,,,0,14,,90804,5,,,0,55,,90761,5,,,0,15,,90784,5,,,0,16,,90769,5,,,0,7,,90752,3,0,9 10,0,48,,90794,5,,,0,14,,90777,5,,,0,16,,90753,5,,,0,13,,90805,5,,,0,15,,90751,3,0,9 10,0,43,,90759,5,,,0,14,,90786,5,,,0,17,,90768,5,,,0,15,,90796,5,,,0,10,,90808,3,0,9 10,0,46,,90779,5,,,0,14,,90754,5,,,0,15,,90806,5,,,0,15,,90762,5,,,0,55,,90785,5,,,0,14,,90797,5,,,0,19,,90778,5,,,0,22,,90807,5,,,0,61,,90763,5,,,0,19,,90798,5,,,0,21,,90780,5,,,0
2000000,'S2-4_2',642,,90848,5,,,0,61,,90830,5,,,0,16,,90858,5,,,0,14,,90814,5,,,0,15,,90841,5,,,0,55,,90823,5,,,0,15,,90850,5,,,0,15,,90833,5,,,0,16,,90861,5,,,0,57,,90815,5,,,0,16,,90846,5,,,0,15,,90824,5,,,0,16,,90851,5,,,0,55,,90831,5,,,0,16,,90859,5,,,0,16,,90816,5,,,0,16,,90847,5,,,0,55,,90825,5,,,0,16,,90852,5,,,0,17,,90832,5,,,0,14,,90862,5,,,0,57,,90817,5,,,0,14,,90840,5,,,0,16,,90826,5,,,0,55,,90849,5,,,0,15,,90834,5,,,0,15,,90860,5,,,0,15,,90819,5,,,0,55,,90842,5,,,0,15,,90829,5,,,0,15,,90854,5,,,0,15,,90835,5,,,0,14,,90863,5,,,0,55,,90820,5,,,0,15,,90843,5,,,0,16,,90828,5,,,0,7,,90811,3,0,9 10,0,48,,90853,5,,,0,14,,90836,5,,,0,16,,90812,5,,,0,13,,90864,5,,,0,15,,90810,3,0,9 10,0,43,,90818,5,,,0,14,,90845,5,,,0,17,,90827,5,,,0,15,,90855,5,,,0,10,,90867,3,0,9 10,0,46,,90838,5,,,0,14,,90813,5,,,0,15,,90865,5,,,0,15,,90821,5,,,0,55,,90844,5,,,0,14,,90856,5,,,0,19,,90837,5,,,0,22,,90866,5,,,0,61,,90822,5,,,0,19,,90857,5,,,0,21,,90839,5,,,0
2000000,'S2-4_4',642,,90907,5,,,0,61,,90889,5,,,0,16,,90917,5,,,0,14,,90873,5,,,0,15,,90900,5,,,0,55,,90882,5,,,0,15,,90909,5,,,0,15,,90892,5,,,0,16,,90920,5,,,0,57,,90874,5,,,0,16,,90905,5,,,0,15,,90883,5,,,0,16,,90910,5,,,0,55,,90890,5,,,0,16,,90918,5,,,0,16,,90875,5,,,0,16,,90906,5,,,0,55,,90884,5,,,0,16,,90911,5,,,0,17,,90891,5,,,0,14,,90921,5,,,0,57,,90876,5,,,0,14,,90899,5,,,0,16,,90885,5,,,0,55,,90908,5,,,0,15,,90893,5,,,0,15,,90919,5,,,0,15,,90878,5,,,0,55,,90901,5,,,0,15,,90888,5,,,0,15,,90913,5,,,0,15,,90894,5,,,0,14,,90922,5,,,0,55,,90879,5,,,0,15,,90902,5,,,0,16,,90887,5,,,0,7,,90870,3,0,9 10,0,48,,90912,5,,,0,14,,90895,5,,,0,16,,90871,5,,,0,13,,90923,5,,,0,15,,90869,3,0,9 10,0,43,,90877,5,,,0,14,,90904,5,,,0,17,,90886,5,,,0,15,,90914,5,,,0,10,,90926,3,0,9 10,0,46,,90897,5,,,0,14,,90872,5,,,0,15,,90924,5,,,0,15,,90880,5,,,0,55,,90903,5,,,0,14,,90915,5,,,0,19,,90896,5,,,0,22,,90925,5,,,0,61,,90881,5,,,0,19,,90916,5,,,0,21,,90898,5,,,0
