300,'S2-0_4',651,,85225,12,,,0,64,,85226,12,,,0,32,,85227,12,,,0,64,,85228,12,,,0,25,,85229,12,,,0,70,,85230,12,,,0,32,,85231,12,,,0,72,,85232,12,,,0,32,,85233,12,,,0,72,,85234,12,,,0,32,,85235,12,,,0,72,,85236,12,,,0,32,,85237,12,,,0,72,,85238,12,,,0,32,,85239,12,,,0,72,,85240,12,,,0,32,,85241,12,,,0,73,,85242,12,,,0,70,,85244,12,,,0,27,,85245,12,,,0,28,,85246,12,,,0,69,,85247,12,,,0,30,,85248,12,,,0,70,,85252,12,,,0,31,,85249,12,,,0,71,,85250,12,,,0,73,,85251,12,,,0,30,,85243,12,,,0
300,'S2-0_5',651,,85253,12,,,0,64,,85254,12,,,0,32,,85255,12,,,0,64,,85256,12,,,0,25,,85257,12,,,0,70,,85258,12,,,0,32,,85259,12,,,0,72,,85260,12,,,0,32,,85261,12,,,0,72,,85262,12,,,0,32,,85263,12,,,0,72,,85264,12,,,0,32,,85265,12,,,0,72,,85266,12,,,0,32,,85267,12,,,0,72,,85268,12,,,0,32,,85269,12,,,0,73,,85270,12,,,0,70,,85272,12,,,0,27,,85273,12,,,0,28,,85274,12,,,0,69,,85275,12,,,0,30,,85276,12,,,0,70,,85280,12,,,0,31,,85277,12,,,0,71,,85278,12,,,0,73,,85279,12,,,0,30,,85271,12,,,0
300,'S2-1_3',651,,85281,12,,,0,64,,85282,12,,,0,32,,85283,12,,,0,64,,85284,12,,,0,25,,85285,12,,,0,70,,85286,12,,,0,32,,85287,12,,,0,72,,85288,12,,,0,32,,85289,12,,,0,72,,85290,12,,,0,32,,85291,12,,,0,72,,85292,12,,,0,32,,85293,12,,,0,72,,85294,12,,,0,32,,85295,12,,,0,72,,85296,12,,,0,32,,85297,12,,,0,73,,85298,12,,,0,70,,85300,12,,,0,27,,85301,12,,,0,28,,85302,12,,,0,69,,85303,12,,,0,30,,85304,12,,,0,70,,85308,12,,,0,31,,85305,12,,,0,71,,85306,12,,,0,73,,85307,12,,,0,30,,85299,12,,,0
300,'S2-2_6',654,,85309,12,,,0,69,,85311,12,,,0,29,,85312,12,,,0,70,,85310,12,,,0,30,,85314,12,,,0,69,,85315,12,,,0,28,,85313,12,,,0,71,,85316,12,,,0,30,,85317,12,,,0,70,,85320,12,,,0,30,,85319,12,,,0,69,,85318,12,,,0,29,,85322,12,,,0,70,,85321,12,,,0,29,,85323,12,,,0,69,,85324,12,,,0,32,,85325,12,,,0,72,,85326,12,,,0,31,,85327,12,,,0,71,,85328,12,,,0,32,,85329,12,,,0,72,,85330,12,,,0,30,,85331,12,,,0,71,,85336,12,,,0,31,,85332,12,,,0,70,,85333,12,,,0,26,,85334,12,,,0,70,,85335,12,,,0
300,'S2-3_7',857,,85359,12,,,0,72,,85360,12,,,0,75,,85361,12,,,0,34,,85362,12,,,0,72,,85353,12,,,0,33,,85358,12,,,0,73,,85357,12,,,0,33,,85356,12,,,0,72,,85355,12,,,0,32,,85337,12,,,0,68,,85338,12,,,0,29,,85339,12,,,0,68,,85340,12,,,0,28,,85341,12,,,0,67,,85342,12,,,0,31,,85343,12,,,0,68,,85344,12,,,0,27,,85345,12,,,0,68,,85346,12,,,0,29,,85347,12,,,0,67,,85348,12,,,0,26,,85349,12,,,0,26,,85350,12,,,0,64,,85351,12,,,0,24,,85354,12,,,0,67,,85352,12,,,0
300,'S2-4_1',651,,85363,12,,,0,64,,85364,12,,,0,32,,85365,12,,,0,64,,85366,12,,,0,25,,85367,12,,,0,70,,85368,12,,,0,32,,85369,12,,,0,72,,85370,12,,,0,32,,85371,12,,,0,72,,85372,12,,,0,32,,85373,12,,,0,72,,85374,12,,,0,32,,85375,12,,,0,72,,85376,12,,,0,32,,85377,12,,,0,72,,85378,12,,,0,32,,85379,12,,,0,73,,85380,12,,,0,70,,85382,12,,,0,27,,85383,12,,,0,28,,85384,12,,,0,69,,85385,12,,,0,30,,85386,12,,,0,70,,85390,12,,,0,31,,85387,12,,,0,71,,85388,12,,,0,73,,85389,12,,,0,30,,85381,12,,,0
300,'S2-4_2',651,,85391,12,,,0,64,,85392,12,,,0,32,,85393,12,,,0,64,,85394,12,,,0,25,,85395,12,,,0,70,,85396,12,,,0,32,,85397,12,,,0,72,,85398,12,,,0,32,,85399,12,,,0,72,,85400,12,,,0,32,,85401,12,,,0,72,,85402,12,,,0,32,,85403,12,,,0,72,,85404,12,,,0,32,,85405,12,,,0,72,,85406,12,,,0,32,,85407,12,,,0,73,,85408,12,,,0,70,,85410,12,,,0,27,,85411,12,,,0,28,,85412,12,,,0,69,,85413,12,,,0,30,,85414,12,,,0,70,,85418,12,,,0,31,,85415,12,,,0,71,,85416,12,,,0,73,,85417,12,,,0,30,,85409,12,,,0
300,'S2-4_4',651,,85419,12,,,0,64,,85420,12,,,0,32,,85421,12,,,0,64,,85422,12,,,0,25,,85423,12,,,0,70,,85424,12,,,0,32,,85425,12,,,0,72,,85426,12,,,0,32,,85427,12,,,0,72,,85428,12,,,0,32,,85429,12,,,0,72,,85430,12,,,0,32,,85431,12,,,0,72,,85432,12,,,0,32,,85433,12,,,0,72,,85434,12,,,0,32,,85435,12,,,0,73,,85436,12,,,0,70,,85438,12,,,0,27,,85439,12,,,0,28,,85440,12,,,0,69,,85441,12,,,0,30,,85442,12,,,0,70,,85446,12,,,0,31,,85443,12,,,0,71,,85444,12,,,0,73,,85445,12,,,0,30,,85437,12,,,0
2900300,'S2-0_4',706,,91352,4,,,0,30,,91353,4,,,0,69,,91354,4,,,0
2900300,'S2-0_5',706,,91355,4,,,0,30,,91356,4,,,0,69,,91357,4,,,0
2900300,'S2-1_3',706,,91358,4,,,0,30,,91359,4,,,0,69,,91360,4,,,0
2900300,'S2-4_1',706,,91361,4,,,0,30,,91362,4,,,0,69,,91363,4,,,0
2900300,'S2-4_2',706,,91364,4,,,0,30,,91365,4,,,0,69,,91366,4,,,0
2900300,'S2-4_4',706,,91367,4,,,0,30,,91368,4,,,0,69,,91369,4,,,0
