201,'S2-0_4',753,,84959,42,0,62,0,88,,84968,30,0,62,0,88,,84969,42,0,62,0,202,,84961,42,0,62,0,118,,84962,42,0,62,0,60,,84981,21,0,62,0,116,,84983,42,0,62,0,186,,84952,42,0,62,0,47,,84979,21,0,62,0,71,,84978,42,0,62,0,75,,84965,30,0,62,0,25,,84953,42,0,62,0,28,,84976,30,0,62,0,68,,84966,42,0,62,0,81,,84967,42,0,62,0
201,'S2-0_5',753,,84998,42,0,62,0,88,,85007,30,0,62,0,88,,85008,42,0,62,0,202,,85000,42,0,62,0,118,,85001,42,0,62,0,60,,85020,21,0,62,0,116,,85022,42,0,62,0,186,,84991,42,0,62,0,47,,85018,21,0,62,0,71,,85017,42,0,62,0,75,,85004,30,0,62,0,25,,84992,42,0,62,0,28,,85015,30,0,62,0,68,,85005,42,0,62,0,81,,85006,42,0,62,0
201,'S2-1_3',753,,85037,42,0,62,0,88,,85046,30,0,62,0,88,,85047,42,0,62,0,202,,85039,42,0,62,0,118,,85040,42,0,62,0,60,,85059,21,0,62,0,116,,85062,42,0,62,0,186,,85030,42,0,62,0,47,,85057,21,0,62,0,71,,85056,42,0,62,0,75,,85043,30,0,62,0,25,,85031,42,0,62,0,28,,85054,30,0,62,0,68,,85044,42,0,62,0,81,,85045,42,0,62,0
201,'S2-2_6',758,,85088,42,0,62,0,159,,85077,30,0,62,0,126,,85090,42,0,62,0,110,,85091,42,0,64,0,85,,85080,30,0,62,0,107,,85081,30,0,62,0,105,,85082,30,0,62,0,90,,85071,42,0,62,0,102,,85072,42,0,62,0,165,,85085,30,0,62,0,123,,85098,42,0,62,0,72,,85087,30,0,62,0
201,'S2-4_1',753,,85121,42,0,62,0,88,,85130,30,0,62,0,88,,85131,42,0,62,0,202,,85123,42,0,62,0,118,,85124,42,0,62,0,60,,85143,21,0,62,0,116,,85145,42,0,62,0,186,,85114,42,0,62,0,47,,85141,21,0,62,0,71,,85140,42,0,62,0,75,,85127,30,0,62,0,25,,85115,42,0,62,0,28,,85138,30,0,62,0,68,,85128,42,0,62,0,81,,85129,42,0,62,0
201,'S2-4_2',753,,85160,42,0,62,0,88,,85169,30,0,62,0,88,,85170,42,0,62,0,202,,85162,42,0,62,0,118,,85163,42,0,62,0,60,,85182,21,0,62,0,116,,85184,42,0,62,0,186,,85153,42,0,62,0,47,,85180,21,0,62,0,71,,85179,42,0,62,0,75,,85166,30,0,62,0,25,,85154,42,0,62,0,28,,85177,30,0,62,0,68,,85167,42,0,62,0,81,,85168,42,0,62,0
201,'S2-4_4',753,,85199,42,0,62,0,88,,85208,30,0,62,0,88,,85209,42,0,62,0,202,,85201,42,0,62,0,118,,85202,42,0,62,0,60,,85221,21,0,62,0,116,,85223,42,0,62,0,186,,85192,42,0,62,0,47,,85219,21,0,62,0,71,,85218,42,0,62,0,75,,85205,30,0,62,0,25,,85193,42,0,62,0,28,,85216,30,0,62,0,68,,85206,42,0,62,0,81,,85207,42,0,62,0
2900201,'S2-0_4',1803,,91340,6,,,0,98,,91341,6,,,0
2900201,'S2-0_5',1803,,91342,6,,,0,98,,91343,6,,,0
2900201,'S2-1_3',1803,,91344,6,,,0,98,,91345,6,,,0
2900201,'S2-4_1',1803,,91346,6,,,0,98,,91347,6,,,0
2900201,'S2-4_2',1803,,91348,6,,,0,98,,91349,6,,,0
2900201,'S2-4_4',1803,,91350,6,,,0,98,,91351,6,,,0
