901,'S2-0_4',746,,86988,11,0,26,0,66,,86989,11,0,27 63,0,102,,86994,11,0,23 24,0,192,,86995,11,0,23 24,0,107,,86990,11,0,27 63,0,140,,86996,11,0,23 24,0,151,,86997,11,0,23 24,0,110,,86991,11,0,27 63,0,100,,86992,11,0,27 63,0,99,,86993,11,0,27 63,0,127,,87003,11,,,0
901,'S2-0_5',746,,87004,11,0,26,0,66,,87005,11,0,27 63,0,102,,87010,11,0,23 24,0,192,,87011,11,0,23 24,0,107,,87006,11,0,27 63,0,140,,87012,11,0,23 24,0,151,,87013,11,0,23 24,0,110,,87007,11,0,27 63,0,100,,87008,11,0,27 63,0,99,,87009,11,0,27 63,0,127,,87019,11,,,0
901,'S2-1_3',746,,87020,11,0,26,0,66,,87021,11,0,27 63,0,102,,87026,11,0,23 24,0,192,,87027,11,0,23 24,0,107,,87022,11,0,27 63,0,140,,87028,11,0,23 24,0,151,,87029,11,0,23 24,0,110,,87023,11,0,27 63,0,100,,87024,11,0,27 63,0,99,,87025,11,0,27 63,0,127,,87035,11,,,0
901,'S2-2_6',745,,87036,11,0,23 24,0,99,,87048,11,0,25,0,367,,87046,11,0,25,0,319,,87044,11,0,25,0,82,,87037,11,0,23 24,0,103,,87038,11,0,23 24,0,135,,87039,11,0,23 24,0,90,,87040,11,0,23 24,0
901,'S2-4_1',746,,87049,11,0,26,0,66,,87050,11,0,27 63,0,102,,87055,11,0,23 24,0,192,,87056,11,0,23 24,0,107,,87051,11,0,27 63,0,140,,87057,11,0,23 24,0,151,,87058,11,0,23 24,0,110,,87052,11,0,27 63,0,100,,87053,11,0,27 63,0,99,,87054,11,0,27 63,0,127,,87064,11,,,0
901,'S2-4_2',746,,87065,11,0,26,0,66,,87066,11,0,27 63,0,102,,87071,11,0,23 24,0,192,,87072,11,0,23 24,0,107,,87067,11,0,27 63,0,140,,87073,11,0,23 24,0,151,,87074,11,0,23 24,0,110,,87068,11,0,27 63,0,100,,87069,11,0,27 63,0,99,,87070,11,0,27 63,0,127,,87080,11,,,0
901,'S2-4_4',746,,87081,11,0,26,0,66,,87082,11,0,27 63,0,102,,87087,11,0,23 24,0,192,,87088,11,0,23 24,0,107,,87083,11,0,27 63,0,140,,87089,11,0,23 24,0,151,,87090,11,0,23 24,0,110,,87084,11,0,27 63,0,100,,87085,11,0,27 63,0,99,,87086,11,0,27 63,0,127,,87096,11,,,0
1001,'S2-0_4',753,,87200,6,,,0,99,,87202,6,,,0,85,,87203,6,,,0,79,,87207,4,,,0,86,,87204,6,,,0,50,,87208,4,,,0,85,,87209,4,,,0,69,,87210,4,,,0,100,,87201,6,,,0,37,,87211,4,,,0,184,,87212,6,,,0,320,,87206,6,,,0
1001,'S2-0_5',753,,87214,6,,,0,99,,87216,6,,,0,85,,87217,6,,,0,79,,87221,4,,,0,86,,87218,6,,,0,50,,87222,4,,,0,85,,87223,4,,,0,69,,87224,4,,,0,100,,87215,6,,,0,37,,87225,4,,,0,184,,87226,6,,,0,320,,87220,6,,,0
1001,'S2-1_3',753,,87228,6,,,0,99,,87230,6,,,0,85,,87231,6,,,0,79,,87235,4,,,0,86,,87232,6,,,0,50,,87236,4,,,0,85,,87237,4,,,0,69,,87238,4,,,0,100,,87229,6,,,0,37,,87239,4,,,0,184,,87240,6,,,0,320,,87234,6,,,0
1001,'S2-2_6',751,,87242,6,,,0,103,,87243,6,,,0,101,,87250,4,,,0,102,,87244,6,,,0,100,,87251,4,,,0,85,,87252,4,,,0,163,,87247,6,,,0,38,,87253,4,,,0,187,,87248,6,,,0,118,,87249,6,,,0,91,,87245,6,,,0,107,,87246,6,,,0
1001,'S2-4_1',753,,87254,6,,,0,99,,87256,6,,,0,85,,87257,6,,,0,79,,87261,4,,,0,86,,87258,6,,,0,50,,87262,4,,,0,85,,87263,4,,,0,69,,87264,4,,,0,100,,87255,6,,,0,37,,87265,4,,,0,184,,87266,6,,,0,320,,87260,6,,,0
1001,'S2-4_2',753,,87268,6,,,0,99,,87270,6,,,0,85,,87271,6,,,0,79,,87275,4,,,0,86,,87272,6,,,0,50,,87276,4,,,0,85,,87277,4,,,0,69,,87278,4,,,0,100,,87269,6,,,0,37,,87279,4,,,0,184,,87280,6,,,0,320,,87274,6,,,0
1001,'S2-4_4',753,,87282,6,,,0,99,,87284,6,,,0,85,,87285,6,,,0,79,,87289,4,,,0,86,,87286,6,,,0,50,,87290,4,,,0,85,,87291,4,,,0,69,,87292,4,,,0,100,,87283,6,,,0,37,,87293,4,,,0,184,,87294,6,,,0,320,,87288,6,,,0
1901,'S2-0_4',1614,,87878,11,,,0,100,,87879,11,,,0,99,,87880,11,,,0
1901,'S2-0_5',1614,,87887,11,,,0,100,,87888,11,,,0,99,,87889,11,,,0
1901,'S2-1_3',1213,,87899,11,,,0,34,,87900,11,,,0
1901,'S2-4_1',1614,,87902,11,,,0,100,,87903,11,,,0,99,,87904,11,,,0
1901,'S2-4_2',1614,,87911,11,,,0,100,,87912,11,,,0,99,,87913,11,,,0
1901,'S2-4_4',1614,,87920,11,,,0,100,,87921,11,,,0,99,,87922,11,,,0
1000001,'S2-0_4',554,,89913,22,,,0,60,,89914,22,,,0,20,,89915,22,,,0,20,,89916,22,,,0,62,,89917,22,,,0,10,,89997,22,,,0,11,,89998,22,,,0,10,,89948,28,,,0,10,,89949,28,,,0,50,,89950,28,,,0,11,,89951,28,,,0,10,,89952,28,,,0,9,,89953,28,,,0,10,,89954,28,,,0,10,,89955,28,,,0,50,,89956,28,,,0,10,,89957,28,,,0,10,,89958,28,,,0,12,,89959,28,,,0,11,,89918,22,,,0,51,,89919,28,,,0,10,,89920,22,,,0,9,,89921,28,,,0,11,,89922,22,,,0,11,,89960,28,,,0,11,,89923,22,,,0,51,,89924,28,,,0,10,,89925,22,,,0,11,,89926,28,,,0,10,,89927,22,,,0,11,,89961,28,,,0,11,,89928,22,,,0,51,,89929,28,,,0,10,,89930,22,,,0,9,,89931,28,,,0,9,,89962,22,,,0,10,,89963,28,,,0,10,,89964,22,,,0,50,,89965,28,,,0,10,,89966,22,,,0,10,,89967,28,,,0,10,,89968,22,,,0,9,,89969,28,,,0,10,,89970,22,,,0,51,,89971,28,,,0,10,,89972,22,,,0,10,,89973,28,,,0,10,,89974,22,,,0,10,,89932,28,,,0,10,,89933,22,,,0,49,,89975,28,,,0,10,,89934,22,,,0,9,,89935,28,,,0,11,,89936,22,,,0,11,,89976,28,,,0,12,,89937,22,,,0,51,,89938,28,,,0,11,,89939,22,,,0,10,,89940,28,,,0,9,,89941,28,,,0,10,,89977,28,,,0,51,,89978,28,,,0,10,,89979,28,,,0,11,,89980,28,,,0,11,,89981,28,,,0,11,,89982,28,,,0,10,,89983,28,,,0,50,,89984,28,,,0,8,,89985,28,,,0,10,,89986,28,,,0,10,,89987,28,,,0,8,,89988,28,,,0,9,,89989,28,,,0,9,,89990,28,,,0,48,,89991,28,,,0,9,,89992,22,,,0,9,,89993,28,,,0,10,,89994,22,,,0,12,,89996,28,,,0,59,,89995,28,,,0,20,,89942,22,,,0,20,,89943,22,,,0,60,,89944,22,,,0,20,,89945,22,,,0,19,,89946,22,,,0,60,,89947,22,,,0
1000001,'S2-0_5',554,,89999,22,,,0,60,,90000,22,,,0,20,,90001,22,,,0,20,,90002,22,,,0,62,,90003,22,,,0,10,,90083,22,,,0,11,,90084,22,,,0,10,,90034,28,,,0,10,,90035,28,,,0,50,,90036,28,,,0,11,,90037,28,,,0,10,,90038,28,,,0,9,,90039,28,,,0,10,,90040,28,,,0,10,,90041,28,,,0,50,,90042,28,,,0,10,,90043,28,,,0,10,,90044,28,,,0,12,,90045,28,,,0,11,,90004,22,,,0,51,,90005,28,,,0,10,,90006,22,,,0,9,,90007,28,,,0,11,,90008,22,,,0,11,,90046,28,,,0,11,,90009,22,,,0,51,,90010,28,,,0,10,,90011,22,,,0,11,,90012,28,,,0,10,,90013,22,,,0,11,,90047,28,,,0,11,,90014,22,,,0,51,,90015,28,,,0,10,,90016,22,,,0,9,,90017,28,,,0,9,,90048,22,,,0,10,,90049,28,,,0,10,,90050,22,,,0,50,,90051,28,,,0,10,,90052,22,,,0,10,,90053,28,,,0,10,,90054,22,,,0,9,,90055,28,,,0,10,,90056,22,,,0,51,,90057,28,,,0,10,,90058,22,,,0,10,,90059,28,,,0,10,,90060,22,,,0,10,,90018,28,,,0,10,,90019,22,,,0,49,,90061,28,,,0,10,,90020,22,,,0,9,,90021,28,,,0,11,,90022,22,,,0,11,,90062,28,,,0,12,,90023,22,,,0,51,,90024,28,,,0,11,,90025,22,,,0,10,,90026,28,,,0,9,,90027,28,,,0,10,,90063,28,,,0,51,,90064,28,,,0,10,,90065,28,,,0,11,,90066,28,,,0,11,,90067,28,,,0,11,,90068,28,,,0,10,,90069,28,,,0,50,,90070,28,,,0,8,,90071,28,,,0,10,,90072,28,,,0,10,,90073,28,,,0,8,,90074,28,,,0,9,,90075,28,,,0,9,,90076,28,,,0,48,,90077,28,,,0,9,,90078,22,,,0,9,,90079,28,,,0,10,,90080,22,,,0,12,,90082,28,,,0,59,,90081,28,,,0,20,,90028,22,,,0,20,,90029,22,,,0,60,,90030,22,,,0,20,,90031,22,,,0,19,,90032,22,,,0,60,,90033,22,,,0
1000001,'S2-1_3',554,,90085,22,,,0,60,,90086,22,,,0,20,,90087,22,,,0,20,,90088,22,,,0,62,,90089,22,,,0,10,,90169,22,,,0,11,,90170,22,,,0,10,,90120,28,,,0,10,,90121,28,,,0,50,,90122,28,,,0,11,,90123,28,,,0,10,,90124,28,,,0,9,,90125,28,,,0,10,,90126,28,,,0,10,,90127,28,,,0,50,,90128,28,,,0,10,,90129,28,,,0,10,,90130,28,,,0,12,,90131,28,,,0,11,,90090,22,,,0,51,,90091,28,,,0,10,,90092,22,,,0,9,,90093,28,,,0,11,,90094,22,,,0,11,,90132,28,,,0,11,,90095,22,,,0,51,,90096,28,,,0,10,,90097,22,,,0,11,,90098,28,,,0,10,,90099,22,,,0,11,,90133,28,,,0,11,,90100,22,,,0,51,,90101,28,,,0,10,,90102,22,,,0,9,,90103,28,,,0,9,,90134,22,,,0,10,,90135,28,,,0,10,,90136,22,,,0,50,,90137,28,,,0,10,,90138,22,,,0,10,,90139,28,,,0,10,,90140,22,,,0,9,,90141,28,,,0,10,,90142,22,,,0,51,,90143,28,,,0,10,,90144,22,,,0,10,,90145,28,,,0,10,,90146,22,,,0,10,,90104,28,,,0,10,,90105,22,,,0,49,,90147,28,,,0,10,,90106,22,,,0,9,,90107,28,,,0,11,,90108,22,,,0,11,,90148,28,,,0,12,,90109,22,,,0,51,,90110,28,,,0,11,,90111,22,,,0,10,,90112,28,,,0,9,,90113,28,,,0,10,,90149,28,,,0,51,,90150,28,,,0,10,,90151,28,,,0,11,,90152,28,,,0,11,,90153,28,,,0,11,,90154,28,,,0,10,,90155,28,,,0,50,,90156,28,,,0,8,,90157,28,,,0,10,,90158,28,,,0,10,,90159,28,,,0,8,,90160,28,,,0,9,,90161,28,,,0,9,,90162,28,,,0,48,,90163,28,,,0,9,,90164,22,,,0,9,,90165,28,,,0,10,,90166,22,,,0,12,,90168,28,,,0,59,,90167,28,,,0,20,,90114,22,,,0,20,,90115,22,,,0,60,,90116,22,,,0,20,,90117,22,,,0,19,,90118,22,,,0,60,,90119,22,,,0
1000001,'S2-2_6',554,,90171,22,,,0,82,,90172,22,,,0,81,,90173,22,,,0,30,,90174,22,,,0,69,,90175,28,,,0,29,,90176,28,,,0,55,,90177,22,,,0,16,,90178,22,,,0,15,,90179,28,,,0,16,,90180,22,,,0,55,,90181,22,,,0,15,,90182,28,,,0,16,,90183,22,,,0,14,,90184,22,,,0,56,,90185,28,,,0,15,,90186,22,,,0,15,,90187,22,,,0,16,,90188,28,,,0,54,,90189,22,,,0,16,,90190,22,,,0,15,,90191,28,,,0,14,,90192,22,,,0,57,,90193,22,,,0,16,,90194,28,,,0,9,,90195,22,,,0,10,,90196,22,,,0,9,,90197,22,,,0,10,,90199,22,,,0,50,,90198,28,,,0,10,,90200,22,,,0,11,,90201,22,,,0,12,,90202,28,,,0,9,,90203,22,,,0,49,,90204,22,,,0,10,,90205,22,,,0,11,,90206,28,,,0,10,,90207,22,,,0,10,,90208,22,,,0,11,,90209,22,,,0,51,,90210,28,,,0,9,,90211,22,,,0,10,,90212,22,,,0,10,,90213,22,,,0,12,,90214,28,,,0,9,,90215,22,,,0,49,,90216,22,,,0,10,,90217,22,,,0,10,,90219,22,,,0,9,,90218,28,,,0,10,,90220,22,,,0,9,,90221,22,,,0,50,,90223,22,,,0,9,,90222,28,,,0,9,,90224,22,,,0,9,,90225,22,,,0,9,,90227,22,,,0,10,,90226,28,,,0,10,,90228,22,,,0,53,,90229,22,,,0,19,,90230,28,,,0,17,,90231,22,,,0,61,,90232,22,,,0,21,,90233,22,,,0,16,,90234,22,,,0,59,,90235,22,,,0,20,,90236,22,,,0,20,,90237,22,,,0,60,,90238,22,,,0
1000001,'S2-3_7',825,,90239,22,,,0,80,,90240,22,,,0,40,,90241,22,,,0,80,,90242,22,,,0,80,,90243,22,,,0,40,,90244,22,,,0,80,,90245,22,,,0,80,,90246,22,,,0,40,,90247,22,,,0,80,,90248,22,,,0,80,,90249,22,,,0,40,,90250,22,,,0,80,,90251,22,,,0,80,,90252,22,,,0,40,,90253,22,,,0,80,,90254,22,,,0,80,,90255,22,,,0,40,,90256,22,,,0
1000001,'S2-4_1',554,,90257,22,,,0,60,,90258,22,,,0,20,,90259,22,,,0,20,,90260,22,,,0,62,,90261,22,,,0,10,,90341,22,,,0,11,,90342,22,,,0,10,,90292,28,,,0,10,,90293,28,,,0,50,,90294,28,,,0,11,,90295,28,,,0,10,,90296,28,,,0,9,,90297,28,,,0,10,,90298,28,,,0,10,,90299,28,,,0,50,,90300,28,,,0,10,,90301,28,,,0,10,,90302,28,,,0,12,,90303,28,,,0,11,,90262,22,,,0,51,,90263,28,,,0,10,,90264,22,,,0,9,,90265,28,,,0,11,,90266,22,,,0,11,,90304,28,,,0,11,,90267,22,,,0,51,,90268,28,,,0,10,,90269,22,,,0,11,,90270,28,,,0,10,,90271,22,,,0,11,,90305,28,,,0,11,,90272,22,,,0,51,,90273,28,,,0,10,,90274,22,,,0,9,,90275,28,,,0,9,,90306,22,,,0,10,,90307,28,,,0,10,,90308,22,,,0,50,,90309,28,,,0,10,,90310,22,,,0,10,,90311,28,,,0,10,,90312,22,,,0,9,,90313,28,,,0,10,,90314,22,,,0,51,,90315,28,,,0,10,,90316,22,,,0,10,,90317,28,,,0,10,,90318,22,,,0,10,,90276,28,,,0,10,,90277,22,,,0,49,,90319,28,,,0,10,,90278,22,,,0,9,,90279,28,,,0,11,,90280,22,,,0,11,,90320,28,,,0,12,,90281,22,,,0,51,,90282,28,,,0,11,,90283,22,,,0,10,,90284,28,,,0,9,,90285,28,,,0,10,,90321,28,,,0,51,,90322,28,,,0,10,,90323,28,,,0,11,,90324,28,,,0,11,,90325,28,,,0,11,,90326,28,,,0,10,,90327,28,,,0,50,,90328,28,,,0,8,,90329,28,,,0,10,,90330,28,,,0,10,,90331,28,,,0,8,,90332,28,,,0,9,,90333,28,,,0,9,,90334,28,,,0,48,,90335,28,,,0,9,,90336,22,,,0,9,,90337,28,,,0,10,,90338,22,,,0,12,,90340,28,,,0,59,,90339,28,,,0,20,,90286,22,,,0,20,,90287,22,,,0,60,,90288,22,,,0,20,,90289,22,,,0,19,,90290,22,,,0,60,,90291,22,,,0
1000001,'S2-4_2',554,,90343,22,,,0,60,,90344,22,,,0,20,,90345,22,,,0,20,,90346,22,,,0,62,,90347,22,,,0,10,,90427,22,,,0,11,,90428,22,,,0,10,,90378,28,,,0,10,,90379,28,,,0,50,,90380,28,,,0,11,,90381,28,,,0,10,,90382,28,,,0,9,,90383,28,,,0,10,,90384,28,,,0,10,,90385,28,,,0,50,,90386,28,,,0,10,,90387,28,,,0,10,,90388,28,,,0,12,,90389,28,,,0,11,,90348,22,,,0,51,,90349,28,,,0,10,,90350,22,,,0,9,,90351,28,,,0,11,,90352,22,,,0,11,,90390,28,,,0,11,,90353,22,,,0,51,,90354,28,,,0,10,,90355,22,,,0,11,,90356,28,,,0,10,,90357,22,,,0,11,,90391,28,,,0,11,,90358,22,,,0,51,,90359,28,,,0,10,,90360,22,,,0,9,,90361,28,,,0,9,,90392,22,,,0,10,,90393,28,,,0,10,,90394,22,,,0,50,,90395,28,,,0,10,,90396,22,,,0,10,,90397,28,,,0,10,,90398,22,,,0,9,,90399,28,,,0,10,,90400,22,,,0,51,,90401,28,,,0,10,,90402,22,,,0,10,,90403,28,,,0,10,,90404,22,,,0,10,,90362,28,,,0,10,,90363,22,,,0,49,,90405,28,,,0,10,,90364,22,,,0,9,,90365,28,,,0,11,,90366,22,,,0,11,,90406,28,,,0,12,,90367,22,,,0,51,,90368,28,,,0,11,,90369,22,,,0,10,,90370,28,,,0,9,,90371,28,,,0,10,,90407,28,,,0,51,,90408,28,,,0,10,,90409,28,,,0,11,,90410,28,,,0,11,,90411,28,,,0,11,,90412,28,,,0,10,,90413,28,,,0,50,,90414,28,,,0,8,,90415,28,,,0,10,,90416,28,,,0,10,,90417,28,,,0,8,,90418,28,,,0,9,,90419,28,,,0,9,,90420,28,,,0,48,,90421,28,,,0,9,,90422,22,,,0,9,,90423,28,,,0,10,,90424,22,,,0,12,,90426,28,,,0,59,,90425,28,,,0,20,,90372,22,,,0,20,,90373,22,,,0,60,,90374,22,,,0,20,,90375,22,,,0,19,,90376,22,,,0,60,,90377,22,,,0
1000001,'S2-4_4',554,,90429,22,,,0,60,,90430,22,,,0,20,,90431,22,,,0,20,,90432,22,,,0,62,,90433,22,,,0,10,,90513,22,,,0,11,,90514,22,,,0,10,,90464,28,,,0,10,,90465,28,,,0,50,,90466,28,,,0,11,,90467,28,,,0,10,,90468,28,,,0,9,,90469,28,,,0,10,,90470,28,,,0,10,,90471,28,,,0,50,,90472,28,,,0,10,,90473,28,,,0,10,,90474,28,,,0,12,,90475,28,,,0,11,,90434,22,,,0,51,,90435,28,,,0,10,,90436,22,,,0,9,,90437,28,,,0,11,,90438,22,,,0,11,,90476,28,,,0,11,,90439,22,,,0,51,,90440,28,,,0,10,,90441,22,,,0,11,,90442,28,,,0,10,,90443,22,,,0,11,,90477,28,,,0,11,,90444,22,,,0,51,,90445,28,,,0,10,,90446,22,,,0,9,,90447,28,,,0,9,,90478,22,,,0,10,,90479,28,,,0,10,,90480,22,,,0,50,,90481,28,,,0,10,,90482,22,,,0,10,,90483,28,,,0,10,,90484,22,,,0,9,,90485,28,,,0,10,,90486,22,,,0,51,,90487,28,,,0,10,,90488,22,,,0,10,,90489,28,,,0,10,,90490,22,,,0,10,,90448,28,,,0,10,,90449,22,,,0,49,,90491,28,,,0,10,,90450,22,,,0,9,,90451,28,,,0,11,,90452,22,,,0,11,,90492,28,,,0,12,,90453,22,,,0,51,,90454,28,,,0,11,,90455,22,,,0,10,,90456,28,,,0,9,,90457,28,,,0,10,,90493,28,,,0,51,,90494,28,,,0,10,,90495,28,,,0,11,,90496,28,,,0,11,,90497,28,,,0,11,,90498,28,,,0,10,,90499,28,,,0,50,,90500,28,,,0,8,,90501,28,,,0,10,,90502,28,,,0,10,,90503,28,,,0,8,,90504,28,,,0,9,,90505,28,,,0,9,,90506,28,,,0,48,,90507,28,,,0,9,,90508,22,,,0,9,,90509,28,,,0,10,,90510,22,,,0,12,,90512,28,,,0,59,,90511,28,,,0,20,,90458,22,,,0,20,,90459,22,,,0,60,,90460,22,,,0,20,,90461,22,,,0,19,,90462,22,,,0,60,,90463,22,,,0
