1500,'S2-0_4',744,,87345,18,,,0,61,,87346,18,,,0,114,,87347,18,,,0,117,,87348,18,,,0,118,,87349,18,,,0,80,,87350,18,,,0,75,,87351,18,,,0,97,,87352,18,,,0,222,,87353,18,,,0,109,,87354,18,,,0,98,,87355,18,,,0,110,,87356,18,,,0
1500,'S2-0_5',744,,87358,18,,,0,61,,87359,18,,,0,114,,87360,18,,,0,117,,87361,18,,,0,118,,87362,18,,,0,80,,87363,18,,,0,75,,87364,18,,,0,97,,87365,18,,,0,222,,87366,18,,,0,109,,87367,18,,,0,98,,87368,18,,,0,110,,87369,18,,,0
1500,'S2-1_3',744,,87371,18,,,0,61,,87372,18,,,0,114,,87373,18,,,0,117,,87374,18,,,0,118,,87375,18,,,0,80,,87376,18,,,0,75,,87377,18,,,0,97,,87378,18,,,0,222,,87379,18,,,0,109,,87380,18,,,0,98,,87381,18,,,0,110,,87382,18,,,0
1500,'S2-2_6',744,,87384,18,,,0,61,,87385,18,,,0,114,,87386,18,,,0,117,,87387,18,,,0,118,,87388,18,,,0,80,,87389,18,,,0,75,,87390,18,,,0,97,,87391,18,,,0,222,,87392,18,,,0,109,,87393,18,,,0,98,,87394,18,,,0,110,,87395,18,,,0
1500,'S2-4_1',744,,87397,18,,,0,61,,87398,18,,,0,114,,87399,18,,,0,117,,87400,18,,,0,118,,87401,18,,,0,80,,87402,18,,,0,75,,87403,18,,,0,97,,87404,18,,,0,222,,87405,18,,,0,109,,87406,18,,,0,98,,87407,18,,,0,110,,87408,18,,,0
1500,'S2-4_2',744,,87410,18,,,0,61,,87411,18,,,0,114,,87412,18,,,0,117,,87413,18,,,0,118,,87414,18,,,0,80,,87415,18,,,0,75,,87416,18,,,0,97,,87417,18,,,0,222,,87418,18,,,0,109,,87419,18,,,0,98,,87420,18,,,0,110,,87421,18,,,0
1500,'S2-4_4',744,,87423,18,,,0,61,,87424,18,,,0,114,,87425,18,,,0,117,,87426,18,,,0,118,,87427,18,,,0,80,,87428,18,,,0,75,,87429,18,,,0,97,,87430,18,,,0,222,,87431,18,,,0,109,,87432,18,,,0,98,,87433,18,,,0,110,,87434,18,,,0
1501,'S2-0_4',654,,87436,8,,,0,58,,87437,8,,,0,95,,87438,8,,,0,21,,87439,8,,,0,117,,87440,8,,,0,156,,87441,8,,,0,118,,87442,8,,,0,94,,87443,8,,,0,118,,87444,8,,,0,222,,87445,8,,,0,150,,87446,8,,,0,55,,87447,8,,,0
1501,'S2-0_5',654,,87449,8,,,0,58,,87450,8,,,0,95,,87451,8,,,0,21,,87452,8,,,0,117,,87453,8,,,0,156,,87454,8,,,0,118,,87455,8,,,0,94,,87456,8,,,0,118,,87457,8,,,0,222,,87458,8,,,0,150,,87459,8,,,0,55,,87460,8,,,0
1501,'S2-1_3',654,,87462,8,,,0,58,,87463,8,,,0,95,,87464,8,,,0,21,,87465,8,,,0,117,,87466,8,,,0,156,,87467,8,,,0,118,,87468,8,,,0,94,,87469,8,,,0,118,,87470,8,,,0,222,,87471,8,,,0,150,,87472,8,,,0,55,,87473,8,,,0
1501,'S2-2_6',654,,87475,8,,,0,58,,87476,8,,,0,95,,87477,8,,,0,21,,87478,8,,,0,117,,87479,8,,,0,156,,87480,8,,,0,118,,87481,8,,,0,94,,87482,8,,,0,118,,87483,8,,,0,222,,87484,8,,,0,150,,87485,8,,,0,55,,87486,8,,,0
1501,'S2-4_1',654,,87488,8,,,0,58,,87489,8,,,0,95,,87490,8,,,0,21,,87491,8,,,0,117,,87492,8,,,0,156,,87493,8,,,0,118,,87494,8,,,0,94,,87495,8,,,0,118,,87496,8,,,0,222,,87497,8,,,0,150,,87498,8,,,0,55,,87499,8,,,0
1501,'S2-4_2',654,,87501,8,,,0,58,,87502,8,,,0,95,,87503,8,,,0,21,,87504,8,,,0,117,,87505,8,,,0,156,,87506,8,,,0,118,,87507,8,,,0,94,,87508,8,,,0,118,,87509,8,,,0,222,,87510,8,,,0,150,,87511,8,,,0,55,,87512,8,,,0
1501,'S2-4_4',654,,87514,8,,,0,58,,87515,8,,,0,95,,87516,8,,,0,21,,87517,8,,,0,117,,87518,8,,,0,156,,87519,8,,,0,118,,87520,8,,,0,94,,87521,8,,,0,118,,87522,8,,,0,222,,87523,8,,,0,150,,87524,8,,,0,55,,87525,8,,,0
