900,'S2-0_4',637,,86863,3,,,0,68,,86864,3,,,0,41,,86868,9,,,0,65,,86870,10,,,0,44,,86865,3,,,0,89,,86871,10,,,0,94,,86872,6,0,50,0,93,,86873,6,,,0,105,,86874,6,,,0,70,,86866,3,,,0,130,,86877,11,,,0,84,,86875,6,,,0,110,,86876,6,,,0,72,,86867,3,,,0,130,,86878,11,,,0,78,,86879,3,0,50,0
900,'S2-0_5',637,,86882,3,,,0,68,,86883,3,,,0,41,,86887,9,,,0,65,,86889,10,,,0,44,,86884,3,,,0,89,,86890,10,,,0,94,,86891,6,0,50,0,93,,86892,6,,,0,105,,86893,6,,,0,70,,86885,3,,,0,130,,86896,11,,,0,84,,86894,6,,,0,110,,86895,6,,,0,72,,86886,3,,,0,130,,86897,11,,,0,78,,86898,3,0,50,0
900,'S2-1_3',637,,86901,3,,,0,68,,86902,3,,,0,41,,86906,9,,,0,65,,86908,10,,,0,44,,86903,3,,,0,89,,86909,10,,,0,94,,86910,6,0,50,0,93,,86911,6,,,0,105,,86912,6,,,0,70,,86904,3,,,0,130,,86915,11,,,0,84,,86913,6,,,0,110,,86914,6,,,0,72,,86905,3,,,0,130,,86916,11,,,0,78,,86917,3,0,50,0
900,'S2-2_6',647,,86921,6,,,0,98,,86922,6,,,0,158,,86920,6,0,50,0,156,,86923,6,,,0,176,,86929,7,0,50,0,188,,86924,6,,,0,323,,86925,7,,,0,94,,86926,6,,,0
900,'S2-4_1',637,,86932,3,,,0,68,,86933,3,,,0,41,,86937,9,,,0,65,,86939,10,,,0,44,,86934,3,,,0,89,,86940,10,,,0,94,,86941,6,0,50,0,93,,86942,6,,,0,105,,86943,6,,,0,70,,86935,3,,,0,130,,86946,11,,,0,84,,86944,6,,,0,110,,86945,6,,,0,72,,86936,3,,,0,130,,86947,11,,,0,78,,86948,3,0,50,0
900,'S2-4_2',637,,86951,3,,,0,68,,86952,3,,,0,41,,86956,9,,,0,65,,86958,10,,,0,44,,86953,3,,,0,89,,86959,10,,,0,94,,86960,6,0,50,0,93,,86961,6,,,0,105,,86962,6,,,0,70,,86954,3,,,0,130,,86965,11,,,0,84,,86963,6,,,0,110,,86964,6,,,0,72,,86955,3,,,0,130,,86966,11,,,0,78,,86967,3,0,50,0
900,'S2-4_4',637,,86970,3,,,0,68,,86971,3,,,0,41,,86975,9,,,0,65,,86977,10,,,0,44,,86972,3,,,0,89,,86978,10,,,0,94,,86979,6,0,50,0,93,,86980,6,,,0,105,,86981,6,,,0,70,,86973,3,,,0,130,,86984,11,,,0,84,,86982,6,,,0,110,,86983,6,,,0,72,,86974,3,,,0,130,,86985,11,,,0,78,,86986,3,0,50,0
2900900,'S2-0_4',653,,91467,3,,,0,100,,91468,3,,,0
2900900,'S2-0_5',653,,91469,3,,,0,100,,91470,3,,,0
2900900,'S2-1_3',653,,91471,3,,,0,100,,91472,3,,,0
2900900,'S2-4_1',653,,91473,3,,,0,100,,91474,3,,,0
2900900,'S2-4_2',653,,91475,3,,,0,100,,91476,3,,,0
2900900,'S2-4_4',653,,91477,3,,,0,100,,91478,3,,,0
