100,'S2-0_4',704,,84206,5,0,61 8,0,31,,84197,5,,,0,75,,84207,5,0,9 10,0,38,,84198,5,0,61 8,0,156,,84199,5,0,61 8,0,117,,84200,5,0,61 8,0,116,,84201,5,0,61 8,0,89,,84202,5,0,61 8,0,114,,84203,5,0,61 8,0,99,,84208,5,0,61 8,0,102,,84204,5,0,61 8,0,85,,84205,5,0,61 8,0,82,,84195,5,,,0,111,,84196,5,,,0
100,'S2-0_5',704,,84241,5,0,61 8,0,31,,84232,5,,,0,75,,84242,5,0,9 10,0,38,,84233,5,0,61 8,0,156,,84234,5,0,61 8,0,117,,84235,5,0,61 8,0,116,,84236,5,0,61 8,0,89,,84237,5,0,61 8,0,114,,84238,5,0,61 8,0,99,,84243,5,0,61 8,0,102,,84239,5,0,61 8,0,85,,84240,5,0,61 8,0,82,,84230,5,,,0,111,,84231,5,,,0
100,'S2-1_3',704,,84276,5,0,61 8,0,31,,84267,5,,,0,75,,84277,5,0,9 10,0,38,,84268,5,0,61 8,0,156,,84269,5,0,61 8,0,117,,84270,5,0,61 8,0,116,,84271,5,0,61 8,0,89,,84272,5,0,61 8,0,114,,84273,5,0,61 8,0,99,,84278,5,0,61 8,0,102,,84274,5,0,61 8,0,85,,84275,5,0,61 8,0,82,,84265,5,,,0,111,,84266,5,,,0
100,'S2-2_6',654,,84300,5,0,61 8,0,202,,84301,5,0,61 8,0,99,,84302,5,0,61 8,0,102,,84303,5,0,61 8,0,100,,84304,5,0,61 8,0,100,,84305,5,0,61 8,0,99,,84306,5,0,61 8,0,100,,84307,5,0,61 8,0,101,,84308,5,0,61 8,0,144,,84309,5,0,61 8,0,99,,84310,5,0,61 8,0,101,,84311,5,0,61 8,0
100,'S2-3_7',1007,,84328,5,0,61 8,0,210,,84329,5,0,61 8,0,190,,84330,5,0,61 8,0,209,,84331,5,0,61 8,0,212,,84332,5,0,61 8,0
100,'S2-4_1',704,,84344,5,0,61 8,0,31,,84335,5,,,0,75,,84345,5,0,9 10,0,38,,84336,5,0,61 8,0,156,,84337,5,0,61 8,0,117,,84338,5,0,61 8,0,116,,84339,5,0,61 8,0,89,,84340,5,0,61 8,0,114,,84341,5,0,61 8,0,99,,84346,5,0,61 8,0,102,,84342,5,0,61 8,0,85,,84343,5,0,61 8,0,82,,84333,5,,,0,111,,84334,5,,,0
100,'S2-4_2',704,,84379,5,0,61 8,0,31,,84370,5,,,0,75,,84380,5,0,9 10,0,38,,84371,5,0,61 8,0,156,,84372,5,0,61 8,0,117,,84373,5,0,61 8,0,116,,84374,5,0,61 8,0,89,,84375,5,0,61 8,0,114,,84376,5,0,61 8,0,99,,84381,5,0,61 8,0,102,,84377,5,0,61 8,0,85,,84378,5,0,61 8,0,82,,84368,5,,,0,111,,84369,5,,,0
100,'S2-4_4',704,,84414,5,0,61 8,0,31,,84405,5,,,0,75,,84415,5,0,9 10,0,38,,84406,5,0,61 8,0,156,,84407,5,0,61 8,0,117,,84408,5,0,61 8,0,116,,84409,5,0,61 8,0,89,,84410,5,0,61 8,0,114,,84411,5,0,61 8,0,99,,84416,5,0,61 8,0,102,,84412,5,0,61 8,0,85,,84413,5,0,61 8,0,82,,84403,5,,,0,111,,84404,5,,,0
800,'S2-0_4',700,,86712,10,,,0,33,,86713,10,,,0,67,,86714,10,,,0,31,,86715,10,,,0,80,,86716,10,,,0,110,,86717,10,,,0,117,,86718,10,,,0,111,,86719,10,,,0,110,,86720,10,,,0,152,,86722,10,,,0,110,,86721,10,,,0
800,'S2-0_5',700,,86723,10,,,0,33,,86724,10,,,0,67,,86725,10,,,0,31,,86726,10,,,0,80,,86727,10,,,0,110,,86728,10,,,0,117,,86729,10,,,0,111,,86730,10,,,0,110,,86731,10,,,0,152,,86733,10,,,0,110,,86732,10,,,0
800,'S2-1_3',700,,86734,10,,,0,33,,86735,10,,,0,67,,86736,10,,,0,31,,86737,10,,,0,80,,86738,10,,,0,110,,86739,10,,,0,117,,86740,10,,,0,111,,86741,10,,,0,110,,86742,10,,,0,152,,86744,10,,,0,110,,86743,10,,,0
800,'S2-4_1',700,,86745,10,,,0,33,,86746,10,,,0,67,,86747,10,,,0,31,,86748,10,,,0,80,,86749,10,,,0,110,,86750,10,,,0,117,,86751,10,,,0,111,,86752,10,,,0,110,,86753,10,,,0,152,,86755,10,,,0,110,,86754,10,,,0
800,'S2-4_2',700,,86756,10,,,0,33,,86757,10,,,0,67,,86758,10,,,0,31,,86759,10,,,0,80,,86760,10,,,0,110,,86761,10,,,0,117,,86762,10,,,0,111,,86763,10,,,0,110,,86764,10,,,0,152,,86766,10,,,0,110,,86765,10,,,0
800,'S2-4_4',700,,86767,10,,,0,33,,86768,10,,,0,67,,86769,10,,,0,31,,86770,10,,,0,80,,86771,10,,,0,110,,86772,10,,,0,117,,86773,10,,,0,111,,86774,10,,,0,110,,86775,10,,,0,152,,86777,10,,,0,110,,86776,10,,,0
2200,'S2-0_4',703,,88004,6,0,11 15 16,0,20,,88010,6,0,17,0,102,,88005,6,0,11 15 16,0,513,,88007,6,0,42,0,305,,88008,6,0,42,0,63,,88006,6,0,11 15 16,0,37,,88009,6,0,42,0
2200,'S2-0_5',703,,88011,6,0,11 15 16,0,20,,88017,6,0,17,0,102,,88012,6,0,11 15 16,0,513,,88014,6,0,42,0,305,,88015,6,0,42,0,63,,88013,6,0,11 15 16,0,37,,88016,6,0,42,0
2200,'S2-1_3',703,,88018,6,0,11 15 16,0,20,,88022,6,0,17,0,102,,88019,6,0,11 15 16,0,513,,88021,6,0,42,0,368,,88020,6,0,11 15 16,0
2200,'S2-4_1',703,,88023,6,0,11 15 16,0,20,,88029,6,0,17,0,102,,88024,6,0,11 15 16,0,513,,88026,6,0,42,0,305,,88027,6,0,42,0,63,,88025,6,0,11 15 16,0,37,,88028,6,0,42,0
2200,'S2-4_2',703,,88030,6,0,11 15 16,0,20,,88036,6,0,17,0,102,,88031,6,0,11 15 16,0,513,,88033,6,0,42,0,305,,88034,6,0,42,0,63,,88032,6,0,11 15 16,0,37,,88035,6,0,42,0
2200,'S2-4_4',703,,88037,6,0,11 15 16,0,20,,88043,6,0,17,0,102,,88038,6,0,11 15 16,0,513,,88040,6,0,42,0,305,,88041,6,0,42,0,63,,88039,6,0,11 15 16,0,37,,88042,6,0,42,0
