600,'S2-0_4',712,,86324,21,,,0,20,,86338,21,0,11 12,0,93,,86325,21,,,0,110,,86326,21,0,11 12,0,101,,86327,21,0,11 12,0,90,,86328,21,0,11 12,0,110,,86329,21,0,11 12,0,107,,86330,21,0,11 12,0,97,,86339,21,0,11 12,0,92,,86331,21,0,11 12,0,97,,86332,21,0,11 12,0,83,,86333,21,0,11 12,0,41,,86334,21,0,11 12,0,74,,86335,21,0,11 12,0,31,,86336,21,0,11 12,0,81,,86337,21,0,11 12,0
600,'S2-0_5',712,,86340,21,,,0,20,,86354,21,0,11 12,0,93,,86341,21,,,0,110,,86342,21,0,11 12,0,101,,86343,21,0,11 12,0,90,,86344,21,0,11 12,0,110,,86345,21,0,11 12,0,107,,86346,21,0,11 12,0,97,,86355,21,0,11 12,0,92,,86347,21,0,11 12,0,97,,86348,21,0,11 12,0,83,,86349,21,0,11 12,0,41,,86350,21,0,11 12,0,74,,86351,21,0,11 12,0,31,,86352,21,0,11 12,0,81,,86353,21,0,11 12,0
600,'S2-1_3',712,,86356,21,,,0,20,,86370,21,0,11 12,0,93,,86357,21,,,0,110,,86358,21,0,11 12,0,101,,86359,21,0,11 12,0,90,,86360,21,0,11 12,0,110,,86361,21,0,11 12,0,107,,86362,21,0,11 12,0,97,,86371,21,0,11 12,0,92,,86363,21,0,11 12,0,97,,86364,21,0,11 12,0,83,,86365,21,0,11 12,0,41,,86366,21,0,11 12,0,74,,86367,21,0,11 12,0,31,,86368,21,0,11 12,0,81,,86369,21,0,11 12,0
600,'S2-2_6',800,,86372,21,0,11 12,0,54,,86374,21,0,11 12,0,93,,86375,21,0,11 12,0,87,,86376,21,0,11 12,0,90,,86377,21,0,11 12,0,88,,86378,21,0,11 12,0,88,,86379,21,0,11 12,0,51,,86380,21,0,11 12,0,87,,86381,21,0,11 12,0,98,,86382,21,0,11 12,0,90,,86383,21,0,11 12,0,91,,86384,21,0,11 12,0,90,,86385,21,0,11 12,0,95,,86386,21,0,11 12,0,41,,86373,21,0,11 12,0
600,'S2-4_1',712,,86387,21,,,0,20,,86401,21,0,11 12,0,93,,86388,21,,,0,110,,86389,21,0,11 12,0,101,,86390,21,0,11 12,0,90,,86391,21,0,11 12,0,110,,86392,21,0,11 12,0,107,,86393,21,0,11 12,0,97,,86402,21,0,11 12,0,92,,86394,21,0,11 12,0,97,,86395,21,0,11 12,0,83,,86396,21,0,11 12,0,41,,86397,21,0,11 12,0,74,,86398,21,0,11 12,0,31,,86399,21,0,11 12,0,81,,86400,21,0,11 12,0
600,'S2-4_2',712,,86403,21,,,0,20,,86417,21,0,11 12,0,93,,86404,21,,,0,110,,86405,21,0,11 12,0,101,,86406,21,0,11 12,0,90,,86407,21,0,11 12,0,110,,86408,21,0,11 12,0,107,,86409,21,0,11 12,0,97,,86418,21,0,11 12,0,92,,86410,21,0,11 12,0,97,,86411,21,0,11 12,0,83,,86412,21,0,11 12,0,41,,86413,21,0,11 12,0,74,,86414,21,0,11 12,0,31,,86415,21,0,11 12,0,81,,86416,21,0,11 12,0
600,'S2-4_4',712,,86419,21,,,0,20,,86433,21,0,11 12,0,93,,86420,21,,,0,110,,86421,21,0,11 12,0,101,,86422,21,0,11 12,0,90,,86423,21,0,11 12,0,110,,86424,21,0,11 12,0,107,,86425,21,0,11 12,0,97,,86434,21,0,11 12,0,92,,86426,21,0,11 12,0,97,,86427,21,0,11 12,0,83,,86428,21,0,11 12,0,41,,86429,21,0,11 12,0,74,,86430,21,0,11 12,0,31,,86431,21,0,11 12,0,81,,86432,21,0,11 12,0
900,'S2-0_4',709,,86863,22,,,0,28,,86864,22,,,0,81,,86868,28,,,0,21,,86869,19,,,0,4,,86870,29,,,0,84,,86865,22,,,0,90,,86871,29,,,0,189,,86873,25,,,0,102,,86874,25,,,0,31,,86866,22,,,0,172,,86877,30,,,0,44,,86875,25,,,0,151,,86876,25,,,0,31,,86867,22,,,0,167,,86878,30,,,0
900,'S2-0_5',709,,86882,22,,,0,28,,86883,22,,,0,81,,86887,28,,,0,21,,86888,19,,,0,4,,86889,29,,,0,84,,86884,22,,,0,90,,86890,29,,,0,189,,86892,25,,,0,102,,86893,25,,,0,31,,86885,22,,,0,172,,86896,30,,,0,44,,86894,25,,,0,151,,86895,25,,,0,31,,86886,22,,,0,167,,86897,30,,,0
900,'S2-1_3',709,,86901,22,,,0,28,,86902,22,,,0,81,,86906,28,,,0,21,,86907,19,,,0,4,,86908,29,,,0,84,,86903,22,,,0,90,,86909,29,,,0,189,,86911,25,,,0,102,,86912,25,,,0,31,,86904,22,,,0,172,,86915,30,,,0,44,,86913,25,,,0,151,,86914,25,,,0,31,,86905,22,,,0,167,,86916,30,,,0
900,'S2-2_6',716,,86921,25,,,0,100,,86922,25,,,0,315,,86923,25,,,0,325,,86924,25,,,0,89,,86919,19,,,0,98,,86930,19,,,0,174,,86925,26,,,0,93,,86926,25,,,0
900,'S2-4_1',709,,86932,22,,,0,28,,86933,22,,,0,81,,86937,28,,,0,21,,86938,19,,,0,4,,86939,29,,,0,84,,86934,22,,,0,90,,86940,29,,,0,189,,86942,25,,,0,102,,86943,25,,,0,31,,86935,22,,,0,172,,86946,30,,,0,44,,86944,25,,,0,151,,86945,25,,,0,31,,86936,22,,,0,167,,86947,30,,,0
900,'S2-4_2',709,,86951,22,,,0,28,,86952,22,,,0,81,,86956,28,,,0,21,,86957,19,,,0,4,,86958,29,,,0,84,,86953,22,,,0,90,,86959,29,,,0,189,,86961,25,,,0,102,,86962,25,,,0,31,,86954,22,,,0,172,,86965,30,,,0,44,,86963,25,,,0,151,,86964,25,,,0,31,,86955,22,,,0,167,,86966,30,,,0
900,'S2-4_4',709,,86970,22,,,0,28,,86971,22,,,0,81,,86975,28,,,0,21,,86976,19,,,0,4,,86977,29,,,0,84,,86972,22,,,0,90,,86978,29,,,0,189,,86980,25,,,0,102,,86981,25,,,0,31,,86973,22,,,0,172,,86984,30,,,0,44,,86982,25,,,0,151,,86983,25,,,0,31,,86974,22,,,0,167,,86985,30,,,0
1900,'S2-0_4',738,,87831,24,,,0,105,,87835,24,,,0,974,,87832,24,,,0
1900,'S2-0_5',738,,87839,24,,,0,105,,87843,24,,,0,974,,87840,24,,,0
1900,'S2-1_3',738,,87847,24,,,0,105,,87852,24,,,0,583,,87851,24,,,0,391,,87848,24,,,0
1900,'S2-4_1',738,,87856,24,,,0,105,,87860,24,,,0,974,,87857,24,,,0
1900,'S2-4_2',738,,87864,24,,,0,105,,87868,24,,,0,974,,87865,24,,,0
1900,'S2-4_4',738,,87872,24,,,0,105,,87876,24,,,0,974,,87873,24,,,0
2600,'S2-0_4',652,,88333,4,,,0,51,,88344,4,,,0,45,,88345,4,,,0,56,,88346,4,,,0,44,,88347,4,,,0,69,,88348,4,,,0,96,,88334,4,,,0,99,,88335,4,,,0,93,,88351,4,0,47,0,2,,88356,4,0,47,0,2,,88336,4,,,0,28,,88337,4,,,0,69,,88352,4,,,0,95,,88353,4,,,0,111,,88338,4,,,0,26,,88343,4,0,48,0,19,,88339,4,,,0,65,,88349,4,,,0,30,,88350,4,,,0,60,,88340,4,,,0,10,,88354,4,0,48,0,20,,88341,4,,,0,75,,88342,4,,,0,30,,88355,4,,,0
2600,'S2-0_5',652,,88357,4,,,0,51,,88368,4,,,0,45,,88369,4,,,0,56,,88370,4,,,0,44,,88371,4,,,0,69,,88372,4,,,0,96,,88358,4,,,0,99,,88359,4,,,0,93,,88375,4,0,47,0,2,,88380,4,0,47,0,2,,88360,4,,,0,28,,88361,4,,,0,69,,88376,4,,,0,95,,88377,4,,,0,111,,88362,4,,,0,26,,88367,4,0,48,0,19,,88363,4,,,0,65,,88373,4,,,0,30,,88374,4,,,0,60,,88364,4,,,0,10,,88378,4,0,48,0,20,,88365,4,,,0,75,,88366,4,,,0,30,,88379,4,,,0
2600,'S2-1_3',652,,88381,4,,,0,51,,88392,4,,,0,45,,88393,4,,,0,56,,88394,4,,,0,44,,88395,4,,,0,69,,88396,4,,,0,96,,88382,4,,,0,99,,88383,4,,,0,93,,88399,4,0,47,0,2,,88403,4,0,47,0,2,,88384,4,,,0,28,,88385,4,,,0,69,,88400,4,,,0,95,,88401,4,,,0,111,,88386,4,,,0,45,,88387,4,,,0,65,,88397,4,,,0,30,,88398,4,,,0,60,,88388,4,,,0,30,,88389,4,,,0,75,,88390,4,,,0,30,,88402,4,,,0
2600,'S2-2_6',715,,88404,4,,,0,85,,88405,4,,,0,44,,88406,4,,,0,85,,88407,4,,,0,84,,88408,4,,,0,90,,88409,4,,,0,44,,88410,4,,,0,82,,88411,4,,,0,84,,88412,4,,,0,45,,88413,4,,,0,83,,88414,4,,,0,86,,88415,4,,,0,90,,88416,4,,,0,87,,88417,4,,,0,43,,88418,4,,,0,85,,88419,4,,,0,84,,88420,4,,,0
2600,'S2-4_1',652,,88421,4,,,0,51,,88432,4,,,0,45,,88433,4,,,0,56,,88434,4,,,0,44,,88435,4,,,0,69,,88436,4,,,0,96,,88422,4,,,0,99,,88423,4,,,0,93,,88439,4,0,47,0,2,,88444,4,0,47,0,2,,88424,4,,,0,28,,88425,4,,,0,69,,88440,4,,,0,95,,88441,4,,,0,111,,88426,4,,,0,26,,88431,4,0,48,0,19,,88427,4,,,0,65,,88437,4,,,0,30,,88438,4,,,0,60,,88428,4,,,0,10,,88442,4,0,48,0,20,,88429,4,,,0,75,,88430,4,,,0,30,,88443,4,,,0
2600,'S2-4_2',652,,88445,4,,,0,51,,88456,4,,,0,45,,88457,4,,,0,56,,88458,4,,,0,44,,88459,4,,,0,69,,88460,4,,,0,96,,88446,4,,,0,99,,88447,4,,,0,93,,88463,4,0,47,0,2,,88468,4,0,47,0,2,,88448,4,,,0,28,,88449,4,,,0,69,,88464,4,,,0,95,,88465,4,,,0,111,,88450,4,,,0,26,,88469,4,0,48,0,19,,88451,4,,,0,65,,88461,4,,,0,30,,88462,4,,,0,60,,88452,4,,,0,10,,88466,4,0,48,0,20,,88453,4,,,0,75,,88454,4,,,0,30,,88467,4,,,0
2600,'S2-4_4',652,,88470,4,,,0,51,,88481,4,,,0,45,,88482,4,,,0,56,,88483,4,,,0,44,,88484,4,,,0,69,,88485,4,,,0,96,,88471,4,,,0,99,,88472,4,,,0,93,,88488,4,0,47,0,2,,88493,4,0,47,0,2,,88473,4,,,0,28,,88474,4,,,0,69,,88489,4,,,0,95,,88490,4,,,0,111,,88475,4,,,0,26,,88480,4,0,48,0,19,,88476,4,,,0,65,,88486,4,,,0,30,,88487,4,,,0,60,,88477,4,,,0,10,,88491,4,0,48,0,20,,88478,4,,,0,75,,88479,4,,,0,30,,88492,4,,,0
