401,'S2-0_4',902,,85930,63,4,,0,257,,85932,61,4,,0,157,,85931,63,4,,0,101,,85933,61,4,,0,140,,85934,61,4,,0,275,,85929,64,4,,0,183,,85935,61,4,,0
401,'S2-0_5',902,,85962,63,4,,0,257,,85964,61,4,,0,157,,85963,63,4,,0,101,,85965,61,4,,0,140,,85966,61,4,,0,275,,85961,64,4,,0,183,,85967,61,4,,0
401,'S2-1_3',902,,85994,63,4,,0,257,,85996,61,4,,0,157,,85995,63,4,,0,101,,85997,61,4,,0,140,,85998,61,4,,0,275,,85993,64,4,,0,183,,85999,61,4,,0
401,'S2-2_6',759,,86001,61,4,,0,191,,86002,61,4,,0,202,,86003,61,4,,0,200,,86004,61,4,,0,200,,86005,61,4,,0,206,,86006,61,4,,0,271,,86007,61,4,,0
401,'S2-3_7',1031,,86025,61,4,,0,125,,86026,61,4,,0,166,,86027,61,4,,0,200,,86028,61,4,,0,125,,86029,61,4,,0,165,,86030,61,4,,0,125,,86031,61,4,,0
401,'S2-4_1',902,,86057,63,4,,0,257,,86059,61,4,,0,157,,86058,63,4,,0,101,,86060,61,4,,0,140,,86061,61,4,,0,275,,86056,64,4,,0,183,,86062,61,4,,0
401,'S2-4_2',902,,86089,63,4,,0,257,,86091,61,4,,0,157,,86090,63,4,,0,101,,86092,61,4,,0,140,,86093,61,4,,0,275,,86088,64,4,,0,183,,86094,61,4,,0
401,'S2-4_4',902,,86121,63,4,,0,257,,86123,61,4,,0,157,,86122,63,4,,0,101,,86124,61,4,,0,140,,86125,61,4,,0,275,,86120,64,4,,0,183,,86126,61,4,,0
2901201,'S2-0_4',1714,,91504,15,4,,0,105,,91505,15,4,,0,98,,91503,15,4,,0
2901201,'S2-0_5',1714,,91507,15,4,,0,105,,91508,15,4,,0,98,,91506,15,4,,0
2901201,'S2-1_3',1317,,91510,15,4,,0,397,,91511,15,4,,0,105,,91512,15,4,,0,98,,91509,15,4,,0
2901201,'S2-4_1',1714,,91514,15,4,,0,105,,91515,15,4,,0,98,,91513,15,4,,0
2901201,'S2-4_2',1714,,91517,15,4,,0,105,,91518,15,4,,0,98,,91516,15,4,,0
2901201,'S2-4_4',1714,,91520,15,4,,0,105,,91521,15,4,,0,98,,91519,15,4,,0
