501,'S2-0_4',925,,86230,9,,,0,105,,86231,9,,,0,100,,86232,9,,,0,86,,86233,9,,,0,95,,86234,9,,,0,98,,86235,9,,,0,102,,86236,9,,,0,101,,86237,9,,,0,25,,86239,9,0,13,0,81,,86238,9,,,0,29,,86240,9,0,13,0,75,,86242,9,,,0,19,,86241,9,0,13,0,109,,86243,9,,,0
501,'S2-0_5',925,,86244,9,,,0,105,,86245,9,,,0,100,,86246,9,,,0,86,,86247,9,,,0,95,,86248,9,,,0,98,,86249,9,,,0,102,,86250,9,,,0,101,,86251,9,,,0,25,,86253,9,0,13,0,81,,86252,9,,,0,29,,86254,9,0,13,0,75,,86256,9,,,0,19,,86255,9,0,13,0,109,,86257,9,,,0
501,'S2-1_3',925,,86258,9,,,0,105,,86259,9,,,0,100,,86260,9,,,0,86,,86261,9,,,0,25,,86267,9,0,13,0,70,,86262,9,,,0,98,,86263,9,,,0,102,,86264,9,,,0,101,,86265,9,,,0,106,,86266,9,,,0,104,,86268,9,,,0,128,,86269,9,,,0
501,'S2-2_6',818,,86270,9,,,0,101,,86271,9,,,0,100,,86272,9,,,0,100,,86273,9,,,0,100,,86274,9,,,0,94,,86275,9,,,0,99,,86276,9,,,0,100,,86277,9,,,0,100,,86278,9,,,0,100,,86279,9,,,0,100,,86280,9,,,0,189,,86281,9,,,0
501,'S2-4_1',925,,86282,9,,,0,105,,86283,9,,,0,100,,86284,9,,,0,86,,86285,9,,,0,95,,86286,9,,,0,98,,86287,9,,,0,102,,86288,9,,,0,101,,86289,9,,,0,25,,86291,9,0,13,0,81,,86290,9,,,0,29,,86292,9,0,13,0,75,,86294,9,,,0,19,,86293,9,0,13,0,109,,86295,9,,,0
501,'S2-4_2',925,,86296,9,,,0,105,,86297,9,,,0,100,,86298,9,,,0,86,,86299,9,,,0,95,,86300,9,,,0,98,,86301,9,,,0,102,,86302,9,,,0,101,,86303,9,,,0,25,,86305,9,0,13,0,81,,86304,9,,,0,29,,86306,9,0,13,0,75,,86308,9,,,0,19,,86307,9,0,13,0,109,,86309,9,,,0
501,'S2-4_4',925,,86310,9,,,0,105,,86311,9,,,0,100,,86312,9,,,0,86,,86313,9,,,0,95,,86314,9,,,0,98,,86315,9,,,0,102,,86316,9,,,0,101,,86317,9,,,0,25,,86319,9,0,13,0,81,,86318,9,,,0,29,,86320,9,0,13,0,75,,86322,9,,,0,19,,86321,9,0,13,0,109,,86323,9,,,0
1000001,'S2-0_4',548,,89913,14,,,0,60,,89914,14,,,0,20,,89915,14,,,0,20,,89916,14,,,0,60,,89917,14,,,0,10,,89997,14,,,0,10,,89998,14,,,0,10,,89948,20,,,0,10,,89949,20,,,0,10,,89950,20,,,0,51,,89951,20,,,0,10,,89952,20,,,0,9,,89953,20,,,0,10,,89954,20,,,0,10,,89955,20,,,0,10,,89956,20,,,0,50,,89957,20,,,0,10,,89958,20,,,0,11,,89959,20,,,0,11,,89918,14,,,0,11,,89919,20,,,0,50,,89920,14,,,0,10,,89921,20,,,0,11,,89922,14,,,0,11,,89960,20,,,0,11,,89923,14,,,0,11,,89924,20,,,0,50,,89925,14,,,0,11,,89926,20,,,0,10,,89927,14,,,0,11,,89961,20,,,0,10,,89928,14,,,0,11,,89929,20,,,0,50,,89930,14,,,0,9,,89931,20,,,0,10,,89962,14,,,0,10,,89963,20,,,0,10,,89964,14,,,0,10,,89965,20,,,0,50,,89966,14,,,0,10,,89967,20,,,0,10,,89968,14,,,0,9,,89969,20,,,0,10,,89970,14,,,0,10,,89971,20,,,0,50,,89972,14,,,0,10,,89973,20,,,0,10,,89974,14,,,0,10,,89932,20,,,0,10,,89933,14,,,0,9,,89975,20,,,0,50,,89934,14,,,0,10,,89935,20,,,0,11,,89936,14,,,0,11,,89976,20,,,0,11,,89937,14,,,0,11,,89938,20,,,0,51,,89939,14,,,0,10,,89940,20,,,0,9,,89941,20,,,0,10,,89977,20,,,0,10,,89978,20,,,0,10,,89979,20,,,0,51,,89980,20,,,0,11,,89981,20,,,0,11,,89982,20,,,0,10,,89983,20,,,0,10,,89984,20,,,0,50,,89985,20,,,0,10,,89986,20,,,0,10,,89987,20,,,0,8,,89988,20,,,0,9,,89989,20,,,0,9,,89990,20,,,0,8,,89991,20,,,0,49,,89992,14,,,0,9,,89993,20,,,0,10,,89994,14,,,0,13,,89996,20,,,0,19,,89995,20,,,0,60,,89942,14,,,0,20,,89943,14,,,0,20,,89944,14,,,0,60,,89945,14,,,0,20,,89946,14,,,0,20,,89947,14,,,0
1000001,'S2-0_5',548,,89999,14,,,0,60,,90000,14,,,0,20,,90001,14,,,0,20,,90002,14,,,0,60,,90003,14,,,0,10,,90083,14,,,0,10,,90084,14,,,0,10,,90034,20,,,0,10,,90035,20,,,0,10,,90036,20,,,0,51,,90037,20,,,0,10,,90038,20,,,0,9,,90039,20,,,0,10,,90040,20,,,0,10,,90041,20,,,0,10,,90042,20,,,0,50,,90043,20,,,0,10,,90044,20,,,0,11,,90045,20,,,0,11,,90004,14,,,0,11,,90005,20,,,0,50,,90006,14,,,0,10,,90007,20,,,0,11,,90008,14,,,0,11,,90046,20,,,0,11,,90009,14,,,0,11,,90010,20,,,0,50,,90011,14,,,0,11,,90012,20,,,0,10,,90013,14,,,0,11,,90047,20,,,0,10,,90014,14,,,0,11,,90015,20,,,0,50,,90016,14,,,0,9,,90017,20,,,0,10,,90048,14,,,0,10,,90049,20,,,0,10,,90050,14,,,0,10,,90051,20,,,0,50,,90052,14,,,0,10,,90053,20,,,0,10,,90054,14,,,0,9,,90055,20,,,0,10,,90056,14,,,0,10,,90057,20,,,0,50,,90058,14,,,0,10,,90059,20,,,0,10,,90060,14,,,0,10,,90018,20,,,0,10,,90019,14,,,0,9,,90061,20,,,0,50,,90020,14,,,0,10,,90021,20,,,0,11,,90022,14,,,0,11,,90062,20,,,0,11,,90023,14,,,0,11,,90024,20,,,0,51,,90025,14,,,0,10,,90026,20,,,0,9,,90027,20,,,0,10,,90063,20,,,0,10,,90064,20,,,0,10,,90065,20,,,0,51,,90066,20,,,0,11,,90067,20,,,0,11,,90068,20,,,0,10,,90069,20,,,0,10,,90070,20,,,0,50,,90071,20,,,0,10,,90072,20,,,0,10,,90073,20,,,0,8,,90074,20,,,0,9,,90075,20,,,0,9,,90076,20,,,0,8,,90077,20,,,0,49,,90078,14,,,0,9,,90079,20,,,0,10,,90080,14,,,0,13,,90082,20,,,0,19,,90081,20,,,0,60,,90028,14,,,0,20,,90029,14,,,0,20,,90030,14,,,0,60,,90031,14,,,0,20,,90032,14,,,0,20,,90033,14,,,0
1000001,'S2-1_3',548,,90085,14,,,0,60,,90086,14,,,0,20,,90087,14,,,0,20,,90088,14,,,0,60,,90089,14,,,0,10,,90169,14,,,0,10,,90170,14,,,0,10,,90120,20,,,0,10,,90121,20,,,0,10,,90122,20,,,0,51,,90123,20,,,0,10,,90124,20,,,0,9,,90125,20,,,0,10,,90126,20,,,0,10,,90127,20,,,0,10,,90128,20,,,0,50,,90129,20,,,0,10,,90130,20,,,0,11,,90131,20,,,0,11,,90090,14,,,0,11,,90091,20,,,0,50,,90092,14,,,0,10,,90093,20,,,0,11,,90094,14,,,0,11,,90132,20,,,0,11,,90095,14,,,0,11,,90096,20,,,0,50,,90097,14,,,0,11,,90098,20,,,0,10,,90099,14,,,0,11,,90133,20,,,0,10,,90100,14,,,0,11,,90101,20,,,0,50,,90102,14,,,0,9,,90103,20,,,0,10,,90134,14,,,0,10,,90135,20,,,0,10,,90136,14,,,0,10,,90137,20,,,0,50,,90138,14,,,0,10,,90139,20,,,0,10,,90140,14,,,0,9,,90141,20,,,0,10,,90142,14,,,0,10,,90143,20,,,0,50,,90144,14,,,0,10,,90145,20,,,0,10,,90146,14,,,0,10,,90104,20,,,0,10,,90105,14,,,0,9,,90147,20,,,0,50,,90106,14,,,0,10,,90107,20,,,0,11,,90108,14,,,0,11,,90148,20,,,0,11,,90109,14,,,0,11,,90110,20,,,0,51,,90111,14,,,0,10,,90112,20,,,0,9,,90113,20,,,0,10,,90149,20,,,0,10,,90150,20,,,0,10,,90151,20,,,0,51,,90152,20,,,0,11,,90153,20,,,0,11,,90154,20,,,0,10,,90155,20,,,0,10,,90156,20,,,0,50,,90157,20,,,0,10,,90158,20,,,0,10,,90159,20,,,0,8,,90160,20,,,0,9,,90161,20,,,0,9,,90162,20,,,0,8,,90163,20,,,0,49,,90164,14,,,0,9,,90165,20,,,0,10,,90166,14,,,0,13,,90168,20,,,0,19,,90167,20,,,0,60,,90114,14,,,0,20,,90115,14,,,0,20,,90116,14,,,0,60,,90117,14,,,0,20,,90118,14,,,0,20,,90119,14,,,0
1000001,'S2-2_6',548,,90171,14,,,0,81,,90172,14,,,0,80,,90173,14,,,0,30,,90174,14,,,0,69,,90175,20,,,0,29,,90176,20,,,0,15,,90177,14,,,0,55,,90178,14,,,0,15,,90179,20,,,0,15,,90180,14,,,0,15,,90181,14,,,0,55,,90182,20,,,0,16,,90183,14,,,0,15,,90184,14,,,0,16,,90185,20,,,0,55,,90186,14,,,0,15,,90187,14,,,0,16,,90188,20,,,0,15,,90189,14,,,0,56,,90190,14,,,0,15,,90191,20,,,0,14,,90192,14,,,0,16,,90193,14,,,0,56,,90194,20,,,0,9,,90195,14,,,0,10,,90196,14,,,0,8,,90197,14,,,0,10,,90199,14,,,0,10,,90198,20,,,0,50,,90200,14,,,0,11,,90201,14,,,0,12,,90202,20,,,0,10,,90203,14,,,0,9,,90204,14,,,0,50,,90205,14,,,0,11,,90206,20,,,0,10,,90207,14,,,0,10,,90208,14,,,0,11,,90209,14,,,0,11,,90210,20,,,0,49,,90211,14,,,0,10,,90212,14,,,0,10,,90213,14,,,0,12,,90214,20,,,0,9,,90215,14,,,0,9,,90216,14,,,0,49,,90217,14,,,0,10,,90219,14,,,0,9,,90218,20,,,0,10,,90220,14,,,0,10,,90221,14,,,0,10,,90223,14,,,0,50,,90222,20,,,0,9,,90224,14,,,0,9,,90225,14,,,0,9,,90227,14,,,0,10,,90226,20,,,0,10,,90228,14,,,0,53,,90229,14,,,0,19,,90230,20,,,0,17,,90231,14,,,0,21,,90232,14,,,0,61,,90233,14,,,0,17,,90234,14,,,0,19,,90235,14,,,0,60,,90236,14,,,0,20,,90237,14,,,0,20,,90238,14,,,0
1000001,'S2-3_7',817,,90239,14,,,0,40,,90240,14,,,0,80,,90241,14,,,0,80,,90242,14,,,0,40,,90243,14,,,0,80,,90244,14,,,0,80,,90245,14,,,0,40,,90246,14,,,0,80,,90247,14,,,0,80,,90248,14,,,0,40,,90249,14,,,0,80,,90250,14,,,0,80,,90251,14,,,0,40,,90252,14,,,0,80,,90253,14,,,0,80,,90254,14,,,0,40,,90255,14,,,0,80,,90256,14,,,0
1000001,'S2-4_1',548,,90257,14,,,0,60,,90258,14,,,0,20,,90259,14,,,0,20,,90260,14,,,0,60,,90261,14,,,0,10,,90341,14,,,0,10,,90342,14,,,0,10,,90292,20,,,0,10,,90293,20,,,0,10,,90294,20,,,0,51,,90295,20,,,0,10,,90296,20,,,0,9,,90297,20,,,0,10,,90298,20,,,0,10,,90299,20,,,0,10,,90300,20,,,0,50,,90301,20,,,0,10,,90302,20,,,0,11,,90303,20,,,0,11,,90262,14,,,0,11,,90263,20,,,0,50,,90264,14,,,0,10,,90265,20,,,0,11,,90266,14,,,0,11,,90304,20,,,0,11,,90267,14,,,0,11,,90268,20,,,0,50,,90269,14,,,0,11,,90270,20,,,0,10,,90271,14,,,0,11,,90305,20,,,0,10,,90272,14,,,0,11,,90273,20,,,0,50,,90274,14,,,0,9,,90275,20,,,0,10,,90306,14,,,0,10,,90307,20,,,0,10,,90308,14,,,0,10,,90309,20,,,0,50,,90310,14,,,0,10,,90311,20,,,0,10,,90312,14,,,0,9,,90313,20,,,0,10,,90314,14,,,0,10,,90315,20,,,0,50,,90316,14,,,0,10,,90317,20,,,0,10,,90318,14,,,0,10,,90276,20,,,0,10,,90277,14,,,0,9,,90319,20,,,0,50,,90278,14,,,0,10,,90279,20,,,0,11,,90280,14,,,0,11,,90320,20,,,0,11,,90281,14,,,0,11,,90282,20,,,0,51,,90283,14,,,0,10,,90284,20,,,0,9,,90285,20,,,0,10,,90321,20,,,0,10,,90322,20,,,0,10,,90323,20,,,0,51,,90324,20,,,0,11,,90325,20,,,0,11,,90326,20,,,0,10,,90327,20,,,0,10,,90328,20,,,0,50,,90329,20,,,0,10,,90330,20,,,0,10,,90331,20,,,0,8,,90332,20,,,0,9,,90333,20,,,0,9,,90334,20,,,0,8,,90335,20,,,0,49,,90336,14,,,0,9,,90337,20,,,0,10,,90338,14,,,0,13,,90340,20,,,0,19,,90339,20,,,0,60,,90286,14,,,0,20,,90287,14,,,0,20,,90288,14,,,0,60,,90289,14,,,0,20,,90290,14,,,0,20,,90291,14,,,0
1000001,'S2-4_2',548,,90343,14,,,0,60,,90344,14,,,0,20,,90345,14,,,0,20,,90346,14,,,0,60,,90347,14,,,0,10,,90427,14,,,0,10,,90428,14,,,0,10,,90378,20,,,0,10,,90379,20,,,0,10,,90380,20,,,0,51,,90381,20,,,0,10,,90382,20,,,0,9,,90383,20,,,0,10,,90384,20,,,0,10,,90385,20,,,0,10,,90386,20,,,0,50,,90387,20,,,0,10,,90388,20,,,0,11,,90389,20,,,0,11,,90348,14,,,0,11,,90349,20,,,0,50,,90350,14,,,0,10,,90351,20,,,0,11,,90352,14,,,0,11,,90390,20,,,0,11,,90353,14,,,0,11,,90354,20,,,0,50,,90355,14,,,0,11,,90356,20,,,0,10,,90357,14,,,0,11,,90391,20,,,0,10,,90358,14,,,0,11,,90359,20,,,0,50,,90360,14,,,0,9,,90361,20,,,0,10,,90392,14,,,0,10,,90393,20,,,0,10,,90394,14,,,0,10,,90395,20,,,0,50,,90396,14,,,0,10,,90397,20,,,0,10,,90398,14,,,0,9,,90399,20,,,0,10,,90400,14,,,0,10,,90401,20,,,0,50,,90402,14,,,0,10,,90403,20,,,0,10,,90404,14,,,0,10,,90362,20,,,0,10,,90363,14,,,0,9,,90405,20,,,0,50,,90364,14,,,0,10,,90365,20,,,0,11,,90366,14,,,0,11,,90406,20,,,0,11,,90367,14,,,0,11,,90368,20,,,0,51,,90369,14,,,0,10,,90370,20,,,0,9,,90371,20,,,0,10,,90407,20,,,0,10,,90408,20,,,0,10,,90409,20,,,0,51,,90410,20,,,0,11,,90411,20,,,0,11,,90412,20,,,0,10,,90413,20,,,0,10,,90414,20,,,0,50,,90415,20,,,0,10,,90416,20,,,0,10,,90417,20,,,0,8,,90418,20,,,0,9,,90419,20,,,0,9,,90420,20,,,0,8,,90421,20,,,0,49,,90422,14,,,0,9,,90423,20,,,0,10,,90424,14,,,0,13,,90426,20,,,0,19,,90425,20,,,0,60,,90372,14,,,0,20,,90373,14,,,0,20,,90374,14,,,0,60,,90375,14,,,0,20,,90376,14,,,0,20,,90377,14,,,0
1000001,'S2-4_4',548,,90429,14,,,0,60,,90430,14,,,0,20,,90431,14,,,0,20,,90432,14,,,0,60,,90433,14,,,0,10,,90513,14,,,0,10,,90514,14,,,0,10,,90464,20,,,0,10,,90465,20,,,0,10,,90466,20,,,0,51,,90467,20,,,0,10,,90468,20,,,0,9,,90469,20,,,0,10,,90470,20,,,0,10,,90471,20,,,0,10,,90472,20,,,0,50,,90473,20,,,0,10,,90474,20,,,0,11,,90475,20,,,0,11,,90434,14,,,0,11,,90435,20,,,0,50,,90436,14,,,0,10,,90437,20,,,0,11,,90438,14,,,0,11,,90476,20,,,0,11,,90439,14,,,0,11,,90440,20,,,0,50,,90441,14,,,0,11,,90442,20,,,0,10,,90443,14,,,0,11,,90477,20,,,0,10,,90444,14,,,0,11,,90445,20,,,0,50,,90446,14,,,0,9,,90447,20,,,0,10,,90478,14,,,0,10,,90479,20,,,0,10,,90480,14,,,0,10,,90481,20,,,0,50,,90482,14,,,0,10,,90483,20,,,0,10,,90484,14,,,0,9,,90485,20,,,0,10,,90486,14,,,0,10,,90487,20,,,0,50,,90488,14,,,0,10,,90489,20,,,0,10,,90490,14,,,0,10,,90448,20,,,0,10,,90449,14,,,0,9,,90491,20,,,0,50,,90450,14,,,0,10,,90451,20,,,0,11,,90452,14,,,0,11,,90492,20,,,0,11,,90453,14,,,0,11,,90454,20,,,0,51,,90455,14,,,0,10,,90456,20,,,0,9,,90457,20,,,0,10,,90493,20,,,0,10,,90494,20,,,0,10,,90495,20,,,0,51,,90496,20,,,0,11,,90497,20,,,0,11,,90498,20,,,0,10,,90499,20,,,0,10,,90500,20,,,0,50,,90501,20,,,0,10,,90502,20,,,0,10,,90503,20,,,0,8,,90504,20,,,0,9,,90505,20,,,0,9,,90506,20,,,0,8,,90507,20,,,0,49,,90508,14,,,0,9,,90509,20,,,0,10,,90510,14,,,0,13,,90512,20,,,0,19,,90511,20,,,0,60,,90458,14,,,0,20,,90459,14,,,0,20,,90460,14,,,0,60,,90461,14,,,0,20,,90462,14,,,0,20,,90463,14,,,0
3000001,'S2-0_4',703,,91893,22,,,0,23,,91852,22,,,0,20,,91853,22,,,0,60,,91854,22,,,0,20,,91855,22,,,0,21,,91856,22,,,0,60,,91857,22,,,0,20,,91858,22,,,0,20,,91859,22,,,0,60,,91860,22,,,0,20,,91861,22,,,0,20,,91862,22,,,0,60,,91863,22,,,0,19,,91864,22,,,0,19,,91865,22,,,0,61,,91866,22,,,0,21,,91867,22,,,0,20,,91868,22,,,0,60,,91869,22,,,0,19,,91870,22,,,0,20,,91871,22,,,0,60,,91872,22,,,0,20,,91873,22,,,0,20,,91874,22,,,0,61,,91875,22,,,0,21,,91876,22,,,0,22,,91877,22,,,0,60,,91878,22,,,0,20,,91879,22,,,0,19,,91880,22,,,0,64,,91881,22,,,0,23,,91882,22,,,0,18,,91883,22,,,0,59,,91884,22,,,0,15,,91885,22,,,0,18,,91886,22,,,0,60,,91887,22,,,0,19,,91888,22,,,0,22,,91889,22,,,0,66,,91890,22,,,0,28,,91891,22,,,0,71,,91892,22,,,0
3000001,'S2-0_5',703,,91942,22,,,0,23,,91901,22,,,0,20,,91902,22,,,0,60,,91903,22,,,0,20,,91904,22,,,0,21,,91905,22,,,0,60,,91906,22,,,0,20,,91907,22,,,0,20,,91908,22,,,0,60,,91909,22,,,0,20,,91910,22,,,0,20,,91911,22,,,0,60,,91912,22,,,0,19,,91913,22,,,0,19,,91914,22,,,0,61,,91915,22,,,0,21,,91916,22,,,0,20,,91917,22,,,0,60,,91918,22,,,0,19,,91919,22,,,0,20,,91920,22,,,0,60,,91921,22,,,0,20,,91922,22,,,0,20,,91923,22,,,0,61,,91924,22,,,0,21,,91925,22,,,0,22,,91926,22,,,0,60,,91927,22,,,0,20,,91928,22,,,0,19,,91929,22,,,0,64,,91930,22,,,0,23,,91931,22,,,0,18,,91932,22,,,0,59,,91933,22,,,0,15,,91934,22,,,0,18,,91935,22,,,0,60,,91936,22,,,0,19,,91937,22,,,0,22,,91938,22,,,0,66,,91939,22,,,0,28,,91940,22,,,0,71,,91941,22,,,0
3000001,'S2-1_3',703,,91991,22,,,0,23,,91950,22,,,0,20,,91951,22,,,0,60,,91952,22,,,0,20,,91953,22,,,0,21,,91954,22,,,0,60,,91955,22,,,0,20,,91956,22,,,0,20,,91957,22,,,0,60,,91958,22,,,0,20,,91959,22,,,0,20,,91960,22,,,0,60,,91961,22,,,0,19,,91962,22,,,0,19,,91963,22,,,0,61,,91964,22,,,0,21,,91965,22,,,0,20,,91966,22,,,0,60,,91967,22,,,0,19,,91968,22,,,0,20,,91969,22,,,0,60,,91970,22,,,0,20,,91971,22,,,0,20,,91972,22,,,0,61,,91973,22,,,0,21,,91974,22,,,0,22,,91975,22,,,0,60,,91976,22,,,0,20,,91977,22,,,0,19,,91978,22,,,0,64,,91979,22,,,0,23,,91980,22,,,0,18,,91981,22,,,0,59,,91982,22,,,0,15,,91983,22,,,0,18,,91984,22,,,0,60,,91985,22,,,0,19,,91986,22,,,0,22,,91987,22,,,0,66,,91988,22,,,0,28,,91989,22,,,0,71,,91990,22,,,0
3000001,'S2-2_6',655,,91999,22,,,0,82,,92000,22,,,0,84,,92001,22,,,0,38,,92002,22,,,0,62,,92003,22,,,0,19,,92004,22,,,0,61,,92005,22,,,0,20,,92006,22,,,0,20,,92007,22,,,0,60,,92008,22,,,0,20,,92009,22,,,0,19,,92010,22,,,0,61,,92011,22,,,0,20,,92012,22,,,0,19,,92013,22,,,0,19,,92014,22,,,0,60,,92015,22,,,0,21,,92016,22,,,0,60,,92017,22,,,0,21,,92018,22,,,0,20,,92019,22,,,0,60,,92020,22,,,0,21,,92021,22,,,0,20,,92022,22,,,0,60,,92023,22,,,0,20,,92024,22,,,0,20,,92025,22,,,0,61,,92026,22,,,0,20,,92027,22,,,0,20,,92028,22,,,0,59,,92029,22,,,0,19,,92030,22,,,0,19,,92031,22,,,0,60,,92032,22,,,0,18,,92033,22,,,0,31,,92035,22,,,0,67,,92036,22,,,0,30,,92034,22,,,0,68,,92037,22,,,0
3000001,'S2-3_7',902,,92038,22,,,0,130,,92046,22,,,0,170,,92045,22,,,0,130,,92044,22,,,0,170,,92041,22,,,0,130,,92042,22,,,0,170,,92043,22,,,0,130,,92040,22,,,0,170,,92039,22,,,0
3000001,'S2-4_1',703,,92088,22,,,0,23,,92047,22,,,0,20,,92048,22,,,0,60,,92049,22,,,0,20,,92050,22,,,0,21,,92051,22,,,0,60,,92052,22,,,0,20,,92053,22,,,0,20,,92054,22,,,0,60,,92055,22,,,0,20,,92056,22,,,0,20,,92057,22,,,0,60,,92058,22,,,0,19,,92059,22,,,0,19,,92060,22,,,0,61,,92061,22,,,0,21,,92062,22,,,0,20,,92063,22,,,0,60,,92064,22,,,0,19,,92065,22,,,0,20,,92066,22,,,0,60,,92067,22,,,0,20,,92068,22,,,0,20,,92069,22,,,0,61,,92070,22,,,0,21,,92071,22,,,0,22,,92072,22,,,0,60,,92073,22,,,0,20,,92074,22,,,0,19,,92075,22,,,0,64,,92076,22,,,0,23,,92077,22,,,0,18,,92078,22,,,0,59,,92079,22,,,0,15,,92080,22,,,0,18,,92081,22,,,0,60,,92082,22,,,0,19,,92083,22,,,0,22,,92084,22,,,0,66,,92085,22,,,0,28,,92086,22,,,0,71,,92087,22,,,0
3000001,'S2-4_2',703,,92137,22,,,0,23,,92096,22,,,0,20,,92097,22,,,0,60,,92098,22,,,0,20,,92099,22,,,0,21,,92100,22,,,0,60,,92101,22,,,0,20,,92102,22,,,0,20,,92103,22,,,0,60,,92104,22,,,0,20,,92105,22,,,0,20,,92106,22,,,0,60,,92107,22,,,0,19,,92108,22,,,0,19,,92109,22,,,0,61,,92110,22,,,0,21,,92111,22,,,0,20,,92112,22,,,0,60,,92113,22,,,0,19,,92114,22,,,0,20,,92115,22,,,0,60,,92116,22,,,0,20,,92117,22,,,0,20,,92118,22,,,0,61,,92119,22,,,0,21,,92120,22,,,0,22,,92121,22,,,0,60,,92122,22,,,0,20,,92123,22,,,0,19,,92124,22,,,0,64,,92125,22,,,0,23,,92126,22,,,0,18,,92127,22,,,0,59,,92128,22,,,0,15,,92129,22,,,0,18,,92130,22,,,0,60,,92131,22,,,0,19,,92132,22,,,0,22,,92133,22,,,0,66,,92134,22,,,0,28,,92135,22,,,0,71,,92136,22,,,0
3000001,'S2-4_4',703,,92186,22,,,0,23,,92145,22,,,0,20,,92146,22,,,0,60,,92147,22,,,0,20,,92148,22,,,0,21,,92149,22,,,0,60,,92150,22,,,0,20,,92151,22,,,0,20,,92152,22,,,0,60,,92153,22,,,0,20,,92154,22,,,0,20,,92155,22,,,0,60,,92156,22,,,0,19,,92157,22,,,0,19,,92158,22,,,0,61,,92159,22,,,0,21,,92160,22,,,0,20,,92161,22,,,0,60,,92162,22,,,0,19,,92163,22,,,0,20,,92164,22,,,0,60,,92165,22,,,0,20,,92166,22,,,0,20,,92167,22,,,0,61,,92168,22,,,0,21,,92169,22,,,0,22,,92170,22,,,0,60,,92171,22,,,0,20,,92172,22,,,0,19,,92173,22,,,0,64,,92174,22,,,0,23,,92175,22,,,0,18,,92176,22,,,0,59,,92177,22,,,0,15,,92178,22,,,0,18,,92179,22,,,0,60,,92180,22,,,0,19,,92181,22,,,0,22,,92182,22,,,0,66,,92183,22,,,0,28,,92184,22,,,0,71,,92185,22,,,0
