400,'S2-0_4',736,,85693,31,0,43,0,16,,85701,31,0,40,0,55,,85670,31,0,40,0,13,,85671,31,0,40,0,14,,85695,31,0,40,0,14,,85672,31,0,40,0,53,,85673,31,0,40,0,30,,85674,31,0,40,0,79,,85675,43,0,40,0,31,,85676,31,0,40,0,71,,85677,31,0,40,0,36,,85678,31,0,40,0,77,,85679,31,0,40,0,22,,85699,31,,,0,65,,85696,43,0,40,0,29,,85680,31,0,40,0,67,,85681,31,0,40,0,30,,85684,43,0,40,0,75,,85682,31,0,40,0,30,,85685,43,0,40,0,79,,85683,31,0,40,0,29,,85702,31,0,40,0,70,,85686,43,0,40,0,5,,85697,15,0,40,0,12,,85687,31,0,40,0,14,,85703,31,,,0,54,,85689,31,0,40,0,24,,85692,15,0,40,0,17,,85700,31,,,0,75,,85690,31,0,40,0,24,,85691,43,0,40,0
400,'S2-0_5',736,,85727,31,0,43,0,16,,85735,31,0,40,0,55,,85704,31,0,40,0,13,,85705,31,0,40,0,14,,85729,31,0,40,0,14,,85706,31,0,40,0,53,,85707,31,0,40,0,30,,85708,31,0,40,0,79,,85709,43,0,40,0,31,,85710,31,0,40,0,71,,85711,31,0,40,0,36,,85712,31,0,40,0,77,,85713,31,0,40,0,22,,85733,31,,,0,65,,85730,43,0,40,0,29,,85714,31,0,40,0,67,,85715,31,0,40,0,30,,85718,43,0,40,0,75,,85716,31,0,40,0,30,,85719,43,0,40,0,79,,85717,31,0,40,0,29,,85736,31,0,40,0,70,,85720,43,0,40,0,5,,85731,15,0,40,0,12,,85721,31,0,40,0,14,,85737,31,,,0,54,,85723,31,0,40,0,24,,85726,15,0,40,0,17,,85734,31,,,0,75,,85724,31,0,40,0,24,,85725,43,0,40,0
400,'S2-1_3',736,,85760,31,0,43,0,16,,85768,31,0,40,0,55,,85738,31,0,40,0,13,,85739,31,0,40,0,14,,85762,31,0,40,0,14,,85740,31,0,40,0,53,,85741,31,0,40,0,30,,85742,31,0,40,0,79,,85743,43,0,40,0,31,,85744,31,0,40,0,71,,85745,31,0,40,0,36,,85746,31,0,40,0,77,,85747,31,0,40,0,22,,85766,31,,,0,65,,85763,43,0,40,0,29,,85748,31,0,40,0,67,,85749,31,0,40,0,30,,85752,43,0,40,0,75,,85750,31,0,40,0,30,,85753,43,0,40,0,79,,85751,31,0,40,0,29,,85769,31,0,40,0,70,,85754,43,0,40,0,5,,85764,15,0,40,0,12,,85755,31,0,40,0,14,,85770,31,,,0,54,,85757,31,0,40,0,24,,85756,43,0,40,0,17,,85767,31,,,0,75,,85758,31,0,40,0,24,,85759,43,0,40,0
400,'S2-2_6',731,,85777,31,0,40,0,105,,85778,31,0,40,0,73,,85771,43,0,40,0,27,,85779,31,0,40,0,72,,85780,31,0,40,0,30,,85781,31,0,40,0,71,,85772,43,0,40,0,31,,85782,31,0,40,0,69,,85784,31,0,40,0,30,,85783,31,0,40,0,69,,85773,43,0,40,0,31,,85785,31,0,40,0,70,,85786,31,0,40,0,29,,85787,31,0,40,0,73,,85774,43,0,40,0,32,,85788,31,0,40,0,70,,85789,31,0,40,0,30,,85790,31,0,40,0,73,,85775,43,0,40,0,33,,85791,31,0,40,0,71,,85792,31,0,40,0,31,,85793,31,0,40,0,69,,85776,43,0,40,0,31,,85794,31,0,40,0
400,'S2-3_7',846,,85795,43,0,40,0,165,,85796,43,0,40,0,125,,85797,43,0,40,0,200,,85798,43,0,40,0,166,,85799,43,0,40,0,125,,85800,43,0,40,0,126,,85801,43,0,40,0,164,,85802,43,0,40,0
400,'S2-4_1',736,,85826,31,0,43,0,16,,85834,31,0,40,0,55,,85803,31,0,40,0,13,,85804,31,0,40,0,14,,85828,31,0,40,0,14,,85805,31,0,40,0,53,,85806,31,0,40,0,30,,85807,31,0,40,0,79,,85808,43,0,40,0,31,,85809,31,0,40,0,71,,85810,31,0,40,0,36,,85811,31,0,40,0,77,,85812,31,0,40,0,22,,85832,31,,,0,65,,85829,43,0,40,0,29,,85813,31,0,40,0,67,,85814,31,0,40,0,30,,85817,43,0,40,0,75,,85815,31,0,40,0,30,,85818,43,0,40,0,79,,85816,31,0,40,0,29,,85835,31,0,40,0,70,,85819,43,0,40,0,5,,85830,15,0,40,0,12,,85820,31,0,40,0,14,,85836,31,,,0,54,,85822,31,0,40,0,24,,85825,15,0,40,0,17,,85833,31,,,0,75,,85823,31,0,40,0,24,,85824,43,0,40,0
400,'S2-4_2',736,,85860,31,0,43,0,16,,85868,31,0,40,0,55,,85837,31,0,40,0,13,,85838,31,0,40,0,14,,85862,31,0,40,0,14,,85839,31,0,40,0,53,,85840,31,0,40,0,30,,85841,31,0,40,0,79,,85842,43,0,40,0,31,,85843,31,0,40,0,71,,85844,31,0,40,0,36,,85845,31,0,40,0,77,,85846,31,0,40,0,22,,85866,31,,,0,65,,85863,43,0,40,0,29,,85847,31,0,40,0,67,,85848,31,0,40,0,30,,85851,43,0,40,0,75,,85849,31,0,40,0,30,,85852,43,0,40,0,79,,85850,31,0,40,0,29,,85869,31,0,40,0,70,,85853,43,0,40,0,5,,85864,15,0,40,0,12,,85854,31,0,40,0,14,,85870,31,,,0,54,,85856,31,0,40,0,24,,85859,15,0,40,0,17,,85867,31,,,0,75,,85857,31,0,40,0,24,,85858,43,0,40,0
400,'S2-4_4',736,,85894,31,0,43,0,16,,85902,31,0,40,0,55,,85871,31,0,40,0,13,,85872,31,0,40,0,14,,85896,31,0,40,0,14,,85873,31,0,40,0,53,,85874,31,0,40,0,30,,85875,31,0,40,0,79,,85876,43,0,40,0,31,,85877,31,0,40,0,71,,85878,31,0,40,0,36,,85879,31,0,40,0,77,,85880,31,0,40,0,22,,85900,31,,,0,65,,85897,43,0,40,0,29,,85881,31,0,40,0,67,,85882,31,0,40,0,30,,85885,43,0,40,0,75,,85883,31,0,40,0,30,,85886,43,0,40,0,79,,85884,31,0,40,0,29,,85903,31,0,40,0,70,,85887,43,0,40,0,5,,85898,15,0,40,0,12,,85888,31,0,40,0,14,,85904,31,,,0,54,,85890,31,0,40,0,24,,85893,15,0,40,0,17,,85901,31,,,0,75,,85891,31,0,40,0,24,,85892,43,0,40,0
2300,'S2-0_4',1612,,88084,12,,,0,104,,88085,12,,,0,98,,88086,12,,,0
2300,'S2-0_5',1612,,88087,12,,,0,104,,88088,12,,,0,98,,88089,12,,,0
2300,'S2-1_3',1218,,88091,12,,,0,3,,88090,12,,,0
2300,'S2-4_1',1612,,88092,12,,,0,104,,88093,12,,,0,98,,88094,12,,,0
2300,'S2-4_2',1612,,88095,12,,,0,104,,88096,12,,,0,98,,88097,12,,,0
2300,'S2-4_4',1612,,88098,12,,,0,104,,88099,12,,,0,98,,88100,12,,,0
