200,'S2-0_4',727,,84669,26,0,35 37,0,5,,84701,29,0,38,0,21,,84702,29,0,38,0,60,,84696,17,0,34,0,15,,84676,29,0,35 37,0,15,,84703,26,0,38,0,83,,84697,17,0,34,0,16,,84680,26,0,35 37,0,90,,84683,26,0,34,0,69,,84671,29,0,35 37,0,40,,84684,26,0,34,0,74,,84691,17,0,35 37,0,26,,84681,29,0,34,0,60,,84692,26,0,35 37,0,27,,84686,17,0,34,0,25,,84672,26,0,35 37,0,70,,84685,29,0,34,0,30,,84693,26,0,35 37,0,70,,84682,26,0,34,0,25,,84699,29,0,38,0,67,,84694,26,0,35 37,0,18,,84700,26,0,34,0,15,,84704,17,0,38,0,72,,84673,17,0,35 37,0,9,,84705,26,0,38,0,10,,84687,29,0,34,0,14,,84677,26,0,38,0,60,,84695,29,0,35 37,0,14,,84678,26,0,38,0,15,,84688,29,0,34,0,14,,84706,26,0,38,0,60,,84679,29,0,38,0,15,,84674,26,0,35 37,0,10,,84689,29,0,34,0
200,'S2-0_5',727,,84708,26,0,35 37,0,5,,84740,29,0,38,0,21,,84741,29,0,38,0,60,,84735,17,0,34,0,15,,84715,29,0,35 37,0,15,,84742,26,0,38,0,83,,84736,17,0,34,0,16,,84719,26,0,35 37,0,90,,84722,26,0,34,0,69,,84710,29,0,35 37,0,40,,84723,26,0,34,0,74,,84730,17,0,35 37,0,26,,84720,29,0,34,0,60,,84731,26,0,35 37,0,27,,84725,17,0,34,0,25,,84711,26,0,35 37,0,70,,84724,29,0,34,0,30,,84732,26,0,35 37,0,70,,84721,26,0,34,0,25,,84738,29,0,38,0,67,,84733,26,0,35 37,0,18,,84739,26,0,34,0,15,,84743,17,0,38,0,72,,84712,17,0,35 37,0,9,,84744,26,0,38,0,10,,84726,29,0,34,0,14,,84716,26,0,38,0,60,,84734,29,0,35 37,0,14,,84717,26,0,38,0,15,,84727,29,0,34,0,14,,84745,26,0,38,0,60,,84718,29,0,38,0,15,,84713,26,0,35 37,0,10,,84728,29,0,34,0
200,'S2-1_3',727,,84747,26,0,35 37,0,5,,84779,29,0,38,0,21,,84780,29,0,38,0,60,,84774,17,0,34,0,15,,84754,29,0,35 37,0,15,,84781,26,0,38,0,83,,84775,17,0,34,0,16,,84758,26,0,35 37,0,90,,84761,26,0,34,0,69,,84749,29,0,35 37,0,40,,84762,26,0,34,0,74,,84769,17,0,35 37,0,26,,84759,29,0,34,0,60,,84770,26,0,35 37,0,27,,84764,17,0,34,0,25,,84750,26,0,35 37,0,70,,84763,29,0,34,0,30,,84771,26,0,35 37,0,70,,84760,26,0,34,0,25,,84777,29,0,38,0,67,,84772,26,0,35 37,0,18,,84778,26,0,34,0,15,,84782,17,0,38,0,72,,84751,17,0,35 37,0,9,,84783,26,0,38,0,10,,84765,29,0,34,0,14,,84755,26,0,38,0,60,,84773,29,0,35 37,0,14,,84756,26,0,38,0,15,,84766,29,0,34,0,14,,84784,26,0,38,0,60,,84757,29,0,38,0,15,,84752,26,0,35 37,0,10,,84767,29,0,34,0
200,'S2-2_6',720,,84786,29,0,34,0,31,,84797,26,0,35 37,0,60,,84809,17,0,38,0,20,,84787,29,0,34,0,25,,84798,26,0,35 37,0,60,,84810,29,0,38,0,21,,84788,26,0,34,0,64,,84799,17,0,35 37,0,20,,84811,17,0,38,0,21,,84789,29,0,34,0,65,,84800,26,0,35 37,0,22,,84812,17,0,38,0,23,,84790,29,0,34,0,64,,84801,26,0,35 37,0,20,,84813,17,0,38,0,20,,84791,27,0,34,0,60,,84802,17,0,35 37,0,20,,84814,26,0,38,0,20,,84792,29,0,34,0,60,,84803,26,0,35 37,0,21,,84815,17,0,38,0,21,,84793,29,0,34,0,61,,84804,26,0,35 37,0,21,,84816,17,0,38,0,64,,84794,29,0,34,0,27,,84805,26,0,35 37,0,18,,84817,17,0,38,0,59,,84795,29,0,34,0,24,,84806,26,0,35 37,0,18,,84818,17,0,38,0,57,,84796,29,0,34,0,20,,84820,26,0,35 37,0,25,,84819,17,0,38,0,66,,84807,29,0,35 37,0,23,,84808,26,0,34,0
200,'S2-3_7',945,,84821,26,0,38,0,165,,84822,26,0,38,0,125,,84823,26,0,38,0,110,,84824,26,0,38,0,165,,84825,26,0,38,0,125,,84826,26,0,38,0,165,,84827,26,0,38,0,125,,84828,26,0,38,0
200,'S2-4_1',727,,84829,26,0,35 37,0,5,,84861,29,0,38,0,21,,84862,29,0,38,0,60,,84856,17,0,34,0,15,,84836,29,0,35 37,0,15,,84863,26,0,38,0,83,,84857,17,0,34,0,16,,84840,26,0,35 37,0,90,,84843,26,0,34,0,69,,84831,29,0,35 37,0,40,,84844,26,0,34,0,74,,84851,17,0,35 37,0,26,,84841,29,0,34,0,60,,84852,26,0,35 37,0,27,,84846,17,0,34,0,25,,84832,26,0,35 37,0,70,,84845,29,0,34,0,30,,84853,26,0,35 37,0,70,,84842,26,0,34,0,25,,84859,29,0,38,0,67,,84854,26,0,35 37,0,18,,84860,26,0,34,0,15,,84864,17,0,38,0,72,,84833,17,0,35 37,0,9,,84865,26,0,38,0,10,,84847,29,0,34,0,14,,84837,26,0,38,0,60,,84855,29,0,35 37,0,14,,84838,26,0,38,0,15,,84848,29,0,34,0,14,,84866,26,0,38,0,60,,84839,29,0,38,0,15,,84834,26,0,35 37,0,10,,84849,29,0,34,0
200,'S2-4_2',727,,84868,26,0,35 37,0,5,,84900,29,0,38,0,21,,84901,29,0,38,0,60,,84895,17,0,34,0,15,,84875,29,0,35 37,0,15,,84902,26,0,38,0,83,,84896,17,0,34,0,16,,84879,26,0,35 37,0,90,,84882,26,0,34,0,69,,84870,29,0,35 37,0,40,,84883,26,0,34,0,74,,84890,17,0,35 37,0,26,,84880,29,0,34,0,60,,84891,26,0,35 37,0,27,,84885,17,0,34,0,25,,84871,26,0,35 37,0,70,,84884,29,0,34,0,30,,84892,26,0,35 37,0,70,,84881,26,0,34,0,25,,84898,29,0,38,0,67,,84893,26,0,35 37,0,18,,84899,26,0,34,0,15,,84903,17,0,38,0,72,,84872,17,0,35 37,0,9,,84904,26,0,38,0,10,,84886,29,0,34,0,14,,84876,26,0,38,0,60,,84894,29,0,35 37,0,14,,84877,26,0,38,0,15,,84887,29,0,34,0,14,,84905,26,0,38,0,60,,84878,29,0,38,0,15,,84873,26,0,35 37,0,10,,84888,29,0,34,0
200,'S2-4_4',727,,84907,26,0,35 37,0,5,,84939,29,0,38,0,21,,84940,29,0,38,0,60,,84934,17,0,34,0,15,,84914,29,0,35 37,0,15,,84941,26,0,38,0,83,,84935,17,0,34,0,16,,84918,26,0,35 37,0,90,,84921,26,0,34,0,69,,84909,29,0,35 37,0,40,,84922,26,0,34,0,74,,84929,17,0,35 37,0,26,,84919,29,0,34,0,60,,84930,26,0,35 37,0,27,,84924,17,0,34,0,25,,84910,26,0,35 37,0,70,,84923,29,0,34,0,30,,84931,26,0,35 37,0,70,,84920,26,0,34,0,25,,84937,29,0,38,0,67,,84932,26,0,35 37,0,18,,84938,26,0,34,0,15,,84942,17,0,38,0,72,,84911,17,0,35 37,0,9,,84943,26,0,38,0,10,,84925,29,0,34,0,14,,84915,26,0,38,0,60,,84933,29,0,35 37,0,14,,84916,26,0,38,0,15,,84926,29,0,34,0,14,,84944,26,0,38,0,60,,84917,29,0,38,0,15,,84912,26,0,35 37,0,10,,84927,29,0,34,0
2401,'S2-0_4',1625,,88142,6,,,0,104,,88143,6,,,0
2401,'S2-0_5',1625,,88145,6,,,0,104,,88146,6,,,0
2401,'S2-4_1',1625,,88149,6,,,0,104,,88150,6,,,0
2401,'S2-4_2',1625,,88152,6,,,0,104,,88153,6,,,0
2401,'S2-4_4',1625,,88155,6,,,0,104,,88156,6,,,0
