400,'S2-0_4',735,,85693,30,0,43,0,16,,85701,30,0,40,0,55,,85670,30,0,40,0,13,,85671,30,0,40,0,14,,85695,30,0,40,0,14,,85672,30,0,40,0,53,,85673,30,0,40,0,31,,85674,30,0,40,0,79,,85675,42,0,40,0,31,,85676,30,0,40,0,71,,85677,30,0,40,0,36,,85678,30,0,40,0,76,,85679,30,0,40,0,22,,85699,30,,,0,65,,85696,42,0,40,0,30,,85680,30,0,40,0,67,,85681,30,0,40,0,30,,85684,42,0,40,0,75,,85682,30,0,40,0,30,,85685,42,0,40,0,77,,85683,30,0,40,0,29,,85702,30,0,40,0,70,,85686,42,0,40,0,5,,85697,14,0,40,0,13,,85687,30,0,40,0,13,,85703,30,,,0,54,,85689,30,0,40,0,25,,85692,14,0,40,0,18,,85700,30,,,0,75,,85690,30,0,40,0,23,,85691,42,0,40,0
400,'S2-0_5',735,,85727,30,0,43,0,16,,85735,30,0,40,0,55,,85704,30,0,40,0,13,,85705,30,0,40,0,14,,85729,30,0,40,0,14,,85706,30,0,40,0,53,,85707,30,0,40,0,31,,85708,30,0,40,0,79,,85709,42,0,40,0,31,,85710,30,0,40,0,71,,85711,30,0,40,0,36,,85712,30,0,40,0,76,,85713,30,0,40,0,22,,85733,30,,,0,65,,85730,42,0,40,0,30,,85714,30,0,40,0,67,,85715,30,0,40,0,30,,85718,42,0,40,0,75,,85716,30,0,40,0,30,,85719,42,0,40,0,77,,85717,30,0,40,0,29,,85736,30,0,40,0,70,,85720,42,0,40,0,5,,85731,14,0,40,0,13,,85721,30,0,40,0,13,,85737,30,,,0,54,,85723,30,0,40,0,25,,85726,14,0,40,0,18,,85734,30,,,0,75,,85724,30,0,40,0,23,,85725,42,0,40,0
400,'S2-1_3',735,,85760,30,0,43,0,16,,85768,30,0,40,0,55,,85738,30,0,40,0,13,,85739,30,0,40,0,14,,85762,30,0,40,0,14,,85740,30,0,40,0,53,,85741,30,0,40,0,31,,85742,30,0,40,0,79,,85743,42,0,40,0,31,,85744,30,0,40,0,71,,85745,30,0,40,0,36,,85746,30,0,40,0,76,,85747,30,0,40,0,22,,85766,30,,,0,65,,85763,42,0,40,0,30,,85748,30,0,40,0,67,,85749,30,0,40,0,30,,85752,42,0,40,0,75,,85750,30,0,40,0,30,,85753,42,0,40,0,77,,85751,30,0,40,0,29,,85769,30,0,40,0,70,,85754,42,0,40,0,5,,85764,14,0,40,0,13,,85755,30,0,40,0,13,,85770,30,,,0,54,,85757,30,0,40,0,25,,85756,42,0,40,0,18,,85767,30,,,0,75,,85758,30,0,40,0,23,,85759,42,0,40,0
400,'S2-2_6',731,,85777,30,0,40,0,105,,85778,30,0,40,0,73,,85771,42,0,40,0,27,,85779,30,0,40,0,72,,85780,30,0,40,0,30,,85781,30,0,40,0,71,,85772,42,0,40,0,31,,85782,30,0,40,0,69,,85784,30,0,40,0,30,,85783,30,0,40,0,69,,85773,42,0,40,0,31,,85785,30,0,40,0,70,,85786,30,0,40,0,29,,85787,30,0,40,0,73,,85774,42,0,40,0,32,,85788,30,0,40,0,69,,85789,30,0,40,0,30,,85790,30,0,40,0,73,,85775,42,0,40,0,34,,85791,30,0,40,0,70,,85792,30,0,40,0,31,,85793,30,0,40,0,69,,85776,42,0,40,0,31,,85794,30,0,40,0
400,'S2-3_7',845,,85795,42,0,40,0,165,,85796,42,0,40,0,125,,85797,42,0,40,0,200,,85798,42,0,40,0,166,,85799,42,0,40,0,125,,85800,42,0,40,0,126,,85801,42,0,40,0,164,,85802,42,0,40,0
400,'S2-4_1',735,,85826,30,0,43,0,16,,85834,30,0,40,0,55,,85803,30,0,40,0,13,,85804,30,0,40,0,14,,85828,30,0,40,0,14,,85805,30,0,40,0,53,,85806,30,0,40,0,31,,85807,30,0,40,0,79,,85808,42,0,40,0,31,,85809,30,0,40,0,71,,85810,30,0,40,0,36,,85811,30,0,40,0,76,,85812,30,0,40,0,22,,85832,30,,,0,65,,85829,42,0,40,0,30,,85813,30,0,40,0,67,,85814,30,0,40,0,30,,85817,42,0,40,0,75,,85815,30,0,40,0,30,,85818,42,0,40,0,77,,85816,30,0,40,0,29,,85835,30,0,40,0,70,,85819,42,0,40,0,5,,85830,14,0,40,0,13,,85820,30,0,40,0,13,,85836,30,,,0,54,,85822,30,0,40,0,25,,85825,14,0,40,0,18,,85833,30,,,0,75,,85823,30,0,40,0,23,,85824,42,0,40,0
400,'S2-4_2',735,,85860,30,0,43,0,16,,85868,30,0,40,0,55,,85837,30,0,40,0,13,,85838,30,0,40,0,14,,85862,30,0,40,0,14,,85839,30,0,40,0,53,,85840,30,0,40,0,31,,85841,30,0,40,0,79,,85842,42,0,40,0,31,,85843,30,0,40,0,71,,85844,30,0,40,0,36,,85845,30,0,40,0,76,,85846,30,0,40,0,22,,85866,30,,,0,65,,85863,42,0,40,0,30,,85847,30,0,40,0,67,,85848,30,0,40,0,30,,85851,42,0,40,0,75,,85849,30,0,40,0,30,,85852,42,0,40,0,77,,85850,30,0,40,0,29,,85869,30,0,40,0,70,,85853,42,0,40,0,5,,85864,14,0,40,0,13,,85854,30,0,40,0,13,,85870,30,,,0,54,,85856,30,0,40,0,25,,85859,14,0,40,0,18,,85867,30,,,0,75,,85857,30,0,40,0,23,,85858,42,0,40,0
400,'S2-4_4',735,,85894,30,0,43,0,16,,85902,30,0,40,0,55,,85871,30,0,40,0,13,,85872,30,0,40,0,14,,85896,30,0,40,0,14,,85873,30,0,40,0,53,,85874,30,0,40,0,31,,85875,30,0,40,0,79,,85876,42,0,40,0,31,,85877,30,0,40,0,71,,85878,30,0,40,0,36,,85879,30,0,40,0,76,,85880,30,0,40,0,22,,85900,30,,,0,65,,85897,42,0,40,0,30,,85881,30,0,40,0,67,,85882,30,0,40,0,30,,85885,42,0,40,0,75,,85883,30,0,40,0,30,,85886,42,0,40,0,77,,85884,30,0,40,0,29,,85903,30,0,40,0,70,,85887,42,0,40,0,5,,85898,14,0,40,0,13,,85888,30,0,40,0,13,,85904,30,,,0,54,,85890,30,0,40,0,25,,85893,14,0,40,0,18,,85901,30,,,0,75,,85891,30,0,40,0,23,,85892,42,0,40,0
2300,'S2-0_4',1612,,88084,11,,,0,103,,88085,11,,,0,98,,88086,11,,,0
2300,'S2-0_5',1612,,88087,11,,,0,103,,88088,11,,,0,98,,88089,11,,,0
2300,'S2-1_3',1218,,88091,11,,,0,3,,88090,11,,,0
2300,'S2-4_1',1612,,88092,11,,,0,103,,88093,11,,,0,98,,88094,11,,,0
2300,'S2-4_2',1612,,88095,11,,,0,103,,88096,11,,,0,98,,88097,11,,,0
2300,'S2-4_4',1612,,88098,11,,,0,103,,88099,11,,,0,98,,88100,11,,,0
