2600,'S2-0_4',720,,88333,23,,,0,17,,88344,23,,,0,79,,88345,23,,,0,18,,88346,23,,,0,83,,88347,23,,,0,29,,88348,23,,,0,95,,88334,23,,,0,99,,88335,23,,,0,97,,88336,23,,,0,67,,88337,23,,,0,30,,88352,23,,,0,95,,88353,23,,,0,112,,88338,23,,,0,86,,88339,23,,,0,26,,88349,23,,,0,73,,88350,23,,,0,20,,88340,23,,,0,67,,88341,23,,,0,29,,88342,23,,,0,68,,88355,23,,,0
2600,'S2-0_5',720,,88357,23,,,0,17,,88368,23,,,0,79,,88369,23,,,0,18,,88370,23,,,0,83,,88371,23,,,0,29,,88372,23,,,0,95,,88358,23,,,0,99,,88359,23,,,0,97,,88360,23,,,0,67,,88361,23,,,0,30,,88376,23,,,0,95,,88377,23,,,0,112,,88362,23,,,0,86,,88363,23,,,0,26,,88373,23,,,0,73,,88374,23,,,0,20,,88364,23,,,0,67,,88365,23,,,0,29,,88366,23,,,0,68,,88379,23,,,0
2600,'S2-1_3',720,,88381,23,,,0,17,,88392,23,,,0,79,,88393,23,,,0,18,,88394,23,,,0,83,,88395,23,,,0,29,,88396,23,,,0,95,,88382,23,,,0,99,,88383,23,,,0,97,,88384,23,,,0,67,,88385,23,,,0,30,,88400,23,,,0,95,,88401,23,,,0,112,,88386,23,,,0,86,,88387,23,,,0,26,,88397,23,,,0,73,,88398,23,,,0,20,,88388,23,,,0,67,,88389,23,,,0,29,,88390,23,,,0,68,,88402,23,,,0
2600,'S2-2_6',740,,88404,23,,,0,86,,88405,23,,,0,84,,88406,23,,,0,45,,88407,23,,,0,84,,88408,23,,,0,90,,88409,23,,,0,84,,88410,23,,,0,42,,88411,23,,,0,85,,88412,23,,,0,85,,88413,23,,,0,83,,88414,23,,,0,45,,88415,23,,,0,91,,88416,23,,,0,86,,88417,23,,,0,83,,88418,23,,,0,44,,88419,23,,,0,82,,88420,23,,,0
2600,'S2-4_1',720,,88421,23,,,0,17,,88432,23,,,0,79,,88433,23,,,0,18,,88434,23,,,0,83,,88435,23,,,0,29,,88436,23,,,0,95,,88422,23,,,0,99,,88423,23,,,0,97,,88424,23,,,0,67,,88425,23,,,0,30,,88440,23,,,0,95,,88441,23,,,0,112,,88426,23,,,0,86,,88427,23,,,0,26,,88437,23,,,0,73,,88438,23,,,0,20,,88428,23,,,0,67,,88429,23,,,0,29,,88430,23,,,0,68,,88443,23,,,0
2600,'S2-4_2',720,,88445,23,,,0,17,,88456,23,,,0,79,,88457,23,,,0,18,,88458,23,,,0,83,,88459,23,,,0,29,,88460,23,,,0,95,,88446,23,,,0,99,,88447,23,,,0,97,,88448,23,,,0,67,,88449,23,,,0,30,,88464,23,,,0,95,,88465,23,,,0,112,,88450,23,,,0,86,,88451,23,,,0,26,,88461,23,,,0,73,,88462,23,,,0,20,,88452,23,,,0,67,,88453,23,,,0,29,,88454,23,,,0,68,,88467,23,,,0
2600,'S2-4_4',720,,88470,23,,,0,17,,88481,23,,,0,79,,88482,23,,,0,18,,88483,23,,,0,83,,88484,23,,,0,29,,88485,23,,,0,95,,88471,23,,,0,99,,88472,23,,,0,97,,88473,23,,,0,67,,88474,23,,,0,30,,88489,23,,,0,95,,88490,23,,,0,112,,88475,23,,,0,86,,88476,23,,,0,26,,88486,23,,,0,73,,88487,23,,,0,20,,88477,23,,,0,67,,88478,23,,,0,29,,88479,23,,,0,68,,88492,23,,,0
3000000,'S2-0_4',649,,91563,18,,,0,59,,91562,18,,,0,21,,91567,3,0,14,0,4,,91522,18,,,0,9,,91564,3,0,14,0,12,,91523,18,,,0,47,,91565,3,0,14,0,10,,91524,18,,,0,8,,91566,3,0,14,0,12,,91525,18,,,0,20,,91526,18,,,0,62,,91527,18,,,0,20,,91528,18,,,0,20,,91529,18,,,0,61,,91530,18,,,0,17,,91531,18,,,0,21,,91532,18,,,0,60,,91533,18,,,0,20,,91534,18,,,0,21,,91535,18,,,0,61,,91536,18,,,0,19,,91537,18,,,0,21,,91538,18,,,0,59,,91539,18,,,0,20,,91540,18,,,0,19,,91541,18,,,0,60,,91542,18,,,0,21,,91543,18,,,0,20,,91544,18,,,0,61,,91545,18,,,0,19,,91546,18,,,0,19,,91547,18,,,0,61,,91548,18,,,0,16,,91549,18,,,0,20,,91550,18,,,0,61,,91551,18,,,0,20,,91552,18,,,0,20,,91553,18,,,0,59,,91554,18,,,0,20,,91555,18,,,0,20,,91556,18,,,0,60,,91557,18,,,0,19,,91558,18,,,0,29,,91559,18,,,0,73,,91560,18,,,0,72,,91561,18,,,0
3000000,'S2-0_5',649,,91609,18,,,0,59,,91608,18,,,0,21,,91613,3,0,14,0,4,,91568,18,,,0,9,,91610,3,0,14,0,12,,91569,18,,,0,47,,91611,3,0,14,0,10,,91570,18,,,0,8,,91612,3,0,14,0,12,,91571,18,,,0,20,,91572,18,,,0,62,,91573,18,,,0,20,,91574,18,,,0,20,,91575,18,,,0,61,,91576,18,,,0,17,,91577,18,,,0,21,,91578,18,,,0,60,,91579,18,,,0,20,,91580,18,,,0,21,,91581,18,,,0,61,,91582,18,,,0,19,,91583,18,,,0,21,,91584,18,,,0,59,,91585,18,,,0,20,,91586,18,,,0,19,,91587,18,,,0,60,,91588,18,,,0,21,,91589,18,,,0,20,,91590,18,,,0,61,,91591,18,,,0,19,,91592,18,,,0,19,,91593,18,,,0,61,,91594,18,,,0,16,,91595,18,,,0,20,,91596,18,,,0,61,,91597,18,,,0,20,,91598,18,,,0,20,,91599,18,,,0,59,,91600,18,,,0,20,,91601,18,,,0,20,,91602,18,,,0,60,,91603,18,,,0,19,,91604,18,,,0,29,,91605,18,,,0,73,,91606,18,,,0,72,,91607,18,,,0
3000000,'S2-1_3',649,,91655,18,,,0,59,,91654,18,,,0,21,,91659,3,0,14,0,4,,91614,18,,,0,9,,91656,3,0,14,0,12,,91615,18,,,0,47,,91657,3,0,14,0,10,,91616,18,,,0,8,,91658,3,0,14,0,12,,91617,18,,,0,20,,91618,18,,,0,62,,91619,18,,,0,20,,91620,18,,,0,20,,91621,18,,,0,61,,91622,18,,,0,17,,91623,18,,,0,21,,91624,18,,,0,60,,91625,18,,,0,20,,91626,18,,,0,21,,91627,18,,,0,61,,91628,18,,,0,19,,91629,18,,,0,21,,91630,18,,,0,59,,91631,18,,,0,20,,91632,18,,,0,19,,91633,18,,,0,60,,91634,18,,,0,21,,91635,18,,,0,20,,91636,18,,,0,61,,91637,18,,,0,19,,91638,18,,,0,19,,91639,18,,,0,61,,91640,18,,,0,16,,91641,18,,,0,20,,91642,18,,,0,61,,91643,18,,,0,20,,91644,18,,,0,20,,91645,18,,,0,59,,91646,18,,,0,20,,91647,18,,,0,20,,91648,18,,,0,60,,91649,18,,,0,19,,91650,18,,,0,29,,91651,18,,,0,73,,91652,18,,,0,72,,91653,18,,,0
3000000,'S2-2_6',652,,91660,18,,,0,82,,91661,18,,,0,82,,91662,18,,,0,30,,91663,18,,,0,60,,91664,18,,,0,20,,91665,18,,,0,21,,91666,18,,,0,60,,91667,18,,,0,20,,91668,18,,,0,20,,91669,18,,,0,61,,91670,18,,,0,19,,91671,18,,,0,20,,91672,18,,,0,60,,91673,18,,,0,19,,91674,18,,,0,19,,91675,18,,,0,60,,91676,18,,,0,20,,91677,18,,,0,21,,91678,18,,,0,59,,91679,18,,,0,21,,91680,18,,,0,20,,91681,18,,,0,61,,91682,18,,,0,20,,91683,18,,,0,20,,91684,18,,,0,60,,91685,18,,,0,20,,91686,18,,,0,20,,91687,18,,,0,60,,91688,18,,,0,20,,91689,18,,,0,20,,91690,18,,,0,60,,91691,18,,,0,19,,91692,18,,,0,19,,91693,18,,,0,59,,91694,18,,,0,30,,91695,18,,,0,70,,91696,18,,,0,29,,91697,18,,,0,69,,91698,18,,,0
3000000,'S2-3_7',814,,91700,18,,,0,130,,91701,18,,,0,170,,91708,18,,,0,130,,91707,18,,,0,170,,91706,18,,,0,130,,91704,18,,,0,100,,91713,3,0,14,0,70,,91705,18,,,0,30,,91699,3,0,14,0,70,,91709,3,0,14,0,29,,91703,18,,,0,71,,91710,3,0,14,0,30,,91711,3,0,14,0,69,,91702,18,,,0,91,,91712,3,0,14,0
3000000,'S2-4_1',649,,91755,18,,,0,59,,91754,18,,,0,21,,91759,3,0,14,0,4,,91714,18,,,0,9,,91756,3,0,14,0,12,,91715,18,,,0,47,,91757,3,0,14,0,10,,91716,18,,,0,8,,91758,3,0,14,0,12,,91717,18,,,0,20,,91718,18,,,0,62,,91719,18,,,0,20,,91720,18,,,0,20,,91721,18,,,0,61,,91722,18,,,0,17,,91723,18,,,0,21,,91724,18,,,0,60,,91725,18,,,0,20,,91726,18,,,0,21,,91727,18,,,0,61,,91728,18,,,0,19,,91729,18,,,0,21,,91730,18,,,0,59,,91731,18,,,0,20,,91732,18,,,0,19,,91733,18,,,0,60,,91734,18,,,0,21,,91735,18,,,0,20,,91736,18,,,0,61,,91737,18,,,0,19,,91738,18,,,0,19,,91739,18,,,0,61,,91740,18,,,0,16,,91741,18,,,0,20,,91742,18,,,0,61,,91743,18,,,0,20,,91744,18,,,0,20,,91745,18,,,0,59,,91746,18,,,0,20,,91747,18,,,0,20,,91748,18,,,0,60,,91749,18,,,0,19,,91750,18,,,0,29,,91751,18,,,0,73,,91752,18,,,0,72,,91753,18,,,0
3000000,'S2-4_2',649,,91801,18,,,0,59,,91800,18,,,0,21,,91805,3,0,14,0,4,,91760,18,,,0,9,,91802,3,0,14,0,12,,91761,18,,,0,47,,91803,3,0,14,0,10,,91762,18,,,0,8,,91804,3,0,14,0,12,,91763,18,,,0,20,,91764,18,,,0,62,,91765,18,,,0,20,,91766,18,,,0,20,,91767,18,,,0,61,,91768,18,,,0,17,,91769,18,,,0,21,,91770,18,,,0,60,,91771,18,,,0,20,,91772,18,,,0,21,,91773,18,,,0,61,,91774,18,,,0,19,,91775,18,,,0,21,,91776,18,,,0,59,,91777,18,,,0,20,,91778,18,,,0,19,,91779,18,,,0,60,,91780,18,,,0,21,,91781,18,,,0,20,,91782,18,,,0,61,,91783,18,,,0,19,,91784,18,,,0,19,,91785,18,,,0,61,,91786,18,,,0,16,,91787,18,,,0,20,,91788,18,,,0,61,,91789,18,,,0,20,,91790,18,,,0,20,,91791,18,,,0,59,,91792,18,,,0,20,,91793,18,,,0,20,,91794,18,,,0,60,,91795,18,,,0,19,,91796,18,,,0,29,,91797,18,,,0,73,,91798,18,,,0,72,,91799,18,,,0
3000000,'S2-4_4',649,,91847,18,,,0,59,,91846,18,,,0,21,,91851,3,0,14,0,4,,91806,18,,,0,9,,91848,3,0,14,0,12,,91807,18,,,0,47,,91849,3,0,14,0,10,,91808,18,,,0,8,,91850,3,0,14,0,12,,91809,18,,,0,20,,91810,18,,,0,62,,91811,18,,,0,20,,91812,18,,,0,20,,91813,18,,,0,61,,91814,18,,,0,17,,91815,18,,,0,21,,91816,18,,,0,60,,91817,18,,,0,20,,91818,18,,,0,21,,91819,18,,,0,61,,91820,18,,,0,19,,91821,18,,,0,21,,91822,18,,,0,59,,91823,18,,,0,20,,91824,18,,,0,19,,91825,18,,,0,60,,91826,18,,,0,21,,91827,18,,,0,20,,91828,18,,,0,61,,91829,18,,,0,19,,91830,18,,,0,19,,91831,18,,,0,61,,91832,18,,,0,16,,91833,18,,,0,20,,91834,18,,,0,61,,91835,18,,,0,20,,91836,18,,,0,20,,91837,18,,,0,59,,91838,18,,,0,20,,91839,18,,,0,20,,91840,18,,,0,60,,91841,18,,,0,19,,91842,18,,,0,29,,91843,18,,,0,73,,91844,18,,,0,72,,91845,18,,,0
