301,'S2-0_4',748,,85473,36,,,0,61,,85447,36,,,0,34,,85474,36,,,0,73,,85448,36,,,0,30,,85449,36,,,0,71,,85450,36,,,0,33,,85451,36,,,0,72,,85452,36,,,0,33,,85453,36,,,0,74,,85454,36,,,0,71,,85455,36,,,0,31,,85456,36,,,0,73,,85457,36,,,0,32,,85458,36,,,0,71,,85459,36,,,0,31,,85460,36,,,0,67,,85461,36,,,0,28,,85462,36,,,0,71,,85463,36,,,0,30,,85464,36,,,0,70,,85465,36,,,0,30,,85466,36,,,0,23,,85467,36,,,0,62,,85468,36,,,0,22,,85469,36,,,0,69,,85470,36,,,0,28,,85471,36,,,0,70,,85472,36,,,0
301,'S2-0_5',748,,85501,36,,,0,61,,85475,36,,,0,34,,85502,36,,,0,73,,85476,36,,,0,30,,85477,36,,,0,71,,85478,36,,,0,33,,85479,36,,,0,72,,85480,36,,,0,33,,85481,36,,,0,74,,85482,36,,,0,71,,85483,36,,,0,31,,85484,36,,,0,73,,85485,36,,,0,32,,85486,36,,,0,71,,85487,36,,,0,31,,85488,36,,,0,67,,85489,36,,,0,28,,85490,36,,,0,71,,85491,36,,,0,30,,85492,36,,,0,70,,85493,36,,,0,30,,85494,36,,,0,23,,85495,36,,,0,62,,85496,36,,,0,22,,85497,36,,,0,69,,85498,36,,,0,28,,85499,36,,,0,70,,85500,36,,,0
301,'S2-1_3',748,,85529,36,,,0,61,,85503,36,,,0,34,,85530,36,,,0,73,,85504,36,,,0,30,,85505,36,,,0,71,,85506,36,,,0,33,,85507,36,,,0,72,,85508,36,,,0,33,,85509,36,,,0,74,,85510,36,,,0,71,,85511,36,,,0,31,,85512,36,,,0,73,,85513,36,,,0,32,,85514,36,,,0,71,,85515,36,,,0,31,,85516,36,,,0,67,,85517,36,,,0,28,,85518,36,,,0,71,,85519,36,,,0,30,,85520,36,,,0,70,,85521,36,,,0,30,,85522,36,,,0,23,,85523,36,,,0,62,,85524,36,,,0,22,,85525,36,,,0,69,,85526,36,,,0,28,,85527,36,,,0,70,,85528,36,,,0
301,'S2-2_6',752,,85534,36,,,0,71,,85531,36,,,0,31,,85532,36,,,0,71,,85533,36,,,0,31,,85535,36,,,0,70,,85536,36,,,0,31,,85537,36,,,0,70,,85538,36,,,0,31,,85542,36,,,0,69,,85541,36,,,0,28,,85539,36,,,0,69,,85540,36,,,0,29,,85544,36,,,0,72,,85545,36,,,0,30,,85543,36,,,0,71,,85546,36,,,0,30,,85549,36,,,0,72,,85547,36,,,0,73,,85548,36,,,0,30,,85551,36,,,0,71,,85550,36,,,0,30,,85552,36,,,0,72,,85553,36,,,0,27,,85554,36,,,0,27,,85555,36,,,0,68,,85556,36,,,0,30,,85557,36,,,0,63,,85558,36,,,0
301,'S2-3_7',827,,85580,36,,,0,73,,85575,36,,,0,32,,85581,36,,,0,74,,85576,36,,,0,33,,85582,36,,,0,72,,85577,36,,,0,33,,85583,36,,,0,72,,85578,36,,,0,32,,85584,36,,,0,74,,85559,36,,,0,27,,85560,36,,,0,70,,85561,36,,,0,26,,85562,36,,,0,68,,85563,36,,,0,27,,85564,36,,,0,69,,85565,36,,,0,28,,85585,36,,,0,64,,85566,36,,,0,32,,85567,36,,,0,74,,85568,36,,,0,28,,85569,36,,,0,67,,85570,36,,,0,25,,85571,36,,,0,25,,85572,36,,,0,65,,85573,36,,,0,27,,85579,36,,,0,64,,85574,36,,,0
301,'S2-4_1',748,,85612,36,,,0,61,,85586,36,,,0,34,,85613,36,,,0,73,,85587,36,,,0,30,,85588,36,,,0,71,,85589,36,,,0,33,,85590,36,,,0,72,,85591,36,,,0,33,,85592,36,,,0,74,,85593,36,,,0,71,,85594,36,,,0,31,,85595,36,,,0,73,,85596,36,,,0,32,,85597,36,,,0,71,,85598,36,,,0,31,,85599,36,,,0,67,,85600,36,,,0,28,,85601,36,,,0,71,,85602,36,,,0,30,,85603,36,,,0,70,,85604,36,,,0,30,,85605,36,,,0,23,,85606,36,,,0,62,,85607,36,,,0,22,,85608,36,,,0,69,,85609,36,,,0,28,,85610,36,,,0,70,,85611,36,,,0
301,'S2-4_2',748,,85640,36,,,0,61,,85614,36,,,0,34,,85641,36,,,0,73,,85615,36,,,0,30,,85616,36,,,0,71,,85617,36,,,0,33,,85618,36,,,0,72,,85619,36,,,0,33,,85620,36,,,0,74,,85621,36,,,0,71,,85622,36,,,0,31,,85623,36,,,0,73,,85624,36,,,0,32,,85625,36,,,0,71,,85626,36,,,0,31,,85627,36,,,0,67,,85628,36,,,0,28,,85629,36,,,0,71,,85630,36,,,0,30,,85631,36,,,0,70,,85632,36,,,0,30,,85633,36,,,0,23,,85634,36,,,0,62,,85635,36,,,0,22,,85636,36,,,0,69,,85637,36,,,0,28,,85638,36,,,0,70,,85639,36,,,0
301,'S2-4_4',748,,85668,36,,,0,61,,85642,36,,,0,34,,85669,36,,,0,73,,85643,36,,,0,30,,85644,36,,,0,71,,85645,36,,,0,33,,85646,36,,,0,72,,85647,36,,,0,33,,85648,36,,,0,74,,85649,36,,,0,71,,85650,36,,,0,31,,85651,36,,,0,73,,85652,36,,,0,32,,85653,36,,,0,71,,85654,36,,,0,31,,85655,36,,,0,67,,85656,36,,,0,28,,85657,36,,,0,71,,85658,36,,,0,30,,85659,36,,,0,70,,85660,36,,,0,30,,85661,36,,,0,23,,85662,36,,,0,62,,85663,36,,,0,22,,85664,36,,,0,69,,85665,36,,,0,28,,85666,36,,,0,70,,85667,36,,,0
900601,'S2-0_4',818,,89031,29,,,0,130,,89032,29,,,0,170,,89033,29,,,0,135,,89034,29,,,0,160,,89035,29,,,0,135,,89036,29,,,0,165,,89037,29,,,0,130,,89038,29,,,0
900601,'S2-0_5',818,,89039,29,,,0,130,,89040,29,,,0,170,,89041,29,,,0,135,,89042,29,,,0,160,,89043,29,,,0,135,,89044,29,,,0,165,,89045,29,,,0,130,,89046,29,,,0
900601,'S2-1_3',818,,89047,29,,,0,130,,89048,29,,,0,170,,89049,29,,,0,135,,89050,29,,,0,160,,89051,29,,,0,135,,89052,29,,,0,165,,89053,29,,,0,130,,89054,29,,,0
900601,'S2-2_6',818,,89055,29,,,0,130,,89056,29,,,0,170,,89057,29,,,0,135,,89058,29,,,0,160,,89059,29,,,0,135,,89060,29,,,0,165,,89061,29,,,0,130,,89062,29,,,0
900601,'S2-4_1',818,,89063,29,,,0,130,,89064,29,,,0,170,,89065,29,,,0,135,,89066,29,,,0,160,,89067,29,,,0,135,,89068,29,,,0,165,,89069,29,,,0,130,,89070,29,,,0
900601,'S2-4_2',818,,89071,29,,,0,130,,89072,29,,,0,170,,89073,29,,,0,135,,89074,29,,,0,160,,89075,29,,,0,135,,89076,29,,,0,165,,89077,29,,,0,130,,89078,29,,,0
900601,'S2-4_4',818,,89079,29,,,0,130,,89080,29,,,0,170,,89081,29,,,0,135,,89082,29,,,0,160,,89083,29,,,0,135,,89084,29,,,0,165,,89085,29,,,0,130,,89086,29,,,0
