300,'0_6',645,,64083,1,,,0,69,,64084,1,,,0,27,,64085,1,,,0,69,,64086,1,,,0,34,,64087,1,,,0,72,,64088,1,,,0,34,,64089,1,,,0,74,,64090,1,,,0,32,,64091,1,,,0,74,,64082,1,,,0,73,,64081,1,,,0,34,,64080,1,,,0,71,,64079,1,,,0,32,,64057,1,,,0,68,,64058,1,,,0,28,,64059,1,,,0,67,,64060,1,,,0,28,,64061,1,,,0,27,,64062,1,,,0,69,,64063,1,,,0,28,,64064,1,,,0,67,,64065,1,,,0,28,,64066,1,,,0,69,,64067,1,,,0,28,,64068,1,,,0,67,,64069,1,,,0,27,,64070,1,,,0,65,,64071,1,,,0,24,,64093,1,,,0,27,,64092,1,,,0
300,'1_7',844,,64116,1,,,0,72,,64117,1,,,0,34,,64118,1,,,0,74,,64119,1,,,0,32,,64110,1,,,0,74,,64115,1,,,0,73,,64114,1,,,0,34,,64113,1,,,0,71,,64112,1,,,0,32,,64094,1,,,0,68,,64095,1,,,0,28,,64096,1,,,0,67,,64097,1,,,0,28,,64098,1,,,0,27,,64099,1,,,0,69,,64100,1,,,0,28,,64101,1,,,0,67,,64102,1,,,0,28,,64103,1,,,0,69,,64104,1,,,0,28,,64105,1,,,0,67,,64106,1,,,0,27,,64107,1,,,0,65,,64108,1,,,0,24,,64111,1,,,0,27,,64109,1,,,0
300,'5_1',645,,74113,1,,,0,69,,74114,1,,,0,27,,74115,1,,,0,69,,74116,1,,,0,34,,74117,1,,,0,72,,74118,1,,,0,34,,74119,1,,,0,74,,74120,1,,,0,32,,74121,1,,,0,74,,74112,1,,,0,73,,74111,1,,,0,34,,74110,1,,,0,71,,74109,1,,,0,32,,74094,1,,,0,68,,74095,1,,,0,28,,74096,1,,,0,67,,74097,1,,,0,28,,74098,1,,,0,27,,74099,1,,,0,69,,74100,1,,,0,28,,74101,1,,,0,67,,74102,1,,,0,28,,74103,1,,,0,69,,74104,1,,,0,28,,74105,1,,,0,67,,74106,1,,,0,27,,74107,1,,,0,65,,74108,1,,,0,24,,74123,1,,,0,27,,74122,1,,,0
300,'5_2',645,,75315,1,,,0,69,,75316,1,,,0,27,,75317,1,,,0,69,,75318,1,,,0,34,,75319,1,,,0,72,,75320,1,,,0,34,,75321,1,,,0,74,,75322,1,,,0,32,,75323,1,,,0,74,,75314,1,,,0,73,,75313,1,,,0,34,,75312,1,,,0,71,,75311,1,,,0,32,,75296,1,,,0,68,,75297,1,,,0,28,,75298,1,,,0,67,,75299,1,,,0,28,,75300,1,,,0,27,,75301,1,,,0,69,,75302,1,,,0,28,,75303,1,,,0,67,,75304,1,,,0,28,,75305,1,,,0,69,,75306,1,,,0,28,,75307,1,,,0,67,,75308,1,,,0,27,,75309,1,,,0,65,,75310,1,,,0,24,,75325,1,,,0,27,,75324,1,,,0
300,'5_3',645,,75345,1,,,0,69,,75346,1,,,0,27,,75347,1,,,0,69,,75348,1,,,0,34,,75349,1,,,0,72,,75350,1,,,0,34,,75351,1,,,0,74,,75352,1,,,0,32,,75353,1,,,0,74,,75344,1,,,0,73,,75343,1,,,0,34,,75342,1,,,0,71,,75341,1,,,0,32,,75326,1,,,0,68,,75327,1,,,0,28,,75328,1,,,0,67,,75329,1,,,0,28,,75330,1,,,0,27,,75331,1,,,0,69,,75332,1,,,0,28,,75333,1,,,0,67,,75334,1,,,0,28,,75335,1,,,0,69,,75336,1,,,0,28,,75337,1,,,0,67,,75338,1,,,0,27,,75339,1,,,0,65,,75340,1,,,0,24,,75355,1,,,0,27,,75354,1,,,0
300,'5_4',645,,75375,1,,,0,69,,75376,1,,,0,27,,75377,1,,,0,69,,75378,1,,,0,34,,75379,1,,,0,72,,75380,1,,,0,34,,75381,1,,,0,74,,75382,1,,,0,32,,75383,1,,,0,74,,75374,1,,,0,73,,75373,1,,,0,34,,75372,1,,,0,71,,75371,1,,,0,32,,75356,1,,,0,68,,75357,1,,,0,28,,75358,1,,,0,67,,75359,1,,,0,28,,75360,1,,,0,27,,75361,1,,,0,69,,75362,1,,,0,28,,75363,1,,,0,67,,75364,1,,,0,28,,75365,1,,,0,69,,75366,1,,,0,28,,75367,1,,,0,67,,75368,1,,,0,27,,75369,1,,,0,65,,75370,1,,,0,24,,75385,1,,,0,27,,75384,1,,,0
300,'5_5',645,,77960,1,,,0,69,,77961,1,,,0,27,,77962,1,,,0,69,,77963,1,,,0,34,,77964,1,,,0,72,,77965,1,,,0,34,,77966,1,,,0,74,,77967,1,,,0,32,,77968,1,,,0,74,,77959,1,,,0,73,,77958,1,,,0,34,,77957,1,,,0,71,,77956,1,,,0,32,,77934,1,,,0,68,,77935,1,,,0,28,,77936,1,,,0,67,,77937,1,,,0,28,,77938,1,,,0,27,,77939,1,,,0,69,,77940,1,,,0,28,,77941,1,,,0,67,,77942,1,,,0,28,,77943,1,,,0,69,,77944,1,,,0,28,,77945,1,,,0,67,,77946,1,,,0,27,,77947,1,,,0,65,,77948,1,,,0,24,,77970,1,,,0,27,,77969,1,,,0
900600,'0_6',830,,68268,1,,,0,170,,68270,1,,,0,125,,68271,1,,,0,175,,68272,1,,,0,120,,68273,1,,,0,135,,68274,1,,,0,170,,68275,1,,,0,130,,68269,1,,,0
900600,'5_1',830,,74487,1,,,0,170,,74489,1,,,0,125,,74490,1,,,0,175,,74491,1,,,0,120,,74492,1,,,0,135,,74493,1,,,0,170,,74494,1,,,0,130,,74488,1,,,0
900600,'5_2',830,,76475,1,,,0,170,,76477,1,,,0,125,,76478,1,,,0,175,,76479,1,,,0,120,,76480,1,,,0,135,,76481,1,,,0,170,,76482,1,,,0,130,,76476,1,,,0
900600,'5_3',830,,76483,1,,,0,170,,76485,1,,,0,125,,76486,1,,,0,175,,76487,1,,,0,120,,76488,1,,,0,135,,76489,1,,,0,170,,76490,1,,,0,130,,76484,1,,,0
900600,'5_4',830,,76491,1,,,0,170,,76493,1,,,0,125,,76494,1,,,0,175,,76495,1,,,0,120,,76496,1,,,0,135,,76497,1,,,0,170,,76498,1,,,0,130,,76492,1,,,0
900600,'5_5',830,,78343,1,,,0,170,,78345,1,,,0,125,,78346,1,,,0,175,,78347,1,,,0,120,,78348,1,,,0,135,,78349,1,,,0,170,,78350,1,,,0,130,,78344,1,,,0
