100,'S2-0_4',711,,84209,21,0,61 8,0,14,,84206,21,0,61 8,0,16,,84210,21,0,61 8,0,15,,84197,21,,,0,55,,84216,21,0,61 8,0,20,,84207,21,0,9 10,0,10,,84211,21,0,61 8,0,66,,84198,21,0,61 8,0,38,,84212,21,0,61 8,0,78,,84199,21,0,61 8,0,80,,84213,21,0,61 8,0,38,,84200,21,0,61 8,0,59,,84217,21,,,0,25,,84218,21,,,0,30,,84201,21,0,61 8,0,65,,84214,21,0,61 8,0,25,,84202,21,0,61 8,0,75,,84215,21,0,61 8,0,80,,84203,21,0,61 8,0,24,,84219,21,,,0,76,,84226,5,0,9 10,0,20,,84220,21,,,0,33,,84221,21,,,0,50,,84204,21,0,61 8,0,11,,84227,5,0,9 10,0,2,,84228,5,,,0,7,,84222,21,,,0,22,,84205,21,0,61 8,0,14,,84223,21,,,0,46,,84229,5,,,0,20,,84195,21,,,0,76,,84224,21,0,61 8,0,34,,84196,21,,,0
100,'S2-0_5',711,,84244,21,0,61 8,0,14,,84241,21,0,61 8,0,16,,84245,21,0,61 8,0,15,,84232,21,,,0,55,,84251,21,0,61 8,0,20,,84242,21,0,9 10,0,10,,84246,21,0,61 8,0,66,,84233,21,0,61 8,0,38,,84247,21,0,61 8,0,78,,84234,21,0,61 8,0,80,,84248,21,0,61 8,0,38,,84235,21,0,61 8,0,59,,84252,21,,,0,25,,84253,21,,,0,30,,84236,21,0,61 8,0,65,,84249,21,0,61 8,0,25,,84237,21,0,61 8,0,75,,84250,21,0,61 8,0,80,,84238,21,0,61 8,0,24,,84254,21,,,0,76,,84261,5,0,9 10,0,20,,84255,21,,,0,33,,84256,21,,,0,50,,84239,21,0,61 8,0,11,,84262,5,0,9 10,0,2,,84263,5,,,0,7,,84257,21,,,0,22,,84240,21,0,61 8,0,14,,84258,21,,,0,46,,84264,5,,,0,20,,84230,21,,,0,76,,84259,21,0,61 8,0,34,,84231,21,,,0
100,'S2-1_3',711,,84279,21,0,61 8,0,14,,84276,21,0,61 8,0,16,,84280,21,0,61 8,0,15,,84267,21,,,0,55,,84286,21,0,61 8,0,20,,84277,21,0,9 10,0,10,,84281,21,0,61 8,0,66,,84268,21,0,61 8,0,38,,84282,21,0,61 8,0,78,,84269,21,0,61 8,0,80,,84283,21,0,61 8,0,38,,84270,21,0,61 8,0,59,,84287,21,,,0,6,,84299,5,0,9 10,0,4,,84296,5,0,9 10,0,5,,84297,5,0,9 10,0,10,,84288,21,,,0,30,,84271,21,0,61 8,0,65,,84284,21,0,61 8,0,25,,84272,21,0,61 8,0,75,,84285,21,0,61 8,0,80,,84273,21,0,61 8,0,24,,84289,21,,,0,76,,84278,21,0,61 8,0,20,,84290,21,,,0,33,,84291,21,,,0,50,,84274,21,0,61 8,0,20,,84292,21,,,0,22,,84275,21,0,61 8,0,14,,84293,21,,,0,66,,84265,21,,,0,76,,84294,21,0,61 8,0,34,,84266,21,,,0
100,'S2-2_6',713,,84300,21,0,61 8,0,109,,84312,21,0,61 8,0,95,,84301,21,0,61 8,0,30,,84313,21,0,61 8,0,69,,84302,21,0,61 8,0,33,,84314,21,0,61 8,0,70,,84303,21,0,61 8,0,29,,84315,21,0,61 8,0,71,,84304,21,0,61 8,0,28,,84316,21,0,61 8,0,70,,84305,21,0,61 8,0,30,,84317,21,0,61 8,0,70,,84306,21,0,61 8,0,31,,84318,21,0,61 8,0,69,,84307,21,0,61 8,0,31,,84319,21,0,61 8,0,71,,84308,21,0,61 8,0,31,,84320,21,0,61 8,0,73,,84309,21,0,61 8,0,28,,84321,21,0,61 8,0,70,,84310,21,0,61 8,0,31,,84322,21,0,61 8,0,69,,84311,21,0,61 8,0
100,'S2-3_7',916,,84323,21,0,61 8,0,105,,84328,21,0,61 8,0,106,,84324,21,0,61 8,0,104,,84329,21,0,61 8,0,90,,84325,21,0,61 8,0,100,,84330,21,0,61 8,0,105,,84326,21,0,61 8,0,105,,84331,21,0,61 8,0,105,,84327,21,0,61 8,0,105,,84332,21,0,61 8,0
100,'S2-4_1',711,,84347,21,0,61 8,0,14,,84344,21,0,61 8,0,16,,84348,21,0,61 8,0,15,,84335,21,,,0,55,,84354,21,0,61 8,0,20,,84345,21,0,9 10,0,10,,84349,21,0,61 8,0,66,,84336,21,0,61 8,0,38,,84350,21,0,61 8,0,78,,84337,21,0,61 8,0,80,,84351,21,0,61 8,0,38,,84338,21,0,61 8,0,59,,84355,21,,,0,25,,84356,21,,,0,30,,84339,21,0,61 8,0,65,,84352,21,0,61 8,0,25,,84340,21,0,61 8,0,75,,84353,21,0,61 8,0,80,,84341,21,0,61 8,0,24,,84357,21,,,0,76,,84364,5,0,9 10,0,20,,84358,21,,,0,33,,84359,21,,,0,50,,84342,21,0,61 8,0,11,,84365,5,0,9 10,0,2,,84366,5,,,0,7,,84360,21,,,0,22,,84343,21,0,61 8,0,14,,84361,21,,,0,46,,84367,5,,,0,20,,84333,21,,,0,76,,84362,21,0,61 8,0,34,,84334,21,,,0
100,'S2-4_2',711,,84382,21,0,61 8,0,14,,84379,21,0,61 8,0,16,,84383,21,0,61 8,0,15,,84370,21,,,0,55,,84389,21,0,61 8,0,20,,84380,21,0,9 10,0,10,,84384,21,0,61 8,0,66,,84371,21,0,61 8,0,38,,84385,21,0,61 8,0,78,,84372,21,0,61 8,0,80,,84386,21,0,61 8,0,38,,84373,21,0,61 8,0,59,,84390,21,,,0,25,,84391,21,,,0,30,,84374,21,0,61 8,0,65,,84387,21,0,61 8,0,25,,84375,21,0,61 8,0,75,,84388,21,0,61 8,0,80,,84376,21,0,61 8,0,24,,84392,21,,,0,76,,84399,5,0,9 10,0,20,,84393,21,,,0,33,,84394,21,,,0,50,,84377,21,0,61 8,0,11,,84400,5,0,9 10,0,2,,84401,5,,,0,7,,84395,21,,,0,22,,84378,21,0,61 8,0,14,,84396,21,,,0,46,,84402,5,,,0,20,,84368,21,,,0,76,,84397,21,0,61 8,0,34,,84369,21,,,0
100,'S2-4_4',711,,84417,21,0,61 8,0,14,,84414,21,0,61 8,0,16,,84418,21,0,61 8,0,15,,84405,21,,,0,55,,84424,21,0,61 8,0,20,,84415,21,0,9 10,0,10,,84419,21,0,61 8,0,66,,84406,21,0,61 8,0,38,,84420,21,0,61 8,0,78,,84407,21,0,61 8,0,80,,84421,21,0,61 8,0,38,,84408,21,0,61 8,0,59,,84425,21,,,0,25,,84426,21,,,0,30,,84409,21,0,61 8,0,65,,84422,21,0,61 8,0,25,,84410,21,0,61 8,0,75,,84423,21,0,61 8,0,80,,84411,21,0,61 8,0,24,,84427,21,,,0,76,,84434,5,0,9 10,0,20,,84428,21,,,0,33,,84429,21,,,0,50,,84412,21,0,61 8,0,11,,84435,5,0,9 10,0,2,,84436,5,,,0,7,,84430,21,,,0,22,,84413,21,0,61 8,0,14,,84431,21,,,0,46,,84437,5,,,0,20,,84403,21,,,0,76,,84432,21,0,61 8,0,34,,84404,21,,,0
2000000,'S2-0_4',648,,90554,10,,,0,62,,90536,10,,,0,16,,90564,10,,,0,15,,90520,10,,,0,15,,90547,10,,,0,55,,90529,10,,,0,15,,90556,10,,,0,15,,90539,10,,,0,16,,90567,10,,,0,56,,90521,10,,,0,16,,90552,10,,,0,15,,90530,10,,,0,56,,90557,10,,,0,15,,90537,10,,,0,16,,90565,10,,,0,16,,90522,10,,,0,56,,90553,10,,,0,15,,90531,10,,,0,16,,90558,10,,,0,17,,90538,10,,,0,54,,90568,10,,,0,18,,90523,10,,,0,13,,90546,10,,,0,16,,90532,10,,,0,55,,90555,10,,,0,15,,90540,10,,,0,15,,90566,10,,,0,15,,90525,10,,,0,55,,90548,10,,,0,15,,90535,10,,,0,15,,90560,10,,,0,15,,90541,10,,,0,54,,90569,10,,,0,15,,90526,10,,,0,15,,90549,10,,,0,16,,90534,10,,,0,7,,90517,8,0,9 10,0,48,,90559,10,,,0,14,,90542,10,,,0,16,,90518,10,,,0,15,,90570,10,,,0,55,,90516,8,0,9 10,0,3,,90524,10,,,0,14,,90551,10,,,0,16,,90533,10,,,0,15,,90561,10,,,0,50,,90573,8,0,9 10,0,6,,90544,10,,,0,13,,90519,10,,,0,14,,90571,10,,,0,15,,90527,10,,,0,55,,90550,10,,,0,14,,90562,10,,,0,19,,90543,10,,,0,62,,90572,10,,,0,20,,90528,10,,,0,19,,90563,10,,,0,61,,90545,10,,,0
2000000,'S2-0_5',648,,90613,10,,,0,62,,90595,10,,,0,16,,90623,10,,,0,15,,90579,10,,,0,15,,90606,10,,,0,55,,90588,10,,,0,15,,90615,10,,,0,15,,90598,10,,,0,16,,90626,10,,,0,56,,90580,10,,,0,16,,90611,10,,,0,15,,90589,10,,,0,56,,90616,10,,,0,15,,90596,10,,,0,16,,90624,10,,,0,16,,90581,10,,,0,56,,90612,10,,,0,15,,90590,10,,,0,16,,90617,10,,,0,17,,90597,10,,,0,54,,90627,10,,,0,18,,90582,10,,,0,13,,90605,10,,,0,16,,90591,10,,,0,55,,90614,10,,,0,15,,90599,10,,,0,15,,90625,10,,,0,15,,90584,10,,,0,55,,90607,10,,,0,15,,90594,10,,,0,15,,90619,10,,,0,15,,90600,10,,,0,54,,90628,10,,,0,15,,90585,10,,,0,15,,90608,10,,,0,16,,90593,10,,,0,7,,90576,8,0,9 10,0,48,,90618,10,,,0,14,,90601,10,,,0,16,,90577,10,,,0,15,,90629,10,,,0,55,,90575,8,0,9 10,0,3,,90583,10,,,0,14,,90610,10,,,0,16,,90592,10,,,0,15,,90620,10,,,0,50,,90632,8,0,9 10,0,6,,90603,10,,,0,13,,90578,10,,,0,14,,90630,10,,,0,15,,90586,10,,,0,55,,90609,10,,,0,14,,90621,10,,,0,19,,90602,10,,,0,62,,90631,10,,,0,20,,90587,10,,,0,19,,90622,10,,,0,61,,90604,10,,,0
2000000,'S2-1_3',648,,90671,10,,,0,62,,90653,10,,,0,16,,90681,10,,,0,15,,90637,10,,,0,15,,90664,10,,,0,55,,90646,10,,,0,15,,90673,10,,,0,15,,90656,10,,,0,16,,90684,10,,,0,56,,90638,10,,,0,16,,90669,10,,,0,15,,90647,10,,,0,56,,90674,10,,,0,15,,90654,10,,,0,16,,90682,10,,,0,16,,90639,10,,,0,56,,90670,10,,,0,15,,90648,10,,,0,16,,90675,10,,,0,17,,90655,10,,,0,54,,90685,10,,,0,10,,90690,8,0,9 10,0,3,,90634,8,0,9 10,0,2,,90633,8,0,9 10,0,3,,90640,10,,,0,13,,90663,10,,,0,16,,90649,10,,,0,55,,90672,10,,,0,15,,90657,10,,,0,15,,90683,10,,,0,15,,90642,10,,,0,55,,90665,10,,,0,15,,90652,10,,,0,15,,90677,10,,,0,15,,90658,10,,,0,54,,90686,10,,,0,15,,90643,10,,,0,15,,90666,10,,,0,16,,90651,10,,,0,55,,90676,10,,,0,14,,90659,10,,,0,16,,90635,10,,,0,15,,90687,10,,,0,58,,90641,10,,,0,14,,90668,10,,,0,16,,90650,10,,,0,15,,90678,10,,,0,56,,90661,10,,,0,13,,90636,10,,,0,14,,90688,10,,,0,15,,90644,10,,,0,55,,90667,10,,,0,14,,90679,10,,,0,19,,90660,10,,,0,62,,90689,10,,,0,20,,90645,10,,,0,19,,90680,10,,,0,61,,90662,10,,,0
2000000,'S2-2_6',645,,90691,10,,,0,81,,90692,10,,,0,79,,90693,10,,,0,29,,90694,10,,,0,20,,90695,10,,,0,60,,90696,10,,,0,18,,90697,10,,,0,18,,90698,10,,,0,59,,90699,10,,,0,20,,90700,10,,,0,19,,90701,10,,,0,59,,90702,10,,,0,19,,90703,10,,,0,20,,90704,10,,,0,58,,90705,10,,,0,19,,90706,10,,,0,18,,90707,10,,,0,59,,90708,10,,,0,19,,90709,10,,,0,19,,90710,10,,,0,18,,90711,10,,,0,59,,90712,10,,,0,20,,90713,10,,,0,20,,90714,10,,,0,59,,90715,10,,,0,19,,90716,10,,,0,20,,90717,10,,,0,60,,90718,10,,,0,20,,90719,10,,,0,20,,90720,10,,,0,59,,90721,10,,,0,20,,90722,10,,,0,20,,90723,10,,,0,60,,90724,10,,,0,18,,90725,10,,,0,20,,90726,10,,,0,64,,90727,10,,,0,25,,90728,10,,,0,65,,90729,10,,,0,25,,90730,10,,,0,25,,90731,10,,,0
2000000,'S2-3_7',820,,90732,10,,,0,80,,90733,10,,,0,40,,90734,10,,,0,80,,90735,10,,,0,80,,90736,10,,,0,40,,90737,10,,,0,80,,90738,10,,,0,80,,90739,10,,,0,40,,90740,10,,,0,80,,90741,10,,,0,80,,90742,10,,,0,40,,90743,10,,,0,80,,90744,10,,,0,80,,90745,10,,,0,40,,90746,10,,,0,80,,90747,10,,,0,80,,90748,10,,,0,40,,90749,10,,,0
2000000,'S2-4_1',648,,90789,10,,,0,62,,90771,10,,,0,16,,90799,10,,,0,15,,90755,10,,,0,15,,90782,10,,,0,55,,90764,10,,,0,15,,90791,10,,,0,15,,90774,10,,,0,16,,90802,10,,,0,56,,90756,10,,,0,16,,90787,10,,,0,15,,90765,10,,,0,56,,90792,10,,,0,15,,90772,10,,,0,16,,90800,10,,,0,16,,90757,10,,,0,56,,90788,10,,,0,15,,90766,10,,,0,16,,90793,10,,,0,17,,90773,10,,,0,54,,90803,10,,,0,18,,90758,10,,,0,13,,90781,10,,,0,16,,90767,10,,,0,55,,90790,10,,,0,15,,90775,10,,,0,15,,90801,10,,,0,15,,90760,10,,,0,55,,90783,10,,,0,15,,90770,10,,,0,15,,90795,10,,,0,15,,90776,10,,,0,54,,90804,10,,,0,15,,90761,10,,,0,15,,90784,10,,,0,16,,90769,10,,,0,7,,90752,8,0,9 10,0,48,,90794,10,,,0,14,,90777,10,,,0,16,,90753,10,,,0,15,,90805,10,,,0,55,,90751,8,0,9 10,0,3,,90759,10,,,0,14,,90786,10,,,0,16,,90768,10,,,0,15,,90796,10,,,0,50,,90808,8,0,9 10,0,6,,90779,10,,,0,13,,90754,10,,,0,14,,90806,10,,,0,15,,90762,10,,,0,55,,90785,10,,,0,14,,90797,10,,,0,19,,90778,10,,,0,62,,90807,10,,,0,20,,90763,10,,,0,19,,90798,10,,,0,61,,90780,10,,,0
2000000,'S2-4_2',648,,90848,10,,,0,62,,90830,10,,,0,16,,90858,10,,,0,15,,90814,10,,,0,15,,90841,10,,,0,55,,90823,10,,,0,15,,90850,10,,,0,15,,90833,10,,,0,16,,90861,10,,,0,56,,90815,10,,,0,16,,90846,10,,,0,15,,90824,10,,,0,56,,90851,10,,,0,15,,90831,10,,,0,16,,90859,10,,,0,16,,90816,10,,,0,56,,90847,10,,,0,15,,90825,10,,,0,16,,90852,10,,,0,17,,90832,10,,,0,54,,90862,10,,,0,18,,90817,10,,,0,13,,90840,10,,,0,16,,90826,10,,,0,55,,90849,10,,,0,15,,90834,10,,,0,15,,90860,10,,,0,15,,90819,10,,,0,55,,90842,10,,,0,15,,90829,10,,,0,15,,90854,10,,,0,15,,90835,10,,,0,54,,90863,10,,,0,15,,90820,10,,,0,15,,90843,10,,,0,16,,90828,10,,,0,7,,90811,8,0,9 10,0,48,,90853,10,,,0,14,,90836,10,,,0,16,,90812,10,,,0,15,,90864,10,,,0,55,,90810,8,0,9 10,0,3,,90818,10,,,0,14,,90845,10,,,0,16,,90827,10,,,0,15,,90855,10,,,0,50,,90867,8,0,9 10,0,6,,90838,10,,,0,13,,90813,10,,,0,14,,90865,10,,,0,15,,90821,10,,,0,55,,90844,10,,,0,14,,90856,10,,,0,19,,90837,10,,,0,62,,90866,10,,,0,20,,90822,10,,,0,19,,90857,10,,,0,61,,90839,10,,,0
2000000,'S2-4_4',648,,90907,10,,,0,62,,90889,10,,,0,16,,90917,10,,,0,15,,90873,10,,,0,15,,90900,10,,,0,55,,90882,10,,,0,15,,90909,10,,,0,15,,90892,10,,,0,16,,90920,10,,,0,56,,90874,10,,,0,16,,90905,10,,,0,15,,90883,10,,,0,56,,90910,10,,,0,15,,90890,10,,,0,16,,90918,10,,,0,16,,90875,10,,,0,56,,90906,10,,,0,15,,90884,10,,,0,16,,90911,10,,,0,17,,90891,10,,,0,54,,90921,10,,,0,18,,90876,10,,,0,13,,90899,10,,,0,16,,90885,10,,,0,55,,90908,10,,,0,15,,90893,10,,,0,15,,90919,10,,,0,15,,90878,10,,,0,55,,90901,10,,,0,15,,90888,10,,,0,15,,90913,10,,,0,15,,90894,10,,,0,54,,90922,10,,,0,15,,90879,10,,,0,15,,90902,10,,,0,16,,90887,10,,,0,7,,90870,8,0,9 10,0,48,,90912,10,,,0,14,,90895,10,,,0,16,,90871,10,,,0,15,,90923,10,,,0,55,,90869,8,0,9 10,0,3,,90877,10,,,0,14,,90904,10,,,0,16,,90886,10,,,0,15,,90914,10,,,0,50,,90926,8,0,9 10,0,6,,90897,10,,,0,13,,90872,10,,,0,14,,90924,10,,,0,15,,90880,10,,,0,55,,90903,10,,,0,14,,90915,10,,,0,19,,90896,10,,,0,62,,90925,10,,,0,20,,90881,10,,,0,19,,90916,10,,,0,61,,90898,10,,,0
