601,'S2-0_4',638,,86435,27,,,0,108,,86448,27,,,0,95,,86436,27,,,0,102,,86437,27,,,0,99,,86438,27,,,0,100,,86439,27,,,0,106,,86452,27,,,0,59,,86440,27,,,0,42,,86441,27,,,0,103,,86442,27,,,0,95,,86443,27,,,0,82,,86449,27,,,0,79,,86444,28,,,0,40,,86450,27,,,0,66,,86445,28,,,0,27,,86451,28,,,0,65,,86446,27,,,0,95,,86447,27,,,0
601,'S2-0_5',638,,86453,27,,,0,108,,86466,27,,,0,95,,86454,27,,,0,102,,86455,27,,,0,99,,86456,27,,,0,100,,86457,27,,,0,106,,86470,27,,,0,59,,86458,27,,,0,42,,86459,27,,,0,103,,86460,27,,,0,95,,86461,27,,,0,82,,86467,27,,,0,79,,86462,28,,,0,40,,86468,27,,,0,66,,86463,28,,,0,27,,86469,28,,,0,65,,86464,27,,,0,95,,86465,27,,,0
601,'S2-1_3',638,,86471,27,,,0,108,,86485,27,,,0,95,,86472,27,,,0,102,,86473,27,,,0,99,,86474,27,,,0,100,,86475,27,,,0,106,,86476,28,,,0,59,,86477,27,,,0,42,,86478,27,,,0,103,,86479,27,,,0,95,,86480,27,,,0,82,,86486,27,,,0,79,,86481,28,,,0,40,,86487,27,,,0,66,,86482,28,,,0,27,,86488,28,,,0,65,,86483,27,,,0,95,,86484,27,,,0
601,'S2-2_6',806,,86489,27,,,0,51,,86491,27,,,0,96,,86492,27,,,0,92,,86493,27,,,0,88,,86494,27,,,0,88,,86495,27,,,0,88,,86496,27,,,0,50,,86497,27,,,0,89,,86498,27,,,0,89,,86499,27,,,0,100,,86500,27,,,0,92,,86501,27,,,0,93,,86502,27,,,0,85,,86503,27,,,0,49,,86490,27,,,0
601,'S2-4_1',638,,86504,27,,,0,108,,86517,27,,,0,95,,86505,27,,,0,102,,86506,27,,,0,99,,86507,27,,,0,100,,86508,27,,,0,106,,86521,27,,,0,59,,86509,27,,,0,42,,86510,27,,,0,103,,86511,27,,,0,95,,86512,27,,,0,82,,86518,27,,,0,79,,86513,28,,,0,40,,86519,27,,,0,66,,86514,28,,,0,27,,86520,28,,,0,65,,86515,27,,,0,95,,86516,27,,,0
601,'S2-4_2',638,,86522,27,,,0,108,,86535,27,,,0,95,,86523,27,,,0,102,,86524,27,,,0,99,,86525,27,,,0,100,,86526,27,,,0,106,,86539,27,,,0,59,,86527,27,,,0,42,,86528,27,,,0,103,,86529,27,,,0,95,,86530,27,,,0,82,,86536,27,,,0,79,,86531,28,,,0,40,,86537,27,,,0,66,,86532,28,,,0,27,,86538,28,,,0,65,,86533,27,,,0,95,,86534,27,,,0
601,'S2-4_4',638,,86540,27,,,0,108,,86553,27,,,0,95,,86541,27,,,0,102,,86542,27,,,0,99,,86543,27,,,0,100,,86544,27,,,0,106,,86557,27,,,0,59,,86545,27,,,0,42,,86546,27,,,0,103,,86547,27,,,0,95,,86548,27,,,0,82,,86554,27,,,0,79,,86549,28,,,0,40,,86555,27,,,0,66,,86550,28,,,0,27,,86556,28,,,0,65,,86551,27,,,0,95,,86552,27,,,0
1800,'S2-0_4',700,,87719,2,,,0,24,,87720,2,,,0,26,,87721,2,,,0,870,,87722,2,,,0,28,,87723,3,,,0,70,,87724,2,,,0,32,,87725,2,,,0,67,,87726,2,,,0,29,,87727,2,,,0,64,,87728,2,,,0
1800,'S2-0_5',700,,87729,2,,,0,24,,87730,2,,,0,26,,87731,2,,,0,870,,87732,2,,,0,28,,87733,3,,,0,70,,87734,2,,,0,32,,87735,2,,,0,67,,87736,2,,,0,29,,87737,2,,,0,64,,87738,2,,,0
1800,'S2-1_3',700,,87739,2,,,0,24,,87740,2,,,0,26,,87741,2,,,0,501,,87745,2,,,0,62,,87746,2,,,0,405,,87742,2,,,0,99,,87743,2,,,0,93,,87744,2,,,0
1800,'S2-4_1',700,,87747,2,,,0,24,,87748,2,,,0,26,,87749,2,,,0,870,,87750,2,,,0,28,,87751,3,,,0,70,,87752,2,,,0,32,,87753,2,,,0,67,,87754,2,,,0,29,,87755,2,,,0,64,,87756,2,,,0
1800,'S2-4_2',700,,87757,2,,,0,24,,87758,2,,,0,26,,87759,2,,,0,870,,87760,2,,,0,28,,87761,3,,,0,70,,87762,2,,,0,32,,87763,2,,,0,67,,87764,2,,,0,29,,87765,2,,,0,64,,87766,2,,,0
1800,'S2-4_4',700,,87767,2,,,0,24,,87768,2,,,0,26,,87769,2,,,0,870,,87770,2,,,0,28,,87771,3,,,0,70,,87772,2,,,0,32,,87773,2,,,0,67,,87774,2,,,0,29,,87775,2,,,0,64,,87776,2,,,0
2900601,'S2-0_4',1758,,91455,9,,,0,99,,91456,9,,,0
2900601,'S2-0_5',1758,,91457,9,,,0,99,,91458,9,,,0
2900601,'S2-1_3',1758,,91459,9,,,0,99,,91460,9,,,0
2900601,'S2-4_1',1758,,91461,9,,,0,99,,91462,9,,,0
2900601,'S2-4_2',1758,,91463,9,,,0,99,,91464,9,,,0
2900601,'S2-4_4',1758,,91465,9,,,0,99,,91466,9,,,0
