301,'S2-0_4',735,,85473,24,,,0,21,,85447,24,,,0,74,,85474,24,,,0,73,,85448,24,,,0,30,,85449,24,,,0,71,,85450,24,,,0,32,,85451,24,,,0,72,,85452,24,,,0,33,,85453,24,,,0,73,,85454,24,,,0,32,,85455,24,,,0,71,,85456,24,,,0,33,,85457,24,,,0,72,,85458,24,,,0,31,,85459,24,,,0,70,,85460,24,,,0,27,,85461,24,,,0,68,,85462,24,,,0,31,,85463,24,,,0,70,,85464,24,,,0,30,,85465,24,,,0,70,,85466,24,,,0,24,,85467,24,,,0,62,,85468,24,,,0,24,,85469,24,,,0,29,,85470,24,,,0,68,,85471,24,,,0,30,,85472,24,,,0
301,'S2-0_5',735,,85501,24,,,0,21,,85475,24,,,0,74,,85502,24,,,0,73,,85476,24,,,0,30,,85477,24,,,0,71,,85478,24,,,0,32,,85479,24,,,0,72,,85480,24,,,0,33,,85481,24,,,0,73,,85482,24,,,0,32,,85483,24,,,0,71,,85484,24,,,0,33,,85485,24,,,0,72,,85486,24,,,0,31,,85487,24,,,0,70,,85488,24,,,0,27,,85489,24,,,0,68,,85490,24,,,0,31,,85491,24,,,0,70,,85492,24,,,0,30,,85493,24,,,0,70,,85494,24,,,0,24,,85495,24,,,0,62,,85496,24,,,0,24,,85497,24,,,0,29,,85498,24,,,0,68,,85499,24,,,0,30,,85500,24,,,0
301,'S2-1_3',735,,85529,24,,,0,21,,85503,24,,,0,74,,85530,24,,,0,73,,85504,24,,,0,30,,85505,24,,,0,71,,85506,24,,,0,32,,85507,24,,,0,72,,85508,24,,,0,33,,85509,24,,,0,73,,85510,24,,,0,32,,85511,24,,,0,71,,85512,24,,,0,33,,85513,24,,,0,72,,85514,24,,,0,31,,85515,24,,,0,70,,85516,24,,,0,27,,85517,24,,,0,68,,85518,24,,,0,31,,85519,24,,,0,70,,85520,24,,,0,30,,85521,24,,,0,70,,85522,24,,,0,24,,85523,24,,,0,62,,85524,24,,,0,24,,85525,24,,,0,29,,85526,24,,,0,68,,85527,24,,,0,30,,85528,24,,,0
301,'S2-2_6',739,,85534,24,,,0,71,,85531,24,,,0,30,,85532,24,,,0,70,,85533,24,,,0,31,,85535,24,,,0,70,,85536,24,,,0,31,,85537,24,,,0,70,,85538,24,,,0,31,,85542,24,,,0,69,,85541,24,,,0,28,,85539,24,,,0,69,,85540,24,,,0,29,,85544,24,,,0,71,,85545,24,,,0,30,,85543,24,,,0,71,,85546,24,,,0,30,,85549,24,,,0,72,,85547,24,,,0,33,,85548,24,,,0,71,,85551,24,,,0,32,,85550,24,,,0,70,,85552,24,,,0,32,,85553,24,,,0,68,,85554,24,,,0,29,,85555,24,,,0,69,,85556,24,,,0,30,,85557,24,,,0,63,,85558,24,,,0
301,'S2-3_7',814,,85580,24,,,0,32,,85575,24,,,0,72,,85581,24,,,0,33,,85576,24,,,0,72,,85582,24,,,0,32,,85577,24,,,0,73,,85583,24,,,0,72,,85578,24,,,0,32,,85584,24,,,0,73,,85559,24,,,0,27,,85560,24,,,0,69,,85561,24,,,0,26,,85562,24,,,0,28,,85563,24,,,0,67,,85564,24,,,0,29,,85565,24,,,0,68,,85585,24,,,0,26,,85566,24,,,0,72,,85567,24,,,0,34,,85568,24,,,0,68,,85569,24,,,0,28,,85570,24,,,0,65,,85571,24,,,0,25,,85572,24,,,0,67,,85573,24,,,0,27,,85579,24,,,0,25,,85574,24,,,0
301,'S2-4_1',735,,85612,24,,,0,21,,85586,24,,,0,74,,85613,24,,,0,73,,85587,24,,,0,30,,85588,24,,,0,71,,85589,24,,,0,32,,85590,24,,,0,72,,85591,24,,,0,33,,85592,24,,,0,73,,85593,24,,,0,32,,85594,24,,,0,71,,85595,24,,,0,33,,85596,24,,,0,72,,85597,24,,,0,31,,85598,24,,,0,70,,85599,24,,,0,27,,85600,24,,,0,68,,85601,24,,,0,31,,85602,24,,,0,70,,85603,24,,,0,30,,85604,24,,,0,70,,85605,24,,,0,24,,85606,24,,,0,62,,85607,24,,,0,24,,85608,24,,,0,29,,85609,24,,,0,68,,85610,24,,,0,30,,85611,24,,,0
301,'S2-4_2',735,,85640,24,,,0,21,,85614,24,,,0,74,,85641,24,,,0,73,,85615,24,,,0,30,,85616,24,,,0,71,,85617,24,,,0,32,,85618,24,,,0,72,,85619,24,,,0,33,,85620,24,,,0,73,,85621,24,,,0,32,,85622,24,,,0,71,,85623,24,,,0,33,,85624,24,,,0,72,,85625,24,,,0,31,,85626,24,,,0,70,,85627,24,,,0,27,,85628,24,,,0,68,,85629,24,,,0,31,,85630,24,,,0,70,,85631,24,,,0,30,,85632,24,,,0,70,,85633,24,,,0,24,,85634,24,,,0,62,,85635,24,,,0,24,,85636,24,,,0,29,,85637,24,,,0,68,,85638,24,,,0,30,,85639,24,,,0
301,'S2-4_4',735,,85668,24,,,0,21,,85642,24,,,0,74,,85669,24,,,0,73,,85643,24,,,0,30,,85644,24,,,0,71,,85645,24,,,0,32,,85646,24,,,0,72,,85647,24,,,0,33,,85648,24,,,0,73,,85649,24,,,0,32,,85650,24,,,0,71,,85651,24,,,0,33,,85652,24,,,0,72,,85653,24,,,0,31,,85654,24,,,0,70,,85655,24,,,0,27,,85656,24,,,0,68,,85657,24,,,0,31,,85658,24,,,0,70,,85659,24,,,0,30,,85660,24,,,0,70,,85661,24,,,0,24,,85662,24,,,0,62,,85663,24,,,0,24,,85664,24,,,0,29,,85665,24,,,0,68,,85666,24,,,0,30,,85667,24,,,0
2900301,'S2-0_4',1726,,91370,10,,,0,28,,91371,10,,,0,73,,91372,10,,,0,21,,91373,10,,,0
2900301,'S2-0_5',1726,,91374,10,,,0,28,,91375,10,,,0,73,,91376,10,,,0,21,,91377,10,,,0
2900301,'S2-1_3',1726,,91378,10,,,0,28,,91379,10,,,0,73,,91380,10,,,0,21,,91381,10,,,0
2900301,'S2-4_1',1726,,91382,10,,,0,28,,91383,10,,,0,73,,91384,10,,,0,21,,91385,10,,,0
2900301,'S2-4_2',1726,,91386,10,,,0,28,,91387,10,,,0,73,,91388,10,,,0,21,,91389,10,,,0
2900301,'S2-4_4',1726,,91390,10,,,0,28,,91391,10,,,0,73,,91392,10,,,0,21,,91393,10,,,0
