2201,'S2-0_4',1608,,88048,2,,,0,100,,88049,2,,,0,100,,88050,2,,,0
2201,'S2-0_5',1608,,88055,2,,,0,100,,88056,2,,,0,100,,88057,2,,,0
2201,'S2-1_3',1208,,88062,2,,,0
2201,'S2-4_1',1608,,88067,2,,,0,100,,88068,2,,,0,100,,88069,2,,,0
2201,'S2-4_2',1608,,88074,2,,,0,100,,88075,2,,,0,100,,88076,2,,,0
2201,'S2-4_4',1608,,88081,2,,,0,100,,88082,2,,,0,100,,88083,2,,,0
2401,'S2-0_4',736,,88141,16,0,18 19,0,895,,88142,14,,,0,104,,88143,14,,,0
2401,'S2-0_5',736,,88144,16,0,18 19,0,895,,88145,14,,,0,104,,88146,14,,,0
2401,'S2-1_3',736,,88147,16,0,18 19,0
2401,'S2-4_1',736,,88148,16,0,18 19,0,895,,88149,14,,,0,104,,88150,14,,,0
2401,'S2-4_2',736,,88151,16,0,18 19,0,895,,88152,14,,,0,104,,88153,14,,,0
2401,'S2-4_4',736,,88154,16,0,18 19,0,895,,88155,14,,,0,104,,88156,14,,,0
2000001,'S2-0_4',651,,90979,18,,,0,67,,90956,18,,,0,14,,90937,12,,,0,3,,90935,8,0,18 19,0,1,,90939,18,,,0,16,,90964,18,,,0,56,,90947,18,,,0,14,,90982,18,,,0,14,,90929,18,,,0,14,,90957,18,,,0,55,,90941,18,,,0,16,,90965,18,,,0,16,,90949,18,,,0,17,,90973,18,,,0,57,,90930,18,,,0,15,,90963,18,,,0,15,,90940,18,,,0,16,,90966,18,,,0,56,,90948,18,,,0,16,,90975,18,,,0,15,,90931,18,,,0,56,,90961,18,,,0,15,,90946,18,,,0,17,,90967,18,,,0,15,,90955,18,,,0,54,,90974,18,,,0,16,,90933,18,,,0,12,,90958,18,,,0,17,,90942,18,,,0,55,,90969,18,,,0,15,,90950,18,,,0,15,,90978,18,,,0,15,,90934,18,,,0,56,,90959,18,,,0,16,,90943,18,,,0,15,,90968,18,,,0,16,,90951,18,,,0,54,,90977,18,,,0,15,,90932,18,,,0,17,,90960,18,,,0,17,,90944,18,,,0,56,,90970,18,,,0,17,,90952,18,,,0,17,,90928,18,,,0,16,,90976,18,,,0,56,,90983,18,,,0,11,,90962,18,,,0,12,,90945,18,,,0,14,,90971,18,,,0,54,,90953,18,,,0,11,,90927,18,,,0,13,,90980,18,,,0,14,,90936,18,,,0,62,,90972,18,,,0,20,,90954,18,,,0,20,,90981,18,,,0,59,,90938,18,,,0
2000001,'S2-0_5',651,,91036,18,,,0,67,,91013,18,,,0,14,,90994,12,,,0,3,,90992,8,0,18 19,0,1,,90996,18,,,0,16,,91021,18,,,0,56,,91004,18,,,0,14,,91039,18,,,0,14,,90986,18,,,0,14,,91014,18,,,0,55,,90998,18,,,0,16,,91022,18,,,0,16,,91006,18,,,0,17,,91030,18,,,0,57,,90987,18,,,0,15,,91020,18,,,0,15,,90997,18,,,0,16,,91023,18,,,0,56,,91005,18,,,0,16,,91032,18,,,0,15,,90988,18,,,0,56,,91018,18,,,0,15,,91003,18,,,0,17,,91024,18,,,0,15,,91012,18,,,0,54,,91031,18,,,0,16,,90990,18,,,0,12,,91015,18,,,0,17,,90999,18,,,0,55,,91026,18,,,0,15,,91007,18,,,0,15,,91035,18,,,0,15,,90991,18,,,0,56,,91016,18,,,0,16,,91000,18,,,0,15,,91025,18,,,0,16,,91008,18,,,0,54,,91034,18,,,0,15,,90989,18,,,0,17,,91017,18,,,0,17,,91001,18,,,0,56,,91027,18,,,0,17,,91009,18,,,0,17,,90985,18,,,0,16,,91033,18,,,0,56,,91040,18,,,0,11,,91019,18,,,0,12,,91002,18,,,0,14,,91028,18,,,0,54,,91010,18,,,0,11,,90984,18,,,0,13,,91037,18,,,0,14,,90993,18,,,0,62,,91029,18,,,0,20,,91011,18,,,0,20,,91038,18,,,0,59,,90995,18,,,0
2000001,'S2-1_3',651,,91093,18,,,0,67,,91070,18,,,0,14,,91051,12,,,0,3,,91049,8,0,18 19,0,1,,91053,18,,,0,16,,91078,18,,,0,56,,91061,18,,,0,14,,91096,18,,,0,14,,91043,18,,,0,14,,91071,18,,,0,55,,91055,18,,,0,16,,91079,18,,,0,16,,91063,18,,,0,17,,91087,18,,,0,57,,91044,18,,,0,15,,91077,18,,,0,15,,91054,18,,,0,16,,91080,18,,,0,56,,91062,18,,,0,16,,91089,18,,,0,15,,91045,18,,,0,56,,91075,18,,,0,15,,91060,18,,,0,17,,91081,18,,,0,15,,91069,18,,,0,54,,91088,18,,,0,16,,91047,18,,,0,12,,91072,18,,,0,17,,91056,18,,,0,55,,91083,18,,,0,15,,91064,18,,,0,15,,91092,18,,,0,15,,91048,18,,,0,56,,91073,18,,,0,16,,91057,18,,,0,15,,91082,18,,,0,16,,91065,18,,,0,54,,91091,18,,,0,15,,91046,18,,,0,17,,91074,18,,,0,17,,91058,18,,,0,56,,91084,18,,,0,17,,91066,18,,,0,17,,91042,18,,,0,16,,91090,18,,,0,56,,91097,18,,,0,11,,91076,18,,,0,12,,91059,18,,,0,14,,91085,18,,,0,54,,91067,18,,,0,11,,91041,18,,,0,13,,91094,18,,,0,14,,91050,18,,,0,62,,91086,18,,,0,20,,91068,18,,,0,20,,91095,18,,,0,59,,91052,18,,,0
2000001,'S2-2_6',655,,91098,18,,,0,81,,91099,18,,,0,79,,91100,18,,,0,32,,91138,18,,,0,61,,91102,18,,,0,20,,91101,18,,,0,21,,91103,18,,,0,60,,91104,18,,,0,19,,91106,18,,,0,18,,91105,18,,,0,60,,91111,18,,,0,19,,91109,18,,,0,18,,91113,18,,,0,59,,91107,18,,,0,19,,91112,18,,,0,20,,91108,18,,,0,16,,91110,18,,,0,58,,91119,18,,,0,18,,91116,18,,,0,20,,91117,18,,,0,61,,91118,18,,,0,18,,91115,18,,,0,17,,91114,18,,,0,59,,91120,18,,,0,23,,91121,18,,,0,20,,91123,18,,,0,59,,91122,18,,,0,19,,91124,18,,,0,20,,91125,18,,,0,61,,91126,18,,,0,20,,91128,18,,,0,19,,91127,18,,,0,58,,91129,18,,,0,19,,91130,18,,,0,19,,91131,18,,,0,59,,91132,18,,,0,17,,91133,18,,,0,18,,91134,18,,,0,62,,91135,18,,,0,24,,91136,18,,,0,23,,91137,18,,,0
2000001,'S2-3_7',828,,91156,18,,,0,80,,91139,18,,,0,40,,91140,18,,,0,80,,91141,18,,,0,80,,91142,18,,,0,40,,91143,18,,,0,80,,91144,18,,,0,80,,91145,18,,,0,40,,91147,18,,,0,80,,91146,18,,,0,80,,91148,18,,,0,40,,91149,18,,,0,80,,91150,18,,,0,80,,91151,18,,,0,40,,91153,18,,,0,80,,91152,18,,,0,80,,91154,18,,,0,40,,91155,18,,,0
2000001,'S2-4_1',651,,91209,18,,,0,67,,91186,18,,,0,14,,91167,12,,,0,3,,91165,8,0,18 19,0,1,,91169,18,,,0,16,,91194,18,,,0,56,,91177,18,,,0,14,,91212,18,,,0,14,,91159,18,,,0,14,,91187,18,,,0,55,,91171,18,,,0,16,,91195,18,,,0,16,,91179,18,,,0,17,,91203,18,,,0,57,,91160,18,,,0,15,,91193,18,,,0,15,,91170,18,,,0,16,,91196,18,,,0,56,,91178,18,,,0,16,,91205,18,,,0,15,,91161,18,,,0,56,,91191,18,,,0,15,,91176,18,,,0,17,,91197,18,,,0,15,,91185,18,,,0,54,,91204,18,,,0,16,,91163,18,,,0,12,,91188,18,,,0,17,,91172,18,,,0,55,,91199,18,,,0,15,,91180,18,,,0,15,,91208,18,,,0,15,,91164,18,,,0,56,,91189,18,,,0,16,,91173,18,,,0,15,,91198,18,,,0,16,,91181,18,,,0,54,,91207,18,,,0,15,,91162,18,,,0,17,,91190,18,,,0,17,,91174,18,,,0,56,,91200,18,,,0,17,,91182,18,,,0,17,,91158,18,,,0,16,,91206,18,,,0,56,,91213,18,,,0,11,,91192,18,,,0,12,,91175,18,,,0,14,,91201,18,,,0,54,,91183,18,,,0,11,,91157,18,,,0,13,,91210,18,,,0,14,,91166,18,,,0,62,,91202,18,,,0,20,,91184,18,,,0,20,,91211,18,,,0,59,,91168,18,,,0
2000001,'S2-4_2',651,,91266,18,,,0,67,,91243,18,,,0,14,,91224,12,,,0,3,,91222,8,0,18 19,0,1,,91226,18,,,0,16,,91251,18,,,0,56,,91234,18,,,0,14,,91269,18,,,0,14,,91216,18,,,0,14,,91244,18,,,0,55,,91228,18,,,0,16,,91252,18,,,0,16,,91236,18,,,0,17,,91260,18,,,0,57,,91217,18,,,0,15,,91250,18,,,0,15,,91227,18,,,0,16,,91253,18,,,0,56,,91235,18,,,0,16,,91262,18,,,0,15,,91218,18,,,0,56,,91248,18,,,0,15,,91233,18,,,0,17,,91254,18,,,0,15,,91242,18,,,0,54,,91261,18,,,0,16,,91220,18,,,0,12,,91245,18,,,0,17,,91229,18,,,0,55,,91256,18,,,0,15,,91237,18,,,0,15,,91265,18,,,0,15,,91221,18,,,0,56,,91246,18,,,0,16,,91230,18,,,0,15,,91255,18,,,0,16,,91238,18,,,0,54,,91264,18,,,0,15,,91219,18,,,0,17,,91247,18,,,0,17,,91231,18,,,0,56,,91257,18,,,0,17,,91239,18,,,0,17,,91215,18,,,0,16,,91263,18,,,0,56,,91270,18,,,0,11,,91249,18,,,0,12,,91232,18,,,0,14,,91258,18,,,0,54,,91240,18,,,0,11,,91214,18,,,0,13,,91267,18,,,0,14,,91223,18,,,0,62,,91259,18,,,0,20,,91241,18,,,0,20,,91268,18,,,0,59,,91225,18,,,0
2000001,'S2-4_4',651,,91323,18,,,0,67,,91300,18,,,0,14,,91281,12,,,0,3,,91279,8,0,18 19,0,1,,91283,18,,,0,16,,91308,18,,,0,56,,91291,18,,,0,14,,91326,18,,,0,14,,91273,18,,,0,14,,91301,18,,,0,55,,91285,18,,,0,16,,91309,18,,,0,16,,91293,18,,,0,17,,91317,18,,,0,57,,91274,18,,,0,15,,91307,18,,,0,15,,91284,18,,,0,16,,91310,18,,,0,56,,91292,18,,,0,16,,91319,18,,,0,15,,91275,18,,,0,56,,91305,18,,,0,15,,91290,18,,,0,17,,91311,18,,,0,15,,91299,18,,,0,54,,91318,18,,,0,16,,91277,18,,,0,12,,91302,18,,,0,17,,91286,18,,,0,55,,91313,18,,,0,15,,91294,18,,,0,15,,91322,18,,,0,15,,91278,18,,,0,56,,91303,18,,,0,16,,91287,18,,,0,15,,91312,18,,,0,16,,91295,18,,,0,54,,91321,18,,,0,15,,91276,18,,,0,17,,91304,18,,,0,17,,91288,18,,,0,56,,91314,18,,,0,17,,91296,18,,,0,17,,91272,18,,,0,16,,91320,18,,,0,56,,91327,18,,,0,11,,91306,18,,,0,12,,91289,18,,,0,14,,91315,18,,,0,54,,91297,18,,,0,11,,91271,18,,,0,13,,91324,18,,,0,14,,91280,18,,,0,62,,91316,18,,,0,20,,91298,18,,,0,20,,91325,18,,,0,59,,91282,18,,,0
