300,'S2-0_4',659,,85225,18,,,0,64,,85226,18,,,0,32,,85227,18,,,0,64,,85228,18,,,0,25,,85229,18,,,0,70,,85230,18,,,0,32,,85231,18,,,0,72,,85232,18,,,0,32,,85233,18,,,0,72,,85234,18,,,0,32,,85235,18,,,0,72,,85236,18,,,0,32,,85237,18,,,0,72,,85238,18,,,0,72,,85239,18,,,0,32,,85240,18,,,0,72,,85241,18,,,0,33,,85242,18,,,0,70,,85244,18,,,0,27,,85245,18,,,0,68,,85246,18,,,0,29,,85247,18,,,0,70,,85248,18,,,0,30,,85252,18,,,0,71,,85249,18,,,0,31,,85250,18,,,0,73,,85251,18,,,0,30,,85243,18,,,0
300,'S2-0_5',659,,85253,18,,,0,64,,85254,18,,,0,32,,85255,18,,,0,64,,85256,18,,,0,25,,85257,18,,,0,70,,85258,18,,,0,32,,85259,18,,,0,72,,85260,18,,,0,32,,85261,18,,,0,72,,85262,18,,,0,32,,85263,18,,,0,72,,85264,18,,,0,32,,85265,18,,,0,72,,85266,18,,,0,72,,85267,18,,,0,32,,85268,18,,,0,72,,85269,18,,,0,33,,85270,18,,,0,70,,85272,18,,,0,27,,85273,18,,,0,68,,85274,18,,,0,29,,85275,18,,,0,70,,85276,18,,,0,30,,85280,18,,,0,71,,85277,18,,,0,31,,85278,18,,,0,73,,85279,18,,,0,30,,85271,18,,,0
300,'S2-1_3',659,,85281,18,,,0,64,,85282,18,,,0,32,,85283,18,,,0,64,,85284,18,,,0,25,,85285,18,,,0,70,,85286,18,,,0,32,,85287,18,,,0,72,,85288,18,,,0,32,,85289,18,,,0,72,,85290,18,,,0,32,,85291,18,,,0,72,,85292,18,,,0,32,,85293,18,,,0,72,,85294,18,,,0,72,,85295,18,,,0,32,,85296,18,,,0,72,,85297,18,,,0,33,,85298,18,,,0,70,,85300,18,,,0,27,,85301,18,,,0,68,,85302,18,,,0,29,,85303,18,,,0,70,,85304,18,,,0,30,,85308,18,,,0,71,,85305,18,,,0,31,,85306,18,,,0,73,,85307,18,,,0,30,,85299,18,,,0
300,'S2-2_6',701,,85309,18,,,0,30,,85311,18,,,0,69,,85312,18,,,0,30,,85310,18,,,0,70,,85314,18,,,0,29,,85315,18,,,0,29,,85313,18,,,0,71,,85316,18,,,0,30,,85317,18,,,0,70,,85320,18,,,0,29,,85319,18,,,0,69,,85318,18,,,0,28,,85322,18,,,0,70,,85321,18,,,0,30,,85323,18,,,0,69,,85324,18,,,0,32,,85325,18,,,0,72,,85326,18,,,0,31,,85327,18,,,0,71,,85328,18,,,0,72,,85329,18,,,0,32,,85330,18,,,0,70,,85331,18,,,0,31,,85336,18,,,0,71,,85332,18,,,0,30,,85333,18,,,0,65,,85334,18,,,0,30,,85335,18,,,0
300,'S2-3_7',905,,85359,18,,,0,32,,85360,18,,,0,75,,85361,18,,,0,34,,85362,18,,,0,72,,85353,18,,,0,33,,85358,18,,,0,73,,85357,18,,,0,33,,85356,18,,,0,72,,85355,18,,,0,71,,85337,18,,,0,28,,85338,18,,,0,29,,85339,18,,,0,68,,85340,18,,,0,28,,85341,18,,,0,68,,85342,18,,,0,32,,85343,18,,,0,68,,85344,18,,,0,27,,85345,18,,,0,68,,85346,18,,,0,29,,85347,18,,,0,67,,85348,18,,,0,26,,85349,18,,,0,66,,85350,18,,,0,24,,85351,18,,,0,24,,85354,18,,,0,66,,85352,18,,,0
300,'S2-4_1',659,,85363,18,,,0,64,,85364,18,,,0,32,,85365,18,,,0,64,,85366,18,,,0,25,,85367,18,,,0,70,,85368,18,,,0,32,,85369,18,,,0,72,,85370,18,,,0,32,,85371,18,,,0,72,,85372,18,,,0,32,,85373,18,,,0,72,,85374,18,,,0,32,,85375,18,,,0,72,,85376,18,,,0,72,,85377,18,,,0,32,,85378,18,,,0,72,,85379,18,,,0,33,,85380,18,,,0,70,,85382,18,,,0,27,,85383,18,,,0,68,,85384,18,,,0,29,,85385,18,,,0,70,,85386,18,,,0,30,,85390,18,,,0,71,,85387,18,,,0,31,,85388,18,,,0,73,,85389,18,,,0,30,,85381,18,,,0
300,'S2-4_2',659,,85391,18,,,0,64,,85392,18,,,0,32,,85393,18,,,0,64,,85394,18,,,0,25,,85395,18,,,0,70,,85396,18,,,0,32,,85397,18,,,0,72,,85398,18,,,0,32,,85399,18,,,0,72,,85400,18,,,0,32,,85401,18,,,0,72,,85402,18,,,0,32,,85403,18,,,0,72,,85404,18,,,0,72,,85405,18,,,0,32,,85406,18,,,0,72,,85407,18,,,0,33,,85408,18,,,0,70,,85410,18,,,0,27,,85411,18,,,0,68,,85412,18,,,0,29,,85413,18,,,0,70,,85414,18,,,0,30,,85418,18,,,0,71,,85415,18,,,0,31,,85416,18,,,0,73,,85417,18,,,0,30,,85409,18,,,0
300,'S2-4_4',659,,85419,18,,,0,64,,85420,18,,,0,32,,85421,18,,,0,64,,85422,18,,,0,25,,85423,18,,,0,70,,85424,18,,,0,32,,85425,18,,,0,72,,85426,18,,,0,32,,85427,18,,,0,72,,85428,18,,,0,32,,85429,18,,,0,72,,85430,18,,,0,32,,85431,18,,,0,72,,85432,18,,,0,72,,85433,18,,,0,32,,85434,18,,,0,72,,85435,18,,,0,33,,85436,18,,,0,70,,85438,18,,,0,27,,85439,18,,,0,68,,85440,18,,,0,29,,85441,18,,,0,70,,85442,18,,,0,30,,85446,18,,,0,71,,85443,18,,,0,31,,85444,18,,,0,73,,85445,18,,,0,30,,85437,18,,,0
900601,'S2-0_4',754,,89031,6,,,0,170,,89032,6,,,0,130,,89033,6,,,0,175,,89034,6,,,0,120,,89035,6,,,0,175,,89036,6,,,0,125,,89037,6,,,0,170,,89038,6,,,0
900601,'S2-0_5',754,,89039,6,,,0,170,,89040,6,,,0,130,,89041,6,,,0,175,,89042,6,,,0,120,,89043,6,,,0,175,,89044,6,,,0,125,,89045,6,,,0,170,,89046,6,,,0
900601,'S2-1_3',754,,89047,6,,,0,170,,89048,6,,,0,130,,89049,6,,,0,175,,89050,6,,,0,120,,89051,6,,,0,175,,89052,6,,,0,125,,89053,6,,,0,170,,89054,6,,,0
900601,'S2-2_6',754,,89055,6,,,0,170,,89056,6,,,0,130,,89057,6,,,0,175,,89058,6,,,0,120,,89059,6,,,0,175,,89060,6,,,0,125,,89061,6,,,0,170,,89062,6,,,0
900601,'S2-4_1',754,,89063,6,,,0,170,,89064,6,,,0,130,,89065,6,,,0,175,,89066,6,,,0,120,,89067,6,,,0,175,,89068,6,,,0,125,,89069,6,,,0,170,,89070,6,,,0
900601,'S2-4_2',754,,89071,6,,,0,170,,89072,6,,,0,130,,89073,6,,,0,175,,89074,6,,,0,120,,89075,6,,,0,175,,89076,6,,,0,125,,89077,6,,,0,170,,89078,6,,,0
900601,'S2-4_4',754,,89079,6,,,0,170,,89080,6,,,0,130,,89081,6,,,0,175,,89082,6,,,0,120,,89083,6,,,0,175,,89084,6,,,0,125,,89085,6,,,0,170,,89086,6,,,0
2900300,'S2-0_4',714,,91352,10,,,0,30,,91353,10,,,0,69,,91354,10,,,0
2900300,'S2-0_5',714,,91355,10,,,0,30,,91356,10,,,0,69,,91357,10,,,0
2900300,'S2-1_3',714,,91358,10,,,0,30,,91359,10,,,0,69,,91360,10,,,0
2900300,'S2-4_1',714,,91361,10,,,0,30,,91362,10,,,0,69,,91363,10,,,0
2900300,'S2-4_2',714,,91364,10,,,0,30,,91365,10,,,0,69,,91366,10,,,0
2900300,'S2-4_4',714,,91367,10,,,0,30,,91368,10,,,0,69,,91369,10,,,0
