100,'S2-0_4',718,,84209,24,0,61 8,0,14,,84206,24,0,61 8,0,16,,84210,24,0,61 8,0,55,,84197,24,,,0,15,,84216,24,0,61 8,0,20,,84207,24,0,9 10,0,10,,84211,24,0,61 8,0,67,,84198,24,0,61 8,0,38,,84212,24,0,61 8,0,78,,84199,24,0,61 8,0,80,,84213,24,0,61 8,0,38,,84200,24,0,61 8,0,59,,84217,24,,,0,25,,84218,24,,,0,70,,84201,24,0,61 8,0,25,,84214,24,0,61 8,0,25,,84202,24,0,61 8,0,75,,84215,24,0,61 8,0,80,,84203,24,0,61 8,0,24,,84219,24,,,0,76,,84226,8,0,9 10,0,20,,84220,24,,,0,13,,84225,1,0,61 8,0,62,,84221,24,,,0,10,,84204,24,0,61 8,0,11,,84227,8,0,9 10,0,2,,84228,8,,,0,7,,84222,24,,,0,21,,84205,24,0,61 8,0,54,,84223,24,,,0,6,,84229,8,,,0,19,,84195,24,,,0,76,,84224,24,0,61 8,0,34,,84196,24,,,0
100,'S2-0_5',718,,84244,24,0,61 8,0,14,,84241,24,0,61 8,0,16,,84245,24,0,61 8,0,55,,84232,24,,,0,15,,84251,24,0,61 8,0,20,,84242,24,0,9 10,0,10,,84246,24,0,61 8,0,67,,84233,24,0,61 8,0,38,,84247,24,0,61 8,0,78,,84234,24,0,61 8,0,80,,84248,24,0,61 8,0,38,,84235,24,0,61 8,0,59,,84252,24,,,0,25,,84253,24,,,0,70,,84236,24,0,61 8,0,25,,84249,24,0,61 8,0,25,,84237,24,0,61 8,0,75,,84250,24,0,61 8,0,80,,84238,24,0,61 8,0,24,,84254,24,,,0,76,,84261,8,0,9 10,0,20,,84255,24,,,0,13,,84260,1,0,61 8,0,62,,84256,24,,,0,10,,84239,24,0,61 8,0,11,,84262,8,0,9 10,0,2,,84263,8,,,0,7,,84257,24,,,0,21,,84240,24,0,61 8,0,54,,84258,24,,,0,6,,84264,8,,,0,19,,84230,24,,,0,76,,84259,24,0,61 8,0,34,,84231,24,,,0
100,'S2-1_3',718,,84279,24,0,61 8,0,14,,84276,24,0,61 8,0,16,,84280,24,0,61 8,0,55,,84267,24,,,0,15,,84286,24,0,61 8,0,20,,84277,24,0,9 10,0,10,,84281,24,0,61 8,0,67,,84268,24,0,61 8,0,38,,84282,24,0,61 8,0,78,,84269,24,0,61 8,0,80,,84283,24,0,61 8,0,38,,84270,24,0,61 8,0,59,,84287,24,,,0,6,,84299,8,0,9 10,0,4,,84296,8,0,9 10,0,5,,84297,8,0,9 10,0,7,,84298,1,,,0,3,,84288,24,,,0,70,,84271,24,0,61 8,0,25,,84284,24,0,61 8,0,25,,84272,24,0,61 8,0,75,,84285,24,0,61 8,0,80,,84273,24,0,61 8,0,24,,84289,24,,,0,76,,84278,24,0,61 8,0,20,,84290,24,,,0,13,,84295,1,0,61 8,0,62,,84291,24,,,0,10,,84274,24,0,61 8,0,20,,84292,24,,,0,21,,84275,24,0,61 8,0,54,,84293,24,,,0,25,,84265,24,,,0,76,,84294,24,0,61 8,0,34,,84266,24,,,0
100,'S2-2_6',718,,84300,24,0,61 8,0,110,,84312,24,0,61 8,0,95,,84301,24,0,61 8,0,30,,84313,24,0,61 8,0,70,,84302,24,0,61 8,0,32,,84314,24,0,61 8,0,70,,84303,24,0,61 8,0,29,,84315,24,0,61 8,0,71,,84304,24,0,61 8,0,28,,84316,24,0,61 8,0,70,,84305,24,0,61 8,0,30,,84317,24,0,61 8,0,70,,84306,24,0,61 8,0,31,,84318,24,0,61 8,0,69,,84307,24,0,61 8,0,31,,84319,24,0,61 8,0,71,,84308,24,0,61 8,0,32,,84320,24,0,61 8,0,73,,84309,24,0,61 8,0,28,,84321,24,0,61 8,0,70,,84310,24,0,61 8,0,31,,84322,24,0,61 8,0,69,,84311,24,0,61 8,0
100,'S2-3_7',923,,84323,24,0,61 8,0,105,,84328,24,0,61 8,0,106,,84324,24,0,61 8,0,104,,84329,24,0,61 8,0,90,,84325,24,0,61 8,0,100,,84330,24,0,61 8,0,105,,84326,24,0,61 8,0,105,,84331,24,0,61 8,0,105,,84327,24,0,61 8,0,105,,84332,24,0,61 8,0
100,'S2-4_1',718,,84347,24,0,61 8,0,14,,84344,24,0,61 8,0,16,,84348,24,0,61 8,0,55,,84335,24,,,0,15,,84354,24,0,61 8,0,20,,84345,24,0,9 10,0,10,,84349,24,0,61 8,0,67,,84336,24,0,61 8,0,38,,84350,24,0,61 8,0,78,,84337,24,0,61 8,0,80,,84351,24,0,61 8,0,38,,84338,24,0,61 8,0,59,,84355,24,,,0,25,,84356,24,,,0,70,,84339,24,0,61 8,0,25,,84352,24,0,61 8,0,25,,84340,24,0,61 8,0,75,,84353,24,0,61 8,0,80,,84341,24,0,61 8,0,24,,84357,24,,,0,76,,84364,8,0,9 10,0,20,,84358,24,,,0,13,,84363,1,0,61 8,0,62,,84359,24,,,0,10,,84342,24,0,61 8,0,11,,84365,8,0,9 10,0,2,,84366,8,,,0,7,,84360,24,,,0,21,,84343,24,0,61 8,0,54,,84361,24,,,0,6,,84367,8,,,0,19,,84333,24,,,0,76,,84362,24,0,61 8,0,34,,84334,24,,,0
100,'S2-4_2',718,,84382,24,0,61 8,0,14,,84379,24,0,61 8,0,16,,84383,24,0,61 8,0,55,,84370,24,,,0,15,,84389,24,0,61 8,0,20,,84380,24,0,9 10,0,10,,84384,24,0,61 8,0,67,,84371,24,0,61 8,0,38,,84385,24,0,61 8,0,78,,84372,24,0,61 8,0,80,,84386,24,0,61 8,0,38,,84373,24,0,61 8,0,59,,84390,24,,,0,25,,84391,24,,,0,70,,84374,24,0,61 8,0,25,,84387,24,0,61 8,0,25,,84375,24,0,61 8,0,75,,84388,24,0,61 8,0,80,,84376,24,0,61 8,0,24,,84392,24,,,0,76,,84399,8,0,9 10,0,20,,84393,24,,,0,13,,84398,1,0,61 8,0,62,,84394,24,,,0,10,,84377,24,0,61 8,0,11,,84400,8,0,9 10,0,2,,84401,8,,,0,7,,84395,24,,,0,21,,84378,24,0,61 8,0,54,,84396,24,,,0,6,,84402,8,,,0,19,,84368,24,,,0,76,,84397,24,0,61 8,0,34,,84369,24,,,0
100,'S2-4_4',718,,84417,24,0,61 8,0,14,,84414,24,0,61 8,0,16,,84418,24,0,61 8,0,55,,84405,24,,,0,15,,84424,24,0,61 8,0,20,,84415,24,0,9 10,0,10,,84419,24,0,61 8,0,67,,84406,24,0,61 8,0,38,,84420,24,0,61 8,0,78,,84407,24,0,61 8,0,80,,84421,24,0,61 8,0,38,,84408,24,0,61 8,0,59,,84425,24,,,0,25,,84426,24,,,0,70,,84409,24,0,61 8,0,25,,84422,24,0,61 8,0,25,,84410,24,0,61 8,0,75,,84423,24,0,61 8,0,80,,84411,24,0,61 8,0,24,,84427,24,,,0,76,,84434,8,0,9 10,0,20,,84428,24,,,0,13,,84433,1,0,61 8,0,62,,84429,24,,,0,10,,84412,24,0,61 8,0,11,,84435,8,0,9 10,0,2,,84436,8,,,0,7,,84430,24,,,0,21,,84413,24,0,61 8,0,54,,84431,24,,,0,6,,84437,8,,,0,19,,84403,24,,,0,76,,84432,24,0,61 8,0,34,,84404,24,,,0
400,'S2-0_4',717,,85693,15,0,43,0,15,,85701,15,0,40,0,16,,85670,15,0,40,0,55,,85671,15,0,40,0,15,,85695,15,0,40,0,15,,85672,15,0,40,0,13,,85673,15,0,40,0,71,,85674,15,0,40,0,39,,85675,27,0,40,0,70,,85676,15,0,40,0,31,,85677,15,0,40,0,76,,85678,15,0,40,0,74,,85679,15,0,40,0,25,,85699,15,,,0,26,,85696,27,0,40,0,69,,85680,15,0,40,0,26,,85681,15,0,40,0,70,,85684,27,0,40,0,35,,85682,15,0,40,0,70,,85685,27,0,40,0,75,,85683,15,0,40,0,28,,85702,15,0,40,0,26,,85686,27,0,40,0,60,,85687,15,0,40,0,15,,85703,15,,,0,15,,85689,15,0,40,0,65,,85688,27,0,40,0,20,,85700,15,,,0,76,,85690,15,0,40,0,25,,85691,27,0,40,0
400,'S2-0_5',717,,85727,15,0,43,0,15,,85735,15,0,40,0,16,,85704,15,0,40,0,55,,85705,15,0,40,0,15,,85729,15,0,40,0,15,,85706,15,0,40,0,13,,85707,15,0,40,0,71,,85708,15,0,40,0,39,,85709,27,0,40,0,70,,85710,15,0,40,0,31,,85711,15,0,40,0,76,,85712,15,0,40,0,74,,85713,15,0,40,0,25,,85733,15,,,0,26,,85730,27,0,40,0,69,,85714,15,0,40,0,26,,85715,15,0,40,0,70,,85718,27,0,40,0,35,,85716,15,0,40,0,70,,85719,27,0,40,0,75,,85717,15,0,40,0,28,,85736,15,0,40,0,26,,85720,27,0,40,0,60,,85721,15,0,40,0,15,,85737,15,,,0,15,,85723,15,0,40,0,65,,85722,27,0,40,0,20,,85734,15,,,0,76,,85724,15,0,40,0,25,,85725,27,0,40,0
400,'S2-1_3',717,,85760,15,0,43,0,15,,85768,15,0,40,0,16,,85738,15,0,40,0,55,,85739,15,0,40,0,15,,85762,15,0,40,0,15,,85740,15,0,40,0,13,,85741,15,0,40,0,71,,85742,15,0,40,0,39,,85743,27,0,40,0,70,,85744,15,0,40,0,31,,85745,15,0,40,0,76,,85746,15,0,40,0,74,,85747,15,0,40,0,25,,85766,15,,,0,26,,85763,27,0,40,0,69,,85748,15,0,40,0,26,,85749,15,0,40,0,70,,85752,27,0,40,0,35,,85750,15,0,40,0,70,,85753,27,0,40,0,75,,85751,15,0,40,0,28,,85769,15,0,40,0,26,,85754,27,0,40,0,60,,85755,15,0,40,0,15,,85770,15,,,0,15,,85757,15,0,40,0,65,,85756,27,0,40,0,20,,85767,15,,,0,76,,85758,15,0,40,0,25,,85759,27,0,40,0
400,'S2-2_6',718,,85777,15,0,40,0,104,,85778,15,0,40,0,34,,85771,27,0,40,0,67,,85779,15,0,40,0,31,,85780,15,0,40,0,70,,85781,15,0,40,0,30,,85772,27,0,40,0,71,,85782,15,0,40,0,29,,85784,15,0,40,0,71,,85783,15,0,40,0,29,,85773,27,0,40,0,70,,85785,15,0,40,0,31,,85786,15,0,40,0,69,,85787,15,0,40,0,32,,85774,27,0,40,0,72,,85788,15,0,40,0,29,,85789,15,0,40,0,70,,85790,15,0,40,0,73,,85775,27,0,40,0,35,,85791,15,0,40,0,71,,85792,15,0,40,0,32,,85793,15,0,40,0,69,,85776,27,0,40,0,31,,85794,15,0,40,0
400,'S2-3_7',833,,85795,27,0,40,0,125,,85796,27,0,40,0,165,,85797,27,0,40,0,200,,85798,27,0,40,0,126,,85799,27,0,40,0,165,,85800,27,0,40,0,126,,85801,27,0,40,0,165,,85802,27,0,40,0
400,'S2-4_1',717,,85826,15,0,43,0,15,,85834,15,0,40,0,16,,85803,15,0,40,0,55,,85804,15,0,40,0,15,,85828,15,0,40,0,15,,85805,15,0,40,0,13,,85806,15,0,40,0,71,,85807,15,0,40,0,39,,85808,27,0,40,0,70,,85809,15,0,40,0,31,,85810,15,0,40,0,76,,85811,15,0,40,0,74,,85812,15,0,40,0,25,,85832,15,,,0,26,,85829,27,0,40,0,69,,85813,15,0,40,0,26,,85814,15,0,40,0,70,,85817,27,0,40,0,35,,85815,15,0,40,0,70,,85818,27,0,40,0,75,,85816,15,0,40,0,28,,85835,15,0,40,0,26,,85819,27,0,40,0,60,,85820,15,0,40,0,15,,85836,15,,,0,15,,85822,15,0,40,0,65,,85821,27,0,40,0,20,,85833,15,,,0,76,,85823,15,0,40,0,25,,85824,27,0,40,0
400,'S2-4_2',717,,85860,15,0,43,0,15,,85868,15,0,40,0,16,,85837,15,0,40,0,55,,85838,15,0,40,0,15,,85862,15,0,40,0,15,,85839,15,0,40,0,13,,85840,15,0,40,0,71,,85841,15,0,40,0,39,,85842,27,0,40,0,70,,85843,15,0,40,0,31,,85844,15,0,40,0,76,,85845,15,0,40,0,74,,85846,15,0,40,0,25,,85866,15,,,0,26,,85863,27,0,40,0,69,,85847,15,0,40,0,26,,85848,15,0,40,0,70,,85851,27,0,40,0,35,,85849,15,0,40,0,70,,85852,27,0,40,0,75,,85850,15,0,40,0,28,,85869,15,0,40,0,26,,85853,27,0,40,0,60,,85854,15,0,40,0,15,,85870,15,,,0,15,,85856,15,0,40,0,65,,85855,27,0,40,0,20,,85867,15,,,0,76,,85857,15,0,40,0,25,,85858,27,0,40,0
400,'S2-4_4',717,,85894,15,0,43,0,15,,85902,15,0,40,0,16,,85871,15,0,40,0,55,,85872,15,0,40,0,15,,85896,15,0,40,0,15,,85873,15,0,40,0,13,,85874,15,0,40,0,71,,85875,15,0,40,0,39,,85876,27,0,40,0,70,,85877,15,0,40,0,31,,85878,15,0,40,0,76,,85879,15,0,40,0,74,,85880,15,0,40,0,25,,85900,15,,,0,26,,85897,27,0,40,0,69,,85881,15,0,40,0,26,,85882,15,0,40,0,70,,85885,27,0,40,0,35,,85883,15,0,40,0,70,,85886,27,0,40,0,75,,85884,15,0,40,0,28,,85903,15,0,40,0,26,,85887,27,0,40,0,60,,85888,15,0,40,0,15,,85904,15,,,0,15,,85890,15,0,40,0,65,,85889,27,0,40,0,20,,85901,15,,,0,76,,85891,15,0,40,0,25,,85892,27,0,40,0
500,'S2-0_4',718,,86139,21,,,0,20,,86140,35,,,0,80,,86141,21,,,0,36,,86128,35,,,0,104,,86129,35,,,0,100,,86130,35,,,0,145,,86131,35,,,0,100,,86132,35,,,0,44,,86133,35,,,0,94,,86134,35,,,0,100,,86135,35,,,0,103,,86136,35,,,0,107,,86137,35,,,0,101,,86142,35,,,0,98,,86138,35,,,0
500,'S2-0_5',718,,86154,21,,,0,20,,86155,35,,,0,80,,86156,21,,,0,36,,86143,35,,,0,104,,86144,35,,,0,100,,86145,35,,,0,145,,86146,35,,,0,100,,86147,35,,,0,44,,86148,35,,,0,94,,86149,35,,,0,100,,86150,35,,,0,103,,86151,35,,,0,107,,86152,35,,,0,101,,86157,35,,,0,98,,86153,35,,,0
500,'S2-1_3',718,,86169,21,,,0,20,,86170,35,,,0,80,,86171,21,,,0,36,,86158,35,,,0,104,,86159,35,,,0,100,,86160,35,,,0,145,,86161,35,,,0,100,,86162,35,,,0,44,,86163,35,,,0,94,,86164,35,,,0,100,,86165,35,,,0,103,,86166,35,,,0,107,,86167,35,,,0,101,,86172,35,,,0,98,,86168,35,,,0
500,'S2-2_6',748,,86184,35,,,0,100,,86173,35,,,0,99,,86174,35,,,0,100,,86175,35,,,0,99,,86176,35,,,0,96,,86177,35,,,0,98,,86178,35,,,0,100,,86179,35,,,0,100,,86180,35,,,0,100,,86181,35,,,0,101,,86182,35,,,0,191,,86183,35,,,0
500,'S2-4_1',718,,86196,21,,,0,20,,86197,35,,,0,80,,86198,21,,,0,36,,86185,35,,,0,104,,86186,35,,,0,100,,86187,35,,,0,145,,86188,35,,,0,100,,86189,35,,,0,44,,86190,35,,,0,94,,86191,35,,,0,100,,86192,35,,,0,103,,86193,35,,,0,107,,86194,35,,,0,101,,86199,35,,,0,98,,86195,35,,,0
500,'S2-4_2',718,,86211,21,,,0,20,,86212,35,,,0,80,,86213,21,,,0,36,,86200,35,,,0,104,,86201,35,,,0,100,,86202,35,,,0,145,,86203,35,,,0,100,,86204,35,,,0,44,,86205,35,,,0,94,,86206,35,,,0,100,,86207,35,,,0,103,,86208,35,,,0,107,,86209,35,,,0,101,,86214,35,,,0,98,,86210,35,,,0
500,'S2-4_4',718,,86226,21,,,0,20,,86227,35,,,0,80,,86228,21,,,0,36,,86215,35,,,0,104,,86216,35,,,0,100,,86217,35,,,0,145,,86218,35,,,0,100,,86219,35,,,0,44,,86220,35,,,0,94,,86221,35,,,0,100,,86222,35,,,0,103,,86223,35,,,0,107,,86224,35,,,0,101,,86229,35,,,0,98,,86225,35,,,0
2600,'S2-0_4',707,,88333,14,,,0,13,,88344,14,,,0,84,,88345,14,,,0,16,,88346,14,,,0,84,,88347,14,,,0,29,,88348,14,,,0,95,,88334,14,,,0,99,,88335,14,,,0,98,,88336,14,,,0,27,,88337,14,,,0,70,,88352,14,,,0,95,,88353,14,,,0,111,,88338,14,,,0,85,,88339,14,,,0,25,,88349,14,,,0,71,,88350,14,,,0,21,,88340,14,,,0,28,,88341,14,,,0,72,,88342,14,,,0,29,,88355,14,,,0
2600,'S2-0_5',707,,88357,14,,,0,13,,88368,14,,,0,84,,88369,14,,,0,16,,88370,14,,,0,84,,88371,14,,,0,29,,88372,14,,,0,95,,88358,14,,,0,99,,88359,14,,,0,98,,88360,14,,,0,27,,88361,14,,,0,70,,88376,14,,,0,95,,88377,14,,,0,111,,88362,14,,,0,85,,88363,14,,,0,25,,88373,14,,,0,71,,88374,14,,,0,21,,88364,14,,,0,28,,88365,14,,,0,72,,88366,14,,,0,29,,88379,14,,,0
2600,'S2-1_3',707,,88381,14,,,0,13,,88392,14,,,0,84,,88393,14,,,0,16,,88394,14,,,0,84,,88395,14,,,0,29,,88396,14,,,0,95,,88382,14,,,0,99,,88383,14,,,0,98,,88384,14,,,0,27,,88385,14,,,0,70,,88400,14,,,0,95,,88401,14,,,0,111,,88386,14,,,0,85,,88387,14,,,0,25,,88397,14,,,0,71,,88398,14,,,0,21,,88388,14,,,0,28,,88389,14,,,0,72,,88390,14,,,0,29,,88402,14,,,0
2600,'S2-2_6',728,,88404,14,,,0,85,,88405,14,,,0,45,,88406,14,,,0,85,,88407,14,,,0,84,,88408,14,,,0,90,,88409,14,,,0,84,,88410,14,,,0,42,,88411,14,,,0,85,,88412,14,,,0,85,,88413,14,,,0,43,,88414,14,,,0,85,,88415,14,,,0,90,,88416,14,,,0,86,,88417,14,,,0,83,,88418,14,,,0,45,,88419,14,,,0,83,,88420,14,,,0
2600,'S2-4_1',707,,88421,14,,,0,13,,88432,14,,,0,84,,88433,14,,,0,16,,88434,14,,,0,84,,88435,14,,,0,29,,88436,14,,,0,95,,88422,14,,,0,99,,88423,14,,,0,98,,88424,14,,,0,27,,88425,14,,,0,70,,88440,14,,,0,95,,88441,14,,,0,111,,88426,14,,,0,85,,88427,14,,,0,25,,88437,14,,,0,71,,88438,14,,,0,21,,88428,14,,,0,28,,88429,14,,,0,72,,88430,14,,,0,29,,88443,14,,,0
2600,'S2-4_2',707,,88445,14,,,0,13,,88456,14,,,0,84,,88457,14,,,0,16,,88458,14,,,0,84,,88459,14,,,0,29,,88460,14,,,0,95,,88446,14,,,0,99,,88447,14,,,0,98,,88448,14,,,0,27,,88449,14,,,0,70,,88464,14,,,0,95,,88465,14,,,0,111,,88450,14,,,0,85,,88451,14,,,0,25,,88461,14,,,0,71,,88462,14,,,0,21,,88452,14,,,0,28,,88453,14,,,0,72,,88454,14,,,0,29,,88467,14,,,0
2600,'S2-4_4',707,,88470,14,,,0,13,,88481,14,,,0,84,,88482,14,,,0,16,,88483,14,,,0,84,,88484,14,,,0,29,,88485,14,,,0,95,,88471,14,,,0,99,,88472,14,,,0,98,,88473,14,,,0,27,,88474,14,,,0,70,,88489,14,,,0,95,,88490,14,,,0,111,,88475,14,,,0,85,,88476,14,,,0,25,,88486,14,,,0,71,,88487,14,,,0,21,,88477,14,,,0,28,,88478,14,,,0,72,,88479,14,,,0,29,,88492,14,,,0
901500,'S2-0_4',855,,89087,9,,,0,60,,89088,9,,,0,20,,89089,9,,,0,20,,89090,9,,,0,60,,89091,9,,,0,20,,89092,9,,,0,20,,89093,9,,,0,60,,89094,9,,,0,20,,89095,9,,,0,20,,89096,9,,,0,60,,89097,9,,,0,20,,89098,9,,,0,20,,89099,9,,,0,60,,89100,9,,,0,20,,89101,9,,,0,20,,89102,9,,,0,60,,89103,9,,,0,20,,89104,9,,,0,20,,89105,9,,,0,80,,89106,9,,,0,20,,89107,9,,,0,60,,89108,9,,,0,20,,89109,9,,,0,20,,89110,9,,,0,60,,89111,9,,,0,20,,89112,9,,,0,20,,89113,9,,,0,60,,89114,9,,,0,20,,89115,9,,,0,20,,89116,9,,,0,60,,89117,9,,,0,20,,89118,9,,,0
901500,'S2-0_5',855,,89119,9,,,0,60,,89120,9,,,0,20,,89121,9,,,0,20,,89122,9,,,0,60,,89123,9,,,0,20,,89124,9,,,0,20,,89125,9,,,0,60,,89126,9,,,0,20,,89127,9,,,0,20,,89128,9,,,0,60,,89129,9,,,0,20,,89130,9,,,0,20,,89131,9,,,0,60,,89132,9,,,0,20,,89133,9,,,0,20,,89134,9,,,0,60,,89135,9,,,0,20,,89136,9,,,0,20,,89137,9,,,0,80,,89138,9,,,0,20,,89139,9,,,0,60,,89140,9,,,0,20,,89141,9,,,0,20,,89142,9,,,0,60,,89143,9,,,0,20,,89144,9,,,0,20,,89145,9,,,0,60,,89146,9,,,0,20,,89147,9,,,0,20,,89148,9,,,0,60,,89149,9,,,0,20,,89150,9,,,0
901500,'S2-1_3',855,,89151,9,,,0,60,,89152,9,,,0,20,,89153,9,,,0,20,,89154,9,,,0,60,,89155,9,,,0,20,,89156,9,,,0,20,,89157,9,,,0,60,,89158,9,,,0,20,,89159,9,,,0,20,,89160,9,,,0,60,,89161,9,,,0,20,,89162,9,,,0,20,,89163,9,,,0,60,,89164,9,,,0,20,,89165,9,,,0,20,,89166,9,,,0,60,,89167,9,,,0,20,,89168,9,,,0,20,,89169,9,,,0,80,,89170,9,,,0,20,,89171,9,,,0,60,,89172,9,,,0,20,,89173,9,,,0,20,,89174,9,,,0,60,,89175,9,,,0,20,,89176,9,,,0,20,,89177,9,,,0,60,,89178,9,,,0,20,,89179,9,,,0,20,,89180,9,,,0,60,,89181,9,,,0,20,,89182,9,,,0
901500,'S2-2_6',855,,89183,9,,,0,60,,89184,9,,,0,20,,89185,9,,,0,20,,89186,9,,,0,60,,89187,9,,,0,20,,89188,9,,,0,20,,89189,9,,,0,60,,89190,9,,,0,20,,89191,9,,,0,20,,89192,9,,,0,60,,89193,9,,,0,20,,89194,9,,,0,20,,89195,9,,,0,60,,89196,9,,,0,20,,89197,9,,,0,20,,89198,9,,,0,60,,89199,9,,,0,20,,89200,9,,,0,20,,89201,9,,,0,80,,89202,9,,,0,20,,89203,9,,,0,60,,89204,9,,,0,20,,89205,9,,,0,20,,89206,9,,,0,60,,89207,9,,,0,20,,89208,9,,,0,20,,89209,9,,,0,60,,89210,9,,,0,20,,89211,9,,,0,20,,89212,9,,,0,60,,89213,9,,,0,20,,89214,9,,,0
901500,'S2-4_1',855,,89215,9,,,0,60,,89216,9,,,0,20,,89217,9,,,0,20,,89218,9,,,0,60,,89219,9,,,0,20,,89220,9,,,0,20,,89221,9,,,0,60,,89222,9,,,0,20,,89223,9,,,0,20,,89224,9,,,0,60,,89225,9,,,0,20,,89226,9,,,0,20,,89227,9,,,0,60,,89228,9,,,0,20,,89229,9,,,0,20,,89230,9,,,0,60,,89231,9,,,0,20,,89232,9,,,0,20,,89233,9,,,0,80,,89234,9,,,0,20,,89235,9,,,0,60,,89236,9,,,0,20,,89237,9,,,0,20,,89238,9,,,0,60,,89239,9,,,0,20,,89240,9,,,0,20,,89241,9,,,0,60,,89242,9,,,0,20,,89243,9,,,0,20,,89244,9,,,0,60,,89245,9,,,0,20,,89246,9,,,0
901500,'S2-4_2',855,,89247,9,,,0,60,,89248,9,,,0,20,,89249,9,,,0,20,,89250,9,,,0,60,,89251,9,,,0,20,,89252,9,,,0,20,,89253,9,,,0,60,,89254,9,,,0,20,,89255,9,,,0,20,,89256,9,,,0,60,,89257,9,,,0,20,,89258,9,,,0,20,,89259,9,,,0,60,,89260,9,,,0,20,,89261,9,,,0,20,,89262,9,,,0,60,,89263,9,,,0,20,,89264,9,,,0,20,,89265,9,,,0,80,,89266,9,,,0,20,,89267,9,,,0,60,,89268,9,,,0,20,,89269,9,,,0,20,,89270,9,,,0,60,,89271,9,,,0,20,,89272,9,,,0,20,,89273,9,,,0,60,,89274,9,,,0,20,,89275,9,,,0,20,,89276,9,,,0,60,,89277,9,,,0,20,,89278,9,,,0
901500,'S2-4_4',855,,89279,9,,,0,60,,89280,9,,,0,20,,89281,9,,,0,20,,89282,9,,,0,60,,89283,9,,,0,20,,89284,9,,,0,20,,89285,9,,,0,60,,89286,9,,,0,20,,89287,9,,,0,20,,89288,9,,,0,60,,89289,9,,,0,20,,89290,9,,,0,20,,89291,9,,,0,60,,89292,9,,,0,20,,89293,9,,,0,20,,89294,9,,,0,60,,89295,9,,,0,20,,89296,9,,,0,20,,89297,9,,,0,80,,89298,9,,,0,20,,89299,9,,,0,60,,89300,9,,,0,20,,89301,9,,,0,20,,89302,9,,,0,60,,89303,9,,,0,20,,89304,9,,,0,20,,89305,9,,,0,60,,89306,9,,,0,20,,89307,9,,,0,20,,89308,9,,,0,60,,89309,9,,,0,20,,89310,9,,,0
2000000,'S2-0_4',653,,90554,13,,,0,62,,90536,13,,,0,17,,90564,13,,,0,16,,90520,13,,,0,55,,90547,13,,,0,15,,90529,13,,,0,15,,90556,13,,,0,15,,90539,13,,,0,56,,90567,13,,,0,16,,90521,13,,,0,16,,90552,13,,,0,16,,90530,13,,,0,56,,90557,13,,,0,15,,90537,13,,,0,16,,90565,13,,,0,16,,90522,13,,,0,56,,90553,13,,,0,15,,90531,13,,,0,16,,90558,13,,,0,16,,90538,13,,,0,54,,90568,13,,,0,18,,90523,13,,,0,13,,90546,13,,,0,16,,90532,13,,,0,55,,90555,13,,,0,15,,90540,13,,,0,15,,90566,13,,,0,15,,90525,13,,,0,55,,90548,13,,,0,15,,90535,13,,,0,15,,90560,13,,,0,15,,90541,13,,,0,55,,90569,13,,,0,15,,90526,13,,,0,15,,90549,13,,,0,56,,90534,13,,,0,7,,90517,11,0,9 10,0,8,,90559,13,,,0,15,,90542,13,,,0,16,,90518,13,,,0,55,,90570,13,,,0,15,,90516,11,0,9 10,0,3,,90524,13,,,0,14,,90551,13,,,0,16,,90533,13,,,0,55,,90561,13,,,0,9,,90573,11,0,9 10,0,6,,90544,13,,,0,13,,90519,13,,,0,14,,90571,13,,,0,54,,90527,13,,,0,14,,90550,13,,,0,14,,90562,13,,,0,19,,90543,13,,,0,61,,90572,13,,,0,20,,90528,13,,,0,19,,90563,13,,,0,61,,90545,13,,,0
2000000,'S2-0_5',653,,90613,13,,,0,62,,90595,13,,,0,17,,90623,13,,,0,16,,90579,13,,,0,55,,90606,13,,,0,15,,90588,13,,,0,15,,90615,13,,,0,15,,90598,13,,,0,56,,90626,13,,,0,16,,90580,13,,,0,16,,90611,13,,,0,16,,90589,13,,,0,56,,90616,13,,,0,15,,90596,13,,,0,16,,90624,13,,,0,16,,90581,13,,,0,56,,90612,13,,,0,15,,90590,13,,,0,16,,90617,13,,,0,16,,90597,13,,,0,54,,90627,13,,,0,18,,90582,13,,,0,13,,90605,13,,,0,16,,90591,13,,,0,55,,90614,13,,,0,15,,90599,13,,,0,15,,90625,13,,,0,15,,90584,13,,,0,55,,90607,13,,,0,15,,90594,13,,,0,15,,90619,13,,,0,15,,90600,13,,,0,55,,90628,13,,,0,15,,90585,13,,,0,15,,90608,13,,,0,56,,90593,13,,,0,7,,90576,11,0,9 10,0,8,,90618,13,,,0,15,,90601,13,,,0,16,,90577,13,,,0,55,,90629,13,,,0,15,,90575,11,0,9 10,0,3,,90583,13,,,0,14,,90610,13,,,0,16,,90592,13,,,0,55,,90620,13,,,0,9,,90632,11,0,9 10,0,6,,90603,13,,,0,13,,90578,13,,,0,14,,90630,13,,,0,54,,90586,13,,,0,14,,90609,13,,,0,14,,90621,13,,,0,19,,90602,13,,,0,61,,90631,13,,,0,20,,90587,13,,,0,19,,90622,13,,,0,61,,90604,13,,,0
2000000,'S2-1_3',653,,90671,13,,,0,62,,90653,13,,,0,17,,90681,13,,,0,16,,90637,13,,,0,55,,90664,13,,,0,15,,90646,13,,,0,15,,90673,13,,,0,15,,90656,13,,,0,56,,90684,13,,,0,16,,90638,13,,,0,16,,90669,13,,,0,16,,90647,13,,,0,56,,90674,13,,,0,15,,90654,13,,,0,16,,90682,13,,,0,16,,90639,13,,,0,56,,90670,13,,,0,15,,90648,13,,,0,16,,90675,13,,,0,16,,90655,13,,,0,54,,90685,13,,,0,10,,90690,11,0,9 10,0,3,,90634,11,0,9 10,0,2,,90633,11,0,9 10,0,3,,90640,13,,,0,13,,90663,13,,,0,16,,90649,13,,,0,55,,90672,13,,,0,15,,90657,13,,,0,15,,90683,13,,,0,15,,90642,13,,,0,55,,90665,13,,,0,15,,90652,13,,,0,15,,90677,13,,,0,15,,90658,13,,,0,55,,90686,13,,,0,15,,90643,13,,,0,15,,90666,13,,,0,56,,90651,13,,,0,15,,90676,13,,,0,15,,90659,13,,,0,16,,90635,13,,,0,55,,90687,13,,,0,18,,90641,13,,,0,14,,90668,13,,,0,16,,90650,13,,,0,55,,90678,13,,,0,15,,90661,13,,,0,13,,90636,13,,,0,14,,90688,13,,,0,54,,90644,13,,,0,14,,90667,13,,,0,14,,90679,13,,,0,19,,90660,13,,,0,61,,90689,13,,,0,20,,90645,13,,,0,19,,90680,13,,,0,61,,90662,13,,,0
2000000,'S2-2_6',650,,90691,13,,,0,81,,90692,13,,,0,79,,90693,13,,,0,30,,90694,13,,,0,60,,90695,13,,,0,20,,90696,13,,,0,18,,90697,13,,,0,18,,90698,13,,,0,60,,90699,13,,,0,20,,90700,13,,,0,18,,90701,13,,,0,59,,90702,13,,,0,19,,90703,13,,,0,20,,90704,13,,,0,58,,90705,13,,,0,19,,90706,13,,,0,18,,90707,13,,,0,59,,90708,13,,,0,19,,90709,13,,,0,19,,90710,13,,,0,58,,90711,13,,,0,19,,90712,13,,,0,20,,90713,13,,,0,60,,90714,13,,,0,19,,90715,13,,,0,19,,90716,13,,,0,20,,90717,13,,,0,60,,90718,13,,,0,20,,90719,13,,,0,61,,90720,13,,,0,19,,90721,13,,,0,20,,90722,13,,,0,20,,90723,13,,,0,60,,90724,13,,,0,18,,90725,13,,,0,20,,90726,13,,,0,64,,90727,13,,,0,24,,90728,13,,,0,65,,90729,13,,,0,24,,90730,13,,,0,25,,90731,13,,,0
2000000,'S2-3_7',827,,90732,13,,,0,80,,90733,13,,,0,40,,90734,13,,,0,80,,90735,13,,,0,80,,90736,13,,,0,40,,90737,13,,,0,80,,90738,13,,,0,80,,90739,13,,,0,40,,90740,13,,,0,80,,90741,13,,,0,80,,90742,13,,,0,40,,90743,13,,,0,80,,90744,13,,,0,80,,90745,13,,,0,40,,90746,13,,,0,80,,90747,13,,,0,80,,90748,13,,,0,40,,90749,13,,,0
2000000,'S2-4_1',653,,90789,13,,,0,62,,90771,13,,,0,17,,90799,13,,,0,16,,90755,13,,,0,55,,90782,13,,,0,15,,90764,13,,,0,15,,90791,13,,,0,15,,90774,13,,,0,56,,90802,13,,,0,16,,90756,13,,,0,16,,90787,13,,,0,16,,90765,13,,,0,56,,90792,13,,,0,15,,90772,13,,,0,16,,90800,13,,,0,16,,90757,13,,,0,56,,90788,13,,,0,15,,90766,13,,,0,16,,90793,13,,,0,16,,90773,13,,,0,54,,90803,13,,,0,18,,90758,13,,,0,13,,90781,13,,,0,16,,90767,13,,,0,55,,90790,13,,,0,15,,90775,13,,,0,15,,90801,13,,,0,15,,90760,13,,,0,55,,90783,13,,,0,15,,90770,13,,,0,15,,90795,13,,,0,15,,90776,13,,,0,55,,90804,13,,,0,15,,90761,13,,,0,15,,90784,13,,,0,56,,90769,13,,,0,7,,90752,11,0,9 10,0,8,,90794,13,,,0,15,,90777,13,,,0,16,,90753,13,,,0,55,,90805,13,,,0,15,,90751,11,0,9 10,0,3,,90759,13,,,0,14,,90786,13,,,0,16,,90768,13,,,0,55,,90796,13,,,0,9,,90808,11,0,9 10,0,6,,90779,13,,,0,13,,90754,13,,,0,14,,90806,13,,,0,54,,90762,13,,,0,14,,90785,13,,,0,14,,90797,13,,,0,19,,90778,13,,,0,61,,90807,13,,,0,20,,90763,13,,,0,19,,90798,13,,,0,61,,90780,13,,,0
2000000,'S2-4_2',653,,90848,13,,,0,62,,90830,13,,,0,17,,90858,13,,,0,16,,90814,13,,,0,55,,90841,13,,,0,15,,90823,13,,,0,15,,90850,13,,,0,15,,90833,13,,,0,56,,90861,13,,,0,16,,90815,13,,,0,16,,90846,13,,,0,16,,90824,13,,,0,56,,90851,13,,,0,15,,90831,13,,,0,16,,90859,13,,,0,16,,90816,13,,,0,56,,90847,13,,,0,15,,90825,13,,,0,16,,90852,13,,,0,16,,90832,13,,,0,54,,90862,13,,,0,18,,90817,13,,,0,13,,90840,13,,,0,16,,90826,13,,,0,55,,90849,13,,,0,15,,90834,13,,,0,15,,90860,13,,,0,15,,90819,13,,,0,55,,90842,13,,,0,15,,90829,13,,,0,15,,90854,13,,,0,15,,90835,13,,,0,55,,90863,13,,,0,15,,90820,13,,,0,15,,90843,13,,,0,56,,90828,13,,,0,7,,90811,11,0,9 10,0,8,,90853,13,,,0,15,,90836,13,,,0,16,,90812,13,,,0,55,,90864,13,,,0,15,,90810,11,0,9 10,0,3,,90818,13,,,0,14,,90845,13,,,0,16,,90827,13,,,0,55,,90855,13,,,0,9,,90867,11,0,9 10,0,6,,90838,13,,,0,13,,90813,13,,,0,14,,90865,13,,,0,54,,90821,13,,,0,14,,90844,13,,,0,14,,90856,13,,,0,19,,90837,13,,,0,61,,90866,13,,,0,20,,90822,13,,,0,19,,90857,13,,,0,61,,90839,13,,,0
2000000,'S2-4_4',653,,90907,13,,,0,62,,90889,13,,,0,17,,90917,13,,,0,16,,90873,13,,,0,55,,90900,13,,,0,15,,90882,13,,,0,15,,90909,13,,,0,15,,90892,13,,,0,56,,90920,13,,,0,16,,90874,13,,,0,16,,90905,13,,,0,16,,90883,13,,,0,56,,90910,13,,,0,15,,90890,13,,,0,16,,90918,13,,,0,16,,90875,13,,,0,56,,90906,13,,,0,15,,90884,13,,,0,16,,90911,13,,,0,16,,90891,13,,,0,54,,90921,13,,,0,18,,90876,13,,,0,13,,90899,13,,,0,16,,90885,13,,,0,55,,90908,13,,,0,15,,90893,13,,,0,15,,90919,13,,,0,15,,90878,13,,,0,55,,90901,13,,,0,15,,90888,13,,,0,15,,90913,13,,,0,15,,90894,13,,,0,55,,90922,13,,,0,15,,90879,13,,,0,15,,90902,13,,,0,56,,90887,13,,,0,7,,90870,11,0,9 10,0,8,,90912,13,,,0,15,,90895,13,,,0,16,,90871,13,,,0,55,,90923,13,,,0,15,,90869,11,0,9 10,0,3,,90877,13,,,0,14,,90904,13,,,0,16,,90886,13,,,0,55,,90914,13,,,0,9,,90926,11,0,9 10,0,6,,90897,13,,,0,13,,90872,13,,,0,14,,90924,13,,,0,54,,90880,13,,,0,14,,90903,13,,,0,14,,90915,13,,,0,19,,90896,13,,,0,61,,90925,13,,,0,20,,90881,13,,,0,19,,90916,13,,,0,61,,90898,13,,,0
3000000,'S2-0_4',638,,91563,9,,,0,19,,91562,9,,,0,60,,91522,9,,,0,21,,91523,9,,,0,20,,91524,9,,,0,60,,91525,9,,,0,20,,91526,9,,,0,62,,91527,9,,,0,20,,91528,9,,,0,20,,91529,9,,,0,60,,91530,9,,,0,18,,91531,9,,,0,21,,91532,9,,,0,20,,91533,9,,,0,60,,91534,9,,,0,20,,91535,9,,,0,20,,91536,9,,,0,60,,91537,9,,,0,22,,91538,9,,,0,59,,91539,9,,,0,20,,91540,9,,,0,19,,91541,9,,,0,20,,91542,9,,,0,61,,91543,9,,,0,20,,91544,9,,,0,60,,91545,9,,,0,20,,91546,9,,,0,19,,91547,9,,,0,19,,91548,9,,,0,57,,91549,9,,,0,19,,91550,9,,,0,18,,91551,9,,,0,60,,91552,9,,,0,21,,91553,9,,,0,21,,91554,9,,,0,61,,91555,9,,,0,22,,91556,9,,,0,20,,91557,9,,,0,60,,91558,9,,,0,29,,91559,9,,,0,73,,91560,9,,,0,33,,91561,9,,,0
3000000,'S2-0_5',638,,91609,9,,,0,19,,91608,9,,,0,60,,91568,9,,,0,21,,91569,9,,,0,20,,91570,9,,,0,60,,91571,9,,,0,20,,91572,9,,,0,62,,91573,9,,,0,20,,91574,9,,,0,20,,91575,9,,,0,60,,91576,9,,,0,18,,91577,9,,,0,21,,91578,9,,,0,20,,91579,9,,,0,60,,91580,9,,,0,20,,91581,9,,,0,20,,91582,9,,,0,60,,91583,9,,,0,22,,91584,9,,,0,59,,91585,9,,,0,20,,91586,9,,,0,19,,91587,9,,,0,20,,91588,9,,,0,61,,91589,9,,,0,20,,91590,9,,,0,60,,91591,9,,,0,20,,91592,9,,,0,19,,91593,9,,,0,19,,91594,9,,,0,57,,91595,9,,,0,19,,91596,9,,,0,18,,91597,9,,,0,60,,91598,9,,,0,21,,91599,9,,,0,21,,91600,9,,,0,61,,91601,9,,,0,22,,91602,9,,,0,20,,91603,9,,,0,60,,91604,9,,,0,29,,91605,9,,,0,73,,91606,9,,,0,33,,91607,9,,,0
3000000,'S2-1_3',638,,91655,9,,,0,19,,91654,9,,,0,60,,91614,9,,,0,21,,91615,9,,,0,20,,91616,9,,,0,60,,91617,9,,,0,20,,91618,9,,,0,62,,91619,9,,,0,20,,91620,9,,,0,20,,91621,9,,,0,60,,91622,9,,,0,18,,91623,9,,,0,21,,91624,9,,,0,20,,91625,9,,,0,60,,91626,9,,,0,20,,91627,9,,,0,20,,91628,9,,,0,60,,91629,9,,,0,22,,91630,9,,,0,59,,91631,9,,,0,20,,91632,9,,,0,19,,91633,9,,,0,20,,91634,9,,,0,61,,91635,9,,,0,20,,91636,9,,,0,60,,91637,9,,,0,20,,91638,9,,,0,19,,91639,9,,,0,19,,91640,9,,,0,57,,91641,9,,,0,19,,91642,9,,,0,18,,91643,9,,,0,60,,91644,9,,,0,21,,91645,9,,,0,21,,91646,9,,,0,61,,91647,9,,,0,22,,91648,9,,,0,20,,91649,9,,,0,60,,91650,9,,,0,29,,91651,9,,,0,73,,91652,9,,,0,33,,91653,9,,,0
3000000,'S2-2_6',642,,91660,9,,,0,81,,91661,9,,,0,81,,91662,9,,,0,30,,91663,9,,,0,20,,91664,9,,,0,60,,91665,9,,,0,20,,91666,9,,,0,20,,91667,9,,,0,60,,91668,9,,,0,20,,91669,9,,,0,20,,91670,9,,,0,59,,91671,9,,,0,20,,91672,9,,,0,20,,91673,9,,,0,60,,91674,9,,,0,19,,91675,9,,,0,20,,91676,9,,,0,60,,91677,9,,,0,20,,91678,9,,,0,20,,91679,9,,,0,61,,91680,9,,,0,20,,91681,9,,,0,20,,91682,9,,,0,60,,91683,9,,,0,20,,91684,9,,,0,20,,91685,9,,,0,60,,91686,9,,,0,20,,91687,9,,,0,21,,91688,9,,,0,60,,91689,9,,,0,20,,91690,9,,,0,20,,91691,9,,,0,59,,91692,9,,,0,20,,91693,9,,,0,19,,91694,9,,,0,70,,91695,9,,,0,30,,91696,9,,,0,70,,91697,9,,,0,29,,91698,9,,,0
3000000,'S2-3_7',803,,91700,9,,,0,130,,91701,9,,,0,170,,91708,9,,,0,130,,91707,9,,,0,170,,91706,9,,,0,130,,91704,9,,,0,170,,91705,9,,,0,129,,91703,9,,,0,170,,91702,9,,,0
3000000,'S2-4_1',638,,91755,9,,,0,19,,91754,9,,,0,60,,91714,9,,,0,21,,91715,9,,,0,20,,91716,9,,,0,60,,91717,9,,,0,20,,91718,9,,,0,62,,91719,9,,,0,20,,91720,9,,,0,20,,91721,9,,,0,60,,91722,9,,,0,18,,91723,9,,,0,21,,91724,9,,,0,20,,91725,9,,,0,60,,91726,9,,,0,20,,91727,9,,,0,20,,91728,9,,,0,60,,91729,9,,,0,22,,91730,9,,,0,59,,91731,9,,,0,20,,91732,9,,,0,19,,91733,9,,,0,20,,91734,9,,,0,61,,91735,9,,,0,20,,91736,9,,,0,60,,91737,9,,,0,20,,91738,9,,,0,19,,91739,9,,,0,19,,91740,9,,,0,57,,91741,9,,,0,19,,91742,9,,,0,18,,91743,9,,,0,60,,91744,9,,,0,21,,91745,9,,,0,21,,91746,9,,,0,61,,91747,9,,,0,22,,91748,9,,,0,20,,91749,9,,,0,60,,91750,9,,,0,29,,91751,9,,,0,73,,91752,9,,,0,33,,91753,9,,,0
3000000,'S2-4_2',638,,91801,9,,,0,19,,91800,9,,,0,60,,91760,9,,,0,21,,91761,9,,,0,20,,91762,9,,,0,60,,91763,9,,,0,20,,91764,9,,,0,62,,91765,9,,,0,20,,91766,9,,,0,20,,91767,9,,,0,60,,91768,9,,,0,18,,91769,9,,,0,21,,91770,9,,,0,20,,91771,9,,,0,60,,91772,9,,,0,20,,91773,9,,,0,20,,91774,9,,,0,60,,91775,9,,,0,22,,91776,9,,,0,59,,91777,9,,,0,20,,91778,9,,,0,19,,91779,9,,,0,20,,91780,9,,,0,61,,91781,9,,,0,20,,91782,9,,,0,60,,91783,9,,,0,20,,91784,9,,,0,19,,91785,9,,,0,19,,91786,9,,,0,57,,91787,9,,,0,19,,91788,9,,,0,18,,91789,9,,,0,60,,91790,9,,,0,21,,91791,9,,,0,21,,91792,9,,,0,61,,91793,9,,,0,22,,91794,9,,,0,20,,91795,9,,,0,60,,91796,9,,,0,29,,91797,9,,,0,73,,91798,9,,,0,33,,91799,9,,,0
3000000,'S2-4_4',638,,91847,9,,,0,19,,91846,9,,,0,60,,91806,9,,,0,21,,91807,9,,,0,20,,91808,9,,,0,60,,91809,9,,,0,20,,91810,9,,,0,62,,91811,9,,,0,20,,91812,9,,,0,20,,91813,9,,,0,60,,91814,9,,,0,18,,91815,9,,,0,21,,91816,9,,,0,20,,91817,9,,,0,60,,91818,9,,,0,20,,91819,9,,,0,20,,91820,9,,,0,60,,91821,9,,,0,22,,91822,9,,,0,59,,91823,9,,,0,20,,91824,9,,,0,19,,91825,9,,,0,20,,91826,9,,,0,61,,91827,9,,,0,20,,91828,9,,,0,60,,91829,9,,,0,20,,91830,9,,,0,19,,91831,9,,,0,19,,91832,9,,,0,57,,91833,9,,,0,19,,91834,9,,,0,18,,91835,9,,,0,60,,91836,9,,,0,21,,91837,9,,,0,21,,91838,9,,,0,61,,91839,9,,,0,22,,91840,9,,,0,20,,91841,9,,,0,60,,91842,9,,,0,29,,91843,9,,,0,73,,91844,9,,,0,33,,91845,9,,,0
