900,'S2-0_4',635,,86863,1,,,0,68,,86864,1,,,0,41,,86868,7,,,0,65,,86870,8,,,0,44,,86865,1,,,0,89,,86871,8,,,0,94,,86872,4,0,50,0,93,,86873,4,,,0,105,,86874,4,,,0,70,,86866,1,,,0,130,,86877,9,,,0,84,,86875,4,,,0,110,,86876,4,,,0,72,,86867,1,,,0,130,,86878,9,,,0,78,,86879,1,0,50,0
900,'S2-0_5',635,,86882,1,,,0,68,,86883,1,,,0,41,,86887,7,,,0,65,,86889,8,,,0,44,,86884,1,,,0,89,,86890,8,,,0,94,,86891,4,0,50,0,93,,86892,4,,,0,105,,86893,4,,,0,70,,86885,1,,,0,130,,86896,9,,,0,84,,86894,4,,,0,110,,86895,4,,,0,72,,86886,1,,,0,130,,86897,9,,,0,78,,86898,1,0,50,0
900,'S2-1_3',635,,86901,1,,,0,68,,86902,1,,,0,41,,86906,7,,,0,65,,86908,8,,,0,44,,86903,1,,,0,89,,86909,8,,,0,94,,86910,4,0,50,0,93,,86911,4,,,0,105,,86912,4,,,0,70,,86904,1,,,0,130,,86915,9,,,0,84,,86913,4,,,0,110,,86914,4,,,0,72,,86905,1,,,0,130,,86916,9,,,0,78,,86917,1,0,50,0
900,'S2-2_6',645,,86921,4,,,0,98,,86922,4,,,0,158,,86920,4,0,50,0,156,,86923,4,,,0,176,,86929,5,0,50,0,188,,86924,4,,,0,323,,86925,5,,,0,94,,86926,4,,,0
900,'S2-4_1',635,,86932,1,,,0,68,,86933,1,,,0,41,,86937,7,,,0,65,,86939,8,,,0,44,,86934,1,,,0,89,,86940,8,,,0,94,,86941,4,0,50,0,93,,86942,4,,,0,105,,86943,4,,,0,70,,86935,1,,,0,130,,86946,9,,,0,84,,86944,4,,,0,110,,86945,4,,,0,72,,86936,1,,,0,130,,86947,9,,,0,78,,86948,1,0,50,0
900,'S2-4_2',635,,86951,1,,,0,68,,86952,1,,,0,41,,86956,7,,,0,65,,86958,8,,,0,44,,86953,1,,,0,89,,86959,8,,,0,94,,86960,4,0,50,0,93,,86961,4,,,0,105,,86962,4,,,0,70,,86954,1,,,0,130,,86965,9,,,0,84,,86963,4,,,0,110,,86964,4,,,0,72,,86955,1,,,0,130,,86966,9,,,0,78,,86967,1,0,50,0
900,'S2-4_4',635,,86970,1,,,0,68,,86971,1,,,0,41,,86975,7,,,0,65,,86977,8,,,0,44,,86972,1,,,0,89,,86978,8,,,0,94,,86979,4,0,50,0,93,,86980,4,,,0,105,,86981,4,,,0,70,,86973,1,,,0,130,,86984,9,,,0,84,,86982,4,,,0,110,,86983,4,,,0,72,,86974,1,,,0,130,,86985,9,,,0,78,,86986,1,0,50,0
2900900,'S2-0_4',651,,91467,1,,,0,100,,91468,1,,,0
2900900,'S2-0_5',651,,91469,1,,,0,100,,91470,1,,,0
2900900,'S2-1_3',651,,91471,1,,,0,100,,91472,1,,,0
2900900,'S2-4_1',651,,91473,1,,,0,100,,91474,1,,,0
2900900,'S2-4_2',651,,91475,1,,,0,100,,91476,1,,,0
2900900,'S2-4_4',651,,91477,1,,,0,100,,91478,1,,,0
