1000,'S2-0_4',940,,87111,41,4,,0,65,,87099,35,,,0,122,,87102,41,4,,0,86,,87103,41,4,,0,35,,87104,41,4,,0,82,,87105,41,4,,0,100,,87106,41,4,,0,80,,87108,41,,,0,30,,87109,41,,,0,96,,87110,41,,,0,64,,87100,35,,,0,144,,87101,35,,,0,162,,87107,41,4,,0
1000,'S2-0_5',940,,87126,41,4,,0,65,,87114,35,,,0,122,,87117,41,4,,0,86,,87118,41,4,,0,35,,87119,41,4,,0,82,,87120,41,4,,0,100,,87121,41,4,,0,80,,87123,41,,,0,30,,87124,41,,,0,96,,87125,41,,,0,64,,87115,35,,,0,144,,87116,35,,,0,162,,87122,41,4,,0
1000,'S2-1_3',940,,87141,41,4,,0,65,,87129,35,,,0,122,,87132,41,4,,0,86,,87133,41,4,,0,35,,87134,41,4,,0,82,,87135,41,4,,0,100,,87136,41,4,,0,80,,87138,41,,,0,30,,87139,41,,,0,96,,87140,41,,,0,64,,87130,35,,,0,144,,87131,35,,,0,162,,87137,41,4,,0
1000,'S2-2_6',708,,87142,35,,,0,97,,87143,35,,,0,132,,87149,41,4,,0,67,,87144,35,,,0,118,,87150,41,4,,0,101,,87151,41,4,,0,100,,87152,41,4,,0,102,,87153,41,4,,0,92,,87147,41,,,0,116,,87148,41,,,0,69,,87145,35,,,0,144,,87146,35,,,0,159,,87154,41,4,,0
1000,'S2-4_1',940,,87169,41,4,,0,65,,87157,35,,,0,122,,87160,41,4,,0,86,,87161,41,4,,0,35,,87162,41,4,,0,82,,87163,41,4,,0,100,,87164,41,4,,0,80,,87166,41,,,0,30,,87167,41,,,0,96,,87168,41,,,0,64,,87158,35,,,0,144,,87159,35,,,0,162,,87165,41,4,,0
1000,'S2-4_2',940,,87184,41,4,,0,65,,87172,35,,,0,122,,87175,41,4,,0,86,,87176,41,4,,0,35,,87177,41,4,,0,82,,87178,41,4,,0,100,,87179,41,4,,0,80,,87181,41,,,0,30,,87182,41,,,0,96,,87183,41,,,0,64,,87173,35,,,0,144,,87174,35,,,0,162,,87180,41,4,,0
1000,'S2-4_4',940,,87199,41,4,,0,65,,87187,35,,,0,122,,87190,41,4,,0,86,,87191,41,4,,0,35,,87192,41,4,,0,82,,87193,41,4,,0,100,,87194,41,4,,0,80,,87196,41,,,0,30,,87197,41,,,0,96,,87198,41,,,0,64,,87188,35,,,0,144,,87189,35,,,0,162,,87195,41,4,,0
2601,'S2-0_4',740,,88503,11,4,,0,2,,88516,11,4,,0,1,,88501,11,4,,0,2,,88494,24,4,,0,72,,88504,24,4,,0,24,,88506,24,4,,0,9,,88502,12,4,,0,55,,88505,24,4,,0,39,,88495,24,4,,0,100,,88496,24,4,,0,100,,88513,24,4,,0,100,,88497,24,4,,0,67,,88514,24,4,,0,22,,88515,24,4,,0,5,,88517,11,4,,0,87,,88498,24,4,,0,95,,88499,24,4,,0,114,,88508,24,4,,0,89,,88509,24,4,,0,27,,88510,24,4,,0,89,,88511,24,4,,0,62,,88512,24,4,,0,52,,88507,24,4,,0
2601,'S2-0_5',740,,88527,11,4,,0,2,,88540,11,4,,0,1,,88525,11,4,,0,2,,88518,24,4,,0,72,,88528,24,4,,0,24,,88530,24,4,,0,9,,88526,12,4,,0,55,,88529,24,4,,0,39,,88519,24,4,,0,100,,88520,24,4,,0,100,,88537,24,4,,0,100,,88521,24,4,,0,67,,88538,24,4,,0,22,,88539,24,4,,0,5,,88541,11,4,,0,87,,88522,24,4,,0,95,,88523,24,4,,0,114,,88532,24,4,,0,89,,88533,24,4,,0,27,,88534,24,4,,0,89,,88535,24,4,,0,62,,88536,24,4,,0,52,,88531,24,4,,0
2601,'S2-1_3',740,,88550,11,4,,0,2,,88563,11,4,,0,1,,88548,11,4,,0,2,,88542,24,4,,0,72,,88551,24,4,,0,24,,88553,24,4,,0,9,,88549,12,4,,0,55,,88552,24,4,,0,39,,88543,24,4,,0,100,,88544,24,4,,0,100,,88560,24,4,,0,100,,88545,24,4,,0,67,,88561,24,4,,0,22,,88562,24,4,,0,92,,88546,24,4,,0,95,,88547,24,4,,0,114,,88555,24,4,,0,89,,88556,24,4,,0,27,,88557,24,4,,0,89,,88558,24,4,,0,62,,88559,24,4,,0,52,,88554,24,4,,0
2601,'S2-2_6',743,,88564,24,4,,0,86,,88567,24,4,,0,85,,88568,24,4,,0,87,,88569,24,4,,0,50,,88570,24,4,,0,84,,88571,24,4,,0,83,,88572,24,4,,0,85,,88573,24,4,,0,42,,88574,24,4,,0,85,,88575,24,4,,0,86,,88576,24,4,,0,91,,88577,24,4,,0,46,,88578,24,4,,0,81,,88579,24,4,,0,86,,88580,24,4,,0,82,,88566,24,4,,0,41,,88565,24,4,,0
2601,'S2-4_1',740,,88590,11,4,,0,2,,88603,11,4,,0,1,,88588,11,4,,0,2,,88581,24,4,,0,72,,88591,24,4,,0,24,,88593,24,4,,0,9,,88589,12,4,,0,55,,88592,24,4,,0,39,,88582,24,4,,0,100,,88583,24,4,,0,100,,88600,24,4,,0,100,,88584,24,4,,0,67,,88601,24,4,,0,22,,88602,24,4,,0,5,,88604,11,4,,0,87,,88585,24,4,,0,95,,88586,24,4,,0,114,,88595,24,4,,0,89,,88596,24,4,,0,27,,88597,24,4,,0,89,,88598,24,4,,0,62,,88599,24,4,,0,52,,88594,24,4,,0
2601,'S2-4_2',740,,88614,11,4,,0,2,,88627,11,4,,0,1,,88612,11,4,,0,2,,88605,24,4,,0,72,,88615,24,4,,0,24,,88617,24,4,,0,9,,88613,12,4,,0,55,,88616,24,4,,0,39,,88606,24,4,,0,100,,88607,24,4,,0,100,,88624,24,4,,0,100,,88608,24,4,,0,67,,88625,24,4,,0,22,,88626,24,4,,0,5,,88628,11,4,,0,87,,88609,24,4,,0,95,,88610,24,4,,0,114,,88619,24,4,,0,89,,88620,24,4,,0,27,,88621,24,4,,0,89,,88622,24,4,,0,62,,88623,24,4,,0,52,,88618,24,4,,0
2601,'S2-4_4',740,,88638,11,4,,0,2,,88651,11,4,,0,1,,88636,11,4,,0,2,,88629,24,4,,0,72,,88639,24,4,,0,24,,88641,24,4,,0,9,,88637,12,4,,0,55,,88640,24,4,,0,39,,88630,24,4,,0,100,,88631,24,4,,0,100,,88648,24,4,,0,100,,88632,24,4,,0,67,,88649,24,4,,0,22,,88650,24,4,,0,5,,88652,11,4,,0,87,,88633,24,4,,0,95,,88634,24,4,,0,114,,88643,24,4,,0,89,,88644,24,4,,0,27,,88645,24,4,,0,89,,88646,24,4,,0,62,,88647,24,4,,0,52,,88642,24,4,,0
1000000,'S2-0_4',539,,89311,10,0,31 33,0,20,,89312,10,0,31 33,0,60,,89393,10,0,31 33,0,19,,89394,10,,,0,14,,89396,10,,,0,50,,89392,10,,,0,9,,89345,10,,,0,8,,89346,10,,,0,12,,89347,10,,,0,11,,89348,10,,,0,10,,89349,10,,,0,51,,89350,10,,,0,10,,89351,10,,,0,10,,89352,10,,,0,8,,89395,10,,,0,9,,89313,10,0,31 33,0,9,,89314,10,,,0,10,,89315,10,0,31 33,0,50,,89316,10,,,0,11,,89317,10,0,31 33,0,10,,89353,10,,,0,11,,89318,10,0,31 33,0,11,,89319,10,,,0,51,,89320,10,0,31 33,0,11,,89321,10,,,0,11,,89322,10,0,31 33,0,10,,89323,10,,,0,11,,89325,10,0,31 33,0,10,,89324,10,,,0,51,,89355,10,0,31 33,0,12,,89354,10,,,0,11,,89356,10,0,31 33,0,11,,89357,10,,,0,10,,89358,10,0,31 33,0,50,,89359,10,,,0,10,,89360,10,0,31 33,0,11,,89361,10,,,0,11,,89362,10,0,31 33,0,10,,89363,10,,,0,10,,89364,10,0,31 33,0,50,,89365,10,,,0,9,,89366,10,0,31 33,0,10,,89367,10,,,0,10,,89326,10,0,31 33,0,11,,89327,10,,,0,9,,89368,10,0,31 33,0,50,,89328,10,,,0,9,,89329,10,0,31 33,0,11,,89330,10,,,0,10,,89369,10,0,31 33,0,11,,89331,10,,,0,10,,89332,10,0,31 33,0,50,,89333,10,,,0,10,,89334,10,0,31 33,0,11,,89370,10,,,0,11,,89371,10,,,0,10,,89372,10,,,0,10,,89373,10,,,0,49,,89374,10,,,0,11,,89375,10,,,0,10,,89376,10,,,0,11,,89377,10,,,0,9,,89378,10,,,0,9,,89379,10,,,0,50,,89380,10,,,0,10,,89381,10,,,0,9,,89382,10,,,0,10,,89383,10,,,0,9,,89384,10,,,0,10,,89385,10,,,0,50,,89386,10,0,31 33,0,10,,89387,10,,,0,8,,89391,10,0,31 33,0,10,,89335,10,0,31 33,0,11,,89388,10,,,0,10,,89336,10,0,31 33,0,50,,89389,10,,,0,9,,89337,10,0,31 33,0,19,,89338,10,0,31 33,0,19,,89339,10,0,31 33,0,58,,89340,10,0,31 33,0,21,,89341,10,0,31 33,0,21,,89342,10,0,31 33,0,60,,89343,10,0,31 33,0,20,,89344,10,0,31 33,0
1000000,'S2-0_5',539,,89397,10,0,31 33,0,20,,89398,10,0,31 33,0,60,,89479,10,0,31 33,0,19,,89480,10,,,0,14,,89482,10,,,0,50,,89478,10,,,0,9,,89431,10,,,0,8,,89432,10,,,0,12,,89433,10,,,0,11,,89434,10,,,0,10,,89435,10,,,0,51,,89436,10,,,0,10,,89437,10,,,0,10,,89438,10,,,0,8,,89481,10,,,0,9,,89399,10,0,31 33,0,9,,89400,10,,,0,10,,89401,10,0,31 33,0,50,,89402,10,,,0,11,,89403,10,0,31 33,0,10,,89439,10,,,0,11,,89404,10,0,31 33,0,11,,89405,10,,,0,51,,89406,10,0,31 33,0,11,,89407,10,,,0,11,,89408,10,0,31 33,0,10,,89409,10,,,0,11,,89411,10,0,31 33,0,10,,89410,10,,,0,51,,89441,10,0,31 33,0,12,,89440,10,,,0,11,,89442,10,0,31 33,0,11,,89443,10,,,0,10,,89444,10,0,31 33,0,50,,89445,10,,,0,10,,89446,10,0,31 33,0,11,,89447,10,,,0,11,,89448,10,0,31 33,0,10,,89449,10,,,0,10,,89450,10,0,31 33,0,50,,89451,10,,,0,9,,89452,10,0,31 33,0,10,,89453,10,,,0,10,,89412,10,0,31 33,0,11,,89413,10,,,0,9,,89454,10,0,31 33,0,50,,89414,10,,,0,9,,89415,10,0,31 33,0,11,,89416,10,,,0,10,,89455,10,0,31 33,0,11,,89417,10,,,0,10,,89418,10,0,31 33,0,50,,89419,10,,,0,10,,89420,10,0,31 33,0,11,,89456,10,,,0,11,,89457,10,,,0,10,,89458,10,,,0,10,,89459,10,,,0,49,,89460,10,,,0,11,,89461,10,,,0,10,,89462,10,,,0,11,,89463,10,,,0,9,,89464,10,,,0,9,,89465,10,,,0,50,,89466,10,,,0,10,,89467,10,,,0,9,,89468,10,,,0,10,,89469,10,,,0,9,,89470,10,,,0,10,,89471,10,,,0,50,,89472,10,0,31 33,0,10,,89473,10,,,0,8,,89477,10,0,31 33,0,10,,89421,10,0,31 33,0,11,,89474,10,,,0,10,,89422,10,0,31 33,0,50,,89475,10,,,0,9,,89423,10,0,31 33,0,19,,89424,10,0,31 33,0,19,,89425,10,0,31 33,0,58,,89426,10,0,31 33,0,21,,89427,10,0,31 33,0,21,,89428,10,0,31 33,0,60,,89429,10,0,31 33,0,20,,89430,10,0,31 33,0
1000000,'S2-1_3',539,,89483,10,0,31 33,0,20,,89484,10,0,31 33,0,60,,89565,10,0,31 33,0,19,,89566,10,,,0,14,,89568,10,,,0,50,,89564,10,,,0,9,,89517,10,,,0,8,,89518,10,,,0,12,,89519,10,,,0,11,,89520,10,,,0,10,,89521,10,,,0,51,,89522,10,,,0,10,,89523,10,,,0,10,,89524,10,,,0,8,,89567,10,,,0,9,,89485,10,0,31 33,0,9,,89486,10,,,0,10,,89487,10,0,31 33,0,50,,89488,10,,,0,11,,89489,10,0,31 33,0,10,,89525,10,,,0,11,,89490,10,0,31 33,0,11,,89491,10,,,0,51,,89492,10,0,31 33,0,11,,89493,10,,,0,11,,89494,10,0,31 33,0,10,,89495,10,,,0,11,,89497,10,0,31 33,0,10,,89496,10,,,0,51,,89527,10,0,31 33,0,12,,89526,10,,,0,11,,89528,10,0,31 33,0,11,,89529,10,,,0,10,,89530,10,0,31 33,0,50,,89531,10,,,0,10,,89532,10,0,31 33,0,11,,89533,10,,,0,11,,89534,10,0,31 33,0,10,,89535,10,,,0,10,,89536,10,0,31 33,0,50,,89537,10,,,0,9,,89538,10,0,31 33,0,10,,89539,10,,,0,10,,89498,10,0,31 33,0,11,,89499,10,,,0,9,,89540,10,0,31 33,0,50,,89500,10,,,0,9,,89501,10,0,31 33,0,11,,89502,10,,,0,10,,89541,10,0,31 33,0,11,,89503,10,,,0,10,,89504,10,0,31 33,0,50,,89505,10,,,0,10,,89506,10,0,31 33,0,11,,89542,10,,,0,11,,89543,10,,,0,10,,89544,10,,,0,10,,89545,10,,,0,49,,89546,10,,,0,11,,89547,10,,,0,10,,89548,10,,,0,11,,89549,10,,,0,9,,89550,10,,,0,9,,89551,10,,,0,50,,89552,10,,,0,10,,89553,10,,,0,9,,89554,10,,,0,10,,89555,10,,,0,9,,89556,10,,,0,10,,89557,10,,,0,50,,89558,10,0,31 33,0,10,,89559,10,,,0,8,,89563,10,0,31 33,0,10,,89507,10,0,31 33,0,11,,89560,10,,,0,10,,89508,10,0,31 33,0,50,,89561,10,,,0,9,,89509,10,0,31 33,0,19,,89510,10,0,31 33,0,19,,89511,10,0,31 33,0,58,,89512,10,0,31 33,0,21,,89513,10,0,31 33,0,21,,89514,10,0,31 33,0,60,,89515,10,0,31 33,0,20,,89516,10,0,31 33,0
1000000,'S2-2_6',536,,89569,10,0,31 33,0,80,,89570,10,0,31 33,0,41,,89571,10,,,0,81,,89572,10,,,0,70,,89573,10,0,31 33,0,15,,89574,10,,,0,16,,89575,10,0,31 33,0,15,,89576,10,0,31 33,0,53,,89577,10,,,0,15,,89578,10,0,31 33,0,16,,89636,10,0,31 33,0,16,,89579,10,,,0,56,,89580,10,0,31 33,0,16,,89581,10,0,31 33,0,14,,89582,10,,,0,16,,89583,10,0,31 33,0,55,,89584,10,0,31 33,0,16,,89585,10,,,0,15,,89586,10,0,31 33,0,15,,89587,10,0,31 33,0,56,,89588,10,,,0,14,,89589,10,0,31 33,0,15,,89590,10,0,31 33,0,15,,89591,10,,,0,54,,89592,10,0,31 33,0,10,,89593,10,0,31 33,0,11,,89594,10,,,0,12,,89595,10,0,31 33,0,10,,89596,10,0,31 33,0,49,,89597,10,0,31 33,0,9,,89598,10,,,0,10,,89599,10,0,31 33,0,11,,89600,10,0,31 33,0,10,,89601,10,0,31 33,0,10,,89602,10,,,0,52,,89603,10,0,31 33,0,9,,89604,10,0,31 33,0,9,,89605,10,0,31 33,0,10,,89606,10,,,0,11,,89607,10,0,31 33,0,10,,89608,10,0,31 33,0,50,,89609,10,0,31 33,0,11,,89610,10,,,0,11,,89611,10,0,31 33,0,9,,89612,10,0,31 33,0,11,,89613,10,0,31 33,0,11,,89614,10,,,0,53,,89615,10,0,31 33,0,9,,89616,10,0,31 33,0,9,,89617,10,0,31 33,0,10,,89618,10,,,0,8,,89619,10,0,31 33,0,9,,89620,10,0,31 33,0,50,,89621,10,0,31 33,0,8,,89623,10,0,31 33,0,10,,89622,10,,,0,9,,89624,10,0,31 33,0,9,,89625,10,0,31 33,0,9,,89627,10,0,31 33,0,50,,89626,10,0,31 33,0,11,,89628,10,0,31 33,0,21,,89629,10,0,31 33,0,17,,89630,10,0,31 33,0,60,,89631,10,0,31 33,0,20,,89632,10,0,31 33,0,20,,89633,10,0,31 33,0,59,,89634,10,0,31 33,0,19,,89635,10,0,31 33,0
1000000,'S2-3_7',808,,89637,10,0,31 33,0,40,,89638,10,0,31 33,0,80,,89639,10,0,31 33,0,80,,89640,10,0,31 33,0,40,,89641,10,0,31 33,0,80,,89642,10,0,31 33,0,80,,89643,10,0,31 33,0,40,,89644,10,0,31 33,0,80,,89645,10,0,31 33,0,80,,89646,10,0,31 33,0,40,,89647,10,0,31 33,0,80,,89648,10,0,31 33,0,80,,89649,10,0,31 33,0,40,,89650,10,0,31 33,0,80,,89651,10,0,31 33,0,80,,89652,10,0,31 33,0,40,,89653,10,0,31 33,0,80,,89654,10,0,31 33,0
1000000,'S2-4_1',539,,89655,10,0,31 33,0,20,,89656,10,0,31 33,0,60,,89737,10,0,31 33,0,19,,89738,10,,,0,14,,89740,10,,,0,50,,89736,10,,,0,9,,89689,10,,,0,8,,89690,10,,,0,12,,89691,10,,,0,11,,89692,10,,,0,10,,89693,10,,,0,51,,89694,10,,,0,10,,89695,10,,,0,10,,89696,10,,,0,8,,89739,10,,,0,9,,89657,10,0,31 33,0,9,,89658,10,,,0,10,,89659,10,0,31 33,0,50,,89660,10,,,0,11,,89661,10,0,31 33,0,10,,89697,10,,,0,11,,89662,10,0,31 33,0,11,,89663,10,,,0,51,,89664,10,0,31 33,0,11,,89665,10,,,0,11,,89666,10,0,31 33,0,10,,89667,10,,,0,11,,89669,10,0,31 33,0,10,,89668,10,,,0,51,,89699,10,0,31 33,0,12,,89698,10,,,0,11,,89700,10,0,31 33,0,11,,89701,10,,,0,10,,89702,10,0,31 33,0,50,,89703,10,,,0,10,,89704,10,0,31 33,0,11,,89705,10,,,0,11,,89706,10,0,31 33,0,10,,89707,10,,,0,10,,89708,10,0,31 33,0,50,,89709,10,,,0,9,,89710,10,0,31 33,0,10,,89711,10,,,0,10,,89670,10,0,31 33,0,11,,89671,10,,,0,9,,89712,10,0,31 33,0,50,,89672,10,,,0,9,,89673,10,0,31 33,0,11,,89674,10,,,0,10,,89713,10,0,31 33,0,11,,89675,10,,,0,10,,89676,10,0,31 33,0,50,,89677,10,,,0,10,,89678,10,0,31 33,0,11,,89714,10,,,0,11,,89715,10,,,0,10,,89716,10,,,0,10,,89717,10,,,0,49,,89718,10,,,0,11,,89719,10,,,0,10,,89720,10,,,0,11,,89721,10,,,0,9,,89722,10,,,0,9,,89723,10,,,0,50,,89724,10,,,0,10,,89725,10,,,0,9,,89726,10,,,0,10,,89727,10,,,0,9,,89728,10,,,0,10,,89729,10,,,0,50,,89730,10,0,31 33,0,10,,89731,10,,,0,8,,89735,10,0,31 33,0,10,,89679,10,0,31 33,0,11,,89732,10,,,0,10,,89680,10,0,31 33,0,50,,89733,10,,,0,9,,89681,10,0,31 33,0,19,,89682,10,0,31 33,0,19,,89683,10,0,31 33,0,58,,89684,10,0,31 33,0,21,,89685,10,0,31 33,0,21,,89686,10,0,31 33,0,60,,89687,10,0,31 33,0,20,,89688,10,0,31 33,0
1000000,'S2-4_2',539,,89741,10,0,31 33,0,20,,89742,10,0,31 33,0,60,,89823,10,0,31 33,0,19,,89824,10,,,0,14,,89826,10,,,0,50,,89822,10,,,0,9,,89775,10,,,0,8,,89776,10,,,0,12,,89777,10,,,0,11,,89778,10,,,0,10,,89779,10,,,0,51,,89780,10,,,0,10,,89781,10,,,0,10,,89782,10,,,0,8,,89825,10,,,0,9,,89743,10,0,31 33,0,9,,89744,10,,,0,10,,89745,10,0,31 33,0,50,,89746,10,,,0,11,,89747,10,0,31 33,0,10,,89783,10,,,0,11,,89748,10,0,31 33,0,11,,89749,10,,,0,51,,89750,10,0,31 33,0,11,,89751,10,,,0,11,,89752,10,0,31 33,0,10,,89753,10,,,0,11,,89755,10,0,31 33,0,10,,89754,10,,,0,51,,89785,10,0,31 33,0,12,,89784,10,,,0,11,,89786,10,0,31 33,0,11,,89787,10,,,0,10,,89788,10,0,31 33,0,50,,89789,10,,,0,10,,89790,10,0,31 33,0,11,,89791,10,,,0,11,,89792,10,0,31 33,0,10,,89793,10,,,0,10,,89794,10,0,31 33,0,50,,89795,10,,,0,9,,89796,10,0,31 33,0,10,,89797,10,,,0,10,,89756,10,0,31 33,0,11,,89757,10,,,0,9,,89798,10,0,31 33,0,50,,89758,10,,,0,9,,89759,10,0,31 33,0,11,,89760,10,,,0,10,,89799,10,0,31 33,0,11,,89761,10,,,0,10,,89762,10,0,31 33,0,50,,89763,10,,,0,10,,89764,10,0,31 33,0,11,,89800,10,,,0,11,,89801,10,,,0,10,,89802,10,,,0,10,,89803,10,,,0,49,,89804,10,,,0,11,,89805,10,,,0,10,,89806,10,,,0,11,,89807,10,,,0,9,,89808,10,,,0,9,,89809,10,,,0,50,,89810,10,,,0,10,,89811,10,,,0,9,,89812,10,,,0,10,,89813,10,,,0,9,,89814,10,,,0,10,,89815,10,,,0,50,,89816,10,0,31 33,0,10,,89817,10,,,0,8,,89821,10,0,31 33,0,10,,89765,10,0,31 33,0,11,,89818,10,,,0,10,,89766,10,0,31 33,0,50,,89819,10,,,0,9,,89767,10,0,31 33,0,19,,89768,10,0,31 33,0,19,,89769,10,0,31 33,0,58,,89770,10,0,31 33,0,21,,89771,10,0,31 33,0,21,,89772,10,0,31 33,0,60,,89773,10,0,31 33,0,20,,89774,10,0,31 33,0
1000000,'S2-4_4',539,,89827,10,0,31 33,0,20,,89828,10,0,31 33,0,60,,89909,10,0,31 33,0,19,,89910,10,,,0,14,,89912,10,,,0,50,,89908,10,,,0,9,,89861,10,,,0,8,,89862,10,,,0,12,,89863,10,,,0,11,,89864,10,,,0,10,,89865,10,,,0,51,,89866,10,,,0,10,,89867,10,,,0,10,,89868,10,,,0,8,,89911,10,,,0,9,,89829,10,0,31 33,0,9,,89830,10,,,0,10,,89831,10,0,31 33,0,50,,89832,10,,,0,11,,89833,10,0,31 33,0,10,,89869,10,,,0,11,,89834,10,0,31 33,0,11,,89835,10,,,0,51,,89836,10,0,31 33,0,11,,89837,10,,,0,11,,89838,10,0,31 33,0,10,,89839,10,,,0,11,,89841,10,0,31 33,0,10,,89840,10,,,0,51,,89871,10,0,31 33,0,12,,89870,10,,,0,11,,89872,10,0,31 33,0,11,,89873,10,,,0,10,,89874,10,0,31 33,0,50,,89875,10,,,0,10,,89876,10,0,31 33,0,11,,89877,10,,,0,11,,89878,10,0,31 33,0,10,,89879,10,,,0,10,,89880,10,0,31 33,0,50,,89881,10,,,0,9,,89882,10,0,31 33,0,10,,89883,10,,,0,10,,89842,10,0,31 33,0,11,,89843,10,,,0,9,,89884,10,0,31 33,0,50,,89844,10,,,0,9,,89845,10,0,31 33,0,11,,89846,10,,,0,10,,89885,10,0,31 33,0,11,,89847,10,,,0,10,,89848,10,0,31 33,0,50,,89849,10,,,0,10,,89850,10,0,31 33,0,11,,89886,10,,,0,11,,89887,10,,,0,10,,89888,10,,,0,10,,89889,10,,,0,49,,89890,10,,,0,11,,89891,10,,,0,10,,89892,10,,,0,11,,89893,10,,,0,9,,89894,10,,,0,9,,89895,10,,,0,50,,89896,10,,,0,10,,89897,10,,,0,9,,89898,10,,,0,10,,89899,10,,,0,9,,89900,10,,,0,10,,89901,10,,,0,50,,89902,10,0,31 33,0,10,,89903,10,,,0,8,,89907,10,0,31 33,0,10,,89851,10,0,31 33,0,11,,89904,10,,,0,10,,89852,10,0,31 33,0,50,,89905,10,,,0,9,,89853,10,0,31 33,0,19,,89854,10,0,31 33,0,19,,89855,10,0,31 33,0,58,,89856,10,0,31 33,0,21,,89857,10,0,31 33,0,21,,89858,10,0,31 33,0,60,,89859,10,0,31 33,0,20,,89860,10,0,31 33,0
