400,'S2-0_4',738,,85694,33,0,40,0,0,,85693,33,0,43,0,17,,85701,33,0,40,0,54,,85670,33,0,40,0,13,,85671,33,0,40,0,14,,85695,33,0,40,0,14,,85672,33,0,40,0,53,,85673,33,0,40,0,30,,85674,33,0,40,0,79,,85675,45,0,40,0,31,,85676,33,0,40,0,71,,85677,33,0,40,0,36,,85678,33,0,40,0,77,,85679,33,0,40,0,21,,85699,33,,,0,65,,85696,45,0,40,0,30,,85680,33,0,40,0,67,,85681,33,0,40,0,30,,85684,45,0,40,0,75,,85682,33,0,40,0,30,,85685,45,0,40,0,79,,85683,33,0,40,0,30,,85702,33,0,40,0,70,,85686,45,0,40,0,6,,85697,17,0,40,0,11,,85687,33,0,40,0,14,,85703,33,,,0,53,,85689,33,0,40,0,24,,85692,17,0,40,0,17,,85700,33,,,0,75,,85690,33,0,40,0,23,,85691,45,0,40,0
400,'S2-0_5',738,,85728,33,0,40,0,0,,85727,33,0,43,0,17,,85735,33,0,40,0,54,,85704,33,0,40,0,13,,85705,33,0,40,0,14,,85729,33,0,40,0,14,,85706,33,0,40,0,53,,85707,33,0,40,0,30,,85708,33,0,40,0,79,,85709,45,0,40,0,31,,85710,33,0,40,0,71,,85711,33,0,40,0,36,,85712,33,0,40,0,77,,85713,33,0,40,0,21,,85733,33,,,0,65,,85730,45,0,40,0,30,,85714,33,0,40,0,67,,85715,33,0,40,0,30,,85718,45,0,40,0,75,,85716,33,0,40,0,30,,85719,45,0,40,0,79,,85717,33,0,40,0,30,,85736,33,0,40,0,70,,85720,45,0,40,0,6,,85731,17,0,40,0,11,,85721,33,0,40,0,14,,85737,33,,,0,53,,85723,33,0,40,0,24,,85726,17,0,40,0,17,,85734,33,,,0,75,,85724,33,0,40,0,23,,85725,45,0,40,0
400,'S2-1_3',738,,85761,33,0,40,0,0,,85760,33,0,43,0,17,,85768,33,0,40,0,54,,85738,33,0,40,0,13,,85739,33,0,40,0,14,,85762,33,0,40,0,14,,85740,33,0,40,0,53,,85741,33,0,40,0,30,,85742,33,0,40,0,79,,85743,45,0,40,0,31,,85744,33,0,40,0,71,,85745,33,0,40,0,36,,85746,33,0,40,0,77,,85747,33,0,40,0,21,,85766,33,,,0,65,,85763,45,0,40,0,30,,85748,33,0,40,0,67,,85749,33,0,40,0,30,,85752,45,0,40,0,75,,85750,33,0,40,0,30,,85753,45,0,40,0,79,,85751,33,0,40,0,30,,85769,33,0,40,0,70,,85754,45,0,40,0,6,,85764,17,0,40,0,11,,85755,33,0,40,0,14,,85770,33,,,0,53,,85757,33,0,40,0,24,,85756,45,0,40,0,17,,85767,33,,,0,75,,85758,33,0,40,0,23,,85759,45,0,40,0
400,'S2-2_6',733,,85777,33,0,40,0,105,,85778,33,0,40,0,73,,85771,45,0,40,0,27,,85779,33,0,40,0,72,,85780,33,0,40,0,30,,85781,33,0,40,0,71,,85772,45,0,40,0,31,,85782,33,0,40,0,69,,85784,33,0,40,0,30,,85783,33,0,40,0,69,,85773,45,0,40,0,31,,85785,33,0,40,0,70,,85786,33,0,40,0,29,,85787,33,0,40,0,73,,85774,45,0,40,0,32,,85788,33,0,40,0,70,,85789,33,0,40,0,30,,85790,33,0,40,0,73,,85775,45,0,40,0,33,,85791,33,0,40,0,70,,85792,33,0,40,0,31,,85793,33,0,40,0,69,,85776,45,0,40,0,31,,85794,33,0,40,0
400,'S2-3_7',847,,85795,45,0,40,0,165,,85796,45,0,40,0,125,,85797,45,0,40,0,200,,85798,45,0,40,0,166,,85799,45,0,40,0,125,,85800,45,0,40,0,126,,85801,45,0,40,0,164,,85802,45,0,40,0
400,'S2-4_1',738,,85827,33,0,40,0,0,,85826,33,0,43,0,17,,85834,33,0,40,0,54,,85803,33,0,40,0,13,,85804,33,0,40,0,14,,85828,33,0,40,0,14,,85805,33,0,40,0,53,,85806,33,0,40,0,30,,85807,33,0,40,0,79,,85808,45,0,40,0,31,,85809,33,0,40,0,71,,85810,33,0,40,0,36,,85811,33,0,40,0,77,,85812,33,0,40,0,21,,85832,33,,,0,65,,85829,45,0,40,0,30,,85813,33,0,40,0,67,,85814,33,0,40,0,30,,85817,45,0,40,0,75,,85815,33,0,40,0,30,,85818,45,0,40,0,79,,85816,33,0,40,0,30,,85835,33,0,40,0,70,,85819,45,0,40,0,6,,85830,17,0,40,0,11,,85820,33,0,40,0,14,,85836,33,,,0,53,,85822,33,0,40,0,24,,85825,17,0,40,0,17,,85833,33,,,0,75,,85823,33,0,40,0,23,,85824,45,0,40,0
400,'S2-4_2',738,,85861,33,0,40,0,0,,85860,33,0,43,0,17,,85868,33,0,40,0,54,,85837,33,0,40,0,13,,85838,33,0,40,0,14,,85862,33,0,40,0,14,,85839,33,0,40,0,53,,85840,33,0,40,0,30,,85841,33,0,40,0,79,,85842,45,0,40,0,31,,85843,33,0,40,0,71,,85844,33,0,40,0,36,,85845,33,0,40,0,77,,85846,33,0,40,0,21,,85866,33,,,0,65,,85863,45,0,40,0,30,,85847,33,0,40,0,67,,85848,33,0,40,0,30,,85851,45,0,40,0,75,,85849,33,0,40,0,30,,85852,45,0,40,0,79,,85850,33,0,40,0,30,,85869,33,0,40,0,70,,85853,45,0,40,0,6,,85864,17,0,40,0,11,,85854,33,0,40,0,14,,85870,33,,,0,53,,85856,33,0,40,0,24,,85859,17,0,40,0,17,,85867,33,,,0,75,,85857,33,0,40,0,23,,85858,45,0,40,0
400,'S2-4_4',738,,85895,33,0,40,0,0,,85894,33,0,43,0,17,,85902,33,0,40,0,54,,85871,33,0,40,0,13,,85872,33,0,40,0,14,,85896,33,0,40,0,14,,85873,33,0,40,0,53,,85874,33,0,40,0,30,,85875,33,0,40,0,79,,85876,45,0,40,0,31,,85877,33,0,40,0,71,,85878,33,0,40,0,36,,85879,33,0,40,0,77,,85880,33,0,40,0,21,,85900,33,,,0,65,,85897,45,0,40,0,30,,85881,33,0,40,0,67,,85882,33,0,40,0,30,,85885,45,0,40,0,75,,85883,33,0,40,0,30,,85886,45,0,40,0,79,,85884,33,0,40,0,30,,85903,33,0,40,0,70,,85887,45,0,40,0,6,,85898,17,0,40,0,11,,85888,33,0,40,0,14,,85904,33,,,0,53,,85890,33,0,40,0,24,,85893,17,0,40,0,17,,85901,33,,,0,75,,85891,33,0,40,0,23,,85892,45,0,40,0
2300,'S2-0_4',1614,,88084,14,,,0,104,,88085,14,,,0,97,,88086,14,,,0
2300,'S2-0_5',1614,,88087,14,,,0,104,,88088,14,,,0,97,,88089,14,,,0
2300,'S2-1_3',1220,,88091,14,,,0,3,,88090,14,,,0
2300,'S2-4_1',1614,,88092,14,,,0,104,,88093,14,,,0,97,,88094,14,,,0
2300,'S2-4_2',1614,,88095,14,,,0,104,,88096,14,,,0,97,,88097,14,,,0
2300,'S2-4_4',1614,,88098,14,,,0,104,,88099,14,,,0,97,,88100,14,,,0
