701,'S2-0_4',708,,86635,7,,,0,110,,86636,7,,,0,110,,86637,7,,,0,110,,86638,7,,,0,111,,86639,7,,,0,110,,86640,7,,,0,149,,86641,7,,,0,108,,86642,7,,,0,110,,86643,7,,,0,110,,86644,7,,,0,113,,86645,7,,,0
701,'S2-0_5',708,,86646,7,,,0,110,,86647,7,,,0,110,,86648,7,,,0,110,,86649,7,,,0,111,,86650,7,,,0,110,,86651,7,,,0,149,,86652,7,,,0,108,,86653,7,,,0,110,,86654,7,,,0,110,,86655,7,,,0,113,,86656,7,,,0
701,'S2-1_3',708,,86657,7,,,0,110,,86658,7,,,0,110,,86659,7,,,0,110,,86660,7,,,0,111,,86661,7,,,0,110,,86662,7,,,0,149,,86663,7,,,0,108,,86664,7,,,0,110,,86665,7,,,0,110,,86666,7,,,0,113,,86667,7,,,0
701,'S2-2_6',708,,86670,7,,,0,110,,86671,7,,,0,111,,86672,7,,,0,110,,86673,7,,,0,111,,86674,7,,,0,109,,86675,7,,,0,150,,86676,7,,,0,111,,86677,7,,,0,109,,86678,7,,,0,110,,86668,7,,,0,111,,86669,7,,,0
701,'S2-4_1',708,,86679,7,,,0,110,,86680,7,,,0,110,,86681,7,,,0,110,,86682,7,,,0,111,,86683,7,,,0,110,,86684,7,,,0,149,,86685,7,,,0,108,,86686,7,,,0,110,,86687,7,,,0,110,,86688,7,,,0,113,,86689,7,,,0
701,'S2-4_2',708,,86690,7,,,0,110,,86691,7,,,0,110,,86692,7,,,0,110,,86693,7,,,0,111,,86694,7,,,0,110,,86695,7,,,0,149,,86696,7,,,0,108,,86697,7,,,0,110,,86698,7,,,0,110,,86699,7,,,0,113,,86700,7,,,0
701,'S2-4_4',708,,86701,7,,,0,110,,86702,7,,,0,110,,86703,7,,,0,110,,86704,7,,,0,111,,86705,7,,,0,110,,86706,7,,,0,149,,86707,7,,,0,108,,86708,7,,,0,110,,86709,7,,,0,110,,86710,7,,,0,113,,86711,7,,,0
2401,'S2-0_4',732,,88141,11,0,18 19,0,895,,88142,9,,,0,104,,88143,9,,,0
2401,'S2-0_5',732,,88144,11,0,18 19,0,895,,88145,9,,,0,104,,88146,9,,,0
2401,'S2-1_3',732,,88147,11,0,18 19,0
2401,'S2-4_1',732,,88148,11,0,18 19,0,895,,88149,9,,,0,104,,88150,9,,,0
2401,'S2-4_2',732,,88151,11,0,18 19,0,895,,88152,9,,,0,104,,88153,9,,,0
2401,'S2-4_4',732,,88154,11,0,18 19,0,895,,88155,9,,,0,104,,88156,9,,,0
