300,'S2-0_4',711,,85225,29,,,0,25,,85226,29,,,0,70,,85227,29,,,0,24,,85228,29,,,0,25,,85229,29,,,0,70,,85230,29,,,0,32,,85231,29,,,0,72,,85232,29,,,0,71,,85233,29,,,0,32,,85234,29,,,0,72,,85235,29,,,0,32,,85236,29,,,0,72,,85237,29,,,0,33,,85238,29,,,0,72,,85239,29,,,0,33,,85240,29,,,0,72,,85241,29,,,0,34,,85242,29,,,0,69,,85244,29,,,0,27,,85245,29,,,0,68,,85246,29,,,0,28,,85247,29,,,0,69,,85248,29,,,0,30,,85252,29,,,0,71,,85249,29,,,0,31,,85250,29,,,0,73,,85251,29,,,0,30,,85243,29,,,0
300,'S2-0_5',711,,85253,29,,,0,25,,85254,29,,,0,70,,85255,29,,,0,24,,85256,29,,,0,25,,85257,29,,,0,70,,85258,29,,,0,32,,85259,29,,,0,72,,85260,29,,,0,71,,85261,29,,,0,32,,85262,29,,,0,72,,85263,29,,,0,32,,85264,29,,,0,72,,85265,29,,,0,33,,85266,29,,,0,72,,85267,29,,,0,33,,85268,29,,,0,72,,85269,29,,,0,34,,85270,29,,,0,69,,85272,29,,,0,27,,85273,29,,,0,68,,85274,29,,,0,28,,85275,29,,,0,69,,85276,29,,,0,30,,85280,29,,,0,71,,85277,29,,,0,31,,85278,29,,,0,73,,85279,29,,,0,30,,85271,29,,,0
300,'S2-1_3',711,,85281,29,,,0,25,,85282,29,,,0,70,,85283,29,,,0,24,,85284,29,,,0,25,,85285,29,,,0,70,,85286,29,,,0,32,,85287,29,,,0,72,,85288,29,,,0,71,,85289,29,,,0,32,,85290,29,,,0,72,,85291,29,,,0,32,,85292,29,,,0,72,,85293,29,,,0,33,,85294,29,,,0,72,,85295,29,,,0,33,,85296,29,,,0,72,,85297,29,,,0,34,,85298,29,,,0,69,,85300,29,,,0,27,,85301,29,,,0,68,,85302,29,,,0,28,,85303,29,,,0,69,,85304,29,,,0,30,,85308,29,,,0,71,,85305,29,,,0,31,,85306,29,,,0,73,,85307,29,,,0,30,,85299,29,,,0
300,'S2-2_6',710,,85309,29,,,0,30,,85311,29,,,0,70,,85312,29,,,0,30,,85310,29,,,0,70,,85314,29,,,0,29,,85315,29,,,0,69,,85313,29,,,0,31,,85316,29,,,0,70,,85317,29,,,0,30,,85320,29,,,0,69,,85319,29,,,0,29,,85318,29,,,0,68,,85322,29,,,0,30,,85321,29,,,0,70,,85323,29,,,0,29,,85324,29,,,0,72,,85325,29,,,0,32,,85326,29,,,0,71,,85327,29,,,0,31,,85328,29,,,0,72,,85329,29,,,0,32,,85330,29,,,0,70,,85331,29,,,0,31,,85336,29,,,0,71,,85332,29,,,0,30,,85333,29,,,0,64,,85334,29,,,0,30,,85335,29,,,0
300,'S2-3_7',915,,85359,29,,,0,33,,85360,29,,,0,75,,85361,29,,,0,34,,85362,29,,,0,72,,85353,29,,,0,72,,85358,29,,,0,33,,85357,29,,,0,73,,85356,29,,,0,32,,85355,29,,,0,72,,85337,29,,,0,28,,85338,29,,,0,69,,85339,29,,,0,28,,85340,29,,,0,68,,85341,29,,,0,29,,85342,29,,,0,72,,85343,29,,,0,28,,85344,29,,,0,67,,85345,29,,,0,28,,85346,29,,,0,29,,85347,29,,,0,67,,85348,29,,,0,26,,85349,29,,,0,65,,85350,29,,,0,23,,85351,29,,,0,64,,85354,29,,,0,25,,85352,29,,,0
300,'S2-4_1',711,,85363,29,,,0,25,,85364,29,,,0,70,,85365,29,,,0,24,,85366,29,,,0,25,,85367,29,,,0,70,,85368,29,,,0,32,,85369,29,,,0,72,,85370,29,,,0,71,,85371,29,,,0,32,,85372,29,,,0,72,,85373,29,,,0,32,,85374,29,,,0,72,,85375,29,,,0,33,,85376,29,,,0,72,,85377,29,,,0,33,,85378,29,,,0,72,,85379,29,,,0,34,,85380,29,,,0,69,,85382,29,,,0,27,,85383,29,,,0,68,,85384,29,,,0,28,,85385,29,,,0,69,,85386,29,,,0,30,,85390,29,,,0,71,,85387,29,,,0,31,,85388,29,,,0,73,,85389,29,,,0,30,,85381,29,,,0
300,'S2-4_2',711,,85391,29,,,0,25,,85392,29,,,0,70,,85393,29,,,0,24,,85394,29,,,0,25,,85395,29,,,0,70,,85396,29,,,0,32,,85397,29,,,0,72,,85398,29,,,0,71,,85399,29,,,0,32,,85400,29,,,0,72,,85401,29,,,0,32,,85402,29,,,0,72,,85403,29,,,0,33,,85404,29,,,0,72,,85405,29,,,0,33,,85406,29,,,0,72,,85407,29,,,0,34,,85408,29,,,0,69,,85410,29,,,0,27,,85411,29,,,0,68,,85412,29,,,0,28,,85413,29,,,0,69,,85414,29,,,0,30,,85418,29,,,0,71,,85415,29,,,0,31,,85416,29,,,0,73,,85417,29,,,0,30,,85409,29,,,0
300,'S2-4_4',711,,85419,29,,,0,25,,85420,29,,,0,70,,85421,29,,,0,24,,85422,29,,,0,25,,85423,29,,,0,70,,85424,29,,,0,32,,85425,29,,,0,72,,85426,29,,,0,71,,85427,29,,,0,32,,85428,29,,,0,72,,85429,29,,,0,32,,85430,29,,,0,72,,85431,29,,,0,33,,85432,29,,,0,72,,85433,29,,,0,33,,85434,29,,,0,72,,85435,29,,,0,34,,85436,29,,,0,69,,85438,29,,,0,27,,85439,29,,,0,68,,85440,29,,,0,28,,85441,29,,,0,69,,85442,29,,,0,30,,85446,29,,,0,71,,85443,29,,,0,31,,85444,29,,,0,73,,85445,29,,,0,30,,85437,29,,,0
800,'S2-0_4',706,,86712,18,,,0,33,,86713,18,,,0,67,,86714,18,,,0,31,,86715,18,,,0,80,,86716,18,,,0,110,,86717,18,,,0,117,,86718,18,,,0,111,,86719,18,,,0,150,,86720,18,,,0,112,,86722,18,,,0,110,,86721,18,,,0
800,'S2-0_5',706,,86723,18,,,0,33,,86724,18,,,0,67,,86725,18,,,0,31,,86726,18,,,0,80,,86727,18,,,0,110,,86728,18,,,0,117,,86729,18,,,0,111,,86730,18,,,0,150,,86731,18,,,0,112,,86733,18,,,0,110,,86732,18,,,0
800,'S2-1_3',706,,86734,18,,,0,33,,86735,18,,,0,67,,86736,18,,,0,31,,86737,18,,,0,80,,86738,18,,,0,110,,86739,18,,,0,117,,86740,18,,,0,111,,86741,18,,,0,150,,86742,18,,,0,112,,86744,18,,,0,110,,86743,18,,,0
800,'S2-4_1',706,,86745,18,,,0,33,,86746,18,,,0,67,,86747,18,,,0,31,,86748,18,,,0,80,,86749,18,,,0,110,,86750,18,,,0,117,,86751,18,,,0,111,,86752,18,,,0,150,,86753,18,,,0,112,,86755,18,,,0,110,,86754,18,,,0
800,'S2-4_2',706,,86756,18,,,0,33,,86757,18,,,0,67,,86758,18,,,0,31,,86759,18,,,0,80,,86760,18,,,0,110,,86761,18,,,0,117,,86762,18,,,0,111,,86763,18,,,0,150,,86764,18,,,0,112,,86766,18,,,0,110,,86765,18,,,0
800,'S2-4_4',706,,86767,18,,,0,33,,86768,18,,,0,67,,86769,18,,,0,31,,86770,18,,,0,80,,86771,18,,,0,110,,86772,18,,,0,117,,86773,18,,,0,111,,86774,18,,,0,150,,86775,18,,,0,112,,86777,18,,,0,110,,86776,18,,,0
2200,'S2-0_4',712,,88004,14,0,11 15 16,0,121,,88005,14,0,11 15 16,0,881,,88006,14,0,11 15 16,0
2200,'S2-0_5',712,,88011,14,0,11 15 16,0,121,,88012,14,0,11 15 16,0,881,,88013,14,0,11 15 16,0
2200,'S2-1_3',712,,88018,14,0,11 15 16,0,121,,88019,14,0,11 15 16,0,881,,88020,14,0,11 15 16,0
2200,'S2-4_1',712,,88023,14,0,11 15 16,0,121,,88024,14,0,11 15 16,0,881,,88025,14,0,11 15 16,0
2200,'S2-4_2',712,,88030,14,0,11 15 16,0,121,,88031,14,0,11 15 16,0,881,,88032,14,0,11 15 16,0
2200,'S2-4_4',712,,88037,14,0,11 15 16,0,121,,88038,14,0,11 15 16,0,881,,88039,14,0,11 15 16,0
