101,'S2-0_4',712,,84438,31,0,6,0,10,,84468,25,0,7,0,20,,84439,31,0,6,0,15,,84466,25,0,5,0,55,,84440,31,0,6,0,17,,84469,31,0,5,0,13,,84453,25,0,7,0,65,,84444,25,0,6,0,40,,84454,31,0,5,0,75,,84445,25,0,6,0,80,,84457,25,0,5,0,36,,84446,25,0,6,0,69,,84458,25,0,5,0,20,,84447,25,0,6,0,75,,84459,25,0,5,0,38,,84441,31,0,6,0,68,,84455,31,0,5,0,30,,84448,25,0,6,0,65,,84460,25,0,5,0,34,,84449,25,0,6,0,21,,84461,25,0,5,0,67,,84450,25,0,6,0,30,,84451,25,0,6,0,61,,84456,31,0,5,0,20,,84452,25,0,6,0,65,,84462,25,0,5,0,16,,84442,31,0,6,0,18,,84463,25,0,5,0,68,,84443,31,0,6,0,35,,84464,25,0,5,0
101,'S2-0_5',712,,84471,31,0,6,0,10,,84501,25,0,7,0,20,,84472,31,0,6,0,15,,84499,25,0,5,0,55,,84473,31,0,6,0,17,,84502,31,0,5,0,13,,84486,25,0,7,0,65,,84477,25,0,6,0,40,,84487,31,0,5,0,75,,84478,25,0,6,0,80,,84490,25,0,5,0,36,,84479,25,0,6,0,69,,84491,25,0,5,0,20,,84480,25,0,6,0,75,,84492,25,0,5,0,38,,84474,31,0,6,0,68,,84488,31,0,5,0,30,,84481,25,0,6,0,65,,84493,25,0,5,0,34,,84482,25,0,6,0,21,,84494,25,0,5,0,67,,84483,25,0,6,0,30,,84484,25,0,6,0,61,,84489,31,0,5,0,20,,84485,25,0,6,0,65,,84495,25,0,5,0,16,,84475,31,0,6,0,18,,84496,25,0,5,0,68,,84476,31,0,6,0,35,,84497,25,0,5,0
101,'S2-1_3',712,,84504,31,0,6,0,10,,84534,25,0,7,0,20,,84505,31,0,6,0,15,,84532,25,0,5,0,55,,84506,31,0,6,0,17,,84535,31,0,5,0,13,,84519,25,0,7,0,65,,84510,25,0,6,0,40,,84520,31,0,5,0,75,,84511,25,0,6,0,80,,84523,25,0,5,0,36,,84512,25,0,6,0,69,,84524,25,0,5,0,20,,84513,25,0,6,0,75,,84525,25,0,5,0,38,,84507,31,0,6,0,68,,84521,31,0,5,0,30,,84514,25,0,6,0,65,,84526,25,0,5,0,34,,84515,25,0,6,0,21,,84527,25,0,5,0,67,,84516,25,0,6,0,30,,84517,25,0,6,0,61,,84522,31,0,5,0,20,,84518,25,0,6,0,65,,84528,25,0,5,0,16,,84508,31,0,6,0,18,,84529,25,0,5,0,68,,84509,31,0,6,0,35,,84530,25,0,5,0
101,'S2-2_6',714,,84537,25,0,5,0,114,,84538,25,0,5,0,105,,84539,25,0,5,0,70,,84550,25,0,6,0,29,,84540,25,0,5,0,71,,84551,25,0,6,0,30,,84541,25,0,5,0,70,,84552,25,0,6,0,30,,84542,25,0,5,0,69,,84553,25,0,6,0,31,,84543,25,0,5,0,69,,84554,25,0,6,0,30,,84544,25,0,5,0,70,,84555,25,0,6,0,30,,84545,25,0,5,0,72,,84556,25,0,6,0,31,,84546,25,0,5,0,69,,84557,25,0,6,0,33,,84547,25,0,5,0,70,,84558,25,0,6,0,35,,84548,25,0,5,0,65,,84559,25,0,6,0,27,,84549,25,0,5,0
101,'S2-3_7',919,,84560,25,0,6,0,105,,84565,25,0,5,0,105,,84561,25,0,6,0,105,,84566,25,0,5,0,105,,84562,25,0,6,0,90,,84567,25,0,5,0,100,,84563,25,0,6,0,105,,84568,25,0,5,0,105,,84564,25,0,6,0,105,,84569,25,0,5,0
101,'S2-4_1',712,,84570,31,0,6,0,10,,84600,25,0,7,0,20,,84571,31,0,6,0,15,,84598,25,0,5,0,55,,84572,31,0,6,0,17,,84601,31,0,5,0,13,,84585,25,0,7,0,65,,84576,25,0,6,0,40,,84586,31,0,5,0,75,,84577,25,0,6,0,80,,84589,25,0,5,0,36,,84578,25,0,6,0,69,,84590,25,0,5,0,20,,84579,25,0,6,0,75,,84591,25,0,5,0,38,,84573,31,0,6,0,68,,84587,31,0,5,0,30,,84580,25,0,6,0,65,,84592,25,0,5,0,34,,84581,25,0,6,0,21,,84593,25,0,5,0,67,,84582,25,0,6,0,30,,84583,25,0,6,0,61,,84588,31,0,5,0,20,,84584,25,0,6,0,65,,84594,25,0,5,0,16,,84574,31,0,6,0,18,,84595,25,0,5,0,68,,84575,31,0,6,0,35,,84596,25,0,5,0
101,'S2-4_2',712,,84603,31,0,6,0,10,,84633,25,0,7,0,20,,84604,31,0,6,0,15,,84631,25,0,5,0,55,,84605,31,0,6,0,17,,84634,31,0,5,0,13,,84618,25,0,7,0,65,,84609,25,0,6,0,40,,84619,31,0,5,0,75,,84610,25,0,6,0,80,,84622,25,0,5,0,36,,84611,25,0,6,0,69,,84623,25,0,5,0,20,,84612,25,0,6,0,75,,84624,25,0,5,0,38,,84606,31,0,6,0,68,,84620,31,0,5,0,30,,84613,25,0,6,0,65,,84625,25,0,5,0,34,,84614,25,0,6,0,21,,84626,25,0,5,0,67,,84615,25,0,6,0,30,,84616,25,0,6,0,61,,84621,31,0,5,0,20,,84617,25,0,6,0,65,,84627,25,0,5,0,16,,84607,31,0,6,0,18,,84628,25,0,5,0,68,,84608,31,0,6,0,35,,84629,25,0,5,0
101,'S2-4_4',712,,84636,31,0,6,0,10,,84666,25,0,7,0,20,,84637,31,0,6,0,15,,84664,25,0,5,0,55,,84638,31,0,6,0,17,,84667,31,0,5,0,13,,84651,25,0,7,0,65,,84642,25,0,6,0,40,,84652,31,0,5,0,75,,84643,25,0,6,0,80,,84655,25,0,5,0,36,,84644,25,0,6,0,69,,84656,25,0,5,0,20,,84645,25,0,6,0,75,,84657,25,0,5,0,38,,84639,31,0,6,0,68,,84653,31,0,5,0,30,,84646,25,0,6,0,65,,84658,25,0,5,0,34,,84647,25,0,6,0,21,,84659,25,0,5,0,67,,84648,25,0,6,0,30,,84649,25,0,6,0,61,,84654,31,0,5,0,20,,84650,25,0,6,0,65,,84660,25,0,5,0,16,,84640,31,0,6,0,18,,84661,25,0,5,0,68,,84641,31,0,6,0,35,,84662,25,0,5,0
401,'S2-0_4',715,,85936,29,0,52,0,11,,85906,31,0,41,0,15,,85923,33,0,41,0,17,,85907,31,0,41,0,55,,85930,33,,,0,24,,85908,31,0,41,0,11,,85909,31,0,41,0,78,,85910,31,0,41,0,74,,85911,31,0,41,0,33,,85912,31,0,41,0,75,,85932,31,,,0,29,,85913,31,0,41,0,70,,85914,31,0,41,0,20,,85931,33,,,0,29,,85927,34,0,41,0,71,,85933,31,,,0,74,,85905,34,0,41,0,37,,85915,31,0,41,0,69,,85934,31,,,0,30,,85916,31,0,41,0,66,,85917,31,0,41,0,18,,85918,33,0,41,0,14,,85928,34,0,41,0,22,,85924,31,0,41,0,55,,85919,31,0,41,0,14,,85925,33,0,41,0,12,,85929,34,,,0,70,,85920,31,0,41,0,25,,85926,33,0,41,0,76,,85921,31,0,41,0,20,,85935,31,,,0
401,'S2-0_5',715,,85968,29,0,52,0,11,,85938,31,0,41,0,15,,85955,33,0,41,0,17,,85939,31,0,41,0,55,,85962,33,,,0,24,,85940,31,0,41,0,11,,85941,31,0,41,0,78,,85942,31,0,41,0,74,,85943,31,0,41,0,33,,85944,31,0,41,0,75,,85964,31,,,0,29,,85945,31,0,41,0,70,,85946,31,0,41,0,20,,85963,33,,,0,29,,85959,34,0,41,0,71,,85965,31,,,0,74,,85937,34,0,41,0,37,,85947,31,0,41,0,69,,85966,31,,,0,30,,85948,31,0,41,0,66,,85949,31,0,41,0,18,,85950,33,0,41,0,14,,85960,34,0,41,0,22,,85956,31,0,41,0,55,,85951,31,0,41,0,14,,85957,33,0,41,0,12,,85961,34,,,0,70,,85952,31,0,41,0,25,,85958,33,0,41,0,76,,85953,31,0,41,0,20,,85967,31,,,0
401,'S2-1_3',715,,86000,29,0,52,0,11,,85970,31,0,41,0,15,,85987,33,0,41,0,17,,85971,31,0,41,0,55,,85994,33,,,0,24,,85972,31,0,41,0,11,,85973,31,0,41,0,78,,85974,31,0,41,0,74,,85975,31,0,41,0,33,,85976,31,0,41,0,75,,85996,31,,,0,29,,85977,31,0,41,0,70,,85978,31,0,41,0,20,,85995,33,,,0,29,,85991,34,0,41,0,71,,85997,31,,,0,74,,85969,34,0,41,0,37,,85979,31,0,41,0,69,,85998,31,,,0,30,,85980,31,0,41,0,66,,85981,31,0,41,0,18,,85982,33,0,41,0,14,,85992,34,0,41,0,22,,85988,31,0,41,0,55,,85983,31,0,41,0,14,,85989,33,0,41,0,12,,85993,34,,,0,70,,85984,31,0,41,0,25,,85990,33,0,41,0,76,,85985,31,0,41,0,20,,85999,31,,,0
401,'S2-2_6',714,,86001,31,,,0,116,,86008,31,0,41,0,73,,86002,31,,,0,28,,86009,31,0,41,0,72,,86010,31,0,41,0,28,,86011,31,0,41,0,72,,86003,31,,,0,28,,86012,31,0,41,0,73,,86013,31,0,41,0,30,,86014,31,0,41,0,70,,86004,31,,,0,29,,86015,31,0,41,0,69,,86016,31,0,41,0,31,,86017,31,0,41,0,71,,86005,31,,,0,28,,86018,31,0,41,0,73,,86019,31,0,41,0,33,,86020,31,0,41,0,71,,86006,31,,,0,32,,86021,31,0,41,0,72,,86022,31,0,41,0,31,,86023,31,0,41,0,70,,86024,31,0,41,0,30,,86007,31,,,0
401,'S2-3_7',947,,86025,31,,,0,165,,86026,31,,,0,125,,86027,31,,,0,201,,86028,31,,,0,165,,86029,31,,,0,125,,86030,31,,,0,125,,86031,31,,,0
401,'S2-4_1',715,,86063,29,0,52,0,11,,86033,31,0,41,0,15,,86050,33,0,41,0,17,,86034,31,0,41,0,55,,86057,33,,,0,24,,86035,31,0,41,0,11,,86036,31,0,41,0,78,,86037,31,0,41,0,74,,86038,31,0,41,0,33,,86039,31,0,41,0,75,,86059,31,,,0,29,,86040,31,0,41,0,70,,86041,31,0,41,0,20,,86058,33,,,0,29,,86054,34,0,41,0,71,,86060,31,,,0,74,,86032,34,0,41,0,37,,86042,31,0,41,0,69,,86061,31,,,0,30,,86043,31,0,41,0,66,,86044,31,0,41,0,18,,86045,33,0,41,0,14,,86055,34,0,41,0,22,,86051,31,0,41,0,55,,86046,31,0,41,0,14,,86052,33,0,41,0,12,,86056,34,,,0,70,,86047,31,0,41,0,25,,86053,33,0,41,0,76,,86048,31,0,41,0,20,,86062,31,,,0
401,'S2-4_2',715,,86095,29,0,52,0,11,,86065,31,0,41,0,15,,86082,33,0,41,0,17,,86066,31,0,41,0,55,,86089,33,,,0,24,,86067,31,0,41,0,11,,86068,31,0,41,0,78,,86069,31,0,41,0,74,,86070,31,0,41,0,33,,86071,31,0,41,0,75,,86091,31,,,0,29,,86072,31,0,41,0,70,,86073,31,0,41,0,20,,86090,33,,,0,29,,86086,34,0,41,0,71,,86092,31,,,0,74,,86064,34,0,41,0,37,,86074,31,0,41,0,69,,86093,31,,,0,30,,86075,31,0,41,0,66,,86076,31,0,41,0,18,,86077,33,0,41,0,14,,86087,34,0,41,0,22,,86083,31,0,41,0,55,,86078,31,0,41,0,14,,86084,33,0,41,0,12,,86088,34,,,0,70,,86079,31,0,41,0,25,,86085,33,0,41,0,76,,86080,31,0,41,0,20,,86094,31,,,0
401,'S2-4_4',715,,86127,29,0,52,0,11,,86097,31,0,41,0,15,,86114,33,0,41,0,17,,86098,31,0,41,0,55,,86121,33,,,0,24,,86099,31,0,41,0,11,,86100,31,0,41,0,78,,86101,31,0,41,0,74,,86102,31,0,41,0,33,,86103,31,0,41,0,75,,86123,31,,,0,29,,86104,31,0,41,0,70,,86105,31,0,41,0,20,,86122,33,,,0,29,,86118,34,0,41,0,71,,86124,31,,,0,74,,86096,34,0,41,0,37,,86106,31,0,41,0,69,,86125,31,,,0,30,,86107,31,0,41,0,66,,86108,31,0,41,0,18,,86109,33,0,41,0,14,,86119,34,0,41,0,22,,86115,31,0,41,0,55,,86110,31,0,41,0,14,,86116,33,0,41,0,12,,86120,34,,,0,70,,86111,31,0,41,0,25,,86117,33,0,41,0,76,,86112,31,0,41,0,20,,86126,31,,,0
501,'S2-0_4',912,,86230,3,,,0,104,,86231,3,,,0,100,,86232,3,,,0,86,,86233,3,,,0,55,,86234,3,,,0,99,,86235,3,,,0,102,,86236,3,,,0,100,,86237,3,,,0,65,,86239,3,0,13,0,78,,86238,3,,,0,30,,86240,3,0,13,0,77,,86242,3,,,0,20,,86241,3,0,13,0,110,,86243,3,,,0
501,'S2-0_5',912,,86244,3,,,0,104,,86245,3,,,0,100,,86246,3,,,0,86,,86247,3,,,0,55,,86248,3,,,0,99,,86249,3,,,0,102,,86250,3,,,0,100,,86251,3,,,0,65,,86253,3,0,13,0,78,,86252,3,,,0,30,,86254,3,0,13,0,77,,86256,3,,,0,20,,86255,3,0,13,0,110,,86257,3,,,0
501,'S2-1_3',912,,86258,3,,,0,104,,86259,3,,,0,100,,86260,3,,,0,86,,86261,3,,,0,25,,86267,3,0,13,0,30,,86262,3,,,0,99,,86263,3,,,0,102,,86264,3,,,0,100,,86265,3,,,0,143,,86266,3,,,0,107,,86268,3,,,0,130,,86269,3,,,0
501,'S2-2_6',806,,86270,3,,,0,99,,86271,3,,,0,100,,86272,3,,,0,100,,86273,3,,,0,100,,86274,3,,,0,95,,86275,3,,,0,58,,86276,3,,,0,100,,86277,3,,,0,100,,86278,3,,,0,100,,86279,3,,,0,100,,86280,3,,,0,191,,86281,3,,,0
501,'S2-4_1',912,,86282,3,,,0,104,,86283,3,,,0,100,,86284,3,,,0,86,,86285,3,,,0,55,,86286,3,,,0,99,,86287,3,,,0,102,,86288,3,,,0,100,,86289,3,,,0,65,,86291,3,0,13,0,78,,86290,3,,,0,30,,86292,3,0,13,0,77,,86294,3,,,0,20,,86293,3,0,13,0,110,,86295,3,,,0
501,'S2-4_2',912,,86296,3,,,0,104,,86297,3,,,0,100,,86298,3,,,0,86,,86299,3,,,0,55,,86300,3,,,0,99,,86301,3,,,0,102,,86302,3,,,0,100,,86303,3,,,0,65,,86305,3,0,13,0,78,,86304,3,,,0,30,,86306,3,0,13,0,77,,86308,3,,,0,20,,86307,3,0,13,0,110,,86309,3,,,0
501,'S2-4_4',912,,86310,3,,,0,104,,86311,3,,,0,100,,86312,3,,,0,86,,86313,3,,,0,55,,86314,3,,,0,99,,86315,3,,,0,102,,86316,3,,,0,100,,86317,3,,,0,65,,86319,3,0,13,0,78,,86318,3,,,0,30,,86320,3,0,13,0,77,,86322,3,,,0,20,,86321,3,0,13,0,110,,86323,3,,,0
601,'S2-0_4',602,,86435,3,,,0,104,,86448,3,,,0,98,,86436,3,,,0,102,,86437,3,,,0,98,,86438,3,,,0,100,,86439,3,,,0,99,,86452,3,,,0,26,,86440,3,,,0,81,,86441,3,,,0,103,,86442,3,,,0,94,,86443,3,,,0,39,,86449,3,,,0,78,,86444,4,,,0,35,,86450,3,,,0,69,,86445,4,,,0,73,,86451,4,,,0,28,,86446,3,,,0,96,,86447,3,,,0
601,'S2-0_5',602,,86453,3,,,0,104,,86466,3,,,0,98,,86454,3,,,0,102,,86455,3,,,0,98,,86456,3,,,0,100,,86457,3,,,0,99,,86470,3,,,0,26,,86458,3,,,0,81,,86459,3,,,0,103,,86460,3,,,0,94,,86461,3,,,0,39,,86467,3,,,0,78,,86462,4,,,0,35,,86468,3,,,0,69,,86463,4,,,0,73,,86469,4,,,0,28,,86464,3,,,0,96,,86465,3,,,0
601,'S2-1_3',602,,86471,3,,,0,104,,86485,3,,,0,98,,86472,3,,,0,102,,86473,3,,,0,98,,86474,3,,,0,100,,86475,3,,,0,99,,86476,4,,,0,26,,86477,3,,,0,81,,86478,3,,,0,103,,86479,3,,,0,94,,86480,3,,,0,39,,86486,3,,,0,78,,86481,4,,,0,35,,86487,3,,,0,69,,86482,4,,,0,73,,86488,4,,,0,28,,86483,3,,,0,96,,86484,3,,,0
601,'S2-2_6',732,,86489,3,,,0,90,,86491,3,,,0,94,,86492,3,,,0,94,,86493,3,,,0,48,,86494,3,,,0,89,,86495,3,,,0,89,,86496,3,,,0,89,,86497,3,,,0,87,,86498,3,,,0,89,,86499,3,,,0,100,,86500,3,,,0,51,,86501,3,,,0,95,,86502,3,,,0,87,,86503,3,,,0,91,,86490,3,,,0
601,'S2-4_1',602,,86504,3,,,0,104,,86517,3,,,0,98,,86505,3,,,0,102,,86506,3,,,0,98,,86507,3,,,0,100,,86508,3,,,0,99,,86521,3,,,0,26,,86509,3,,,0,81,,86510,3,,,0,103,,86511,3,,,0,94,,86512,3,,,0,39,,86518,3,,,0,78,,86513,4,,,0,35,,86519,3,,,0,69,,86514,4,,,0,73,,86520,4,,,0,28,,86515,3,,,0,96,,86516,3,,,0
601,'S2-4_2',602,,86522,3,,,0,104,,86535,3,,,0,98,,86523,3,,,0,102,,86524,3,,,0,98,,86525,3,,,0,100,,86526,3,,,0,99,,86539,3,,,0,26,,86527,3,,,0,81,,86528,3,,,0,103,,86529,3,,,0,94,,86530,3,,,0,39,,86536,3,,,0,78,,86531,4,,,0,35,,86537,3,,,0,69,,86532,4,,,0,73,,86538,4,,,0,28,,86533,3,,,0,96,,86534,3,,,0
601,'S2-4_4',602,,86540,3,,,0,104,,86553,3,,,0,98,,86541,3,,,0,102,,86542,3,,,0,98,,86543,3,,,0,100,,86544,3,,,0,99,,86557,3,,,0,26,,86545,3,,,0,81,,86546,3,,,0,103,,86547,3,,,0,94,,86548,3,,,0,39,,86554,3,,,0,78,,86549,4,,,0,35,,86555,3,,,0,69,,86550,4,,,0,73,,86556,4,,,0,28,,86551,3,,,0,96,,86552,3,,,0
2501,'S2-0_4',713,,88245,19,,,0,30,,88246,19,,,0,86,,88247,19,,,0,77,,88248,19,,,0,36,,88249,19,,,0,112,,88250,19,,,0,166,,88251,19,,,0,120,,88252,19,,,0,117,,88253,19,,,0,157,,88254,19,,,0,103,,88255,19,,,0,96,,88256,19,,,0,117,,88257,19,,,0
2501,'S2-0_5',713,,88258,19,,,0,30,,88259,19,,,0,86,,88260,19,,,0,77,,88261,19,,,0,36,,88262,19,,,0,112,,88263,19,,,0,166,,88264,19,,,0,120,,88265,19,,,0,117,,88266,19,,,0,157,,88267,19,,,0,103,,88268,19,,,0,96,,88269,19,,,0,117,,88270,19,,,0
2501,'S2-1_3',713,,88271,19,,,0,30,,88272,19,,,0,86,,88273,19,,,0,77,,88274,19,,,0,36,,88275,19,,,0,112,,88276,19,,,0,166,,88277,19,,,0,120,,88278,19,,,0,117,,88279,19,,,0,157,,88280,19,,,0,103,,88281,19,,,0,96,,88282,19,,,0,117,,88283,19,,,0
2501,'S2-2_6',716,,88284,19,,,0,112,,88285,19,,,0,126,,88286,19,,,0,152,,88287,19,,,0,113,,88288,19,,,0,129,,88289,19,,,0,168,,88290,19,,,0,121,,88291,19,,,0,121,,88292,19,,,0,157,,88293,19,,,0
2501,'S2-4_1',713,,88294,19,,,0,30,,88295,19,,,0,86,,88296,19,,,0,77,,88297,19,,,0,36,,88298,19,,,0,112,,88299,19,,,0,166,,88300,19,,,0,120,,88301,19,,,0,117,,88302,19,,,0,157,,88303,19,,,0,103,,88304,19,,,0,96,,88305,19,,,0,117,,88306,19,,,0
2501,'S2-4_2',713,,88307,19,,,0,30,,88308,19,,,0,86,,88309,19,,,0,77,,88310,19,,,0,36,,88311,19,,,0,112,,88312,19,,,0,166,,88313,19,,,0,120,,88314,19,,,0,117,,88315,19,,,0,157,,88316,19,,,0,103,,88317,19,,,0,96,,88318,19,,,0,117,,88319,19,,,0
2501,'S2-4_4',713,,88320,19,,,0,30,,88321,19,,,0,86,,88322,19,,,0,77,,88323,19,,,0,36,,88324,19,,,0,112,,88325,19,,,0,166,,88326,19,,,0,120,,88327,19,,,0,117,,88328,19,,,0,157,,88329,19,,,0,103,,88330,19,,,0,96,,88331,19,,,0,117,,88332,19,,,0
2601,'S2-0_4',714,,88494,7,,,0,33,,88504,7,,,0,65,,88506,7,,,0,25,,88505,7,,,0,79,,88495,7,,,0,99,,88496,7,,,0,100,,88513,7,,,0,100,,88497,7,,,0,28,,88514,7,,,0,61,,88515,7,,,0,53,,88498,7,,,0,94,,88499,7,,,0,153,,88508,7,,,0,45,,88509,7,,,0,67,,88510,7,,,0,93,,88511,7,,,0,25,,88512,7,,,0,94,,88507,7,,,0
2601,'S2-0_5',714,,88518,7,,,0,33,,88528,7,,,0,65,,88530,7,,,0,25,,88529,7,,,0,79,,88519,7,,,0,99,,88520,7,,,0,100,,88537,7,,,0,100,,88521,7,,,0,28,,88538,7,,,0,61,,88539,7,,,0,53,,88522,7,,,0,94,,88523,7,,,0,153,,88532,7,,,0,45,,88533,7,,,0,67,,88534,7,,,0,93,,88535,7,,,0,25,,88536,7,,,0,94,,88531,7,,,0
2601,'S2-1_3',714,,88542,7,,,0,33,,88551,7,,,0,65,,88553,7,,,0,25,,88552,7,,,0,79,,88543,7,,,0,99,,88544,7,,,0,100,,88560,7,,,0,100,,88545,7,,,0,28,,88561,7,,,0,61,,88562,7,,,0,53,,88546,7,,,0,94,,88547,7,,,0,153,,88555,7,,,0,45,,88556,7,,,0,67,,88557,7,,,0,93,,88558,7,,,0,25,,88559,7,,,0,94,,88554,7,,,0
2601,'S2-2_6',719,,88564,7,,,0,85,,88567,7,,,0,45,,88568,7,,,0,85,,88569,7,,,0,90,,88570,7,,,0,84,,88571,7,,,0,44,,88572,7,,,0,85,,88573,7,,,0,82,,88574,7,,,0,84,,88575,7,,,0,46,,88576,7,,,0,90,,88577,7,,,0,85,,88578,7,,,0,81,,88579,7,,,0,47,,88580,7,,,0,84,,88566,7,,,0,83,,88565,7,,,0
2601,'S2-4_1',714,,88581,7,,,0,33,,88591,7,,,0,65,,88593,7,,,0,25,,88592,7,,,0,79,,88582,7,,,0,99,,88583,7,,,0,100,,88600,7,,,0,100,,88584,7,,,0,28,,88601,7,,,0,61,,88602,7,,,0,53,,88585,7,,,0,94,,88586,7,,,0,153,,88595,7,,,0,45,,88596,7,,,0,67,,88597,7,,,0,93,,88598,7,,,0,25,,88599,7,,,0,94,,88594,7,,,0
2601,'S2-4_2',714,,88605,7,,,0,33,,88615,7,,,0,65,,88617,7,,,0,25,,88616,7,,,0,79,,88606,7,,,0,99,,88607,7,,,0,100,,88624,7,,,0,100,,88608,7,,,0,28,,88625,7,,,0,61,,88626,7,,,0,53,,88609,7,,,0,94,,88610,7,,,0,153,,88619,7,,,0,45,,88620,7,,,0,67,,88621,7,,,0,93,,88622,7,,,0,25,,88623,7,,,0,94,,88618,7,,,0
2601,'S2-4_4',714,,88629,7,,,0,33,,88639,7,,,0,65,,88641,7,,,0,25,,88640,7,,,0,79,,88630,7,,,0,99,,88631,7,,,0,100,,88648,7,,,0,100,,88632,7,,,0,28,,88649,7,,,0,61,,88650,7,,,0,53,,88633,7,,,0,94,,88634,7,,,0,153,,88643,7,,,0,45,,88644,7,,,0,67,,88645,7,,,0,93,,88646,7,,,0,25,,88647,7,,,0,94,,88642,7,,,0
2000001,'S2-0_4',638,,90979,9,,,0,64,,90956,9,,,0,13,,90937,3,,,0,3,,90939,9,,,0,16,,90964,9,,,0,18,,90947,9,,,0,54,,90982,9,,,0,14,,90929,9,,,0,14,,90957,9,,,0,15,,90941,9,,,0,56,,90965,9,,,0,15,,90949,9,,,0,16,,90973,9,,,0,17,,90930,9,,,0,56,,90963,9,,,0,15,,90940,9,,,0,16,,90966,9,,,0,16,,90948,9,,,0,56,,90975,9,,,0,15,,90931,9,,,0,16,,90961,9,,,0,15,,90946,9,,,0,57,,90967,9,,,0,16,,90955,9,,,0,14,,90974,9,,,0,56,,90933,9,,,0,12,,90958,9,,,0,16,,90942,9,,,0,15,,90969,9,,,0,15,,90950,9,,,0,56,,90978,9,,,0,15,,90934,9,,,0,15,,90959,9,,,0,55,,90943,9,,,0,15,,90968,9,,,0,16,,90951,9,,,0,14,,90977,9,,,0,56,,90932,9,,,0,15,,90960,9,,,0,17,,90944,9,,,0,15,,90970,9,,,0,56,,90952,9,,,0,17,,90928,9,,,0,17,,90976,9,,,0,18,,90983,9,,,0,52,,90962,9,,,0,13,,90945,9,,,0,14,,90971,9,,,0,15,,90953,9,,,0,52,,90927,9,,,0,13,,90980,9,,,0,14,,90936,9,,,0,23,,90972,9,,,0,60,,90954,9,,,0,20,,90981,9,,,0,20,,90938,9,,,0
2000001,'S2-0_5',638,,91036,9,,,0,64,,91013,9,,,0,13,,90994,3,,,0,3,,90996,9,,,0,16,,91021,9,,,0,18,,91004,9,,,0,54,,91039,9,,,0,14,,90986,9,,,0,14,,91014,9,,,0,15,,90998,9,,,0,56,,91022,9,,,0,15,,91006,9,,,0,16,,91030,9,,,0,17,,90987,9,,,0,56,,91020,9,,,0,15,,90997,9,,,0,16,,91023,9,,,0,16,,91005,9,,,0,56,,91032,9,,,0,15,,90988,9,,,0,16,,91018,9,,,0,15,,91003,9,,,0,57,,91024,9,,,0,16,,91012,9,,,0,14,,91031,9,,,0,56,,90990,9,,,0,12,,91015,9,,,0,16,,90999,9,,,0,15,,91026,9,,,0,15,,91007,9,,,0,56,,91035,9,,,0,15,,90991,9,,,0,15,,91016,9,,,0,55,,91000,9,,,0,15,,91025,9,,,0,16,,91008,9,,,0,14,,91034,9,,,0,56,,90989,9,,,0,15,,91017,9,,,0,17,,91001,9,,,0,15,,91027,9,,,0,56,,91009,9,,,0,17,,90985,9,,,0,17,,91033,9,,,0,18,,91040,9,,,0,52,,91019,9,,,0,13,,91002,9,,,0,14,,91028,9,,,0,15,,91010,9,,,0,52,,90984,9,,,0,13,,91037,9,,,0,14,,90993,9,,,0,23,,91029,9,,,0,60,,91011,9,,,0,20,,91038,9,,,0,20,,90995,9,,,0
2000001,'S2-1_3',638,,91093,9,,,0,64,,91070,9,,,0,13,,91051,3,,,0,3,,91053,9,,,0,16,,91078,9,,,0,18,,91061,9,,,0,54,,91096,9,,,0,14,,91043,9,,,0,14,,91071,9,,,0,15,,91055,9,,,0,56,,91079,9,,,0,15,,91063,9,,,0,16,,91087,9,,,0,17,,91044,9,,,0,56,,91077,9,,,0,15,,91054,9,,,0,16,,91080,9,,,0,16,,91062,9,,,0,56,,91089,9,,,0,15,,91045,9,,,0,16,,91075,9,,,0,15,,91060,9,,,0,57,,91081,9,,,0,16,,91069,9,,,0,14,,91088,9,,,0,56,,91047,9,,,0,12,,91072,9,,,0,16,,91056,9,,,0,15,,91083,9,,,0,15,,91064,9,,,0,56,,91092,9,,,0,15,,91048,9,,,0,15,,91073,9,,,0,55,,91057,9,,,0,15,,91082,9,,,0,16,,91065,9,,,0,14,,91091,9,,,0,56,,91046,9,,,0,15,,91074,9,,,0,17,,91058,9,,,0,15,,91084,9,,,0,56,,91066,9,,,0,17,,91042,9,,,0,17,,91090,9,,,0,18,,91097,9,,,0,52,,91076,9,,,0,13,,91059,9,,,0,14,,91085,9,,,0,15,,91067,9,,,0,52,,91041,9,,,0,13,,91094,9,,,0,14,,91050,9,,,0,23,,91086,9,,,0,60,,91068,9,,,0,20,,91095,9,,,0,20,,91052,9,,,0
2000001,'S2-2_6',642,,91098,9,,,0,80,,91099,9,,,0,79,,91100,9,,,0,30,,91138,9,,,0,21,,91102,9,,,0,60,,91101,9,,,0,20,,91103,9,,,0,20,,91104,9,,,0,59,,91106,9,,,0,18,,91105,9,,,0,20,,91111,9,,,0,60,,91109,9,,,0,17,,91113,9,,,0,19,,91107,9,,,0,59,,91112,9,,,0,21,,91108,9,,,0,17,,91110,9,,,0,58,,91119,9,,,0,18,,91116,9,,,0,20,,91117,9,,,0,20,,91118,9,,,0,58,,91115,9,,,0,17,,91114,9,,,0,19,,91120,9,,,0,61,,91121,9,,,0,20,,91123,9,,,0,19,,91122,9,,,0,60,,91124,9,,,0,20,,91125,9,,,0,21,,91126,9,,,0,60,,91128,9,,,0,19,,91127,9,,,0,19,,91129,9,,,0,59,,91130,9,,,0,19,,91131,9,,,0,19,,91132,9,,,0,57,,91133,9,,,0,19,,91134,9,,,0,23,,91135,9,,,0,64,,91136,9,,,0,23,,91137,9,,,0
2000001,'S2-3_7',813,,91156,9,,,0,40,,91139,9,,,0,80,,91140,9,,,0,80,,91141,9,,,0,40,,91142,9,,,0,80,,91143,9,,,0,80,,91144,9,,,0,40,,91145,9,,,0,80,,91147,9,,,0,80,,91146,9,,,0,40,,91148,9,,,0,80,,91149,9,,,0,80,,91150,9,,,0,40,,91151,9,,,0,80,,91153,9,,,0,80,,91152,9,,,0,40,,91154,9,,,0,80,,91155,9,,,0
2000001,'S2-4_1',638,,91209,9,,,0,64,,91186,9,,,0,13,,91167,3,,,0,3,,91169,9,,,0,16,,91194,9,,,0,18,,91177,9,,,0,54,,91212,9,,,0,14,,91159,9,,,0,14,,91187,9,,,0,15,,91171,9,,,0,56,,91195,9,,,0,15,,91179,9,,,0,16,,91203,9,,,0,17,,91160,9,,,0,56,,91193,9,,,0,15,,91170,9,,,0,16,,91196,9,,,0,16,,91178,9,,,0,56,,91205,9,,,0,15,,91161,9,,,0,16,,91191,9,,,0,15,,91176,9,,,0,57,,91197,9,,,0,16,,91185,9,,,0,14,,91204,9,,,0,56,,91163,9,,,0,12,,91188,9,,,0,16,,91172,9,,,0,15,,91199,9,,,0,15,,91180,9,,,0,56,,91208,9,,,0,15,,91164,9,,,0,15,,91189,9,,,0,55,,91173,9,,,0,15,,91198,9,,,0,16,,91181,9,,,0,14,,91207,9,,,0,56,,91162,9,,,0,15,,91190,9,,,0,17,,91174,9,,,0,15,,91200,9,,,0,56,,91182,9,,,0,17,,91158,9,,,0,17,,91206,9,,,0,18,,91213,9,,,0,52,,91192,9,,,0,13,,91175,9,,,0,14,,91201,9,,,0,15,,91183,9,,,0,52,,91157,9,,,0,13,,91210,9,,,0,14,,91166,9,,,0,23,,91202,9,,,0,60,,91184,9,,,0,20,,91211,9,,,0,20,,91168,9,,,0
2000001,'S2-4_2',638,,91266,9,,,0,64,,91243,9,,,0,13,,91224,3,,,0,3,,91226,9,,,0,16,,91251,9,,,0,18,,91234,9,,,0,54,,91269,9,,,0,14,,91216,9,,,0,14,,91244,9,,,0,15,,91228,9,,,0,56,,91252,9,,,0,15,,91236,9,,,0,16,,91260,9,,,0,17,,91217,9,,,0,56,,91250,9,,,0,15,,91227,9,,,0,16,,91253,9,,,0,16,,91235,9,,,0,56,,91262,9,,,0,15,,91218,9,,,0,16,,91248,9,,,0,15,,91233,9,,,0,57,,91254,9,,,0,16,,91242,9,,,0,14,,91261,9,,,0,56,,91220,9,,,0,12,,91245,9,,,0,16,,91229,9,,,0,15,,91256,9,,,0,15,,91237,9,,,0,56,,91265,9,,,0,15,,91221,9,,,0,15,,91246,9,,,0,55,,91230,9,,,0,15,,91255,9,,,0,16,,91238,9,,,0,14,,91264,9,,,0,56,,91219,9,,,0,15,,91247,9,,,0,17,,91231,9,,,0,15,,91257,9,,,0,56,,91239,9,,,0,17,,91215,9,,,0,17,,91263,9,,,0,18,,91270,9,,,0,52,,91249,9,,,0,13,,91232,9,,,0,14,,91258,9,,,0,15,,91240,9,,,0,52,,91214,9,,,0,13,,91267,9,,,0,14,,91223,9,,,0,23,,91259,9,,,0,60,,91241,9,,,0,20,,91268,9,,,0,20,,91225,9,,,0
2000001,'S2-4_4',638,,91323,9,,,0,64,,91300,9,,,0,13,,91281,3,,,0,3,,91283,9,,,0,16,,91308,9,,,0,18,,91291,9,,,0,54,,91326,9,,,0,14,,91273,9,,,0,14,,91301,9,,,0,15,,91285,9,,,0,56,,91309,9,,,0,15,,91293,9,,,0,16,,91317,9,,,0,17,,91274,9,,,0,56,,91307,9,,,0,15,,91284,9,,,0,16,,91310,9,,,0,16,,91292,9,,,0,56,,91319,9,,,0,15,,91275,9,,,0,16,,91305,9,,,0,15,,91290,9,,,0,57,,91311,9,,,0,16,,91299,9,,,0,14,,91318,9,,,0,56,,91277,9,,,0,12,,91302,9,,,0,16,,91286,9,,,0,15,,91313,9,,,0,15,,91294,9,,,0,56,,91322,9,,,0,15,,91278,9,,,0,15,,91303,9,,,0,55,,91287,9,,,0,15,,91312,9,,,0,16,,91295,9,,,0,14,,91321,9,,,0,56,,91276,9,,,0,15,,91304,9,,,0,17,,91288,9,,,0,15,,91314,9,,,0,56,,91296,9,,,0,17,,91272,9,,,0,17,,91320,9,,,0,18,,91327,9,,,0,52,,91306,9,,,0,13,,91289,9,,,0,14,,91315,9,,,0,15,,91297,9,,,0,52,,91271,9,,,0,13,,91324,9,,,0,14,,91280,9,,,0,23,,91316,9,,,0,60,,91298,9,,,0,20,,91325,9,,,0,20,,91282,9,,,0
3000001,'S2-0_4',651,,91893,16,,,0,60,,91852,16,,,0,20,,91853,16,,,0,22,,91854,16,,,0,60,,91855,16,,,0,20,,91856,16,,,0,20,,91857,16,,,0,60,,91858,16,,,0,20,,91859,16,,,0,20,,91860,16,,,0,60,,91861,16,,,0,20,,91862,16,,,0,20,,91863,16,,,0,59,,91864,16,,,0,19,,91865,16,,,0,21,,91866,16,,,0,60,,91867,16,,,0,21,,91868,16,,,0,20,,91869,16,,,0,59,,91870,16,,,0,19,,91871,16,,,0,20,,91872,16,,,0,61,,91873,16,,,0,20,,91874,16,,,0,20,,91875,16,,,0,61,,91876,16,,,0,22,,91877,16,,,0,21,,91878,16,,,0,59,,91879,16,,,0,19,,91880,16,,,0,23,,91881,16,,,0,62,,91882,16,,,0,19,,91883,16,,,0,20,,91884,16,,,0,56,,91885,16,,,0,18,,91886,16,,,0,22,,91887,16,,,0,60,,91888,16,,,0,22,,91889,16,,,0,66,,91890,16,,,0,28,,91891,16,,,0,71,,91892,16,,,0
3000001,'S2-0_5',651,,91942,16,,,0,60,,91901,16,,,0,20,,91902,16,,,0,22,,91903,16,,,0,60,,91904,16,,,0,20,,91905,16,,,0,20,,91906,16,,,0,60,,91907,16,,,0,20,,91908,16,,,0,20,,91909,16,,,0,60,,91910,16,,,0,20,,91911,16,,,0,20,,91912,16,,,0,59,,91913,16,,,0,19,,91914,16,,,0,21,,91915,16,,,0,60,,91916,16,,,0,21,,91917,16,,,0,20,,91918,16,,,0,59,,91919,16,,,0,19,,91920,16,,,0,20,,91921,16,,,0,61,,91922,16,,,0,20,,91923,16,,,0,20,,91924,16,,,0,61,,91925,16,,,0,22,,91926,16,,,0,21,,91927,16,,,0,59,,91928,16,,,0,19,,91929,16,,,0,23,,91930,16,,,0,62,,91931,16,,,0,19,,91932,16,,,0,20,,91933,16,,,0,56,,91934,16,,,0,18,,91935,16,,,0,22,,91936,16,,,0,60,,91937,16,,,0,22,,91938,16,,,0,66,,91939,16,,,0,28,,91940,16,,,0,71,,91941,16,,,0
3000001,'S2-1_3',651,,91991,16,,,0,60,,91950,16,,,0,20,,91951,16,,,0,22,,91952,16,,,0,60,,91953,16,,,0,20,,91954,16,,,0,20,,91955,16,,,0,60,,91956,16,,,0,20,,91957,16,,,0,20,,91958,16,,,0,60,,91959,16,,,0,20,,91960,16,,,0,20,,91961,16,,,0,59,,91962,16,,,0,19,,91963,16,,,0,21,,91964,16,,,0,60,,91965,16,,,0,21,,91966,16,,,0,20,,91967,16,,,0,59,,91968,16,,,0,19,,91969,16,,,0,20,,91970,16,,,0,61,,91971,16,,,0,20,,91972,16,,,0,20,,91973,16,,,0,61,,91974,16,,,0,22,,91975,16,,,0,21,,91976,16,,,0,59,,91977,16,,,0,19,,91978,16,,,0,23,,91979,16,,,0,62,,91980,16,,,0,19,,91981,16,,,0,20,,91982,16,,,0,56,,91983,16,,,0,18,,91984,16,,,0,22,,91985,16,,,0,60,,91986,16,,,0,22,,91987,16,,,0,66,,91988,16,,,0,28,,91989,16,,,0,71,,91990,16,,,0
3000001,'S2-2_6',644,,91999,16,,,0,81,,92000,16,,,0,84,,92001,16,,,0,37,,92002,16,,,0,61,,92003,16,,,0,19,,92004,16,,,0,21,,92005,16,,,0,60,,92006,16,,,0,20,,92007,16,,,0,20,,92008,16,,,0,60,,92009,16,,,0,19,,92010,16,,,0,21,,92011,16,,,0,61,,92012,16,,,0,19,,92013,16,,,0,19,,92014,16,,,0,60,,92015,16,,,0,20,,92016,16,,,0,20,,92017,16,,,0,61,,92018,16,,,0,20,,92019,16,,,0,20,,92020,16,,,0,61,,92021,16,,,0,20,,92022,16,,,0,20,,92023,16,,,0,60,,92024,16,,,0,20,,92025,16,,,0,21,,92026,16,,,0,60,,92027,16,,,0,20,,92028,16,,,0,19,,92029,16,,,0,59,,92030,16,,,0,20,,92031,16,,,0,20,,92032,16,,,0,58,,92033,16,,,0,32,,92035,16,,,0,67,,92036,16,,,0,30,,92034,16,,,0,69,,92037,16,,,0
3000001,'S2-3_7',850,,92038,16,,,0,170,,92046,16,,,0,130,,92045,16,,,0,170,,92044,16,,,0,130,,92041,16,,,0,170,,92042,16,,,0,130,,92043,16,,,0,170,,92040,16,,,0,130,,92039,16,,,0
3000001,'S2-4_1',651,,92088,16,,,0,60,,92047,16,,,0,20,,92048,16,,,0,22,,92049,16,,,0,60,,92050,16,,,0,20,,92051,16,,,0,20,,92052,16,,,0,60,,92053,16,,,0,20,,92054,16,,,0,20,,92055,16,,,0,60,,92056,16,,,0,20,,92057,16,,,0,20,,92058,16,,,0,59,,92059,16,,,0,19,,92060,16,,,0,21,,92061,16,,,0,60,,92062,16,,,0,21,,92063,16,,,0,20,,92064,16,,,0,59,,92065,16,,,0,19,,92066,16,,,0,20,,92067,16,,,0,61,,92068,16,,,0,20,,92069,16,,,0,20,,92070,16,,,0,61,,92071,16,,,0,22,,92072,16,,,0,21,,92073,16,,,0,59,,92074,16,,,0,19,,92075,16,,,0,23,,92076,16,,,0,62,,92077,16,,,0,19,,92078,16,,,0,20,,92079,16,,,0,56,,92080,16,,,0,18,,92081,16,,,0,22,,92082,16,,,0,60,,92083,16,,,0,22,,92084,16,,,0,66,,92085,16,,,0,28,,92086,16,,,0,71,,92087,16,,,0
3000001,'S2-4_2',651,,92137,16,,,0,60,,92096,16,,,0,20,,92097,16,,,0,22,,92098,16,,,0,60,,92099,16,,,0,20,,92100,16,,,0,20,,92101,16,,,0,60,,92102,16,,,0,20,,92103,16,,,0,20,,92104,16,,,0,60,,92105,16,,,0,20,,92106,16,,,0,20,,92107,16,,,0,59,,92108,16,,,0,19,,92109,16,,,0,21,,92110,16,,,0,60,,92111,16,,,0,21,,92112,16,,,0,20,,92113,16,,,0,59,,92114,16,,,0,19,,92115,16,,,0,20,,92116,16,,,0,61,,92117,16,,,0,20,,92118,16,,,0,20,,92119,16,,,0,61,,92120,16,,,0,22,,92121,16,,,0,21,,92122,16,,,0,59,,92123,16,,,0,19,,92124,16,,,0,23,,92125,16,,,0,62,,92126,16,,,0,19,,92127,16,,,0,20,,92128,16,,,0,56,,92129,16,,,0,18,,92130,16,,,0,22,,92131,16,,,0,60,,92132,16,,,0,22,,92133,16,,,0,66,,92134,16,,,0,28,,92135,16,,,0,71,,92136,16,,,0
3000001,'S2-4_4',651,,92186,16,,,0,60,,92145,16,,,0,20,,92146,16,,,0,22,,92147,16,,,0,60,,92148,16,,,0,20,,92149,16,,,0,20,,92150,16,,,0,60,,92151,16,,,0,20,,92152,16,,,0,20,,92153,16,,,0,60,,92154,16,,,0,20,,92155,16,,,0,20,,92156,16,,,0,59,,92157,16,,,0,19,,92158,16,,,0,21,,92159,16,,,0,60,,92160,16,,,0,21,,92161,16,,,0,20,,92162,16,,,0,59,,92163,16,,,0,19,,92164,16,,,0,20,,92165,16,,,0,61,,92166,16,,,0,20,,92167,16,,,0,20,,92168,16,,,0,61,,92169,16,,,0,22,,92170,16,,,0,21,,92171,16,,,0,59,,92172,16,,,0,19,,92173,16,,,0,23,,92174,16,,,0,62,,92175,16,,,0,19,,92176,16,,,0,20,,92177,16,,,0,56,,92178,16,,,0,18,,92179,16,,,0,22,,92180,16,,,0,60,,92181,16,,,0,22,,92182,16,,,0,66,,92183,16,,,0,28,,92184,16,,,0,71,,92185,16,,,0
