301,'S2-0_4',736,,85473,25,,,0,21,,85447,25,,,0,74,,85474,25,,,0,73,,85448,25,,,0,30,,85449,25,,,0,71,,85450,25,,,0,32,,85451,25,,,0,72,,85452,25,,,0,33,,85453,25,,,0,73,,85454,25,,,0,32,,85455,25,,,0,71,,85456,25,,,0,33,,85457,25,,,0,72,,85458,25,,,0,31,,85459,25,,,0,70,,85460,25,,,0,27,,85461,25,,,0,68,,85462,25,,,0,31,,85463,25,,,0,70,,85464,25,,,0,30,,85465,25,,,0,70,,85466,25,,,0,24,,85467,25,,,0,62,,85468,25,,,0,24,,85469,25,,,0,29,,85470,25,,,0,68,,85471,25,,,0,30,,85472,25,,,0
301,'S2-0_5',736,,85501,25,,,0,21,,85475,25,,,0,74,,85502,25,,,0,73,,85476,25,,,0,30,,85477,25,,,0,71,,85478,25,,,0,32,,85479,25,,,0,72,,85480,25,,,0,33,,85481,25,,,0,73,,85482,25,,,0,32,,85483,25,,,0,71,,85484,25,,,0,33,,85485,25,,,0,72,,85486,25,,,0,31,,85487,25,,,0,70,,85488,25,,,0,27,,85489,25,,,0,68,,85490,25,,,0,31,,85491,25,,,0,70,,85492,25,,,0,30,,85493,25,,,0,70,,85494,25,,,0,24,,85495,25,,,0,62,,85496,25,,,0,24,,85497,25,,,0,29,,85498,25,,,0,68,,85499,25,,,0,30,,85500,25,,,0
301,'S2-1_3',736,,85529,25,,,0,21,,85503,25,,,0,74,,85530,25,,,0,73,,85504,25,,,0,30,,85505,25,,,0,71,,85506,25,,,0,32,,85507,25,,,0,72,,85508,25,,,0,33,,85509,25,,,0,73,,85510,25,,,0,32,,85511,25,,,0,71,,85512,25,,,0,33,,85513,25,,,0,72,,85514,25,,,0,31,,85515,25,,,0,70,,85516,25,,,0,27,,85517,25,,,0,68,,85518,25,,,0,31,,85519,25,,,0,70,,85520,25,,,0,30,,85521,25,,,0,70,,85522,25,,,0,24,,85523,25,,,0,62,,85524,25,,,0,24,,85525,25,,,0,29,,85526,25,,,0,68,,85527,25,,,0,30,,85528,25,,,0
301,'S2-2_6',740,,85534,25,,,0,71,,85531,25,,,0,30,,85532,25,,,0,70,,85533,25,,,0,31,,85535,25,,,0,70,,85536,25,,,0,31,,85537,25,,,0,70,,85538,25,,,0,31,,85542,25,,,0,69,,85541,25,,,0,28,,85539,25,,,0,69,,85540,25,,,0,29,,85544,25,,,0,71,,85545,25,,,0,30,,85543,25,,,0,71,,85546,25,,,0,30,,85549,25,,,0,72,,85547,25,,,0,33,,85548,25,,,0,71,,85551,25,,,0,32,,85550,25,,,0,70,,85552,25,,,0,32,,85553,25,,,0,68,,85554,25,,,0,29,,85555,25,,,0,69,,85556,25,,,0,30,,85557,25,,,0,63,,85558,25,,,0
301,'S2-3_7',815,,85580,25,,,0,32,,85575,25,,,0,72,,85581,25,,,0,33,,85576,25,,,0,72,,85582,25,,,0,32,,85577,25,,,0,73,,85583,25,,,0,72,,85578,25,,,0,32,,85584,25,,,0,73,,85559,25,,,0,27,,85560,25,,,0,69,,85561,25,,,0,26,,85562,25,,,0,28,,85563,25,,,0,67,,85564,25,,,0,29,,85565,25,,,0,68,,85585,25,,,0,26,,85566,25,,,0,72,,85567,25,,,0,34,,85568,25,,,0,68,,85569,25,,,0,28,,85570,25,,,0,65,,85571,25,,,0,25,,85572,25,,,0,67,,85573,25,,,0,27,,85579,25,,,0,25,,85574,25,,,0
301,'S2-4_1',736,,85612,25,,,0,21,,85586,25,,,0,74,,85613,25,,,0,73,,85587,25,,,0,30,,85588,25,,,0,71,,85589,25,,,0,32,,85590,25,,,0,72,,85591,25,,,0,33,,85592,25,,,0,73,,85593,25,,,0,32,,85594,25,,,0,71,,85595,25,,,0,33,,85596,25,,,0,72,,85597,25,,,0,31,,85598,25,,,0,70,,85599,25,,,0,27,,85600,25,,,0,68,,85601,25,,,0,31,,85602,25,,,0,70,,85603,25,,,0,30,,85604,25,,,0,70,,85605,25,,,0,24,,85606,25,,,0,62,,85607,25,,,0,24,,85608,25,,,0,29,,85609,25,,,0,68,,85610,25,,,0,30,,85611,25,,,0
301,'S2-4_2',736,,85640,25,,,0,21,,85614,25,,,0,74,,85641,25,,,0,73,,85615,25,,,0,30,,85616,25,,,0,71,,85617,25,,,0,32,,85618,25,,,0,72,,85619,25,,,0,33,,85620,25,,,0,73,,85621,25,,,0,32,,85622,25,,,0,71,,85623,25,,,0,33,,85624,25,,,0,72,,85625,25,,,0,31,,85626,25,,,0,70,,85627,25,,,0,27,,85628,25,,,0,68,,85629,25,,,0,31,,85630,25,,,0,70,,85631,25,,,0,30,,85632,25,,,0,70,,85633,25,,,0,24,,85634,25,,,0,62,,85635,25,,,0,24,,85636,25,,,0,29,,85637,25,,,0,68,,85638,25,,,0,30,,85639,25,,,0
301,'S2-4_4',736,,85668,25,,,0,21,,85642,25,,,0,74,,85669,25,,,0,73,,85643,25,,,0,30,,85644,25,,,0,71,,85645,25,,,0,32,,85646,25,,,0,72,,85647,25,,,0,33,,85648,25,,,0,73,,85649,25,,,0,32,,85650,25,,,0,71,,85651,25,,,0,33,,85652,25,,,0,72,,85653,25,,,0,31,,85654,25,,,0,70,,85655,25,,,0,27,,85656,25,,,0,68,,85657,25,,,0,31,,85658,25,,,0,70,,85659,25,,,0,30,,85660,25,,,0,70,,85661,25,,,0,24,,85662,25,,,0,62,,85663,25,,,0,24,,85664,25,,,0,29,,85665,25,,,0,68,,85666,25,,,0,30,,85667,25,,,0
2900301,'S2-0_4',1727,,91370,11,,,0,28,,91371,11,,,0,73,,91372,11,,,0,21,,91373,11,,,0
2900301,'S2-0_5',1727,,91374,11,,,0,28,,91375,11,,,0,73,,91376,11,,,0,21,,91377,11,,,0
2900301,'S2-1_3',1727,,91378,11,,,0,28,,91379,11,,,0,73,,91380,11,,,0,21,,91381,11,,,0
2900301,'S2-4_1',1727,,91382,11,,,0,28,,91383,11,,,0,73,,91384,11,,,0,21,,91385,11,,,0
2900301,'S2-4_2',1727,,91386,11,,,0,28,,91387,11,,,0,73,,91388,11,,,0,21,,91389,11,,,0
2900301,'S2-4_4',1727,,91390,11,,,0,28,,91391,11,,,0,73,,91392,11,,,0,21,,91393,11,,,0
