400,'S2-0_4',801,,85698,5,0,23 51,0,3,,85701,39,0,40,0,448,,85699,38,,,0,452,,85702,39,0,40,0,100,,85703,39,,,0,49,,85700,38,,,0
400,'S2-0_5',801,,85732,5,0,23 51,0,3,,85735,39,0,40,0,448,,85733,38,,,0,452,,85736,39,0,40,0,100,,85737,39,,,0,49,,85734,38,,,0
400,'S2-1_3',801,,85765,5,0,23 51,0,3,,85768,39,0,40,0,448,,85766,38,,,0,452,,85769,39,0,40,0,100,,85770,39,,,0,49,,85767,38,,,0
400,'S2-4_1',801,,85831,5,0,23 51,0,3,,85834,39,0,40,0,448,,85832,38,,,0,452,,85835,39,0,40,0,100,,85836,39,,,0,49,,85833,38,,,0
400,'S2-4_2',801,,85865,5,0,23 51,0,3,,85868,39,0,40,0,448,,85866,38,,,0,452,,85869,39,0,40,0,100,,85870,39,,,0,49,,85867,38,,,0
400,'S2-4_4',801,,85899,5,0,23 51,0,3,,85902,39,0,40,0,448,,85900,38,,,0,452,,85903,39,0,40,0,100,,85904,39,,,0,49,,85901,38,,,0
401,'S2-0_4',651,,85936,8,0,52,0,587,,85927,15,0,41,0,376,,85928,15,0,41,0,100,,85929,15,,,0
401,'S2-0_5',651,,85968,8,0,52,0,587,,85959,15,0,41,0,376,,85960,15,0,41,0,100,,85961,15,,,0
401,'S2-1_3',651,,86000,8,0,52,0,587,,85991,15,0,41,0,376,,85992,15,0,41,0,100,,85993,15,,,0
401,'S2-4_1',651,,86063,8,0,52,0,587,,86054,15,0,41,0,376,,86055,15,0,41,0,100,,86056,15,,,0
401,'S2-4_2',651,,86095,8,0,52,0,587,,86086,15,0,41,0,376,,86087,15,0,41,0,100,,86088,15,,,0
401,'S2-4_4',651,,86127,8,0,52,0,587,,86118,15,0,41,0,376,,86119,15,0,41,0,100,,86120,15,,,0
