901,'S2-0_4',815,,86988,25,0,26,0,27,,86989,25,0,27 63,0,103,,86994,25,0,23 24,0,95,,86998,10,0,23 24,0,98,,86995,25,0,23 24,0,106,,86990,25,0,27 63,0,15,,86999,11,,,0,166,,86996,25,0,23 24,0,112,,86997,25,0,23 24,0,109,,86991,25,0,27 63,0,0,,87002,11,,,0,102,,86992,25,0,27 63,0,9,,87000,3,,,0,86,,86993,25,0,27 63,0,9,,87001,3,,,0,154,,87003,25,,,0
901,'S2-0_5',815,,87004,25,0,26,0,27,,87005,25,0,27 63,0,103,,87010,25,0,23 24,0,95,,87014,10,0,23 24,0,98,,87011,25,0,23 24,0,106,,87006,25,0,27 63,0,15,,87015,11,,,0,166,,87012,25,0,23 24,0,112,,87013,25,0,23 24,0,109,,87007,25,0,27 63,0,0,,87018,11,,,0,102,,87008,25,0,27 63,0,9,,87016,3,,,0,86,,87009,25,0,27 63,0,9,,87017,3,,,0,154,,87019,25,,,0
901,'S2-1_3',815,,87020,25,0,26,0,27,,87021,25,0,27 63,0,103,,87026,25,0,23 24,0,95,,87030,10,0,23 24,0,98,,87027,25,0,23 24,0,106,,87022,25,0,27 63,0,15,,87031,11,,,0,166,,87028,25,0,23 24,0,112,,87029,25,0,23 24,0,109,,87023,25,0,27 63,0,0,,87034,11,,,0,102,,87024,25,0,27 63,0,9,,87032,3,,,0,86,,87025,25,0,27 63,0,9,,87033,3,,,0,154,,87035,25,,,0
901,'S2-2_6',812,,87036,25,0,23 24,0,188,,87041,10,0,23 24,0,126,,87042,10,0,23 24,0,192,,87043,10,0,23 24,0,326,,87037,25,0,23 24,0,102,,87038,25,0,23 24,0,172,,87039,25,0,23 24,0,89,,87040,25,0,23 24,0
901,'S2-4_1',815,,87049,25,0,26,0,27,,87050,25,0,27 63,0,103,,87055,25,0,23 24,0,95,,87059,10,0,23 24,0,98,,87056,25,0,23 24,0,106,,87051,25,0,27 63,0,15,,87060,11,,,0,166,,87057,25,0,23 24,0,112,,87058,25,0,23 24,0,109,,87052,25,0,27 63,0,0,,87063,11,,,0,102,,87053,25,0,27 63,0,9,,87061,3,,,0,86,,87054,25,0,27 63,0,9,,87062,3,,,0,154,,87064,25,,,0
901,'S2-4_2',815,,87065,25,0,26,0,27,,87066,25,0,27 63,0,103,,87071,25,0,23 24,0,95,,87075,10,0,23 24,0,98,,87072,25,0,23 24,0,106,,87067,25,0,27 63,0,15,,87076,11,,,0,166,,87073,25,0,23 24,0,112,,87074,25,0,23 24,0,109,,87068,25,0,27 63,0,0,,87079,11,,,0,102,,87069,25,0,27 63,0,9,,87077,3,,,0,86,,87070,25,0,27 63,0,9,,87078,3,,,0,154,,87080,25,,,0
901,'S2-4_4',815,,87081,25,0,26,0,27,,87082,25,0,27 63,0,103,,87087,25,0,23 24,0,95,,87091,10,0,23 24,0,98,,87088,25,0,23 24,0,106,,87083,25,0,27 63,0,15,,87092,11,,,0,166,,87089,25,0,23 24,0,112,,87090,25,0,23 24,0,109,,87084,25,0,27 63,0,0,,87095,11,,,0,102,,87085,25,0,27 63,0,9,,87093,3,,,0,86,,87086,25,0,27 63,0,9,,87094,3,,,0,154,,87096,25,,,0
2900901,'S2-0_4',1753,,91479,8,,,0,105,,91480,8,,,0
2900901,'S2-0_5',1753,,91481,8,,,0,105,,91482,8,,,0
2900901,'S2-1_3',1753,,91483,8,,,0,105,,91484,8,,,0
2900901,'S2-4_1',1753,,91485,8,,,0,105,,91486,8,,,0
2900901,'S2-4_2',1753,,91487,8,,,0,105,,91488,8,,,0
2900901,'S2-4_4',1753,,91489,8,,,0,105,,91490,8,,,0
