100,'S2-0_4',712,,84209,22,0,61 8,0,14,,84206,22,0,61 8,0,16,,84210,22,0,61 8,0,15,,84197,22,,,0,55,,84216,22,0,61 8,0,20,,84207,22,0,9 10,0,10,,84211,22,0,61 8,0,67,,84198,22,0,61 8,0,38,,84212,22,0,61 8,0,78,,84199,22,0,61 8,0,80,,84213,22,0,61 8,0,38,,84200,22,0,61 8,0,59,,84217,22,,,0,25,,84218,22,,,0,30,,84201,22,0,61 8,0,65,,84214,22,0,61 8,0,25,,84202,22,0,61 8,0,75,,84215,22,0,61 8,0,80,,84203,22,0,61 8,0,24,,84219,22,,,0,76,,84226,6,0,9 10,0,20,,84220,22,,,0,33,,84221,22,,,0,50,,84204,22,0,61 8,0,11,,84227,6,0,9 10,0,2,,84228,6,,,0,7,,84222,22,,,0,22,,84205,22,0,61 8,0,54,,84223,22,,,0,6,,84229,6,,,0,20,,84195,22,,,0,76,,84224,22,0,61 8,0,34,,84196,22,,,0
100,'S2-0_5',712,,84244,22,0,61 8,0,14,,84241,22,0,61 8,0,16,,84245,22,0,61 8,0,15,,84232,22,,,0,55,,84251,22,0,61 8,0,20,,84242,22,0,9 10,0,10,,84246,22,0,61 8,0,67,,84233,22,0,61 8,0,38,,84247,22,0,61 8,0,78,,84234,22,0,61 8,0,80,,84248,22,0,61 8,0,38,,84235,22,0,61 8,0,59,,84252,22,,,0,25,,84253,22,,,0,30,,84236,22,0,61 8,0,65,,84249,22,0,61 8,0,25,,84237,22,0,61 8,0,75,,84250,22,0,61 8,0,80,,84238,22,0,61 8,0,24,,84254,22,,,0,76,,84261,6,0,9 10,0,20,,84255,22,,,0,33,,84256,22,,,0,50,,84239,22,0,61 8,0,11,,84262,6,0,9 10,0,2,,84263,6,,,0,7,,84257,22,,,0,22,,84240,22,0,61 8,0,54,,84258,22,,,0,6,,84264,6,,,0,20,,84230,22,,,0,76,,84259,22,0,61 8,0,34,,84231,22,,,0
100,'S2-1_3',712,,84279,22,0,61 8,0,14,,84276,22,0,61 8,0,16,,84280,22,0,61 8,0,15,,84267,22,,,0,55,,84286,22,0,61 8,0,20,,84277,22,0,9 10,0,10,,84281,22,0,61 8,0,67,,84268,22,0,61 8,0,38,,84282,22,0,61 8,0,78,,84269,22,0,61 8,0,80,,84283,22,0,61 8,0,38,,84270,22,0,61 8,0,59,,84287,22,,,0,6,,84299,6,0,9 10,0,4,,84296,6,0,9 10,0,5,,84297,6,0,9 10,0,10,,84288,22,,,0,30,,84271,22,0,61 8,0,65,,84284,22,0,61 8,0,25,,84272,22,0,61 8,0,75,,84285,22,0,61 8,0,80,,84273,22,0,61 8,0,24,,84289,22,,,0,76,,84278,22,0,61 8,0,20,,84290,22,,,0,33,,84291,22,,,0,50,,84274,22,0,61 8,0,20,,84292,22,,,0,22,,84275,22,0,61 8,0,54,,84293,22,,,0,26,,84265,22,,,0,76,,84294,22,0,61 8,0,34,,84266,22,,,0
100,'S2-2_6',714,,84300,22,0,61 8,0,110,,84312,22,0,61 8,0,95,,84301,22,0,61 8,0,30,,84313,22,0,61 8,0,69,,84302,22,0,61 8,0,33,,84314,22,0,61 8,0,70,,84303,22,0,61 8,0,29,,84315,22,0,61 8,0,71,,84304,22,0,61 8,0,28,,84316,22,0,61 8,0,70,,84305,22,0,61 8,0,30,,84317,22,0,61 8,0,70,,84306,22,0,61 8,0,31,,84318,22,0,61 8,0,69,,84307,22,0,61 8,0,31,,84319,22,0,61 8,0,71,,84308,22,0,61 8,0,31,,84320,22,0,61 8,0,73,,84309,22,0,61 8,0,28,,84321,22,0,61 8,0,70,,84310,22,0,61 8,0,31,,84322,22,0,61 8,0,69,,84311,22,0,61 8,0
100,'S2-3_7',918,,84323,22,0,61 8,0,105,,84328,22,0,61 8,0,106,,84324,22,0,61 8,0,104,,84329,22,0,61 8,0,90,,84325,22,0,61 8,0,100,,84330,22,0,61 8,0,105,,84326,22,0,61 8,0,105,,84331,22,0,61 8,0,105,,84327,22,0,61 8,0,105,,84332,22,0,61 8,0
100,'S2-4_1',712,,84347,22,0,61 8,0,14,,84344,22,0,61 8,0,16,,84348,22,0,61 8,0,15,,84335,22,,,0,55,,84354,22,0,61 8,0,20,,84345,22,0,9 10,0,10,,84349,22,0,61 8,0,67,,84336,22,0,61 8,0,38,,84350,22,0,61 8,0,78,,84337,22,0,61 8,0,80,,84351,22,0,61 8,0,38,,84338,22,0,61 8,0,59,,84355,22,,,0,25,,84356,22,,,0,30,,84339,22,0,61 8,0,65,,84352,22,0,61 8,0,25,,84340,22,0,61 8,0,75,,84353,22,0,61 8,0,80,,84341,22,0,61 8,0,24,,84357,22,,,0,76,,84364,6,0,9 10,0,20,,84358,22,,,0,33,,84359,22,,,0,50,,84342,22,0,61 8,0,11,,84365,6,0,9 10,0,2,,84366,6,,,0,7,,84360,22,,,0,22,,84343,22,0,61 8,0,54,,84361,22,,,0,6,,84367,6,,,0,20,,84333,22,,,0,76,,84362,22,0,61 8,0,34,,84334,22,,,0
100,'S2-4_2',712,,84382,22,0,61 8,0,14,,84379,22,0,61 8,0,16,,84383,22,0,61 8,0,15,,84370,22,,,0,55,,84389,22,0,61 8,0,20,,84380,22,0,9 10,0,10,,84384,22,0,61 8,0,67,,84371,22,0,61 8,0,38,,84385,22,0,61 8,0,78,,84372,22,0,61 8,0,80,,84386,22,0,61 8,0,38,,84373,22,0,61 8,0,59,,84390,22,,,0,25,,84391,22,,,0,30,,84374,22,0,61 8,0,65,,84387,22,0,61 8,0,25,,84375,22,0,61 8,0,75,,84388,22,0,61 8,0,80,,84376,22,0,61 8,0,24,,84392,22,,,0,76,,84399,6,0,9 10,0,20,,84393,22,,,0,33,,84394,22,,,0,50,,84377,22,0,61 8,0,11,,84400,6,0,9 10,0,2,,84401,6,,,0,7,,84395,22,,,0,22,,84378,22,0,61 8,0,54,,84396,22,,,0,6,,84402,6,,,0,20,,84368,22,,,0,76,,84397,22,0,61 8,0,34,,84369,22,,,0
100,'S2-4_4',712,,84417,22,0,61 8,0,14,,84414,22,0,61 8,0,16,,84418,22,0,61 8,0,15,,84405,22,,,0,55,,84424,22,0,61 8,0,20,,84415,22,0,9 10,0,10,,84419,22,0,61 8,0,67,,84406,22,0,61 8,0,38,,84420,22,0,61 8,0,78,,84407,22,0,61 8,0,80,,84421,22,0,61 8,0,38,,84408,22,0,61 8,0,59,,84425,22,,,0,25,,84426,22,,,0,30,,84409,22,0,61 8,0,65,,84422,22,0,61 8,0,25,,84410,22,0,61 8,0,75,,84423,22,0,61 8,0,80,,84411,22,0,61 8,0,24,,84427,22,,,0,76,,84434,6,0,9 10,0,20,,84428,22,,,0,33,,84429,22,,,0,50,,84412,22,0,61 8,0,11,,84435,6,0,9 10,0,2,,84436,6,,,0,7,,84430,22,,,0,22,,84413,22,0,61 8,0,54,,84431,22,,,0,6,,84437,6,,,0,20,,84403,22,,,0,76,,84432,22,0,61 8,0,34,,84404,22,,,0
300,'S2-0_4',717,,85225,32,,,0,25,,85226,32,,,0,70,,85227,32,,,0,23,,85228,32,,,0,65,,85229,32,,,0,30,,85230,32,,,0,72,,85231,32,,,0,32,,85232,32,,,0,71,,85233,32,,,0,32,,85234,32,,,0,72,,85235,32,,,0,32,,85236,32,,,0,73,,85237,32,,,0,33,,85238,32,,,0,72,,85239,32,,,0,33,,85240,32,,,0,72,,85241,32,,,0,34,,85242,32,,,0,69,,85244,32,,,0,27,,85245,32,,,0,68,,85246,32,,,0,28,,85247,32,,,0,68,,85248,32,,,0,30,,85252,32,,,0,71,,85249,32,,,0,31,,85250,32,,,0,73,,85251,32,,,0,30,,85243,32,,,0
300,'S2-0_5',717,,85253,32,,,0,25,,85254,32,,,0,70,,85255,32,,,0,23,,85256,32,,,0,65,,85257,32,,,0,30,,85258,32,,,0,72,,85259,32,,,0,32,,85260,32,,,0,71,,85261,32,,,0,32,,85262,32,,,0,72,,85263,32,,,0,32,,85264,32,,,0,73,,85265,32,,,0,33,,85266,32,,,0,72,,85267,32,,,0,33,,85268,32,,,0,72,,85269,32,,,0,34,,85270,32,,,0,69,,85272,32,,,0,27,,85273,32,,,0,68,,85274,32,,,0,28,,85275,32,,,0,68,,85276,32,,,0,30,,85280,32,,,0,71,,85277,32,,,0,31,,85278,32,,,0,73,,85279,32,,,0,30,,85271,32,,,0
300,'S2-1_3',717,,85281,32,,,0,25,,85282,32,,,0,70,,85283,32,,,0,23,,85284,32,,,0,65,,85285,32,,,0,30,,85286,32,,,0,72,,85287,32,,,0,32,,85288,32,,,0,71,,85289,32,,,0,32,,85290,32,,,0,72,,85291,32,,,0,32,,85292,32,,,0,73,,85293,32,,,0,33,,85294,32,,,0,72,,85295,32,,,0,33,,85296,32,,,0,72,,85297,32,,,0,34,,85298,32,,,0,69,,85300,32,,,0,27,,85301,32,,,0,68,,85302,32,,,0,28,,85303,32,,,0,68,,85304,32,,,0,30,,85308,32,,,0,71,,85305,32,,,0,31,,85306,32,,,0,73,,85307,32,,,0,30,,85299,32,,,0
300,'S2-2_6',714,,85309,32,,,0,30,,85311,32,,,0,70,,85312,32,,,0,30,,85310,32,,,0,70,,85314,32,,,0,29,,85315,32,,,0,69,,85313,32,,,0,31,,85316,32,,,0,70,,85317,32,,,0,30,,85320,32,,,0,69,,85319,32,,,0,29,,85318,32,,,0,68,,85322,32,,,0,30,,85321,32,,,0,70,,85323,32,,,0,30,,85324,32,,,0,72,,85325,32,,,0,32,,85326,32,,,0,71,,85327,32,,,0,31,,85328,32,,,0,72,,85329,32,,,0,32,,85330,32,,,0,70,,85331,32,,,0,31,,85336,32,,,0,71,,85332,32,,,0,30,,85333,32,,,0,64,,85334,32,,,0,30,,85335,32,,,0
300,'S2-3_7',920,,85359,32,,,0,33,,85360,32,,,0,75,,85361,32,,,0,74,,85362,32,,,0,32,,85353,32,,,0,72,,85358,32,,,0,33,,85357,32,,,0,72,,85356,32,,,0,33,,85355,32,,,0,72,,85337,32,,,0,28,,85338,32,,,0,69,,85339,32,,,0,28,,85340,32,,,0,68,,85341,32,,,0,30,,85342,32,,,0,72,,85343,32,,,0,28,,85344,32,,,0,67,,85345,32,,,0,28,,85346,32,,,0,69,,85347,32,,,0,27,,85348,32,,,0,26,,85349,32,,,0,65,,85350,32,,,0,23,,85351,32,,,0,64,,85354,32,,,0,24,,85352,32,,,0
300,'S2-4_1',717,,85363,32,,,0,25,,85364,32,,,0,70,,85365,32,,,0,23,,85366,32,,,0,65,,85367,32,,,0,30,,85368,32,,,0,72,,85369,32,,,0,32,,85370,32,,,0,71,,85371,32,,,0,32,,85372,32,,,0,72,,85373,32,,,0,32,,85374,32,,,0,73,,85375,32,,,0,33,,85376,32,,,0,72,,85377,32,,,0,33,,85378,32,,,0,72,,85379,32,,,0,34,,85380,32,,,0,69,,85382,32,,,0,27,,85383,32,,,0,68,,85384,32,,,0,28,,85385,32,,,0,68,,85386,32,,,0,30,,85390,32,,,0,71,,85387,32,,,0,31,,85388,32,,,0,73,,85389,32,,,0,30,,85381,32,,,0
300,'S2-4_2',717,,85391,32,,,0,25,,85392,32,,,0,70,,85393,32,,,0,23,,85394,32,,,0,65,,85395,32,,,0,30,,85396,32,,,0,72,,85397,32,,,0,32,,85398,32,,,0,71,,85399,32,,,0,32,,85400,32,,,0,72,,85401,32,,,0,32,,85402,32,,,0,73,,85403,32,,,0,33,,85404,32,,,0,72,,85405,32,,,0,33,,85406,32,,,0,72,,85407,32,,,0,34,,85408,32,,,0,69,,85410,32,,,0,27,,85411,32,,,0,68,,85412,32,,,0,28,,85413,32,,,0,68,,85414,32,,,0,30,,85418,32,,,0,71,,85415,32,,,0,31,,85416,32,,,0,73,,85417,32,,,0,30,,85409,32,,,0
300,'S2-4_4',717,,85419,32,,,0,25,,85420,32,,,0,70,,85421,32,,,0,23,,85422,32,,,0,65,,85423,32,,,0,30,,85424,32,,,0,72,,85425,32,,,0,32,,85426,32,,,0,71,,85427,32,,,0,32,,85428,32,,,0,72,,85429,32,,,0,32,,85430,32,,,0,73,,85431,32,,,0,33,,85432,32,,,0,72,,85433,32,,,0,33,,85434,32,,,0,72,,85435,32,,,0,34,,85436,32,,,0,69,,85438,32,,,0,27,,85439,32,,,0,68,,85440,32,,,0,28,,85441,32,,,0,68,,85442,32,,,0,30,,85446,32,,,0,71,,85443,32,,,0,31,,85444,32,,,0,73,,85445,32,,,0,30,,85437,32,,,0
700,'S2-0_4',709,,86558,6,,,0,110,,86560,6,,,0,110,,86561,6,,,0,110,,86562,6,,,0,110,,86563,6,,,0,110,,86564,6,,,0,150,,86565,6,,,0,110,,86566,6,,,0,110,,86567,6,,,0,110,,86568,6,,,0,110,,86559,6,,,0
700,'S2-0_5',709,,86569,6,,,0,110,,86571,6,,,0,110,,86572,6,,,0,110,,86573,6,,,0,110,,86574,6,,,0,110,,86575,6,,,0,150,,86576,6,,,0,110,,86577,6,,,0,110,,86578,6,,,0,110,,86579,6,,,0,110,,86570,6,,,0
700,'S2-1_3',709,,86580,6,,,0,110,,86582,6,,,0,110,,86583,6,,,0,110,,86584,6,,,0,110,,86585,6,,,0,110,,86586,6,,,0,150,,86587,6,,,0,110,,86588,6,,,0,110,,86589,6,,,0,110,,86590,6,,,0,110,,86581,6,,,0
700,'S2-2_6',712,,86593,6,,,0,110,,86594,6,,,0,109,,86595,6,,,0,110,,86596,6,,,0,110,,86597,6,,,0,150,,86598,6,,,0,110,,86599,6,,,0,110,,86600,6,,,0,110,,86601,6,,,0,110,,86591,6,,,0,111,,86592,6,,,0
700,'S2-4_1',709,,86602,6,,,0,110,,86604,6,,,0,110,,86605,6,,,0,110,,86606,6,,,0,110,,86607,6,,,0,110,,86608,6,,,0,150,,86609,6,,,0,110,,86610,6,,,0,110,,86611,6,,,0,110,,86612,6,,,0,110,,86603,6,,,0
700,'S2-4_2',709,,86613,6,,,0,110,,86615,6,,,0,110,,86616,6,,,0,110,,86617,6,,,0,110,,86618,6,,,0,110,,86619,6,,,0,150,,86620,6,,,0,110,,86621,6,,,0,110,,86622,6,,,0,110,,86623,6,,,0,110,,86614,6,,,0
700,'S2-4_4',709,,86624,6,,,0,110,,86626,6,,,0,110,,86627,6,,,0,110,,86628,6,,,0,110,,86629,6,,,0,110,,86630,6,,,0,150,,86631,6,,,0,110,,86632,6,,,0,110,,86633,6,,,0,110,,86634,6,,,0,110,,86625,6,,,0
800,'S2-0_4',712,,86712,20,,,0,33,,86713,20,,,0,67,,86714,20,,,0,30,,86715,20,,,0,80,,86716,20,,,0,110,,86717,20,,,0,117,,86718,20,,,0,151,,86719,20,,,0,111,,86720,20,,,0,112,,86722,20,,,0,110,,86721,20,,,0
800,'S2-0_5',712,,86723,20,,,0,33,,86724,20,,,0,67,,86725,20,,,0,30,,86726,20,,,0,80,,86727,20,,,0,110,,86728,20,,,0,117,,86729,20,,,0,151,,86730,20,,,0,111,,86731,20,,,0,112,,86733,20,,,0,110,,86732,20,,,0
800,'S2-1_3',712,,86734,20,,,0,33,,86735,20,,,0,67,,86736,20,,,0,30,,86737,20,,,0,80,,86738,20,,,0,110,,86739,20,,,0,117,,86740,20,,,0,151,,86741,20,,,0,111,,86742,20,,,0,112,,86744,20,,,0,110,,86743,20,,,0
800,'S2-4_1',712,,86745,20,,,0,33,,86746,20,,,0,67,,86747,20,,,0,30,,86748,20,,,0,80,,86749,20,,,0,110,,86750,20,,,0,117,,86751,20,,,0,151,,86752,20,,,0,111,,86753,20,,,0,112,,86755,20,,,0,110,,86754,20,,,0
800,'S2-4_2',712,,86756,20,,,0,33,,86757,20,,,0,67,,86758,20,,,0,30,,86759,20,,,0,80,,86760,20,,,0,110,,86761,20,,,0,117,,86762,20,,,0,151,,86763,20,,,0,111,,86764,20,,,0,112,,86766,20,,,0,110,,86765,20,,,0
800,'S2-4_4',712,,86767,20,,,0,33,,86768,20,,,0,67,,86769,20,,,0,30,,86770,20,,,0,80,,86771,20,,,0,110,,86772,20,,,0,117,,86773,20,,,0,151,,86774,20,,,0,111,,86775,20,,,0,112,,86777,20,,,0,110,,86776,20,,,0
2200,'S2-0_4',718,,88004,16,0,11 15 16,0,120,,88005,16,0,11 15 16,0,882,,88006,16,0,11 15 16,0
2200,'S2-0_5',718,,88011,16,0,11 15 16,0,120,,88012,16,0,11 15 16,0,882,,88013,16,0,11 15 16,0
2200,'S2-1_3',718,,88018,16,0,11 15 16,0,120,,88019,16,0,11 15 16,0,882,,88020,16,0,11 15 16,0
2200,'S2-4_1',718,,88023,16,0,11 15 16,0,120,,88024,16,0,11 15 16,0,882,,88025,16,0,11 15 16,0
2200,'S2-4_2',718,,88030,16,0,11 15 16,0,120,,88031,16,0,11 15 16,0,882,,88032,16,0,11 15 16,0
2200,'S2-4_4',718,,88037,16,0,11 15 16,0,120,,88038,16,0,11 15 16,0,882,,88039,16,0,11 15 16,0
2000000,'S2-0_4',649,,90554,11,,,0,62,,90536,11,,,0,17,,90564,11,,,0,15,,90520,11,,,0,15,,90547,11,,,0,55,,90529,11,,,0,15,,90556,11,,,0,15,,90539,11,,,0,16,,90567,11,,,0,56,,90521,11,,,0,16,,90552,11,,,0,15,,90530,11,,,0,56,,90557,11,,,0,15,,90537,11,,,0,16,,90565,11,,,0,16,,90522,11,,,0,56,,90553,11,,,0,15,,90531,11,,,0,16,,90558,11,,,0,17,,90538,11,,,0,54,,90568,11,,,0,17,,90523,11,,,0,13,,90546,11,,,0,16,,90532,11,,,0,55,,90555,11,,,0,15,,90540,11,,,0,15,,90566,11,,,0,15,,90525,11,,,0,55,,90548,11,,,0,15,,90535,11,,,0,15,,90560,11,,,0,15,,90541,11,,,0,55,,90569,11,,,0,15,,90526,11,,,0,15,,90549,11,,,0,16,,90534,11,,,0,47,,90517,9,0,9 10,0,8,,90559,11,,,0,14,,90542,11,,,0,16,,90518,11,,,0,15,,90570,11,,,0,55,,90516,9,0,9 10,0,3,,90524,11,,,0,14,,90551,11,,,0,16,,90533,11,,,0,15,,90561,11,,,0,50,,90573,9,0,9 10,0,6,,90544,11,,,0,13,,90519,11,,,0,14,,90571,11,,,0,15,,90527,11,,,0,54,,90550,11,,,0,14,,90562,11,,,0,19,,90543,11,,,0,62,,90572,11,,,0,20,,90528,11,,,0,19,,90563,11,,,0,61,,90545,11,,,0
2000000,'S2-0_5',649,,90613,11,,,0,62,,90595,11,,,0,17,,90623,11,,,0,15,,90579,11,,,0,15,,90606,11,,,0,55,,90588,11,,,0,15,,90615,11,,,0,15,,90598,11,,,0,16,,90626,11,,,0,56,,90580,11,,,0,16,,90611,11,,,0,15,,90589,11,,,0,56,,90616,11,,,0,15,,90596,11,,,0,16,,90624,11,,,0,16,,90581,11,,,0,56,,90612,11,,,0,15,,90590,11,,,0,16,,90617,11,,,0,17,,90597,11,,,0,54,,90627,11,,,0,17,,90582,11,,,0,13,,90605,11,,,0,16,,90591,11,,,0,55,,90614,11,,,0,15,,90599,11,,,0,15,,90625,11,,,0,15,,90584,11,,,0,55,,90607,11,,,0,15,,90594,11,,,0,15,,90619,11,,,0,15,,90600,11,,,0,55,,90628,11,,,0,15,,90585,11,,,0,15,,90608,11,,,0,16,,90593,11,,,0,47,,90576,9,0,9 10,0,8,,90618,11,,,0,14,,90601,11,,,0,16,,90577,11,,,0,15,,90629,11,,,0,55,,90575,9,0,9 10,0,3,,90583,11,,,0,14,,90610,11,,,0,16,,90592,11,,,0,15,,90620,11,,,0,50,,90632,9,0,9 10,0,6,,90603,11,,,0,13,,90578,11,,,0,14,,90630,11,,,0,15,,90586,11,,,0,54,,90609,11,,,0,14,,90621,11,,,0,19,,90602,11,,,0,62,,90631,11,,,0,20,,90587,11,,,0,19,,90622,11,,,0,61,,90604,11,,,0
2000000,'S2-1_3',649,,90671,11,,,0,62,,90653,11,,,0,17,,90681,11,,,0,15,,90637,11,,,0,15,,90664,11,,,0,55,,90646,11,,,0,15,,90673,11,,,0,15,,90656,11,,,0,16,,90684,11,,,0,56,,90638,11,,,0,16,,90669,11,,,0,15,,90647,11,,,0,56,,90674,11,,,0,15,,90654,11,,,0,16,,90682,11,,,0,16,,90639,11,,,0,56,,90670,11,,,0,15,,90648,11,,,0,16,,90675,11,,,0,17,,90655,11,,,0,54,,90685,11,,,0,9,,90690,9,0,9 10,0,3,,90634,9,0,9 10,0,2,,90633,9,0,9 10,0,3,,90640,11,,,0,13,,90663,11,,,0,16,,90649,11,,,0,55,,90672,11,,,0,15,,90657,11,,,0,15,,90683,11,,,0,15,,90642,11,,,0,55,,90665,11,,,0,15,,90652,11,,,0,15,,90677,11,,,0,15,,90658,11,,,0,55,,90686,11,,,0,15,,90643,11,,,0,15,,90666,11,,,0,16,,90651,11,,,0,55,,90676,11,,,0,14,,90659,11,,,0,16,,90635,11,,,0,15,,90687,11,,,0,58,,90641,11,,,0,14,,90668,11,,,0,16,,90650,11,,,0,15,,90678,11,,,0,56,,90661,11,,,0,13,,90636,11,,,0,14,,90688,11,,,0,15,,90644,11,,,0,54,,90667,11,,,0,14,,90679,11,,,0,19,,90660,11,,,0,62,,90689,11,,,0,20,,90645,11,,,0,19,,90680,11,,,0,61,,90662,11,,,0
2000000,'S2-2_6',646,,90691,11,,,0,81,,90692,11,,,0,79,,90693,11,,,0,30,,90694,11,,,0,20,,90695,11,,,0,60,,90696,11,,,0,18,,90697,11,,,0,18,,90698,11,,,0,59,,90699,11,,,0,20,,90700,11,,,0,19,,90701,11,,,0,59,,90702,11,,,0,19,,90703,11,,,0,20,,90704,11,,,0,58,,90705,11,,,0,19,,90706,11,,,0,18,,90707,11,,,0,59,,90708,11,,,0,19,,90709,11,,,0,19,,90710,11,,,0,18,,90711,11,,,0,59,,90712,11,,,0,20,,90713,11,,,0,20,,90714,11,,,0,59,,90715,11,,,0,19,,90716,11,,,0,20,,90717,11,,,0,60,,90718,11,,,0,20,,90719,11,,,0,20,,90720,11,,,0,59,,90721,11,,,0,20,,90722,11,,,0,20,,90723,11,,,0,60,,90724,11,,,0,18,,90725,11,,,0,20,,90726,11,,,0,64,,90727,11,,,0,25,,90728,11,,,0,65,,90729,11,,,0,24,,90730,11,,,0,25,,90731,11,,,0
2000000,'S2-3_7',822,,90732,11,,,0,80,,90733,11,,,0,40,,90734,11,,,0,80,,90735,11,,,0,80,,90736,11,,,0,40,,90737,11,,,0,80,,90738,11,,,0,80,,90739,11,,,0,40,,90740,11,,,0,80,,90741,11,,,0,80,,90742,11,,,0,40,,90743,11,,,0,80,,90744,11,,,0,80,,90745,11,,,0,40,,90746,11,,,0,80,,90747,11,,,0,80,,90748,11,,,0,40,,90749,11,,,0
2000000,'S2-4_1',649,,90789,11,,,0,62,,90771,11,,,0,17,,90799,11,,,0,15,,90755,11,,,0,15,,90782,11,,,0,55,,90764,11,,,0,15,,90791,11,,,0,15,,90774,11,,,0,16,,90802,11,,,0,56,,90756,11,,,0,16,,90787,11,,,0,15,,90765,11,,,0,56,,90792,11,,,0,15,,90772,11,,,0,16,,90800,11,,,0,16,,90757,11,,,0,56,,90788,11,,,0,15,,90766,11,,,0,16,,90793,11,,,0,17,,90773,11,,,0,54,,90803,11,,,0,17,,90758,11,,,0,13,,90781,11,,,0,16,,90767,11,,,0,55,,90790,11,,,0,15,,90775,11,,,0,15,,90801,11,,,0,15,,90760,11,,,0,55,,90783,11,,,0,15,,90770,11,,,0,15,,90795,11,,,0,15,,90776,11,,,0,55,,90804,11,,,0,15,,90761,11,,,0,15,,90784,11,,,0,16,,90769,11,,,0,47,,90752,9,0,9 10,0,8,,90794,11,,,0,14,,90777,11,,,0,16,,90753,11,,,0,15,,90805,11,,,0,55,,90751,9,0,9 10,0,3,,90759,11,,,0,14,,90786,11,,,0,16,,90768,11,,,0,15,,90796,11,,,0,50,,90808,9,0,9 10,0,6,,90779,11,,,0,13,,90754,11,,,0,14,,90806,11,,,0,15,,90762,11,,,0,54,,90785,11,,,0,14,,90797,11,,,0,19,,90778,11,,,0,62,,90807,11,,,0,20,,90763,11,,,0,19,,90798,11,,,0,61,,90780,11,,,0
2000000,'S2-4_2',649,,90848,11,,,0,62,,90830,11,,,0,17,,90858,11,,,0,15,,90814,11,,,0,15,,90841,11,,,0,55,,90823,11,,,0,15,,90850,11,,,0,15,,90833,11,,,0,16,,90861,11,,,0,56,,90815,11,,,0,16,,90846,11,,,0,15,,90824,11,,,0,56,,90851,11,,,0,15,,90831,11,,,0,16,,90859,11,,,0,16,,90816,11,,,0,56,,90847,11,,,0,15,,90825,11,,,0,16,,90852,11,,,0,17,,90832,11,,,0,54,,90862,11,,,0,17,,90817,11,,,0,13,,90840,11,,,0,16,,90826,11,,,0,55,,90849,11,,,0,15,,90834,11,,,0,15,,90860,11,,,0,15,,90819,11,,,0,55,,90842,11,,,0,15,,90829,11,,,0,15,,90854,11,,,0,15,,90835,11,,,0,55,,90863,11,,,0,15,,90820,11,,,0,15,,90843,11,,,0,16,,90828,11,,,0,47,,90811,9,0,9 10,0,8,,90853,11,,,0,14,,90836,11,,,0,16,,90812,11,,,0,15,,90864,11,,,0,55,,90810,9,0,9 10,0,3,,90818,11,,,0,14,,90845,11,,,0,16,,90827,11,,,0,15,,90855,11,,,0,50,,90867,9,0,9 10,0,6,,90838,11,,,0,13,,90813,11,,,0,14,,90865,11,,,0,15,,90821,11,,,0,54,,90844,11,,,0,14,,90856,11,,,0,19,,90837,11,,,0,62,,90866,11,,,0,20,,90822,11,,,0,19,,90857,11,,,0,61,,90839,11,,,0
2000000,'S2-4_4',649,,90907,11,,,0,62,,90889,11,,,0,17,,90917,11,,,0,15,,90873,11,,,0,15,,90900,11,,,0,55,,90882,11,,,0,15,,90909,11,,,0,15,,90892,11,,,0,16,,90920,11,,,0,56,,90874,11,,,0,16,,90905,11,,,0,15,,90883,11,,,0,56,,90910,11,,,0,15,,90890,11,,,0,16,,90918,11,,,0,16,,90875,11,,,0,56,,90906,11,,,0,15,,90884,11,,,0,16,,90911,11,,,0,17,,90891,11,,,0,54,,90921,11,,,0,17,,90876,11,,,0,13,,90899,11,,,0,16,,90885,11,,,0,55,,90908,11,,,0,15,,90893,11,,,0,15,,90919,11,,,0,15,,90878,11,,,0,55,,90901,11,,,0,15,,90888,11,,,0,15,,90913,11,,,0,15,,90894,11,,,0,55,,90922,11,,,0,15,,90879,11,,,0,15,,90902,11,,,0,16,,90887,11,,,0,47,,90870,9,0,9 10,0,8,,90912,11,,,0,14,,90895,11,,,0,16,,90871,11,,,0,15,,90923,11,,,0,55,,90869,9,0,9 10,0,3,,90877,11,,,0,14,,90904,11,,,0,16,,90886,11,,,0,15,,90914,11,,,0,50,,90926,9,0,9 10,0,6,,90897,11,,,0,13,,90872,11,,,0,14,,90924,11,,,0,15,,90880,11,,,0,54,,90903,11,,,0,14,,90915,11,,,0,19,,90896,11,,,0,62,,90925,11,,,0,20,,90881,11,,,0,19,,90916,11,,,0,61,,90898,11,,,0
