601,'S2-0_4',631,,86435,21,,,0,108,,86448,21,,,0,95,,86436,21,,,0,102,,86437,21,,,0,99,,86438,21,,,0,100,,86439,21,,,0,106,,86452,21,,,0,59,,86440,21,,,0,42,,86441,21,,,0,103,,86442,21,,,0,95,,86443,21,,,0,82,,86449,21,,,0,78,,86444,22,,,0,40,,86450,21,,,0,67,,86445,22,,,0,27,,86451,22,,,0,25,,86446,21,,,0,95,,86447,21,,,0
601,'S2-0_5',631,,86453,21,,,0,108,,86466,21,,,0,95,,86454,21,,,0,102,,86455,21,,,0,99,,86456,21,,,0,100,,86457,21,,,0,106,,86470,21,,,0,59,,86458,21,,,0,42,,86459,21,,,0,103,,86460,21,,,0,95,,86461,21,,,0,82,,86467,21,,,0,78,,86462,22,,,0,40,,86468,21,,,0,67,,86463,22,,,0,27,,86469,22,,,0,25,,86464,21,,,0,95,,86465,21,,,0
601,'S2-1_3',631,,86471,21,,,0,108,,86485,21,,,0,95,,86472,21,,,0,102,,86473,21,,,0,99,,86474,21,,,0,100,,86475,21,,,0,106,,86476,22,,,0,59,,86477,21,,,0,42,,86478,21,,,0,103,,86479,21,,,0,95,,86480,21,,,0,82,,86486,21,,,0,78,,86481,22,,,0,40,,86487,21,,,0,67,,86482,22,,,0,27,,86488,22,,,0,25,,86483,21,,,0,95,,86484,21,,,0
601,'S2-2_6',800,,86489,21,,,0,50,,86491,21,,,0,96,,86492,21,,,0,92,,86493,21,,,0,89,,86494,21,,,0,88,,86495,21,,,0,88,,86496,21,,,0,49,,86497,21,,,0,90,,86498,21,,,0,88,,86499,21,,,0,100,,86500,21,,,0,92,,86501,21,,,0,93,,86502,21,,,0,85,,86503,21,,,0,50,,86490,21,,,0
601,'S2-4_1',631,,86504,21,,,0,108,,86517,21,,,0,95,,86505,21,,,0,102,,86506,21,,,0,99,,86507,21,,,0,100,,86508,21,,,0,106,,86521,21,,,0,59,,86509,21,,,0,42,,86510,21,,,0,103,,86511,21,,,0,95,,86512,21,,,0,82,,86518,21,,,0,78,,86513,22,,,0,40,,86519,21,,,0,67,,86514,22,,,0,27,,86520,22,,,0,25,,86515,21,,,0,95,,86516,21,,,0
601,'S2-4_2',631,,86522,21,,,0,108,,86535,21,,,0,95,,86523,21,,,0,102,,86524,21,,,0,99,,86525,21,,,0,100,,86526,21,,,0,106,,86539,21,,,0,59,,86527,21,,,0,42,,86528,21,,,0,103,,86529,21,,,0,95,,86530,21,,,0,82,,86536,21,,,0,78,,86531,22,,,0,40,,86537,21,,,0,67,,86532,22,,,0,27,,86538,22,,,0,25,,86533,21,,,0,95,,86534,21,,,0
601,'S2-4_4',631,,86540,21,,,0,108,,86553,21,,,0,95,,86541,21,,,0,102,,86542,21,,,0,99,,86543,21,,,0,100,,86544,21,,,0,106,,86557,21,,,0,59,,86545,21,,,0,42,,86546,21,,,0,103,,86547,21,,,0,95,,86548,21,,,0,82,,86554,21,,,0,78,,86549,22,,,0,40,,86555,21,,,0,67,,86550,22,,,0,27,,86556,22,,,0,25,,86551,21,,,0,95,,86552,21,,,0
2900601,'S2-0_4',1750,,91455,3,,,0,99,,91456,3,,,0
2900601,'S2-0_5',1750,,91457,3,,,0,99,,91458,3,,,0
2900601,'S2-1_3',1750,,91459,3,,,0,99,,91460,3,,,0
2900601,'S2-4_1',1750,,91461,3,,,0,99,,91462,3,,,0
2900601,'S2-4_2',1750,,91463,3,,,0,99,,91464,3,,,0
2900601,'S2-4_4',1750,,91465,3,,,0,99,,91466,3,,,0
