700,'S2-0_4',726,,86558,17,,,0,110,,86560,17,,,0,110,,86561,17,,,0,110,,86562,17,,,0,150,,86563,17,,,0,110,,86564,17,,,0,110,,86565,17,,,0,110,,86566,17,,,0,113,,86567,17,,,0,109,,86568,17,,,0,147,,86559,17,,,0
700,'S2-0_5',726,,86569,17,,,0,110,,86571,17,,,0,110,,86572,17,,,0,110,,86573,17,,,0,150,,86574,17,,,0,110,,86575,17,,,0,110,,86576,17,,,0,110,,86577,17,,,0,113,,86578,17,,,0,109,,86579,17,,,0,147,,86570,17,,,0
700,'S2-1_3',726,,86580,17,,,0,110,,86582,17,,,0,110,,86583,17,,,0,110,,86584,17,,,0,150,,86585,17,,,0,110,,86586,17,,,0,110,,86587,17,,,0,110,,86588,17,,,0,113,,86589,17,,,0,109,,86590,17,,,0,147,,86581,17,,,0
700,'S2-2_6',725,,86593,17,,,0,110,,86594,17,,,0,110,,86595,17,,,0,110,,86596,17,,,0,150,,86597,17,,,0,110,,86598,17,,,0,110,,86599,17,,,0,110,,86600,17,,,0,110,,86601,17,,,0,110,,86591,17,,,0,150,,86592,17,,,0
700,'S2-4_1',726,,86602,17,,,0,110,,86604,17,,,0,110,,86605,17,,,0,110,,86606,17,,,0,150,,86607,17,,,0,110,,86608,17,,,0,110,,86609,17,,,0,110,,86610,17,,,0,113,,86611,17,,,0,109,,86612,17,,,0,147,,86603,17,,,0
700,'S2-4_2',726,,86613,17,,,0,110,,86615,17,,,0,110,,86616,17,,,0,110,,86617,17,,,0,150,,86618,17,,,0,110,,86619,17,,,0,110,,86620,17,,,0,110,,86621,17,,,0,113,,86622,17,,,0,109,,86623,17,,,0,147,,86614,17,,,0
700,'S2-4_4',726,,86624,17,,,0,110,,86626,17,,,0,110,,86627,17,,,0,110,,86628,17,,,0,150,,86629,17,,,0,110,,86630,17,,,0,110,,86631,17,,,0,110,,86632,17,,,0,113,,86633,17,,,0,109,,86634,17,,,0,147,,86625,17,,,0
901500,'S2-0_4',844,,89087,6,,,0,60,,89088,6,,,0,20,,89089,6,,,0,20,,89090,6,,,0,60,,89091,6,,,0,20,,89092,6,,,0,20,,89093,6,,,0,60,,89094,6,,,0,20,,89095,6,,,0,20,,89096,6,,,0,60,,89097,6,,,0,20,,89098,6,,,0,20,,89099,6,,,0,60,,89100,6,,,0,20,,89101,6,,,0,20,,89102,6,,,0,60,,89103,6,,,0,20,,89104,6,,,0,20,,89105,6,,,0,80,,89106,6,,,0,20,,89107,6,,,0,60,,89108,6,,,0,20,,89109,6,,,0,20,,89110,6,,,0,60,,89111,6,,,0,20,,89112,6,,,0,20,,89113,6,,,0,60,,89114,6,,,0,20,,89115,6,,,0,20,,89116,6,,,0,60,,89117,6,,,0,20,,89118,6,,,0
901500,'S2-0_5',844,,89119,6,,,0,60,,89120,6,,,0,20,,89121,6,,,0,20,,89122,6,,,0,60,,89123,6,,,0,20,,89124,6,,,0,20,,89125,6,,,0,60,,89126,6,,,0,20,,89127,6,,,0,20,,89128,6,,,0,60,,89129,6,,,0,20,,89130,6,,,0,20,,89131,6,,,0,60,,89132,6,,,0,20,,89133,6,,,0,20,,89134,6,,,0,60,,89135,6,,,0,20,,89136,6,,,0,20,,89137,6,,,0,80,,89138,6,,,0,20,,89139,6,,,0,60,,89140,6,,,0,20,,89141,6,,,0,20,,89142,6,,,0,60,,89143,6,,,0,20,,89144,6,,,0,20,,89145,6,,,0,60,,89146,6,,,0,20,,89147,6,,,0,20,,89148,6,,,0,60,,89149,6,,,0,20,,89150,6,,,0
901500,'S2-1_3',844,,89151,6,,,0,60,,89152,6,,,0,20,,89153,6,,,0,20,,89154,6,,,0,60,,89155,6,,,0,20,,89156,6,,,0,20,,89157,6,,,0,60,,89158,6,,,0,20,,89159,6,,,0,20,,89160,6,,,0,60,,89161,6,,,0,20,,89162,6,,,0,20,,89163,6,,,0,60,,89164,6,,,0,20,,89165,6,,,0,20,,89166,6,,,0,60,,89167,6,,,0,20,,89168,6,,,0,20,,89169,6,,,0,80,,89170,6,,,0,20,,89171,6,,,0,60,,89172,6,,,0,20,,89173,6,,,0,20,,89174,6,,,0,60,,89175,6,,,0,20,,89176,6,,,0,20,,89177,6,,,0,60,,89178,6,,,0,20,,89179,6,,,0,20,,89180,6,,,0,60,,89181,6,,,0,20,,89182,6,,,0
901500,'S2-2_6',844,,89183,6,,,0,60,,89184,6,,,0,20,,89185,6,,,0,20,,89186,6,,,0,60,,89187,6,,,0,20,,89188,6,,,0,20,,89189,6,,,0,60,,89190,6,,,0,20,,89191,6,,,0,20,,89192,6,,,0,60,,89193,6,,,0,20,,89194,6,,,0,20,,89195,6,,,0,60,,89196,6,,,0,20,,89197,6,,,0,20,,89198,6,,,0,60,,89199,6,,,0,20,,89200,6,,,0,20,,89201,6,,,0,80,,89202,6,,,0,20,,89203,6,,,0,60,,89204,6,,,0,20,,89205,6,,,0,20,,89206,6,,,0,60,,89207,6,,,0,20,,89208,6,,,0,20,,89209,6,,,0,60,,89210,6,,,0,20,,89211,6,,,0,20,,89212,6,,,0,60,,89213,6,,,0,20,,89214,6,,,0
901500,'S2-4_1',844,,89215,6,,,0,60,,89216,6,,,0,20,,89217,6,,,0,20,,89218,6,,,0,60,,89219,6,,,0,20,,89220,6,,,0,20,,89221,6,,,0,60,,89222,6,,,0,20,,89223,6,,,0,20,,89224,6,,,0,60,,89225,6,,,0,20,,89226,6,,,0,20,,89227,6,,,0,60,,89228,6,,,0,20,,89229,6,,,0,20,,89230,6,,,0,60,,89231,6,,,0,20,,89232,6,,,0,20,,89233,6,,,0,80,,89234,6,,,0,20,,89235,6,,,0,60,,89236,6,,,0,20,,89237,6,,,0,20,,89238,6,,,0,60,,89239,6,,,0,20,,89240,6,,,0,20,,89241,6,,,0,60,,89242,6,,,0,20,,89243,6,,,0,20,,89244,6,,,0,60,,89245,6,,,0,20,,89246,6,,,0
901500,'S2-4_2',844,,89247,6,,,0,60,,89248,6,,,0,20,,89249,6,,,0,20,,89250,6,,,0,60,,89251,6,,,0,20,,89252,6,,,0,20,,89253,6,,,0,60,,89254,6,,,0,20,,89255,6,,,0,20,,89256,6,,,0,60,,89257,6,,,0,20,,89258,6,,,0,20,,89259,6,,,0,60,,89260,6,,,0,20,,89261,6,,,0,20,,89262,6,,,0,60,,89263,6,,,0,20,,89264,6,,,0,20,,89265,6,,,0,80,,89266,6,,,0,20,,89267,6,,,0,60,,89268,6,,,0,20,,89269,6,,,0,20,,89270,6,,,0,60,,89271,6,,,0,20,,89272,6,,,0,20,,89273,6,,,0,60,,89274,6,,,0,20,,89275,6,,,0,20,,89276,6,,,0,60,,89277,6,,,0,20,,89278,6,,,0
901500,'S2-4_4',844,,89279,6,,,0,60,,89280,6,,,0,20,,89281,6,,,0,20,,89282,6,,,0,60,,89283,6,,,0,20,,89284,6,,,0,20,,89285,6,,,0,60,,89286,6,,,0,20,,89287,6,,,0,20,,89288,6,,,0,60,,89289,6,,,0,20,,89290,6,,,0,20,,89291,6,,,0,60,,89292,6,,,0,20,,89293,6,,,0,20,,89294,6,,,0,60,,89295,6,,,0,20,,89296,6,,,0,20,,89297,6,,,0,80,,89298,6,,,0,20,,89299,6,,,0,60,,89300,6,,,0,20,,89301,6,,,0,20,,89302,6,,,0,60,,89303,6,,,0,20,,89304,6,,,0,20,,89305,6,,,0,60,,89306,6,,,0,20,,89307,6,,,0,20,,89308,6,,,0,60,,89309,6,,,0,20,,89310,6,,,0
