1000,'S2-0_4',921,,87111,31,0,18 30,0,186,,87102,31,0,18 30,0,47,,87103,31,0,18 30,0,77,,87104,31,0,18 30,0,80,,87105,31,0,18 30,0,99,,87106,31,0,18 30,0,39,,87108,31,,,0,70,,87109,31,,,0,96,,87110,31,,,0,335,,87107,31,0,18 30,0
1000,'S2-0_5',921,,87126,31,0,18 30,0,186,,87117,31,0,18 30,0,47,,87118,31,0,18 30,0,77,,87119,31,0,18 30,0,80,,87120,31,0,18 30,0,99,,87121,31,0,18 30,0,39,,87123,31,,,0,70,,87124,31,,,0,96,,87125,31,,,0,335,,87122,31,0,18 30,0
1000,'S2-1_3',921,,87141,31,0,18 30,0,186,,87132,31,0,18 30,0,47,,87133,31,0,18 30,0,77,,87134,31,0,18 30,0,80,,87135,31,0,18 30,0,99,,87136,31,0,18 30,0,39,,87138,31,,,0,70,,87139,31,,,0,96,,87140,31,,,0,335,,87137,31,0,18 30,0
1000,'S2-2_6',918,,87149,31,0,18 30,0,184,,87150,31,0,18 30,0,101,,87151,31,0,18 30,0,101,,87152,31,0,18 30,0,101,,87153,31,0,18 30,0,52,,87147,31,,,0,155,,87148,31,,,0,337,,87154,31,0,18 30,0
1000,'S2-4_1',921,,87169,31,0,18 30,0,186,,87160,31,0,18 30,0,47,,87161,31,0,18 30,0,77,,87162,31,0,18 30,0,80,,87163,31,0,18 30,0,99,,87164,31,0,18 30,0,39,,87166,31,,,0,70,,87167,31,,,0,96,,87168,31,,,0,335,,87165,31,0,18 30,0
1000,'S2-4_2',921,,87184,31,0,18 30,0,186,,87175,31,0,18 30,0,47,,87176,31,0,18 30,0,77,,87177,31,0,18 30,0,80,,87178,31,0,18 30,0,99,,87179,31,0,18 30,0,39,,87181,31,,,0,70,,87182,31,,,0,96,,87183,31,,,0,335,,87180,31,0,18 30,0
1000,'S2-4_4',921,,87199,31,0,18 30,0,186,,87190,31,0,18 30,0,47,,87191,31,0,18 30,0,77,,87192,31,0,18 30,0,80,,87193,31,0,18 30,0,99,,87194,31,0,18 30,0,39,,87196,31,,,0,70,,87197,31,,,0,96,,87198,31,,,0,335,,87195,31,0,18 30,0
1100,'S2-0_4',827,,87297,17,,,0,922,,87298,17,,,0,151,,87299,17,,,0
1100,'S2-0_5',827,,87301,17,,,0,922,,87302,17,,,0,151,,87303,17,,,0
1100,'S2-1_3',827,,87305,17,,,0,922,,87306,17,,,0,151,,87307,17,,,0
1100,'S2-2_6',827,,87309,17,,,0,905,,87310,17,,,0,119,,87311,17,,,0
1100,'S2-4_1',827,,87313,17,,,0,922,,87314,17,,,0,151,,87315,17,,,0
1100,'S2-4_2',827,,87317,17,,,0,922,,87318,17,,,0,151,,87319,17,,,0
1100,'S2-4_4',827,,87321,17,,,0,922,,87322,17,,,0,151,,87323,17,,,0
1601,'S2-0_4',906,,87596,18,,,0,47,,87597,11,,,0,159,,87598,18,,,0,125,,87601,23,,,0,174,,87599,18,,,0,138,,87602,18,,,0,107,,87603,11,,,0,175,,87600,18,,,0
1601,'S2-0_5',906,,87604,18,,,0,47,,87605,11,,,0,159,,87606,18,,,0,125,,87609,23,,,0,174,,87607,18,,,0,138,,87610,18,,,0,107,,87611,11,,,0,175,,87608,18,,,0
1601,'S2-1_3',906,,87612,18,,,0,47,,87613,11,,,0,159,,87614,18,,,0,125,,87617,23,,,0,174,,87615,18,,,0,138,,87618,18,,,0,107,,87619,11,,,0,175,,87616,18,,,0
1601,'S2-2_6',906,,87620,18,,,0,47,,87621,11,,,0,159,,87622,18,,,0,125,,87625,23,,,0,174,,87623,18,,,0,138,,87626,18,,,0,107,,87627,11,,,0,175,,87624,18,,,0
1601,'S2-4_1',906,,87628,18,,,0,47,,87629,11,,,0,159,,87630,18,,,0,125,,87633,23,,,0,174,,87631,18,,,0,138,,87634,18,,,0,107,,87635,11,,,0,175,,87632,18,,,0
1601,'S2-4_2',906,,87636,18,,,0,47,,87637,11,,,0,159,,87638,18,,,0,125,,87641,23,,,0,174,,87639,18,,,0,138,,87642,18,,,0,107,,87643,11,,,0,175,,87640,18,,,0
1601,'S2-4_4',906,,87644,18,,,0,47,,87645,11,,,0,159,,87646,18,,,0,125,,87649,23,,,0,174,,87647,18,,,0,138,,87650,18,,,0,107,,87651,11,,,0,175,,87648,18,,,0
