400,'S2-0_4',755,,85694,46,0,40,0,61,,85701,49,0,40,0,6,,85670,45,0,40,0,16,,85671,46,0,40,0,10,,85695,45,0,40,0,54,,85672,45,0,40,0,13,,85673,45,0,40,0,30,,85674,45,0,40,0,79,,85675,57,0,40,0,31,,85676,45,0,40,0,71,,85677,45,0,40,0,76,,85678,45,0,40,0,37,,85679,45,0,40,0,65,,85699,48,,,0,26,,85696,58,0,40,0,25,,85680,45,0,40,0,66,,85681,45,0,40,0,30,,85684,57,0,40,0,76,,85682,45,0,40,0,30,,85685,57,0,40,0,79,,85683,45,0,40,0,80,,85702,49,0,40,0,22,,85686,57,0,40,0,8,,85697,30,0,40,0,8,,85687,45,0,40,0,61,,85703,49,,,0,5,,85689,45,0,40,0,23,,85692,29,0,40,0,61,,85700,48,,,0,30,,85690,45,0,40,0,23,,85691,57,0,40,0
400,'S2-0_5',755,,85728,46,0,40,0,61,,85735,49,0,40,0,6,,85704,45,0,40,0,16,,85705,46,0,40,0,10,,85729,45,0,40,0,54,,85706,45,0,40,0,13,,85707,45,0,40,0,30,,85708,45,0,40,0,79,,85709,57,0,40,0,31,,85710,45,0,40,0,71,,85711,45,0,40,0,76,,85712,45,0,40,0,37,,85713,45,0,40,0,65,,85733,48,,,0,26,,85730,58,0,40,0,25,,85714,45,0,40,0,66,,85715,45,0,40,0,30,,85718,57,0,40,0,76,,85716,45,0,40,0,30,,85719,57,0,40,0,79,,85717,45,0,40,0,80,,85736,49,0,40,0,22,,85720,57,0,40,0,8,,85731,30,0,40,0,8,,85721,45,0,40,0,61,,85737,49,,,0,5,,85723,45,0,40,0,23,,85726,29,0,40,0,61,,85734,48,,,0,30,,85724,45,0,40,0,23,,85725,57,0,40,0
400,'S2-1_3',755,,85761,46,0,40,0,61,,85768,49,0,40,0,6,,85738,45,0,40,0,16,,85739,46,0,40,0,10,,85762,45,0,40,0,54,,85740,45,0,40,0,13,,85741,45,0,40,0,30,,85742,45,0,40,0,79,,85743,57,0,40,0,31,,85744,45,0,40,0,71,,85745,45,0,40,0,76,,85746,45,0,40,0,37,,85747,45,0,40,0,65,,85766,48,,,0,26,,85763,58,0,40,0,25,,85748,45,0,40,0,66,,85749,45,0,40,0,30,,85752,57,0,40,0,76,,85750,45,0,40,0,30,,85753,57,0,40,0,79,,85751,45,0,40,0,80,,85769,49,0,40,0,22,,85754,57,0,40,0,8,,85764,30,0,40,0,8,,85755,45,0,40,0,61,,85770,49,,,0,5,,85757,45,0,40,0,23,,85756,57,0,40,0,61,,85767,48,,,0,30,,85758,45,0,40,0,23,,85759,57,0,40,0
400,'S2-2_6',744,,85777,45,0,40,0,105,,85778,45,0,40,0,72,,85771,57,0,40,0,27,,85779,45,0,40,0,72,,85780,45,0,40,0,30,,85781,45,0,40,0,71,,85772,57,0,40,0,31,,85782,45,0,40,0,70,,85784,45,0,40,0,29,,85783,45,0,40,0,69,,85773,57,0,40,0,31,,85785,45,0,40,0,70,,85786,45,0,40,0,29,,85787,45,0,40,0,73,,85774,57,0,40,0,33,,85788,45,0,40,0,70,,85789,45,0,40,0,31,,85790,45,0,40,0,73,,85775,57,0,40,0,72,,85791,45,0,40,0,30,,85792,45,0,40,0,71,,85793,45,0,40,0,29,,85776,57,0,40,0,71,,85794,45,0,40,0
400,'S2-3_7',858,,85795,57,0,40,0,165,,85796,57,0,40,0,125,,85797,57,0,40,0,200,,85798,57,0,40,0,166,,85799,57,0,40,0,125,,85800,57,0,40,0,166,,85801,57,0,40,0,124,,85802,57,0,40,0
400,'S2-4_1',755,,85827,46,0,40,0,61,,85834,49,0,40,0,6,,85803,45,0,40,0,16,,85804,46,0,40,0,10,,85828,45,0,40,0,54,,85805,45,0,40,0,13,,85806,45,0,40,0,30,,85807,45,0,40,0,79,,85808,57,0,40,0,31,,85809,45,0,40,0,71,,85810,45,0,40,0,76,,85811,45,0,40,0,37,,85812,45,0,40,0,65,,85832,48,,,0,26,,85829,58,0,40,0,25,,85813,45,0,40,0,66,,85814,45,0,40,0,30,,85817,57,0,40,0,76,,85815,45,0,40,0,30,,85818,57,0,40,0,79,,85816,45,0,40,0,80,,85835,49,0,40,0,22,,85819,57,0,40,0,8,,85830,30,0,40,0,8,,85820,45,0,40,0,61,,85836,49,,,0,5,,85822,45,0,40,0,23,,85825,29,0,40,0,61,,85833,48,,,0,30,,85823,45,0,40,0,23,,85824,57,0,40,0
400,'S2-4_2',755,,85861,46,0,40,0,61,,85868,49,0,40,0,6,,85837,45,0,40,0,16,,85838,46,0,40,0,10,,85862,45,0,40,0,54,,85839,45,0,40,0,13,,85840,45,0,40,0,30,,85841,45,0,40,0,79,,85842,57,0,40,0,31,,85843,45,0,40,0,71,,85844,45,0,40,0,76,,85845,45,0,40,0,37,,85846,45,0,40,0,65,,85866,48,,,0,26,,85863,58,0,40,0,25,,85847,45,0,40,0,66,,85848,45,0,40,0,30,,85851,57,0,40,0,76,,85849,45,0,40,0,30,,85852,57,0,40,0,79,,85850,45,0,40,0,80,,85869,49,0,40,0,22,,85853,57,0,40,0,8,,85864,30,0,40,0,8,,85854,45,0,40,0,61,,85870,49,,,0,5,,85856,45,0,40,0,23,,85859,29,0,40,0,61,,85867,48,,,0,30,,85857,45,0,40,0,23,,85858,57,0,40,0
400,'S2-4_4',755,,85895,46,0,40,0,61,,85902,49,0,40,0,6,,85871,45,0,40,0,16,,85872,46,0,40,0,10,,85896,45,0,40,0,54,,85873,45,0,40,0,13,,85874,45,0,40,0,30,,85875,45,0,40,0,79,,85876,57,0,40,0,31,,85877,45,0,40,0,71,,85878,45,0,40,0,76,,85879,45,0,40,0,37,,85880,45,0,40,0,65,,85900,48,,,0,26,,85897,58,0,40,0,25,,85881,45,0,40,0,66,,85882,45,0,40,0,30,,85885,57,0,40,0,76,,85883,45,0,40,0,30,,85886,57,0,40,0,79,,85884,45,0,40,0,80,,85903,49,0,40,0,22,,85887,57,0,40,0,8,,85898,30,0,40,0,8,,85888,45,0,40,0,61,,85904,49,,,0,5,,85890,45,0,40,0,23,,85893,29,0,40,0,61,,85901,48,,,0,30,,85891,45,0,40,0,23,,85892,57,0,40,0
2300,'S2-0_4',1627,,88084,26,,,0,105,,88085,26,,,0,95,,88086,26,,,0
2300,'S2-0_5',1627,,88087,26,,,0,105,,88088,26,,,0,95,,88089,26,,,0
2300,'S2-1_3',1231,,88091,26,,,0,3,,88090,26,,,0
2300,'S2-4_1',1627,,88092,26,,,0,105,,88093,26,,,0,95,,88094,26,,,0
2300,'S2-4_2',1627,,88095,26,,,0,105,,88096,26,,,0,95,,88097,26,,,0
2300,'S2-4_4',1627,,88098,26,,,0,105,,88099,26,,,0,95,,88100,26,,,0
