400,'S2-0_4',730,,85693,24,0,43,0,15,,85701,24,0,40,0,55,,85670,24,0,40,0,14,,85671,24,0,40,0,14,,85695,24,0,40,0,15,,85672,24,0,40,0,13,,85673,24,0,40,0,71,,85674,24,0,40,0,79,,85675,36,0,40,0,31,,85676,24,0,40,0,71,,85677,24,0,40,0,36,,85678,24,0,40,0,76,,85679,24,0,40,0,23,,85699,24,,,0,65,,85696,36,0,40,0,29,,85680,24,0,40,0,67,,85681,24,0,40,0,30,,85684,36,0,40,0,75,,85682,24,0,40,0,30,,85685,36,0,40,0,76,,85683,24,0,40,0,28,,85702,24,0,40,0,68,,85686,36,0,40,0,5,,85697,8,0,40,0,14,,85687,24,0,40,0,15,,85703,24,,,0,14,,85689,24,0,40,0,65,,85692,8,0,40,0,19,,85700,24,,,0,75,,85690,24,0,40,0,24,,85691,36,0,40,0
400,'S2-0_5',730,,85727,24,0,43,0,15,,85735,24,0,40,0,55,,85704,24,0,40,0,14,,85705,24,0,40,0,14,,85729,24,0,40,0,15,,85706,24,0,40,0,13,,85707,24,0,40,0,71,,85708,24,0,40,0,79,,85709,36,0,40,0,31,,85710,24,0,40,0,71,,85711,24,0,40,0,36,,85712,24,0,40,0,76,,85713,24,0,40,0,23,,85733,24,,,0,65,,85730,36,0,40,0,29,,85714,24,0,40,0,67,,85715,24,0,40,0,30,,85718,36,0,40,0,75,,85716,24,0,40,0,30,,85719,36,0,40,0,76,,85717,24,0,40,0,28,,85736,24,0,40,0,68,,85720,36,0,40,0,5,,85731,8,0,40,0,14,,85721,24,0,40,0,15,,85737,24,,,0,14,,85723,24,0,40,0,65,,85726,8,0,40,0,19,,85734,24,,,0,75,,85724,24,0,40,0,24,,85725,36,0,40,0
400,'S2-1_3',730,,85760,24,0,43,0,15,,85768,24,0,40,0,55,,85738,24,0,40,0,14,,85739,24,0,40,0,14,,85762,24,0,40,0,15,,85740,24,0,40,0,13,,85741,24,0,40,0,71,,85742,24,0,40,0,79,,85743,36,0,40,0,31,,85744,24,0,40,0,71,,85745,24,0,40,0,36,,85746,24,0,40,0,76,,85747,24,0,40,0,23,,85766,24,,,0,65,,85763,36,0,40,0,29,,85748,24,0,40,0,67,,85749,24,0,40,0,30,,85752,36,0,40,0,75,,85750,24,0,40,0,30,,85753,36,0,40,0,76,,85751,24,0,40,0,28,,85769,24,0,40,0,68,,85754,36,0,40,0,5,,85764,8,0,40,0,14,,85755,24,0,40,0,15,,85770,24,,,0,14,,85757,24,0,40,0,65,,85756,36,0,40,0,19,,85767,24,,,0,75,,85758,24,0,40,0,24,,85759,36,0,40,0
400,'S2-2_6',727,,85777,24,0,40,0,105,,85778,24,0,40,0,73,,85771,36,0,40,0,27,,85779,24,0,40,0,72,,85780,24,0,40,0,30,,85781,24,0,40,0,71,,85772,36,0,40,0,31,,85782,24,0,40,0,69,,85784,24,0,40,0,30,,85783,24,0,40,0,69,,85773,36,0,40,0,31,,85785,24,0,40,0,70,,85786,24,0,40,0,29,,85787,24,0,40,0,73,,85774,36,0,40,0,32,,85788,24,0,40,0,69,,85789,24,0,40,0,30,,85790,24,0,40,0,72,,85775,36,0,40,0,35,,85791,24,0,40,0,71,,85792,24,0,40,0,31,,85793,24,0,40,0,69,,85776,36,0,40,0,31,,85794,24,0,40,0
400,'S2-3_7',842,,85795,36,0,40,0,165,,85796,36,0,40,0,125,,85797,36,0,40,0,200,,85798,36,0,40,0,126,,85799,36,0,40,0,165,,85800,36,0,40,0,126,,85801,36,0,40,0,164,,85802,36,0,40,0
400,'S2-4_1',730,,85826,24,0,43,0,15,,85834,24,0,40,0,55,,85803,24,0,40,0,14,,85804,24,0,40,0,14,,85828,24,0,40,0,15,,85805,24,0,40,0,13,,85806,24,0,40,0,71,,85807,24,0,40,0,79,,85808,36,0,40,0,31,,85809,24,0,40,0,71,,85810,24,0,40,0,36,,85811,24,0,40,0,76,,85812,24,0,40,0,23,,85832,24,,,0,65,,85829,36,0,40,0,29,,85813,24,0,40,0,67,,85814,24,0,40,0,30,,85817,36,0,40,0,75,,85815,24,0,40,0,30,,85818,36,0,40,0,76,,85816,24,0,40,0,28,,85835,24,0,40,0,68,,85819,36,0,40,0,5,,85830,8,0,40,0,14,,85820,24,0,40,0,15,,85836,24,,,0,14,,85822,24,0,40,0,65,,85825,8,0,40,0,19,,85833,24,,,0,75,,85823,24,0,40,0,24,,85824,36,0,40,0
400,'S2-4_2',730,,85860,24,0,43,0,15,,85868,24,0,40,0,55,,85837,24,0,40,0,14,,85838,24,0,40,0,14,,85862,24,0,40,0,15,,85839,24,0,40,0,13,,85840,24,0,40,0,71,,85841,24,0,40,0,79,,85842,36,0,40,0,31,,85843,24,0,40,0,71,,85844,24,0,40,0,36,,85845,24,0,40,0,76,,85846,24,0,40,0,23,,85866,24,,,0,65,,85863,36,0,40,0,29,,85847,24,0,40,0,67,,85848,24,0,40,0,30,,85851,36,0,40,0,75,,85849,24,0,40,0,30,,85852,36,0,40,0,76,,85850,24,0,40,0,28,,85869,24,0,40,0,68,,85853,36,0,40,0,5,,85864,8,0,40,0,14,,85854,24,0,40,0,15,,85870,24,,,0,14,,85856,24,0,40,0,65,,85859,8,0,40,0,19,,85867,24,,,0,75,,85857,24,0,40,0,24,,85858,36,0,40,0
400,'S2-4_4',730,,85894,24,0,43,0,15,,85902,24,0,40,0,55,,85871,24,0,40,0,14,,85872,24,0,40,0,14,,85896,24,0,40,0,15,,85873,24,0,40,0,13,,85874,24,0,40,0,71,,85875,24,0,40,0,79,,85876,36,0,40,0,31,,85877,24,0,40,0,71,,85878,24,0,40,0,36,,85879,24,0,40,0,76,,85880,24,0,40,0,23,,85900,24,,,0,65,,85897,36,0,40,0,29,,85881,24,0,40,0,67,,85882,24,0,40,0,30,,85885,36,0,40,0,75,,85883,24,0,40,0,30,,85886,36,0,40,0,76,,85884,24,0,40,0,28,,85903,24,0,40,0,68,,85887,36,0,40,0,5,,85898,8,0,40,0,14,,85888,24,0,40,0,15,,85904,24,,,0,14,,85890,24,0,40,0,65,,85893,8,0,40,0,19,,85901,24,,,0,75,,85891,24,0,40,0,24,,85892,36,0,40,0
2300,'S2-0_4',1608,,88084,5,,,0,102,,88085,5,,,0,99,,88086,5,,,0
2300,'S2-0_5',1608,,88087,5,,,0,102,,88088,5,,,0,99,,88089,5,,,0
2300,'S2-1_3',1213,,88091,5,,,0,3,,88090,5,,,0
2300,'S2-4_1',1608,,88092,5,,,0,102,,88093,5,,,0,99,,88094,5,,,0
2300,'S2-4_2',1608,,88095,5,,,0,102,,88096,5,,,0,99,,88097,5,,,0
2300,'S2-4_4',1608,,88098,5,,,0,102,,88099,5,,,0,99,,88100,5,,,0
