700,'S2-0_4',727,,86558,18,,,0,110,,86560,18,,,0,111,,86561,18,,,0,110,,86562,18,,,0,150,,86563,18,,,0,110,,86564,18,,,0,110,,86565,18,,,0,110,,86566,18,,,0,113,,86567,18,,,0,149,,86568,18,,,0,106,,86559,18,,,0
700,'S2-0_5',727,,86569,18,,,0,110,,86571,18,,,0,111,,86572,18,,,0,110,,86573,18,,,0,150,,86574,18,,,0,110,,86575,18,,,0,110,,86576,18,,,0,110,,86577,18,,,0,113,,86578,18,,,0,149,,86579,18,,,0,106,,86570,18,,,0
700,'S2-1_3',727,,86580,18,,,0,110,,86582,18,,,0,111,,86583,18,,,0,110,,86584,18,,,0,150,,86585,18,,,0,110,,86586,18,,,0,110,,86587,18,,,0,110,,86588,18,,,0,113,,86589,18,,,0,149,,86590,18,,,0,106,,86581,18,,,0
700,'S2-2_6',726,,86593,18,,,0,110,,86594,18,,,0,111,,86595,18,,,0,110,,86596,18,,,0,150,,86597,18,,,0,110,,86598,18,,,0,110,,86599,18,,,0,110,,86600,18,,,0,110,,86601,18,,,0,110,,86591,18,,,0,149,,86592,18,,,0
700,'S2-4_1',727,,86602,18,,,0,110,,86604,18,,,0,111,,86605,18,,,0,110,,86606,18,,,0,150,,86607,18,,,0,110,,86608,18,,,0,110,,86609,18,,,0,110,,86610,18,,,0,113,,86611,18,,,0,149,,86612,18,,,0,106,,86603,18,,,0
700,'S2-4_2',727,,86613,18,,,0,110,,86615,18,,,0,111,,86616,18,,,0,110,,86617,18,,,0,150,,86618,18,,,0,110,,86619,18,,,0,110,,86620,18,,,0,110,,86621,18,,,0,113,,86622,18,,,0,149,,86623,18,,,0,106,,86614,18,,,0
700,'S2-4_4',727,,86624,18,,,0,110,,86626,18,,,0,111,,86627,18,,,0,110,,86628,18,,,0,150,,86629,18,,,0,110,,86630,18,,,0,110,,86631,18,,,0,110,,86632,18,,,0,113,,86633,18,,,0,149,,86634,18,,,0,106,,86625,18,,,0
2400,'S2-0_4',738,,88119,14,,,0,868,,88120,9,,,0,103,,88121,9,,,0,95,,88122,9,,,0
2400,'S2-0_5',738,,88123,14,,,0,868,,88124,9,,,0,103,,88125,9,,,0,95,,88126,9,,,0
2400,'S2-1_3',738,,88127,14,,,0,490,,88128,9,,,0
2400,'S2-4_1',738,,88129,14,,,0,868,,88130,9,,,0,103,,88131,9,,,0,95,,88132,9,,,0
2400,'S2-4_2',738,,88133,14,,,0,868,,88134,9,,,0,103,,88135,9,,,0,95,,88136,9,,,0
2400,'S2-4_4',738,,88137,14,,,0,868,,88138,9,,,0,103,,88139,9,,,0,95,,88140,9,,,0
