400,'S2-0_4',710,,85693,10,0,43,0,14,,85701,10,0,40,0,16,,85670,10,0,40,0,15,,85671,10,0,40,0,55,,85695,10,0,40,0,15,,85672,10,0,40,0,13,,85673,10,0,40,0,71,,85674,10,0,40,0,39,,85675,22,0,40,0,70,,85676,10,0,40,0,31,,85677,10,0,40,0,76,,85678,10,0,40,0,75,,85679,10,0,40,0,25,,85699,10,,,0,25,,85696,22,0,40,0,69,,85680,10,0,40,0,26,,85681,10,0,40,0,70,,85684,22,0,40,0,35,,85682,10,0,40,0,70,,85685,22,0,40,0,34,,85683,10,0,40,0,67,,85702,10,0,40,0,25,,85686,22,0,40,0,62,,85687,10,0,40,0,15,,85703,10,,,0,15,,85689,10,0,40,0,66,,85688,22,0,40,0,20,,85700,10,,,0,76,,85690,10,0,40,0,26,,85691,22,0,40,0
400,'S2-0_5',710,,85727,10,0,43,0,14,,85735,10,0,40,0,16,,85704,10,0,40,0,15,,85705,10,0,40,0,55,,85729,10,0,40,0,15,,85706,10,0,40,0,13,,85707,10,0,40,0,71,,85708,10,0,40,0,39,,85709,22,0,40,0,70,,85710,10,0,40,0,31,,85711,10,0,40,0,76,,85712,10,0,40,0,75,,85713,10,0,40,0,25,,85733,10,,,0,25,,85730,22,0,40,0,69,,85714,10,0,40,0,26,,85715,10,0,40,0,70,,85718,22,0,40,0,35,,85716,10,0,40,0,70,,85719,22,0,40,0,34,,85717,10,0,40,0,67,,85736,10,0,40,0,25,,85720,22,0,40,0,62,,85721,10,0,40,0,15,,85737,10,,,0,15,,85723,10,0,40,0,66,,85722,22,0,40,0,20,,85734,10,,,0,76,,85724,10,0,40,0,26,,85725,22,0,40,0
400,'S2-1_3',710,,85760,10,0,43,0,14,,85768,10,0,40,0,16,,85738,10,0,40,0,15,,85739,10,0,40,0,55,,85762,10,0,40,0,15,,85740,10,0,40,0,13,,85741,10,0,40,0,71,,85742,10,0,40,0,39,,85743,22,0,40,0,70,,85744,10,0,40,0,31,,85745,10,0,40,0,76,,85746,10,0,40,0,75,,85747,10,0,40,0,25,,85766,10,,,0,25,,85763,22,0,40,0,69,,85748,10,0,40,0,26,,85749,10,0,40,0,70,,85752,22,0,40,0,35,,85750,10,0,40,0,70,,85753,22,0,40,0,34,,85751,10,0,40,0,67,,85769,10,0,40,0,25,,85754,22,0,40,0,62,,85755,10,0,40,0,15,,85770,10,,,0,15,,85757,10,0,40,0,66,,85756,22,0,40,0,20,,85767,10,,,0,76,,85758,10,0,40,0,26,,85759,22,0,40,0
400,'S2-2_6',711,,85777,10,0,40,0,103,,85778,10,0,40,0,35,,85771,22,0,40,0,67,,85779,10,0,40,0,31,,85780,10,0,40,0,70,,85781,10,0,40,0,30,,85772,22,0,40,0,71,,85782,10,0,40,0,29,,85784,10,0,40,0,71,,85783,10,0,40,0,29,,85773,22,0,40,0,70,,85785,10,0,40,0,31,,85786,10,0,40,0,69,,85787,10,0,40,0,31,,85774,22,0,40,0,72,,85788,10,0,40,0,30,,85789,10,0,40,0,69,,85790,10,0,40,0,32,,85775,22,0,40,0,75,,85791,10,0,40,0,32,,85792,10,0,40,0,72,,85793,10,0,40,0,29,,85776,22,0,40,0,71,,85794,10,0,40,0
400,'S2-3_7',827,,85795,22,0,40,0,125,,85796,22,0,40,0,165,,85797,22,0,40,0,200,,85798,22,0,40,0,126,,85799,22,0,40,0,165,,85800,22,0,40,0,126,,85801,22,0,40,0,125,,85802,22,0,40,0
400,'S2-4_1',710,,85826,10,0,43,0,14,,85834,10,0,40,0,16,,85803,10,0,40,0,15,,85804,10,0,40,0,55,,85828,10,0,40,0,15,,85805,10,0,40,0,13,,85806,10,0,40,0,71,,85807,10,0,40,0,39,,85808,22,0,40,0,70,,85809,10,0,40,0,31,,85810,10,0,40,0,76,,85811,10,0,40,0,75,,85812,10,0,40,0,25,,85832,10,,,0,25,,85829,22,0,40,0,69,,85813,10,0,40,0,26,,85814,10,0,40,0,70,,85817,22,0,40,0,35,,85815,10,0,40,0,70,,85818,22,0,40,0,34,,85816,10,0,40,0,67,,85835,10,0,40,0,25,,85819,22,0,40,0,62,,85820,10,0,40,0,15,,85836,10,,,0,15,,85822,10,0,40,0,66,,85821,22,0,40,0,20,,85833,10,,,0,76,,85823,10,0,40,0,26,,85824,22,0,40,0
400,'S2-4_2',710,,85860,10,0,43,0,14,,85868,10,0,40,0,16,,85837,10,0,40,0,15,,85838,10,0,40,0,55,,85862,10,0,40,0,15,,85839,10,0,40,0,13,,85840,10,0,40,0,71,,85841,10,0,40,0,39,,85842,22,0,40,0,70,,85843,10,0,40,0,31,,85844,10,0,40,0,76,,85845,10,0,40,0,75,,85846,10,0,40,0,25,,85866,10,,,0,25,,85863,22,0,40,0,69,,85847,10,0,40,0,26,,85848,10,0,40,0,70,,85851,22,0,40,0,35,,85849,10,0,40,0,70,,85852,22,0,40,0,34,,85850,10,0,40,0,67,,85869,10,0,40,0,25,,85853,22,0,40,0,62,,85854,10,0,40,0,15,,85870,10,,,0,15,,85856,10,0,40,0,66,,85855,22,0,40,0,20,,85867,10,,,0,76,,85857,10,0,40,0,26,,85858,22,0,40,0
400,'S2-4_4',710,,85894,10,0,43,0,14,,85902,10,0,40,0,16,,85871,10,0,40,0,15,,85872,10,0,40,0,55,,85896,10,0,40,0,15,,85873,10,0,40,0,13,,85874,10,0,40,0,71,,85875,10,0,40,0,39,,85876,22,0,40,0,70,,85877,10,0,40,0,31,,85878,10,0,40,0,76,,85879,10,0,40,0,75,,85880,10,0,40,0,25,,85900,10,,,0,25,,85897,22,0,40,0,69,,85881,10,0,40,0,26,,85882,10,0,40,0,70,,85885,22,0,40,0,35,,85883,10,0,40,0,70,,85886,22,0,40,0,34,,85884,10,0,40,0,67,,85903,10,0,40,0,25,,85887,22,0,40,0,62,,85888,10,0,40,0,15,,85904,10,,,0,15,,85890,10,0,40,0,66,,85889,22,0,40,0,20,,85901,10,,,0,76,,85891,10,0,40,0,26,,85892,22,0,40,0
700,'S2-0_4',706,,86558,4,,,0,110,,86560,4,,,0,110,,86561,4,,,0,110,,86562,4,,,0,110,,86563,4,,,0,110,,86564,4,,,0,150,,86565,4,,,0,110,,86566,4,,,0,110,,86567,4,,,0,110,,86568,4,,,0,110,,86559,4,,,0
700,'S2-0_5',706,,86569,4,,,0,110,,86571,4,,,0,110,,86572,4,,,0,110,,86573,4,,,0,110,,86574,4,,,0,110,,86575,4,,,0,150,,86576,4,,,0,110,,86577,4,,,0,110,,86578,4,,,0,110,,86579,4,,,0,110,,86570,4,,,0
700,'S2-1_3',706,,86580,4,,,0,110,,86582,4,,,0,110,,86583,4,,,0,110,,86584,4,,,0,110,,86585,4,,,0,110,,86586,4,,,0,150,,86587,4,,,0,110,,86588,4,,,0,110,,86589,4,,,0,110,,86590,4,,,0,110,,86581,4,,,0
700,'S2-2_6',709,,86593,4,,,0,110,,86594,4,,,0,109,,86595,4,,,0,110,,86596,4,,,0,110,,86597,4,,,0,110,,86598,4,,,0,150,,86599,4,,,0,110,,86600,4,,,0,110,,86601,4,,,0,110,,86591,4,,,0,111,,86592,4,,,0
700,'S2-4_1',706,,86602,4,,,0,110,,86604,4,,,0,110,,86605,4,,,0,110,,86606,4,,,0,110,,86607,4,,,0,110,,86608,4,,,0,150,,86609,4,,,0,110,,86610,4,,,0,110,,86611,4,,,0,110,,86612,4,,,0,110,,86603,4,,,0
700,'S2-4_2',706,,86613,4,,,0,110,,86615,4,,,0,110,,86616,4,,,0,110,,86617,4,,,0,110,,86618,4,,,0,110,,86619,4,,,0,150,,86620,4,,,0,110,,86621,4,,,0,110,,86622,4,,,0,110,,86623,4,,,0,110,,86614,4,,,0
700,'S2-4_4',706,,86624,4,,,0,110,,86626,4,,,0,110,,86627,4,,,0,110,,86628,4,,,0,110,,86629,4,,,0,110,,86630,4,,,0,150,,86631,4,,,0,110,,86632,4,,,0,110,,86633,4,,,0,110,,86634,4,,,0,110,,86625,4,,,0
