400,'S2-0_4',749,,85694,40,0,40,0,58,,85698,9,0,23 51,0,2,,85701,43,0,40,0,6,,85670,39,0,40,0,17,,85671,40,0,40,0,10,,85695,39,0,40,0,14,,85672,39,0,40,0,53,,85673,39,0,40,0,30,,85674,39,0,40,0,79,,85675,51,0,40,0,31,,85676,39,0,40,0,71,,85677,39,0,40,0,36,,85678,39,0,40,0,77,,85679,39,0,40,0,25,,85699,42,,,0,66,,85696,52,0,40,0,25,,85680,39,0,40,0,66,,85681,39,0,40,0,30,,85684,51,0,40,0,76,,85682,39,0,40,0,30,,85685,51,0,40,0,79,,85683,39,0,40,0,80,,85702,43,0,40,0,22,,85686,51,0,40,0,8,,85697,24,0,40,0,8,,85687,39,0,40,0,61,,85703,43,,,0,5,,85689,39,0,40,0,24,,85692,23,0,40,0,21,,85700,42,,,0,70,,85690,39,0,40,0,23,,85691,51,0,40,0
400,'S2-0_5',749,,85728,40,0,40,0,58,,85732,9,0,23 51,0,2,,85735,43,0,40,0,6,,85704,39,0,40,0,17,,85705,40,0,40,0,10,,85729,39,0,40,0,14,,85706,39,0,40,0,53,,85707,39,0,40,0,30,,85708,39,0,40,0,79,,85709,51,0,40,0,31,,85710,39,0,40,0,71,,85711,39,0,40,0,36,,85712,39,0,40,0,77,,85713,39,0,40,0,25,,85733,42,,,0,66,,85730,52,0,40,0,25,,85714,39,0,40,0,66,,85715,39,0,40,0,30,,85718,51,0,40,0,76,,85716,39,0,40,0,30,,85719,51,0,40,0,79,,85717,39,0,40,0,80,,85736,43,0,40,0,22,,85720,51,0,40,0,8,,85731,24,0,40,0,8,,85721,39,0,40,0,61,,85737,43,,,0,5,,85723,39,0,40,0,24,,85726,23,0,40,0,21,,85734,42,,,0,70,,85724,39,0,40,0,23,,85725,51,0,40,0
400,'S2-1_3',749,,85761,40,0,40,0,58,,85765,9,0,23 51,0,2,,85768,43,0,40,0,6,,85738,39,0,40,0,17,,85739,40,0,40,0,10,,85762,39,0,40,0,14,,85740,39,0,40,0,53,,85741,39,0,40,0,30,,85742,39,0,40,0,79,,85743,51,0,40,0,31,,85744,39,0,40,0,71,,85745,39,0,40,0,36,,85746,39,0,40,0,77,,85747,39,0,40,0,25,,85766,42,,,0,66,,85763,52,0,40,0,25,,85748,39,0,40,0,66,,85749,39,0,40,0,30,,85752,51,0,40,0,76,,85750,39,0,40,0,30,,85753,51,0,40,0,79,,85751,39,0,40,0,80,,85769,43,0,40,0,22,,85754,51,0,40,0,8,,85764,24,0,40,0,8,,85755,39,0,40,0,61,,85770,43,,,0,5,,85757,39,0,40,0,24,,85756,51,0,40,0,21,,85767,42,,,0,70,,85758,39,0,40,0,23,,85759,51,0,40,0
400,'S2-2_6',739,,85777,39,0,40,0,105,,85778,39,0,40,0,72,,85771,51,0,40,0,27,,85779,39,0,40,0,72,,85780,39,0,40,0,30,,85781,39,0,40,0,71,,85772,51,0,40,0,31,,85782,39,0,40,0,70,,85784,39,0,40,0,29,,85783,39,0,40,0,69,,85773,51,0,40,0,31,,85785,39,0,40,0,70,,85786,39,0,40,0,29,,85787,39,0,40,0,73,,85774,51,0,40,0,33,,85788,39,0,40,0,70,,85789,39,0,40,0,30,,85790,39,0,40,0,73,,85775,51,0,40,0,33,,85791,39,0,40,0,70,,85792,39,0,40,0,31,,85793,39,0,40,0,69,,85776,51,0,40,0,31,,85794,39,0,40,0
400,'S2-3_7',853,,85795,51,0,40,0,165,,85796,51,0,40,0,125,,85797,51,0,40,0,200,,85798,51,0,40,0,166,,85799,51,0,40,0,125,,85800,51,0,40,0,166,,85801,51,0,40,0,124,,85802,51,0,40,0
400,'S2-4_1',749,,85827,40,0,40,0,58,,85831,9,0,23 51,0,2,,85834,43,0,40,0,6,,85803,39,0,40,0,17,,85804,40,0,40,0,10,,85828,39,0,40,0,14,,85805,39,0,40,0,53,,85806,39,0,40,0,30,,85807,39,0,40,0,79,,85808,51,0,40,0,31,,85809,39,0,40,0,71,,85810,39,0,40,0,36,,85811,39,0,40,0,77,,85812,39,0,40,0,25,,85832,42,,,0,66,,85829,52,0,40,0,25,,85813,39,0,40,0,66,,85814,39,0,40,0,30,,85817,51,0,40,0,76,,85815,39,0,40,0,30,,85818,51,0,40,0,79,,85816,39,0,40,0,80,,85835,43,0,40,0,22,,85819,51,0,40,0,8,,85830,24,0,40,0,8,,85820,39,0,40,0,61,,85836,43,,,0,5,,85822,39,0,40,0,24,,85825,23,0,40,0,21,,85833,42,,,0,70,,85823,39,0,40,0,23,,85824,51,0,40,0
400,'S2-4_2',749,,85861,40,0,40,0,58,,85865,9,0,23 51,0,2,,85868,43,0,40,0,6,,85837,39,0,40,0,17,,85838,40,0,40,0,10,,85862,39,0,40,0,14,,85839,39,0,40,0,53,,85840,39,0,40,0,30,,85841,39,0,40,0,79,,85842,51,0,40,0,31,,85843,39,0,40,0,71,,85844,39,0,40,0,36,,85845,39,0,40,0,77,,85846,39,0,40,0,25,,85866,42,,,0,66,,85863,52,0,40,0,25,,85847,39,0,40,0,66,,85848,39,0,40,0,30,,85851,51,0,40,0,76,,85849,39,0,40,0,30,,85852,51,0,40,0,79,,85850,39,0,40,0,80,,85869,43,0,40,0,22,,85853,51,0,40,0,8,,85864,24,0,40,0,8,,85854,39,0,40,0,61,,85870,43,,,0,5,,85856,39,0,40,0,24,,85859,23,0,40,0,21,,85867,42,,,0,70,,85857,39,0,40,0,23,,85858,51,0,40,0
400,'S2-4_4',749,,85895,40,0,40,0,58,,85899,9,0,23 51,0,2,,85902,43,0,40,0,6,,85871,39,0,40,0,17,,85872,40,0,40,0,10,,85896,39,0,40,0,14,,85873,39,0,40,0,53,,85874,39,0,40,0,30,,85875,39,0,40,0,79,,85876,51,0,40,0,31,,85877,39,0,40,0,71,,85878,39,0,40,0,36,,85879,39,0,40,0,77,,85880,39,0,40,0,25,,85900,42,,,0,66,,85897,52,0,40,0,25,,85881,39,0,40,0,66,,85882,39,0,40,0,30,,85885,51,0,40,0,76,,85883,39,0,40,0,30,,85886,51,0,40,0,79,,85884,39,0,40,0,80,,85903,43,0,40,0,22,,85887,51,0,40,0,8,,85898,24,0,40,0,8,,85888,39,0,40,0,61,,85904,43,,,0,5,,85890,39,0,40,0,24,,85893,23,0,40,0,21,,85901,42,,,0,70,,85891,39,0,40,0,23,,85892,51,0,40,0
2300,'S2-0_4',1621,,88084,20,,,0,104,,88085,20,,,0,96,,88086,20,,,0
2300,'S2-0_5',1621,,88087,20,,,0,104,,88088,20,,,0,96,,88089,20,,,0
2300,'S2-1_3',1226,,88091,20,,,0,3,,88090,20,,,0
2300,'S2-4_1',1621,,88092,20,,,0,104,,88093,20,,,0,96,,88094,20,,,0
2300,'S2-4_2',1621,,88095,20,,,0,104,,88096,20,,,0,96,,88097,20,,,0
2300,'S2-4_4',1621,,88098,20,,,0,104,,88099,20,,,0,96,,88100,20,,,0
2900400,'S2-0_4',1701,,91394,5,,,0,100,,91395,5,,,0
2900400,'S2-0_5',1701,,91396,5,,,0,100,,91397,5,,,0
2900400,'S2-1_3',1701,,91398,5,,,0,100,,91399,5,,,0
2900400,'S2-4_1',1701,,91400,5,,,0,100,,91401,5,,,0
2900400,'S2-4_2',1701,,91402,5,,,0,100,,91403,5,,,0
2900400,'S2-4_4',1701,,91404,5,,,0,100,,91405,5,,,0
