1500,'S2-0_4',740,,87345,13,,,0,61,,87346,13,,,0,114,,87347,13,,,0,117,,87348,13,,,0,118,,87349,13,,,0,80,,87350,13,,,0,75,,87351,13,,,0,97,,87352,13,,,0,119,,87344,13,0,44,0,103,,87353,13,,,0,109,,87354,13,,,0,98,,87355,13,,,0,110,,87356,13,,,0
1500,'S2-0_5',740,,87358,13,,,0,61,,87359,13,,,0,114,,87360,13,,,0,117,,87361,13,,,0,118,,87362,13,,,0,80,,87363,13,,,0,75,,87364,13,,,0,97,,87365,13,,,0,119,,87357,13,0,44,0,103,,87366,13,,,0,109,,87367,13,,,0,98,,87368,13,,,0,110,,87369,13,,,0
1500,'S2-1_3',740,,87371,13,,,0,61,,87372,13,,,0,114,,87373,13,,,0,117,,87374,13,,,0,118,,87375,13,,,0,80,,87376,13,,,0,75,,87377,13,,,0,97,,87378,13,,,0,119,,87370,13,0,44,0,103,,87379,13,,,0,109,,87380,13,,,0,98,,87381,13,,,0,110,,87382,13,,,0
1500,'S2-2_6',740,,87384,13,,,0,61,,87385,13,,,0,114,,87386,13,,,0,117,,87387,13,,,0,118,,87388,13,,,0,80,,87389,13,,,0,75,,87390,13,,,0,97,,87391,13,,,0,119,,87383,13,0,44,0,103,,87392,13,,,0,109,,87393,13,,,0,98,,87394,13,,,0,110,,87395,13,,,0
1500,'S2-4_1',740,,87397,13,,,0,61,,87398,13,,,0,114,,87399,13,,,0,117,,87400,13,,,0,118,,87401,13,,,0,80,,87402,13,,,0,75,,87403,13,,,0,97,,87404,13,,,0,119,,87396,13,0,44,0,103,,87405,13,,,0,109,,87406,13,,,0,98,,87407,13,,,0,110,,87408,13,,,0
1500,'S2-4_2',740,,87410,13,,,0,61,,87411,13,,,0,114,,87412,13,,,0,117,,87413,13,,,0,118,,87414,13,,,0,80,,87415,13,,,0,75,,87416,13,,,0,97,,87417,13,,,0,119,,87409,13,0,44,0,103,,87418,13,,,0,109,,87419,13,,,0,98,,87420,13,,,0,110,,87421,13,,,0
1500,'S2-4_4',740,,87423,13,,,0,61,,87424,13,,,0,114,,87425,13,,,0,117,,87426,13,,,0,118,,87427,13,,,0,80,,87428,13,,,0,75,,87429,13,,,0,97,,87430,13,,,0,119,,87422,13,0,44,0,103,,87431,13,,,0,109,,87432,13,,,0,98,,87433,13,,,0,110,,87434,13,,,0
1501,'S2-0_4',658,,87436,12,,,0,58,,87437,12,,,0,95,,87438,12,,,0,21,,87439,12,,,0,117,,87440,12,,,0,156,,87441,12,,,0,118,,87442,12,,,0,94,,87443,12,,,0,118,,87444,12,,,0,222,,87445,12,,,0,150,,87446,12,,,0,95,,87447,12,,,0
1501,'S2-0_5',658,,87449,12,,,0,58,,87450,12,,,0,95,,87451,12,,,0,21,,87452,12,,,0,117,,87453,12,,,0,156,,87454,12,,,0,118,,87455,12,,,0,94,,87456,12,,,0,118,,87457,12,,,0,222,,87458,12,,,0,150,,87459,12,,,0,95,,87460,12,,,0
1501,'S2-1_3',658,,87462,12,,,0,58,,87463,12,,,0,95,,87464,12,,,0,21,,87465,12,,,0,117,,87466,12,,,0,156,,87467,12,,,0,118,,87468,12,,,0,94,,87469,12,,,0,118,,87470,12,,,0,222,,87471,12,,,0,150,,87472,12,,,0,95,,87473,12,,,0
1501,'S2-2_6',658,,87475,12,,,0,58,,87476,12,,,0,95,,87477,12,,,0,21,,87478,12,,,0,117,,87479,12,,,0,156,,87480,12,,,0,118,,87481,12,,,0,94,,87482,12,,,0,118,,87483,12,,,0,222,,87484,12,,,0,150,,87485,12,,,0,95,,87486,12,,,0
1501,'S2-4_1',658,,87488,12,,,0,58,,87489,12,,,0,95,,87490,12,,,0,21,,87491,12,,,0,117,,87492,12,,,0,156,,87493,12,,,0,118,,87494,12,,,0,94,,87495,12,,,0,118,,87496,12,,,0,222,,87497,12,,,0,150,,87498,12,,,0,95,,87499,12,,,0
1501,'S2-4_2',658,,87501,12,,,0,58,,87502,12,,,0,95,,87503,12,,,0,21,,87504,12,,,0,117,,87505,12,,,0,156,,87506,12,,,0,118,,87507,12,,,0,94,,87508,12,,,0,118,,87509,12,,,0,222,,87510,12,,,0,150,,87511,12,,,0,95,,87512,12,,,0
1501,'S2-4_4',658,,87514,12,,,0,58,,87515,12,,,0,95,,87516,12,,,0,21,,87517,12,,,0,117,,87518,12,,,0,156,,87519,12,,,0,118,,87520,12,,,0,94,,87521,12,,,0,118,,87522,12,,,0,222,,87523,12,,,0,150,,87524,12,,,0,95,,87525,12,,,0
