2401,'S2-0_4',735,,88141,15,0,18 19,0,895,,88142,13,,,0,104,,88143,13,,,0
2401,'S2-0_5',735,,88144,15,0,18 19,0,895,,88145,13,,,0,104,,88146,13,,,0
2401,'S2-1_3',735,,88147,15,0,18 19,0
2401,'S2-4_1',735,,88148,15,0,18 19,0,895,,88149,13,,,0,104,,88150,13,,,0
2401,'S2-4_2',735,,88151,15,0,18 19,0,895,,88152,13,,,0,104,,88153,13,,,0
2401,'S2-4_4',735,,88154,15,0,18 19,0,895,,88155,13,,,0,104,,88156,13,,,0
2000001,'S2-0_4',650,,90979,17,,,0,68,,90956,17,,,0,14,,90937,11,,,0,3,,90935,7,0,18 19,0,1,,90939,17,,,0,16,,90964,17,,,0,56,,90947,17,,,0,14,,90982,17,,,0,14,,90929,17,,,0,14,,90957,17,,,0,54,,90941,17,,,0,16,,90965,17,,,0,16,,90949,17,,,0,17,,90973,17,,,0,57,,90930,17,,,0,15,,90963,17,,,0,15,,90940,17,,,0,16,,90966,17,,,0,57,,90948,17,,,0,16,,90975,17,,,0,15,,90931,17,,,0,56,,90961,17,,,0,15,,90946,17,,,0,16,,90967,17,,,0,15,,90955,17,,,0,54,,90974,17,,,0,16,,90933,17,,,0,12,,90958,17,,,0,17,,90942,17,,,0,55,,90969,17,,,0,15,,90950,17,,,0,15,,90978,17,,,0,15,,90934,17,,,0,56,,90959,17,,,0,16,,90943,17,,,0,15,,90968,17,,,0,16,,90951,17,,,0,54,,90977,17,,,0,16,,90932,17,,,0,16,,90960,17,,,0,17,,90944,17,,,0,56,,90970,17,,,0,17,,90952,17,,,0,17,,90928,17,,,0,16,,90976,17,,,0,57,,90983,17,,,0,10,,90962,17,,,0,12,,90945,17,,,0,14,,90971,17,,,0,54,,90953,17,,,0,11,,90927,17,,,0,13,,90980,17,,,0,14,,90936,17,,,0,62,,90972,17,,,0,20,,90954,17,,,0,20,,90981,17,,,0,59,,90938,17,,,0
2000001,'S2-0_5',650,,91036,17,,,0,68,,91013,17,,,0,14,,90994,11,,,0,3,,90992,7,0,18 19,0,1,,90996,17,,,0,16,,91021,17,,,0,56,,91004,17,,,0,14,,91039,17,,,0,14,,90986,17,,,0,14,,91014,17,,,0,54,,90998,17,,,0,16,,91022,17,,,0,16,,91006,17,,,0,17,,91030,17,,,0,57,,90987,17,,,0,15,,91020,17,,,0,15,,90997,17,,,0,16,,91023,17,,,0,57,,91005,17,,,0,16,,91032,17,,,0,15,,90988,17,,,0,56,,91018,17,,,0,15,,91003,17,,,0,16,,91024,17,,,0,15,,91012,17,,,0,54,,91031,17,,,0,16,,90990,17,,,0,12,,91015,17,,,0,17,,90999,17,,,0,55,,91026,17,,,0,15,,91007,17,,,0,15,,91035,17,,,0,15,,90991,17,,,0,56,,91016,17,,,0,16,,91000,17,,,0,15,,91025,17,,,0,16,,91008,17,,,0,54,,91034,17,,,0,16,,90989,17,,,0,16,,91017,17,,,0,17,,91001,17,,,0,56,,91027,17,,,0,17,,91009,17,,,0,17,,90985,17,,,0,16,,91033,17,,,0,57,,91040,17,,,0,10,,91019,17,,,0,12,,91002,17,,,0,14,,91028,17,,,0,54,,91010,17,,,0,11,,90984,17,,,0,13,,91037,17,,,0,14,,90993,17,,,0,62,,91029,17,,,0,20,,91011,17,,,0,20,,91038,17,,,0,59,,90995,17,,,0
2000001,'S2-1_3',650,,91093,17,,,0,68,,91070,17,,,0,14,,91051,11,,,0,3,,91049,7,0,18 19,0,1,,91053,17,,,0,16,,91078,17,,,0,56,,91061,17,,,0,14,,91096,17,,,0,14,,91043,17,,,0,14,,91071,17,,,0,54,,91055,17,,,0,16,,91079,17,,,0,16,,91063,17,,,0,17,,91087,17,,,0,57,,91044,17,,,0,15,,91077,17,,,0,15,,91054,17,,,0,16,,91080,17,,,0,57,,91062,17,,,0,16,,91089,17,,,0,15,,91045,17,,,0,56,,91075,17,,,0,15,,91060,17,,,0,16,,91081,17,,,0,15,,91069,17,,,0,54,,91088,17,,,0,16,,91047,17,,,0,12,,91072,17,,,0,17,,91056,17,,,0,55,,91083,17,,,0,15,,91064,17,,,0,15,,91092,17,,,0,15,,91048,17,,,0,56,,91073,17,,,0,16,,91057,17,,,0,15,,91082,17,,,0,16,,91065,17,,,0,54,,91091,17,,,0,16,,91046,17,,,0,16,,91074,17,,,0,17,,91058,17,,,0,56,,91084,17,,,0,17,,91066,17,,,0,17,,91042,17,,,0,16,,91090,17,,,0,57,,91097,17,,,0,10,,91076,17,,,0,12,,91059,17,,,0,14,,91085,17,,,0,54,,91067,17,,,0,11,,91041,17,,,0,13,,91094,17,,,0,14,,91050,17,,,0,62,,91086,17,,,0,20,,91068,17,,,0,20,,91095,17,,,0,59,,91052,17,,,0
2000001,'S2-2_6',654,,91098,17,,,0,81,,91099,17,,,0,79,,91100,17,,,0,32,,91138,17,,,0,61,,91102,17,,,0,20,,91101,17,,,0,21,,91103,17,,,0,60,,91104,17,,,0,19,,91106,17,,,0,18,,91105,17,,,0,60,,91111,17,,,0,19,,91109,17,,,0,18,,91113,17,,,0,59,,91107,17,,,0,19,,91112,17,,,0,20,,91108,17,,,0,16,,91110,17,,,0,58,,91119,17,,,0,18,,91116,17,,,0,20,,91117,17,,,0,61,,91118,17,,,0,18,,91115,17,,,0,17,,91114,17,,,0,59,,91120,17,,,0,23,,91121,17,,,0,20,,91123,17,,,0,59,,91122,17,,,0,19,,91124,17,,,0,20,,91125,17,,,0,61,,91126,17,,,0,20,,91128,17,,,0,19,,91127,17,,,0,58,,91129,17,,,0,19,,91130,17,,,0,19,,91131,17,,,0,59,,91132,17,,,0,17,,91133,17,,,0,18,,91134,17,,,0,62,,91135,17,,,0,24,,91136,17,,,0,23,,91137,17,,,0
2000001,'S2-3_7',827,,91156,17,,,0,80,,91139,17,,,0,40,,91140,17,,,0,80,,91141,17,,,0,80,,91142,17,,,0,40,,91143,17,,,0,80,,91144,17,,,0,80,,91145,17,,,0,40,,91147,17,,,0,80,,91146,17,,,0,80,,91148,17,,,0,40,,91149,17,,,0,80,,91150,17,,,0,80,,91151,17,,,0,40,,91153,17,,,0,80,,91152,17,,,0,80,,91154,17,,,0,40,,91155,17,,,0
2000001,'S2-4_1',650,,91209,17,,,0,68,,91186,17,,,0,14,,91167,11,,,0,3,,91165,7,0,18 19,0,1,,91169,17,,,0,16,,91194,17,,,0,56,,91177,17,,,0,14,,91212,17,,,0,14,,91159,17,,,0,14,,91187,17,,,0,54,,91171,17,,,0,16,,91195,17,,,0,16,,91179,17,,,0,17,,91203,17,,,0,57,,91160,17,,,0,15,,91193,17,,,0,15,,91170,17,,,0,16,,91196,17,,,0,57,,91178,17,,,0,16,,91205,17,,,0,15,,91161,17,,,0,56,,91191,17,,,0,15,,91176,17,,,0,16,,91197,17,,,0,15,,91185,17,,,0,54,,91204,17,,,0,16,,91163,17,,,0,12,,91188,17,,,0,17,,91172,17,,,0,55,,91199,17,,,0,15,,91180,17,,,0,15,,91208,17,,,0,15,,91164,17,,,0,56,,91189,17,,,0,16,,91173,17,,,0,15,,91198,17,,,0,16,,91181,17,,,0,54,,91207,17,,,0,16,,91162,17,,,0,16,,91190,17,,,0,17,,91174,17,,,0,56,,91200,17,,,0,17,,91182,17,,,0,17,,91158,17,,,0,16,,91206,17,,,0,57,,91213,17,,,0,10,,91192,17,,,0,12,,91175,17,,,0,14,,91201,17,,,0,54,,91183,17,,,0,11,,91157,17,,,0,13,,91210,17,,,0,14,,91166,17,,,0,62,,91202,17,,,0,20,,91184,17,,,0,20,,91211,17,,,0,59,,91168,17,,,0
2000001,'S2-4_2',650,,91266,17,,,0,68,,91243,17,,,0,14,,91224,11,,,0,3,,91222,7,0,18 19,0,1,,91226,17,,,0,16,,91251,17,,,0,56,,91234,17,,,0,14,,91269,17,,,0,14,,91216,17,,,0,14,,91244,17,,,0,54,,91228,17,,,0,16,,91252,17,,,0,16,,91236,17,,,0,17,,91260,17,,,0,57,,91217,17,,,0,15,,91250,17,,,0,15,,91227,17,,,0,16,,91253,17,,,0,57,,91235,17,,,0,16,,91262,17,,,0,15,,91218,17,,,0,56,,91248,17,,,0,15,,91233,17,,,0,16,,91254,17,,,0,15,,91242,17,,,0,54,,91261,17,,,0,16,,91220,17,,,0,12,,91245,17,,,0,17,,91229,17,,,0,55,,91256,17,,,0,15,,91237,17,,,0,15,,91265,17,,,0,15,,91221,17,,,0,56,,91246,17,,,0,16,,91230,17,,,0,15,,91255,17,,,0,16,,91238,17,,,0,54,,91264,17,,,0,16,,91219,17,,,0,16,,91247,17,,,0,17,,91231,17,,,0,56,,91257,17,,,0,17,,91239,17,,,0,17,,91215,17,,,0,16,,91263,17,,,0,57,,91270,17,,,0,10,,91249,17,,,0,12,,91232,17,,,0,14,,91258,17,,,0,54,,91240,17,,,0,11,,91214,17,,,0,13,,91267,17,,,0,14,,91223,17,,,0,62,,91259,17,,,0,20,,91241,17,,,0,20,,91268,17,,,0,59,,91225,17,,,0
2000001,'S2-4_4',650,,91323,17,,,0,68,,91300,17,,,0,14,,91281,11,,,0,3,,91279,7,0,18 19,0,1,,91283,17,,,0,16,,91308,17,,,0,56,,91291,17,,,0,14,,91326,17,,,0,14,,91273,17,,,0,14,,91301,17,,,0,54,,91285,17,,,0,16,,91309,17,,,0,16,,91293,17,,,0,17,,91317,17,,,0,57,,91274,17,,,0,15,,91307,17,,,0,15,,91284,17,,,0,16,,91310,17,,,0,57,,91292,17,,,0,16,,91319,17,,,0,15,,91275,17,,,0,56,,91305,17,,,0,15,,91290,17,,,0,16,,91311,17,,,0,15,,91299,17,,,0,54,,91318,17,,,0,16,,91277,17,,,0,12,,91302,17,,,0,17,,91286,17,,,0,55,,91313,17,,,0,15,,91294,17,,,0,15,,91322,17,,,0,15,,91278,17,,,0,56,,91303,17,,,0,16,,91287,17,,,0,15,,91312,17,,,0,16,,91295,17,,,0,54,,91321,17,,,0,16,,91276,17,,,0,16,,91304,17,,,0,17,,91288,17,,,0,56,,91314,17,,,0,17,,91296,17,,,0,17,,91272,17,,,0,16,,91320,17,,,0,57,,91327,17,,,0,10,,91306,17,,,0,12,,91289,17,,,0,14,,91315,17,,,0,54,,91297,17,,,0,11,,91271,17,,,0,13,,91324,17,,,0,14,,91280,17,,,0,62,,91316,17,,,0,20,,91298,17,,,0,20,,91325,17,,,0,59,,91282,17,,,0
