401,'S2-0_4',645,,85936,2,0,52,0,60,,85906,9,0,41,0,8,,85923,9,0,41,0,20,,85907,9,0,41,0,12,,85930,9,,,0,69,,85908,9,0,41,0,11,,85909,9,0,41,0,81,,85910,9,0,41,0,34,,85911,9,0,41,0,74,,85912,9,0,41,0,35,,85932,9,,,0,70,,85913,9,0,41,0,28,,85914,9,0,41,0,56,,85931,9,,,0,31,,85927,9,0,41,0,75,,85933,9,,,0,33,,85905,12,0,41,0,77,,85915,9,0,41,0,28,,85934,9,,,0,72,,85916,9,0,41,0,24,,85917,9,0,41,0,13,,85918,9,0,41,0,53,,85928,9,0,41,0,20,,85924,9,0,41,0,16,,85919,9,0,41,0,11,,85925,9,0,41,0,53,,85929,9,,,0,38,,85920,9,0,41,0,61,,85926,9,0,41,0,43,,85921,9,0,41,0,61,,85935,9,,,0
401,'S2-0_5',645,,85968,2,0,52,0,60,,85938,9,0,41,0,8,,85955,9,0,41,0,20,,85939,9,0,41,0,12,,85962,9,,,0,69,,85940,9,0,41,0,11,,85941,9,0,41,0,81,,85942,9,0,41,0,34,,85943,9,0,41,0,74,,85944,9,0,41,0,35,,85964,9,,,0,70,,85945,9,0,41,0,28,,85946,9,0,41,0,56,,85963,9,,,0,31,,85959,9,0,41,0,75,,85965,9,,,0,33,,85937,12,0,41,0,77,,85947,9,0,41,0,28,,85966,9,,,0,72,,85948,9,0,41,0,24,,85949,9,0,41,0,13,,85950,9,0,41,0,53,,85960,9,0,41,0,20,,85956,9,0,41,0,16,,85951,9,0,41,0,11,,85957,9,0,41,0,53,,85961,9,,,0,38,,85952,9,0,41,0,61,,85958,9,0,41,0,43,,85953,9,0,41,0,61,,85967,9,,,0
401,'S2-1_3',645,,86000,2,0,52,0,60,,85970,9,0,41,0,8,,85987,9,0,41,0,20,,85971,9,0,41,0,12,,85994,9,,,0,69,,85972,9,0,41,0,11,,85973,9,0,41,0,81,,85974,9,0,41,0,34,,85975,9,0,41,0,74,,85976,9,0,41,0,35,,85996,9,,,0,70,,85977,9,0,41,0,28,,85978,9,0,41,0,56,,85995,9,,,0,31,,85991,9,0,41,0,75,,85997,9,,,0,33,,85969,12,0,41,0,77,,85979,9,0,41,0,28,,85998,9,,,0,72,,85980,9,0,41,0,24,,85981,9,0,41,0,13,,85982,9,0,41,0,53,,85992,9,0,41,0,20,,85988,9,0,41,0,16,,85983,9,0,41,0,11,,85989,9,0,41,0,53,,85993,9,,,0,38,,85984,9,0,41,0,61,,85990,9,0,41,0,43,,85985,9,0,41,0,61,,85999,9,,,0
401,'S2-2_6',654,,86001,9,,,0,155,,86008,9,0,41,0,35,,86002,9,,,0,69,,86009,9,0,41,0,32,,86010,9,0,41,0,67,,86011,9,0,41,0,32,,86003,9,,,0,69,,86012,9,0,41,0,31,,86013,9,0,41,0,71,,86014,9,0,41,0,30,,86004,9,,,0,69,,86015,9,0,41,0,29,,86016,9,0,41,0,71,,86017,9,0,41,0,31,,86005,9,,,0,68,,86018,9,0,41,0,32,,86019,9,0,41,0,73,,86020,9,0,41,0,31,,86006,9,,,0,71,,86021,9,0,41,0,33,,86022,9,0,41,0,72,,86023,9,0,41,0,31,,86024,9,0,41,0,70,,86007,9,,,0
401,'S2-3_7',932,,86025,9,,,0,125,,86026,9,,,0,165,,86027,9,,,0,201,,86028,9,,,0,125,,86029,9,,,0,165,,86030,9,,,0,125,,86031,9,,,0
401,'S2-4_1',645,,86063,2,0,52,0,60,,86033,9,0,41,0,8,,86050,9,0,41,0,20,,86034,9,0,41,0,12,,86057,9,,,0,69,,86035,9,0,41,0,11,,86036,9,0,41,0,81,,86037,9,0,41,0,34,,86038,9,0,41,0,74,,86039,9,0,41,0,35,,86059,9,,,0,70,,86040,9,0,41,0,28,,86041,9,0,41,0,56,,86058,9,,,0,31,,86054,9,0,41,0,75,,86060,9,,,0,33,,86032,12,0,41,0,77,,86042,9,0,41,0,28,,86061,9,,,0,72,,86043,9,0,41,0,24,,86044,9,0,41,0,13,,86045,9,0,41,0,53,,86055,9,0,41,0,20,,86051,9,0,41,0,16,,86046,9,0,41,0,11,,86052,9,0,41,0,53,,86056,9,,,0,38,,86047,9,0,41,0,61,,86053,9,0,41,0,43,,86048,9,0,41,0,61,,86062,9,,,0
401,'S2-4_2',645,,86095,2,0,52,0,60,,86065,9,0,41,0,8,,86082,9,0,41,0,20,,86066,9,0,41,0,12,,86089,9,,,0,69,,86067,9,0,41,0,11,,86068,9,0,41,0,81,,86069,9,0,41,0,34,,86070,9,0,41,0,74,,86071,9,0,41,0,35,,86091,9,,,0,70,,86072,9,0,41,0,28,,86073,9,0,41,0,56,,86090,9,,,0,31,,86086,9,0,41,0,75,,86092,9,,,0,33,,86064,12,0,41,0,77,,86074,9,0,41,0,28,,86093,9,,,0,72,,86075,9,0,41,0,24,,86076,9,0,41,0,13,,86077,9,0,41,0,53,,86087,9,0,41,0,20,,86083,9,0,41,0,16,,86078,9,0,41,0,11,,86084,9,0,41,0,53,,86088,9,,,0,38,,86079,9,0,41,0,61,,86085,9,0,41,0,43,,86080,9,0,41,0,61,,86094,9,,,0
401,'S2-4_4',645,,86127,2,0,52,0,60,,86097,9,0,41,0,8,,86114,9,0,41,0,20,,86098,9,0,41,0,12,,86121,9,,,0,69,,86099,9,0,41,0,11,,86100,9,0,41,0,81,,86101,9,0,41,0,34,,86102,9,0,41,0,74,,86103,9,0,41,0,35,,86123,9,,,0,70,,86104,9,0,41,0,28,,86105,9,0,41,0,56,,86122,9,,,0,31,,86118,9,0,41,0,75,,86124,9,,,0,33,,86096,12,0,41,0,77,,86106,9,0,41,0,28,,86125,9,,,0,72,,86107,9,0,41,0,24,,86108,9,0,41,0,13,,86109,9,0,41,0,53,,86119,9,0,41,0,20,,86115,9,0,41,0,16,,86110,9,0,41,0,11,,86116,9,0,41,0,53,,86120,9,,,0,38,,86111,9,0,41,0,61,,86117,9,0,41,0,43,,86112,9,0,41,0,61,,86126,9,,,0
2301,'S2-0_4',654,,88103,2,,,0,62,,88102,2,,,0,1,,88101,12,,,0
2301,'S2-0_5',654,,88106,2,,,0,62,,88105,2,,,0,1,,88104,12,,,0
2301,'S2-1_3',654,,88109,2,,,0,62,,88108,2,,,0,1,,88107,12,,,0
2301,'S2-4_1',654,,88112,2,,,0,62,,88111,2,,,0,1,,88110,12,,,0
2301,'S2-4_2',654,,88115,2,,,0,62,,88114,2,,,0,1,,88113,12,,,0
2301,'S2-4_4',654,,88118,2,,,0,62,,88117,2,,,0,1,,88116,12,,,0
