501,'S2-0_4',949,,86230,30,,,0,105,,86231,30,,,0,101,,86232,30,,,0,85,,86233,30,,,0,94,,86234,30,,,0,98,,86235,30,,,0,103,,86236,30,,,0,103,,86237,30,,,0,107,,86238,30,,,0,101,,86242,30,,,0,166,,86243,30,,,0
501,'S2-0_5',949,,86244,30,,,0,105,,86245,30,,,0,101,,86246,30,,,0,85,,86247,30,,,0,94,,86248,30,,,0,98,,86249,30,,,0,103,,86250,30,,,0,103,,86251,30,,,0,107,,86252,30,,,0,101,,86256,30,,,0,166,,86257,30,,,0
501,'S2-1_3',949,,86258,30,,,0,105,,86259,30,,,0,101,,86260,30,,,0,85,,86261,30,,,0,94,,86262,30,,,0,98,,86263,30,,,0,103,,86264,30,,,0,103,,86265,30,,,0,107,,86266,30,,,0,101,,86268,30,,,0,166,,86269,30,,,0
501,'S2-2_6',839,,86270,30,,,0,101,,86271,30,,,0,101,,86272,30,,,0,100,,86273,30,,,0,99,,86274,30,,,0,94,,86275,30,,,0,99,,86276,30,,,0,101,,86277,30,,,0,99,,86278,30,,,0,104,,86279,30,,,0,98,,86280,30,,,0,186,,86281,30,,,0
501,'S2-4_1',949,,86282,30,,,0,105,,86283,30,,,0,101,,86284,30,,,0,85,,86285,30,,,0,94,,86286,30,,,0,98,,86287,30,,,0,103,,86288,30,,,0,103,,86289,30,,,0,107,,86290,30,,,0,101,,86294,30,,,0,166,,86295,30,,,0
501,'S2-4_2',949,,86296,30,,,0,105,,86297,30,,,0,101,,86298,30,,,0,85,,86299,30,,,0,94,,86300,30,,,0,98,,86301,30,,,0,103,,86302,30,,,0,103,,86303,30,,,0,107,,86304,30,,,0,101,,86308,30,,,0,166,,86309,30,,,0
501,'S2-4_4',949,,86310,30,,,0,105,,86311,30,,,0,101,,86312,30,,,0,85,,86313,30,,,0,94,,86314,30,,,0,98,,86315,30,,,0,103,,86316,30,,,0,103,,86317,30,,,0,107,,86318,30,,,0,101,,86322,30,,,0,166,,86323,30,,,0
2900501,'S2-0_4',1746,,91430,3,,,0,110,,91431,3,,,0
2900501,'S2-0_5',1746,,91432,3,,,0,110,,91433,3,,,0
2900501,'S2-1_3',1251,,91434,3,,,0,495,,91435,3,,,0,110,,91436,3,,,0
2900501,'S2-4_1',1746,,91437,3,,,0,110,,91438,3,,,0
2900501,'S2-4_2',1746,,91439,3,,,0,110,,91440,3,,,0
2900501,'S2-4_4',1746,,91441,3,,,0,110,,91442,3,,,0
