500,'S2-0_4',653,,86140,3,,,0,159,,86128,3,,,0,105,,86129,3,,,0,100,,86130,3,,,0,105,,86131,3,,,0,101,,86132,3,,,0,84,,86133,3,,,0,94,,86134,3,,,0,100,,86135,3,,,0,102,,86136,3,,,0,106,,86137,3,,,0,103,,86142,3,,,0,100,,86138,3,,,0
500,'S2-0_5',653,,86155,3,,,0,159,,86143,3,,,0,105,,86144,3,,,0,100,,86145,3,,,0,105,,86146,3,,,0,101,,86147,3,,,0,84,,86148,3,,,0,94,,86149,3,,,0,100,,86150,3,,,0,102,,86151,3,,,0,106,,86152,3,,,0,103,,86157,3,,,0,100,,86153,3,,,0
500,'S2-1_3',653,,86170,3,,,0,159,,86158,3,,,0,105,,86159,3,,,0,100,,86160,3,,,0,105,,86161,3,,,0,101,,86162,3,,,0,84,,86163,3,,,0,94,,86164,3,,,0,100,,86165,3,,,0,102,,86166,3,,,0,106,,86167,3,,,0,103,,86172,3,,,0,100,,86168,3,,,0
500,'S2-2_6',712,,86184,3,,,0,99,,86173,3,,,0,99,,86174,3,,,0,100,,86175,3,,,0,100,,86176,3,,,0,97,,86177,3,,,0,98,,86178,3,,,0,100,,86179,3,,,0,99,,86180,3,,,0,100,,86181,3,,,0,100,,86182,3,,,0,154,,86183,3,,,0
500,'S2-4_1',653,,86197,3,,,0,159,,86185,3,,,0,105,,86186,3,,,0,100,,86187,3,,,0,105,,86188,3,,,0,101,,86189,3,,,0,84,,86190,3,,,0,94,,86191,3,,,0,100,,86192,3,,,0,102,,86193,3,,,0,106,,86194,3,,,0,103,,86199,3,,,0,100,,86195,3,,,0
500,'S2-4_2',653,,86212,3,,,0,159,,86200,3,,,0,105,,86201,3,,,0,100,,86202,3,,,0,105,,86203,3,,,0,101,,86204,3,,,0,84,,86205,3,,,0,94,,86206,3,,,0,100,,86207,3,,,0,102,,86208,3,,,0,106,,86209,3,,,0,103,,86214,3,,,0,100,,86210,3,,,0
500,'S2-4_4',653,,86227,3,,,0,159,,86215,3,,,0,105,,86216,3,,,0,100,,86217,3,,,0,105,,86218,3,,,0,101,,86219,3,,,0,84,,86220,3,,,0,94,,86221,3,,,0,100,,86222,3,,,0,102,,86223,3,,,0,106,,86224,3,,,0,103,,86229,3,,,0,100,,86225,3,,,0
2900500,'S2-0_4',646,,91418,3,,,0,106,,91419,3,,,0
2900500,'S2-0_5',646,,91420,3,,,0,106,,91421,3,,,0
2900500,'S2-1_3',646,,91422,3,,,0,106,,91423,3,,,0
2900500,'S2-4_1',646,,91424,3,,,0,106,,91425,3,,,0
2900500,'S2-4_2',646,,91426,3,,,0,106,,91427,3,,,0
2900500,'S2-4_4',646,,91428,3,,,0,106,,91429,3,,,0
