901,'S2-0_4',752,,86988,16,0,26,0,66,,86989,16,0,27 63,0,103,,86994,16,0,23 24,0,95,,86998,1,0,23 24,0,98,,86995,16,0,23 24,0,106,,86990,16,0,27 63,0,181,,86996,16,0,23 24,0,112,,86997,16,0,23 24,0,109,,86991,16,0,27 63,0,102,,86992,16,0,27 63,0,95,,86993,16,0,27 63,0,126,,87003,16,,,0
901,'S2-0_5',752,,87004,16,0,26,0,66,,87005,16,0,27 63,0,103,,87010,16,0,23 24,0,95,,87014,1,0,23 24,0,98,,87011,16,0,23 24,0,106,,87006,16,0,27 63,0,181,,87012,16,0,23 24,0,112,,87013,16,0,23 24,0,109,,87007,16,0,27 63,0,102,,87008,16,0,27 63,0,95,,87009,16,0,27 63,0,126,,87019,16,,,0
901,'S2-1_3',752,,87020,16,0,26,0,66,,87021,16,0,27 63,0,103,,87026,16,0,23 24,0,95,,87030,1,0,23 24,0,98,,87027,16,0,23 24,0,106,,87022,16,0,27 63,0,181,,87028,16,0,23 24,0,112,,87029,16,0,23 24,0,109,,87023,16,0,27 63,0,102,,87024,16,0,27 63,0,95,,87025,16,0,27 63,0,126,,87035,16,,,0
901,'S2-2_6',749,,87036,16,0,23 24,0,99,,87048,16,0,25,0,90,,87041,1,0,23 24,0,165,,87042,1,0,23 24,0,113,,87046,16,0,25,0,40,,87043,1,0,23 24,0,147,,87045,1,0,25,0,50,,87047,1,0,25,0,82,,87044,16,0,25,0,82,,87037,16,0,23 24,0,105,,87038,16,0,23 24,0,132,,87039,16,0,23 24,0,90,,87040,16,0,23 24,0
901,'S2-4_1',752,,87049,16,0,26,0,66,,87050,16,0,27 63,0,103,,87055,16,0,23 24,0,95,,87059,1,0,23 24,0,98,,87056,16,0,23 24,0,106,,87051,16,0,27 63,0,181,,87057,16,0,23 24,0,112,,87058,16,0,23 24,0,109,,87052,16,0,27 63,0,102,,87053,16,0,27 63,0,95,,87054,16,0,27 63,0,126,,87064,16,,,0
901,'S2-4_2',752,,87065,16,0,26,0,66,,87066,16,0,27 63,0,103,,87071,16,0,23 24,0,95,,87075,1,0,23 24,0,98,,87072,16,0,23 24,0,106,,87067,16,0,27 63,0,181,,87073,16,0,23 24,0,112,,87074,16,0,23 24,0,109,,87068,16,0,27 63,0,102,,87069,16,0,27 63,0,95,,87070,16,0,27 63,0,126,,87080,16,,,0
901,'S2-4_4',752,,87081,16,0,26,0,66,,87082,16,0,27 63,0,103,,87087,16,0,23 24,0,95,,87091,1,0,23 24,0,98,,87088,16,0,23 24,0,106,,87083,16,0,27 63,0,181,,87089,16,0,23 24,0,112,,87090,16,0,23 24,0,109,,87084,16,0,27 63,0,102,,87085,16,0,27 63,0,95,,87086,16,0,27 63,0,126,,87096,16,,,0
1001,'S2-0_4',759,,87200,11,,,0,100,,87202,11,,,0,86,,87203,11,,,0,79,,87207,9,,,0,86,,87204,11,,,0,90,,87208,9,,,0,42,,87209,9,,,0,71,,87210,9,,,0,101,,87201,11,,,0,38,,87211,9,,,0,184,,87212,11,,,0,316,,87206,11,,,0
1001,'S2-0_5',759,,87214,11,,,0,100,,87216,11,,,0,86,,87217,11,,,0,79,,87221,9,,,0,86,,87218,11,,,0,90,,87222,9,,,0,42,,87223,9,,,0,71,,87224,9,,,0,101,,87215,11,,,0,38,,87225,9,,,0,184,,87226,11,,,0,316,,87220,11,,,0
1001,'S2-1_3',759,,87228,11,,,0,100,,87230,11,,,0,86,,87231,11,,,0,79,,87235,9,,,0,86,,87232,11,,,0,90,,87236,9,,,0,42,,87237,9,,,0,71,,87238,9,,,0,101,,87229,11,,,0,38,,87239,9,,,0,184,,87240,11,,,0,316,,87234,11,,,0
1001,'S2-2_6',756,,87242,11,,,0,103,,87243,11,,,0,141,,87250,9,,,0,102,,87244,11,,,0,100,,87251,9,,,0,45,,87252,9,,,0,164,,87247,11,,,0,38,,87253,9,,,0,187,,87248,11,,,0,118,,87249,11,,,0,90,,87245,11,,,0,107,,87246,11,,,0
1001,'S2-4_1',759,,87254,11,,,0,100,,87256,11,,,0,86,,87257,11,,,0,79,,87261,9,,,0,86,,87258,11,,,0,90,,87262,9,,,0,42,,87263,9,,,0,71,,87264,9,,,0,101,,87255,11,,,0,38,,87265,9,,,0,184,,87266,11,,,0,316,,87260,11,,,0
1001,'S2-4_2',759,,87268,11,,,0,100,,87270,11,,,0,86,,87271,11,,,0,79,,87275,9,,,0,86,,87272,11,,,0,90,,87276,9,,,0,42,,87277,9,,,0,71,,87278,9,,,0,101,,87269,11,,,0,38,,87279,9,,,0,184,,87280,11,,,0,316,,87274,11,,,0
1001,'S2-4_4',759,,87282,11,,,0,100,,87284,11,,,0,86,,87285,11,,,0,79,,87289,9,,,0,86,,87286,11,,,0,90,,87290,9,,,0,42,,87291,9,,,0,71,,87292,9,,,0,101,,87283,11,,,0,38,,87293,9,,,0,184,,87294,11,,,0,316,,87288,11,,,0
1101,'S2-0_4',1634,,87324,5,,,0,112,,87325,5,,,0,103,,87326,5,,,0
1101,'S2-0_5',1634,,87327,5,,,0,112,,87328,5,,,0,103,,87329,5,,,0
1101,'S2-1_3',1634,,87330,5,,,0,112,,87331,5,,,0,103,,87332,5,,,0
1101,'S2-2_6',1619,,87333,5,,,0,119,,87334,5,,,0
1101,'S2-4_1',1634,,87335,5,,,0,112,,87336,5,,,0,103,,87337,5,,,0
1101,'S2-4_2',1634,,87338,5,,,0,112,,87339,5,,,0,103,,87340,5,,,0
1101,'S2-4_4',1634,,87341,5,,,0,112,,87342,5,,,0,103,,87343,5,,,0
1601,'S2-0_4',833,,87596,1,,,0,205,,87598,1,,,0,113,,87601,1,,,0,186,,87599,1,,,0,178,,87602,1,,,0,242,,87600,1,,,0
1601,'S2-0_5',833,,87604,1,,,0,205,,87606,1,,,0,113,,87609,1,,,0,186,,87607,1,,,0,178,,87610,1,,,0,242,,87608,1,,,0
1601,'S2-1_3',833,,87612,1,,,0,205,,87614,1,,,0,113,,87617,1,,,0,186,,87615,1,,,0,178,,87618,1,,,0,242,,87616,1,,,0
1601,'S2-2_6',833,,87620,1,,,0,205,,87622,1,,,0,113,,87625,1,,,0,186,,87623,1,,,0,178,,87626,1,,,0,242,,87624,1,,,0
1601,'S2-4_1',833,,87628,1,,,0,205,,87630,1,,,0,113,,87633,1,,,0,186,,87631,1,,,0,178,,87634,1,,,0,242,,87632,1,,,0
1601,'S2-4_2',833,,87636,1,,,0,205,,87638,1,,,0,113,,87641,1,,,0,186,,87639,1,,,0,178,,87642,1,,,0,242,,87640,1,,,0
1601,'S2-4_4',833,,87644,1,,,0,205,,87646,1,,,0,113,,87649,1,,,0,186,,87647,1,,,0,178,,87650,1,,,0,242,,87648,1,,,0
1901,'S2-0_4',1619,,87878,15,,,0,100,,87879,15,,,0,99,,87880,15,,,0
1901,'S2-0_5',1619,,87887,15,,,0,100,,87888,15,,,0,99,,87889,15,,,0
1901,'S2-1_3',1218,,87899,15,,,0,34,,87900,15,,,0
1901,'S2-4_1',1619,,87902,15,,,0,100,,87903,15,,,0,99,,87904,15,,,0
1901,'S2-4_2',1619,,87911,15,,,0,100,,87912,15,,,0,99,,87913,15,,,0
1901,'S2-4_4',1619,,87920,15,,,0,100,,87921,15,,,0,99,,87922,15,,,0
1000000,'S2-0_4',533,,89311,1,0,31 33,0,20,,89312,1,0,31 33,0,59,,89393,1,0,31 33,0,18,,89394,1,,,0,14,,89396,1,,,0,10,,89392,1,,,0,48,,89345,1,,,0,8,,89346,1,,,0,11,,89347,1,,,0,11,,89348,1,,,0,10,,89349,1,,,0,11,,89350,1,,,0,50,,89351,1,,,0,10,,89352,1,,,0,9,,89395,1,,,0,9,,89313,1,0,31 33,0,9,,89314,1,,,0,10,,89315,1,0,31 33,0,50,,89316,1,,,0,11,,89317,1,0,31 33,0,9,,89353,1,,,0,11,,89318,1,0,31 33,0,11,,89319,1,,,0,10,,89320,1,0,31 33,0,51,,89321,1,,,0,11,,89322,1,0,31 33,0,10,,89323,1,,,0,11,,89325,1,0,31 33,0,10,,89324,1,,,0,11,,89355,1,0,31 33,0,51,,89354,1,,,0,11,,89356,1,0,31 33,0,11,,89357,1,,,0,10,,89358,1,0,31 33,0,10,,89359,1,,,0,10,,89360,1,0,31 33,0,52,,89361,1,,,0,11,,89362,1,0,31 33,0,10,,89363,1,,,0,10,,89364,1,0,31 33,0,10,,89365,1,,,0,49,,89366,1,0,31 33,0,10,,89367,1,,,0,10,,89326,1,0,31 33,0,11,,89327,1,,,0,9,,89368,1,0,31 33,0,10,,89328,1,,,0,49,,89329,1,0,31 33,0,11,,89330,1,,,0,10,,89369,1,0,31 33,0,11,,89331,1,,,0,9,,89332,1,0,31 33,0,10,,89333,1,,,0,50,,89334,1,0,31 33,0,11,,89370,1,,,0,11,,89371,1,,,0,9,,89372,1,,,0,10,,89373,1,,,0,9,,89374,1,,,0,51,,89375,1,,,0,10,,89376,1,,,0,11,,89377,1,,,0,9,,89378,1,,,0,9,,89379,1,,,0,9,,89380,1,,,0,50,,89381,1,,,0,10,,89382,1,,,0,10,,89383,1,,,0,10,,89384,1,,,0,10,,89385,1,,,0,10,,89386,1,0,31 33,0,51,,89387,1,,,0,9,,89391,1,0,31 33,0,10,,89335,1,0,31 33,0,11,,89388,1,,,0,10,,89336,1,0,31 33,0,10,,89389,1,,,0,49,,89337,1,0,31 33,0,19,,89338,1,0,31 33,0,19,,89339,1,0,31 33,0,19,,89340,1,0,31 33,0,61,,89341,1,0,31 33,0,21,,89342,1,0,31 33,0,61,,89343,1,0,31 33,0,21,,89344,1,0,31 33,0
1000000,'S2-0_5',533,,89397,1,0,31 33,0,20,,89398,1,0,31 33,0,59,,89479,1,0,31 33,0,18,,89480,1,,,0,14,,89482,1,,,0,10,,89478,1,,,0,48,,89431,1,,,0,8,,89432,1,,,0,11,,89433,1,,,0,11,,89434,1,,,0,10,,89435,1,,,0,11,,89436,1,,,0,50,,89437,1,,,0,10,,89438,1,,,0,9,,89481,1,,,0,9,,89399,1,0,31 33,0,9,,89400,1,,,0,10,,89401,1,0,31 33,0,50,,89402,1,,,0,11,,89403,1,0,31 33,0,9,,89439,1,,,0,11,,89404,1,0,31 33,0,11,,89405,1,,,0,10,,89406,1,0,31 33,0,51,,89407,1,,,0,11,,89408,1,0,31 33,0,10,,89409,1,,,0,11,,89411,1,0,31 33,0,10,,89410,1,,,0,11,,89441,1,0,31 33,0,51,,89440,1,,,0,11,,89442,1,0,31 33,0,11,,89443,1,,,0,10,,89444,1,0,31 33,0,10,,89445,1,,,0,10,,89446,1,0,31 33,0,52,,89447,1,,,0,11,,89448,1,0,31 33,0,10,,89449,1,,,0,10,,89450,1,0,31 33,0,10,,89451,1,,,0,49,,89452,1,0,31 33,0,10,,89453,1,,,0,10,,89412,1,0,31 33,0,11,,89413,1,,,0,9,,89454,1,0,31 33,0,10,,89414,1,,,0,49,,89415,1,0,31 33,0,11,,89416,1,,,0,10,,89455,1,0,31 33,0,11,,89417,1,,,0,9,,89418,1,0,31 33,0,10,,89419,1,,,0,50,,89420,1,0,31 33,0,11,,89456,1,,,0,11,,89457,1,,,0,9,,89458,1,,,0,10,,89459,1,,,0,9,,89460,1,,,0,51,,89461,1,,,0,10,,89462,1,,,0,11,,89463,1,,,0,9,,89464,1,,,0,9,,89465,1,,,0,9,,89466,1,,,0,50,,89467,1,,,0,10,,89468,1,,,0,10,,89469,1,,,0,10,,89470,1,,,0,10,,89471,1,,,0,10,,89472,1,0,31 33,0,51,,89473,1,,,0,9,,89477,1,0,31 33,0,10,,89421,1,0,31 33,0,11,,89474,1,,,0,10,,89422,1,0,31 33,0,10,,89475,1,,,0,49,,89423,1,0,31 33,0,19,,89424,1,0,31 33,0,19,,89425,1,0,31 33,0,19,,89426,1,0,31 33,0,61,,89427,1,0,31 33,0,21,,89428,1,0,31 33,0,61,,89429,1,0,31 33,0,21,,89430,1,0,31 33,0
1000000,'S2-1_3',533,,89483,1,0,31 33,0,20,,89484,1,0,31 33,0,59,,89565,1,0,31 33,0,18,,89566,1,,,0,14,,89568,1,,,0,10,,89564,1,,,0,48,,89517,1,,,0,8,,89518,1,,,0,11,,89519,1,,,0,11,,89520,1,,,0,10,,89521,1,,,0,11,,89522,1,,,0,50,,89523,1,,,0,10,,89524,1,,,0,9,,89567,1,,,0,9,,89485,1,0,31 33,0,9,,89486,1,,,0,10,,89487,1,0,31 33,0,50,,89488,1,,,0,11,,89489,1,0,31 33,0,9,,89525,1,,,0,11,,89490,1,0,31 33,0,11,,89491,1,,,0,10,,89492,1,0,31 33,0,51,,89493,1,,,0,11,,89494,1,0,31 33,0,10,,89495,1,,,0,11,,89497,1,0,31 33,0,10,,89496,1,,,0,11,,89527,1,0,31 33,0,51,,89526,1,,,0,11,,89528,1,0,31 33,0,11,,89529,1,,,0,10,,89530,1,0,31 33,0,10,,89531,1,,,0,10,,89532,1,0,31 33,0,52,,89533,1,,,0,11,,89534,1,0,31 33,0,10,,89535,1,,,0,10,,89536,1,0,31 33,0,10,,89537,1,,,0,49,,89538,1,0,31 33,0,10,,89539,1,,,0,10,,89498,1,0,31 33,0,11,,89499,1,,,0,9,,89540,1,0,31 33,0,10,,89500,1,,,0,49,,89501,1,0,31 33,0,11,,89502,1,,,0,10,,89541,1,0,31 33,0,11,,89503,1,,,0,9,,89504,1,0,31 33,0,10,,89505,1,,,0,50,,89506,1,0,31 33,0,11,,89542,1,,,0,11,,89543,1,,,0,9,,89544,1,,,0,10,,89545,1,,,0,9,,89546,1,,,0,51,,89547,1,,,0,10,,89548,1,,,0,11,,89549,1,,,0,9,,89550,1,,,0,9,,89551,1,,,0,9,,89552,1,,,0,50,,89553,1,,,0,10,,89554,1,,,0,10,,89555,1,,,0,10,,89556,1,,,0,10,,89557,1,,,0,10,,89558,1,0,31 33,0,51,,89559,1,,,0,9,,89563,1,0,31 33,0,10,,89507,1,0,31 33,0,11,,89560,1,,,0,10,,89508,1,0,31 33,0,10,,89561,1,,,0,49,,89509,1,0,31 33,0,19,,89510,1,0,31 33,0,19,,89511,1,0,31 33,0,19,,89512,1,0,31 33,0,61,,89513,1,0,31 33,0,21,,89514,1,0,31 33,0,61,,89515,1,0,31 33,0,21,,89516,1,0,31 33,0
1000000,'S2-2_6',530,,89569,1,0,31 33,0,79,,89570,1,0,31 33,0,41,,89571,1,,,0,80,,89572,1,,,0,29,,89573,1,0,31 33,0,55,,89574,1,,,0,16,,89575,1,0,31 33,0,15,,89576,1,0,31 33,0,13,,89577,1,,,0,55,,89578,1,0,31 33,0,15,,89636,1,0,31 33,0,15,,89579,1,,,0,16,,89580,1,0,31 33,0,56,,89581,1,0,31 33,0,14,,89582,1,,,0,16,,89583,1,0,31 33,0,55,,89584,1,0,31 33,0,16,,89585,1,,,0,15,,89586,1,0,31 33,0,15,,89587,1,0,31 33,0,56,,89588,1,,,0,14,,89589,1,0,31 33,0,16,,89590,1,0,31 33,0,15,,89591,1,,,0,54,,89592,1,0,31 33,0,9,,89593,1,0,31 33,0,11,,89594,1,,,0,12,,89595,1,0,31 33,0,10,,89596,1,0,31 33,0,9,,89597,1,0,31 33,0,49,,89598,1,,,0,10,,89599,1,0,31 33,0,11,,89600,1,0,31 33,0,10,,89601,1,0,31 33,0,10,,89602,1,,,0,12,,89603,1,0,31 33,0,49,,89604,1,0,31 33,0,9,,89605,1,0,31 33,0,10,,89606,1,,,0,11,,89607,1,0,31 33,0,10,,89608,1,0,31 33,0,10,,89609,1,0,31 33,0,51,,89610,1,,,0,11,,89611,1,0,31 33,0,9,,89612,1,0,31 33,0,10,,89613,1,0,31 33,0,11,,89614,1,,,0,13,,89615,1,0,31 33,0,49,,89616,1,0,31 33,0,9,,89617,1,0,31 33,0,10,,89618,1,,,0,9,,89619,1,0,31 33,0,9,,89620,1,0,31 33,0,10,,89621,1,0,31 33,0,49,,89623,1,0,31 33,0,10,,89622,1,,,0,9,,89624,1,0,31 33,0,9,,89625,1,0,31 33,0,9,,89627,1,0,31 33,0,10,,89626,1,0,31 33,0,51,,89628,1,0,31 33,0,21,,89629,1,0,31 33,0,18,,89630,1,0,31 33,0,60,,89631,1,0,31 33,0,20,,89632,1,0,31 33,0,20,,89633,1,0,31 33,0,60,,89634,1,0,31 33,0,20,,89635,1,0,31 33,0
1000000,'S2-3_7',800,,89637,1,0,31 33,0,40,,89638,1,0,31 33,0,80,,89639,1,0,31 33,0,80,,89640,1,0,31 33,0,40,,89641,1,0,31 33,0,80,,89642,1,0,31 33,0,80,,89643,1,0,31 33,0,40,,89644,1,0,31 33,0,80,,89645,1,0,31 33,0,80,,89646,1,0,31 33,0,40,,89647,1,0,31 33,0,80,,89648,1,0,31 33,0,80,,89649,1,0,31 33,0,40,,89650,1,0,31 33,0,80,,89651,1,0,31 33,0,80,,89652,1,0,31 33,0,40,,89653,1,0,31 33,0,80,,89654,1,0,31 33,0
1000000,'S2-4_1',533,,89655,1,0,31 33,0,20,,89656,1,0,31 33,0,59,,89737,1,0,31 33,0,18,,89738,1,,,0,14,,89740,1,,,0,10,,89736,1,,,0,48,,89689,1,,,0,8,,89690,1,,,0,11,,89691,1,,,0,11,,89692,1,,,0,10,,89693,1,,,0,11,,89694,1,,,0,50,,89695,1,,,0,10,,89696,1,,,0,9,,89739,1,,,0,9,,89657,1,0,31 33,0,9,,89658,1,,,0,10,,89659,1,0,31 33,0,50,,89660,1,,,0,11,,89661,1,0,31 33,0,9,,89697,1,,,0,11,,89662,1,0,31 33,0,11,,89663,1,,,0,10,,89664,1,0,31 33,0,51,,89665,1,,,0,11,,89666,1,0,31 33,0,10,,89667,1,,,0,11,,89669,1,0,31 33,0,10,,89668,1,,,0,11,,89699,1,0,31 33,0,51,,89698,1,,,0,11,,89700,1,0,31 33,0,11,,89701,1,,,0,10,,89702,1,0,31 33,0,10,,89703,1,,,0,10,,89704,1,0,31 33,0,52,,89705,1,,,0,11,,89706,1,0,31 33,0,10,,89707,1,,,0,10,,89708,1,0,31 33,0,10,,89709,1,,,0,49,,89710,1,0,31 33,0,10,,89711,1,,,0,10,,89670,1,0,31 33,0,11,,89671,1,,,0,9,,89712,1,0,31 33,0,10,,89672,1,,,0,49,,89673,1,0,31 33,0,11,,89674,1,,,0,10,,89713,1,0,31 33,0,11,,89675,1,,,0,9,,89676,1,0,31 33,0,10,,89677,1,,,0,50,,89678,1,0,31 33,0,11,,89714,1,,,0,11,,89715,1,,,0,9,,89716,1,,,0,10,,89717,1,,,0,9,,89718,1,,,0,51,,89719,1,,,0,10,,89720,1,,,0,11,,89721,1,,,0,9,,89722,1,,,0,9,,89723,1,,,0,9,,89724,1,,,0,50,,89725,1,,,0,10,,89726,1,,,0,10,,89727,1,,,0,10,,89728,1,,,0,10,,89729,1,,,0,10,,89730,1,0,31 33,0,51,,89731,1,,,0,9,,89735,1,0,31 33,0,10,,89679,1,0,31 33,0,11,,89732,1,,,0,10,,89680,1,0,31 33,0,10,,89733,1,,,0,49,,89681,1,0,31 33,0,19,,89682,1,0,31 33,0,19,,89683,1,0,31 33,0,19,,89684,1,0,31 33,0,61,,89685,1,0,31 33,0,21,,89686,1,0,31 33,0,61,,89687,1,0,31 33,0,21,,89688,1,0,31 33,0
1000000,'S2-4_2',533,,89741,1,0,31 33,0,20,,89742,1,0,31 33,0,59,,89823,1,0,31 33,0,18,,89824,1,,,0,14,,89826,1,,,0,10,,89822,1,,,0,48,,89775,1,,,0,8,,89776,1,,,0,11,,89777,1,,,0,11,,89778,1,,,0,10,,89779,1,,,0,11,,89780,1,,,0,50,,89781,1,,,0,10,,89782,1,,,0,9,,89825,1,,,0,9,,89743,1,0,31 33,0,9,,89744,1,,,0,10,,89745,1,0,31 33,0,50,,89746,1,,,0,11,,89747,1,0,31 33,0,9,,89783,1,,,0,11,,89748,1,0,31 33,0,11,,89749,1,,,0,10,,89750,1,0,31 33,0,51,,89751,1,,,0,11,,89752,1,0,31 33,0,10,,89753,1,,,0,11,,89755,1,0,31 33,0,10,,89754,1,,,0,11,,89785,1,0,31 33,0,51,,89784,1,,,0,11,,89786,1,0,31 33,0,11,,89787,1,,,0,10,,89788,1,0,31 33,0,10,,89789,1,,,0,10,,89790,1,0,31 33,0,52,,89791,1,,,0,11,,89792,1,0,31 33,0,10,,89793,1,,,0,10,,89794,1,0,31 33,0,10,,89795,1,,,0,49,,89796,1,0,31 33,0,10,,89797,1,,,0,10,,89756,1,0,31 33,0,11,,89757,1,,,0,9,,89798,1,0,31 33,0,10,,89758,1,,,0,49,,89759,1,0,31 33,0,11,,89760,1,,,0,10,,89799,1,0,31 33,0,11,,89761,1,,,0,9,,89762,1,0,31 33,0,10,,89763,1,,,0,50,,89764,1,0,31 33,0,11,,89800,1,,,0,11,,89801,1,,,0,9,,89802,1,,,0,10,,89803,1,,,0,9,,89804,1,,,0,51,,89805,1,,,0,10,,89806,1,,,0,11,,89807,1,,,0,9,,89808,1,,,0,9,,89809,1,,,0,9,,89810,1,,,0,50,,89811,1,,,0,10,,89812,1,,,0,10,,89813,1,,,0,10,,89814,1,,,0,10,,89815,1,,,0,10,,89816,1,0,31 33,0,51,,89817,1,,,0,9,,89821,1,0,31 33,0,10,,89765,1,0,31 33,0,11,,89818,1,,,0,10,,89766,1,0,31 33,0,10,,89819,1,,,0,49,,89767,1,0,31 33,0,19,,89768,1,0,31 33,0,19,,89769,1,0,31 33,0,19,,89770,1,0,31 33,0,61,,89771,1,0,31 33,0,21,,89772,1,0,31 33,0,61,,89773,1,0,31 33,0,21,,89774,1,0,31 33,0
1000000,'S2-4_4',533,,89827,1,0,31 33,0,20,,89828,1,0,31 33,0,59,,89909,1,0,31 33,0,18,,89910,1,,,0,14,,89912,1,,,0,10,,89908,1,,,0,48,,89861,1,,,0,8,,89862,1,,,0,11,,89863,1,,,0,11,,89864,1,,,0,10,,89865,1,,,0,11,,89866,1,,,0,50,,89867,1,,,0,10,,89868,1,,,0,9,,89911,1,,,0,9,,89829,1,0,31 33,0,9,,89830,1,,,0,10,,89831,1,0,31 33,0,50,,89832,1,,,0,11,,89833,1,0,31 33,0,9,,89869,1,,,0,11,,89834,1,0,31 33,0,11,,89835,1,,,0,10,,89836,1,0,31 33,0,51,,89837,1,,,0,11,,89838,1,0,31 33,0,10,,89839,1,,,0,11,,89841,1,0,31 33,0,10,,89840,1,,,0,11,,89871,1,0,31 33,0,51,,89870,1,,,0,11,,89872,1,0,31 33,0,11,,89873,1,,,0,10,,89874,1,0,31 33,0,10,,89875,1,,,0,10,,89876,1,0,31 33,0,52,,89877,1,,,0,11,,89878,1,0,31 33,0,10,,89879,1,,,0,10,,89880,1,0,31 33,0,10,,89881,1,,,0,49,,89882,1,0,31 33,0,10,,89883,1,,,0,10,,89842,1,0,31 33,0,11,,89843,1,,,0,9,,89884,1,0,31 33,0,10,,89844,1,,,0,49,,89845,1,0,31 33,0,11,,89846,1,,,0,10,,89885,1,0,31 33,0,11,,89847,1,,,0,9,,89848,1,0,31 33,0,10,,89849,1,,,0,50,,89850,1,0,31 33,0,11,,89886,1,,,0,11,,89887,1,,,0,9,,89888,1,,,0,10,,89889,1,,,0,9,,89890,1,,,0,51,,89891,1,,,0,10,,89892,1,,,0,11,,89893,1,,,0,9,,89894,1,,,0,9,,89895,1,,,0,9,,89896,1,,,0,50,,89897,1,,,0,10,,89898,1,,,0,10,,89899,1,,,0,10,,89900,1,,,0,10,,89901,1,,,0,10,,89902,1,0,31 33,0,51,,89903,1,,,0,9,,89907,1,0,31 33,0,10,,89851,1,0,31 33,0,11,,89904,1,,,0,10,,89852,1,0,31 33,0,10,,89905,1,,,0,49,,89853,1,0,31 33,0,19,,89854,1,0,31 33,0,19,,89855,1,0,31 33,0,19,,89856,1,0,31 33,0,61,,89857,1,0,31 33,0,21,,89858,1,0,31 33,0,61,,89859,1,0,31 33,0,21,,89860,1,0,31 33,0
