601,'S2-0_4',611,,86435,9,,,0,108,,86448,9,,,0,96,,86436,9,,,0,102,,86437,9,,,0,99,,86438,9,,,0,100,,86439,9,,,0,102,,86452,9,,,0,23,,86440,9,,,0,80,,86441,9,,,0,104,,86442,9,,,0,94,,86443,9,,,0,39,,86449,9,,,0,80,,86444,10,,,0,75,,86450,9,,,0,28,,86445,10,,,0,73,,86451,10,,,0,27,,86446,9,,,0,94,,86447,9,,,0
601,'S2-0_5',611,,86453,9,,,0,108,,86466,9,,,0,96,,86454,9,,,0,102,,86455,9,,,0,99,,86456,9,,,0,100,,86457,9,,,0,102,,86470,9,,,0,23,,86458,9,,,0,80,,86459,9,,,0,104,,86460,9,,,0,94,,86461,9,,,0,39,,86467,9,,,0,80,,86462,10,,,0,75,,86468,9,,,0,28,,86463,10,,,0,73,,86469,10,,,0,27,,86464,9,,,0,94,,86465,9,,,0
601,'S2-1_3',611,,86471,9,,,0,108,,86485,9,,,0,96,,86472,9,,,0,102,,86473,9,,,0,99,,86474,9,,,0,100,,86475,9,,,0,102,,86476,10,,,0,23,,86477,9,,,0,80,,86478,9,,,0,104,,86479,9,,,0,94,,86480,9,,,0,39,,86486,9,,,0,80,,86481,10,,,0,75,,86487,9,,,0,28,,86482,10,,,0,73,,86488,10,,,0,27,,86483,9,,,0,94,,86484,9,,,0
601,'S2-2_6',741,,86489,9,,,0,90,,86491,9,,,0,96,,86492,9,,,0,93,,86493,9,,,0,89,,86494,9,,,0,49,,86495,9,,,0,88,,86496,9,,,0,89,,86497,9,,,0,88,,86498,9,,,0,89,,86499,9,,,0,100,,86500,9,,,0,91,,86501,9,,,0,54,,86502,9,,,0,87,,86503,9,,,0,90,,86490,9,,,0
601,'S2-4_1',611,,86504,9,,,0,108,,86517,9,,,0,96,,86505,9,,,0,102,,86506,9,,,0,99,,86507,9,,,0,100,,86508,9,,,0,102,,86521,9,,,0,23,,86509,9,,,0,80,,86510,9,,,0,104,,86511,9,,,0,94,,86512,9,,,0,39,,86518,9,,,0,80,,86513,10,,,0,75,,86519,9,,,0,28,,86514,10,,,0,73,,86520,10,,,0,27,,86515,9,,,0,94,,86516,9,,,0
601,'S2-4_2',611,,86522,9,,,0,108,,86535,9,,,0,96,,86523,9,,,0,102,,86524,9,,,0,99,,86525,9,,,0,100,,86526,9,,,0,102,,86539,9,,,0,23,,86527,9,,,0,80,,86528,9,,,0,104,,86529,9,,,0,94,,86530,9,,,0,39,,86536,9,,,0,80,,86531,10,,,0,75,,86537,9,,,0,28,,86532,10,,,0,73,,86538,10,,,0,27,,86533,9,,,0,94,,86534,9,,,0
601,'S2-4_4',611,,86540,9,,,0,108,,86553,9,,,0,96,,86541,9,,,0,102,,86542,9,,,0,99,,86543,9,,,0,100,,86544,9,,,0,102,,86557,9,,,0,23,,86545,9,,,0,80,,86546,9,,,0,104,,86547,9,,,0,94,,86548,9,,,0,39,,86554,9,,,0,80,,86549,10,,,0,75,,86555,9,,,0,28,,86550,10,,,0,73,,86556,10,,,0,27,,86551,9,,,0,94,,86552,9,,,0
901,'S2-0_4',739,,86988,5,0,26,0,66,,86989,5,0,27 63,0,102,,86994,5,0,23 24,0,152,,86995,5,0,23 24,0,147,,86990,5,0,27 63,0,34,,86999,5,,,0,105,,86996,5,0,23 24,0,111,,86997,5,0,23 24,0,150,,86991,5,0,27 63,0,21,,87002,5,,,0,79,,86992,5,0,27 63,0,100,,86993,5,0,27 63,0,128,,87003,5,,,0
901,'S2-0_5',739,,87004,5,0,26,0,66,,87005,5,0,27 63,0,102,,87010,5,0,23 24,0,152,,87011,5,0,23 24,0,147,,87006,5,0,27 63,0,34,,87015,5,,,0,105,,87012,5,0,23 24,0,111,,87013,5,0,23 24,0,150,,87007,5,0,27 63,0,21,,87018,5,,,0,79,,87008,5,0,27 63,0,100,,87009,5,0,27 63,0,128,,87019,5,,,0
901,'S2-1_3',739,,87020,5,0,26,0,66,,87021,5,0,27 63,0,102,,87026,5,0,23 24,0,152,,87027,5,0,23 24,0,147,,87022,5,0,27 63,0,34,,87031,5,,,0,105,,87028,5,0,23 24,0,111,,87029,5,0,23 24,0,150,,87023,5,0,27 63,0,21,,87034,5,,,0,79,,87024,5,0,27 63,0,100,,87025,5,0,27 63,0,128,,87035,5,,,0
901,'S2-2_6',739,,87036,5,0,23 24,0,99,,87048,5,0,25,0,368,,87046,5,0,25,0,318,,87044,5,0,25,0,82,,87037,5,0,23 24,0,103,,87038,5,0,23 24,0,135,,87039,5,0,23 24,0,90,,87040,5,0,23 24,0
901,'S2-4_1',739,,87049,5,0,26,0,66,,87050,5,0,27 63,0,102,,87055,5,0,23 24,0,152,,87056,5,0,23 24,0,147,,87051,5,0,27 63,0,34,,87060,5,,,0,105,,87057,5,0,23 24,0,111,,87058,5,0,23 24,0,150,,87052,5,0,27 63,0,21,,87063,5,,,0,79,,87053,5,0,27 63,0,100,,87054,5,0,27 63,0,128,,87064,5,,,0
901,'S2-4_2',739,,87065,5,0,26,0,66,,87066,5,0,27 63,0,102,,87071,5,0,23 24,0,152,,87072,5,0,23 24,0,147,,87067,5,0,27 63,0,34,,87076,5,,,0,105,,87073,5,0,23 24,0,111,,87074,5,0,23 24,0,150,,87068,5,0,27 63,0,21,,87079,5,,,0,79,,87069,5,0,27 63,0,100,,87070,5,0,27 63,0,128,,87080,5,,,0
901,'S2-4_4',739,,87081,5,0,26,0,66,,87082,5,0,27 63,0,102,,87087,5,0,23 24,0,152,,87088,5,0,23 24,0,147,,87083,5,0,27 63,0,34,,87092,5,,,0,105,,87089,5,0,23 24,0,111,,87090,5,0,23 24,0,150,,87084,5,0,27 63,0,21,,87095,5,,,0,79,,87085,5,0,27 63,0,100,,87086,5,0,27 63,0,128,,87096,5,,,0
1901,'S2-0_4',1606,,87878,5,,,0,100,,87879,5,,,0,100,,87880,5,,,0
1901,'S2-0_5',1606,,87887,5,,,0,100,,87888,5,,,0,100,,87889,5,,,0
1901,'S2-1_3',1206,,87899,5,,,0,34,,87900,5,,,0
1901,'S2-4_1',1606,,87902,5,,,0,100,,87903,5,,,0,100,,87904,5,,,0
1901,'S2-4_2',1606,,87911,5,,,0,100,,87912,5,,,0,100,,87913,5,,,0
1901,'S2-4_4',1606,,87920,5,,,0,100,,87921,5,,,0,100,,87922,5,,,0
2601,'S2-0_4',736,,88503,8,,,0,2,,88516,8,,,0,1,,88501,8,,,0,2,,88494,21,,,0,72,,88504,21,,,0,24,,88506,21,,,0,9,,88502,9,,,0,55,,88505,21,,,0,39,,88495,21,,,0,100,,88496,21,,,0,100,,88513,21,,,0,100,,88497,21,,,0,67,,88514,21,,,0,22,,88515,21,,,0,5,,88517,8,,,0,87,,88498,21,,,0,95,,88499,21,,,0,114,,88508,21,,,0,89,,88509,21,,,0,27,,88510,21,,,0,89,,88511,21,,,0,23,,88512,21,,,0,92,,88507,21,,,0
2601,'S2-0_5',736,,88527,8,,,0,2,,88540,8,,,0,1,,88525,8,,,0,2,,88518,21,,,0,72,,88528,21,,,0,24,,88530,21,,,0,9,,88526,9,,,0,55,,88529,21,,,0,39,,88519,21,,,0,100,,88520,21,,,0,100,,88537,21,,,0,100,,88521,21,,,0,67,,88538,21,,,0,22,,88539,21,,,0,5,,88541,8,,,0,87,,88522,21,,,0,95,,88523,21,,,0,114,,88532,21,,,0,89,,88533,21,,,0,27,,88534,21,,,0,89,,88535,21,,,0,23,,88536,21,,,0,92,,88531,21,,,0
2601,'S2-1_3',736,,88550,8,,,0,2,,88563,8,,,0,1,,88548,8,,,0,2,,88542,21,,,0,72,,88551,21,,,0,24,,88553,21,,,0,9,,88549,9,,,0,55,,88552,21,,,0,39,,88543,21,,,0,100,,88544,21,,,0,100,,88560,21,,,0,100,,88545,21,,,0,67,,88561,21,,,0,22,,88562,21,,,0,92,,88546,21,,,0,95,,88547,21,,,0,114,,88555,21,,,0,89,,88556,21,,,0,27,,88557,21,,,0,89,,88558,21,,,0,23,,88559,21,,,0,92,,88554,21,,,0
2601,'S2-2_6',740,,88564,21,,,0,86,,88567,21,,,0,85,,88568,21,,,0,47,,88569,21,,,0,90,,88570,21,,,0,84,,88571,21,,,0,83,,88572,21,,,0,85,,88573,21,,,0,42,,88574,21,,,0,85,,88575,21,,,0,86,,88576,21,,,0,91,,88577,21,,,0,46,,88578,21,,,0,81,,88579,21,,,0,86,,88580,21,,,0,42,,88566,21,,,0,81,,88565,21,,,0
2601,'S2-4_1',736,,88590,8,,,0,2,,88603,8,,,0,1,,88588,8,,,0,2,,88581,21,,,0,72,,88591,21,,,0,24,,88593,21,,,0,9,,88589,9,,,0,55,,88592,21,,,0,39,,88582,21,,,0,100,,88583,21,,,0,100,,88600,21,,,0,100,,88584,21,,,0,67,,88601,21,,,0,22,,88602,21,,,0,5,,88604,8,,,0,87,,88585,21,,,0,95,,88586,21,,,0,114,,88595,21,,,0,89,,88596,21,,,0,27,,88597,21,,,0,89,,88598,21,,,0,23,,88599,21,,,0,92,,88594,21,,,0
2601,'S2-4_2',736,,88614,8,,,0,2,,88627,8,,,0,1,,88612,8,,,0,2,,88605,21,,,0,72,,88615,21,,,0,24,,88617,21,,,0,9,,88613,9,,,0,55,,88616,21,,,0,39,,88606,21,,,0,100,,88607,21,,,0,100,,88624,21,,,0,100,,88608,21,,,0,67,,88625,21,,,0,22,,88626,21,,,0,5,,88628,8,,,0,87,,88609,21,,,0,95,,88610,21,,,0,114,,88619,21,,,0,89,,88620,21,,,0,27,,88621,21,,,0,89,,88622,21,,,0,23,,88623,21,,,0,92,,88618,21,,,0
2601,'S2-4_4',736,,88638,8,,,0,2,,88651,8,,,0,1,,88636,8,,,0,2,,88629,21,,,0,72,,88639,21,,,0,24,,88641,21,,,0,9,,88637,9,,,0,55,,88640,21,,,0,39,,88630,21,,,0,100,,88631,21,,,0,100,,88648,21,,,0,100,,88632,21,,,0,67,,88649,21,,,0,22,,88650,21,,,0,5,,88652,8,,,0,87,,88633,21,,,0,95,,88634,21,,,0,114,,88643,21,,,0,89,,88644,21,,,0,27,,88645,21,,,0,89,,88646,21,,,0,23,,88647,21,,,0,92,,88642,21,,,0
