1500,'S2-0_4',742,,87345,15,,,0,61,,87346,15,,,0,114,,87347,15,,,0,117,,87348,15,,,0,118,,87349,15,,,0,80,,87350,15,,,0,75,,87351,15,,,0,97,,87352,15,,,0,222,,87353,15,,,0,109,,87354,15,,,0,98,,87355,15,,,0,110,,87356,15,,,0
1500,'S2-0_5',742,,87358,15,,,0,61,,87359,15,,,0,114,,87360,15,,,0,117,,87361,15,,,0,118,,87362,15,,,0,80,,87363,15,,,0,75,,87364,15,,,0,97,,87365,15,,,0,222,,87366,15,,,0,109,,87367,15,,,0,98,,87368,15,,,0,110,,87369,15,,,0
1500,'S2-1_3',742,,87371,15,,,0,61,,87372,15,,,0,114,,87373,15,,,0,117,,87374,15,,,0,118,,87375,15,,,0,80,,87376,15,,,0,75,,87377,15,,,0,97,,87378,15,,,0,222,,87379,15,,,0,109,,87380,15,,,0,98,,87381,15,,,0,110,,87382,15,,,0
1500,'S2-2_6',742,,87384,15,,,0,61,,87385,15,,,0,114,,87386,15,,,0,117,,87387,15,,,0,118,,87388,15,,,0,80,,87389,15,,,0,75,,87390,15,,,0,97,,87391,15,,,0,222,,87392,15,,,0,109,,87393,15,,,0,98,,87394,15,,,0,110,,87395,15,,,0
1500,'S2-4_1',742,,87397,15,,,0,61,,87398,15,,,0,114,,87399,15,,,0,117,,87400,15,,,0,118,,87401,15,,,0,80,,87402,15,,,0,75,,87403,15,,,0,97,,87404,15,,,0,222,,87405,15,,,0,109,,87406,15,,,0,98,,87407,15,,,0,110,,87408,15,,,0
1500,'S2-4_2',742,,87410,15,,,0,61,,87411,15,,,0,114,,87412,15,,,0,117,,87413,15,,,0,118,,87414,15,,,0,80,,87415,15,,,0,75,,87416,15,,,0,97,,87417,15,,,0,222,,87418,15,,,0,109,,87419,15,,,0,98,,87420,15,,,0,110,,87421,15,,,0
1500,'S2-4_4',742,,87423,15,,,0,61,,87424,15,,,0,114,,87425,15,,,0,117,,87426,15,,,0,118,,87427,15,,,0,80,,87428,15,,,0,75,,87429,15,,,0,97,,87430,15,,,0,222,,87431,15,,,0,109,,87432,15,,,0,98,,87433,15,,,0,110,,87434,15,,,0
1501,'S2-0_4',651,,87436,5,,,0,58,,87437,5,,,0,95,,87438,5,,,0,21,,87439,5,,,0,117,,87440,5,,,0,116,,87441,5,,,0,158,,87442,5,,,0,94,,87443,5,,,0,119,,87444,5,,,0,222,,87445,5,,,0,150,,87446,5,,,0,55,,87447,5,,,0
1501,'S2-0_5',651,,87449,5,,,0,58,,87450,5,,,0,95,,87451,5,,,0,21,,87452,5,,,0,117,,87453,5,,,0,116,,87454,5,,,0,158,,87455,5,,,0,94,,87456,5,,,0,119,,87457,5,,,0,222,,87458,5,,,0,150,,87459,5,,,0,55,,87460,5,,,0
1501,'S2-1_3',651,,87462,5,,,0,58,,87463,5,,,0,95,,87464,5,,,0,21,,87465,5,,,0,117,,87466,5,,,0,116,,87467,5,,,0,158,,87468,5,,,0,94,,87469,5,,,0,119,,87470,5,,,0,222,,87471,5,,,0,150,,87472,5,,,0,55,,87473,5,,,0
1501,'S2-2_6',651,,87475,5,,,0,58,,87476,5,,,0,95,,87477,5,,,0,21,,87478,5,,,0,117,,87479,5,,,0,116,,87480,5,,,0,158,,87481,5,,,0,94,,87482,5,,,0,119,,87483,5,,,0,222,,87484,5,,,0,150,,87485,5,,,0,55,,87486,5,,,0
1501,'S2-4_1',651,,87488,5,,,0,58,,87489,5,,,0,95,,87490,5,,,0,21,,87491,5,,,0,117,,87492,5,,,0,116,,87493,5,,,0,158,,87494,5,,,0,94,,87495,5,,,0,119,,87496,5,,,0,222,,87497,5,,,0,150,,87498,5,,,0,55,,87499,5,,,0
1501,'S2-4_2',651,,87501,5,,,0,58,,87502,5,,,0,95,,87503,5,,,0,21,,87504,5,,,0,117,,87505,5,,,0,116,,87506,5,,,0,158,,87507,5,,,0,94,,87508,5,,,0,119,,87509,5,,,0,222,,87510,5,,,0,150,,87511,5,,,0,55,,87512,5,,,0
1501,'S2-4_4',651,,87514,5,,,0,58,,87515,5,,,0,95,,87516,5,,,0,21,,87517,5,,,0,117,,87518,5,,,0,116,,87519,5,,,0,158,,87520,5,,,0,94,,87521,5,,,0,119,,87522,5,,,0,222,,87523,5,,,0,150,,87524,5,,,0,55,,87525,5,,,0
