301,'0_6',711,,64459,27,,,0,33,,64460,27,,,0,73,,64461,27,,,0,33,,64462,27,,,0,72,,64463,27,,,0,33,,64464,27,,,0,72,,64465,27,,,0,32,,64466,27,,,0,73,,64467,27,,,0,72,,64468,27,,,0,32,,64469,27,,,0,73,,64434,27,,,0,27,,64435,27,,,0,69,,64436,27,,,0,26,,64437,27,,,0,28,,64438,27,,,0,67,,64439,27,,,0,29,,64440,27,,,0,68,,64458,27,,,0,26,,64441,27,,,0,72,,64442,27,,,0,34,,64443,27,,,0,68,,64444,27,,,0,28,,64445,27,,,0,65,,64446,27,,,0,25,,64447,27,,,0,66,,64448,27,,,0,27,,64470,27,,,0,25,,64449,27,,,0
301,'1_7',817,,64492,27,,,0,33,,64487,27,,,0,72,,64493,27,,,0,33,,64488,27,,,0,72,,64494,27,,,0,32,,64489,27,,,0,73,,64495,27,,,0,72,,64490,27,,,0,32,,64496,27,,,0,73,,64471,27,,,0,27,,64472,27,,,0,69,,64473,27,,,0,26,,64474,27,,,0,28,,64475,27,,,0,67,,64476,27,,,0,29,,64477,27,,,0,68,,64497,27,,,0,26,,64478,27,,,0,72,,64479,27,,,0,34,,64480,27,,,0,68,,64481,27,,,0,28,,64482,27,,,0,65,,64483,27,,,0,25,,64484,27,,,0,66,,64485,27,,,0,27,,64491,27,,,0,25,,64486,27,,,0
301,'5_1',711,,74141,27,,,0,33,,74142,27,,,0,73,,74143,27,,,0,33,,74144,27,,,0,72,,74145,27,,,0,33,,74146,27,,,0,72,,74147,27,,,0,32,,74148,27,,,0,73,,74149,27,,,0,72,,74150,27,,,0,32,,74151,27,,,0,73,,74124,27,,,0,27,,74125,27,,,0,69,,74126,27,,,0,26,,74127,27,,,0,28,,74128,27,,,0,67,,74129,27,,,0,29,,74130,27,,,0,68,,74140,27,,,0,26,,74131,27,,,0,72,,74132,27,,,0,34,,74133,27,,,0,68,,74134,27,,,0,28,,74135,27,,,0,65,,74136,27,,,0,25,,74137,27,,,0,66,,74138,27,,,0,27,,74152,27,,,0,25,,74139,27,,,0
301,'5_2',711,,75403,27,,,0,33,,75404,27,,,0,73,,75405,27,,,0,33,,75406,27,,,0,72,,75407,27,,,0,33,,75408,27,,,0,72,,75409,27,,,0,32,,75410,27,,,0,73,,75411,27,,,0,72,,75412,27,,,0,32,,75413,27,,,0,73,,75386,27,,,0,27,,75387,27,,,0,69,,75388,27,,,0,26,,75389,27,,,0,28,,75390,27,,,0,67,,75391,27,,,0,29,,75392,27,,,0,68,,75402,27,,,0,26,,75393,27,,,0,72,,75394,27,,,0,34,,75395,27,,,0,68,,75396,27,,,0,28,,75397,27,,,0,65,,75398,27,,,0,25,,75399,27,,,0,66,,75400,27,,,0,27,,75414,27,,,0,25,,75401,27,,,0
301,'5_3',711,,75432,27,,,0,33,,75433,27,,,0,73,,75434,27,,,0,33,,75435,27,,,0,72,,75436,27,,,0,33,,75437,27,,,0,72,,75438,27,,,0,32,,75439,27,,,0,73,,75440,27,,,0,72,,75441,27,,,0,32,,75442,27,,,0,73,,75415,27,,,0,27,,75416,27,,,0,69,,75417,27,,,0,26,,75418,27,,,0,28,,75419,27,,,0,67,,75420,27,,,0,29,,75421,27,,,0,68,,75431,27,,,0,26,,75422,27,,,0,72,,75423,27,,,0,34,,75424,27,,,0,68,,75425,27,,,0,28,,75426,27,,,0,65,,75427,27,,,0,25,,75428,27,,,0,66,,75429,27,,,0,27,,75443,27,,,0,25,,75430,27,,,0
301,'5_4',711,,75461,27,,,0,33,,75462,27,,,0,73,,75463,27,,,0,33,,75464,27,,,0,72,,75465,27,,,0,33,,75466,27,,,0,72,,75467,27,,,0,32,,75468,27,,,0,73,,75469,27,,,0,72,,75470,27,,,0,32,,75471,27,,,0,73,,75444,27,,,0,27,,75445,27,,,0,69,,75446,27,,,0,26,,75447,27,,,0,28,,75448,27,,,0,67,,75449,27,,,0,29,,75450,27,,,0,68,,75460,27,,,0,26,,75451,27,,,0,72,,75452,27,,,0,34,,75453,27,,,0,68,,75454,27,,,0,28,,75455,27,,,0,65,,75456,27,,,0,25,,75457,27,,,0,66,,75458,27,,,0,27,,75472,27,,,0,25,,75459,27,,,0
301,'5_5',711,,77996,27,,,0,33,,77997,27,,,0,73,,77998,27,,,0,33,,77999,27,,,0,72,,78000,27,,,0,33,,78001,27,,,0,72,,78002,27,,,0,32,,78003,27,,,0,73,,78004,27,,,0,72,,78005,27,,,0,32,,78006,27,,,0,73,,77971,27,,,0,27,,77972,27,,,0,69,,77973,27,,,0,26,,77974,27,,,0,28,,77975,27,,,0,67,,77976,27,,,0,29,,77977,27,,,0,68,,77995,27,,,0,26,,77978,27,,,0,72,,77979,27,,,0,34,,77980,27,,,0,68,,77981,27,,,0,28,,77982,27,,,0,65,,77983,27,,,0,25,,77984,27,,,0,66,,77985,27,,,0,27,,78007,27,,,0,25,,77986,27,,,0
900600,'0_6',842,,68268,14,,,0,170,,68270,14,,,0,125,,68271,14,,,0,175,,68272,14,,,0,120,,68273,14,,,0,175,,68274,14,,,0,130,,68275,14,,,0,170,,68269,14,,,0
900600,'5_1',842,,74487,14,,,0,170,,74489,14,,,0,125,,74490,14,,,0,175,,74491,14,,,0,120,,74492,14,,,0,175,,74493,14,,,0,130,,74494,14,,,0,170,,74488,14,,,0
900600,'5_2',842,,76475,14,,,0,170,,76477,14,,,0,125,,76478,14,,,0,175,,76479,14,,,0,120,,76480,14,,,0,175,,76481,14,,,0,130,,76482,14,,,0,170,,76476,14,,,0
900600,'5_3',842,,76483,14,,,0,170,,76485,14,,,0,125,,76486,14,,,0,175,,76487,14,,,0,120,,76488,14,,,0,175,,76489,14,,,0,130,,76490,14,,,0,170,,76484,14,,,0
900600,'5_4',842,,76491,14,,,0,170,,76493,14,,,0,125,,76494,14,,,0,175,,76495,14,,,0,120,,76496,14,,,0,175,,76497,14,,,0,130,,76498,14,,,0,170,,76492,14,,,0
900600,'5_5',842,,78343,14,,,0,170,,78345,14,,,0,125,,78346,14,,,0,175,,78347,14,,,0,120,,78348,14,,,0,175,,78349,14,,,0,130,,78350,14,,,0,170,,78344,14,,,0
