800,'S2-0_4',703,,86712,14,,,0,33,,86713,14,,,0,67,,86714,14,,,0,31,,86715,14,,,0,80,,86716,14,,,0,110,,86717,14,,,0,117,,86718,14,,,0,111,,86719,14,,,0,150,,86720,14,,,0,112,,86722,14,,,0,110,,86721,14,,,0
800,'S2-0_5',703,,86723,14,,,0,33,,86724,14,,,0,67,,86725,14,,,0,31,,86726,14,,,0,80,,86727,14,,,0,110,,86728,14,,,0,117,,86729,14,,,0,111,,86730,14,,,0,150,,86731,14,,,0,112,,86733,14,,,0,110,,86732,14,,,0
800,'S2-1_3',703,,86734,14,,,0,33,,86735,14,,,0,67,,86736,14,,,0,31,,86737,14,,,0,80,,86738,14,,,0,110,,86739,14,,,0,117,,86740,14,,,0,111,,86741,14,,,0,150,,86742,14,,,0,112,,86744,14,,,0,110,,86743,14,,,0
800,'S2-4_1',703,,86745,14,,,0,33,,86746,14,,,0,67,,86747,14,,,0,31,,86748,14,,,0,80,,86749,14,,,0,110,,86750,14,,,0,117,,86751,14,,,0,111,,86752,14,,,0,150,,86753,14,,,0,112,,86755,14,,,0,110,,86754,14,,,0
800,'S2-4_2',703,,86756,14,,,0,33,,86757,14,,,0,67,,86758,14,,,0,31,,86759,14,,,0,80,,86760,14,,,0,110,,86761,14,,,0,117,,86762,14,,,0,111,,86763,14,,,0,150,,86764,14,,,0,112,,86766,14,,,0,110,,86765,14,,,0
800,'S2-4_4',703,,86767,14,,,0,33,,86768,14,,,0,67,,86769,14,,,0,31,,86770,14,,,0,80,,86771,14,,,0,110,,86772,14,,,0,117,,86773,14,,,0,111,,86774,14,,,0,150,,86775,14,,,0,112,,86777,14,,,0,110,,86776,14,,,0
2200,'S2-0_4',708,,88004,10,0,11 15 16,0,20,,88010,10,0,17,0,102,,88005,10,0,11 15 16,0,513,,88007,10,0,42,0,305,,88008,10,0,42,0,63,,88006,10,0,11 15 16,0,37,,88009,10,0,42,0
2200,'S2-0_5',708,,88011,10,0,11 15 16,0,20,,88017,10,0,17,0,102,,88012,10,0,11 15 16,0,513,,88014,10,0,42,0,305,,88015,10,0,42,0,63,,88013,10,0,11 15 16,0,37,,88016,10,0,42,0
2200,'S2-1_3',708,,88018,10,0,11 15 16,0,20,,88022,10,0,17,0,102,,88019,10,0,11 15 16,0,513,,88021,10,0,42,0,368,,88020,10,0,11 15 16,0
2200,'S2-4_1',708,,88023,10,0,11 15 16,0,20,,88029,10,0,17,0,102,,88024,10,0,11 15 16,0,513,,88026,10,0,42,0,305,,88027,10,0,42,0,63,,88025,10,0,11 15 16,0,37,,88028,10,0,42,0
2200,'S2-4_2',708,,88030,10,0,11 15 16,0,20,,88036,10,0,17,0,102,,88031,10,0,11 15 16,0,513,,88033,10,0,42,0,305,,88034,10,0,42,0,63,,88032,10,0,11 15 16,0,37,,88035,10,0,42,0
2200,'S2-4_4',708,,88037,10,0,11 15 16,0,20,,88043,10,0,17,0,102,,88038,10,0,11 15 16,0,513,,88040,10,0,42,0,305,,88041,10,0,42,0,63,,88039,10,0,11 15 16,0,37,,88042,10,0,42,0
2401,'S2-0_4',1640,,88142,22,,,0,104,,88143,22,,,0
2401,'S2-0_5',1640,,88145,22,,,0,104,,88146,22,,,0
2401,'S2-4_1',1640,,88149,22,,,0,104,,88150,22,,,0
2401,'S2-4_2',1640,,88152,22,,,0,104,,88153,22,,,0
2401,'S2-4_4',1640,,88155,22,,,0,104,,88156,22,,,0
