900300,'S2-0_4',715,,88653,2,,,0,20,,88654,2,,,0,65,,88655,2,,,0,30,,88656,2,,,0,70,,88657,2,,,0,30,,88658,2,,,0,70,,88659,2,,,0,30,,88660,2,,,0,70,,88661,2,,,0,30,,88662,2,,,0,70,,88663,2,,,0,30,,88664,2,,,0,70,,88665,2,,,0,30,,88666,2,,,0,70,,88667,2,,,0,30,,88668,2,,,0,70,,88669,2,,,0,30,,88670,2,,,0,70,,88671,2,,,0,30,,88672,2,,,0,70,,88673,2,,,0,30,,88674,2,,,0,70,,88675,2,,,0,30,,88676,2,,,0,20,,88677,2,,,0,60,,88678,2,0,14,0
900300,'S2-0_5',715,,88679,2,,,0,20,,88680,2,,,0,65,,88681,2,,,0,30,,88682,2,,,0,70,,88683,2,,,0,30,,88684,2,,,0,70,,88685,2,,,0,30,,88686,2,,,0,70,,88687,2,,,0,30,,88688,2,,,0,70,,88689,2,,,0,30,,88690,2,,,0,70,,88691,2,,,0,30,,88692,2,,,0,70,,88693,2,,,0,30,,88694,2,,,0,70,,88695,2,,,0,30,,88696,2,,,0,70,,88697,2,,,0,30,,88698,2,,,0,70,,88699,2,,,0,30,,88700,2,,,0,70,,88701,2,,,0,30,,88702,2,,,0,20,,88703,2,,,0,60,,88704,2,0,14,0
900300,'S2-1_3',715,,88705,2,,,0,20,,88706,2,,,0,65,,88707,2,,,0,30,,88708,2,,,0,70,,88709,2,,,0,30,,88710,2,,,0,70,,88711,2,,,0,30,,88712,2,,,0,70,,88713,2,,,0,30,,88714,2,,,0,70,,88715,2,,,0,30,,88716,2,,,0,70,,88717,2,,,0,30,,88718,2,,,0,70,,88719,2,,,0,30,,88720,2,,,0,70,,88721,2,,,0,30,,88722,2,,,0,70,,88723,2,,,0,30,,88724,2,,,0,70,,88725,2,,,0,30,,88726,2,,,0,70,,88727,2,,,0,30,,88728,2,,,0,20,,88729,2,,,0,60,,88730,2,0,14,0
900300,'S2-4_1',715,,88731,2,,,0,20,,88732,2,,,0,65,,88733,2,,,0,30,,88734,2,,,0,70,,88735,2,,,0,30,,88736,2,,,0,70,,88737,2,,,0,30,,88738,2,,,0,70,,88739,2,,,0,30,,88740,2,,,0,70,,88741,2,,,0,30,,88742,2,,,0,70,,88743,2,,,0,30,,88744,2,,,0,70,,88745,2,,,0,30,,88746,2,,,0,70,,88747,2,,,0,30,,88748,2,,,0,70,,88749,2,,,0,30,,88750,2,,,0,70,,88751,2,,,0,30,,88752,2,,,0,70,,88753,2,,,0,30,,88754,2,,,0,20,,88755,2,,,0,60,,88756,2,0,14,0
900300,'S2-4_2',715,,88757,2,,,0,20,,88758,2,,,0,65,,88759,2,,,0,30,,88760,2,,,0,70,,88761,2,,,0,30,,88762,2,,,0,70,,88763,2,,,0,30,,88764,2,,,0,70,,88765,2,,,0,30,,88766,2,,,0,70,,88767,2,,,0,30,,88768,2,,,0,70,,88769,2,,,0,30,,88770,2,,,0,70,,88771,2,,,0,30,,88772,2,,,0,70,,88773,2,,,0,30,,88774,2,,,0,70,,88775,2,,,0,30,,88776,2,,,0,70,,88777,2,,,0,30,,88778,2,,,0,70,,88779,2,,,0,30,,88780,2,,,0,20,,88781,2,,,0,60,,88782,2,0,14,0
900300,'S2-4_4',715,,88783,2,,,0,20,,88784,2,,,0,65,,88785,2,,,0,30,,88786,2,,,0,70,,88787,2,,,0,30,,88788,2,,,0,70,,88789,2,,,0,30,,88790,2,,,0,70,,88791,2,,,0,30,,88792,2,,,0,70,,88793,2,,,0,30,,88794,2,,,0,70,,88795,2,,,0,30,,88796,2,,,0,70,,88797,2,,,0,30,,88798,2,,,0,70,,88799,2,,,0,30,,88800,2,,,0,70,,88801,2,,,0,30,,88802,2,,,0,70,,88803,2,,,0,30,,88804,2,,,0,70,,88805,2,,,0,30,,88806,2,,,0,20,,88807,2,,,0,60,,88808,2,0,14,0
3000000,'S2-0_4',654,,91563,24,,,0,60,,91562,24,,,0,22,,91567,9,0,14,0,4,,91522,24,,,0,9,,91564,9,0,14,0,51,,91523,24,,,0,7,,91565,9,0,14,0,10,,91524,24,,,0,8,,91566,9,0,14,0,13,,91525,24,,,0,20,,91526,24,,,0,62,,91527,24,,,0,19,,91528,24,,,0,20,,91529,24,,,0,61,,91530,24,,,0,17,,91531,24,,,0,22,,91532,24,,,0,60,,91533,24,,,0,19,,91534,24,,,0,62,,91535,24,,,0,21,,91536,24,,,0,19,,91537,24,,,0,60,,91538,24,,,0,19,,91539,24,,,0,21,,91540,24,,,0,19,,91541,24,,,0,59,,91542,24,,,0,21,,91543,24,,,0,20,,91544,24,,,0,62,,91545,24,,,0,19,,91546,24,,,0,19,,91547,24,,,0,61,,91548,24,,,0,16,,91549,24,,,0,20,,91550,24,,,0,65,,91551,24,,,0,19,,91552,24,,,0,19,,91553,24,,,0,58,,91554,24,,,0,19,,91555,24,,,0,19,,91556,24,,,0,60,,91557,24,,,0,19,,91558,24,,,0,70,,91559,24,,,0,32,,91560,24,,,0,72,,91561,24,,,0
3000000,'S2-0_5',654,,91609,24,,,0,60,,91608,24,,,0,22,,91613,9,0,14,0,4,,91568,24,,,0,9,,91610,9,0,14,0,51,,91569,24,,,0,7,,91611,9,0,14,0,10,,91570,24,,,0,8,,91612,9,0,14,0,13,,91571,24,,,0,20,,91572,24,,,0,62,,91573,24,,,0,19,,91574,24,,,0,20,,91575,24,,,0,61,,91576,24,,,0,17,,91577,24,,,0,22,,91578,24,,,0,60,,91579,24,,,0,19,,91580,24,,,0,62,,91581,24,,,0,21,,91582,24,,,0,19,,91583,24,,,0,60,,91584,24,,,0,19,,91585,24,,,0,21,,91586,24,,,0,19,,91587,24,,,0,59,,91588,24,,,0,21,,91589,24,,,0,20,,91590,24,,,0,62,,91591,24,,,0,19,,91592,24,,,0,19,,91593,24,,,0,61,,91594,24,,,0,16,,91595,24,,,0,20,,91596,24,,,0,65,,91597,24,,,0,19,,91598,24,,,0,19,,91599,24,,,0,58,,91600,24,,,0,19,,91601,24,,,0,19,,91602,24,,,0,60,,91603,24,,,0,19,,91604,24,,,0,70,,91605,24,,,0,32,,91606,24,,,0,72,,91607,24,,,0
3000000,'S2-1_3',654,,91655,24,,,0,60,,91654,24,,,0,22,,91659,9,0,14,0,4,,91614,24,,,0,9,,91656,9,0,14,0,51,,91615,24,,,0,7,,91657,9,0,14,0,10,,91616,24,,,0,8,,91658,9,0,14,0,13,,91617,24,,,0,20,,91618,24,,,0,62,,91619,24,,,0,19,,91620,24,,,0,20,,91621,24,,,0,61,,91622,24,,,0,17,,91623,24,,,0,22,,91624,24,,,0,60,,91625,24,,,0,19,,91626,24,,,0,62,,91627,24,,,0,21,,91628,24,,,0,19,,91629,24,,,0,60,,91630,24,,,0,19,,91631,24,,,0,21,,91632,24,,,0,19,,91633,24,,,0,59,,91634,24,,,0,21,,91635,24,,,0,20,,91636,24,,,0,62,,91637,24,,,0,19,,91638,24,,,0,19,,91639,24,,,0,61,,91640,24,,,0,16,,91641,24,,,0,20,,91642,24,,,0,65,,91643,24,,,0,19,,91644,24,,,0,19,,91645,24,,,0,58,,91646,24,,,0,19,,91647,24,,,0,19,,91648,24,,,0,60,,91649,24,,,0,19,,91650,24,,,0,70,,91651,24,,,0,32,,91652,24,,,0,72,,91653,24,,,0
3000000,'S2-2_6',657,,91660,24,,,0,83,,91661,24,,,0,82,,91662,24,,,0,30,,91663,24,,,0,60,,91664,24,,,0,20,,91665,24,,,0,21,,91666,24,,,0,60,,91667,24,,,0,20,,91668,24,,,0,20,,91669,24,,,0,61,,91670,24,,,0,19,,91671,24,,,0,20,,91672,24,,,0,61,,91673,24,,,0,19,,91674,24,,,0,19,,91675,24,,,0,59,,91676,24,,,0,20,,91677,24,,,0,21,,91678,24,,,0,59,,91679,24,,,0,21,,91680,24,,,0,20,,91681,24,,,0,61,,91682,24,,,0,20,,91683,24,,,0,20,,91684,24,,,0,60,,91685,24,,,0,20,,91686,24,,,0,21,,91687,24,,,0,60,,91688,24,,,0,20,,91689,24,,,0,20,,91690,24,,,0,60,,91691,24,,,0,19,,91692,24,,,0,18,,91693,24,,,0,59,,91694,24,,,0,30,,91695,24,,,0,70,,91696,24,,,0,29,,91697,24,,,0,69,,91698,24,,,0
3000000,'S2-3_7',819,,91700,24,,,0,130,,91701,24,,,0,170,,91708,24,,,0,130,,91707,24,,,0,170,,91706,24,,,0,130,,91704,24,,,0,100,,91713,9,0,14,0,70,,91705,24,,,0,30,,91699,9,0,14,0,70,,91709,9,0,14,0,29,,91703,24,,,0,71,,91710,9,0,14,0,30,,91711,9,0,14,0,69,,91702,24,,,0,91,,91712,9,0,14,0
3000000,'S2-4_1',654,,91755,24,,,0,60,,91754,24,,,0,22,,91759,9,0,14,0,4,,91714,24,,,0,9,,91756,9,0,14,0,51,,91715,24,,,0,7,,91757,9,0,14,0,10,,91716,24,,,0,8,,91758,9,0,14,0,13,,91717,24,,,0,20,,91718,24,,,0,62,,91719,24,,,0,19,,91720,24,,,0,20,,91721,24,,,0,61,,91722,24,,,0,17,,91723,24,,,0,22,,91724,24,,,0,60,,91725,24,,,0,19,,91726,24,,,0,62,,91727,24,,,0,21,,91728,24,,,0,19,,91729,24,,,0,60,,91730,24,,,0,19,,91731,24,,,0,21,,91732,24,,,0,19,,91733,24,,,0,59,,91734,24,,,0,21,,91735,24,,,0,20,,91736,24,,,0,62,,91737,24,,,0,19,,91738,24,,,0,19,,91739,24,,,0,61,,91740,24,,,0,16,,91741,24,,,0,20,,91742,24,,,0,65,,91743,24,,,0,19,,91744,24,,,0,19,,91745,24,,,0,58,,91746,24,,,0,19,,91747,24,,,0,19,,91748,24,,,0,60,,91749,24,,,0,19,,91750,24,,,0,70,,91751,24,,,0,32,,91752,24,,,0,72,,91753,24,,,0
3000000,'S2-4_2',654,,91801,24,,,0,60,,91800,24,,,0,22,,91805,9,0,14,0,4,,91760,24,,,0,9,,91802,9,0,14,0,51,,91761,24,,,0,7,,91803,9,0,14,0,10,,91762,24,,,0,8,,91804,9,0,14,0,13,,91763,24,,,0,20,,91764,24,,,0,62,,91765,24,,,0,19,,91766,24,,,0,20,,91767,24,,,0,61,,91768,24,,,0,17,,91769,24,,,0,22,,91770,24,,,0,60,,91771,24,,,0,19,,91772,24,,,0,62,,91773,24,,,0,21,,91774,24,,,0,19,,91775,24,,,0,60,,91776,24,,,0,19,,91777,24,,,0,21,,91778,24,,,0,19,,91779,24,,,0,59,,91780,24,,,0,21,,91781,24,,,0,20,,91782,24,,,0,62,,91783,24,,,0,19,,91784,24,,,0,19,,91785,24,,,0,61,,91786,24,,,0,16,,91787,24,,,0,20,,91788,24,,,0,65,,91789,24,,,0,19,,91790,24,,,0,19,,91791,24,,,0,58,,91792,24,,,0,19,,91793,24,,,0,19,,91794,24,,,0,60,,91795,24,,,0,19,,91796,24,,,0,70,,91797,24,,,0,32,,91798,24,,,0,72,,91799,24,,,0
3000000,'S2-4_4',654,,91847,24,,,0,60,,91846,24,,,0,22,,91851,9,0,14,0,4,,91806,24,,,0,9,,91848,9,0,14,0,51,,91807,24,,,0,7,,91849,9,0,14,0,10,,91808,24,,,0,8,,91850,9,0,14,0,13,,91809,24,,,0,20,,91810,24,,,0,62,,91811,24,,,0,19,,91812,24,,,0,20,,91813,24,,,0,61,,91814,24,,,0,17,,91815,24,,,0,22,,91816,24,,,0,60,,91817,24,,,0,19,,91818,24,,,0,62,,91819,24,,,0,21,,91820,24,,,0,19,,91821,24,,,0,60,,91822,24,,,0,19,,91823,24,,,0,21,,91824,24,,,0,19,,91825,24,,,0,59,,91826,24,,,0,21,,91827,24,,,0,20,,91828,24,,,0,62,,91829,24,,,0,19,,91830,24,,,0,19,,91831,24,,,0,61,,91832,24,,,0,16,,91833,24,,,0,20,,91834,24,,,0,65,,91835,24,,,0,19,,91836,24,,,0,19,,91837,24,,,0,58,,91838,24,,,0,19,,91839,24,,,0,19,,91840,24,,,0,60,,91841,24,,,0,19,,91842,24,,,0,70,,91843,24,,,0,32,,91844,24,,,0,72,,91845,24,,,0
