801,'S2-0_4',843,,86784,12,,,0,108,,86785,12,,,0,150,,86786,12,,,0,119,,86778,12,,,0,111,,86787,12,,,0,112,,86788,12,,,0,112,,86789,12,,,0,75,,86779,12,,,0,75,,86780,12,,,0,30,,86781,12,,,0,75,,86782,12,,,0,35,,86783,12,,,0,71,,86790,12,,,0,34,,86791,12,,,0
801,'S2-0_5',843,,86798,12,,,0,108,,86799,12,,,0,150,,86800,12,,,0,119,,86792,12,,,0,111,,86801,12,,,0,112,,86802,12,,,0,112,,86803,12,,,0,75,,86793,12,,,0,75,,86794,12,,,0,30,,86795,12,,,0,75,,86796,12,,,0,35,,86797,12,,,0,71,,86804,12,,,0,34,,86805,12,,,0
801,'S2-1_3',843,,86812,12,,,0,108,,86813,12,,,0,150,,86814,12,,,0,119,,86806,12,,,0,111,,86815,12,,,0,112,,86816,12,,,0,112,,86817,12,,,0,75,,86807,12,,,0,75,,86808,12,,,0,30,,86809,12,,,0,75,,86810,12,,,0,35,,86811,12,,,0,71,,86818,12,,,0,34,,86819,12,,,0
801,'S2-4_1',843,,86826,12,,,0,108,,86827,12,,,0,150,,86828,12,,,0,119,,86820,12,,,0,111,,86829,12,,,0,112,,86830,12,,,0,112,,86831,12,,,0,75,,86821,12,,,0,75,,86822,12,,,0,30,,86823,12,,,0,75,,86824,12,,,0,35,,86825,12,,,0,71,,86832,12,,,0,34,,86833,12,,,0
801,'S2-4_2',843,,86840,12,,,0,108,,86841,12,,,0,150,,86842,12,,,0,119,,86834,12,,,0,111,,86843,12,,,0,112,,86844,12,,,0,112,,86845,12,,,0,75,,86835,12,,,0,75,,86836,12,,,0,30,,86837,12,,,0,75,,86838,12,,,0,35,,86839,12,,,0,71,,86846,12,,,0,34,,86847,12,,,0
801,'S2-4_4',843,,86854,12,,,0,108,,86855,12,,,0,150,,86856,12,,,0,119,,86848,12,,,0,111,,86857,12,,,0,112,,86858,12,,,0,112,,86859,12,,,0,75,,86849,12,,,0,75,,86850,12,,,0,30,,86851,12,,,0,75,,86852,12,,,0,35,,86853,12,,,0,71,,86860,12,,,0,34,,86861,12,,,0
2201,'S2-0_4',1300,,88044,13,,,0,324,,88048,9,,,0,22,,88045,13,,,0,78,,88049,9,,,0,80,,88046,13,,,0,20,,88050,9,,,0,76,,88047,13,,,0
2201,'S2-0_5',1300,,88051,13,,,0,324,,88055,9,,,0,22,,88052,13,,,0,78,,88056,9,,,0,80,,88053,13,,,0,20,,88057,9,,,0,76,,88054,13,,,0
2201,'S2-1_3',1225,,88062,9,,,0,75,,88058,13,,,0,346,,88059,13,,,0,158,,88060,13,,,0,96,,88061,13,,,0
2201,'S2-4_1',1300,,88063,13,,,0,324,,88067,9,,,0,22,,88064,13,,,0,78,,88068,9,,,0,80,,88065,13,,,0,20,,88069,9,,,0,76,,88066,13,,,0
2201,'S2-4_2',1300,,88070,13,,,0,324,,88074,9,,,0,22,,88071,13,,,0,78,,88075,9,,,0,80,,88072,13,,,0,20,,88076,9,,,0,76,,88073,13,,,0
2201,'S2-4_4',1300,,88077,13,,,0,324,,88081,9,,,0,22,,88078,13,,,0,78,,88082,9,,,0,80,,88079,13,,,0,20,,88083,9,,,0,76,,88080,13,,,0
