301,'S2-0_4',737,,85473,26,,,0,21,,85447,26,,,0,74,,85474,26,,,0,73,,85448,26,,,0,30,,85449,26,,,0,71,,85450,26,,,0,32,,85451,26,,,0,72,,85452,26,,,0,33,,85453,26,,,0,73,,85454,26,,,0,32,,85455,26,,,0,71,,85456,26,,,0,33,,85457,26,,,0,72,,85458,26,,,0,31,,85459,26,,,0,70,,85460,26,,,0,27,,85461,26,,,0,68,,85462,26,,,0,31,,85463,26,,,0,70,,85464,26,,,0,30,,85465,26,,,0,70,,85466,26,,,0,24,,85467,26,,,0,62,,85468,26,,,0,23,,85469,26,,,0,29,,85470,26,,,0,68,,85471,26,,,0,30,,85472,26,,,0
301,'S2-0_5',737,,85501,26,,,0,21,,85475,26,,,0,74,,85502,26,,,0,73,,85476,26,,,0,30,,85477,26,,,0,71,,85478,26,,,0,32,,85479,26,,,0,72,,85480,26,,,0,33,,85481,26,,,0,73,,85482,26,,,0,32,,85483,26,,,0,71,,85484,26,,,0,33,,85485,26,,,0,72,,85486,26,,,0,31,,85487,26,,,0,70,,85488,26,,,0,27,,85489,26,,,0,68,,85490,26,,,0,31,,85491,26,,,0,70,,85492,26,,,0,30,,85493,26,,,0,70,,85494,26,,,0,24,,85495,26,,,0,62,,85496,26,,,0,23,,85497,26,,,0,29,,85498,26,,,0,68,,85499,26,,,0,30,,85500,26,,,0
301,'S2-1_3',737,,85529,26,,,0,21,,85503,26,,,0,74,,85530,26,,,0,73,,85504,26,,,0,30,,85505,26,,,0,71,,85506,26,,,0,32,,85507,26,,,0,72,,85508,26,,,0,33,,85509,26,,,0,73,,85510,26,,,0,32,,85511,26,,,0,71,,85512,26,,,0,33,,85513,26,,,0,72,,85514,26,,,0,31,,85515,26,,,0,70,,85516,26,,,0,27,,85517,26,,,0,68,,85518,26,,,0,31,,85519,26,,,0,70,,85520,26,,,0,30,,85521,26,,,0,70,,85522,26,,,0,24,,85523,26,,,0,62,,85524,26,,,0,23,,85525,26,,,0,29,,85526,26,,,0,68,,85527,26,,,0,30,,85528,26,,,0
301,'S2-2_6',741,,85534,26,,,0,71,,85531,26,,,0,30,,85532,26,,,0,70,,85533,26,,,0,31,,85535,26,,,0,70,,85536,26,,,0,31,,85537,26,,,0,70,,85538,26,,,0,31,,85542,26,,,0,69,,85541,26,,,0,28,,85539,26,,,0,69,,85540,26,,,0,29,,85544,26,,,0,71,,85545,26,,,0,30,,85543,26,,,0,71,,85546,26,,,0,30,,85549,26,,,0,72,,85547,26,,,0,33,,85548,26,,,0,71,,85551,26,,,0,32,,85550,26,,,0,70,,85552,26,,,0,32,,85553,26,,,0,68,,85554,26,,,0,28,,85555,26,,,0,69,,85556,26,,,0,30,,85557,26,,,0,63,,85558,26,,,0
301,'S2-3_7',816,,85580,26,,,0,32,,85575,26,,,0,72,,85581,26,,,0,33,,85576,26,,,0,72,,85582,26,,,0,32,,85577,26,,,0,73,,85583,26,,,0,72,,85578,26,,,0,32,,85584,26,,,0,73,,85559,26,,,0,27,,85560,26,,,0,69,,85561,26,,,0,26,,85562,26,,,0,28,,85563,26,,,0,67,,85564,26,,,0,29,,85565,26,,,0,68,,85585,26,,,0,26,,85566,26,,,0,72,,85567,26,,,0,34,,85568,26,,,0,68,,85569,26,,,0,28,,85570,26,,,0,65,,85571,26,,,0,25,,85572,26,,,0,67,,85573,26,,,0,27,,85579,26,,,0,25,,85574,26,,,0
301,'S2-4_1',737,,85612,26,,,0,21,,85586,26,,,0,74,,85613,26,,,0,73,,85587,26,,,0,30,,85588,26,,,0,71,,85589,26,,,0,32,,85590,26,,,0,72,,85591,26,,,0,33,,85592,26,,,0,73,,85593,26,,,0,32,,85594,26,,,0,71,,85595,26,,,0,33,,85596,26,,,0,72,,85597,26,,,0,31,,85598,26,,,0,70,,85599,26,,,0,27,,85600,26,,,0,68,,85601,26,,,0,31,,85602,26,,,0,70,,85603,26,,,0,30,,85604,26,,,0,70,,85605,26,,,0,24,,85606,26,,,0,62,,85607,26,,,0,23,,85608,26,,,0,29,,85609,26,,,0,68,,85610,26,,,0,30,,85611,26,,,0
301,'S2-4_2',737,,85640,26,,,0,21,,85614,26,,,0,74,,85641,26,,,0,73,,85615,26,,,0,30,,85616,26,,,0,71,,85617,26,,,0,32,,85618,26,,,0,72,,85619,26,,,0,33,,85620,26,,,0,73,,85621,26,,,0,32,,85622,26,,,0,71,,85623,26,,,0,33,,85624,26,,,0,72,,85625,26,,,0,31,,85626,26,,,0,70,,85627,26,,,0,27,,85628,26,,,0,68,,85629,26,,,0,31,,85630,26,,,0,70,,85631,26,,,0,30,,85632,26,,,0,70,,85633,26,,,0,24,,85634,26,,,0,62,,85635,26,,,0,23,,85636,26,,,0,29,,85637,26,,,0,68,,85638,26,,,0,30,,85639,26,,,0
301,'S2-4_4',737,,85668,26,,,0,21,,85642,26,,,0,74,,85669,26,,,0,73,,85643,26,,,0,30,,85644,26,,,0,71,,85645,26,,,0,32,,85646,26,,,0,72,,85647,26,,,0,33,,85648,26,,,0,73,,85649,26,,,0,32,,85650,26,,,0,71,,85651,26,,,0,33,,85652,26,,,0,72,,85653,26,,,0,31,,85654,26,,,0,70,,85655,26,,,0,27,,85656,26,,,0,68,,85657,26,,,0,31,,85658,26,,,0,70,,85659,26,,,0,30,,85660,26,,,0,70,,85661,26,,,0,24,,85662,26,,,0,62,,85663,26,,,0,23,,85664,26,,,0,29,,85665,26,,,0,68,,85666,26,,,0,30,,85667,26,,,0
2900301,'S2-0_4',1728,,91370,12,,,0,28,,91371,12,,,0,73,,91372,12,,,0,21,,91373,12,,,0
2900301,'S2-0_5',1728,,91374,12,,,0,28,,91375,12,,,0,73,,91376,12,,,0,21,,91377,12,,,0
2900301,'S2-1_3',1728,,91378,12,,,0,28,,91379,12,,,0,73,,91380,12,,,0,21,,91381,12,,,0
2900301,'S2-4_1',1728,,91382,12,,,0,28,,91383,12,,,0,73,,91384,12,,,0,21,,91385,12,,,0
2900301,'S2-4_2',1728,,91386,12,,,0,28,,91387,12,,,0,73,,91388,12,,,0,21,,91389,12,,,0
2900301,'S2-4_4',1728,,91390,12,,,0,28,,91391,12,,,0,73,,91392,12,,,0,21,,91393,12,,,0
