400,'S2-0_4',754,,85694,45,0,40,0,59,,85698,14,4,,0,2,,85701,48,0,40,0,6,,85670,44,0,40,0,16,,85671,45,0,40,0,10,,85695,44,0,40,0,54,,85672,44,0,40,0,13,,85673,44,0,40,0,30,,85674,44,0,40,0,79,,85675,56,0,40,0,31,,85676,44,0,40,0,71,,85677,44,0,40,0,76,,85678,44,0,40,0,37,,85679,44,0,40,0,65,,85699,47,,,0,26,,85696,57,0,40,0,25,,85680,44,0,40,0,66,,85681,44,0,40,0,30,,85684,56,0,40,0,76,,85682,44,0,40,0,30,,85685,56,0,40,0,79,,85683,44,0,40,0,80,,85702,48,0,40,0,22,,85686,56,0,40,0,8,,85697,29,0,40,0,8,,85687,44,0,40,0,61,,85703,48,,,0,5,,85689,44,0,40,0,23,,85692,28,0,40,0,61,,85700,47,,,0,30,,85690,44,0,40,0,23,,85691,56,0,40,0
400,'S2-0_5',754,,85728,45,0,40,0,59,,85732,14,4,,0,2,,85735,48,0,40,0,6,,85704,44,0,40,0,16,,85705,45,0,40,0,10,,85729,44,0,40,0,54,,85706,44,0,40,0,13,,85707,44,0,40,0,30,,85708,44,0,40,0,79,,85709,56,0,40,0,31,,85710,44,0,40,0,71,,85711,44,0,40,0,76,,85712,44,0,40,0,37,,85713,44,0,40,0,65,,85733,47,,,0,26,,85730,57,0,40,0,25,,85714,44,0,40,0,66,,85715,44,0,40,0,30,,85718,56,0,40,0,76,,85716,44,0,40,0,30,,85719,56,0,40,0,79,,85717,44,0,40,0,80,,85736,48,0,40,0,22,,85720,56,0,40,0,8,,85731,29,0,40,0,8,,85721,44,0,40,0,61,,85737,48,,,0,5,,85723,44,0,40,0,23,,85726,28,0,40,0,61,,85734,47,,,0,30,,85724,44,0,40,0,23,,85725,56,0,40,0
400,'S2-1_3',754,,85761,45,0,40,0,59,,85765,14,4,,0,2,,85768,48,0,40,0,6,,85738,44,0,40,0,16,,85739,45,0,40,0,10,,85762,44,0,40,0,54,,85740,44,0,40,0,13,,85741,44,0,40,0,30,,85742,44,0,40,0,79,,85743,56,0,40,0,31,,85744,44,0,40,0,71,,85745,44,0,40,0,76,,85746,44,0,40,0,37,,85747,44,0,40,0,65,,85766,47,,,0,26,,85763,57,0,40,0,25,,85748,44,0,40,0,66,,85749,44,0,40,0,30,,85752,56,0,40,0,76,,85750,44,0,40,0,30,,85753,56,0,40,0,79,,85751,44,0,40,0,80,,85769,48,0,40,0,22,,85754,56,0,40,0,8,,85764,29,0,40,0,8,,85755,44,0,40,0,61,,85770,48,,,0,5,,85757,44,0,40,0,23,,85756,56,0,40,0,61,,85767,47,,,0,30,,85758,44,0,40,0,23,,85759,56,0,40,0
400,'S2-2_6',743,,85777,44,0,40,0,105,,85778,44,0,40,0,72,,85771,56,0,40,0,27,,85779,44,0,40,0,72,,85780,44,0,40,0,30,,85781,44,0,40,0,71,,85772,56,0,40,0,31,,85782,44,0,40,0,70,,85784,44,0,40,0,29,,85783,44,0,40,0,69,,85773,56,0,40,0,31,,85785,44,0,40,0,70,,85786,44,0,40,0,29,,85787,44,0,40,0,73,,85774,56,0,40,0,33,,85788,44,0,40,0,70,,85789,44,0,40,0,31,,85790,44,0,40,0,73,,85775,56,0,40,0,72,,85791,44,0,40,0,30,,85792,44,0,40,0,71,,85793,44,0,40,0,29,,85776,56,0,40,0,71,,85794,44,0,40,0
400,'S2-3_7',857,,85795,56,0,40,0,165,,85796,56,0,40,0,125,,85797,56,0,40,0,200,,85798,56,0,40,0,166,,85799,56,0,40,0,125,,85800,56,0,40,0,166,,85801,56,0,40,0,124,,85802,56,0,40,0
400,'S2-4_1',754,,85827,45,0,40,0,59,,85831,14,4,,0,2,,85834,48,0,40,0,6,,85803,44,0,40,0,16,,85804,45,0,40,0,10,,85828,44,0,40,0,54,,85805,44,0,40,0,13,,85806,44,0,40,0,30,,85807,44,0,40,0,79,,85808,56,0,40,0,31,,85809,44,0,40,0,71,,85810,44,0,40,0,76,,85811,44,0,40,0,37,,85812,44,0,40,0,65,,85832,47,,,0,26,,85829,57,0,40,0,25,,85813,44,0,40,0,66,,85814,44,0,40,0,30,,85817,56,0,40,0,76,,85815,44,0,40,0,30,,85818,56,0,40,0,79,,85816,44,0,40,0,80,,85835,48,0,40,0,22,,85819,56,0,40,0,8,,85830,29,0,40,0,8,,85820,44,0,40,0,61,,85836,48,,,0,5,,85822,44,0,40,0,23,,85825,28,0,40,0,61,,85833,47,,,0,30,,85823,44,0,40,0,23,,85824,56,0,40,0
400,'S2-4_2',754,,85861,45,0,40,0,59,,85865,14,4,,0,2,,85868,48,0,40,0,6,,85837,44,0,40,0,16,,85838,45,0,40,0,10,,85862,44,0,40,0,54,,85839,44,0,40,0,13,,85840,44,0,40,0,30,,85841,44,0,40,0,79,,85842,56,0,40,0,31,,85843,44,0,40,0,71,,85844,44,0,40,0,76,,85845,44,0,40,0,37,,85846,44,0,40,0,65,,85866,47,,,0,26,,85863,57,0,40,0,25,,85847,44,0,40,0,66,,85848,44,0,40,0,30,,85851,56,0,40,0,76,,85849,44,0,40,0,30,,85852,56,0,40,0,79,,85850,44,0,40,0,80,,85869,48,0,40,0,22,,85853,56,0,40,0,8,,85864,29,0,40,0,8,,85854,44,0,40,0,61,,85870,48,,,0,5,,85856,44,0,40,0,23,,85859,28,0,40,0,61,,85867,47,,,0,30,,85857,44,0,40,0,23,,85858,56,0,40,0
400,'S2-4_4',754,,85895,45,0,40,0,59,,85899,14,4,,0,2,,85902,48,0,40,0,6,,85871,44,0,40,0,16,,85872,45,0,40,0,10,,85896,44,0,40,0,54,,85873,44,0,40,0,13,,85874,44,0,40,0,30,,85875,44,0,40,0,79,,85876,56,0,40,0,31,,85877,44,0,40,0,71,,85878,44,0,40,0,76,,85879,44,0,40,0,37,,85880,44,0,40,0,65,,85900,47,,,0,26,,85897,57,0,40,0,25,,85881,44,0,40,0,66,,85882,44,0,40,0,30,,85885,56,0,40,0,76,,85883,44,0,40,0,30,,85886,56,0,40,0,79,,85884,44,0,40,0,80,,85903,48,0,40,0,22,,85887,56,0,40,0,8,,85898,29,0,40,0,8,,85888,44,0,40,0,61,,85904,48,,,0,5,,85890,44,0,40,0,23,,85893,28,0,40,0,61,,85901,47,,,0,30,,85891,44,0,40,0,23,,85892,56,0,40,0
2300,'S2-0_4',1626,,88084,25,,,0,105,,88085,25,,,0,95,,88086,25,,,0
2300,'S2-0_5',1626,,88087,25,,,0,105,,88088,25,,,0,95,,88089,25,,,0
2300,'S2-1_3',1230,,88091,25,,,0,3,,88090,25,,,0
2300,'S2-4_1',1626,,88092,25,,,0,105,,88093,25,,,0,95,,88094,25,,,0
2300,'S2-4_2',1626,,88095,25,,,0,105,,88096,25,,,0,95,,88097,25,,,0
2300,'S2-4_4',1626,,88098,25,,,0,105,,88099,25,,,0,95,,88100,25,,,0
