700,'S2-0_4',735,,86558,25,,,0,110,,86560,25,,,0,111,,86561,25,,,0,150,,86562,25,,,0,110,,86563,25,,,0,110,,86564,25,,,0,110,,86565,25,,,0,110,,86566,25,,,0,113,,86567,25,,,0,150,,86568,25,,,0,105,,86559,25,,,0
700,'S2-0_5',735,,86569,25,,,0,110,,86571,25,,,0,111,,86572,25,,,0,150,,86573,25,,,0,110,,86574,25,,,0,110,,86575,25,,,0,110,,86576,25,,,0,110,,86577,25,,,0,113,,86578,25,,,0,150,,86579,25,,,0,105,,86570,25,,,0
700,'S2-1_3',735,,86580,25,,,0,110,,86582,25,,,0,111,,86583,25,,,0,150,,86584,25,,,0,110,,86585,25,,,0,110,,86586,25,,,0,110,,86587,25,,,0,110,,86588,25,,,0,113,,86589,25,,,0,150,,86590,25,,,0,105,,86581,25,,,0
700,'S2-2_6',733,,86593,25,,,0,110,,86594,25,,,0,112,,86595,25,,,0,150,,86596,25,,,0,110,,86597,25,,,0,110,,86598,25,,,0,111,,86599,25,,,0,109,,86600,25,,,0,111,,86601,25,,,0,150,,86591,25,,,0,107,,86592,25,,,0
700,'S2-4_1',735,,86602,25,,,0,110,,86604,25,,,0,111,,86605,25,,,0,150,,86606,25,,,0,110,,86607,25,,,0,110,,86608,25,,,0,110,,86609,25,,,0,110,,86610,25,,,0,113,,86611,25,,,0,150,,86612,25,,,0,105,,86603,25,,,0
700,'S2-4_2',735,,86613,25,,,0,110,,86615,25,,,0,111,,86616,25,,,0,150,,86617,25,,,0,110,,86618,25,,,0,110,,86619,25,,,0,110,,86620,25,,,0,110,,86621,25,,,0,113,,86622,25,,,0,150,,86623,25,,,0,105,,86614,25,,,0
700,'S2-4_4',735,,86624,25,,,0,110,,86626,25,,,0,111,,86627,25,,,0,150,,86628,25,,,0,110,,86629,25,,,0,110,,86630,25,,,0,110,,86631,25,,,0,110,,86632,25,,,0,113,,86633,25,,,0,150,,86634,25,,,0,105,,86625,25,,,0
2400,'S2-0_4',745,,88119,21,,,0,868,,88120,16,,,0,104,,88121,16,,,0,94,,88122,16,,,0
2400,'S2-0_5',745,,88123,21,,,0,868,,88124,16,,,0,104,,88125,16,,,0,94,,88126,16,,,0
2400,'S2-1_3',745,,88127,21,,,0,490,,88128,16,,,0
2400,'S2-4_1',745,,88129,21,,,0,868,,88130,16,,,0,104,,88131,16,,,0,94,,88132,16,,,0
2400,'S2-4_2',745,,88133,21,,,0,868,,88134,16,,,0,104,,88135,16,,,0,94,,88136,16,,,0
2400,'S2-4_4',745,,88137,21,,,0,868,,88138,16,,,0,104,,88139,16,,,0,94,,88140,16,,,0
900500,'S2-4_4',2136,,88959,16,,,0,90,,88960,16,,,0,90,,88961,16,,,0,90,,88962,16,,,0,48,,88963,16,,,0
