500,'S2-0_4',652,,86140,2,,,0,160,,86128,2,,,0,105,,86129,2,,,0,100,,86130,2,,,0,105,,86131,2,,,0,101,,86132,2,,,0,84,,86133,2,,,0,94,,86134,2,,,0,100,,86135,2,,,0,101,,86136,2,,,0,106,,86137,2,,,0,104,,86142,2,,,0,100,,86138,2,,,0
500,'S2-0_5',652,,86155,2,,,0,160,,86143,2,,,0,105,,86144,2,,,0,100,,86145,2,,,0,105,,86146,2,,,0,101,,86147,2,,,0,84,,86148,2,,,0,94,,86149,2,,,0,100,,86150,2,,,0,101,,86151,2,,,0,106,,86152,2,,,0,104,,86157,2,,,0,100,,86153,2,,,0
500,'S2-1_3',652,,86170,2,,,0,160,,86158,2,,,0,105,,86159,2,,,0,100,,86160,2,,,0,105,,86161,2,,,0,101,,86162,2,,,0,84,,86163,2,,,0,94,,86164,2,,,0,100,,86165,2,,,0,101,,86166,2,,,0,106,,86167,2,,,0,104,,86172,2,,,0,100,,86168,2,,,0
500,'S2-2_6',712,,86184,2,,,0,98,,86173,2,,,0,99,,86174,2,,,0,100,,86175,2,,,0,100,,86176,2,,,0,97,,86177,2,,,0,98,,86178,2,,,0,100,,86179,2,,,0,99,,86180,2,,,0,100,,86181,2,,,0,100,,86182,2,,,0,154,,86183,2,,,0
500,'S2-4_1',652,,86197,2,,,0,160,,86185,2,,,0,105,,86186,2,,,0,100,,86187,2,,,0,105,,86188,2,,,0,101,,86189,2,,,0,84,,86190,2,,,0,94,,86191,2,,,0,100,,86192,2,,,0,101,,86193,2,,,0,106,,86194,2,,,0,104,,86199,2,,,0,100,,86195,2,,,0
500,'S2-4_2',652,,86212,2,,,0,160,,86200,2,,,0,105,,86201,2,,,0,100,,86202,2,,,0,105,,86203,2,,,0,101,,86204,2,,,0,84,,86205,2,,,0,94,,86206,2,,,0,100,,86207,2,,,0,101,,86208,2,,,0,106,,86209,2,,,0,104,,86214,2,,,0,100,,86210,2,,,0
500,'S2-4_4',652,,86227,2,,,0,160,,86215,2,,,0,105,,86216,2,,,0,100,,86217,2,,,0,105,,86218,2,,,0,101,,86219,2,,,0,84,,86220,2,,,0,94,,86221,2,,,0,100,,86222,2,,,0,101,,86223,2,,,0,106,,86224,2,,,0,104,,86229,2,,,0,100,,86225,2,,,0
2900500,'S2-0_4',645,,91418,2,,,0,107,,91419,2,,,0
2900500,'S2-0_5',645,,91420,2,,,0,107,,91421,2,,,0
2900500,'S2-1_3',645,,91422,2,,,0,107,,91423,2,,,0
2900500,'S2-4_1',645,,91424,2,,,0,107,,91425,2,,,0
2900500,'S2-4_2',645,,91426,2,,,0,107,,91427,2,,,0
2900500,'S2-4_4',645,,91428,2,,,0,107,,91429,2,,,0
