100,'0_6',653,,62779,4,0,61 8,0,202,,62780,4,0,61 8,0,99,,62781,4,0,61 8,0,102,,62782,4,0,61 8,0,100,,62783,4,0,61 8,0,100,,62784,4,0,61 8,0,99,,62785,4,0,61 8,0,100,,62786,4,0,61 8,0,101,,62787,4,0,61 8,0,144,,62788,4,0,61 8,0,59,,62789,4,0,61 8,0,141,,62790,4,0,61 8,0
100,'1_7',1006,,62807,4,0,61 8,0,210,,62808,4,0,61 8,0,190,,62809,4,0,61 8,0,209,,62810,4,0,61 8,0,212,,62811,4,0,61 8,0
100,'5_1',723,,73974,4,,,0,98,,73977,4,0,61 8,0,98,,73978,4,0,61 8,0,105,,73982,4,0,61 8,0,103,,73981,4,0,61 8,0,103,,73983,4,0,61 8,0,100,,73986,4,0,61 8,0,99,,73987,4,0,61 8,0,99,,73991,4,0,61 8,0,105,,73989,4,0,61 8,0,101,,73990,4,0,61 8,0,101,,73996,4,0,61 8,0
100,'5_2',723,,74934,4,,,0,98,,74937,4,0,61 8,0,98,,74938,4,0,61 8,0,105,,74942,4,0,61 8,0,103,,74941,4,0,61 8,0,103,,74943,4,0,61 8,0,100,,74946,4,0,61 8,0,99,,74947,4,0,61 8,0,99,,74951,4,0,61 8,0,105,,74949,4,0,61 8,0,101,,74950,4,0,61 8,0,101,,74956,4,0,61 8,0
100,'5_3',723,,74959,4,,,0,98,,74962,4,0,61 8,0,98,,74963,4,0,61 8,0,105,,74967,4,0,61 8,0,103,,74966,4,0,61 8,0,103,,74968,4,0,61 8,0,100,,74971,4,0,61 8,0,99,,74972,4,0,61 8,0,99,,74976,4,0,61 8,0,105,,74974,4,0,61 8,0,101,,74975,4,0,61 8,0,101,,74981,4,0,61 8,0
100,'5_4',723,,74984,4,,,0,98,,74987,4,0,61 8,0,98,,74988,4,0,61 8,0,105,,74992,4,0,61 8,0,103,,74991,4,0,61 8,0,103,,74993,4,0,61 8,0,100,,74996,4,0,61 8,0,99,,74997,4,0,61 8,0,99,,75001,4,0,61 8,0,105,,74999,4,0,61 8,0,101,,75000,4,0,61 8,0,101,,75006,4,0,61 8,0
100,'5_5',723,,77814,4,,,0,98,,77817,4,0,61 8,0,98,,77818,4,0,61 8,0,105,,77822,4,0,61 8,0,103,,77821,4,0,61 8,0,103,,77823,4,0,61 8,0,100,,77826,4,0,61 8,0,99,,77827,4,0,61 8,0,99,,77831,4,0,61 8,0,105,,77829,4,0,61 8,0,101,,77830,4,0,61 8,0,101,,77836,4,0,61 8,0
2200,'0_6',1021,,67568,11,,,0,120,,67569,11,,,0,171,,67570,11,,,0,216,,67571,11,,,0,183,,67572,11,,,0,127,,67573,11,,,0,165,,67574,11,,,0
2200,'1_7',1351,,67575,11,,,0,160,,67576,11,,,0,120,,67577,11,,,0,120,,67578,11,,,0,159,,67579,11,,,0
2200,'5_1',1021,,74419,11,,,0,120,,74420,11,,,0,171,,74421,11,,,0,216,,74422,11,,,0,183,,74423,11,,,0,127,,74424,11,,,0,165,,74425,11,,,0
2200,'5_2',1021,,76271,11,,,0,120,,76272,11,,,0,171,,76273,11,,,0,216,,76274,11,,,0,183,,76275,11,,,0,127,,76276,11,,,0,165,,76277,11,,,0
2200,'5_3',1021,,76278,11,,,0,120,,76279,11,,,0,171,,76280,11,,,0,216,,76281,11,,,0,183,,76282,11,,,0,127,,76283,11,,,0,165,,76284,11,,,0
2200,'5_4',1021,,76285,11,,,0,120,,76286,11,,,0,171,,76287,11,,,0,216,,76288,11,,,0,183,,76289,11,,,0,127,,76290,11,,,0,165,,76291,11,,,0
2200,'5_5',1021,,78275,11,,,0,120,,78276,11,,,0,171,,78277,11,,,0,216,,78278,11,,,0,183,,78279,11,,,0,127,,78280,11,,,0,165,,78281,11,,,0
