200,'S2-0_4',645,,84701,4,0,38,0,61,,84702,4,0,38,0,33,,84676,4,0,35 37,0,82,,84670,4,0,9 10,0,96,,84690,4,0,9 10,0,99,,84671,4,0,35 37,0,142,,84681,4,0,34,0,179,,84685,4,0,34,0,165,,84699,4,0,38,0,147,,84687,4,0,34,0,78,,84695,4,0,35 37,0,30,,84688,4,0,34,0,77,,84679,4,0,38,0,66,,84689,4,0,34,0
200,'S2-0_5',645,,84740,4,0,38,0,61,,84741,4,0,38,0,33,,84715,4,0,35 37,0,82,,84709,4,0,9 10,0,96,,84729,4,0,9 10,0,99,,84710,4,0,35 37,0,142,,84720,4,0,34,0,179,,84724,4,0,34,0,165,,84738,4,0,38,0,147,,84726,4,0,34,0,78,,84734,4,0,35 37,0,30,,84727,4,0,34,0,77,,84718,4,0,38,0,66,,84728,4,0,34,0
200,'S2-1_3',645,,84779,4,0,38,0,61,,84780,4,0,38,0,33,,84754,4,0,35 37,0,82,,84748,4,0,9 10,0,96,,84768,4,0,9 10,0,99,,84749,4,0,35 37,0,142,,84759,4,0,34,0,179,,84763,4,0,34,0,165,,84777,4,0,38,0,147,,84765,4,0,34,0,78,,84773,4,0,35 37,0,30,,84766,4,0,34,0,77,,84757,4,0,38,0,66,,84767,4,0,34,0
200,'S2-2_6',638,,84786,4,0,34,0,108,,84787,4,0,34,0,85,,84810,4,0,38,0,127,,84789,4,0,34,0,151,,84790,4,0,34,0,105,,84791,2,0,34,0,98,,84792,4,0,34,0,102,,84793,4,0,34,0,105,,84794,4,0,34,0,103,,84795,4,0,34,0,101,,84796,4,0,34,0,113,,84807,4,0,35 37,0
200,'S2-4_1',645,,84861,4,0,38,0,61,,84862,4,0,38,0,33,,84836,4,0,35 37,0,82,,84830,4,0,9 10,0,96,,84850,4,0,9 10,0,99,,84831,4,0,35 37,0,142,,84841,4,0,34,0,179,,84845,4,0,34,0,165,,84859,4,0,38,0,147,,84847,4,0,34,0,78,,84855,4,0,35 37,0,30,,84848,4,0,34,0,77,,84839,4,0,38,0,66,,84849,4,0,34,0
200,'S2-4_2',645,,84900,4,0,38,0,61,,84901,4,0,38,0,33,,84875,4,0,35 37,0,82,,84869,4,0,9 10,0,96,,84889,4,0,9 10,0,99,,84870,4,0,35 37,0,142,,84880,4,0,34,0,179,,84884,4,0,34,0,165,,84898,4,0,38,0,147,,84886,4,0,34,0,78,,84894,4,0,35 37,0,30,,84887,4,0,34,0,77,,84878,4,0,38,0,66,,84888,4,0,34,0
200,'S2-4_4',645,,84939,4,0,38,0,61,,84940,4,0,38,0,33,,84914,4,0,35 37,0,82,,84908,4,0,9 10,0,96,,84928,4,0,9 10,0,99,,84909,4,0,35 37,0,142,,84919,4,0,34,0,179,,84923,4,0,34,0,165,,84937,4,0,38,0,147,,84925,4,0,34,0,78,,84933,4,0,35 37,0,30,,84926,4,0,34,0,77,,84917,4,0,38,0,66,,84927,4,0,34,0
2900200,'S2-0_4',657,,91328,4,,,0,99,,91329,4,,,0
2900200,'S2-0_5',657,,91330,4,,,0,99,,91331,4,,,0
2900200,'S2-1_3',657,,91332,4,,,0,99,,91333,4,,,0
2900200,'S2-4_1',657,,91334,4,,,0,99,,91335,4,,,0
2900200,'S2-4_2',657,,91336,4,,,0,99,,91337,4,,,0
2900200,'S2-4_4',657,,91338,4,,,0,99,,91339,4,,,0
