601,'S2-0_4',615,,86435,13,,,0,108,,86448,13,,,0,95,,86436,13,,,0,103,,86437,13,,,0,98,,86438,13,,,0,100,,86439,13,,,0,104,,86452,13,,,0,21,,86440,13,,,0,81,,86441,13,,,0,104,,86442,13,,,0,94,,86443,13,,,0,80,,86449,13,,,0,40,,86444,14,,,0,76,,86450,13,,,0,27,,86445,14,,,0,72,,86451,14,,,0,26,,86446,13,,,0,94,,86447,13,,,0
601,'S2-0_5',615,,86453,13,,,0,108,,86466,13,,,0,95,,86454,13,,,0,103,,86455,13,,,0,98,,86456,13,,,0,100,,86457,13,,,0,104,,86470,13,,,0,21,,86458,13,,,0,81,,86459,13,,,0,104,,86460,13,,,0,94,,86461,13,,,0,80,,86467,13,,,0,40,,86462,14,,,0,76,,86468,13,,,0,27,,86463,14,,,0,72,,86469,14,,,0,26,,86464,13,,,0,94,,86465,13,,,0
601,'S2-1_3',615,,86471,13,,,0,108,,86485,13,,,0,95,,86472,13,,,0,103,,86473,13,,,0,98,,86474,13,,,0,100,,86475,13,,,0,104,,86476,14,,,0,21,,86477,13,,,0,81,,86478,13,,,0,104,,86479,13,,,0,94,,86480,13,,,0,80,,86486,13,,,0,40,,86481,14,,,0,76,,86487,13,,,0,27,,86482,14,,,0,72,,86488,14,,,0,26,,86483,13,,,0,94,,86484,13,,,0
601,'S2-2_6',745,,86489,13,,,0,90,,86491,13,,,0,96,,86492,13,,,0,92,,86493,13,,,0,89,,86494,13,,,0,89,,86495,13,,,0,48,,86496,13,,,0,90,,86497,13,,,0,88,,86498,13,,,0,88,,86499,13,,,0,100,,86500,13,,,0,92,,86501,13,,,0,94,,86502,13,,,0,46,,86503,13,,,0,90,,86490,13,,,0
601,'S2-4_1',615,,86504,13,,,0,108,,86517,13,,,0,95,,86505,13,,,0,103,,86506,13,,,0,98,,86507,13,,,0,100,,86508,13,,,0,104,,86521,13,,,0,21,,86509,13,,,0,81,,86510,13,,,0,104,,86511,13,,,0,94,,86512,13,,,0,80,,86518,13,,,0,40,,86513,14,,,0,76,,86519,13,,,0,27,,86514,14,,,0,72,,86520,14,,,0,26,,86515,13,,,0,94,,86516,13,,,0
601,'S2-4_2',615,,86522,13,,,0,108,,86535,13,,,0,95,,86523,13,,,0,103,,86524,13,,,0,98,,86525,13,,,0,100,,86526,13,,,0,104,,86539,13,,,0,21,,86527,13,,,0,81,,86528,13,,,0,104,,86529,13,,,0,94,,86530,13,,,0,80,,86536,13,,,0,40,,86531,14,,,0,76,,86537,13,,,0,27,,86532,14,,,0,72,,86538,14,,,0,26,,86533,13,,,0,94,,86534,13,,,0
601,'S2-4_4',615,,86540,13,,,0,108,,86553,13,,,0,95,,86541,13,,,0,103,,86542,13,,,0,98,,86543,13,,,0,100,,86544,13,,,0,104,,86557,13,,,0,21,,86545,13,,,0,81,,86546,13,,,0,104,,86547,13,,,0,94,,86548,13,,,0,80,,86554,13,,,0,40,,86549,14,,,0,76,,86555,13,,,0,27,,86550,14,,,0,72,,86556,14,,,0,26,,86551,13,,,0,94,,86552,13,,,0
901,'S2-0_4',744,,86988,9,0,26,0,66,,86989,9,0,27 63,0,102,,86994,9,0,23 24,0,192,,86995,9,0,23 24,0,107,,86990,9,0,27 63,0,33,,86999,9,,,0,106,,86996,9,0,23 24,0,151,,86997,9,0,23 24,0,110,,86991,9,0,27 63,0,20,,87002,9,,,0,80,,86992,9,0,27 63,0,100,,86993,9,0,27 63,0,127,,87003,9,,,0
901,'S2-0_5',744,,87004,9,0,26,0,66,,87005,9,0,27 63,0,102,,87010,9,0,23 24,0,192,,87011,9,0,23 24,0,107,,87006,9,0,27 63,0,33,,87015,9,,,0,106,,87012,9,0,23 24,0,151,,87013,9,0,23 24,0,110,,87007,9,0,27 63,0,20,,87018,9,,,0,80,,87008,9,0,27 63,0,100,,87009,9,0,27 63,0,127,,87019,9,,,0
901,'S2-1_3',744,,87020,9,0,26,0,66,,87021,9,0,27 63,0,102,,87026,9,0,23 24,0,192,,87027,9,0,23 24,0,107,,87022,9,0,27 63,0,33,,87031,9,,,0,106,,87028,9,0,23 24,0,151,,87029,9,0,23 24,0,110,,87023,9,0,27 63,0,20,,87034,9,,,0,80,,87024,9,0,27 63,0,100,,87025,9,0,27 63,0,127,,87035,9,,,0
901,'S2-2_6',743,,87036,9,0,23 24,0,99,,87048,9,0,25,0,367,,87046,9,0,25,0,319,,87044,9,0,25,0,82,,87037,9,0,23 24,0,103,,87038,9,0,23 24,0,135,,87039,9,0,23 24,0,90,,87040,9,0,23 24,0
901,'S2-4_1',744,,87049,9,0,26,0,66,,87050,9,0,27 63,0,102,,87055,9,0,23 24,0,192,,87056,9,0,23 24,0,107,,87051,9,0,27 63,0,33,,87060,9,,,0,106,,87057,9,0,23 24,0,151,,87058,9,0,23 24,0,110,,87052,9,0,27 63,0,20,,87063,9,,,0,80,,87053,9,0,27 63,0,100,,87054,9,0,27 63,0,127,,87064,9,,,0
901,'S2-4_2',744,,87065,9,0,26,0,66,,87066,9,0,27 63,0,102,,87071,9,0,23 24,0,192,,87072,9,0,23 24,0,107,,87067,9,0,27 63,0,33,,87076,9,,,0,106,,87073,9,0,23 24,0,151,,87074,9,0,23 24,0,110,,87068,9,0,27 63,0,20,,87079,9,,,0,80,,87069,9,0,27 63,0,100,,87070,9,0,27 63,0,127,,87080,9,,,0
901,'S2-4_4',744,,87081,9,0,26,0,66,,87082,9,0,27 63,0,102,,87087,9,0,23 24,0,192,,87088,9,0,23 24,0,107,,87083,9,0,27 63,0,33,,87092,9,,,0,106,,87089,9,0,23 24,0,151,,87090,9,0,23 24,0,110,,87084,9,0,27 63,0,20,,87095,9,,,0,80,,87085,9,0,27 63,0,100,,87086,9,0,27 63,0,127,,87096,9,,,0
1001,'S2-0_4',751,,87200,4,,,0,99,,87202,4,,,0,85,,87203,4,,,0,79,,87207,2,,,0,86,,87204,4,,,0,50,,87208,2,,,0,85,,87209,2,,,0,69,,87210,2,,,0,99,,87201,4,,,0,37,,87211,2,,,0,184,,87212,4,,,0,321,,87206,4,,,0
1001,'S2-0_5',751,,87214,4,,,0,99,,87216,4,,,0,85,,87217,4,,,0,79,,87221,2,,,0,86,,87218,4,,,0,50,,87222,2,,,0,85,,87223,2,,,0,69,,87224,2,,,0,99,,87215,4,,,0,37,,87225,2,,,0,184,,87226,4,,,0,321,,87220,4,,,0
1001,'S2-1_3',751,,87228,4,,,0,99,,87230,4,,,0,85,,87231,4,,,0,79,,87235,2,,,0,86,,87232,4,,,0,50,,87236,2,,,0,85,,87237,2,,,0,69,,87238,2,,,0,99,,87229,4,,,0,37,,87239,2,,,0,184,,87240,4,,,0,321,,87234,4,,,0
1001,'S2-2_6',749,,87242,4,,,0,103,,87243,4,,,0,101,,87250,2,,,0,102,,87244,4,,,0,100,,87251,2,,,0,85,,87252,2,,,0,163,,87247,4,,,0,38,,87253,2,,,0,187,,87248,4,,,0,118,,87249,4,,,0,91,,87245,4,,,0,107,,87246,4,,,0
1001,'S2-4_1',751,,87254,4,,,0,99,,87256,4,,,0,85,,87257,4,,,0,79,,87261,2,,,0,86,,87258,4,,,0,50,,87262,2,,,0,85,,87263,2,,,0,69,,87264,2,,,0,99,,87255,4,,,0,37,,87265,2,,,0,184,,87266,4,,,0,321,,87260,4,,,0
1001,'S2-4_2',751,,87268,4,,,0,99,,87270,4,,,0,85,,87271,4,,,0,79,,87275,2,,,0,86,,87272,4,,,0,50,,87276,2,,,0,85,,87277,2,,,0,69,,87278,2,,,0,99,,87269,4,,,0,37,,87279,2,,,0,184,,87280,4,,,0,321,,87274,4,,,0
1001,'S2-4_4',751,,87282,4,,,0,99,,87284,4,,,0,85,,87285,4,,,0,79,,87289,2,,,0,86,,87286,4,,,0,50,,87290,2,,,0,85,,87291,2,,,0,69,,87292,2,,,0,99,,87283,4,,,0,37,,87293,2,,,0,184,,87294,4,,,0,321,,87288,4,,,0
1901,'S2-0_4',1611,,87878,9,,,0,100,,87879,9,,,0,100,,87880,9,,,0
1901,'S2-0_5',1611,,87887,9,,,0,100,,87888,9,,,0,100,,87889,9,,,0
1901,'S2-1_3',1211,,87899,9,,,0,34,,87900,9,,,0
1901,'S2-4_1',1611,,87902,9,,,0,100,,87903,9,,,0,100,,87904,9,,,0
1901,'S2-4_2',1611,,87911,9,,,0,100,,87912,9,,,0,100,,87913,9,,,0
1901,'S2-4_4',1611,,87920,9,,,0,100,,87921,9,,,0,100,,87922,9,,,0
1000001,'S2-0_4',552,,89913,20,,,0,60,,89914,20,,,0,20,,89915,20,,,0,20,,89916,20,,,0,62,,89917,20,,,0,10,,89997,20,,,0,11,,89998,20,,,0,10,,89948,26,,,0,10,,89949,26,,,0,50,,89950,26,,,0,11,,89951,26,,,0,10,,89952,26,,,0,9,,89953,26,,,0,10,,89954,26,,,0,10,,89955,26,,,0,50,,89956,26,,,0,10,,89957,26,,,0,10,,89958,26,,,0,11,,89959,26,,,0,11,,89918,20,,,0,11,,89919,26,,,0,50,,89920,20,,,0,10,,89921,26,,,0,11,,89922,20,,,0,11,,89960,26,,,0,11,,89923,20,,,0,51,,89924,26,,,0,10,,89925,20,,,0,11,,89926,26,,,0,10,,89927,20,,,0,11,,89961,26,,,0,11,,89928,20,,,0,51,,89929,26,,,0,10,,89930,20,,,0,9,,89931,26,,,0,9,,89962,20,,,0,10,,89963,26,,,0,10,,89964,20,,,0,50,,89965,26,,,0,10,,89966,20,,,0,10,,89967,26,,,0,10,,89968,20,,,0,9,,89969,26,,,0,10,,89970,20,,,0,51,,89971,26,,,0,10,,89972,20,,,0,10,,89973,26,,,0,10,,89974,20,,,0,10,,89932,26,,,0,10,,89933,20,,,0,49,,89975,26,,,0,10,,89934,20,,,0,9,,89935,26,,,0,11,,89936,20,,,0,11,,89976,26,,,0,12,,89937,20,,,0,51,,89938,26,,,0,11,,89939,20,,,0,10,,89940,26,,,0,9,,89941,26,,,0,10,,89977,26,,,0,10,,89978,26,,,0,50,,89979,26,,,0,11,,89980,26,,,0,11,,89981,26,,,0,11,,89982,26,,,0,10,,89983,26,,,0,50,,89984,26,,,0,9,,89985,26,,,0,10,,89986,26,,,0,10,,89987,26,,,0,8,,89988,26,,,0,9,,89989,26,,,0,9,,89990,26,,,0,48,,89991,26,,,0,9,,89992,20,,,0,9,,89993,26,,,0,10,,89994,20,,,0,12,,89996,26,,,0,59,,89995,26,,,0,20,,89942,20,,,0,20,,89943,20,,,0,60,,89944,20,,,0,20,,89945,20,,,0,19,,89946,20,,,0,60,,89947,20,,,0
1000001,'S2-0_5',552,,89999,20,,,0,60,,90000,20,,,0,20,,90001,20,,,0,20,,90002,20,,,0,62,,90003,20,,,0,10,,90083,20,,,0,11,,90084,20,,,0,10,,90034,26,,,0,10,,90035,26,,,0,50,,90036,26,,,0,11,,90037,26,,,0,10,,90038,26,,,0,9,,90039,26,,,0,10,,90040,26,,,0,10,,90041,26,,,0,50,,90042,26,,,0,10,,90043,26,,,0,10,,90044,26,,,0,11,,90045,26,,,0,11,,90004,20,,,0,11,,90005,26,,,0,50,,90006,20,,,0,10,,90007,26,,,0,11,,90008,20,,,0,11,,90046,26,,,0,11,,90009,20,,,0,51,,90010,26,,,0,10,,90011,20,,,0,11,,90012,26,,,0,10,,90013,20,,,0,11,,90047,26,,,0,11,,90014,20,,,0,51,,90015,26,,,0,10,,90016,20,,,0,9,,90017,26,,,0,9,,90048,20,,,0,10,,90049,26,,,0,10,,90050,20,,,0,50,,90051,26,,,0,10,,90052,20,,,0,10,,90053,26,,,0,10,,90054,20,,,0,9,,90055,26,,,0,10,,90056,20,,,0,51,,90057,26,,,0,10,,90058,20,,,0,10,,90059,26,,,0,10,,90060,20,,,0,10,,90018,26,,,0,10,,90019,20,,,0,49,,90061,26,,,0,10,,90020,20,,,0,9,,90021,26,,,0,11,,90022,20,,,0,11,,90062,26,,,0,12,,90023,20,,,0,51,,90024,26,,,0,11,,90025,20,,,0,10,,90026,26,,,0,9,,90027,26,,,0,10,,90063,26,,,0,10,,90064,26,,,0,50,,90065,26,,,0,11,,90066,26,,,0,11,,90067,26,,,0,11,,90068,26,,,0,10,,90069,26,,,0,50,,90070,26,,,0,9,,90071,26,,,0,10,,90072,26,,,0,10,,90073,26,,,0,8,,90074,26,,,0,9,,90075,26,,,0,9,,90076,26,,,0,48,,90077,26,,,0,9,,90078,20,,,0,9,,90079,26,,,0,10,,90080,20,,,0,12,,90082,26,,,0,59,,90081,26,,,0,20,,90028,20,,,0,20,,90029,20,,,0,60,,90030,20,,,0,20,,90031,20,,,0,19,,90032,20,,,0,60,,90033,20,,,0
1000001,'S2-1_3',552,,90085,20,,,0,60,,90086,20,,,0,20,,90087,20,,,0,20,,90088,20,,,0,62,,90089,20,,,0,10,,90169,20,,,0,11,,90170,20,,,0,10,,90120,26,,,0,10,,90121,26,,,0,50,,90122,26,,,0,11,,90123,26,,,0,10,,90124,26,,,0,9,,90125,26,,,0,10,,90126,26,,,0,10,,90127,26,,,0,50,,90128,26,,,0,10,,90129,26,,,0,10,,90130,26,,,0,11,,90131,26,,,0,11,,90090,20,,,0,11,,90091,26,,,0,50,,90092,20,,,0,10,,90093,26,,,0,11,,90094,20,,,0,11,,90132,26,,,0,11,,90095,20,,,0,51,,90096,26,,,0,10,,90097,20,,,0,11,,90098,26,,,0,10,,90099,20,,,0,11,,90133,26,,,0,11,,90100,20,,,0,51,,90101,26,,,0,10,,90102,20,,,0,9,,90103,26,,,0,9,,90134,20,,,0,10,,90135,26,,,0,10,,90136,20,,,0,50,,90137,26,,,0,10,,90138,20,,,0,10,,90139,26,,,0,10,,90140,20,,,0,9,,90141,26,,,0,10,,90142,20,,,0,51,,90143,26,,,0,10,,90144,20,,,0,10,,90145,26,,,0,10,,90146,20,,,0,10,,90104,26,,,0,10,,90105,20,,,0,49,,90147,26,,,0,10,,90106,20,,,0,9,,90107,26,,,0,11,,90108,20,,,0,11,,90148,26,,,0,12,,90109,20,,,0,51,,90110,26,,,0,11,,90111,20,,,0,10,,90112,26,,,0,9,,90113,26,,,0,10,,90149,26,,,0,10,,90150,26,,,0,50,,90151,26,,,0,11,,90152,26,,,0,11,,90153,26,,,0,11,,90154,26,,,0,10,,90155,26,,,0,50,,90156,26,,,0,9,,90157,26,,,0,10,,90158,26,,,0,10,,90159,26,,,0,8,,90160,26,,,0,9,,90161,26,,,0,9,,90162,26,,,0,48,,90163,26,,,0,9,,90164,20,,,0,9,,90165,26,,,0,10,,90166,20,,,0,12,,90168,26,,,0,59,,90167,26,,,0,20,,90114,20,,,0,20,,90115,20,,,0,60,,90116,20,,,0,20,,90117,20,,,0,19,,90118,20,,,0,60,,90119,20,,,0
1000001,'S2-2_6',552,,90171,20,,,0,82,,90172,20,,,0,81,,90173,20,,,0,30,,90174,20,,,0,69,,90175,26,,,0,29,,90176,26,,,0,15,,90177,20,,,0,55,,90178,20,,,0,15,,90179,26,,,0,16,,90180,20,,,0,15,,90181,20,,,0,55,,90182,26,,,0,16,,90183,20,,,0,15,,90184,20,,,0,56,,90185,26,,,0,15,,90186,20,,,0,15,,90187,20,,,0,16,,90188,26,,,0,54,,90189,20,,,0,16,,90190,20,,,0,15,,90191,26,,,0,14,,90192,20,,,0,57,,90193,20,,,0,16,,90194,26,,,0,9,,90195,20,,,0,9,,90196,20,,,0,9,,90197,20,,,0,10,,90199,20,,,0,50,,90198,26,,,0,10,,90200,20,,,0,11,,90201,20,,,0,12,,90202,26,,,0,10,,90203,20,,,0,9,,90204,20,,,0,50,,90205,20,,,0,11,,90206,26,,,0,10,,90207,20,,,0,10,,90208,20,,,0,11,,90209,20,,,0,51,,90210,26,,,0,9,,90211,20,,,0,10,,90212,20,,,0,10,,90213,20,,,0,12,,90214,26,,,0,9,,90215,20,,,0,49,,90216,20,,,0,10,,90217,20,,,0,10,,90219,20,,,0,9,,90218,26,,,0,10,,90220,20,,,0,9,,90221,20,,,0,10,,90223,20,,,0,49,,90222,26,,,0,9,,90224,20,,,0,9,,90225,20,,,0,9,,90227,20,,,0,10,,90226,26,,,0,10,,90228,20,,,0,53,,90229,20,,,0,19,,90230,26,,,0,17,,90231,20,,,0,61,,90232,20,,,0,21,,90233,20,,,0,16,,90234,20,,,0,59,,90235,20,,,0,20,,90236,20,,,0,20,,90237,20,,,0,60,,90238,20,,,0
1000001,'S2-3_7',823,,90239,20,,,0,80,,90240,20,,,0,40,,90241,20,,,0,80,,90242,20,,,0,80,,90243,20,,,0,40,,90244,20,,,0,80,,90245,20,,,0,80,,90246,20,,,0,40,,90247,20,,,0,80,,90248,20,,,0,80,,90249,20,,,0,40,,90250,20,,,0,80,,90251,20,,,0,80,,90252,20,,,0,40,,90253,20,,,0,80,,90254,20,,,0,80,,90255,20,,,0,40,,90256,20,,,0
1000001,'S2-4_1',552,,90257,20,,,0,60,,90258,20,,,0,20,,90259,20,,,0,20,,90260,20,,,0,62,,90261,20,,,0,10,,90341,20,,,0,11,,90342,20,,,0,10,,90292,26,,,0,10,,90293,26,,,0,50,,90294,26,,,0,11,,90295,26,,,0,10,,90296,26,,,0,9,,90297,26,,,0,10,,90298,26,,,0,10,,90299,26,,,0,50,,90300,26,,,0,10,,90301,26,,,0,10,,90302,26,,,0,11,,90303,26,,,0,11,,90262,20,,,0,11,,90263,26,,,0,50,,90264,20,,,0,10,,90265,26,,,0,11,,90266,20,,,0,11,,90304,26,,,0,11,,90267,20,,,0,51,,90268,26,,,0,10,,90269,20,,,0,11,,90270,26,,,0,10,,90271,20,,,0,11,,90305,26,,,0,11,,90272,20,,,0,51,,90273,26,,,0,10,,90274,20,,,0,9,,90275,26,,,0,9,,90306,20,,,0,10,,90307,26,,,0,10,,90308,20,,,0,50,,90309,26,,,0,10,,90310,20,,,0,10,,90311,26,,,0,10,,90312,20,,,0,9,,90313,26,,,0,10,,90314,20,,,0,51,,90315,26,,,0,10,,90316,20,,,0,10,,90317,26,,,0,10,,90318,20,,,0,10,,90276,26,,,0,10,,90277,20,,,0,49,,90319,26,,,0,10,,90278,20,,,0,9,,90279,26,,,0,11,,90280,20,,,0,11,,90320,26,,,0,12,,90281,20,,,0,51,,90282,26,,,0,11,,90283,20,,,0,10,,90284,26,,,0,9,,90285,26,,,0,10,,90321,26,,,0,10,,90322,26,,,0,50,,90323,26,,,0,11,,90324,26,,,0,11,,90325,26,,,0,11,,90326,26,,,0,10,,90327,26,,,0,50,,90328,26,,,0,9,,90329,26,,,0,10,,90330,26,,,0,10,,90331,26,,,0,8,,90332,26,,,0,9,,90333,26,,,0,9,,90334,26,,,0,48,,90335,26,,,0,9,,90336,20,,,0,9,,90337,26,,,0,10,,90338,20,,,0,12,,90340,26,,,0,59,,90339,26,,,0,20,,90286,20,,,0,20,,90287,20,,,0,60,,90288,20,,,0,20,,90289,20,,,0,19,,90290,20,,,0,60,,90291,20,,,0
1000001,'S2-4_2',552,,90343,20,,,0,60,,90344,20,,,0,20,,90345,20,,,0,20,,90346,20,,,0,62,,90347,20,,,0,10,,90427,20,,,0,11,,90428,20,,,0,10,,90378,26,,,0,10,,90379,26,,,0,50,,90380,26,,,0,11,,90381,26,,,0,10,,90382,26,,,0,9,,90383,26,,,0,10,,90384,26,,,0,10,,90385,26,,,0,50,,90386,26,,,0,10,,90387,26,,,0,10,,90388,26,,,0,11,,90389,26,,,0,11,,90348,20,,,0,11,,90349,26,,,0,50,,90350,20,,,0,10,,90351,26,,,0,11,,90352,20,,,0,11,,90390,26,,,0,11,,90353,20,,,0,51,,90354,26,,,0,10,,90355,20,,,0,11,,90356,26,,,0,10,,90357,20,,,0,11,,90391,26,,,0,11,,90358,20,,,0,51,,90359,26,,,0,10,,90360,20,,,0,9,,90361,26,,,0,9,,90392,20,,,0,10,,90393,26,,,0,10,,90394,20,,,0,50,,90395,26,,,0,10,,90396,20,,,0,10,,90397,26,,,0,10,,90398,20,,,0,9,,90399,26,,,0,10,,90400,20,,,0,51,,90401,26,,,0,10,,90402,20,,,0,10,,90403,26,,,0,10,,90404,20,,,0,10,,90362,26,,,0,10,,90363,20,,,0,49,,90405,26,,,0,10,,90364,20,,,0,9,,90365,26,,,0,11,,90366,20,,,0,11,,90406,26,,,0,12,,90367,20,,,0,51,,90368,26,,,0,11,,90369,20,,,0,10,,90370,26,,,0,9,,90371,26,,,0,10,,90407,26,,,0,10,,90408,26,,,0,50,,90409,26,,,0,11,,90410,26,,,0,11,,90411,26,,,0,11,,90412,26,,,0,10,,90413,26,,,0,50,,90414,26,,,0,9,,90415,26,,,0,10,,90416,26,,,0,10,,90417,26,,,0,8,,90418,26,,,0,9,,90419,26,,,0,9,,90420,26,,,0,48,,90421,26,,,0,9,,90422,20,,,0,9,,90423,26,,,0,10,,90424,20,,,0,12,,90426,26,,,0,59,,90425,26,,,0,20,,90372,20,,,0,20,,90373,20,,,0,60,,90374,20,,,0,20,,90375,20,,,0,19,,90376,20,,,0,60,,90377,20,,,0
1000001,'S2-4_4',552,,90429,20,,,0,60,,90430,20,,,0,20,,90431,20,,,0,20,,90432,20,,,0,62,,90433,20,,,0,10,,90513,20,,,0,11,,90514,20,,,0,10,,90464,26,,,0,10,,90465,26,,,0,50,,90466,26,,,0,11,,90467,26,,,0,10,,90468,26,,,0,9,,90469,26,,,0,10,,90470,26,,,0,10,,90471,26,,,0,50,,90472,26,,,0,10,,90473,26,,,0,10,,90474,26,,,0,11,,90475,26,,,0,11,,90434,20,,,0,11,,90435,26,,,0,50,,90436,20,,,0,10,,90437,26,,,0,11,,90438,20,,,0,11,,90476,26,,,0,11,,90439,20,,,0,51,,90440,26,,,0,10,,90441,20,,,0,11,,90442,26,,,0,10,,90443,20,,,0,11,,90477,26,,,0,11,,90444,20,,,0,51,,90445,26,,,0,10,,90446,20,,,0,9,,90447,26,,,0,9,,90478,20,,,0,10,,90479,26,,,0,10,,90480,20,,,0,50,,90481,26,,,0,10,,90482,20,,,0,10,,90483,26,,,0,10,,90484,20,,,0,9,,90485,26,,,0,10,,90486,20,,,0,51,,90487,26,,,0,10,,90488,20,,,0,10,,90489,26,,,0,10,,90490,20,,,0,10,,90448,26,,,0,10,,90449,20,,,0,49,,90491,26,,,0,10,,90450,20,,,0,9,,90451,26,,,0,11,,90452,20,,,0,11,,90492,26,,,0,12,,90453,20,,,0,51,,90454,26,,,0,11,,90455,20,,,0,10,,90456,26,,,0,9,,90457,26,,,0,10,,90493,26,,,0,10,,90494,26,,,0,50,,90495,26,,,0,11,,90496,26,,,0,11,,90497,26,,,0,11,,90498,26,,,0,10,,90499,26,,,0,50,,90500,26,,,0,9,,90501,26,,,0,10,,90502,26,,,0,10,,90503,26,,,0,8,,90504,26,,,0,9,,90505,26,,,0,9,,90506,26,,,0,48,,90507,26,,,0,9,,90508,20,,,0,9,,90509,26,,,0,10,,90510,20,,,0,12,,90512,26,,,0,59,,90511,26,,,0,20,,90458,20,,,0,20,,90459,20,,,0,60,,90460,20,,,0,20,,90461,20,,,0,19,,90462,20,,,0,60,,90463,20,,,0
