700,'S2-0_4',733,,86558,23,,,0,110,,86560,23,,,0,111,,86561,23,,,0,150,,86562,23,,,0,110,,86563,23,,,0,110,,86564,23,,,0,110,,86565,23,,,0,110,,86566,23,,,0,113,,86567,23,,,0,150,,86568,23,,,0,105,,86559,23,,,0
700,'S2-0_5',733,,86569,23,,,0,110,,86571,23,,,0,111,,86572,23,,,0,150,,86573,23,,,0,110,,86574,23,,,0,110,,86575,23,,,0,110,,86576,23,,,0,110,,86577,23,,,0,113,,86578,23,,,0,150,,86579,23,,,0,105,,86570,23,,,0
700,'S2-1_3',733,,86580,23,,,0,110,,86582,23,,,0,111,,86583,23,,,0,150,,86584,23,,,0,110,,86585,23,,,0,110,,86586,23,,,0,110,,86587,23,,,0,110,,86588,23,,,0,113,,86589,23,,,0,150,,86590,23,,,0,105,,86581,23,,,0
700,'S2-2_6',731,,86593,23,,,0,110,,86594,23,,,0,112,,86595,23,,,0,150,,86596,23,,,0,110,,86597,23,,,0,110,,86598,23,,,0,111,,86599,23,,,0,109,,86600,23,,,0,111,,86601,23,,,0,150,,86591,23,,,0,107,,86592,23,,,0
700,'S2-4_1',733,,86602,23,,,0,110,,86604,23,,,0,111,,86605,23,,,0,150,,86606,23,,,0,110,,86607,23,,,0,110,,86608,23,,,0,110,,86609,23,,,0,110,,86610,23,,,0,113,,86611,23,,,0,150,,86612,23,,,0,105,,86603,23,,,0
700,'S2-4_2',733,,86613,23,,,0,110,,86615,23,,,0,111,,86616,23,,,0,150,,86617,23,,,0,110,,86618,23,,,0,110,,86619,23,,,0,110,,86620,23,,,0,110,,86621,23,,,0,113,,86622,23,,,0,150,,86623,23,,,0,105,,86614,23,,,0
700,'S2-4_4',733,,86624,23,,,0,110,,86626,23,,,0,111,,86627,23,,,0,150,,86628,23,,,0,110,,86629,23,,,0,110,,86630,23,,,0,110,,86631,23,,,0,110,,86632,23,,,0,113,,86633,23,,,0,150,,86634,23,,,0,105,,86625,23,,,0
2400,'S2-0_4',742,,88119,19,,,0,868,,88120,14,,,0,104,,88121,14,,,0,94,,88122,14,,,0
2400,'S2-0_5',742,,88123,19,,,0,868,,88124,14,,,0,104,,88125,14,,,0,94,,88126,14,,,0
2400,'S2-1_3',742,,88127,19,,,0,490,,88128,14,,,0
2400,'S2-4_1',742,,88129,19,,,0,868,,88130,14,,,0,104,,88131,14,,,0,94,,88132,14,,,0
2400,'S2-4_2',742,,88133,19,,,0,868,,88134,14,,,0,104,,88135,14,,,0,94,,88136,14,,,0
2400,'S2-4_4',742,,88137,19,,,0,868,,88138,14,,,0,104,,88139,14,,,0,94,,88140,14,,,0
