900,'S2-0_4',1018,,86872,1,0,50,0,93,,86873,1,,,0,105,,86874,1,,,0,284,,86875,1,,,0,110,,86876,1,,,0
900,'S2-0_5',1018,,86891,1,0,50,0,93,,86892,1,,,0,105,,86893,1,,,0,284,,86894,1,,,0,110,,86895,1,,,0
900,'S2-1_3',1018,,86910,1,0,50,0,93,,86911,1,,,0,105,,86912,1,,,0,284,,86913,1,,,0,110,,86914,1,,,0
900,'S2-2_6',629,,86921,1,,,0,98,,86922,1,,,0,118,,86920,1,0,50,0,196,,86923,1,,,0,167,,86929,1,0,50,0,196,,86924,1,,,0,317,,86925,1,,,0,101,,86926,1,,,0
900,'S2-4_1',1018,,86941,1,0,50,0,93,,86942,1,,,0,105,,86943,1,,,0,284,,86944,1,,,0,110,,86945,1,,,0
900,'S2-4_2',1018,,86960,1,0,50,0,93,,86961,1,,,0,105,,86962,1,,,0,284,,86963,1,,,0,110,,86964,1,,,0
900,'S2-4_4',1018,,86979,1,0,50,0,93,,86980,1,,,0,105,,86981,1,,,0,284,,86982,1,,,0,110,,86983,1,,,0
901,'S2-0_4',1009,,86994,29,4,,0,95,,86998,14,4,,0,98,,86995,29,4,,0,247,,86996,29,4,,0,152,,86997,29,4,,0,109,,87002,15,,,0
901,'S2-0_5',1009,,87010,29,4,,0,95,,87014,14,4,,0,98,,87011,29,4,,0,247,,87012,29,4,,0,152,,87013,29,4,,0,109,,87018,15,,,0
901,'S2-1_3',1009,,87026,29,4,,0,95,,87030,14,4,,0,98,,87027,29,4,,0,247,,87028,29,4,,0,152,,87029,29,4,,0,109,,87034,15,,,0
901,'S2-2_6',834,,87036,29,4,,0,193,,87041,15,4,,0,126,,87042,15,4,,0,192,,87043,15,4,,0,360,,87037,29,4,,0,102,,87038,29,4,,0,131,,87039,29,4,,0,88,,87040,29,4,,0
901,'S2-4_1',1009,,87055,29,4,,0,95,,87059,14,4,,0,98,,87056,29,4,,0,247,,87057,29,4,,0,152,,87058,29,4,,0,109,,87063,15,,,0
901,'S2-4_2',1009,,87071,29,4,,0,95,,87075,14,4,,0,98,,87072,29,4,,0,247,,87073,29,4,,0,152,,87074,29,4,,0,109,,87079,15,,,0
901,'S2-4_4',1009,,87087,29,4,,0,95,,87091,14,4,,0,98,,87088,29,4,,0,247,,87089,29,4,,0,152,,87090,29,4,,0,109,,87095,15,,,0
1700,'S2-0_4',735,,87654,4,,,0,83,,87655,4,4,,0,84,,87656,4,,,0
1700,'S2-0_5',735,,87659,4,,,0,83,,87660,4,4,,0,84,,87661,4,,,0
1700,'S2-1_3',735,,87664,4,,,0,83,,87665,4,4,,0,84,,87666,4,,,0
1700,'S2-4_1',735,,87670,4,,,0,83,,87671,4,4,,0,84,,87672,4,,,0
1700,'S2-4_2',735,,87675,4,,,0,83,,87676,4,4,,0,84,,87677,4,,,0
1700,'S2-4_4',735,,87680,4,,,0,83,,87681,4,4,,0,84,,87682,4,,,0
1701,'S2-0_4',1605,,87686,1,,,0,105,,87687,1,,,0
1701,'S2-0_5',1605,,87692,1,,,0,105,,87693,1,,,0
1701,'S2-1_3',1135,,87698,1,,,0
1701,'S2-4_1',1605,,87704,1,,,0,105,,87705,1,,,0
1701,'S2-4_2',1605,,87710,1,,,0,105,,87711,1,,,0
1701,'S2-4_4',1605,,87716,1,,,0,105,,87717,1,,,0
