300,'S2-0_4',649,,85225,11,,,0,64,,85226,11,,,0,31,,85227,11,,,0,65,,85228,11,,,0,25,,85229,11,,,0,70,,85230,11,,,0,32,,85231,11,,,0,72,,85232,11,,,0,32,,85233,11,,,0,72,,85234,11,,,0,32,,85235,11,,,0,72,,85236,11,,,0,32,,85237,11,,,0,72,,85238,11,,,0,32,,85239,11,,,0,72,,85240,11,,,0,32,,85241,11,,,0,72,,85242,11,,,0,31,,85244,11,,,0,67,,85245,11,,,0,28,,85246,11,,,0,69,,85247,11,,,0,30,,85248,11,,,0,71,,85252,11,,,0,31,,85249,11,,,0,71,,85250,11,,,0,33,,85251,11,,,0,70,,85243,11,,,0
300,'S2-0_5',649,,85253,11,,,0,64,,85254,11,,,0,31,,85255,11,,,0,65,,85256,11,,,0,25,,85257,11,,,0,70,,85258,11,,,0,32,,85259,11,,,0,72,,85260,11,,,0,32,,85261,11,,,0,72,,85262,11,,,0,32,,85263,11,,,0,72,,85264,11,,,0,32,,85265,11,,,0,72,,85266,11,,,0,32,,85267,11,,,0,72,,85268,11,,,0,32,,85269,11,,,0,72,,85270,11,,,0,31,,85272,11,,,0,67,,85273,11,,,0,28,,85274,11,,,0,69,,85275,11,,,0,30,,85276,11,,,0,71,,85280,11,,,0,31,,85277,11,,,0,71,,85278,11,,,0,33,,85279,11,,,0,70,,85271,11,,,0
300,'S2-1_3',649,,85281,11,,,0,64,,85282,11,,,0,31,,85283,11,,,0,65,,85284,11,,,0,25,,85285,11,,,0,70,,85286,11,,,0,32,,85287,11,,,0,72,,85288,11,,,0,32,,85289,11,,,0,72,,85290,11,,,0,32,,85291,11,,,0,72,,85292,11,,,0,32,,85293,11,,,0,72,,85294,11,,,0,32,,85295,11,,,0,72,,85296,11,,,0,32,,85297,11,,,0,72,,85298,11,,,0,31,,85300,11,,,0,67,,85301,11,,,0,28,,85302,11,,,0,69,,85303,11,,,0,30,,85304,11,,,0,71,,85308,11,,,0,31,,85305,11,,,0,71,,85306,11,,,0,33,,85307,11,,,0,70,,85299,11,,,0
300,'S2-2_6',653,,85309,11,,,0,69,,85311,11,,,0,29,,85312,11,,,0,69,,85310,11,,,0,30,,85314,11,,,0,69,,85315,11,,,0,28,,85313,11,,,0,71,,85316,11,,,0,30,,85317,11,,,0,70,,85320,11,,,0,30,,85319,11,,,0,70,,85318,11,,,0,29,,85322,11,,,0,69,,85321,11,,,0,29,,85323,11,,,0,69,,85324,11,,,0,32,,85325,11,,,0,72,,85326,11,,,0,31,,85327,11,,,0,70,,85328,11,,,0,32,,85329,11,,,0,72,,85330,11,,,0,30,,85331,11,,,0,71,,85336,11,,,0,31,,85332,11,,,0,70,,85333,11,,,0,27,,85334,11,,,0,71,,85335,11,,,0
300,'S2-3_7',854,,85359,11,,,0,72,,85360,11,,,0,75,,85361,11,,,0,34,,85362,11,,,0,72,,85353,11,,,0,34,,85358,11,,,0,73,,85357,11,,,0,33,,85356,11,,,0,72,,85355,11,,,0,32,,85337,11,,,0,68,,85338,11,,,0,28,,85339,11,,,0,68,,85340,11,,,0,28,,85341,11,,,0,68,,85342,11,,,0,30,,85343,11,,,0,68,,85344,11,,,0,27,,85345,11,,,0,68,,85346,11,,,0,29,,85347,11,,,0,67,,85348,11,,,0,26,,85349,11,,,0,26,,85350,11,,,0,65,,85351,11,,,0,24,,85354,11,,,0,66,,85352,11,,,0
300,'S2-4_1',649,,85363,11,,,0,64,,85364,11,,,0,31,,85365,11,,,0,65,,85366,11,,,0,25,,85367,11,,,0,70,,85368,11,,,0,32,,85369,11,,,0,72,,85370,11,,,0,32,,85371,11,,,0,72,,85372,11,,,0,32,,85373,11,,,0,72,,85374,11,,,0,32,,85375,11,,,0,72,,85376,11,,,0,32,,85377,11,,,0,72,,85378,11,,,0,32,,85379,11,,,0,72,,85380,11,,,0,31,,85382,11,,,0,67,,85383,11,,,0,28,,85384,11,,,0,69,,85385,11,,,0,30,,85386,11,,,0,71,,85390,11,,,0,31,,85387,11,,,0,71,,85388,11,,,0,33,,85389,11,,,0,70,,85381,11,,,0
300,'S2-4_2',649,,85391,11,,,0,64,,85392,11,,,0,31,,85393,11,,,0,65,,85394,11,,,0,25,,85395,11,,,0,70,,85396,11,,,0,32,,85397,11,,,0,72,,85398,11,,,0,32,,85399,11,,,0,72,,85400,11,,,0,32,,85401,11,,,0,72,,85402,11,,,0,32,,85403,11,,,0,72,,85404,11,,,0,32,,85405,11,,,0,72,,85406,11,,,0,32,,85407,11,,,0,72,,85408,11,,,0,31,,85410,11,,,0,67,,85411,11,,,0,28,,85412,11,,,0,69,,85413,11,,,0,30,,85414,11,,,0,71,,85418,11,,,0,31,,85415,11,,,0,71,,85416,11,,,0,33,,85417,11,,,0,70,,85409,11,,,0
300,'S2-4_4',649,,85419,11,,,0,64,,85420,11,,,0,31,,85421,11,,,0,65,,85422,11,,,0,25,,85423,11,,,0,70,,85424,11,,,0,32,,85425,11,,,0,72,,85426,11,,,0,32,,85427,11,,,0,72,,85428,11,,,0,32,,85429,11,,,0,72,,85430,11,,,0,32,,85431,11,,,0,72,,85432,11,,,0,32,,85433,11,,,0,72,,85434,11,,,0,32,,85435,11,,,0,72,,85436,11,,,0,31,,85438,11,,,0,67,,85439,11,,,0,28,,85440,11,,,0,69,,85441,11,,,0,30,,85442,11,,,0,71,,85446,11,,,0,31,,85443,11,,,0,71,,85444,11,,,0,33,,85445,11,,,0,70,,85437,11,,,0
900601,'S2-0_4',804,,89031,17,,,0,130,,89032,17,,,0,170,,89033,17,,,0,135,,89034,17,,,0,120,,89035,17,,,0,175,,89036,17,,,0,125,,89037,17,,,0,170,,89038,17,,,0
900601,'S2-0_5',804,,89039,17,,,0,130,,89040,17,,,0,170,,89041,17,,,0,135,,89042,17,,,0,120,,89043,17,,,0,175,,89044,17,,,0,125,,89045,17,,,0,170,,89046,17,,,0
900601,'S2-1_3',804,,89047,17,,,0,130,,89048,17,,,0,170,,89049,17,,,0,135,,89050,17,,,0,120,,89051,17,,,0,175,,89052,17,,,0,125,,89053,17,,,0,170,,89054,17,,,0
900601,'S2-2_6',804,,89055,17,,,0,130,,89056,17,,,0,170,,89057,17,,,0,135,,89058,17,,,0,120,,89059,17,,,0,175,,89060,17,,,0,125,,89061,17,,,0,170,,89062,17,,,0
900601,'S2-4_1',804,,89063,17,,,0,130,,89064,17,,,0,170,,89065,17,,,0,135,,89066,17,,,0,120,,89067,17,,,0,175,,89068,17,,,0,125,,89069,17,,,0,170,,89070,17,,,0
900601,'S2-4_2',804,,89071,17,,,0,130,,89072,17,,,0,170,,89073,17,,,0,135,,89074,17,,,0,120,,89075,17,,,0,175,,89076,17,,,0,125,,89077,17,,,0,170,,89078,17,,,0
900601,'S2-4_4',804,,89079,17,,,0,130,,89080,17,,,0,170,,89081,17,,,0,135,,89082,17,,,0,120,,89083,17,,,0,175,,89084,17,,,0,125,,89085,17,,,0,170,,89086,17,,,0
2900300,'S2-0_4',704,,91352,3,,,0,29,,91353,3,,,0,70,,91354,3,,,0
2900300,'S2-0_5',704,,91355,3,,,0,29,,91356,3,,,0,70,,91357,3,,,0
2900300,'S2-1_3',704,,91358,3,,,0,29,,91359,3,,,0,70,,91360,3,,,0
2900300,'S2-4_1',704,,91361,3,,,0,29,,91362,3,,,0,70,,91363,3,,,0
2900300,'S2-4_2',704,,91364,3,,,0,29,,91365,3,,,0,70,,91366,3,,,0
2900300,'S2-4_4',704,,91367,3,,,0,29,,91368,3,,,0,70,,91369,3,,,0
