501,'S2-0_4',954,,86230,36,,,0,146,,86231,36,,,0,101,,86232,36,,,0,45,,86233,36,,,0,94,,86234,36,,,0,98,,86235,36,,,0,103,,86236,36,,,0,103,,86237,36,,,0,107,,86238,36,,,0,101,,86242,36,,,0,165,,86243,36,,,0
501,'S2-0_5',954,,86244,36,,,0,146,,86245,36,,,0,101,,86246,36,,,0,45,,86247,36,,,0,94,,86248,36,,,0,98,,86249,36,,,0,103,,86250,36,,,0,103,,86251,36,,,0,107,,86252,36,,,0,101,,86256,36,,,0,165,,86257,36,,,0
501,'S2-1_3',954,,86258,36,,,0,146,,86259,36,,,0,101,,86260,36,,,0,45,,86261,36,,,0,94,,86262,36,,,0,98,,86263,36,,,0,103,,86264,36,,,0,103,,86265,36,,,0,107,,86266,36,,,0,101,,86268,36,,,0,165,,86269,36,,,0
501,'S2-2_6',845,,86270,36,,,0,101,,86271,36,,,0,101,,86272,36,,,0,100,,86273,36,,,0,99,,86274,36,,,0,94,,86275,36,,,0,99,,86276,36,,,0,101,,86277,36,,,0,99,,86278,36,,,0,104,,86279,36,,,0,98,,86280,36,,,0,185,,86281,36,,,0
501,'S2-4_1',954,,86282,36,,,0,146,,86283,36,,,0,101,,86284,36,,,0,45,,86285,36,,,0,94,,86286,36,,,0,98,,86287,36,,,0,103,,86288,36,,,0,103,,86289,36,,,0,107,,86290,36,,,0,101,,86294,36,,,0,165,,86295,36,,,0
501,'S2-4_2',954,,86296,36,,,0,146,,86297,36,,,0,101,,86298,36,,,0,45,,86299,36,,,0,94,,86300,36,,,0,98,,86301,36,,,0,103,,86302,36,,,0,103,,86303,36,,,0,107,,86304,36,,,0,101,,86308,36,,,0,165,,86309,36,,,0
501,'S2-4_4',954,,86310,36,,,0,146,,86311,36,,,0,101,,86312,36,,,0,45,,86313,36,,,0,94,,86314,36,,,0,98,,86315,36,,,0,103,,86316,36,,,0,103,,86317,36,,,0,107,,86318,36,,,0,101,,86322,36,,,0,165,,86323,36,,,0
2900501,'S2-0_4',1753,,91430,9,,,0,150,,91431,9,,,0
2900501,'S2-0_5',1753,,91432,9,,,0,150,,91433,9,,,0
2900501,'S2-1_3',1258,,91434,9,,,0,495,,91435,9,,,0,150,,91436,9,,,0
2900501,'S2-4_1',1753,,91437,9,,,0,150,,91438,9,,,0
2900501,'S2-4_2',1753,,91439,9,,,0,150,,91440,9,,,0
2900501,'S2-4_4',1753,,91441,9,,,0,150,,91442,9,,,0
