901,'S2-0_4',817,,86988,26,0,26,0,27,,86989,26,4,,0,103,,86994,26,0,23 24,0,95,,86998,11,0,23 24,0,98,,86995,26,0,23 24,0,106,,86990,26,4,,0,55,,86999,12,,,0,126,,86996,26,0,23 24,0,112,,86997,26,0,23 24,0,109,,87002,12,,,0,102,,86992,26,4,,0,9,,87000,4,,,0,86,,86993,26,4,,0,9,,87001,4,,,0,154,,87003,26,,,0
901,'S2-0_5',817,,87004,26,0,26,0,27,,87005,26,4,,0,103,,87010,26,0,23 24,0,95,,87014,11,0,23 24,0,98,,87011,26,0,23 24,0,106,,87006,26,4,,0,55,,87015,12,,,0,126,,87012,26,0,23 24,0,112,,87013,26,0,23 24,0,109,,87018,12,,,0,102,,87008,26,4,,0,9,,87016,4,,,0,86,,87009,26,4,,0,9,,87017,4,,,0,154,,87019,26,,,0
901,'S2-1_3',817,,87020,26,0,26,0,27,,87021,26,4,,0,103,,87026,26,0,23 24,0,95,,87030,11,0,23 24,0,98,,87027,26,0,23 24,0,106,,87022,26,4,,0,55,,87031,12,,,0,126,,87028,26,0,23 24,0,112,,87029,26,0,23 24,0,109,,87034,12,,,0,102,,87024,26,4,,0,9,,87032,4,,,0,86,,87025,26,4,,0,9,,87033,4,,,0,154,,87035,26,,,0
901,'S2-2_6',814,,87036,26,0,23 24,0,188,,87041,11,0,23 24,0,126,,87042,11,0,23 24,0,192,,87043,11,0,23 24,0,326,,87037,26,0,23 24,0,102,,87038,26,0,23 24,0,172,,87039,26,0,23 24,0,89,,87040,26,0,23 24,0
901,'S2-4_1',817,,87049,26,0,26,0,27,,87050,26,4,,0,103,,87055,26,0,23 24,0,95,,87059,11,0,23 24,0,98,,87056,26,0,23 24,0,106,,87051,26,4,,0,55,,87060,12,,,0,126,,87057,26,0,23 24,0,112,,87058,26,0,23 24,0,109,,87063,12,,,0,102,,87053,26,4,,0,9,,87061,4,,,0,86,,87054,26,4,,0,9,,87062,4,,,0,154,,87064,26,,,0
901,'S2-4_2',817,,87065,26,0,26,0,27,,87066,26,4,,0,103,,87071,26,0,23 24,0,95,,87075,11,0,23 24,0,98,,87072,26,0,23 24,0,106,,87067,26,4,,0,55,,87076,12,,,0,126,,87073,26,0,23 24,0,112,,87074,26,0,23 24,0,109,,87079,12,,,0,102,,87069,26,4,,0,9,,87077,4,,,0,86,,87070,26,4,,0,9,,87078,4,,,0,154,,87080,26,,,0
901,'S2-4_4',817,,87081,26,0,26,0,27,,87082,26,4,,0,103,,87087,26,0,23 24,0,95,,87091,11,0,23 24,0,98,,87088,26,0,23 24,0,106,,87083,26,4,,0,55,,87092,12,,,0,126,,87089,26,0,23 24,0,112,,87090,26,0,23 24,0,109,,87095,12,,,0,102,,87085,26,4,,0,9,,87093,4,,,0,86,,87086,26,4,,0,9,,87094,4,,,0,154,,87096,26,,,0
2900901,'S2-0_4',1755,,91479,9,4,,0,145,,91480,9,4,,0
2900901,'S2-0_5',1755,,91481,9,4,,0,145,,91482,9,4,,0
2900901,'S2-1_3',1755,,91483,9,4,,0,145,,91484,9,4,,0
2900901,'S2-4_1',1755,,91485,9,4,,0,145,,91486,9,4,,0
2900901,'S2-4_2',1755,,91487,9,4,,0,145,,91488,9,4,,0
2900901,'S2-4_4',1755,,91489,9,4,,0,145,,91490,9,4,,0
