601,'S2-0_4',632,,86435,22,,,0,108,,86448,22,,,0,95,,86436,22,,,0,102,,86437,22,,,0,99,,86438,22,,,0,100,,86439,22,,,0,106,,86452,22,,,0,59,,86440,22,,,0,42,,86441,22,,,0,103,,86442,22,,,0,95,,86443,22,,,0,82,,86449,22,,,0,78,,86444,23,,,0,41,,86450,22,,,0,66,,86445,23,,,0,27,,86451,23,,,0,65,,86446,22,,,0,55,,86447,22,,,0
601,'S2-0_5',632,,86453,22,,,0,108,,86466,22,,,0,95,,86454,22,,,0,102,,86455,22,,,0,99,,86456,22,,,0,100,,86457,22,,,0,106,,86470,22,,,0,59,,86458,22,,,0,42,,86459,22,,,0,103,,86460,22,,,0,95,,86461,22,,,0,82,,86467,22,,,0,78,,86462,23,,,0,41,,86468,22,,,0,66,,86463,23,,,0,27,,86469,23,,,0,65,,86464,22,,,0,55,,86465,22,,,0
601,'S2-1_3',632,,86471,22,,,0,108,,86485,22,,,0,95,,86472,22,,,0,102,,86473,22,,,0,99,,86474,22,,,0,100,,86475,22,,,0,106,,86476,23,,,0,59,,86477,22,,,0,42,,86478,22,,,0,103,,86479,22,,,0,95,,86480,22,,,0,82,,86486,22,,,0,78,,86481,23,,,0,41,,86487,22,,,0,66,,86482,23,,,0,27,,86488,23,,,0,65,,86483,22,,,0,55,,86484,22,,,0
601,'S2-2_6',800,,86489,22,,,0,51,,86491,22,,,0,96,,86492,22,,,0,92,,86493,22,,,0,88,,86494,22,,,0,88,,86495,22,,,0,88,,86496,22,,,0,49,,86497,22,,,0,90,,86498,22,,,0,89,,86499,22,,,0,100,,86500,22,,,0,92,,86501,22,,,0,93,,86502,22,,,0,85,,86503,22,,,0,49,,86490,22,,,0
601,'S2-4_1',632,,86504,22,,,0,108,,86517,22,,,0,95,,86505,22,,,0,102,,86506,22,,,0,99,,86507,22,,,0,100,,86508,22,,,0,106,,86521,22,,,0,59,,86509,22,,,0,42,,86510,22,,,0,103,,86511,22,,,0,95,,86512,22,,,0,82,,86518,22,,,0,78,,86513,23,,,0,41,,86519,22,,,0,66,,86514,23,,,0,27,,86520,23,,,0,65,,86515,22,,,0,55,,86516,22,,,0
601,'S2-4_2',632,,86522,22,,,0,108,,86535,22,,,0,95,,86523,22,,,0,102,,86524,22,,,0,99,,86525,22,,,0,100,,86526,22,,,0,106,,86539,22,,,0,59,,86527,22,,,0,42,,86528,22,,,0,103,,86529,22,,,0,95,,86530,22,,,0,82,,86536,22,,,0,78,,86531,23,,,0,41,,86537,22,,,0,66,,86532,23,,,0,27,,86538,23,,,0,65,,86533,22,,,0,55,,86534,22,,,0
601,'S2-4_4',632,,86540,22,,,0,108,,86553,22,,,0,95,,86541,22,,,0,102,,86542,22,,,0,99,,86543,22,,,0,100,,86544,22,,,0,106,,86557,22,,,0,59,,86545,22,,,0,42,,86546,22,,,0,103,,86547,22,,,0,95,,86548,22,,,0,82,,86554,22,,,0,78,,86549,23,,,0,41,,86555,22,,,0,66,,86550,23,,,0,27,,86556,23,,,0,65,,86551,22,,,0,55,,86552,22,,,0
2900601,'S2-0_4',1751,,91455,4,,,0,99,,91456,4,,,0
2900601,'S2-0_5',1751,,91457,4,,,0,99,,91458,4,,,0
2900601,'S2-1_3',1751,,91459,4,,,0,99,,91460,4,,,0
2900601,'S2-4_1',1751,,91461,4,,,0,99,,91462,4,,,0
2900601,'S2-4_2',1751,,91463,4,,,0,99,,91464,4,,,0
2900601,'S2-4_4',1751,,91465,4,,,0,99,,91466,4,,,0
