600,'S2-0_4',713,,86324,22,,,0,20,,86338,22,0,11 12,0,93,,86325,22,,,0,110,,86326,22,0,11 12,0,101,,86327,22,0,11 12,0,90,,86328,22,0,11 12,0,110,,86329,22,0,11 12,0,107,,86330,22,0,11 12,0,97,,86339,22,0,11 12,0,92,,86331,22,0,11 12,0,97,,86332,22,0,11 12,0,83,,86333,22,0,11 12,0,41,,86334,22,0,11 12,0,74,,86335,22,0,11 12,0,31,,86336,22,0,11 12,0,80,,86337,22,0,11 12,0
600,'S2-0_5',713,,86340,22,,,0,20,,86354,22,0,11 12,0,93,,86341,22,,,0,110,,86342,22,0,11 12,0,101,,86343,22,0,11 12,0,90,,86344,22,0,11 12,0,110,,86345,22,0,11 12,0,107,,86346,22,0,11 12,0,97,,86355,22,0,11 12,0,92,,86347,22,0,11 12,0,97,,86348,22,0,11 12,0,83,,86349,22,0,11 12,0,41,,86350,22,0,11 12,0,74,,86351,22,0,11 12,0,31,,86352,22,0,11 12,0,80,,86353,22,0,11 12,0
600,'S2-1_3',713,,86356,22,,,0,20,,86370,22,0,11 12,0,93,,86357,22,,,0,110,,86358,22,0,11 12,0,101,,86359,22,0,11 12,0,90,,86360,22,0,11 12,0,110,,86361,22,0,11 12,0,107,,86362,22,0,11 12,0,97,,86371,22,0,11 12,0,92,,86363,22,0,11 12,0,97,,86364,22,0,11 12,0,83,,86365,22,0,11 12,0,41,,86366,22,0,11 12,0,74,,86367,22,0,11 12,0,31,,86368,22,0,11 12,0,80,,86369,22,0,11 12,0
600,'S2-2_6',801,,86372,22,0,11 12,0,54,,86374,22,0,11 12,0,93,,86375,22,0,11 12,0,87,,86376,22,0,11 12,0,90,,86377,22,0,11 12,0,88,,86378,22,0,11 12,0,88,,86379,22,0,11 12,0,50,,86380,22,0,11 12,0,87,,86381,22,0,11 12,0,99,,86382,22,0,11 12,0,90,,86383,22,0,11 12,0,91,,86384,22,0,11 12,0,90,,86385,22,0,11 12,0,94,,86386,22,0,11 12,0,41,,86373,22,0,11 12,0
600,'S2-4_1',713,,86387,22,,,0,20,,86401,22,0,11 12,0,93,,86388,22,,,0,110,,86389,22,0,11 12,0,101,,86390,22,0,11 12,0,90,,86391,22,0,11 12,0,110,,86392,22,0,11 12,0,107,,86393,22,0,11 12,0,97,,86402,22,0,11 12,0,92,,86394,22,0,11 12,0,97,,86395,22,0,11 12,0,83,,86396,22,0,11 12,0,41,,86397,22,0,11 12,0,74,,86398,22,0,11 12,0,31,,86399,22,0,11 12,0,80,,86400,22,0,11 12,0
600,'S2-4_2',713,,86403,22,,,0,20,,86417,22,0,11 12,0,93,,86404,22,,,0,110,,86405,22,0,11 12,0,101,,86406,22,0,11 12,0,90,,86407,22,0,11 12,0,110,,86408,22,0,11 12,0,107,,86409,22,0,11 12,0,97,,86418,22,0,11 12,0,92,,86410,22,0,11 12,0,97,,86411,22,0,11 12,0,83,,86412,22,0,11 12,0,41,,86413,22,0,11 12,0,74,,86414,22,0,11 12,0,31,,86415,22,0,11 12,0,80,,86416,22,0,11 12,0
600,'S2-4_4',713,,86419,22,,,0,20,,86433,22,0,11 12,0,93,,86420,22,,,0,110,,86421,22,0,11 12,0,101,,86422,22,0,11 12,0,90,,86423,22,0,11 12,0,110,,86424,22,0,11 12,0,107,,86425,22,0,11 12,0,97,,86434,22,0,11 12,0,92,,86426,22,0,11 12,0,97,,86427,22,0,11 12,0,83,,86428,22,0,11 12,0,41,,86429,22,0,11 12,0,74,,86430,22,0,11 12,0,31,,86431,22,0,11 12,0,80,,86432,22,0,11 12,0
900,'S2-0_4',710,,86863,23,,,0,28,,86864,23,,,0,81,,86868,29,,,0,21,,86869,20,,,0,4,,86870,30,,,0,84,,86865,23,,,0,90,,86871,30,,,0,189,,86873,26,,,0,102,,86874,26,,,0,31,,86866,23,,,0,172,,86877,31,,,0,44,,86875,26,,,0,151,,86876,26,,,0,31,,86867,23,,,0,166,,86878,31,,,0
900,'S2-0_5',710,,86882,23,,,0,28,,86883,23,,,0,81,,86887,29,,,0,21,,86888,20,,,0,4,,86889,30,,,0,84,,86884,23,,,0,90,,86890,30,,,0,189,,86892,26,,,0,102,,86893,26,,,0,31,,86885,23,,,0,172,,86896,31,,,0,44,,86894,26,,,0,151,,86895,26,,,0,31,,86886,23,,,0,166,,86897,31,,,0
900,'S2-1_3',710,,86901,23,,,0,28,,86902,23,,,0,81,,86906,29,,,0,21,,86907,20,,,0,4,,86908,30,,,0,84,,86903,23,,,0,90,,86909,30,,,0,189,,86911,26,,,0,102,,86912,26,,,0,31,,86904,23,,,0,172,,86915,31,,,0,44,,86913,26,,,0,151,,86914,26,,,0,31,,86905,23,,,0,166,,86916,31,,,0
900,'S2-2_6',717,,86921,26,,,0,100,,86922,26,,,0,315,,86923,26,,,0,324,,86924,26,,,0,90,,86919,20,,,0,98,,86930,20,,,0,174,,86925,27,,,0,92,,86926,26,,,0
900,'S2-4_1',710,,86932,23,,,0,28,,86933,23,,,0,81,,86937,29,,,0,21,,86938,20,,,0,4,,86939,30,,,0,84,,86934,23,,,0,90,,86940,30,,,0,189,,86942,26,,,0,102,,86943,26,,,0,31,,86935,23,,,0,172,,86946,31,,,0,44,,86944,26,,,0,151,,86945,26,,,0,31,,86936,23,,,0,166,,86947,31,,,0
900,'S2-4_2',710,,86951,23,,,0,28,,86952,23,,,0,81,,86956,29,,,0,21,,86957,20,,,0,4,,86958,30,,,0,84,,86953,23,,,0,90,,86959,30,,,0,189,,86961,26,,,0,102,,86962,26,,,0,31,,86954,23,,,0,172,,86965,31,,,0,44,,86963,26,,,0,151,,86964,26,,,0,31,,86955,23,,,0,166,,86966,31,,,0
900,'S2-4_4',710,,86970,23,,,0,28,,86971,23,,,0,81,,86975,29,,,0,21,,86976,20,,,0,4,,86977,30,,,0,84,,86972,23,,,0,90,,86978,30,,,0,189,,86980,26,,,0,102,,86981,26,,,0,31,,86973,23,,,0,172,,86984,31,,,0,44,,86982,26,,,0,151,,86983,26,,,0,31,,86974,23,,,0,166,,86985,31,,,0
1900,'S2-0_4',739,,87831,25,,,0,105,,87835,25,,,0,973,,87832,25,,,0
1900,'S2-0_5',739,,87839,25,,,0,105,,87843,25,,,0,973,,87840,25,,,0
1900,'S2-1_3',739,,87847,25,,,0,105,,87852,25,,,0,583,,87851,25,,,0,390,,87848,25,,,0
1900,'S2-4_1',739,,87856,25,,,0,105,,87860,25,,,0,973,,87857,25,,,0
1900,'S2-4_2',739,,87864,25,,,0,105,,87868,25,,,0,973,,87865,25,,,0
1900,'S2-4_4',739,,87872,25,,,0,105,,87876,25,,,0,973,,87873,25,,,0
2600,'S2-0_4',653,,88333,5,,,0,51,,88344,5,,,0,45,,88345,5,,,0,56,,88346,5,,,0,44,,88347,5,,,0,69,,88348,5,,,0,96,,88334,5,,,0,99,,88335,5,,,0,93,,88351,5,0,47,0,2,,88356,5,0,47,0,2,,88336,5,,,0,28,,88337,5,,,0,69,,88352,5,,,0,95,,88353,5,,,0,111,,88338,5,,,0,26,,88343,5,0,48,0,19,,88339,5,,,0,65,,88349,5,,,0,30,,88350,5,,,0,60,,88340,5,,,0,10,,88354,5,0,48,0,20,,88341,5,,,0,74,,88342,5,,,0,30,,88355,5,,,0
2600,'S2-0_5',653,,88357,5,,,0,51,,88368,5,,,0,45,,88369,5,,,0,56,,88370,5,,,0,44,,88371,5,,,0,69,,88372,5,,,0,96,,88358,5,,,0,99,,88359,5,,,0,93,,88375,5,0,47,0,2,,88380,5,0,47,0,2,,88360,5,,,0,28,,88361,5,,,0,69,,88376,5,,,0,95,,88377,5,,,0,111,,88362,5,,,0,26,,88367,5,0,48,0,19,,88363,5,,,0,65,,88373,5,,,0,30,,88374,5,,,0,60,,88364,5,,,0,10,,88378,5,0,48,0,20,,88365,5,,,0,74,,88366,5,,,0,30,,88379,5,,,0
2600,'S2-1_3',653,,88381,5,,,0,51,,88392,5,,,0,45,,88393,5,,,0,56,,88394,5,,,0,44,,88395,5,,,0,69,,88396,5,,,0,96,,88382,5,,,0,99,,88383,5,,,0,93,,88399,5,0,47,0,2,,88403,5,0,47,0,2,,88384,5,,,0,28,,88385,5,,,0,69,,88400,5,,,0,95,,88401,5,,,0,111,,88386,5,,,0,45,,88387,5,,,0,65,,88397,5,,,0,30,,88398,5,,,0,60,,88388,5,,,0,30,,88389,5,,,0,74,,88390,5,,,0,30,,88402,5,,,0
2600,'S2-2_6',715,,88404,5,,,0,85,,88405,5,,,0,44,,88406,5,,,0,85,,88407,5,,,0,84,,88408,5,,,0,90,,88409,5,,,0,44,,88410,5,,,0,82,,88411,5,,,0,84,,88412,5,,,0,45,,88413,5,,,0,83,,88414,5,,,0,86,,88415,5,,,0,90,,88416,5,,,0,87,,88417,5,,,0,43,,88418,5,,,0,85,,88419,5,,,0,84,,88420,5,,,0
2600,'S2-4_1',653,,88421,5,,,0,51,,88432,5,,,0,45,,88433,5,,,0,56,,88434,5,,,0,44,,88435,5,,,0,69,,88436,5,,,0,96,,88422,5,,,0,99,,88423,5,,,0,93,,88439,5,0,47,0,2,,88444,5,0,47,0,2,,88424,5,,,0,28,,88425,5,,,0,69,,88440,5,,,0,95,,88441,5,,,0,111,,88426,5,,,0,26,,88431,5,0,48,0,19,,88427,5,,,0,65,,88437,5,,,0,30,,88438,5,,,0,60,,88428,5,,,0,10,,88442,5,0,48,0,20,,88429,5,,,0,74,,88430,5,,,0,30,,88443,5,,,0
2600,'S2-4_2',653,,88445,5,,,0,51,,88456,5,,,0,45,,88457,5,,,0,56,,88458,5,,,0,44,,88459,5,,,0,69,,88460,5,,,0,96,,88446,5,,,0,99,,88447,5,,,0,93,,88463,5,0,47,0,2,,88468,5,0,47,0,2,,88448,5,,,0,28,,88449,5,,,0,69,,88464,5,,,0,95,,88465,5,,,0,111,,88450,5,,,0,26,,88469,5,0,48,0,19,,88451,5,,,0,65,,88461,5,,,0,30,,88462,5,,,0,60,,88452,5,,,0,10,,88466,5,0,48,0,20,,88453,5,,,0,74,,88454,5,,,0,30,,88467,5,,,0
2600,'S2-4_4',653,,88470,5,,,0,51,,88481,5,,,0,45,,88482,5,,,0,56,,88483,5,,,0,44,,88484,5,,,0,69,,88485,5,,,0,96,,88471,5,,,0,99,,88472,5,,,0,93,,88488,5,0,47,0,2,,88493,5,0,47,0,2,,88473,5,,,0,28,,88474,5,,,0,69,,88489,5,,,0,95,,88490,5,,,0,111,,88475,5,,,0,26,,88480,5,0,48,0,19,,88476,5,,,0,65,,88486,5,,,0,30,,88487,5,,,0,60,,88477,5,,,0,10,,88491,5,0,48,0,20,,88478,5,,,0,74,,88479,5,,,0,30,,88492,5,,,0
