400,'S2-0_4',803,,85698,7,0,23 51,0,2,,85701,41,0,40,0,449,,85699,40,,,0,452,,85702,41,0,40,0,99,,85703,41,,,0,50,,85700,40,,,0
400,'S2-0_5',803,,85732,7,0,23 51,0,2,,85735,41,0,40,0,449,,85733,40,,,0,452,,85736,41,0,40,0,99,,85737,41,,,0,50,,85734,40,,,0
400,'S2-1_3',803,,85765,7,0,23 51,0,2,,85768,41,0,40,0,449,,85766,40,,,0,452,,85769,41,0,40,0,99,,85770,41,,,0,50,,85767,40,,,0
400,'S2-4_1',803,,85831,7,0,23 51,0,2,,85834,41,0,40,0,449,,85832,40,,,0,452,,85835,41,0,40,0,99,,85836,41,,,0,50,,85833,40,,,0
400,'S2-4_2',803,,85865,7,0,23 51,0,2,,85868,41,0,40,0,449,,85866,40,,,0,452,,85869,41,0,40,0,99,,85870,41,,,0,50,,85867,40,,,0
400,'S2-4_4',803,,85899,7,0,23 51,0,2,,85902,41,0,40,0,449,,85900,40,,,0,452,,85903,41,0,40,0,99,,85904,41,,,0,50,,85901,40,,,0
401,'S2-0_4',653,,85936,10,0,52,0,587,,85927,17,0,41,0,376,,85928,17,0,41,0,100,,85929,17,,,0
401,'S2-0_5',653,,85968,10,0,52,0,587,,85959,17,0,41,0,376,,85960,17,0,41,0,100,,85961,17,,,0
401,'S2-1_3',653,,86000,10,0,52,0,587,,85991,17,0,41,0,376,,85992,17,0,41,0,100,,85993,17,,,0
401,'S2-4_1',653,,86063,10,0,52,0,587,,86054,17,0,41,0,376,,86055,17,0,41,0,100,,86056,17,,,0
401,'S2-4_2',653,,86095,10,0,52,0,587,,86086,17,0,41,0,376,,86087,17,0,41,0,100,,86088,17,,,0
401,'S2-4_4',653,,86127,10,0,52,0,587,,86118,17,0,41,0,376,,86119,17,0,41,0,100,,86120,17,,,0
