1501,'S2-0_4',711,,87436,21,,,0,19,,87437,21,,,0,94,,87438,21,,,0,21,,87439,21,,,0,158,,87440,21,,,0,116,,87441,21,,,0,118,,87442,21,,,0,94,,87443,21,,,0,118,,87444,21,,,0,99,,87435,9,,,0,166,,87445,21,,,0,108,,87446,21,,,0,94,,87447,21,,,0
1501,'S2-0_5',711,,87449,21,,,0,19,,87450,21,,,0,94,,87451,21,,,0,21,,87452,21,,,0,158,,87453,21,,,0,116,,87454,21,,,0,118,,87455,21,,,0,94,,87456,21,,,0,118,,87457,21,,,0,99,,87448,9,,,0,166,,87458,21,,,0,108,,87459,21,,,0,94,,87460,21,,,0
1501,'S2-1_3',711,,87462,21,,,0,19,,87463,21,,,0,94,,87464,21,,,0,21,,87465,21,,,0,158,,87466,21,,,0,116,,87467,21,,,0,118,,87468,21,,,0,94,,87469,21,,,0,118,,87470,21,,,0,99,,87461,9,,,0,166,,87471,21,,,0,108,,87472,21,,,0,94,,87473,21,,,0
1501,'S2-2_6',711,,87475,21,,,0,19,,87476,21,,,0,94,,87477,21,,,0,21,,87478,21,,,0,158,,87479,21,,,0,116,,87480,21,,,0,118,,87481,21,,,0,94,,87482,21,,,0,118,,87483,21,,,0,99,,87474,9,,,0,166,,87484,21,,,0,108,,87485,21,,,0,94,,87486,21,,,0
1501,'S2-4_1',711,,87488,21,,,0,19,,87489,21,,,0,94,,87490,21,,,0,21,,87491,21,,,0,158,,87492,21,,,0,116,,87493,21,,,0,118,,87494,21,,,0,94,,87495,21,,,0,118,,87496,21,,,0,99,,87487,9,,,0,166,,87497,21,,,0,108,,87498,21,,,0,94,,87499,21,,,0
1501,'S2-4_2',711,,87501,21,,,0,19,,87502,21,,,0,94,,87503,21,,,0,21,,87504,21,,,0,158,,87505,21,,,0,116,,87506,21,,,0,118,,87507,21,,,0,94,,87508,21,,,0,118,,87509,21,,,0,99,,87500,9,,,0,166,,87510,21,,,0,108,,87511,21,,,0,94,,87512,21,,,0
1501,'S2-4_4',711,,87514,21,,,0,19,,87515,21,,,0,94,,87516,21,,,0,21,,87517,21,,,0,158,,87518,21,,,0,116,,87519,21,,,0,118,,87520,21,,,0,94,,87521,21,,,0,118,,87522,21,,,0,99,,87513,9,,,0,166,,87523,21,,,0,108,,87524,21,,,0,94,,87525,21,,,0
2001,'S2-0_4',715,,87948,17,,,0,121,,87949,17,,,0,79,,87950,17,,,0,894,,87951,17,,,0
2001,'S2-0_5',715,,87952,17,,,0,121,,87953,17,,,0,79,,87954,17,,,0,894,,87955,17,,,0
2001,'S2-1_3',715,,87956,17,,,0,121,,87957,17,,,0,79,,87958,17,,,0,486,,87960,17,,,0,408,,87959,17,,,0
2001,'S2-4_1',715,,87961,17,,,0,121,,87962,17,,,0,79,,87963,17,,,0,894,,87964,17,,,0
2001,'S2-4_2',715,,87965,17,,,0,121,,87966,17,,,0,79,,87967,17,,,0,894,,87968,17,,,0
2001,'S2-4_4',715,,87969,17,,,0,121,,87970,17,,,0,79,,87971,17,,,0,894,,87972,17,,,0
900501,'S2-4_4',2104,,88967,5,,,0,40,,88968,5,,,0,90,,88969,5,,,0,90,,88970,5,,,0,90,,88971,5,,,0,88,,88972,5,,,0,30,,88973,5,,,0,70,,88974,5,,,0
1000001,'S2-0_4',536,,89913,7,,,0,20,,89914,7,,,0,60,,89915,7,,,0,20,,89916,7,,,0,20,,89917,7,,,0,49,,89997,7,,,0,9,,89998,7,,,0,9,,89948,13,,,0,10,,89949,13,,,0,9,,89950,13,,,0,12,,89951,13,,,0,50,,89952,13,,,0,9,,89953,13,,,0,10,,89954,13,,,0,10,,89955,13,,,0,10,,89956,13,,,0,10,,89957,13,,,0,51,,89958,13,,,0,11,,89959,13,,,0,11,,89918,7,,,0,11,,89919,13,,,0,10,,89920,7,,,0,10,,89921,13,,,0,51,,89922,7,,,0,11,,89960,13,,,0,11,,89923,7,,,0,10,,89924,13,,,0,10,,89925,7,,,0,51,,89926,13,,,0,10,,89927,7,,,0,11,,89961,13,,,0,11,,89928,7,,,0,11,,89929,13,,,0,9,,89930,7,,,0,49,,89931,13,,,0,9,,89962,7,,,0,11,,89963,13,,,0,10,,89964,7,,,0,11,,89965,13,,,0,10,,89966,7,,,0,50,,89967,13,,,0,10,,89968,7,,,0,8,,89969,13,,,0,10,,89970,7,,,0,10,,89971,13,,,0,10,,89972,7,,,0,50,,89973,13,,,0,10,,89974,7,,,0,10,,89932,13,,,0,10,,89933,7,,,0,9,,89975,13,,,0,10,,89934,7,,,0,9,,89935,13,,,0,51,,89936,7,,,0,11,,89976,13,,,0,11,,89937,7,,,0,11,,89938,13,,,0,11,,89939,7,,,0,50,,89940,13,,,0,8,,89941,13,,,0,10,,89977,13,,,0,10,,89978,13,,,0,9,,89979,13,,,0,10,,89980,13,,,0,51,,89981,13,,,0,10,,89982,13,,,0,10,,89983,13,,,0,11,,89984,13,,,0,10,,89985,13,,,0,11,,89986,13,,,0,50,,89987,13,,,0,9,,89988,13,,,0,10,,89989,13,,,0,10,,89990,13,,,0,10,,89991,13,,,0,10,,89992,7,,,0,50,,89993,13,,,0,10,,89994,7,,,0,13,,89996,13,,,0,19,,89995,13,,,0,60,,89942,7,,,0,21,,89943,7,,,0,20,,89944,7,,,0,60,,89945,7,,,0,20,,89946,7,,,0,20,,89947,7,,,0
1000001,'S2-0_5',536,,89999,7,,,0,20,,90000,7,,,0,60,,90001,7,,,0,20,,90002,7,,,0,20,,90003,7,,,0,49,,90083,7,,,0,9,,90084,7,,,0,9,,90034,13,,,0,10,,90035,13,,,0,9,,90036,13,,,0,12,,90037,13,,,0,50,,90038,13,,,0,9,,90039,13,,,0,10,,90040,13,,,0,10,,90041,13,,,0,10,,90042,13,,,0,10,,90043,13,,,0,51,,90044,13,,,0,11,,90045,13,,,0,11,,90004,7,,,0,11,,90005,13,,,0,10,,90006,7,,,0,10,,90007,13,,,0,51,,90008,7,,,0,11,,90046,13,,,0,11,,90009,7,,,0,10,,90010,13,,,0,10,,90011,7,,,0,51,,90012,13,,,0,10,,90013,7,,,0,11,,90047,13,,,0,11,,90014,7,,,0,11,,90015,13,,,0,9,,90016,7,,,0,49,,90017,13,,,0,9,,90048,7,,,0,11,,90049,13,,,0,10,,90050,7,,,0,11,,90051,13,,,0,10,,90052,7,,,0,50,,90053,13,,,0,10,,90054,7,,,0,8,,90055,13,,,0,10,,90056,7,,,0,10,,90057,13,,,0,10,,90058,7,,,0,50,,90059,13,,,0,10,,90060,7,,,0,10,,90018,13,,,0,10,,90019,7,,,0,9,,90061,13,,,0,10,,90020,7,,,0,9,,90021,13,,,0,51,,90022,7,,,0,11,,90062,13,,,0,11,,90023,7,,,0,11,,90024,13,,,0,11,,90025,7,,,0,50,,90026,13,,,0,8,,90027,13,,,0,10,,90063,13,,,0,10,,90064,13,,,0,9,,90065,13,,,0,10,,90066,13,,,0,51,,90067,13,,,0,10,,90068,13,,,0,10,,90069,13,,,0,11,,90070,13,,,0,10,,90071,13,,,0,11,,90072,13,,,0,50,,90073,13,,,0,9,,90074,13,,,0,10,,90075,13,,,0,10,,90076,13,,,0,10,,90077,13,,,0,10,,90078,7,,,0,50,,90079,13,,,0,10,,90080,7,,,0,13,,90082,13,,,0,19,,90081,13,,,0,60,,90028,7,,,0,21,,90029,7,,,0,20,,90030,7,,,0,60,,90031,7,,,0,20,,90032,7,,,0,20,,90033,7,,,0
1000001,'S2-1_3',536,,90085,7,,,0,20,,90086,7,,,0,60,,90087,7,,,0,20,,90088,7,,,0,20,,90089,7,,,0,49,,90169,7,,,0,9,,90170,7,,,0,9,,90120,13,,,0,10,,90121,13,,,0,9,,90122,13,,,0,12,,90123,13,,,0,50,,90124,13,,,0,9,,90125,13,,,0,10,,90126,13,,,0,10,,90127,13,,,0,10,,90128,13,,,0,10,,90129,13,,,0,51,,90130,13,,,0,11,,90131,13,,,0,11,,90090,7,,,0,11,,90091,13,,,0,10,,90092,7,,,0,10,,90093,13,,,0,51,,90094,7,,,0,11,,90132,13,,,0,11,,90095,7,,,0,10,,90096,13,,,0,10,,90097,7,,,0,51,,90098,13,,,0,10,,90099,7,,,0,11,,90133,13,,,0,11,,90100,7,,,0,11,,90101,13,,,0,9,,90102,7,,,0,49,,90103,13,,,0,9,,90134,7,,,0,11,,90135,13,,,0,10,,90136,7,,,0,11,,90137,13,,,0,10,,90138,7,,,0,50,,90139,13,,,0,10,,90140,7,,,0,8,,90141,13,,,0,10,,90142,7,,,0,10,,90143,13,,,0,10,,90144,7,,,0,50,,90145,13,,,0,10,,90146,7,,,0,10,,90104,13,,,0,10,,90105,7,,,0,9,,90147,13,,,0,10,,90106,7,,,0,9,,90107,13,,,0,51,,90108,7,,,0,11,,90148,13,,,0,11,,90109,7,,,0,11,,90110,13,,,0,11,,90111,7,,,0,50,,90112,13,,,0,8,,90113,13,,,0,10,,90149,13,,,0,10,,90150,13,,,0,9,,90151,13,,,0,10,,90152,13,,,0,51,,90153,13,,,0,10,,90154,13,,,0,10,,90155,13,,,0,11,,90156,13,,,0,10,,90157,13,,,0,11,,90158,13,,,0,50,,90159,13,,,0,9,,90160,13,,,0,10,,90161,13,,,0,10,,90162,13,,,0,10,,90163,13,,,0,10,,90164,7,,,0,50,,90165,13,,,0,10,,90166,7,,,0,13,,90168,13,,,0,19,,90167,13,,,0,60,,90114,7,,,0,21,,90115,7,,,0,20,,90116,7,,,0,60,,90117,7,,,0,20,,90118,7,,,0,20,,90119,7,,,0
1000001,'S2-2_6',537,,90171,7,,,0,81,,90172,7,,,0,40,,90173,7,,,0,69,,90174,7,,,0,29,,90175,13,,,0,68,,90176,13,,,0,15,,90177,7,,,0,15,,90178,7,,,0,55,,90179,13,,,0,15,,90180,7,,,0,15,,90181,7,,,0,14,,90182,13,,,0,56,,90183,7,,,0,15,,90184,7,,,0,16,,90185,13,,,0,15,,90186,7,,,0,55,,90187,7,,,0,16,,90188,13,,,0,15,,90189,7,,,0,16,,90190,7,,,0,56,,90191,13,,,0,15,,90192,7,,,0,16,,90193,7,,,0,15,,90194,13,,,0,49,,90195,7,,,0,9,,90196,7,,,0,8,,90197,7,,,0,10,,90199,7,,,0,10,,90198,13,,,0,10,,90200,7,,,0,51,,90201,7,,,0,12,,90202,13,,,0,10,,90203,7,,,0,9,,90204,7,,,0,10,,90205,7,,,0,11,,90206,13,,,0,50,,90207,7,,,0,10,,90208,7,,,0,11,,90209,7,,,0,11,,90210,13,,,0,9,,90211,7,,,0,10,,90212,7,,,0,50,,90213,7,,,0,12,,90214,13,,,0,9,,90215,7,,,0,9,,90216,7,,,0,9,,90217,7,,,0,9,,90219,7,,,0,49,,90218,13,,,0,10,,90220,7,,,0,10,,90221,7,,,0,10,,90223,7,,,0,10,,90222,13,,,0,9,,90224,7,,,0,49,,90225,7,,,0,10,,90227,7,,,0,12,,90226,13,,,0,10,,90228,7,,,0,13,,90229,7,,,0,59,,90230,13,,,0,17,,90231,7,,,0,21,,90232,7,,,0,61,,90233,7,,,0,17,,90234,7,,,0,20,,90235,7,,,0,60,,90236,7,,,0,20,,90237,7,,,0,21,,90238,7,,,0
1000001,'S2-3_7',805,,90239,7,,,0,40,,90240,7,,,0,80,,90241,7,,,0,80,,90242,7,,,0,40,,90243,7,,,0,80,,90244,7,,,0,80,,90245,7,,,0,40,,90246,7,,,0,80,,90247,7,,,0,80,,90248,7,,,0,40,,90249,7,,,0,80,,90250,7,,,0,80,,90251,7,,,0,40,,90252,7,,,0,80,,90253,7,,,0,80,,90254,7,,,0,40,,90255,7,,,0,80,,90256,7,,,0
1000001,'S2-4_1',536,,90257,7,,,0,20,,90258,7,,,0,60,,90259,7,,,0,20,,90260,7,,,0,20,,90261,7,,,0,49,,90341,7,,,0,9,,90342,7,,,0,9,,90292,13,,,0,10,,90293,13,,,0,9,,90294,13,,,0,12,,90295,13,,,0,50,,90296,13,,,0,9,,90297,13,,,0,10,,90298,13,,,0,10,,90299,13,,,0,10,,90300,13,,,0,10,,90301,13,,,0,51,,90302,13,,,0,11,,90303,13,,,0,11,,90262,7,,,0,11,,90263,13,,,0,10,,90264,7,,,0,10,,90265,13,,,0,51,,90266,7,,,0,11,,90304,13,,,0,11,,90267,7,,,0,10,,90268,13,,,0,10,,90269,7,,,0,51,,90270,13,,,0,10,,90271,7,,,0,11,,90305,13,,,0,11,,90272,7,,,0,11,,90273,13,,,0,9,,90274,7,,,0,49,,90275,13,,,0,9,,90306,7,,,0,11,,90307,13,,,0,10,,90308,7,,,0,11,,90309,13,,,0,10,,90310,7,,,0,50,,90311,13,,,0,10,,90312,7,,,0,8,,90313,13,,,0,10,,90314,7,,,0,10,,90315,13,,,0,10,,90316,7,,,0,50,,90317,13,,,0,10,,90318,7,,,0,10,,90276,13,,,0,10,,90277,7,,,0,9,,90319,13,,,0,10,,90278,7,,,0,9,,90279,13,,,0,51,,90280,7,,,0,11,,90320,13,,,0,11,,90281,7,,,0,11,,90282,13,,,0,11,,90283,7,,,0,50,,90284,13,,,0,8,,90285,13,,,0,10,,90321,13,,,0,10,,90322,13,,,0,9,,90323,13,,,0,10,,90324,13,,,0,51,,90325,13,,,0,10,,90326,13,,,0,10,,90327,13,,,0,11,,90328,13,,,0,10,,90329,13,,,0,11,,90330,13,,,0,50,,90331,13,,,0,9,,90332,13,,,0,10,,90333,13,,,0,10,,90334,13,,,0,10,,90335,13,,,0,10,,90336,7,,,0,50,,90337,13,,,0,10,,90338,7,,,0,13,,90340,13,,,0,19,,90339,13,,,0,60,,90286,7,,,0,21,,90287,7,,,0,20,,90288,7,,,0,60,,90289,7,,,0,20,,90290,7,,,0,20,,90291,7,,,0
1000001,'S2-4_2',536,,90343,7,,,0,20,,90344,7,,,0,60,,90345,7,,,0,20,,90346,7,,,0,20,,90347,7,,,0,49,,90427,7,,,0,9,,90428,7,,,0,9,,90378,13,,,0,10,,90379,13,,,0,9,,90380,13,,,0,12,,90381,13,,,0,50,,90382,13,,,0,9,,90383,13,,,0,10,,90384,13,,,0,10,,90385,13,,,0,10,,90386,13,,,0,10,,90387,13,,,0,51,,90388,13,,,0,11,,90389,13,,,0,11,,90348,7,,,0,11,,90349,13,,,0,10,,90350,7,,,0,10,,90351,13,,,0,51,,90352,7,,,0,11,,90390,13,,,0,11,,90353,7,,,0,10,,90354,13,,,0,10,,90355,7,,,0,51,,90356,13,,,0,10,,90357,7,,,0,11,,90391,13,,,0,11,,90358,7,,,0,11,,90359,13,,,0,9,,90360,7,,,0,49,,90361,13,,,0,9,,90392,7,,,0,11,,90393,13,,,0,10,,90394,7,,,0,11,,90395,13,,,0,10,,90396,7,,,0,50,,90397,13,,,0,10,,90398,7,,,0,8,,90399,13,,,0,10,,90400,7,,,0,10,,90401,13,,,0,10,,90402,7,,,0,50,,90403,13,,,0,10,,90404,7,,,0,10,,90362,13,,,0,10,,90363,7,,,0,9,,90405,13,,,0,10,,90364,7,,,0,9,,90365,13,,,0,51,,90366,7,,,0,11,,90406,13,,,0,11,,90367,7,,,0,11,,90368,13,,,0,11,,90369,7,,,0,50,,90370,13,,,0,8,,90371,13,,,0,10,,90407,13,,,0,10,,90408,13,,,0,9,,90409,13,,,0,10,,90410,13,,,0,51,,90411,13,,,0,10,,90412,13,,,0,10,,90413,13,,,0,11,,90414,13,,,0,10,,90415,13,,,0,11,,90416,13,,,0,50,,90417,13,,,0,9,,90418,13,,,0,10,,90419,13,,,0,10,,90420,13,,,0,10,,90421,13,,,0,10,,90422,7,,,0,50,,90423,13,,,0,10,,90424,7,,,0,13,,90426,13,,,0,19,,90425,13,,,0,60,,90372,7,,,0,21,,90373,7,,,0,20,,90374,7,,,0,60,,90375,7,,,0,20,,90376,7,,,0,20,,90377,7,,,0
1000001,'S2-4_4',536,,90429,7,,,0,20,,90430,7,,,0,60,,90431,7,,,0,20,,90432,7,,,0,20,,90433,7,,,0,49,,90513,7,,,0,9,,90514,7,,,0,9,,90464,13,,,0,10,,90465,13,,,0,9,,90466,13,,,0,12,,90467,13,,,0,50,,90468,13,,,0,9,,90469,13,,,0,10,,90470,13,,,0,10,,90471,13,,,0,10,,90472,13,,,0,10,,90473,13,,,0,51,,90474,13,,,0,11,,90475,13,,,0,11,,90434,7,,,0,11,,90435,13,,,0,10,,90436,7,,,0,10,,90437,13,,,0,51,,90438,7,,,0,11,,90476,13,,,0,11,,90439,7,,,0,10,,90440,13,,,0,10,,90441,7,,,0,51,,90442,13,,,0,10,,90443,7,,,0,11,,90477,13,,,0,11,,90444,7,,,0,11,,90445,13,,,0,9,,90446,7,,,0,49,,90447,13,,,0,9,,90478,7,,,0,11,,90479,13,,,0,10,,90480,7,,,0,11,,90481,13,,,0,10,,90482,7,,,0,50,,90483,13,,,0,10,,90484,7,,,0,8,,90485,13,,,0,10,,90486,7,,,0,10,,90487,13,,,0,10,,90488,7,,,0,50,,90489,13,,,0,10,,90490,7,,,0,10,,90448,13,,,0,10,,90449,7,,,0,9,,90491,13,,,0,10,,90450,7,,,0,9,,90451,13,,,0,51,,90452,7,,,0,11,,90492,13,,,0,11,,90453,7,,,0,11,,90454,13,,,0,11,,90455,7,,,0,50,,90456,13,,,0,8,,90457,13,,,0,10,,90493,13,,,0,10,,90494,13,,,0,9,,90495,13,,,0,10,,90496,13,,,0,51,,90497,13,,,0,10,,90498,13,,,0,10,,90499,13,,,0,11,,90500,13,,,0,10,,90501,13,,,0,11,,90502,13,,,0,50,,90503,13,,,0,9,,90504,13,,,0,10,,90505,13,,,0,10,,90506,13,,,0,10,,90507,13,,,0,10,,90508,7,,,0,50,,90509,13,,,0,10,,90510,7,,,0,13,,90512,13,,,0,19,,90511,13,,,0,60,,90458,7,,,0,21,,90459,7,,,0,20,,90460,7,,,0,60,,90461,7,,,0,20,,90462,7,,,0,20,,90463,7,,,0
