201,'S2-0_4',717,,84946,21,0,20,0,29,,84984,21,0,21,0,58,,84968,9,0,62,0,12,,84949,21,0,21,0,15,,84947,9,0,20,0,20,,84969,21,0,62,0,67,,84950,21,0,21,0,28,,84960,21,0,20,0,81,,84954,21,0,21,0,26,,84961,21,0,62,0,83,,84955,21,0,21,0,75,,84962,21,0,62,0,40,,84951,21,0,20,0,75,,84970,21,0,21,0,20,,84983,21,0,62,0,65,,84963,21,0,21,0,30,,84948,21,0,20,0,65,,84971,21,0,21,0,25,,84952,21,0,62,0,75,,84964,21,0,21,0,39,,84978,21,0,62,0,60,,84972,9,0,21,0,15,,84965,9,0,62,0,12,,84973,21,0,21,0,13,,84953,21,0,62,0,55,,84974,9,0,21,0,16,,84976,9,0,62,0,15,,84975,9,0,21,0,16,,84966,21,0,62,0,60,,84957,21,0,21,0,25,,84967,21,0,62,0,20,,84958,21,0,21,0
201,'S2-0_5',717,,84985,21,0,20,0,29,,85023,21,0,21,0,58,,85007,9,0,62,0,12,,84988,21,0,21,0,15,,84986,9,0,20,0,20,,85008,21,0,62,0,67,,84989,21,0,21,0,28,,84999,21,0,20,0,81,,84993,21,0,21,0,26,,85000,21,0,62,0,83,,84994,21,0,21,0,75,,85001,21,0,62,0,40,,84990,21,0,20,0,75,,85009,21,0,21,0,20,,85022,21,0,62,0,65,,85002,21,0,21,0,30,,84987,21,0,20,0,65,,85010,21,0,21,0,25,,84991,21,0,62,0,75,,85003,21,0,21,0,39,,85017,21,0,62,0,60,,85011,9,0,21,0,15,,85004,9,0,62,0,12,,85012,21,0,21,0,13,,84992,21,0,62,0,55,,85013,9,0,21,0,16,,85015,9,0,62,0,15,,85014,9,0,21,0,16,,85005,21,0,62,0,60,,84996,21,0,21,0,25,,85006,21,0,62,0,20,,84997,21,0,21,0
201,'S2-1_3',717,,85024,21,0,20,0,29,,85063,21,0,21,0,58,,85046,9,0,62,0,12,,85027,21,0,21,0,15,,85025,9,0,20,0,20,,85047,21,0,62,0,67,,85028,21,0,21,0,28,,85038,21,0,20,0,81,,85032,21,0,21,0,26,,85039,21,0,62,0,83,,85033,21,0,21,0,75,,85040,21,0,62,0,40,,85029,21,0,20,0,75,,85048,21,0,21,0,20,,85062,21,0,62,0,65,,85041,21,0,21,0,30,,85026,21,0,20,0,65,,85049,21,0,21,0,25,,85030,21,0,62,0,75,,85042,21,0,21,0,39,,85056,21,0,62,0,60,,85050,9,0,21,0,15,,85043,9,0,62,0,12,,85051,21,0,21,0,13,,85031,21,0,62,0,55,,85052,9,0,21,0,16,,85054,9,0,62,0,15,,85053,9,0,21,0,16,,85044,21,0,62,0,60,,85035,21,0,21,0,25,,85045,21,0,62,0,20,,85036,21,0,21,0
201,'S2-2_6',717,,85064,21,0,20,0,5,,85088,21,0,62,0,25,,85076,9,0,21,0,70,,85065,21,0,21,0,25,,85077,9,0,62,0,65,,85089,21,0,20,0,25,,85066,21,0,20,0,20,,85078,9,0,21,0,55,,85090,21,0,62,0,31,,85067,21,0,20,0,19,,85079,9,0,21,0,60,,85091,21,0,64,0,25,,85068,21,0,20,0,60,,85080,9,0,62,0,20,,85092,21,0,21,0,30,,85069,21,0,21,0,58,,85081,9,0,62,0,20,,85093,21,0,20,0,25,,85070,21,0,21,0,57,,85082,9,0,62,0,25,,85094,21,0,20,0,65,,85071,21,0,62,0,18,,85083,9,0,21,0,22,,85095,21,0,20,0,62,,85072,21,0,62,0,16,,85084,9,0,21,0,24,,85096,21,0,20,0,65,,85073,21,0,21,0,18,,85085,9,0,62,0,20,,85097,21,0,20,0,65,,85074,21,0,21,0,20,,85086,9,0,20,0,20,,85098,21,0,62,0,60,,85075,21,0,21,0,15,,85087,9,0,62,0,15,,85099,21,0,21,0
201,'S2-3_7',842,,85100,9,0,21,0,165,,85101,9,0,21,0,125,,85102,9,0,21,0,125,,85103,9,0,21,0,150,,85104,9,0,21,0,125,,85105,9,0,21,0,125,,85106,9,0,21,0,165,,85107,9,0,21,0
201,'S2-4_1',717,,85108,21,0,20,0,29,,85146,21,0,21,0,58,,85130,9,0,62,0,12,,85111,21,0,21,0,15,,85109,9,0,20,0,20,,85131,21,0,62,0,67,,85112,21,0,21,0,28,,85122,21,0,20,0,81,,85116,21,0,21,0,26,,85123,21,0,62,0,83,,85117,21,0,21,0,75,,85124,21,0,62,0,40,,85113,21,0,20,0,75,,85132,21,0,21,0,20,,85145,21,0,62,0,65,,85125,21,0,21,0,30,,85110,21,0,20,0,65,,85133,21,0,21,0,25,,85114,21,0,62,0,75,,85126,21,0,21,0,39,,85140,21,0,62,0,60,,85134,9,0,21,0,15,,85127,9,0,62,0,12,,85135,21,0,21,0,13,,85115,21,0,62,0,55,,85136,9,0,21,0,16,,85138,9,0,62,0,15,,85137,9,0,21,0,16,,85128,21,0,62,0,60,,85119,21,0,21,0,25,,85129,21,0,62,0,20,,85120,21,0,21,0
201,'S2-4_2',717,,85147,21,0,20,0,29,,85185,21,0,21,0,58,,85169,9,0,62,0,12,,85150,21,0,21,0,15,,85148,9,0,20,0,20,,85170,21,0,62,0,67,,85151,21,0,21,0,28,,85161,21,0,20,0,81,,85155,21,0,21,0,26,,85162,21,0,62,0,83,,85156,21,0,21,0,75,,85163,21,0,62,0,40,,85152,21,0,20,0,75,,85171,21,0,21,0,20,,85184,21,0,62,0,65,,85164,21,0,21,0,30,,85149,21,0,20,0,65,,85172,21,0,21,0,25,,85153,21,0,62,0,75,,85165,21,0,21,0,39,,85179,21,0,62,0,60,,85173,9,0,21,0,15,,85166,9,0,62,0,12,,85174,21,0,21,0,13,,85154,21,0,62,0,55,,85175,9,0,21,0,16,,85177,9,0,62,0,15,,85176,9,0,21,0,16,,85167,21,0,62,0,60,,85158,21,0,21,0,25,,85168,21,0,62,0,20,,85159,21,0,21,0
201,'S2-4_4',717,,85186,21,0,20,0,29,,85224,21,0,21,0,58,,85208,9,0,62,0,12,,85189,21,0,21,0,15,,85187,9,0,20,0,20,,85209,21,0,62,0,67,,85190,21,0,21,0,28,,85200,21,0,20,0,81,,85194,21,0,21,0,26,,85201,21,0,62,0,83,,85195,21,0,21,0,75,,85202,21,0,62,0,40,,85191,21,0,20,0,75,,85210,21,0,21,0,20,,85223,21,0,62,0,65,,85203,21,0,21,0,30,,85188,21,0,20,0,65,,85211,21,0,21,0,25,,85192,21,0,62,0,75,,85204,21,0,21,0,39,,85218,21,0,62,0,60,,85212,9,0,21,0,15,,85205,9,0,62,0,12,,85213,21,0,21,0,13,,85193,21,0,62,0,55,,85214,9,0,21,0,16,,85216,9,0,62,0,15,,85215,9,0,21,0,16,,85206,21,0,62,0,60,,85197,21,0,21,0,25,,85207,21,0,62,0,20,,85198,21,0,21,0
1501,'S2-0_4',716,,87436,23,,,0,19,,87437,23,,,0,94,,87438,23,,,0,21,,87439,23,,,0,158,,87440,23,,,0,116,,87441,23,,,0,117,,87442,23,,,0,95,,87443,23,,,0,118,,87444,23,,,0,99,,87435,11,,,0,169,,87445,23,,,0,105,,87446,23,,,0,93,,87447,23,,,0
1501,'S2-0_5',716,,87449,23,,,0,19,,87450,23,,,0,94,,87451,23,,,0,21,,87452,23,,,0,158,,87453,23,,,0,116,,87454,23,,,0,117,,87455,23,,,0,95,,87456,23,,,0,118,,87457,23,,,0,99,,87448,11,,,0,169,,87458,23,,,0,105,,87459,23,,,0,93,,87460,23,,,0
1501,'S2-1_3',716,,87462,23,,,0,19,,87463,23,,,0,94,,87464,23,,,0,21,,87465,23,,,0,158,,87466,23,,,0,116,,87467,23,,,0,117,,87468,23,,,0,95,,87469,23,,,0,118,,87470,23,,,0,99,,87461,11,,,0,169,,87471,23,,,0,105,,87472,23,,,0,93,,87473,23,,,0
1501,'S2-2_6',716,,87475,23,,,0,19,,87476,23,,,0,94,,87477,23,,,0,21,,87478,23,,,0,158,,87479,23,,,0,116,,87480,23,,,0,117,,87481,23,,,0,95,,87482,23,,,0,118,,87483,23,,,0,99,,87474,11,,,0,169,,87484,23,,,0,105,,87485,23,,,0,93,,87486,23,,,0
1501,'S2-4_1',716,,87488,23,,,0,19,,87489,23,,,0,94,,87490,23,,,0,21,,87491,23,,,0,158,,87492,23,,,0,116,,87493,23,,,0,117,,87494,23,,,0,95,,87495,23,,,0,118,,87496,23,,,0,99,,87487,11,,,0,169,,87497,23,,,0,105,,87498,23,,,0,93,,87499,23,,,0
1501,'S2-4_2',716,,87501,23,,,0,19,,87502,23,,,0,94,,87503,23,,,0,21,,87504,23,,,0,158,,87505,23,,,0,116,,87506,23,,,0,117,,87507,23,,,0,95,,87508,23,,,0,118,,87509,23,,,0,99,,87500,11,,,0,169,,87510,23,,,0,105,,87511,23,,,0,93,,87512,23,,,0
1501,'S2-4_4',716,,87514,23,,,0,19,,87515,23,,,0,94,,87516,23,,,0,21,,87517,23,,,0,158,,87518,23,,,0,116,,87519,23,,,0,117,,87520,23,,,0,95,,87521,23,,,0,118,,87522,23,,,0,99,,87513,11,,,0,169,,87523,23,,,0,105,,87524,23,,,0,93,,87525,23,,,0
2001,'S2-0_4',720,,87948,19,,,0,120,,87949,19,,,0,79,,87950,19,,,0,895,,87951,19,,,0
2001,'S2-0_5',720,,87952,19,,,0,120,,87953,19,,,0,79,,87954,19,,,0,895,,87955,19,,,0
2001,'S2-1_3',720,,87956,19,,,0,120,,87957,19,,,0,79,,87958,19,,,0,486,,87960,19,,,0,409,,87959,19,,,0
2001,'S2-4_1',720,,87961,19,,,0,120,,87962,19,,,0,79,,87963,19,,,0,895,,87964,19,,,0
2001,'S2-4_2',720,,87965,19,,,0,120,,87966,19,,,0,79,,87967,19,,,0,895,,87968,19,,,0
2001,'S2-4_4',720,,87969,19,,,0,120,,87970,19,,,0,79,,87971,19,,,0,895,,87972,19,,,0
2301,'S2-0_4',717,,88103,23,,,0,25,,88102,23,,,0,1,,88101,33,,,0
2301,'S2-0_5',717,,88106,23,,,0,25,,88105,23,,,0,1,,88104,33,,,0
2301,'S2-1_3',717,,88109,23,,,0,25,,88108,23,,,0,1,,88107,33,,,0
2301,'S2-4_1',717,,88112,23,,,0,25,,88111,23,,,0,1,,88110,33,,,0
2301,'S2-4_2',717,,88115,23,,,0,25,,88114,23,,,0,1,,88113,33,,,0
2301,'S2-4_4',717,,88118,23,,,0,25,,88117,23,,,0,1,,88116,33,,,0
900501,'S2-4_4',2107,,88967,7,,,0,40,,88968,7,,,0,90,,88969,7,,,0,90,,88970,7,,,0,90,,88971,7,,,0,88,,88972,7,,,0,30,,88973,7,,,0,70,,88974,7,,,0
1000001,'S2-0_4',540,,89913,9,,,0,60,,89914,9,,,0,20,,89915,9,,,0,20,,89916,9,,,0,60,,89917,9,,,0,10,,89997,9,,,0,9,,89998,9,,,0,9,,89948,15,,,0,10,,89949,15,,,0,10,,89950,15,,,0,52,,89951,15,,,0,10,,89952,15,,,0,9,,89953,15,,,0,9,,89954,15,,,0,10,,89955,15,,,0,10,,89956,15,,,0,10,,89957,15,,,0,50,,89958,15,,,0,11,,89959,15,,,0,11,,89918,9,,,0,11,,89919,15,,,0,10,,89920,9,,,0,50,,89921,15,,,0,11,,89922,9,,,0,11,,89960,15,,,0,11,,89923,9,,,0,11,,89924,15,,,0,10,,89925,9,,,0,51,,89926,15,,,0,10,,89927,9,,,0,11,,89961,15,,,0,10,,89928,9,,,0,11,,89929,15,,,0,10,,89930,9,,,0,49,,89931,15,,,0,9,,89962,9,,,0,11,,89963,15,,,0,10,,89964,9,,,0,10,,89965,15,,,0,10,,89966,9,,,0,50,,89967,15,,,0,10,,89968,9,,,0,9,,89969,15,,,0,10,,89970,9,,,0,10,,89971,15,,,0,10,,89972,9,,,0,50,,89973,15,,,0,10,,89974,9,,,0,10,,89932,15,,,0,10,,89933,9,,,0,9,,89975,15,,,0,10,,89934,9,,,0,49,,89935,15,,,0,11,,89936,9,,,0,11,,89976,15,,,0,11,,89937,9,,,0,11,,89938,15,,,0,11,,89939,9,,,0,50,,89940,15,,,0,9,,89941,15,,,0,10,,89977,15,,,0,10,,89978,15,,,0,10,,89979,15,,,0,10,,89980,15,,,0,51,,89981,15,,,0,11,,89982,15,,,0,10,,89983,15,,,0,10,,89984,15,,,0,10,,89985,15,,,0,50,,89986,15,,,0,10,,89987,15,,,0,9,,89988,15,,,0,9,,89989,15,,,0,10,,89990,15,,,0,9,,89991,15,,,0,9,,89992,9,,,0,50,,89993,15,,,0,10,,89994,9,,,0,13,,89996,15,,,0,19,,89995,15,,,0,60,,89942,9,,,0,21,,89943,9,,,0,20,,89944,9,,,0,60,,89945,9,,,0,20,,89946,9,,,0,20,,89947,9,,,0
1000001,'S2-0_5',540,,89999,9,,,0,60,,90000,9,,,0,20,,90001,9,,,0,20,,90002,9,,,0,60,,90003,9,,,0,10,,90083,9,,,0,9,,90084,9,,,0,9,,90034,15,,,0,10,,90035,15,,,0,10,,90036,15,,,0,52,,90037,15,,,0,10,,90038,15,,,0,9,,90039,15,,,0,9,,90040,15,,,0,10,,90041,15,,,0,10,,90042,15,,,0,10,,90043,15,,,0,50,,90044,15,,,0,11,,90045,15,,,0,11,,90004,9,,,0,11,,90005,15,,,0,10,,90006,9,,,0,50,,90007,15,,,0,11,,90008,9,,,0,11,,90046,15,,,0,11,,90009,9,,,0,11,,90010,15,,,0,10,,90011,9,,,0,51,,90012,15,,,0,10,,90013,9,,,0,11,,90047,15,,,0,10,,90014,9,,,0,11,,90015,15,,,0,10,,90016,9,,,0,49,,90017,15,,,0,9,,90048,9,,,0,11,,90049,15,,,0,10,,90050,9,,,0,10,,90051,15,,,0,10,,90052,9,,,0,50,,90053,15,,,0,10,,90054,9,,,0,9,,90055,15,,,0,10,,90056,9,,,0,10,,90057,15,,,0,10,,90058,9,,,0,50,,90059,15,,,0,10,,90060,9,,,0,10,,90018,15,,,0,10,,90019,9,,,0,9,,90061,15,,,0,10,,90020,9,,,0,49,,90021,15,,,0,11,,90022,9,,,0,11,,90062,15,,,0,11,,90023,9,,,0,11,,90024,15,,,0,11,,90025,9,,,0,50,,90026,15,,,0,9,,90027,15,,,0,10,,90063,15,,,0,10,,90064,15,,,0,10,,90065,15,,,0,10,,90066,15,,,0,51,,90067,15,,,0,11,,90068,15,,,0,10,,90069,15,,,0,10,,90070,15,,,0,10,,90071,15,,,0,50,,90072,15,,,0,10,,90073,15,,,0,9,,90074,15,,,0,9,,90075,15,,,0,10,,90076,15,,,0,9,,90077,15,,,0,9,,90078,9,,,0,50,,90079,15,,,0,10,,90080,9,,,0,13,,90082,15,,,0,19,,90081,15,,,0,60,,90028,9,,,0,21,,90029,9,,,0,20,,90030,9,,,0,60,,90031,9,,,0,20,,90032,9,,,0,20,,90033,9,,,0
1000001,'S2-1_3',540,,90085,9,,,0,60,,90086,9,,,0,20,,90087,9,,,0,20,,90088,9,,,0,60,,90089,9,,,0,10,,90169,9,,,0,9,,90170,9,,,0,9,,90120,15,,,0,10,,90121,15,,,0,10,,90122,15,,,0,52,,90123,15,,,0,10,,90124,15,,,0,9,,90125,15,,,0,9,,90126,15,,,0,10,,90127,15,,,0,10,,90128,15,,,0,10,,90129,15,,,0,50,,90130,15,,,0,11,,90131,15,,,0,11,,90090,9,,,0,11,,90091,15,,,0,10,,90092,9,,,0,50,,90093,15,,,0,11,,90094,9,,,0,11,,90132,15,,,0,11,,90095,9,,,0,11,,90096,15,,,0,10,,90097,9,,,0,51,,90098,15,,,0,10,,90099,9,,,0,11,,90133,15,,,0,10,,90100,9,,,0,11,,90101,15,,,0,10,,90102,9,,,0,49,,90103,15,,,0,9,,90134,9,,,0,11,,90135,15,,,0,10,,90136,9,,,0,10,,90137,15,,,0,10,,90138,9,,,0,50,,90139,15,,,0,10,,90140,9,,,0,9,,90141,15,,,0,10,,90142,9,,,0,10,,90143,15,,,0,10,,90144,9,,,0,50,,90145,15,,,0,10,,90146,9,,,0,10,,90104,15,,,0,10,,90105,9,,,0,9,,90147,15,,,0,10,,90106,9,,,0,49,,90107,15,,,0,11,,90108,9,,,0,11,,90148,15,,,0,11,,90109,9,,,0,11,,90110,15,,,0,11,,90111,9,,,0,50,,90112,15,,,0,9,,90113,15,,,0,10,,90149,15,,,0,10,,90150,15,,,0,10,,90151,15,,,0,10,,90152,15,,,0,51,,90153,15,,,0,11,,90154,15,,,0,10,,90155,15,,,0,10,,90156,15,,,0,10,,90157,15,,,0,50,,90158,15,,,0,10,,90159,15,,,0,9,,90160,15,,,0,9,,90161,15,,,0,10,,90162,15,,,0,9,,90163,15,,,0,9,,90164,9,,,0,50,,90165,15,,,0,10,,90166,9,,,0,13,,90168,15,,,0,19,,90167,15,,,0,60,,90114,9,,,0,21,,90115,9,,,0,20,,90116,9,,,0,60,,90117,9,,,0,20,,90118,9,,,0,20,,90119,9,,,0
1000001,'S2-2_6',540,,90171,9,,,0,81,,90172,9,,,0,80,,90173,9,,,0,29,,90174,9,,,0,29,,90175,15,,,0,69,,90176,15,,,0,15,,90177,9,,,0,15,,90178,9,,,0,54,,90179,15,,,0,15,,90180,9,,,0,15,,90181,9,,,0,15,,90182,15,,,0,56,,90183,9,,,0,15,,90184,9,,,0,16,,90185,15,,,0,15,,90186,9,,,0,55,,90187,9,,,0,16,,90188,15,,,0,15,,90189,9,,,0,56,,90190,9,,,0,16,,90191,15,,,0,14,,90192,9,,,0,16,,90193,9,,,0,56,,90194,15,,,0,9,,90195,9,,,0,9,,90196,9,,,0,8,,90197,9,,,0,10,,90199,9,,,0,10,,90198,15,,,0,10,,90200,9,,,0,51,,90201,9,,,0,12,,90202,15,,,0,10,,90203,9,,,0,9,,90204,9,,,0,10,,90205,9,,,0,51,,90206,15,,,0,10,,90207,9,,,0,10,,90208,9,,,0,11,,90209,9,,,0,11,,90210,15,,,0,9,,90211,9,,,0,50,,90212,9,,,0,10,,90213,9,,,0,12,,90214,15,,,0,9,,90215,9,,,0,9,,90216,9,,,0,9,,90217,9,,,0,50,,90219,9,,,0,9,,90218,15,,,0,10,,90220,9,,,0,10,,90221,9,,,0,10,,90223,9,,,0,10,,90222,15,,,0,49,,90224,9,,,0,9,,90225,9,,,0,10,,90227,9,,,0,10,,90226,15,,,0,10,,90228,9,,,0,13,,90229,9,,,0,59,,90230,15,,,0,17,,90231,9,,,0,21,,90232,9,,,0,61,,90233,9,,,0,17,,90234,9,,,0,20,,90235,9,,,0,60,,90236,9,,,0,20,,90237,9,,,0,21,,90238,9,,,0
1000001,'S2-3_7',808,,90239,9,,,0,40,,90240,9,,,0,80,,90241,9,,,0,80,,90242,9,,,0,40,,90243,9,,,0,80,,90244,9,,,0,80,,90245,9,,,0,40,,90246,9,,,0,80,,90247,9,,,0,80,,90248,9,,,0,40,,90249,9,,,0,80,,90250,9,,,0,80,,90251,9,,,0,40,,90252,9,,,0,80,,90253,9,,,0,80,,90254,9,,,0,40,,90255,9,,,0,80,,90256,9,,,0
1000001,'S2-4_1',540,,90257,9,,,0,60,,90258,9,,,0,20,,90259,9,,,0,20,,90260,9,,,0,60,,90261,9,,,0,10,,90341,9,,,0,9,,90342,9,,,0,9,,90292,15,,,0,10,,90293,15,,,0,10,,90294,15,,,0,52,,90295,15,,,0,10,,90296,15,,,0,9,,90297,15,,,0,9,,90298,15,,,0,10,,90299,15,,,0,10,,90300,15,,,0,10,,90301,15,,,0,50,,90302,15,,,0,11,,90303,15,,,0,11,,90262,9,,,0,11,,90263,15,,,0,10,,90264,9,,,0,50,,90265,15,,,0,11,,90266,9,,,0,11,,90304,15,,,0,11,,90267,9,,,0,11,,90268,15,,,0,10,,90269,9,,,0,51,,90270,15,,,0,10,,90271,9,,,0,11,,90305,15,,,0,10,,90272,9,,,0,11,,90273,15,,,0,10,,90274,9,,,0,49,,90275,15,,,0,9,,90306,9,,,0,11,,90307,15,,,0,10,,90308,9,,,0,10,,90309,15,,,0,10,,90310,9,,,0,50,,90311,15,,,0,10,,90312,9,,,0,9,,90313,15,,,0,10,,90314,9,,,0,10,,90315,15,,,0,10,,90316,9,,,0,50,,90317,15,,,0,10,,90318,9,,,0,10,,90276,15,,,0,10,,90277,9,,,0,9,,90319,15,,,0,10,,90278,9,,,0,49,,90279,15,,,0,11,,90280,9,,,0,11,,90320,15,,,0,11,,90281,9,,,0,11,,90282,15,,,0,11,,90283,9,,,0,50,,90284,15,,,0,9,,90285,15,,,0,10,,90321,15,,,0,10,,90322,15,,,0,10,,90323,15,,,0,10,,90324,15,,,0,51,,90325,15,,,0,11,,90326,15,,,0,10,,90327,15,,,0,10,,90328,15,,,0,10,,90329,15,,,0,50,,90330,15,,,0,10,,90331,15,,,0,9,,90332,15,,,0,9,,90333,15,,,0,10,,90334,15,,,0,9,,90335,15,,,0,9,,90336,9,,,0,50,,90337,15,,,0,10,,90338,9,,,0,13,,90340,15,,,0,19,,90339,15,,,0,60,,90286,9,,,0,21,,90287,9,,,0,20,,90288,9,,,0,60,,90289,9,,,0,20,,90290,9,,,0,20,,90291,9,,,0
1000001,'S2-4_2',540,,90343,9,,,0,60,,90344,9,,,0,20,,90345,9,,,0,20,,90346,9,,,0,60,,90347,9,,,0,10,,90427,9,,,0,9,,90428,9,,,0,9,,90378,15,,,0,10,,90379,15,,,0,10,,90380,15,,,0,52,,90381,15,,,0,10,,90382,15,,,0,9,,90383,15,,,0,9,,90384,15,,,0,10,,90385,15,,,0,10,,90386,15,,,0,10,,90387,15,,,0,50,,90388,15,,,0,11,,90389,15,,,0,11,,90348,9,,,0,11,,90349,15,,,0,10,,90350,9,,,0,50,,90351,15,,,0,11,,90352,9,,,0,11,,90390,15,,,0,11,,90353,9,,,0,11,,90354,15,,,0,10,,90355,9,,,0,51,,90356,15,,,0,10,,90357,9,,,0,11,,90391,15,,,0,10,,90358,9,,,0,11,,90359,15,,,0,10,,90360,9,,,0,49,,90361,15,,,0,9,,90392,9,,,0,11,,90393,15,,,0,10,,90394,9,,,0,10,,90395,15,,,0,10,,90396,9,,,0,50,,90397,15,,,0,10,,90398,9,,,0,9,,90399,15,,,0,10,,90400,9,,,0,10,,90401,15,,,0,10,,90402,9,,,0,50,,90403,15,,,0,10,,90404,9,,,0,10,,90362,15,,,0,10,,90363,9,,,0,9,,90405,15,,,0,10,,90364,9,,,0,49,,90365,15,,,0,11,,90366,9,,,0,11,,90406,15,,,0,11,,90367,9,,,0,11,,90368,15,,,0,11,,90369,9,,,0,50,,90370,15,,,0,9,,90371,15,,,0,10,,90407,15,,,0,10,,90408,15,,,0,10,,90409,15,,,0,10,,90410,15,,,0,51,,90411,15,,,0,11,,90412,15,,,0,10,,90413,15,,,0,10,,90414,15,,,0,10,,90415,15,,,0,50,,90416,15,,,0,10,,90417,15,,,0,9,,90418,15,,,0,9,,90419,15,,,0,10,,90420,15,,,0,9,,90421,15,,,0,9,,90422,9,,,0,50,,90423,15,,,0,10,,90424,9,,,0,13,,90426,15,,,0,19,,90425,15,,,0,60,,90372,9,,,0,21,,90373,9,,,0,20,,90374,9,,,0,60,,90375,9,,,0,20,,90376,9,,,0,20,,90377,9,,,0
1000001,'S2-4_4',540,,90429,9,,,0,60,,90430,9,,,0,20,,90431,9,,,0,20,,90432,9,,,0,60,,90433,9,,,0,10,,90513,9,,,0,9,,90514,9,,,0,9,,90464,15,,,0,10,,90465,15,,,0,10,,90466,15,,,0,52,,90467,15,,,0,10,,90468,15,,,0,9,,90469,15,,,0,9,,90470,15,,,0,10,,90471,15,,,0,10,,90472,15,,,0,10,,90473,15,,,0,50,,90474,15,,,0,11,,90475,15,,,0,11,,90434,9,,,0,11,,90435,15,,,0,10,,90436,9,,,0,50,,90437,15,,,0,11,,90438,9,,,0,11,,90476,15,,,0,11,,90439,9,,,0,11,,90440,15,,,0,10,,90441,9,,,0,51,,90442,15,,,0,10,,90443,9,,,0,11,,90477,15,,,0,10,,90444,9,,,0,11,,90445,15,,,0,10,,90446,9,,,0,49,,90447,15,,,0,9,,90478,9,,,0,11,,90479,15,,,0,10,,90480,9,,,0,10,,90481,15,,,0,10,,90482,9,,,0,50,,90483,15,,,0,10,,90484,9,,,0,9,,90485,15,,,0,10,,90486,9,,,0,10,,90487,15,,,0,10,,90488,9,,,0,50,,90489,15,,,0,10,,90490,9,,,0,10,,90448,15,,,0,10,,90449,9,,,0,9,,90491,15,,,0,10,,90450,9,,,0,49,,90451,15,,,0,11,,90452,9,,,0,11,,90492,15,,,0,11,,90453,9,,,0,11,,90454,15,,,0,11,,90455,9,,,0,50,,90456,15,,,0,9,,90457,15,,,0,10,,90493,15,,,0,10,,90494,15,,,0,10,,90495,15,,,0,10,,90496,15,,,0,51,,90497,15,,,0,11,,90498,15,,,0,10,,90499,15,,,0,10,,90500,15,,,0,10,,90501,15,,,0,50,,90502,15,,,0,10,,90503,15,,,0,9,,90504,15,,,0,9,,90505,15,,,0,10,,90506,15,,,0,9,,90507,15,,,0,9,,90508,9,,,0,50,,90509,15,,,0,10,,90510,9,,,0,13,,90512,15,,,0,19,,90511,15,,,0,60,,90458,9,,,0,21,,90459,9,,,0,20,,90460,9,,,0,60,,90461,9,,,0,20,,90462,9,,,0,20,,90463,9,,,0
4000001,'S2-0_4',658,,92520,18,,,0,60,,92538,16,,,0,20,,92521,18,,,0,19,,92562,16,,,0,61,,92522,18,,,0,20,,92539,16,,,0,20,,92523,18,,,0,60,,92540,16,,,0,20,,92524,18,,,0,20,,92541,16,,,0,60,,92561,18,,,0,20,,92542,16,,,0,20,,92525,18,,,0,60,,92543,16,,,0,20,,92526,18,,,0,20,,92544,16,,,0,60,,92527,18,,,0,20,,92545,16,,,0,20,,92528,18,,,0,60,,92546,16,,,0,20,,92529,18,,,0,20,,92547,16,,,0,60,,92560,18,,,0,20,,92548,16,,,0,20,,92530,18,,,0,60,,92549,16,,,0,20,,92531,18,,,0,20,,92550,16,,,0,60,,92559,18,,,0,20,,92551,16,,,0,19,,92532,18,,,0,62,,92552,16,,,0,18,,92533,18,,,0,20,,92553,16,,,0,60,,92534,18,,,0,21,,92554,16,,,0,20,,92535,18,,,0,60,,92555,16,,,0,20,,92536,18,,,0,20,,92556,16,,,0,60,,92557,16,,,0,20,,92537,18,,,0,70,,92558,16,,,0
4000001,'S2-0_5',658,,92563,18,,,0,60,,92581,16,,,0,20,,92564,18,,,0,19,,92605,16,,,0,61,,92565,18,,,0,20,,92582,16,,,0,20,,92566,18,,,0,60,,92583,16,,,0,20,,92567,18,,,0,20,,92584,16,,,0,60,,92604,18,,,0,20,,92585,16,,,0,20,,92568,18,,,0,60,,92586,16,,,0,20,,92569,18,,,0,20,,92587,16,,,0,60,,92570,18,,,0,20,,92588,16,,,0,20,,92571,18,,,0,60,,92589,16,,,0,20,,92572,18,,,0,20,,92590,16,,,0,60,,92603,18,,,0,20,,92591,16,,,0,20,,92573,18,,,0,60,,92592,16,,,0,20,,92574,18,,,0,20,,92593,16,,,0,60,,92602,18,,,0,20,,92594,16,,,0,19,,92575,18,,,0,62,,92595,16,,,0,18,,92576,18,,,0,20,,92596,16,,,0,60,,92577,18,,,0,21,,92597,16,,,0,20,,92578,18,,,0,60,,92598,16,,,0,20,,92579,18,,,0,20,,92599,16,,,0,60,,92600,16,,,0,20,,92580,18,,,0,70,,92601,16,,,0
4000001,'S2-1_3',658,,92606,18,,,0,60,,92624,16,,,0,20,,92607,18,,,0,19,,92648,16,,,0,61,,92608,18,,,0,20,,92625,16,,,0,20,,92609,18,,,0,60,,92626,16,,,0,20,,92610,18,,,0,20,,92627,16,,,0,60,,92647,18,,,0,20,,92628,16,,,0,20,,92611,18,,,0,60,,92629,16,,,0,20,,92612,18,,,0,20,,92630,16,,,0,60,,92613,18,,,0,20,,92631,16,,,0,20,,92614,18,,,0,60,,92632,16,,,0,20,,92615,18,,,0,20,,92633,16,,,0,60,,92646,18,,,0,20,,92634,16,,,0,20,,92616,18,,,0,60,,92635,16,,,0,20,,92617,18,,,0,20,,92636,16,,,0,60,,92645,18,,,0,20,,92637,16,,,0,19,,92618,18,,,0,62,,92638,16,,,0,18,,92619,18,,,0,20,,92639,16,,,0,60,,92620,18,,,0,21,,92640,16,,,0,20,,92621,18,,,0,60,,92641,16,,,0,20,,92622,18,,,0,20,,92642,16,,,0,60,,92643,16,,,0,20,,92623,18,,,0,70,,92644,16,,,0
4000001,'S2-2_6',657,,92649,18,,,0,60,,92670,16,,,0,20,,92650,18,,,0,20,,92671,16,,,0,60,,92651,18,,,0,20,,92672,16,,,0,20,,92652,18,,,0,61,,92673,16,,,0,20,,92653,18,,,0,21,,92674,16,,,0,61,,92654,18,,,0,21,,92675,16,,,0,61,,92655,18,,,0,21,,92676,16,,,0,22,,92656,18,,,0,60,,92677,16,,,0,21,,92657,18,,,0,21,,92678,16,,,0,61,,92658,18,,,0,18,,92679,16,,,0,18,,92659,18,,,0,58,,92680,16,,,0,18,,92660,18,,,0,19,,92681,16,,,0,20,,92661,18,,,0,60,,92682,16,,,0,20,,92662,18,,,0,20,,92683,16,,,0,60,,92663,18,,,0,19,,92684,16,,,0,20,,92664,18,,,0,60,,92685,16,,,0,20,,92665,18,,,0,20,,92686,16,,,0,61,,92666,18,,,0,20,,92687,16,,,0,20,,92667,18,,,0,60,,92688,16,,,0,20,,92668,16,,,0,20,,92689,18,,,0,60,,92691,16,,,0,20,,92669,18,,,0,70,,92690,16,,,0
4000001,'S2-3_7',914,,92693,18,,,0,110,,92698,16,,,0,110,,92694,18,,,0,110,,92699,16,,,0,110,,92695,18,,,0,150,,92700,16,,,0,110,,92696,18,,,0,110,,92701,16,,,0,110,,92697,18,,,0,110,,92692,16,,,0
4000001,'S2-4_1',658,,92702,18,,,0,60,,92720,16,,,0,20,,92703,18,,,0,19,,92744,16,,,0,61,,92704,18,,,0,20,,92721,16,,,0,20,,92705,18,,,0,60,,92722,16,,,0,20,,92706,18,,,0,20,,92723,16,,,0,60,,92743,18,,,0,20,,92724,16,,,0,20,,92707,18,,,0,60,,92725,16,,,0,20,,92708,18,,,0,20,,92726,16,,,0,60,,92709,18,,,0,20,,92727,16,,,0,20,,92710,18,,,0,60,,92728,16,,,0,20,,92711,18,,,0,20,,92729,16,,,0,60,,92742,18,,,0,20,,92730,16,,,0,20,,92712,18,,,0,60,,92731,16,,,0,20,,92713,18,,,0,20,,92732,16,,,0,60,,92741,18,,,0,20,,92733,16,,,0,19,,92714,18,,,0,62,,92734,16,,,0,18,,92715,18,,,0,20,,92735,16,,,0,60,,92716,18,,,0,21,,92736,16,,,0,20,,92717,18,,,0,60,,92737,16,,,0,20,,92718,18,,,0,20,,92738,16,,,0,60,,92739,16,,,0,20,,92719,18,,,0,70,,92740,16,,,0
4000001,'S2-4_2',658,,92745,18,,,0,60,,92763,16,,,0,20,,92746,18,,,0,19,,92787,16,,,0,61,,92747,18,,,0,20,,92764,16,,,0,20,,92748,18,,,0,60,,92765,16,,,0,20,,92749,18,,,0,20,,92766,16,,,0,60,,92786,18,,,0,20,,92767,16,,,0,20,,92750,18,,,0,60,,92768,16,,,0,20,,92751,18,,,0,20,,92769,16,,,0,60,,92752,18,,,0,20,,92770,16,,,0,20,,92753,18,,,0,60,,92771,16,,,0,20,,92754,18,,,0,20,,92772,16,,,0,60,,92785,18,,,0,20,,92773,16,,,0,20,,92755,18,,,0,60,,92774,16,,,0,20,,92756,18,,,0,20,,92775,16,,,0,60,,92784,18,,,0,20,,92776,16,,,0,19,,92757,18,,,0,62,,92777,16,,,0,18,,92758,18,,,0,20,,92778,16,,,0,60,,92759,18,,,0,21,,92779,16,,,0,20,,92760,18,,,0,60,,92780,16,,,0,20,,92761,18,,,0,20,,92781,16,,,0,60,,92782,16,,,0,20,,92762,18,,,0,70,,92783,16,,,0
4000001,'S2-4_4',658,,92788,18,,,0,60,,92806,16,,,0,20,,92789,18,,,0,19,,92830,16,,,0,61,,92790,18,,,0,20,,92807,16,,,0,20,,92791,18,,,0,60,,92808,16,,,0,20,,92792,18,,,0,20,,92809,16,,,0,60,,92829,18,,,0,20,,92810,16,,,0,20,,92793,18,,,0,60,,92811,16,,,0,20,,92794,18,,,0,20,,92812,16,,,0,60,,92795,18,,,0,20,,92813,16,,,0,20,,92796,18,,,0,60,,92814,16,,,0,20,,92797,18,,,0,20,,92815,16,,,0,60,,92828,18,,,0,20,,92816,16,,,0,20,,92798,18,,,0,60,,92817,16,,,0,20,,92799,18,,,0,20,,92818,16,,,0,60,,92827,18,,,0,20,,92819,16,,,0,19,,92800,18,,,0,62,,92820,16,,,0,18,,92801,18,,,0,20,,92821,16,,,0,60,,92802,18,,,0,21,,92822,16,,,0,20,,92803,18,,,0,60,,92823,16,,,0,20,,92804,18,,,0,20,,92824,16,,,0,60,,92825,16,,,0,20,,92805,18,,,0,70,,92826,16,,,0
