101,'S2-0_4',729,,84438,38,0,6,0,7,,84470,6,0,7,0,3,,84468,32,0,7,0,20,,84439,38,0,6,0,55,,84466,32,0,5,0,15,,84440,38,0,6,0,17,,84469,38,0,5,0,13,,84453,32,0,7,0,65,,84444,32,0,6,0,80,,84454,38,0,5,0,35,,84445,32,0,6,0,80,,84457,32,0,5,0,35,,84446,32,0,6,0,70,,84458,32,0,5,0,20,,84447,32,0,6,0,75,,84459,32,0,5,0,38,,84441,38,0,6,0,67,,84455,38,0,5,0,30,,84448,32,0,6,0,65,,84460,32,0,5,0,35,,84449,32,0,6,0,62,,84461,32,0,5,0,28,,84450,32,0,6,0,12,,84465,6,0,5,0,61,,84451,32,0,6,0,21,,84456,38,0,5,0,19,,84452,32,0,6,0,64,,84462,32,0,5,0,13,,84442,38,0,6,0,16,,84463,32,0,5,0,68,,84443,38,0,6,0,35,,84464,32,0,5,0
101,'S2-0_5',729,,84471,38,0,6,0,7,,84503,6,0,7,0,3,,84501,32,0,7,0,20,,84472,38,0,6,0,55,,84499,32,0,5,0,15,,84473,38,0,6,0,17,,84502,38,0,5,0,13,,84486,32,0,7,0,65,,84477,32,0,6,0,80,,84487,38,0,5,0,35,,84478,32,0,6,0,80,,84490,32,0,5,0,35,,84479,32,0,6,0,70,,84491,32,0,5,0,20,,84480,32,0,6,0,75,,84492,32,0,5,0,38,,84474,38,0,6,0,67,,84488,38,0,5,0,30,,84481,32,0,6,0,65,,84493,32,0,5,0,35,,84482,32,0,6,0,62,,84494,32,0,5,0,28,,84483,32,0,6,0,12,,84498,6,0,5,0,61,,84484,32,0,6,0,21,,84489,38,0,5,0,19,,84485,32,0,6,0,64,,84495,32,0,5,0,13,,84475,38,0,6,0,16,,84496,32,0,5,0,68,,84476,38,0,6,0,35,,84497,32,0,5,0
101,'S2-1_3',729,,84504,38,0,6,0,7,,84536,6,0,7,0,3,,84534,32,0,7,0,20,,84505,38,0,6,0,55,,84532,32,0,5,0,15,,84506,38,0,6,0,17,,84535,38,0,5,0,13,,84519,32,0,7,0,65,,84510,32,0,6,0,80,,84520,38,0,5,0,35,,84511,32,0,6,0,80,,84523,32,0,5,0,35,,84512,32,0,6,0,70,,84524,32,0,5,0,20,,84513,32,0,6,0,75,,84525,32,0,5,0,38,,84507,38,0,6,0,67,,84521,38,0,5,0,30,,84514,32,0,6,0,65,,84526,32,0,5,0,35,,84515,32,0,6,0,62,,84527,32,0,5,0,28,,84516,32,0,6,0,12,,84531,6,0,5,0,61,,84517,32,0,6,0,21,,84522,38,0,5,0,19,,84518,32,0,6,0,64,,84528,32,0,5,0,13,,84508,38,0,6,0,16,,84529,32,0,5,0,68,,84509,38,0,6,0,35,,84530,32,0,5,0
101,'S2-2_6',727,,84537,32,0,5,0,116,,84538,32,0,5,0,106,,84539,32,0,5,0,70,,84550,32,0,6,0,29,,84540,32,0,5,0,70,,84551,32,0,6,0,31,,84541,32,0,5,0,70,,84552,32,0,6,0,29,,84542,32,0,5,0,68,,84553,32,0,6,0,31,,84543,32,0,5,0,70,,84554,32,0,6,0,30,,84544,32,0,5,0,70,,84555,32,0,6,0,32,,84545,32,0,5,0,71,,84556,32,0,6,0,31,,84546,32,0,5,0,69,,84557,32,0,6,0,33,,84547,32,0,5,0,69,,84558,32,0,6,0,35,,84548,32,0,5,0,65,,84559,32,0,6,0,26,,84549,32,0,5,0
101,'S2-3_7',933,,84560,32,0,6,0,105,,84565,32,0,5,0,105,,84561,32,0,6,0,105,,84566,32,0,5,0,105,,84562,32,0,6,0,90,,84567,32,0,5,0,100,,84563,32,0,6,0,105,,84568,32,0,5,0,105,,84564,32,0,6,0,105,,84569,32,0,5,0
101,'S2-4_1',729,,84570,38,0,6,0,7,,84602,6,0,7,0,3,,84600,32,0,7,0,20,,84571,38,0,6,0,55,,84598,32,0,5,0,15,,84572,38,0,6,0,17,,84601,38,0,5,0,13,,84585,32,0,7,0,65,,84576,32,0,6,0,80,,84586,38,0,5,0,35,,84577,32,0,6,0,80,,84589,32,0,5,0,35,,84578,32,0,6,0,70,,84590,32,0,5,0,20,,84579,32,0,6,0,75,,84591,32,0,5,0,38,,84573,38,0,6,0,67,,84587,38,0,5,0,30,,84580,32,0,6,0,65,,84592,32,0,5,0,35,,84581,32,0,6,0,62,,84593,32,0,5,0,28,,84582,32,0,6,0,12,,84597,6,0,5,0,61,,84583,32,0,6,0,21,,84588,38,0,5,0,19,,84584,32,0,6,0,64,,84594,32,0,5,0,13,,84574,38,0,6,0,16,,84595,32,0,5,0,68,,84575,38,0,6,0,35,,84596,32,0,5,0
101,'S2-4_2',729,,84603,38,0,6,0,7,,84635,6,0,7,0,3,,84633,32,0,7,0,20,,84604,38,0,6,0,55,,84631,32,0,5,0,15,,84605,38,0,6,0,17,,84634,38,0,5,0,13,,84618,32,0,7,0,65,,84609,32,0,6,0,80,,84619,38,0,5,0,35,,84610,32,0,6,0,80,,84622,32,0,5,0,35,,84611,32,0,6,0,70,,84623,32,0,5,0,20,,84612,32,0,6,0,75,,84624,32,0,5,0,38,,84606,38,0,6,0,67,,84620,38,0,5,0,30,,84613,32,0,6,0,65,,84625,32,0,5,0,35,,84614,32,0,6,0,62,,84626,32,0,5,0,28,,84615,32,0,6,0,12,,84630,6,0,5,0,61,,84616,32,0,6,0,21,,84621,38,0,5,0,19,,84617,32,0,6,0,64,,84627,32,0,5,0,13,,84607,38,0,6,0,16,,84628,32,0,5,0,68,,84608,38,0,6,0,35,,84629,32,0,5,0
101,'S2-4_4',729,,84636,38,0,6,0,7,,84668,6,0,7,0,3,,84666,32,0,7,0,20,,84637,38,0,6,0,55,,84664,32,0,5,0,15,,84638,38,0,6,0,17,,84667,38,0,5,0,13,,84651,32,0,7,0,65,,84642,32,0,6,0,80,,84652,38,0,5,0,35,,84643,32,0,6,0,80,,84655,32,0,5,0,35,,84644,32,0,6,0,70,,84656,32,0,5,0,20,,84645,32,0,6,0,75,,84657,32,0,5,0,38,,84639,38,0,6,0,67,,84653,38,0,5,0,30,,84646,32,0,6,0,65,,84658,32,0,5,0,35,,84647,32,0,6,0,62,,84659,32,0,5,0,28,,84648,32,0,6,0,12,,84663,6,0,5,0,61,,84649,32,0,6,0,21,,84654,38,0,5,0,19,,84650,32,0,6,0,64,,84660,32,0,5,0,13,,84640,38,0,6,0,16,,84661,32,0,5,0,68,,84641,38,0,6,0,35,,84662,32,0,5,0
2000001,'S2-0_4',650,,90979,16,,,0,67,,90956,16,,,0,14,,90937,10,,,0,3,,90935,6,0,18 19,0,1,,90939,16,,,0,16,,90964,16,,,0,56,,90947,16,,,0,14,,90982,16,,,0,14,,90929,16,,,0,14,,90957,16,,,0,55,,90941,16,,,0,16,,90965,16,,,0,16,,90949,16,,,0,17,,90973,16,,,0,57,,90930,16,,,0,15,,90963,16,,,0,15,,90940,16,,,0,16,,90966,16,,,0,56,,90948,16,,,0,16,,90975,16,,,0,15,,90931,16,,,0,16,,90961,16,,,0,55,,90946,16,,,0,17,,90967,16,,,0,15,,90955,16,,,0,54,,90974,16,,,0,16,,90933,16,,,0,12,,90958,16,,,0,17,,90942,16,,,0,55,,90969,16,,,0,15,,90950,16,,,0,15,,90978,16,,,0,15,,90934,16,,,0,56,,90959,16,,,0,16,,90943,16,,,0,15,,90968,16,,,0,16,,90951,16,,,0,54,,90977,16,,,0,15,,90932,16,,,0,16,,90960,16,,,0,17,,90944,16,,,0,56,,90970,16,,,0,17,,90952,16,,,0,17,,90928,16,,,0,16,,90976,16,,,0,57,,90983,16,,,0,11,,90962,16,,,0,12,,90945,16,,,0,14,,90971,16,,,0,54,,90953,16,,,0,11,,90927,16,,,0,13,,90980,16,,,0,14,,90936,16,,,0,62,,90972,16,,,0,20,,90954,16,,,0,20,,90981,16,,,0,59,,90938,16,,,0
2000001,'S2-0_5',650,,91036,16,,,0,67,,91013,16,,,0,14,,90994,10,,,0,3,,90992,6,0,18 19,0,1,,90996,16,,,0,16,,91021,16,,,0,56,,91004,16,,,0,14,,91039,16,,,0,14,,90986,16,,,0,14,,91014,16,,,0,55,,90998,16,,,0,16,,91022,16,,,0,16,,91006,16,,,0,17,,91030,16,,,0,57,,90987,16,,,0,15,,91020,16,,,0,15,,90997,16,,,0,16,,91023,16,,,0,56,,91005,16,,,0,16,,91032,16,,,0,15,,90988,16,,,0,16,,91018,16,,,0,55,,91003,16,,,0,17,,91024,16,,,0,15,,91012,16,,,0,54,,91031,16,,,0,16,,90990,16,,,0,12,,91015,16,,,0,17,,90999,16,,,0,55,,91026,16,,,0,15,,91007,16,,,0,15,,91035,16,,,0,15,,90991,16,,,0,56,,91016,16,,,0,16,,91000,16,,,0,15,,91025,16,,,0,16,,91008,16,,,0,54,,91034,16,,,0,15,,90989,16,,,0,16,,91017,16,,,0,17,,91001,16,,,0,56,,91027,16,,,0,17,,91009,16,,,0,17,,90985,16,,,0,16,,91033,16,,,0,57,,91040,16,,,0,11,,91019,16,,,0,12,,91002,16,,,0,14,,91028,16,,,0,54,,91010,16,,,0,11,,90984,16,,,0,13,,91037,16,,,0,14,,90993,16,,,0,62,,91029,16,,,0,20,,91011,16,,,0,20,,91038,16,,,0,59,,90995,16,,,0
2000001,'S2-1_3',650,,91093,16,,,0,67,,91070,16,,,0,14,,91051,10,,,0,3,,91049,6,0,18 19,0,1,,91053,16,,,0,16,,91078,16,,,0,56,,91061,16,,,0,14,,91096,16,,,0,14,,91043,16,,,0,14,,91071,16,,,0,55,,91055,16,,,0,16,,91079,16,,,0,16,,91063,16,,,0,17,,91087,16,,,0,57,,91044,16,,,0,15,,91077,16,,,0,15,,91054,16,,,0,16,,91080,16,,,0,56,,91062,16,,,0,16,,91089,16,,,0,15,,91045,16,,,0,16,,91075,16,,,0,55,,91060,16,,,0,17,,91081,16,,,0,15,,91069,16,,,0,54,,91088,16,,,0,16,,91047,16,,,0,12,,91072,16,,,0,17,,91056,16,,,0,55,,91083,16,,,0,15,,91064,16,,,0,15,,91092,16,,,0,15,,91048,16,,,0,56,,91073,16,,,0,16,,91057,16,,,0,15,,91082,16,,,0,16,,91065,16,,,0,54,,91091,16,,,0,15,,91046,16,,,0,16,,91074,16,,,0,17,,91058,16,,,0,56,,91084,16,,,0,17,,91066,16,,,0,17,,91042,16,,,0,16,,91090,16,,,0,57,,91097,16,,,0,11,,91076,16,,,0,12,,91059,16,,,0,14,,91085,16,,,0,54,,91067,16,,,0,11,,91041,16,,,0,13,,91094,16,,,0,14,,91050,16,,,0,62,,91086,16,,,0,20,,91068,16,,,0,20,,91095,16,,,0,59,,91052,16,,,0
2000001,'S2-2_6',654,,91098,16,,,0,81,,91099,16,,,0,79,,91100,16,,,0,32,,91138,16,,,0,61,,91102,16,,,0,20,,91101,16,,,0,21,,91103,16,,,0,60,,91104,16,,,0,19,,91106,16,,,0,18,,91105,16,,,0,60,,91111,16,,,0,19,,91109,16,,,0,18,,91113,16,,,0,59,,91107,16,,,0,19,,91112,16,,,0,20,,91108,16,,,0,16,,91110,16,,,0,58,,91119,16,,,0,18,,91116,16,,,0,20,,91117,16,,,0,61,,91118,16,,,0,18,,91115,16,,,0,17,,91114,16,,,0,59,,91120,16,,,0,23,,91121,16,,,0,20,,91123,16,,,0,59,,91122,16,,,0,19,,91124,16,,,0,20,,91125,16,,,0,61,,91126,16,,,0,20,,91128,16,,,0,19,,91127,16,,,0,58,,91129,16,,,0,19,,91130,16,,,0,19,,91131,16,,,0,59,,91132,16,,,0,17,,91133,16,,,0,18,,91134,16,,,0,62,,91135,16,,,0,24,,91136,16,,,0,23,,91137,16,,,0
2000001,'S2-3_7',827,,91156,16,,,0,80,,91139,16,,,0,40,,91140,16,,,0,80,,91141,16,,,0,80,,91142,16,,,0,40,,91143,16,,,0,80,,91144,16,,,0,80,,91145,16,,,0,40,,91147,16,,,0,80,,91146,16,,,0,80,,91148,16,,,0,40,,91149,16,,,0,80,,91150,16,,,0,80,,91151,16,,,0,40,,91153,16,,,0,80,,91152,16,,,0,80,,91154,16,,,0,40,,91155,16,,,0
2000001,'S2-4_1',650,,91209,16,,,0,67,,91186,16,,,0,14,,91167,10,,,0,3,,91165,6,0,18 19,0,1,,91169,16,,,0,16,,91194,16,,,0,56,,91177,16,,,0,14,,91212,16,,,0,14,,91159,16,,,0,14,,91187,16,,,0,55,,91171,16,,,0,16,,91195,16,,,0,16,,91179,16,,,0,17,,91203,16,,,0,57,,91160,16,,,0,15,,91193,16,,,0,15,,91170,16,,,0,16,,91196,16,,,0,56,,91178,16,,,0,16,,91205,16,,,0,15,,91161,16,,,0,16,,91191,16,,,0,55,,91176,16,,,0,17,,91197,16,,,0,15,,91185,16,,,0,54,,91204,16,,,0,16,,91163,16,,,0,12,,91188,16,,,0,17,,91172,16,,,0,55,,91199,16,,,0,15,,91180,16,,,0,15,,91208,16,,,0,15,,91164,16,,,0,56,,91189,16,,,0,16,,91173,16,,,0,15,,91198,16,,,0,16,,91181,16,,,0,54,,91207,16,,,0,15,,91162,16,,,0,16,,91190,16,,,0,17,,91174,16,,,0,56,,91200,16,,,0,17,,91182,16,,,0,17,,91158,16,,,0,16,,91206,16,,,0,57,,91213,16,,,0,11,,91192,16,,,0,12,,91175,16,,,0,14,,91201,16,,,0,54,,91183,16,,,0,11,,91157,16,,,0,13,,91210,16,,,0,14,,91166,16,,,0,62,,91202,16,,,0,20,,91184,16,,,0,20,,91211,16,,,0,59,,91168,16,,,0
2000001,'S2-4_2',650,,91266,16,,,0,67,,91243,16,,,0,14,,91224,10,,,0,3,,91222,6,0,18 19,0,1,,91226,16,,,0,16,,91251,16,,,0,56,,91234,16,,,0,14,,91269,16,,,0,14,,91216,16,,,0,14,,91244,16,,,0,55,,91228,16,,,0,16,,91252,16,,,0,16,,91236,16,,,0,17,,91260,16,,,0,57,,91217,16,,,0,15,,91250,16,,,0,15,,91227,16,,,0,16,,91253,16,,,0,56,,91235,16,,,0,16,,91262,16,,,0,15,,91218,16,,,0,16,,91248,16,,,0,55,,91233,16,,,0,17,,91254,16,,,0,15,,91242,16,,,0,54,,91261,16,,,0,16,,91220,16,,,0,12,,91245,16,,,0,17,,91229,16,,,0,55,,91256,16,,,0,15,,91237,16,,,0,15,,91265,16,,,0,15,,91221,16,,,0,56,,91246,16,,,0,16,,91230,16,,,0,15,,91255,16,,,0,16,,91238,16,,,0,54,,91264,16,,,0,15,,91219,16,,,0,16,,91247,16,,,0,17,,91231,16,,,0,56,,91257,16,,,0,17,,91239,16,,,0,17,,91215,16,,,0,16,,91263,16,,,0,57,,91270,16,,,0,11,,91249,16,,,0,12,,91232,16,,,0,14,,91258,16,,,0,54,,91240,16,,,0,11,,91214,16,,,0,13,,91267,16,,,0,14,,91223,16,,,0,62,,91259,16,,,0,20,,91241,16,,,0,20,,91268,16,,,0,59,,91225,16,,,0
2000001,'S2-4_4',650,,91323,16,,,0,67,,91300,16,,,0,14,,91281,10,,,0,3,,91279,6,0,18 19,0,1,,91283,16,,,0,16,,91308,16,,,0,56,,91291,16,,,0,14,,91326,16,,,0,14,,91273,16,,,0,14,,91301,16,,,0,55,,91285,16,,,0,16,,91309,16,,,0,16,,91293,16,,,0,17,,91317,16,,,0,57,,91274,16,,,0,15,,91307,16,,,0,15,,91284,16,,,0,16,,91310,16,,,0,56,,91292,16,,,0,16,,91319,16,,,0,15,,91275,16,,,0,16,,91305,16,,,0,55,,91290,16,,,0,17,,91311,16,,,0,15,,91299,16,,,0,54,,91318,16,,,0,16,,91277,16,,,0,12,,91302,16,,,0,17,,91286,16,,,0,55,,91313,16,,,0,15,,91294,16,,,0,15,,91322,16,,,0,15,,91278,16,,,0,56,,91303,16,,,0,16,,91287,16,,,0,15,,91312,16,,,0,16,,91295,16,,,0,54,,91321,16,,,0,15,,91276,16,,,0,16,,91304,16,,,0,17,,91288,16,,,0,56,,91314,16,,,0,17,,91296,16,,,0,17,,91272,16,,,0,16,,91320,16,,,0,57,,91327,16,,,0,11,,91306,16,,,0,12,,91289,16,,,0,14,,91315,16,,,0,54,,91297,16,,,0,11,,91271,16,,,0,13,,91324,16,,,0,14,,91280,16,,,0,62,,91316,16,,,0,20,,91298,16,,,0,20,,91325,16,,,0,59,,91282,16,,,0
