701,'S2-0_4',702,,86635,5,,,0,112,,86636,5,,,0,109,,86637,5,,,0,110,,86638,5,,,0,111,,86639,5,,,0,110,,86640,5,,,0,149,,86641,5,,,0,108,,86642,5,,,0,110,,86643,5,,,0,110,,86644,5,,,0,113,,86645,5,,,0
701,'S2-0_5',702,,86646,5,,,0,112,,86647,5,,,0,109,,86648,5,,,0,110,,86649,5,,,0,111,,86650,5,,,0,110,,86651,5,,,0,149,,86652,5,,,0,108,,86653,5,,,0,110,,86654,5,,,0,110,,86655,5,,,0,113,,86656,5,,,0
701,'S2-1_3',702,,86657,5,,,0,112,,86658,5,,,0,109,,86659,5,,,0,110,,86660,5,,,0,111,,86661,5,,,0,110,,86662,5,,,0,149,,86663,5,,,0,108,,86664,5,,,0,110,,86665,5,,,0,110,,86666,5,,,0,113,,86667,5,,,0
701,'S2-2_6',704,,86670,5,,,0,110,,86671,5,,,0,110,,86672,5,,,0,110,,86673,5,,,0,111,,86674,5,,,0,109,,86675,5,,,0,150,,86676,5,,,0,111,,86677,5,,,0,109,,86678,5,,,0,110,,86668,5,,,0,111,,86669,5,,,0
701,'S2-4_1',702,,86679,5,,,0,112,,86680,5,,,0,109,,86681,5,,,0,110,,86682,5,,,0,111,,86683,5,,,0,110,,86684,5,,,0,149,,86685,5,,,0,108,,86686,5,,,0,110,,86687,5,,,0,110,,86688,5,,,0,113,,86689,5,,,0
701,'S2-4_2',702,,86690,5,,,0,112,,86691,5,,,0,109,,86692,5,,,0,110,,86693,5,,,0,111,,86694,5,,,0,110,,86695,5,,,0,149,,86696,5,,,0,108,,86697,5,,,0,110,,86698,5,,,0,110,,86699,5,,,0,113,,86700,5,,,0
701,'S2-4_4',702,,86701,5,,,0,112,,86702,5,,,0,109,,86703,5,,,0,110,,86704,5,,,0,111,,86705,5,,,0,110,,86706,5,,,0,149,,86707,5,,,0,108,,86708,5,,,0,110,,86709,5,,,0,110,,86710,5,,,0,113,,86711,5,,,0
2401,'S2-0_4',725,,88141,9,0,18 19,0
2401,'S2-0_5',725,,88144,9,0,18 19,0
2401,'S2-1_3',725,,88147,9,0,18 19,0
2401,'S2-4_1',725,,88148,9,0,18 19,0
2401,'S2-4_2',725,,88151,9,0,18 19,0
2401,'S2-4_4',725,,88154,9,0,18 19,0
