2201,'S2-0_4',1615,,88048,3,,,0,100,,88049,3,,,0,100,,88050,3,,,0
2201,'S2-0_5',1615,,88055,3,,,0,100,,88056,3,,,0,100,,88057,3,,,0
2201,'S2-1_3',1215,,88062,3,,,0
2201,'S2-4_1',1615,,88067,3,,,0,100,,88068,3,,,0,100,,88069,3,,,0
2201,'S2-4_2',1615,,88074,3,,,0,100,,88075,3,,,0,100,,88076,3,,,0
2201,'S2-4_4',1615,,88081,3,,,0,100,,88082,3,,,0,100,,88083,3,,,0
2401,'S2-0_4',743,,88141,21,4,,0,895,,88142,19,,,0,104,,88143,19,,,0
2401,'S2-0_5',743,,88144,21,4,,0,895,,88145,19,,,0,104,,88146,19,,,0
2401,'S2-1_3',743,,88147,21,4,,0
2401,'S2-4_1',743,,88148,21,4,,0,895,,88149,19,,,0,104,,88150,19,,,0
2401,'S2-4_2',743,,88151,21,4,,0,895,,88152,19,,,0,104,,88153,19,,,0
2401,'S2-4_4',743,,88154,21,4,,0,895,,88155,19,,,0,104,,88156,19,,,0
2000001,'S2-0_4',657,,90979,23,,,0,69,,90956,23,,,0,14,,90937,17,,,0,3,,90935,13,4,,0,1,,90939,23,,,0,56,,90964,23,,,0,16,,90947,23,,,0,14,,90982,23,,,0,14,,90929,23,,,0,14,,90957,23,,,0,54,,90941,23,,,0,16,,90965,23,,,0,16,,90949,23,,,0,57,,90973,23,,,0,17,,90930,23,,,0,15,,90963,23,,,0,15,,90940,23,,,0,56,,90966,23,,,0,17,,90948,23,,,0,16,,90975,23,,,0,15,,90931,23,,,0,56,,90961,23,,,0,15,,90946,23,,,0,16,,90967,23,,,0,15,,90955,23,,,0,54,,90974,23,,,0,16,,90933,23,,,0,12,,90958,23,,,0,17,,90942,23,,,0,55,,90969,23,,,0,15,,90950,23,,,0,15,,90978,23,,,0,15,,90934,23,,,0,56,,90959,23,,,0,16,,90943,23,,,0,15,,90968,23,,,0,16,,90951,23,,,0,54,,90977,23,,,0,16,,90932,23,,,0,17,,90960,23,,,0,57,,90944,23,,,0,16,,90970,23,,,0,17,,90952,23,,,0,17,,90928,23,,,0,56,,90976,23,,,0,16,,90983,23,,,0,10,,90962,23,,,0,12,,90945,23,,,0,13,,90971,23,,,0,54,,90953,23,,,0,11,,90927,23,,,0,13,,90980,23,,,0,14,,90936,23,,,0,62,,90972,23,,,0,20,,90954,23,,,0,19,,90981,23,,,0,59,,90938,23,,,0
2000001,'S2-0_5',657,,91036,23,,,0,69,,91013,23,,,0,14,,90994,17,,,0,3,,90992,13,4,,0,1,,90996,23,,,0,56,,91021,23,,,0,16,,91004,23,,,0,14,,91039,23,,,0,14,,90986,23,,,0,14,,91014,23,,,0,54,,90998,23,,,0,16,,91022,23,,,0,16,,91006,23,,,0,57,,91030,23,,,0,17,,90987,23,,,0,15,,91020,23,,,0,15,,90997,23,,,0,56,,91023,23,,,0,17,,91005,23,,,0,16,,91032,23,,,0,15,,90988,23,,,0,56,,91018,23,,,0,15,,91003,23,,,0,16,,91024,23,,,0,15,,91012,23,,,0,54,,91031,23,,,0,16,,90990,23,,,0,12,,91015,23,,,0,17,,90999,23,,,0,55,,91026,23,,,0,15,,91007,23,,,0,15,,91035,23,,,0,15,,90991,23,,,0,56,,91016,23,,,0,16,,91000,23,,,0,15,,91025,23,,,0,16,,91008,23,,,0,54,,91034,23,,,0,16,,90989,23,,,0,17,,91017,23,,,0,57,,91001,23,,,0,16,,91027,23,,,0,17,,91009,23,,,0,17,,90985,23,,,0,56,,91033,23,,,0,16,,91040,23,,,0,10,,91019,23,,,0,12,,91002,23,,,0,13,,91028,23,,,0,54,,91010,23,,,0,11,,90984,23,,,0,13,,91037,23,,,0,14,,90993,23,,,0,62,,91029,23,,,0,20,,91011,23,,,0,19,,91038,23,,,0,59,,90995,23,,,0
2000001,'S2-1_3',657,,91093,23,,,0,69,,91070,23,,,0,14,,91051,17,,,0,3,,91049,13,4,,0,1,,91053,23,,,0,56,,91078,23,,,0,16,,91061,23,,,0,14,,91096,23,,,0,14,,91043,23,,,0,14,,91071,23,,,0,54,,91055,23,,,0,16,,91079,23,,,0,16,,91063,23,,,0,57,,91087,23,,,0,17,,91044,23,,,0,15,,91077,23,,,0,15,,91054,23,,,0,56,,91080,23,,,0,17,,91062,23,,,0,16,,91089,23,,,0,15,,91045,23,,,0,56,,91075,23,,,0,15,,91060,23,,,0,16,,91081,23,,,0,15,,91069,23,,,0,54,,91088,23,,,0,16,,91047,23,,,0,12,,91072,23,,,0,17,,91056,23,,,0,55,,91083,23,,,0,15,,91064,23,,,0,15,,91092,23,,,0,15,,91048,23,,,0,56,,91073,23,,,0,16,,91057,23,,,0,15,,91082,23,,,0,16,,91065,23,,,0,54,,91091,23,,,0,16,,91046,23,,,0,17,,91074,23,,,0,57,,91058,23,,,0,16,,91084,23,,,0,17,,91066,23,,,0,17,,91042,23,,,0,56,,91090,23,,,0,16,,91097,23,,,0,10,,91076,23,,,0,12,,91059,23,,,0,13,,91085,23,,,0,54,,91067,23,,,0,11,,91041,23,,,0,13,,91094,23,,,0,14,,91050,23,,,0,62,,91086,23,,,0,20,,91068,23,,,0,19,,91095,23,,,0,59,,91052,23,,,0
2000001,'S2-2_6',700,,91098,23,,,0,41,,91099,23,,,0,80,,91100,23,,,0,32,,91138,23,,,0,61,,91102,23,,,0,20,,91101,23,,,0,21,,91103,23,,,0,60,,91104,23,,,0,19,,91106,23,,,0,18,,91105,23,,,0,60,,91111,23,,,0,19,,91109,23,,,0,18,,91113,23,,,0,59,,91107,23,,,0,19,,91112,23,,,0,20,,91108,23,,,0,57,,91110,23,,,0,18,,91119,23,,,0,18,,91116,23,,,0,60,,91117,23,,,0,21,,91118,23,,,0,18,,91115,23,,,0,17,,91114,23,,,0,59,,91120,23,,,0,22,,91121,23,,,0,20,,91123,23,,,0,59,,91122,23,,,0,20,,91124,23,,,0,20,,91125,23,,,0,61,,91126,23,,,0,20,,91128,23,,,0,19,,91127,23,,,0,58,,91129,23,,,0,19,,91130,23,,,0,19,,91131,23,,,0,58,,91132,23,,,0,17,,91133,23,,,0,18,,91134,23,,,0,62,,91135,23,,,0,24,,91136,23,,,0,22,,91137,23,,,0
2000001,'S2-3_7',833,,91156,23,,,0,80,,91139,23,,,0,40,,91140,23,,,0,80,,91141,23,,,0,80,,91142,23,,,0,40,,91143,23,,,0,80,,91144,23,,,0,79,,91145,23,,,0,40,,91147,23,,,0,80,,91146,23,,,0,80,,91148,23,,,0,40,,91149,23,,,0,80,,91150,23,,,0,80,,91151,23,,,0,40,,91153,23,,,0,80,,91152,23,,,0,80,,91154,23,,,0,40,,91155,23,,,0
2000001,'S2-4_1',657,,91209,23,,,0,69,,91186,23,,,0,14,,91167,17,,,0,3,,91165,13,4,,0,1,,91169,23,,,0,56,,91194,23,,,0,16,,91177,23,,,0,14,,91212,23,,,0,14,,91159,23,,,0,14,,91187,23,,,0,54,,91171,23,,,0,16,,91195,23,,,0,16,,91179,23,,,0,57,,91203,23,,,0,17,,91160,23,,,0,15,,91193,23,,,0,15,,91170,23,,,0,56,,91196,23,,,0,17,,91178,23,,,0,16,,91205,23,,,0,15,,91161,23,,,0,56,,91191,23,,,0,15,,91176,23,,,0,16,,91197,23,,,0,15,,91185,23,,,0,54,,91204,23,,,0,16,,91163,23,,,0,12,,91188,23,,,0,17,,91172,23,,,0,55,,91199,23,,,0,15,,91180,23,,,0,15,,91208,23,,,0,15,,91164,23,,,0,56,,91189,23,,,0,16,,91173,23,,,0,15,,91198,23,,,0,16,,91181,23,,,0,54,,91207,23,,,0,16,,91162,23,,,0,17,,91190,23,,,0,57,,91174,23,,,0,16,,91200,23,,,0,17,,91182,23,,,0,17,,91158,23,,,0,56,,91206,23,,,0,16,,91213,23,,,0,10,,91192,23,,,0,12,,91175,23,,,0,13,,91201,23,,,0,54,,91183,23,,,0,11,,91157,23,,,0,13,,91210,23,,,0,14,,91166,23,,,0,62,,91202,23,,,0,20,,91184,23,,,0,19,,91211,23,,,0,59,,91168,23,,,0
2000001,'S2-4_2',657,,91266,23,,,0,69,,91243,23,,,0,14,,91224,17,,,0,3,,91222,13,4,,0,1,,91226,23,,,0,56,,91251,23,,,0,16,,91234,23,,,0,14,,91269,23,,,0,14,,91216,23,,,0,14,,91244,23,,,0,54,,91228,23,,,0,16,,91252,23,,,0,16,,91236,23,,,0,57,,91260,23,,,0,17,,91217,23,,,0,15,,91250,23,,,0,15,,91227,23,,,0,56,,91253,23,,,0,17,,91235,23,,,0,16,,91262,23,,,0,15,,91218,23,,,0,56,,91248,23,,,0,15,,91233,23,,,0,16,,91254,23,,,0,15,,91242,23,,,0,54,,91261,23,,,0,16,,91220,23,,,0,12,,91245,23,,,0,17,,91229,23,,,0,55,,91256,23,,,0,15,,91237,23,,,0,15,,91265,23,,,0,15,,91221,23,,,0,56,,91246,23,,,0,16,,91230,23,,,0,15,,91255,23,,,0,16,,91238,23,,,0,54,,91264,23,,,0,16,,91219,23,,,0,17,,91247,23,,,0,57,,91231,23,,,0,16,,91257,23,,,0,17,,91239,23,,,0,17,,91215,23,,,0,56,,91263,23,,,0,16,,91270,23,,,0,10,,91249,23,,,0,12,,91232,23,,,0,13,,91258,23,,,0,54,,91240,23,,,0,11,,91214,23,,,0,13,,91267,23,,,0,14,,91223,23,,,0,62,,91259,23,,,0,20,,91241,23,,,0,19,,91268,23,,,0,59,,91225,23,,,0
2000001,'S2-4_4',657,,91323,23,,,0,69,,91300,23,,,0,14,,91281,17,,,0,3,,91279,13,4,,0,1,,91283,23,,,0,56,,91308,23,,,0,16,,91291,23,,,0,14,,91326,23,,,0,14,,91273,23,,,0,14,,91301,23,,,0,54,,91285,23,,,0,16,,91309,23,,,0,16,,91293,23,,,0,57,,91317,23,,,0,17,,91274,23,,,0,15,,91307,23,,,0,15,,91284,23,,,0,56,,91310,23,,,0,17,,91292,23,,,0,16,,91319,23,,,0,15,,91275,23,,,0,56,,91305,23,,,0,15,,91290,23,,,0,16,,91311,23,,,0,15,,91299,23,,,0,54,,91318,23,,,0,16,,91277,23,,,0,12,,91302,23,,,0,17,,91286,23,,,0,55,,91313,23,,,0,15,,91294,23,,,0,15,,91322,23,,,0,15,,91278,23,,,0,56,,91303,23,,,0,16,,91287,23,,,0,15,,91312,23,,,0,16,,91295,23,,,0,54,,91321,23,,,0,16,,91276,23,,,0,17,,91304,23,,,0,57,,91288,23,,,0,16,,91314,23,,,0,17,,91296,23,,,0,17,,91272,23,,,0,56,,91320,23,,,0,16,,91327,23,,,0,10,,91306,23,,,0,12,,91289,23,,,0,13,,91315,23,,,0,54,,91297,23,,,0,11,,91271,23,,,0,13,,91324,23,,,0,14,,91280,23,,,0,62,,91316,23,,,0,20,,91298,23,,,0,19,,91325,23,,,0,59,,91282,23,,,0
