1600,'S2-0_4',1256,,87533,8,,,0,63,,87534,8,0,54 55,0,397,,87535,8,,,0
1600,'S2-0_5',1256,,87543,8,,,0,63,,87544,8,0,54 55,0,397,,87545,8,,,0
1600,'S2-1_3',1256,,87553,8,,,0,63,,87554,8,0,54 55,0,397,,87555,8,,,0
1600,'S2-2_6',1256,,87563,8,,,0,63,,87564,8,0,54 55,0,397,,87565,8,,,0
1600,'S2-4_1',1256,,87573,8,,,0,63,,87574,8,0,54 55,0,397,,87575,8,,,0
1600,'S2-4_2',1256,,87583,8,,,0,63,,87584,8,0,54 55,0,397,,87585,8,,,0
1600,'S2-4_4',1256,,87593,8,,,0,63,,87594,8,0,54 55,0,397,,87595,8,,,0
1601,'S2-0_4',1216,,87601,13,,,0
1601,'S2-0_5',1216,,87609,13,,,0
1601,'S2-1_3',1216,,87617,13,,,0
1601,'S2-2_6',1216,,87625,13,,,0
1601,'S2-4_1',1216,,87633,13,,,0
1601,'S2-4_2',1216,,87641,13,,,0
1601,'S2-4_4',1216,,87649,13,,,0
2101,'S2-0_4',754,,87987,7,,,0,158,,87988,4,,,0
2101,'S2-0_5',754,,87990,7,,,0,158,,87991,4,,,0
2101,'S2-1_3',754,,87993,7,,,0,158,,87994,4,,,0
2101,'S2-4_1',754,,87996,7,,,0,158,,87997,4,,,0
2101,'S2-4_2',754,,87999,7,,,0,158,,88000,4,,,0
2101,'S2-4_4',754,,88002,7,,,0,158,,88003,4,,,0
