200,'S2-0_4',721,,84669,23,0,35 37,0,5,,84701,26,0,38,0,20,,84702,26,0,38,0,60,,84696,14,0,34,0,15,,84676,26,0,35 37,0,15,,84703,23,0,38,0,85,,84697,14,0,34,0,15,,84680,23,0,35 37,0,90,,84683,23,0,34,0,29,,84671,26,0,35 37,0,80,,84684,23,0,34,0,75,,84691,14,0,35 37,0,26,,84681,26,0,34,0,20,,84692,23,0,35 37,0,65,,84686,14,0,34,0,25,,84672,23,0,35 37,0,70,,84685,26,0,34,0,30,,84693,23,0,35 37,0,70,,84682,23,0,34,0,25,,84699,26,0,38,0,67,,84694,23,0,35 37,0,18,,84700,23,0,34,0,15,,84704,14,0,38,0,70,,84673,14,0,35 37,0,10,,84705,23,0,38,0,10,,84687,26,0,34,0,15,,84677,23,0,38,0,61,,84695,26,0,35 37,0,14,,84678,23,0,38,0,15,,84688,26,0,34,0,15,,84706,23,0,38,0,60,,84679,26,0,38,0,15,,84674,23,0,35 37,0,10,,84689,26,0,34,0
200,'S2-0_5',721,,84708,23,0,35 37,0,5,,84740,26,0,38,0,20,,84741,26,0,38,0,60,,84735,14,0,34,0,15,,84715,26,0,35 37,0,15,,84742,23,0,38,0,85,,84736,14,0,34,0,15,,84719,23,0,35 37,0,90,,84722,23,0,34,0,29,,84710,26,0,35 37,0,80,,84723,23,0,34,0,75,,84730,14,0,35 37,0,26,,84720,26,0,34,0,20,,84731,23,0,35 37,0,65,,84725,14,0,34,0,25,,84711,23,0,35 37,0,70,,84724,26,0,34,0,30,,84732,23,0,35 37,0,70,,84721,23,0,34,0,25,,84738,26,0,38,0,67,,84733,23,0,35 37,0,18,,84739,23,0,34,0,15,,84743,14,0,38,0,70,,84712,14,0,35 37,0,10,,84744,23,0,38,0,10,,84726,26,0,34,0,15,,84716,23,0,38,0,61,,84734,26,0,35 37,0,14,,84717,23,0,38,0,15,,84727,26,0,34,0,15,,84745,23,0,38,0,60,,84718,26,0,38,0,15,,84713,23,0,35 37,0,10,,84728,26,0,34,0
200,'S2-1_3',721,,84747,23,0,35 37,0,5,,84779,26,0,38,0,20,,84780,26,0,38,0,60,,84774,14,0,34,0,15,,84754,26,0,35 37,0,15,,84781,23,0,38,0,85,,84775,14,0,34,0,15,,84758,23,0,35 37,0,90,,84761,23,0,34,0,29,,84749,26,0,35 37,0,80,,84762,23,0,34,0,75,,84769,14,0,35 37,0,26,,84759,26,0,34,0,20,,84770,23,0,35 37,0,65,,84764,14,0,34,0,25,,84750,23,0,35 37,0,70,,84763,26,0,34,0,30,,84771,23,0,35 37,0,70,,84760,23,0,34,0,25,,84777,26,0,38,0,67,,84772,23,0,35 37,0,18,,84778,23,0,34,0,15,,84782,14,0,38,0,70,,84751,14,0,35 37,0,10,,84783,23,0,38,0,10,,84765,26,0,34,0,15,,84755,23,0,38,0,61,,84773,26,0,35 37,0,14,,84756,23,0,38,0,15,,84766,26,0,34,0,15,,84784,23,0,38,0,60,,84757,26,0,38,0,15,,84752,23,0,35 37,0,10,,84767,26,0,34,0
200,'S2-2_6',716,,84786,26,0,34,0,30,,84797,23,0,35 37,0,60,,84809,14,0,38,0,20,,84787,26,0,34,0,25,,84798,23,0,35 37,0,60,,84810,26,0,38,0,20,,84788,23,0,34,0,25,,84799,14,0,35 37,0,60,,84811,14,0,38,0,20,,84789,26,0,34,0,65,,84800,23,0,35 37,0,23,,84812,14,0,38,0,23,,84790,26,0,34,0,64,,84801,23,0,35 37,0,20,,84813,14,0,38,0,20,,84791,24,0,34,0,60,,84802,14,0,35 37,0,20,,84814,23,0,38,0,20,,84792,26,0,34,0,60,,84803,23,0,35 37,0,21,,84815,14,0,38,0,21,,84793,26,0,34,0,61,,84804,23,0,35 37,0,21,,84816,14,0,38,0,23,,84794,26,0,34,0,67,,84805,23,0,35 37,0,18,,84817,14,0,38,0,59,,84795,26,0,34,0,25,,84806,23,0,35 37,0,18,,84818,14,0,38,0,57,,84796,26,0,34,0,20,,84820,23,0,35 37,0,25,,84819,14,0,38,0,66,,84807,26,0,35 37,0,23,,84808,23,0,34,0
200,'S2-3_7',941,,84821,23,0,38,0,165,,84822,23,0,38,0,125,,84823,23,0,38,0,110,,84824,23,0,38,0,165,,84825,23,0,38,0,125,,84826,23,0,38,0,125,,84827,23,0,38,0,165,,84828,23,0,38,0
200,'S2-4_1',721,,84829,23,0,35 37,0,5,,84861,26,0,38,0,20,,84862,26,0,38,0,60,,84856,14,0,34,0,15,,84836,26,0,35 37,0,15,,84863,23,0,38,0,85,,84857,14,0,34,0,15,,84840,23,0,35 37,0,90,,84843,23,0,34,0,29,,84831,26,0,35 37,0,80,,84844,23,0,34,0,75,,84851,14,0,35 37,0,26,,84841,26,0,34,0,20,,84852,23,0,35 37,0,65,,84846,14,0,34,0,25,,84832,23,0,35 37,0,70,,84845,26,0,34,0,30,,84853,23,0,35 37,0,70,,84842,23,0,34,0,25,,84859,26,0,38,0,67,,84854,23,0,35 37,0,18,,84860,23,0,34,0,15,,84864,14,0,38,0,70,,84833,14,0,35 37,0,10,,84865,23,0,38,0,10,,84847,26,0,34,0,15,,84837,23,0,38,0,61,,84855,26,0,35 37,0,14,,84838,23,0,38,0,15,,84848,26,0,34,0,15,,84866,23,0,38,0,60,,84839,26,0,38,0,15,,84834,23,0,35 37,0,10,,84849,26,0,34,0
200,'S2-4_2',721,,84868,23,0,35 37,0,5,,84900,26,0,38,0,20,,84901,26,0,38,0,60,,84895,14,0,34,0,15,,84875,26,0,35 37,0,15,,84902,23,0,38,0,85,,84896,14,0,34,0,15,,84879,23,0,35 37,0,90,,84882,23,0,34,0,29,,84870,26,0,35 37,0,80,,84883,23,0,34,0,75,,84890,14,0,35 37,0,26,,84880,26,0,34,0,20,,84891,23,0,35 37,0,65,,84885,14,0,34,0,25,,84871,23,0,35 37,0,70,,84884,26,0,34,0,30,,84892,23,0,35 37,0,70,,84881,23,0,34,0,25,,84898,26,0,38,0,67,,84893,23,0,35 37,0,18,,84899,23,0,34,0,15,,84903,14,0,38,0,70,,84872,14,0,35 37,0,10,,84904,23,0,38,0,10,,84886,26,0,34,0,15,,84876,23,0,38,0,61,,84894,26,0,35 37,0,14,,84877,23,0,38,0,15,,84887,26,0,34,0,15,,84905,23,0,38,0,60,,84878,26,0,38,0,15,,84873,23,0,35 37,0,10,,84888,26,0,34,0
200,'S2-4_4',721,,84907,23,0,35 37,0,5,,84939,26,0,38,0,20,,84940,26,0,38,0,60,,84934,14,0,34,0,15,,84914,26,0,35 37,0,15,,84941,23,0,38,0,85,,84935,14,0,34,0,15,,84918,23,0,35 37,0,90,,84921,23,0,34,0,29,,84909,26,0,35 37,0,80,,84922,23,0,34,0,75,,84929,14,0,35 37,0,26,,84919,26,0,34,0,20,,84930,23,0,35 37,0,65,,84924,14,0,34,0,25,,84910,23,0,35 37,0,70,,84923,26,0,34,0,30,,84931,23,0,35 37,0,70,,84920,23,0,34,0,25,,84937,26,0,38,0,67,,84932,23,0,35 37,0,18,,84938,23,0,34,0,15,,84942,14,0,38,0,70,,84911,14,0,35 37,0,10,,84943,23,0,38,0,10,,84925,26,0,34,0,15,,84915,23,0,38,0,61,,84933,26,0,35 37,0,14,,84916,23,0,38,0,15,,84926,26,0,34,0,15,,84944,23,0,38,0,60,,84917,26,0,38,0,15,,84912,23,0,35 37,0,10,,84927,26,0,34,0
1500,'S2-0_4',727,,87345,4,,,0,21,,87346,4,,,0,155,,87347,4,,,0,117,,87348,4,,,0,116,,87349,4,,,0,80,,87350,4,,,0,37,,87351,4,,,0,95,,87352,4,,,0,158,,87344,4,0,44,0,100,,87353,4,,,0,107,,87354,4,,,0,100,,87355,4,,,0,118,,87356,4,,,0
1500,'S2-0_5',727,,87358,4,,,0,21,,87359,4,,,0,155,,87360,4,,,0,117,,87361,4,,,0,116,,87362,4,,,0,80,,87363,4,,,0,37,,87364,4,,,0,95,,87365,4,,,0,158,,87357,4,0,44,0,100,,87366,4,,,0,107,,87367,4,,,0,100,,87368,4,,,0,118,,87369,4,,,0
1500,'S2-1_3',727,,87371,4,,,0,21,,87372,4,,,0,155,,87373,4,,,0,117,,87374,4,,,0,116,,87375,4,,,0,80,,87376,4,,,0,37,,87377,4,,,0,95,,87378,4,,,0,158,,87370,4,0,44,0,100,,87379,4,,,0,107,,87380,4,,,0,100,,87381,4,,,0,118,,87382,4,,,0
1500,'S2-2_6',727,,87384,4,,,0,21,,87385,4,,,0,155,,87386,4,,,0,117,,87387,4,,,0,116,,87388,4,,,0,80,,87389,4,,,0,37,,87390,4,,,0,95,,87391,4,,,0,158,,87383,4,0,44,0,100,,87392,4,,,0,107,,87393,4,,,0,100,,87394,4,,,0,118,,87395,4,,,0
1500,'S2-4_1',727,,87397,4,,,0,21,,87398,4,,,0,155,,87399,4,,,0,117,,87400,4,,,0,116,,87401,4,,,0,80,,87402,4,,,0,37,,87403,4,,,0,95,,87404,4,,,0,158,,87396,4,0,44,0,100,,87405,4,,,0,107,,87406,4,,,0,100,,87407,4,,,0,118,,87408,4,,,0
1500,'S2-4_2',727,,87410,4,,,0,21,,87411,4,,,0,155,,87412,4,,,0,117,,87413,4,,,0,116,,87414,4,,,0,80,,87415,4,,,0,37,,87416,4,,,0,95,,87417,4,,,0,158,,87409,4,0,44,0,100,,87418,4,,,0,107,,87419,4,,,0,100,,87420,4,,,0,118,,87421,4,,,0
1500,'S2-4_4',727,,87423,4,,,0,21,,87424,4,,,0,155,,87425,4,,,0,117,,87426,4,,,0,116,,87427,4,,,0,80,,87428,4,,,0,37,,87429,4,,,0,95,,87430,4,,,0,158,,87422,4,0,44,0,100,,87431,4,,,0,107,,87432,4,,,0,100,,87433,4,,,0,118,,87434,4,,,0
2000,'S2-0_4',1634,,87929,2,,,0,105,,87930,2,,,0,100,,87931,2,,,0
2000,'S2-0_5',1634,,87932,2,,,0,105,,87933,2,,,0,100,,87934,2,,,0
2000,'S2-1_3',1239,,87938,2,,,0,395,,87935,2,,,0,105,,87936,2,,,0,100,,87937,2,,,0
2000,'S2-4_1',1634,,87939,2,,,0,105,,87940,2,,,0,100,,87941,2,,,0
2000,'S2-4_2',1634,,87942,2,,,0,105,,87943,2,,,0,100,,87944,2,,,0
2000,'S2-4_4',1634,,87945,2,,,0,105,,87946,2,,,0,100,,87947,2,,,0
900500,'S2-4_4',2120,,88959,5,,,0,90,,88960,5,,,0,90,,88961,5,,,0,50,,88962,5,,,0,88,,88963,5,,,0,82,,88964,5,,,0,30,,88965,5,,,0,70,,88966,5,,,0
1000000,'S2-0_4',551,,89311,18,0,31 33,0,60,,89312,18,0,31 33,0,20,,89393,18,0,31 33,0,20,,89394,18,,,0,54,,89396,18,,,0,11,,89392,18,,,0,10,,89345,18,,,0,6,,89390,4,,,0,3,,89346,18,,,0,10,,89347,18,,,0,10,,89348,18,,,0,50,,89349,18,,,0,11,,89350,18,,,0,10,,89351,18,,,0,10,,89352,18,,,0,9,,89395,18,,,0,9,,89313,18,0,31 33,0,49,,89314,18,,,0,10,,89315,18,0,31 33,0,10,,89316,18,,,0,11,,89317,18,0,31 33,0,10,,89353,18,,,0,11,,89318,18,0,31 33,0,51,,89319,18,,,0,11,,89320,18,0,31 33,0,11,,89321,18,,,0,11,,89322,18,0,31 33,0,10,,89323,18,,,0,51,,89325,18,0,31 33,0,10,,89324,18,,,0,11,,89355,18,0,31 33,0,11,,89354,18,,,0,11,,89356,18,0,31 33,0,11,,89357,18,,,0,51,,89358,18,0,31 33,0,10,,89359,18,,,0,10,,89360,18,0,31 33,0,11,,89361,18,,,0,10,,89362,18,0,31 33,0,10,,89363,18,,,0,50,,89364,18,0,31 33,0,10,,89365,18,,,0,9,,89366,18,0,31 33,0,10,,89367,18,,,0,10,,89326,18,0,31 33,0,11,,89327,18,,,0,50,,89368,18,0,31 33,0,10,,89328,18,,,0,9,,89329,18,0,31 33,0,11,,89330,18,,,0,10,,89369,18,0,31 33,0,11,,89331,18,,,0,50,,89332,18,0,31 33,0,10,,89333,18,,,0,10,,89334,18,0,31 33,0,11,,89370,18,,,0,11,,89371,18,,,0,10,,89372,18,,,0,50,,89373,18,,,0,10,,89374,18,,,0,10,,89375,18,,,0,10,,89376,18,,,0,11,,89377,18,,,0,51,,89378,18,,,0,10,,89379,18,,,0,10,,89380,18,,,0,10,,89381,18,,,0,9,,89382,18,,,0,8,,89383,18,,,0,9,,89384,18,,,0,50,,89385,18,,,0,10,,89386,18,0,31 33,0,9,,89387,18,,,0,8,,89391,18,0,31 33,0,9,,89335,18,0,31 33,0,10,,89388,18,,,0,50,,89336,18,0,31 33,0,10,,89389,18,,,0,9,,89337,18,0,31 33,0,19,,89338,18,0,31 33,0,60,,89339,18,0,31 33,0,18,,89340,18,0,31 33,0,20,,89341,18,0,31 33,0,20,,89342,18,0,31 33,0,60,,89343,18,0,31 33,0,20,,89344,18,0,31 33,0
1000000,'S2-0_5',551,,89397,18,0,31 33,0,60,,89398,18,0,31 33,0,20,,89479,18,0,31 33,0,20,,89480,18,,,0,54,,89482,18,,,0,11,,89478,18,,,0,10,,89431,18,,,0,6,,89476,4,,,0,3,,89432,18,,,0,10,,89433,18,,,0,10,,89434,18,,,0,50,,89435,18,,,0,11,,89436,18,,,0,10,,89437,18,,,0,10,,89438,18,,,0,9,,89481,18,,,0,9,,89399,18,0,31 33,0,49,,89400,18,,,0,10,,89401,18,0,31 33,0,10,,89402,18,,,0,11,,89403,18,0,31 33,0,10,,89439,18,,,0,11,,89404,18,0,31 33,0,51,,89405,18,,,0,11,,89406,18,0,31 33,0,11,,89407,18,,,0,11,,89408,18,0,31 33,0,10,,89409,18,,,0,51,,89411,18,0,31 33,0,10,,89410,18,,,0,11,,89441,18,0,31 33,0,11,,89440,18,,,0,11,,89442,18,0,31 33,0,11,,89443,18,,,0,51,,89444,18,0,31 33,0,10,,89445,18,,,0,10,,89446,18,0,31 33,0,11,,89447,18,,,0,10,,89448,18,0,31 33,0,10,,89449,18,,,0,50,,89450,18,0,31 33,0,10,,89451,18,,,0,9,,89452,18,0,31 33,0,10,,89453,18,,,0,10,,89412,18,0,31 33,0,11,,89413,18,,,0,50,,89454,18,0,31 33,0,10,,89414,18,,,0,9,,89415,18,0,31 33,0,11,,89416,18,,,0,10,,89455,18,0,31 33,0,11,,89417,18,,,0,50,,89418,18,0,31 33,0,10,,89419,18,,,0,10,,89420,18,0,31 33,0,11,,89456,18,,,0,11,,89457,18,,,0,10,,89458,18,,,0,50,,89459,18,,,0,10,,89460,18,,,0,10,,89461,18,,,0,10,,89462,18,,,0,11,,89463,18,,,0,51,,89464,18,,,0,10,,89465,18,,,0,10,,89466,18,,,0,10,,89467,18,,,0,9,,89468,18,,,0,8,,89469,18,,,0,9,,89470,18,,,0,50,,89471,18,,,0,10,,89472,18,0,31 33,0,9,,89473,18,,,0,8,,89477,18,0,31 33,0,9,,89421,18,0,31 33,0,10,,89474,18,,,0,50,,89422,18,0,31 33,0,10,,89475,18,,,0,9,,89423,18,0,31 33,0,19,,89424,18,0,31 33,0,60,,89425,18,0,31 33,0,18,,89426,18,0,31 33,0,20,,89427,18,0,31 33,0,20,,89428,18,0,31 33,0,60,,89429,18,0,31 33,0,20,,89430,18,0,31 33,0
1000000,'S2-1_3',551,,89483,18,0,31 33,0,60,,89484,18,0,31 33,0,20,,89565,18,0,31 33,0,20,,89566,18,,,0,54,,89568,18,,,0,11,,89564,18,,,0,10,,89517,18,,,0,6,,89562,4,,,0,3,,89518,18,,,0,10,,89519,18,,,0,10,,89520,18,,,0,50,,89521,18,,,0,11,,89522,18,,,0,10,,89523,18,,,0,10,,89524,18,,,0,9,,89567,18,,,0,9,,89485,18,0,31 33,0,49,,89486,18,,,0,10,,89487,18,0,31 33,0,10,,89488,18,,,0,11,,89489,18,0,31 33,0,10,,89525,18,,,0,11,,89490,18,0,31 33,0,51,,89491,18,,,0,11,,89492,18,0,31 33,0,11,,89493,18,,,0,11,,89494,18,0,31 33,0,10,,89495,18,,,0,51,,89497,18,0,31 33,0,10,,89496,18,,,0,11,,89527,18,0,31 33,0,11,,89526,18,,,0,11,,89528,18,0,31 33,0,11,,89529,18,,,0,51,,89530,18,0,31 33,0,10,,89531,18,,,0,10,,89532,18,0,31 33,0,11,,89533,18,,,0,10,,89534,18,0,31 33,0,10,,89535,18,,,0,50,,89536,18,0,31 33,0,10,,89537,18,,,0,9,,89538,18,0,31 33,0,10,,89539,18,,,0,10,,89498,18,0,31 33,0,11,,89499,18,,,0,50,,89540,18,0,31 33,0,10,,89500,18,,,0,9,,89501,18,0,31 33,0,11,,89502,18,,,0,10,,89541,18,0,31 33,0,11,,89503,18,,,0,50,,89504,18,0,31 33,0,10,,89505,18,,,0,10,,89506,18,0,31 33,0,11,,89542,18,,,0,11,,89543,18,,,0,10,,89544,18,,,0,50,,89545,18,,,0,10,,89546,18,,,0,10,,89547,18,,,0,10,,89548,18,,,0,11,,89549,18,,,0,51,,89550,18,,,0,10,,89551,18,,,0,10,,89552,18,,,0,10,,89553,18,,,0,9,,89554,18,,,0,8,,89555,18,,,0,9,,89556,18,,,0,50,,89557,18,,,0,10,,89558,18,0,31 33,0,9,,89559,18,,,0,8,,89563,18,0,31 33,0,9,,89507,18,0,31 33,0,10,,89560,18,,,0,50,,89508,18,0,31 33,0,10,,89561,18,,,0,9,,89509,18,0,31 33,0,19,,89510,18,0,31 33,0,60,,89511,18,0,31 33,0,18,,89512,18,0,31 33,0,20,,89513,18,0,31 33,0,20,,89514,18,0,31 33,0,60,,89515,18,0,31 33,0,20,,89516,18,0,31 33,0
1000000,'S2-2_6',546,,89569,18,0,31 33,0,80,,89570,18,0,31 33,0,82,,89571,18,,,0,42,,89572,18,,,0,70,,89573,18,0,31 33,0,15,,89574,18,,,0,16,,89575,18,0,31 33,0,55,,89576,18,0,31 33,0,14,,89577,18,,,0,16,,89578,18,0,31 33,0,16,,89636,18,0,31 33,0,55,,89579,18,,,0,16,,89580,18,0,31 33,0,16,,89581,18,0,31 33,0,14,,89582,18,,,0,56,,89583,18,0,31 33,0,16,,89584,18,0,31 33,0,16,,89585,18,,,0,15,,89586,18,0,31 33,0,55,,89587,18,0,31 33,0,16,,89588,18,,,0,14,,89589,18,0,31 33,0,14,,89590,18,0,31 33,0,55,,89591,18,,,0,14,,89592,18,0,31 33,0,10,,89593,18,0,31 33,0,11,,89594,18,,,0,12,,89595,18,0,31 33,0,50,,89596,18,0,31 33,0,9,,89597,18,0,31 33,0,9,,89598,18,,,0,10,,89599,18,0,31 33,0,11,,89600,18,0,31 33,0,11,,89601,18,0,31 33,0,50,,89602,18,,,0,12,,89603,18,0,31 33,0,9,,89604,18,0,31 33,0,9,,89605,18,0,31 33,0,10,,89606,18,,,0,11,,89607,18,0,31 33,0,50,,89608,18,0,31 33,0,10,,89609,18,0,31 33,0,11,,89610,18,,,0,11,,89611,18,0,31 33,0,9,,89612,18,0,31 33,0,51,,89613,18,0,31 33,0,11,,89614,18,,,0,13,,89615,18,0,31 33,0,9,,89616,18,0,31 33,0,9,,89617,18,0,31 33,0,10,,89618,18,,,0,48,,89619,18,0,31 33,0,9,,89620,18,0,31 33,0,9,,89621,18,0,31 33,0,8,,89623,18,0,31 33,0,10,,89622,18,,,0,9,,89624,18,0,31 33,0,8,,89625,18,0,31 33,0,49,,89627,18,0,31 33,0,10,,89626,18,0,31 33,0,11,,89628,18,0,31 33,0,21,,89629,18,0,31 33,0,57,,89630,18,0,31 33,0,20,,89631,18,0,31 33,0,20,,89632,18,0,31 33,0,59,,89633,18,0,31 33,0,19,,89634,18,0,31 33,0,19,,89635,18,0,31 33,0
1000000,'S2-3_7',820,,89637,18,0,31 33,0,80,,89638,18,0,31 33,0,40,,89639,18,0,31 33,0,80,,89640,18,0,31 33,0,80,,89641,18,0,31 33,0,40,,89642,18,0,31 33,0,80,,89643,18,0,31 33,0,80,,89644,18,0,31 33,0,40,,89645,18,0,31 33,0,80,,89646,18,0,31 33,0,80,,89647,18,0,31 33,0,40,,89648,18,0,31 33,0,80,,89649,18,0,31 33,0,80,,89650,18,0,31 33,0,40,,89651,18,0,31 33,0,80,,89652,18,0,31 33,0,80,,89653,18,0,31 33,0,40,,89654,18,0,31 33,0
1000000,'S2-4_1',551,,89655,18,0,31 33,0,60,,89656,18,0,31 33,0,20,,89737,18,0,31 33,0,20,,89738,18,,,0,54,,89740,18,,,0,11,,89736,18,,,0,10,,89689,18,,,0,6,,89734,4,,,0,3,,89690,18,,,0,10,,89691,18,,,0,10,,89692,18,,,0,50,,89693,18,,,0,11,,89694,18,,,0,10,,89695,18,,,0,10,,89696,18,,,0,9,,89739,18,,,0,9,,89657,18,0,31 33,0,49,,89658,18,,,0,10,,89659,18,0,31 33,0,10,,89660,18,,,0,11,,89661,18,0,31 33,0,10,,89697,18,,,0,11,,89662,18,0,31 33,0,51,,89663,18,,,0,11,,89664,18,0,31 33,0,11,,89665,18,,,0,11,,89666,18,0,31 33,0,10,,89667,18,,,0,51,,89669,18,0,31 33,0,10,,89668,18,,,0,11,,89699,18,0,31 33,0,11,,89698,18,,,0,11,,89700,18,0,31 33,0,11,,89701,18,,,0,51,,89702,18,0,31 33,0,10,,89703,18,,,0,10,,89704,18,0,31 33,0,11,,89705,18,,,0,10,,89706,18,0,31 33,0,10,,89707,18,,,0,50,,89708,18,0,31 33,0,10,,89709,18,,,0,9,,89710,18,0,31 33,0,10,,89711,18,,,0,10,,89670,18,0,31 33,0,11,,89671,18,,,0,50,,89712,18,0,31 33,0,10,,89672,18,,,0,9,,89673,18,0,31 33,0,11,,89674,18,,,0,10,,89713,18,0,31 33,0,11,,89675,18,,,0,50,,89676,18,0,31 33,0,10,,89677,18,,,0,10,,89678,18,0,31 33,0,11,,89714,18,,,0,11,,89715,18,,,0,10,,89716,18,,,0,50,,89717,18,,,0,10,,89718,18,,,0,10,,89719,18,,,0,10,,89720,18,,,0,11,,89721,18,,,0,51,,89722,18,,,0,10,,89723,18,,,0,10,,89724,18,,,0,10,,89725,18,,,0,9,,89726,18,,,0,8,,89727,18,,,0,9,,89728,18,,,0,50,,89729,18,,,0,10,,89730,18,0,31 33,0,9,,89731,18,,,0,8,,89735,18,0,31 33,0,9,,89679,18,0,31 33,0,10,,89732,18,,,0,50,,89680,18,0,31 33,0,10,,89733,18,,,0,9,,89681,18,0,31 33,0,19,,89682,18,0,31 33,0,60,,89683,18,0,31 33,0,18,,89684,18,0,31 33,0,20,,89685,18,0,31 33,0,20,,89686,18,0,31 33,0,60,,89687,18,0,31 33,0,20,,89688,18,0,31 33,0
1000000,'S2-4_2',551,,89741,18,0,31 33,0,60,,89742,18,0,31 33,0,20,,89823,18,0,31 33,0,20,,89824,18,,,0,54,,89826,18,,,0,11,,89822,18,,,0,10,,89775,18,,,0,6,,89820,4,,,0,3,,89776,18,,,0,10,,89777,18,,,0,10,,89778,18,,,0,50,,89779,18,,,0,11,,89780,18,,,0,10,,89781,18,,,0,10,,89782,18,,,0,9,,89825,18,,,0,9,,89743,18,0,31 33,0,49,,89744,18,,,0,10,,89745,18,0,31 33,0,10,,89746,18,,,0,11,,89747,18,0,31 33,0,10,,89783,18,,,0,11,,89748,18,0,31 33,0,51,,89749,18,,,0,11,,89750,18,0,31 33,0,11,,89751,18,,,0,11,,89752,18,0,31 33,0,10,,89753,18,,,0,51,,89755,18,0,31 33,0,10,,89754,18,,,0,11,,89785,18,0,31 33,0,11,,89784,18,,,0,11,,89786,18,0,31 33,0,11,,89787,18,,,0,51,,89788,18,0,31 33,0,10,,89789,18,,,0,10,,89790,18,0,31 33,0,11,,89791,18,,,0,10,,89792,18,0,31 33,0,10,,89793,18,,,0,50,,89794,18,0,31 33,0,10,,89795,18,,,0,9,,89796,18,0,31 33,0,10,,89797,18,,,0,10,,89756,18,0,31 33,0,11,,89757,18,,,0,50,,89798,18,0,31 33,0,10,,89758,18,,,0,9,,89759,18,0,31 33,0,11,,89760,18,,,0,10,,89799,18,0,31 33,0,11,,89761,18,,,0,50,,89762,18,0,31 33,0,10,,89763,18,,,0,10,,89764,18,0,31 33,0,11,,89800,18,,,0,11,,89801,18,,,0,10,,89802,18,,,0,50,,89803,18,,,0,10,,89804,18,,,0,10,,89805,18,,,0,10,,89806,18,,,0,11,,89807,18,,,0,51,,89808,18,,,0,10,,89809,18,,,0,10,,89810,18,,,0,10,,89811,18,,,0,9,,89812,18,,,0,8,,89813,18,,,0,9,,89814,18,,,0,50,,89815,18,,,0,10,,89816,18,0,31 33,0,9,,89817,18,,,0,8,,89821,18,0,31 33,0,9,,89765,18,0,31 33,0,10,,89818,18,,,0,50,,89766,18,0,31 33,0,10,,89819,18,,,0,9,,89767,18,0,31 33,0,19,,89768,18,0,31 33,0,60,,89769,18,0,31 33,0,18,,89770,18,0,31 33,0,20,,89771,18,0,31 33,0,20,,89772,18,0,31 33,0,60,,89773,18,0,31 33,0,20,,89774,18,0,31 33,0
1000000,'S2-4_4',551,,89827,18,0,31 33,0,60,,89828,18,0,31 33,0,20,,89909,18,0,31 33,0,20,,89910,18,,,0,54,,89912,18,,,0,11,,89908,18,,,0,10,,89861,18,,,0,6,,89906,4,,,0,3,,89862,18,,,0,10,,89863,18,,,0,10,,89864,18,,,0,50,,89865,18,,,0,11,,89866,18,,,0,10,,89867,18,,,0,10,,89868,18,,,0,9,,89911,18,,,0,9,,89829,18,0,31 33,0,49,,89830,18,,,0,10,,89831,18,0,31 33,0,10,,89832,18,,,0,11,,89833,18,0,31 33,0,10,,89869,18,,,0,11,,89834,18,0,31 33,0,51,,89835,18,,,0,11,,89836,18,0,31 33,0,11,,89837,18,,,0,11,,89838,18,0,31 33,0,10,,89839,18,,,0,51,,89841,18,0,31 33,0,10,,89840,18,,,0,11,,89871,18,0,31 33,0,11,,89870,18,,,0,11,,89872,18,0,31 33,0,11,,89873,18,,,0,51,,89874,18,0,31 33,0,10,,89875,18,,,0,10,,89876,18,0,31 33,0,11,,89877,18,,,0,10,,89878,18,0,31 33,0,10,,89879,18,,,0,50,,89880,18,0,31 33,0,10,,89881,18,,,0,9,,89882,18,0,31 33,0,10,,89883,18,,,0,10,,89842,18,0,31 33,0,11,,89843,18,,,0,50,,89884,18,0,31 33,0,10,,89844,18,,,0,9,,89845,18,0,31 33,0,11,,89846,18,,,0,10,,89885,18,0,31 33,0,11,,89847,18,,,0,50,,89848,18,0,31 33,0,10,,89849,18,,,0,10,,89850,18,0,31 33,0,11,,89886,18,,,0,11,,89887,18,,,0,10,,89888,18,,,0,50,,89889,18,,,0,10,,89890,18,,,0,10,,89891,18,,,0,10,,89892,18,,,0,11,,89893,18,,,0,51,,89894,18,,,0,10,,89895,18,,,0,10,,89896,18,,,0,10,,89897,18,,,0,9,,89898,18,,,0,8,,89899,18,,,0,9,,89900,18,,,0,50,,89901,18,,,0,10,,89902,18,0,31 33,0,9,,89903,18,,,0,8,,89907,18,0,31 33,0,9,,89851,18,0,31 33,0,10,,89904,18,,,0,50,,89852,18,0,31 33,0,10,,89905,18,,,0,9,,89853,18,0,31 33,0,19,,89854,18,0,31 33,0,60,,89855,18,0,31 33,0,18,,89856,18,0,31 33,0,20,,89857,18,0,31 33,0,20,,89858,18,0,31 33,0,60,,89859,18,0,31 33,0,20,,89860,18,0,31 33,0
