501,'S2-0_4',955,,86230,37,,,0,146,,86231,37,,,0,101,,86232,37,,,0,45,,86233,37,,,0,94,,86234,37,,,0,98,,86235,37,,,0,103,,86236,37,,,0,103,,86237,37,,,0,107,,86238,37,,,0,101,,86242,37,,,0,165,,86243,37,,,0
501,'S2-0_5',955,,86244,37,,,0,146,,86245,37,,,0,101,,86246,37,,,0,45,,86247,37,,,0,94,,86248,37,,,0,98,,86249,37,,,0,103,,86250,37,,,0,103,,86251,37,,,0,107,,86252,37,,,0,101,,86256,37,,,0,165,,86257,37,,,0
501,'S2-1_3',955,,86258,37,,,0,146,,86259,37,,,0,101,,86260,37,,,0,45,,86261,37,,,0,94,,86262,37,,,0,98,,86263,37,,,0,103,,86264,37,,,0,103,,86265,37,,,0,107,,86266,37,,,0,101,,86268,37,,,0,165,,86269,37,,,0
501,'S2-2_6',846,,86270,37,,,0,101,,86271,37,,,0,101,,86272,37,,,0,100,,86273,37,,,0,99,,86274,37,,,0,94,,86275,37,,,0,99,,86276,37,,,0,101,,86277,37,,,0,99,,86278,37,,,0,104,,86279,37,,,0,98,,86280,37,,,0,185,,86281,37,,,0
501,'S2-4_1',955,,86282,37,,,0,146,,86283,37,,,0,101,,86284,37,,,0,45,,86285,37,,,0,94,,86286,37,,,0,98,,86287,37,,,0,103,,86288,37,,,0,103,,86289,37,,,0,107,,86290,37,,,0,101,,86294,37,,,0,165,,86295,37,,,0
501,'S2-4_2',955,,86296,37,,,0,146,,86297,37,,,0,101,,86298,37,,,0,45,,86299,37,,,0,94,,86300,37,,,0,98,,86301,37,,,0,103,,86302,37,,,0,103,,86303,37,,,0,107,,86304,37,,,0,101,,86308,37,,,0,165,,86309,37,,,0
501,'S2-4_4',955,,86310,37,,,0,146,,86311,37,,,0,101,,86312,37,,,0,45,,86313,37,,,0,94,,86314,37,,,0,98,,86315,37,,,0,103,,86316,37,,,0,103,,86317,37,,,0,107,,86318,37,,,0,101,,86322,37,,,0,165,,86323,37,,,0
2900501,'S2-0_4',1754,,91430,10,,,0,150,,91431,10,,,0
2900501,'S2-0_5',1754,,91432,10,,,0,150,,91433,10,,,0
2900501,'S2-1_3',1259,,91434,10,,,0,495,,91435,10,,,0,150,,91436,10,,,0
2900501,'S2-4_1',1754,,91437,10,,,0,150,,91438,10,,,0
2900501,'S2-4_2',1754,,91439,10,,,0,150,,91440,10,,,0
2900501,'S2-4_4',1754,,91441,10,,,0,150,,91442,10,,,0
