1900,'S2-0_4',636,,87830,4,,,0,16,,87831,4,,,0,84,,87836,4,,,0,9,,87833,3,0,23 53,0,12,,87835,4,,,0,974,,87832,4,,,0,110,,87834,4,0,25,0
1900,'S2-0_5',636,,87838,4,,,0,16,,87839,4,,,0,84,,87844,4,,,0,9,,87841,3,0,23 53,0,12,,87843,4,,,0,974,,87840,4,,,0,110,,87842,4,0,25,0
1900,'S2-1_3',636,,87846,4,,,0,16,,87847,4,,,0,84,,87853,4,,,0,9,,87849,3,0,23 53,0,12,,87852,4,,,0,582,,87851,4,,,0,392,,87848,4,,,0,110,,87850,4,0,25,0
1900,'S2-4_1',636,,87855,4,,,0,16,,87856,4,,,0,84,,87861,4,,,0,9,,87858,3,0,23 53,0,12,,87860,4,,,0,974,,87857,4,,,0,110,,87859,4,0,25,0
1900,'S2-4_2',636,,87863,4,,,0,16,,87864,4,,,0,84,,87869,4,,,0,9,,87866,3,0,23 53,0,12,,87868,4,,,0,974,,87865,4,,,0,110,,87867,4,0,25,0
1900,'S2-4_4',636,,87871,4,,,0,16,,87872,4,,,0,84,,87877,4,,,0,9,,87874,3,0,23 53,0,12,,87876,4,,,0,974,,87873,4,,,0,110,,87875,4,0,25,0
1901,'S2-0_4',1630,,87881,10,,,0,19,,87878,27,,,0,60,,87883,16,,,0,21,,87882,10,,,0,19,,87879,27,,,0,70,,87884,16,,,0,29,,87880,27,,,0,70,,87885,16,,,0
1901,'S2-0_5',1630,,87890,10,,,0,19,,87887,27,,,0,60,,87892,16,,,0,21,,87891,10,,,0,19,,87888,27,,,0,70,,87893,16,,,0,29,,87889,27,,,0,70,,87894,16,,,0
1901,'S2-1_3',1248,,87899,27,,,0,60,,87901,10,,,0,23,,87900,31,,,0,378,,87896,16,,,0,110,,87897,16,,,0,99,,87898,16,,,0
1901,'S2-4_1',1630,,87905,10,,,0,19,,87902,27,,,0,60,,87907,16,,,0,21,,87906,10,,,0,19,,87903,27,,,0,70,,87908,16,,,0,29,,87904,27,,,0,70,,87909,16,,,0
1901,'S2-4_2',1630,,87914,10,,,0,19,,87911,27,,,0,60,,87916,16,,,0,21,,87915,10,,,0,19,,87912,27,,,0,70,,87917,16,,,0,29,,87913,27,,,0,70,,87918,16,,,0
1901,'S2-4_4',1630,,87923,10,,,0,19,,87920,27,,,0,60,,87925,16,,,0,21,,87924,10,,,0,19,,87921,27,,,0,70,,87926,16,,,0,29,,87922,27,,,0,70,,87927,16,,,0
