701,'S2-0_4',658,,86635,2,,,0,153,,86636,2,,,0,109,,86637,2,,,0,110,,86638,2,,,0,111,,86639,2,,,0,110,,86640,2,,,0,108,,86641,2,,,0,148,,86642,2,,,0,110,,86643,2,,,0,110,,86644,2,,,0,114,,86645,2,,,0
701,'S2-0_5',658,,86646,2,,,0,153,,86647,2,,,0,109,,86648,2,,,0,110,,86649,2,,,0,111,,86650,2,,,0,110,,86651,2,,,0,108,,86652,2,,,0,148,,86653,2,,,0,110,,86654,2,,,0,110,,86655,2,,,0,114,,86656,2,,,0
701,'S2-1_3',658,,86657,2,,,0,153,,86658,2,,,0,109,,86659,2,,,0,110,,86660,2,,,0,111,,86661,2,,,0,110,,86662,2,,,0,108,,86663,2,,,0,148,,86664,2,,,0,110,,86665,2,,,0,110,,86666,2,,,0,114,,86667,2,,,0
701,'S2-2_6',701,,86670,2,,,0,110,,86671,2,,,0,109,,86672,2,,,0,110,,86673,2,,,0,112,,86674,2,,,0,109,,86675,2,,,0,149,,86676,2,,,0,111,,86677,2,,,0,110,,86678,2,,,0,110,,86668,2,,,0,111,,86669,2,,,0
701,'S2-4_1',658,,86679,2,,,0,153,,86680,2,,,0,109,,86681,2,,,0,110,,86682,2,,,0,111,,86683,2,,,0,110,,86684,2,,,0,108,,86685,2,,,0,148,,86686,2,,,0,110,,86687,2,,,0,110,,86688,2,,,0,114,,86689,2,,,0
701,'S2-4_2',658,,86690,2,,,0,153,,86691,2,,,0,109,,86692,2,,,0,110,,86693,2,,,0,111,,86694,2,,,0,110,,86695,2,,,0,108,,86696,2,,,0,148,,86697,2,,,0,110,,86698,2,,,0,110,,86699,2,,,0,114,,86700,2,,,0
701,'S2-4_4',658,,86701,2,,,0,153,,86702,2,,,0,109,,86703,2,,,0,110,,86704,2,,,0,111,,86705,2,,,0,110,,86706,2,,,0,108,,86707,2,,,0,148,,86708,2,,,0,110,,86709,2,,,0,110,,86710,2,,,0,114,,86711,2,,,0
2401,'S2-0_4',722,,88141,6,0,18 19,0
2401,'S2-0_5',722,,88144,6,0,18 19,0
2401,'S2-1_3',722,,88147,6,0,18 19,0
2401,'S2-4_1',722,,88148,6,0,18 19,0
2401,'S2-4_2',722,,88151,6,0,18 19,0
2401,'S2-4_4',722,,88154,6,0,18 19,0
900500,'S2-4_4',2127,,88959,14,,,0,90,,88960,14,,,0,90,,88961,14,,,0,50,,88962,14,,,0,88,,88963,14,,,0
