901,'S2-0_4',806,,86988,21,0,26,0,26,,86989,21,0,27 63,0,103,,86994,21,0,23 24,0,95,,86998,6,0,23 24,0,98,,86995,21,0,23 24,0,106,,86990,21,0,27 63,0,181,,86996,21,0,23 24,0,112,,86997,21,0,23 24,0,109,,86991,21,0,27 63,0,102,,86992,21,0,27 63,0,95,,86993,21,0,27 63,0,124,,87003,21,,,0
901,'S2-0_5',806,,87004,21,0,26,0,26,,87005,21,0,27 63,0,103,,87010,21,0,23 24,0,95,,87014,6,0,23 24,0,98,,87011,21,0,23 24,0,106,,87006,21,0,27 63,0,181,,87012,21,0,23 24,0,112,,87013,21,0,23 24,0,109,,87007,21,0,27 63,0,102,,87008,21,0,27 63,0,95,,87009,21,0,27 63,0,124,,87019,21,,,0
901,'S2-1_3',806,,87020,21,0,26,0,26,,87021,21,0,27 63,0,103,,87026,21,0,23 24,0,95,,87030,6,0,23 24,0,98,,87027,21,0,23 24,0,106,,87022,21,0,27 63,0,181,,87028,21,0,23 24,0,112,,87029,21,0,23 24,0,109,,87023,21,0,27 63,0,102,,87024,21,0,27 63,0,95,,87025,21,0,27 63,0,124,,87035,21,,,0
901,'S2-2_6',801,,87036,21,0,23 24,0,99,,87048,21,0,25,0,50,,87041,6,0,23 24,0,166,,87042,6,0,23 24,0,113,,87046,21,0,25,0,79,,87043,6,0,23 24,0,107,,87045,6,0,25,0,90,,87047,6,0,25,0,44,,87044,21,0,25,0,82,,87037,21,0,23 24,0,104,,87038,21,0,23 24,0,172,,87039,21,0,23 24,0,49,,87040,21,0,23 24,0
901,'S2-4_1',806,,87049,21,0,26,0,26,,87050,21,0,27 63,0,103,,87055,21,0,23 24,0,95,,87059,6,0,23 24,0,98,,87056,21,0,23 24,0,106,,87051,21,0,27 63,0,181,,87057,21,0,23 24,0,112,,87058,21,0,23 24,0,109,,87052,21,0,27 63,0,102,,87053,21,0,27 63,0,95,,87054,21,0,27 63,0,124,,87064,21,,,0
901,'S2-4_2',806,,87065,21,0,26,0,26,,87066,21,0,27 63,0,103,,87071,21,0,23 24,0,95,,87075,6,0,23 24,0,98,,87072,21,0,23 24,0,106,,87067,21,0,27 63,0,181,,87073,21,0,23 24,0,112,,87074,21,0,23 24,0,109,,87068,21,0,27 63,0,102,,87069,21,0,27 63,0,95,,87070,21,0,27 63,0,124,,87080,21,,,0
901,'S2-4_4',806,,87081,21,0,26,0,26,,87082,21,0,27 63,0,103,,87087,21,0,23 24,0,95,,87091,6,0,23 24,0,98,,87088,21,0,23 24,0,106,,87083,21,0,27 63,0,181,,87089,21,0,23 24,0,112,,87090,21,0,23 24,0,109,,87084,21,0,27 63,0,102,,87085,21,0,27 63,0,95,,87086,21,0,27 63,0,124,,87096,21,,,0
1601,'S2-0_4',845,,87596,6,,,0,205,,87598,6,,,0,153,,87601,6,,,0,146,,87599,6,,,0,178,,87602,6,,,0,282,,87600,6,,,0
1601,'S2-0_5',845,,87604,6,,,0,205,,87606,6,,,0,153,,87609,6,,,0,146,,87607,6,,,0,178,,87610,6,,,0,282,,87608,6,,,0
1601,'S2-1_3',845,,87612,6,,,0,205,,87614,6,,,0,153,,87617,6,,,0,146,,87615,6,,,0,178,,87618,6,,,0,282,,87616,6,,,0
1601,'S2-2_6',845,,87620,6,,,0,205,,87622,6,,,0,153,,87625,6,,,0,146,,87623,6,,,0,178,,87626,6,,,0,282,,87624,6,,,0
1601,'S2-4_1',845,,87628,6,,,0,205,,87630,6,,,0,153,,87633,6,,,0,146,,87631,6,,,0,178,,87634,6,,,0,282,,87632,6,,,0
1601,'S2-4_2',845,,87636,6,,,0,205,,87638,6,,,0,153,,87641,6,,,0,146,,87639,6,,,0,178,,87642,6,,,0,282,,87640,6,,,0
1601,'S2-4_4',845,,87644,6,,,0,205,,87646,6,,,0,153,,87649,6,,,0,146,,87647,6,,,0,178,,87650,6,,,0,282,,87648,6,,,0
1901,'S2-0_4',1626,,87878,17,,,0,20,,87883,6,,,0,80,,87879,17,,,0,30,,87884,6,,,0,69,,87880,17,,,0,30,,87885,6,,,0
1901,'S2-0_5',1626,,87887,17,,,0,20,,87892,6,,,0,80,,87888,17,,,0,30,,87893,6,,,0,69,,87889,17,,,0,30,,87894,6,,,0
1901,'S2-1_3',1225,,87899,17,,,0,83,,87900,21,,,0,338,,87896,6,,,0,110,,87897,6,,,0,99,,87898,6,,,0
1901,'S2-4_1',1626,,87902,17,,,0,20,,87907,6,,,0,80,,87903,17,,,0,30,,87908,6,,,0,69,,87904,17,,,0,30,,87909,6,,,0
1901,'S2-4_2',1626,,87911,17,,,0,20,,87916,6,,,0,80,,87912,17,,,0,30,,87917,6,,,0,69,,87913,17,,,0,30,,87918,6,,,0
1901,'S2-4_4',1626,,87920,17,,,0,20,,87925,6,,,0,80,,87921,17,,,0,30,,87926,6,,,0,69,,87922,17,,,0,30,,87927,6,,,0
2900901,'S2-0_4',1743,,91479,4,,,0,105,,91480,4,,,0
2900901,'S2-0_5',1743,,91481,4,,,0,105,,91482,4,,,0
2900901,'S2-1_3',1743,,91483,4,,,0,105,,91484,4,,,0
2900901,'S2-4_1',1743,,91485,4,,,0,105,,91486,4,,,0
2900901,'S2-4_2',1743,,91487,4,,,0,105,,91488,4,,,0
2900901,'S2-4_4',1743,,91489,4,,,0,105,,91490,4,,,0
