400,'S2-0_4',743,,85694,35,0,40,0,16,,85701,35,0,40,0,68,,85671,35,0,40,0,491,,85696,47,0,40,0,340,,85702,35,0,40,0,76,,85697,19,0,40,0,25,,85703,35,,,0
400,'S2-0_5',743,,85728,35,0,40,0,16,,85735,35,0,40,0,68,,85705,35,0,40,0,491,,85730,47,0,40,0,340,,85736,35,0,40,0,76,,85731,19,0,40,0,25,,85737,35,,,0
400,'S2-1_3',743,,85761,35,0,40,0,16,,85768,35,0,40,0,68,,85739,35,0,40,0,491,,85763,47,0,40,0,340,,85769,35,0,40,0,76,,85764,19,0,40,0,25,,85770,35,,,0
400,'S2-4_1',743,,85827,35,0,40,0,16,,85834,35,0,40,0,68,,85804,35,0,40,0,491,,85829,47,0,40,0,340,,85835,35,0,40,0,76,,85830,19,0,40,0,25,,85836,35,,,0
400,'S2-4_2',743,,85861,35,0,40,0,16,,85868,35,0,40,0,68,,85838,35,0,40,0,491,,85863,47,0,40,0,340,,85869,35,0,40,0,76,,85864,19,0,40,0,25,,85870,35,,,0
400,'S2-4_4',743,,85895,35,0,40,0,16,,85902,35,0,40,0,68,,85872,35,0,40,0,491,,85897,47,0,40,0,340,,85903,35,0,40,0,76,,85898,19,0,40,0,25,,85904,35,,,0
401,'S2-0_4',702,,85936,16,0,52,0,24,,85923,20,0,41,0,32,,85930,20,,,0,456,,85931,20,,,0,393,,85918,20,0,41,0,100,,85925,20,0,41,0,111,,85926,20,0,41,0
401,'S2-0_5',702,,85968,16,0,52,0,24,,85955,20,0,41,0,32,,85962,20,,,0,456,,85963,20,,,0,393,,85950,20,0,41,0,100,,85957,20,0,41,0,111,,85958,20,0,41,0
401,'S2-1_3',702,,86000,16,0,52,0,24,,85987,20,0,41,0,32,,85994,20,,,0,456,,85995,20,,,0,393,,85982,20,0,41,0,100,,85989,20,0,41,0,111,,85990,20,0,41,0
401,'S2-4_1',702,,86063,16,0,52,0,24,,86050,20,0,41,0,32,,86057,20,,,0,456,,86058,20,,,0,393,,86045,20,0,41,0,100,,86052,20,0,41,0,111,,86053,20,0,41,0
401,'S2-4_2',702,,86095,16,0,52,0,24,,86082,20,0,41,0,32,,86089,20,,,0,456,,86090,20,,,0,393,,86077,20,0,41,0,100,,86084,20,0,41,0,111,,86085,20,0,41,0
401,'S2-4_4',702,,86127,16,0,52,0,24,,86114,20,0,41,0,32,,86121,20,,,0,456,,86122,20,,,0,393,,86109,20,0,41,0,100,,86116,20,0,41,0,111,,86117,20,0,41,0
