400,'S2-0_4',749,,85694,41,0,40,0,59,,85698,10,0,23 51,0,2,,85701,44,0,40,0,6,,85670,40,0,40,0,16,,85671,41,0,40,0,10,,85695,40,0,40,0,14,,85672,40,0,40,0,53,,85673,40,0,40,0,30,,85674,40,0,40,0,79,,85675,52,0,40,0,31,,85676,40,0,40,0,71,,85677,40,0,40,0,36,,85678,40,0,40,0,77,,85679,40,0,40,0,25,,85699,43,,,0,66,,85696,53,0,40,0,25,,85680,40,0,40,0,66,,85681,40,0,40,0,30,,85684,52,0,40,0,76,,85682,40,0,40,0,30,,85685,52,0,40,0,79,,85683,40,0,40,0,80,,85702,44,0,40,0,22,,85686,52,0,40,0,8,,85697,25,0,40,0,8,,85687,40,0,40,0,61,,85703,44,,,0,5,,85689,40,0,40,0,24,,85692,24,0,40,0,21,,85700,43,,,0,71,,85690,40,0,40,0,23,,85691,52,0,40,0
400,'S2-0_5',749,,85728,41,0,40,0,59,,85732,10,0,23 51,0,2,,85735,44,0,40,0,6,,85704,40,0,40,0,16,,85705,41,0,40,0,10,,85729,40,0,40,0,14,,85706,40,0,40,0,53,,85707,40,0,40,0,30,,85708,40,0,40,0,79,,85709,52,0,40,0,31,,85710,40,0,40,0,71,,85711,40,0,40,0,36,,85712,40,0,40,0,77,,85713,40,0,40,0,25,,85733,43,,,0,66,,85730,53,0,40,0,25,,85714,40,0,40,0,66,,85715,40,0,40,0,30,,85718,52,0,40,0,76,,85716,40,0,40,0,30,,85719,52,0,40,0,79,,85717,40,0,40,0,80,,85736,44,0,40,0,22,,85720,52,0,40,0,8,,85731,25,0,40,0,8,,85721,40,0,40,0,61,,85737,44,,,0,5,,85723,40,0,40,0,24,,85726,24,0,40,0,21,,85734,43,,,0,71,,85724,40,0,40,0,23,,85725,52,0,40,0
400,'S2-1_3',749,,85761,41,0,40,0,59,,85765,10,0,23 51,0,2,,85768,44,0,40,0,6,,85738,40,0,40,0,16,,85739,41,0,40,0,10,,85762,40,0,40,0,14,,85740,40,0,40,0,53,,85741,40,0,40,0,30,,85742,40,0,40,0,79,,85743,52,0,40,0,31,,85744,40,0,40,0,71,,85745,40,0,40,0,36,,85746,40,0,40,0,77,,85747,40,0,40,0,25,,85766,43,,,0,66,,85763,53,0,40,0,25,,85748,40,0,40,0,66,,85749,40,0,40,0,30,,85752,52,0,40,0,76,,85750,40,0,40,0,30,,85753,52,0,40,0,79,,85751,40,0,40,0,80,,85769,44,0,40,0,22,,85754,52,0,40,0,8,,85764,25,0,40,0,8,,85755,40,0,40,0,61,,85770,44,,,0,5,,85757,40,0,40,0,24,,85756,52,0,40,0,21,,85767,43,,,0,71,,85758,40,0,40,0,23,,85759,52,0,40,0
400,'S2-2_6',739,,85777,40,0,40,0,105,,85778,40,0,40,0,72,,85771,52,0,40,0,27,,85779,40,0,40,0,72,,85780,40,0,40,0,30,,85781,40,0,40,0,71,,85772,52,0,40,0,31,,85782,40,0,40,0,70,,85784,40,0,40,0,29,,85783,40,0,40,0,69,,85773,52,0,40,0,31,,85785,40,0,40,0,70,,85786,40,0,40,0,29,,85787,40,0,40,0,73,,85774,52,0,40,0,33,,85788,40,0,40,0,70,,85789,40,0,40,0,30,,85790,40,0,40,0,73,,85775,52,0,40,0,33,,85791,40,0,40,0,70,,85792,40,0,40,0,31,,85793,40,0,40,0,69,,85776,52,0,40,0,31,,85794,40,0,40,0
400,'S2-3_7',853,,85795,52,0,40,0,165,,85796,52,0,40,0,125,,85797,52,0,40,0,200,,85798,52,0,40,0,166,,85799,52,0,40,0,125,,85800,52,0,40,0,166,,85801,52,0,40,0,124,,85802,52,0,40,0
400,'S2-4_1',749,,85827,41,0,40,0,59,,85831,10,0,23 51,0,2,,85834,44,0,40,0,6,,85803,40,0,40,0,16,,85804,41,0,40,0,10,,85828,40,0,40,0,14,,85805,40,0,40,0,53,,85806,40,0,40,0,30,,85807,40,0,40,0,79,,85808,52,0,40,0,31,,85809,40,0,40,0,71,,85810,40,0,40,0,36,,85811,40,0,40,0,77,,85812,40,0,40,0,25,,85832,43,,,0,66,,85829,53,0,40,0,25,,85813,40,0,40,0,66,,85814,40,0,40,0,30,,85817,52,0,40,0,76,,85815,40,0,40,0,30,,85818,52,0,40,0,79,,85816,40,0,40,0,80,,85835,44,0,40,0,22,,85819,52,0,40,0,8,,85830,25,0,40,0,8,,85820,40,0,40,0,61,,85836,44,,,0,5,,85822,40,0,40,0,24,,85825,24,0,40,0,21,,85833,43,,,0,71,,85823,40,0,40,0,23,,85824,52,0,40,0
400,'S2-4_2',749,,85861,41,0,40,0,59,,85865,10,0,23 51,0,2,,85868,44,0,40,0,6,,85837,40,0,40,0,16,,85838,41,0,40,0,10,,85862,40,0,40,0,14,,85839,40,0,40,0,53,,85840,40,0,40,0,30,,85841,40,0,40,0,79,,85842,52,0,40,0,31,,85843,40,0,40,0,71,,85844,40,0,40,0,36,,85845,40,0,40,0,77,,85846,40,0,40,0,25,,85866,43,,,0,66,,85863,53,0,40,0,25,,85847,40,0,40,0,66,,85848,40,0,40,0,30,,85851,52,0,40,0,76,,85849,40,0,40,0,30,,85852,52,0,40,0,79,,85850,40,0,40,0,80,,85869,44,0,40,0,22,,85853,52,0,40,0,8,,85864,25,0,40,0,8,,85854,40,0,40,0,61,,85870,44,,,0,5,,85856,40,0,40,0,24,,85859,24,0,40,0,21,,85867,43,,,0,71,,85857,40,0,40,0,23,,85858,52,0,40,0
400,'S2-4_4',749,,85895,41,0,40,0,59,,85899,10,0,23 51,0,2,,85902,44,0,40,0,6,,85871,40,0,40,0,16,,85872,41,0,40,0,10,,85896,40,0,40,0,14,,85873,40,0,40,0,53,,85874,40,0,40,0,30,,85875,40,0,40,0,79,,85876,52,0,40,0,31,,85877,40,0,40,0,71,,85878,40,0,40,0,36,,85879,40,0,40,0,77,,85880,40,0,40,0,25,,85900,43,,,0,66,,85897,53,0,40,0,25,,85881,40,0,40,0,66,,85882,40,0,40,0,30,,85885,52,0,40,0,76,,85883,40,0,40,0,30,,85886,52,0,40,0,79,,85884,40,0,40,0,80,,85903,44,0,40,0,22,,85887,52,0,40,0,8,,85898,25,0,40,0,8,,85888,40,0,40,0,61,,85904,44,,,0,5,,85890,40,0,40,0,24,,85893,24,0,40,0,21,,85901,43,,,0,71,,85891,40,0,40,0,23,,85892,52,0,40,0
2300,'S2-0_4',1621,,88084,21,,,0,105,,88085,21,,,0,95,,88086,21,,,0
2300,'S2-0_5',1621,,88087,21,,,0,105,,88088,21,,,0,95,,88089,21,,,0
2300,'S2-1_3',1226,,88091,21,,,0,3,,88090,21,,,0
2300,'S2-4_1',1621,,88092,21,,,0,105,,88093,21,,,0,95,,88094,21,,,0
2300,'S2-4_2',1621,,88095,21,,,0,105,,88096,21,,,0,95,,88097,21,,,0
2300,'S2-4_4',1621,,88098,21,,,0,105,,88099,21,,,0,95,,88100,21,,,0
2900400,'S2-0_4',1701,,91394,6,,,0,100,,91395,6,,,0
2900400,'S2-0_5',1701,,91396,6,,,0,100,,91397,6,,,0
2900400,'S2-1_3',1701,,91398,6,,,0,100,,91399,6,,,0
2900400,'S2-4_1',1701,,91400,6,,,0,100,,91401,6,,,0
2900400,'S2-4_2',1701,,91402,6,,,0,100,,91403,6,,,0
2900400,'S2-4_4',1701,,91404,6,,,0,100,,91405,6,,,0
