501,'S2-0_4',949,,86230,31,,,0,105,,86231,31,,,0,101,,86232,31,,,0,85,,86233,31,,,0,94,,86234,31,,,0,98,,86235,31,,,0,103,,86236,31,,,0,103,,86237,31,,,0,107,,86238,31,,,0,101,,86242,31,,,0,166,,86243,31,,,0
501,'S2-0_5',949,,86244,31,,,0,105,,86245,31,,,0,101,,86246,31,,,0,85,,86247,31,,,0,94,,86248,31,,,0,98,,86249,31,,,0,103,,86250,31,,,0,103,,86251,31,,,0,107,,86252,31,,,0,101,,86256,31,,,0,166,,86257,31,,,0
501,'S2-1_3',949,,86258,31,,,0,105,,86259,31,,,0,101,,86260,31,,,0,85,,86261,31,,,0,94,,86262,31,,,0,98,,86263,31,,,0,103,,86264,31,,,0,103,,86265,31,,,0,107,,86266,31,,,0,101,,86268,31,,,0,166,,86269,31,,,0
501,'S2-2_6',839,,86270,31,,,0,101,,86271,31,,,0,101,,86272,31,,,0,100,,86273,31,,,0,99,,86274,31,,,0,94,,86275,31,,,0,99,,86276,31,,,0,101,,86277,31,,,0,99,,86278,31,,,0,104,,86279,31,,,0,98,,86280,31,,,0,186,,86281,31,,,0
501,'S2-4_1',949,,86282,31,,,0,105,,86283,31,,,0,101,,86284,31,,,0,85,,86285,31,,,0,94,,86286,31,,,0,98,,86287,31,,,0,103,,86288,31,,,0,103,,86289,31,,,0,107,,86290,31,,,0,101,,86294,31,,,0,166,,86295,31,,,0
501,'S2-4_2',949,,86296,31,,,0,105,,86297,31,,,0,101,,86298,31,,,0,85,,86299,31,,,0,94,,86300,31,,,0,98,,86301,31,,,0,103,,86302,31,,,0,103,,86303,31,,,0,107,,86304,31,,,0,101,,86308,31,,,0,166,,86309,31,,,0
501,'S2-4_4',949,,86310,31,,,0,105,,86311,31,,,0,101,,86312,31,,,0,85,,86313,31,,,0,94,,86314,31,,,0,98,,86315,31,,,0,103,,86316,31,,,0,103,,86317,31,,,0,107,,86318,31,,,0,101,,86322,31,,,0,166,,86323,31,,,0
2900501,'S2-0_4',1747,,91430,4,,,0,110,,91431,4,,,0
2900501,'S2-0_5',1747,,91432,4,,,0,110,,91433,4,,,0
2900501,'S2-1_3',1252,,91434,4,,,0,495,,91435,4,,,0,110,,91436,4,,,0
2900501,'S2-4_1',1747,,91437,4,,,0,110,,91438,4,,,0
2900501,'S2-4_2',1747,,91439,4,,,0,110,,91440,4,,,0
2900501,'S2-4_4',1747,,91441,4,,,0,110,,91442,4,,,0
