600,'S2-0_4',711,,86324,20,,,0,20,,86338,20,0,11 12,0,93,,86325,20,,,0,110,,86326,20,0,11 12,0,101,,86327,20,0,11 12,0,90,,86328,20,0,11 12,0,110,,86329,20,0,11 12,0,107,,86330,20,0,11 12,0,97,,86339,20,0,11 12,0,92,,86331,20,0,11 12,0,97,,86332,20,0,11 12,0,83,,86333,20,0,11 12,0,41,,86334,20,0,11 12,0,74,,86335,20,0,11 12,0,31,,86336,20,0,11 12,0,81,,86337,20,0,11 12,0
600,'S2-0_5',711,,86340,20,,,0,20,,86354,20,0,11 12,0,93,,86341,20,,,0,110,,86342,20,0,11 12,0,101,,86343,20,0,11 12,0,90,,86344,20,0,11 12,0,110,,86345,20,0,11 12,0,107,,86346,20,0,11 12,0,97,,86355,20,0,11 12,0,92,,86347,20,0,11 12,0,97,,86348,20,0,11 12,0,83,,86349,20,0,11 12,0,41,,86350,20,0,11 12,0,74,,86351,20,0,11 12,0,31,,86352,20,0,11 12,0,81,,86353,20,0,11 12,0
600,'S2-1_3',711,,86356,20,,,0,20,,86370,20,0,11 12,0,93,,86357,20,,,0,110,,86358,20,0,11 12,0,101,,86359,20,0,11 12,0,90,,86360,20,0,11 12,0,110,,86361,20,0,11 12,0,107,,86362,20,0,11 12,0,97,,86371,20,0,11 12,0,92,,86363,20,0,11 12,0,97,,86364,20,0,11 12,0,83,,86365,20,0,11 12,0,41,,86366,20,0,11 12,0,74,,86367,20,0,11 12,0,31,,86368,20,0,11 12,0,81,,86369,20,0,11 12,0
600,'S2-2_6',759,,86372,20,0,11 12,0,94,,86374,20,0,11 12,0,93,,86375,20,0,11 12,0,87,,86376,20,0,11 12,0,90,,86377,20,0,11 12,0,88,,86378,20,0,11 12,0,48,,86379,20,0,11 12,0,91,,86380,20,0,11 12,0,87,,86381,20,0,11 12,0,98,,86382,20,0,11 12,0,90,,86383,20,0,11 12,0,91,,86384,20,0,11 12,0,90,,86385,20,0,11 12,0,95,,86386,20,0,11 12,0,41,,86373,20,0,11 12,0
600,'S2-4_1',711,,86387,20,,,0,20,,86401,20,0,11 12,0,93,,86388,20,,,0,110,,86389,20,0,11 12,0,101,,86390,20,0,11 12,0,90,,86391,20,0,11 12,0,110,,86392,20,0,11 12,0,107,,86393,20,0,11 12,0,97,,86402,20,0,11 12,0,92,,86394,20,0,11 12,0,97,,86395,20,0,11 12,0,83,,86396,20,0,11 12,0,41,,86397,20,0,11 12,0,74,,86398,20,0,11 12,0,31,,86399,20,0,11 12,0,81,,86400,20,0,11 12,0
600,'S2-4_2',711,,86403,20,,,0,20,,86417,20,0,11 12,0,93,,86404,20,,,0,110,,86405,20,0,11 12,0,101,,86406,20,0,11 12,0,90,,86407,20,0,11 12,0,110,,86408,20,0,11 12,0,107,,86409,20,0,11 12,0,97,,86418,20,0,11 12,0,92,,86410,20,0,11 12,0,97,,86411,20,0,11 12,0,83,,86412,20,0,11 12,0,41,,86413,20,0,11 12,0,74,,86414,20,0,11 12,0,31,,86415,20,0,11 12,0,81,,86416,20,0,11 12,0
600,'S2-4_4',711,,86419,20,,,0,20,,86433,20,0,11 12,0,93,,86420,20,,,0,110,,86421,20,0,11 12,0,101,,86422,20,0,11 12,0,90,,86423,20,0,11 12,0,110,,86424,20,0,11 12,0,107,,86425,20,0,11 12,0,97,,86434,20,0,11 12,0,92,,86426,20,0,11 12,0,97,,86427,20,0,11 12,0,83,,86428,20,0,11 12,0,41,,86429,20,0,11 12,0,74,,86430,20,0,11 12,0,31,,86431,20,0,11 12,0,81,,86432,20,0,11 12,0
900,'S2-0_4',708,,86863,21,,,0,28,,86864,21,,,0,81,,86868,27,,,0,21,,86869,18,,,0,4,,86870,28,,,0,84,,86865,21,,,0,90,,86871,28,,,0,189,,86873,24,,,0,102,,86874,24,,,0,31,,86866,21,,,0,172,,86877,29,,,0,44,,86875,24,,,0,151,,86876,24,,,0,31,,86867,21,,,0,167,,86878,29,,,0
900,'S2-0_5',708,,86882,21,,,0,28,,86883,21,,,0,81,,86887,27,,,0,21,,86888,18,,,0,4,,86889,28,,,0,84,,86884,21,,,0,90,,86890,28,,,0,189,,86892,24,,,0,102,,86893,24,,,0,31,,86885,21,,,0,172,,86896,29,,,0,44,,86894,24,,,0,151,,86895,24,,,0,31,,86886,21,,,0,167,,86897,29,,,0
900,'S2-1_3',708,,86901,21,,,0,28,,86902,21,,,0,81,,86906,27,,,0,21,,86907,18,,,0,4,,86908,28,,,0,84,,86903,21,,,0,90,,86909,28,,,0,189,,86911,24,,,0,102,,86912,24,,,0,31,,86904,21,,,0,172,,86915,29,,,0,44,,86913,24,,,0,151,,86914,24,,,0,31,,86905,21,,,0,167,,86916,29,,,0
900,'S2-2_6',715,,86921,24,,,0,100,,86922,24,,,0,315,,86923,24,,,0,325,,86924,24,,,0,89,,86919,18,,,0,98,,86930,18,,,0,174,,86925,25,,,0,93,,86926,24,,,0
900,'S2-4_1',708,,86932,21,,,0,28,,86933,21,,,0,81,,86937,27,,,0,21,,86938,18,,,0,4,,86939,28,,,0,84,,86934,21,,,0,90,,86940,28,,,0,189,,86942,24,,,0,102,,86943,24,,,0,31,,86935,21,,,0,172,,86946,29,,,0,44,,86944,24,,,0,151,,86945,24,,,0,31,,86936,21,,,0,167,,86947,29,,,0
900,'S2-4_2',708,,86951,21,,,0,28,,86952,21,,,0,81,,86956,27,,,0,21,,86957,18,,,0,4,,86958,28,,,0,84,,86953,21,,,0,90,,86959,28,,,0,189,,86961,24,,,0,102,,86962,24,,,0,31,,86954,21,,,0,172,,86965,29,,,0,44,,86963,24,,,0,151,,86964,24,,,0,31,,86955,21,,,0,167,,86966,29,,,0
900,'S2-4_4',708,,86970,21,,,0,28,,86971,21,,,0,81,,86975,27,,,0,21,,86976,18,,,0,4,,86977,28,,,0,84,,86972,21,,,0,90,,86978,28,,,0,189,,86980,24,,,0,102,,86981,24,,,0,31,,86973,21,,,0,172,,86984,29,,,0,44,,86982,24,,,0,151,,86983,24,,,0,31,,86974,21,,,0,167,,86985,29,,,0
1900,'S2-0_4',737,,87831,23,,,0,105,,87835,23,,,0,974,,87832,23,,,0
1900,'S2-0_5',737,,87839,23,,,0,105,,87843,23,,,0,974,,87840,23,,,0
1900,'S2-1_3',737,,87847,23,,,0,105,,87852,23,,,0,583,,87851,23,,,0,391,,87848,23,,,0
1900,'S2-4_1',737,,87856,23,,,0,105,,87860,23,,,0,974,,87857,23,,,0
1900,'S2-4_2',737,,87864,23,,,0,105,,87868,23,,,0,974,,87865,23,,,0
1900,'S2-4_4',737,,87872,23,,,0,105,,87876,23,,,0,974,,87873,23,,,0
2600,'S2-0_4',651,,88333,3,,,0,51,,88344,3,,,0,45,,88345,3,,,0,56,,88346,3,,,0,44,,88347,3,,,0,69,,88348,3,,,0,96,,88334,3,,,0,99,,88335,3,,,0,93,,88351,3,0,47,0,2,,88356,3,0,47,0,2,,88336,3,,,0,28,,88337,3,,,0,69,,88352,3,,,0,95,,88353,3,,,0,111,,88338,3,,,0,26,,88343,3,0,48,0,19,,88339,3,,,0,65,,88349,3,,,0,30,,88350,3,,,0,60,,88340,3,,,0,10,,88354,3,0,48,0,20,,88341,3,,,0,75,,88342,3,,,0,30,,88355,3,,,0
2600,'S2-0_5',651,,88357,3,,,0,51,,88368,3,,,0,45,,88369,3,,,0,56,,88370,3,,,0,44,,88371,3,,,0,69,,88372,3,,,0,96,,88358,3,,,0,99,,88359,3,,,0,93,,88375,3,0,47,0,2,,88380,3,0,47,0,2,,88360,3,,,0,28,,88361,3,,,0,69,,88376,3,,,0,95,,88377,3,,,0,111,,88362,3,,,0,26,,88367,3,0,48,0,19,,88363,3,,,0,65,,88373,3,,,0,30,,88374,3,,,0,60,,88364,3,,,0,10,,88378,3,0,48,0,20,,88365,3,,,0,75,,88366,3,,,0,30,,88379,3,,,0
2600,'S2-1_3',651,,88381,3,,,0,51,,88392,3,,,0,45,,88393,3,,,0,56,,88394,3,,,0,44,,88395,3,,,0,69,,88396,3,,,0,96,,88382,3,,,0,99,,88383,3,,,0,93,,88399,3,0,47,0,2,,88403,3,0,47,0,2,,88384,3,,,0,28,,88385,3,,,0,69,,88400,3,,,0,95,,88401,3,,,0,111,,88386,3,,,0,45,,88387,3,,,0,65,,88397,3,,,0,30,,88398,3,,,0,60,,88388,3,,,0,30,,88389,3,,,0,75,,88390,3,,,0,30,,88402,3,,,0
2600,'S2-2_6',714,,88404,3,,,0,45,,88405,3,,,0,84,,88406,3,,,0,85,,88407,3,,,0,84,,88408,3,,,0,90,,88409,3,,,0,44,,88410,3,,,0,82,,88411,3,,,0,84,,88412,3,,,0,45,,88413,3,,,0,83,,88414,3,,,0,86,,88415,3,,,0,90,,88416,3,,,0,87,,88417,3,,,0,43,,88418,3,,,0,85,,88419,3,,,0,84,,88420,3,,,0
2600,'S2-4_1',651,,88421,3,,,0,51,,88432,3,,,0,45,,88433,3,,,0,56,,88434,3,,,0,44,,88435,3,,,0,69,,88436,3,,,0,96,,88422,3,,,0,99,,88423,3,,,0,93,,88439,3,0,47,0,2,,88444,3,0,47,0,2,,88424,3,,,0,28,,88425,3,,,0,69,,88440,3,,,0,95,,88441,3,,,0,111,,88426,3,,,0,26,,88431,3,0,48,0,19,,88427,3,,,0,65,,88437,3,,,0,30,,88438,3,,,0,60,,88428,3,,,0,10,,88442,3,0,48,0,20,,88429,3,,,0,75,,88430,3,,,0,30,,88443,3,,,0
2600,'S2-4_2',651,,88445,3,,,0,51,,88456,3,,,0,45,,88457,3,,,0,56,,88458,3,,,0,44,,88459,3,,,0,69,,88460,3,,,0,96,,88446,3,,,0,99,,88447,3,,,0,93,,88463,3,0,47,0,2,,88468,3,0,47,0,2,,88448,3,,,0,28,,88449,3,,,0,69,,88464,3,,,0,95,,88465,3,,,0,111,,88450,3,,,0,26,,88469,3,0,48,0,19,,88451,3,,,0,65,,88461,3,,,0,30,,88462,3,,,0,60,,88452,3,,,0,10,,88466,3,0,48,0,20,,88453,3,,,0,75,,88454,3,,,0,30,,88467,3,,,0
2600,'S2-4_4',651,,88470,3,,,0,51,,88481,3,,,0,45,,88482,3,,,0,56,,88483,3,,,0,44,,88484,3,,,0,69,,88485,3,,,0,96,,88471,3,,,0,99,,88472,3,,,0,93,,88488,3,0,47,0,2,,88493,3,0,47,0,2,,88473,3,,,0,28,,88474,3,,,0,69,,88489,3,,,0,95,,88490,3,,,0,111,,88475,3,,,0,26,,88480,3,0,48,0,19,,88476,3,,,0,65,,88486,3,,,0,30,,88487,3,,,0,60,,88477,3,,,0,10,,88491,3,0,48,0,20,,88478,3,,,0,75,,88479,3,,,0,30,,88492,3,,,0
