701,'S2-0_4',658,,86635,1,,,0,153,,86636,1,,,0,109,,86637,1,,,0,110,,86638,1,,,0,111,,86639,1,,,0,110,,86640,1,,,0,108,,86641,1,,,0,148,,86642,1,,,0,110,,86643,1,,,0,110,,86644,1,,,0,114,,86645,1,,,0
701,'S2-0_5',658,,86646,1,,,0,153,,86647,1,,,0,109,,86648,1,,,0,110,,86649,1,,,0,111,,86650,1,,,0,110,,86651,1,,,0,108,,86652,1,,,0,148,,86653,1,,,0,110,,86654,1,,,0,110,,86655,1,,,0,114,,86656,1,,,0
701,'S2-1_3',658,,86657,1,,,0,153,,86658,1,,,0,109,,86659,1,,,0,110,,86660,1,,,0,111,,86661,1,,,0,110,,86662,1,,,0,108,,86663,1,,,0,148,,86664,1,,,0,110,,86665,1,,,0,110,,86666,1,,,0,114,,86667,1,,,0
701,'S2-2_6',701,,86670,1,,,0,110,,86671,1,,,0,109,,86672,1,,,0,110,,86673,1,,,0,112,,86674,1,,,0,109,,86675,1,,,0,149,,86676,1,,,0,111,,86677,1,,,0,110,,86678,1,,,0,110,,86668,1,,,0,111,,86669,1,,,0
701,'S2-4_1',658,,86679,1,,,0,153,,86680,1,,,0,109,,86681,1,,,0,110,,86682,1,,,0,111,,86683,1,,,0,110,,86684,1,,,0,108,,86685,1,,,0,148,,86686,1,,,0,110,,86687,1,,,0,110,,86688,1,,,0,114,,86689,1,,,0
701,'S2-4_2',658,,86690,1,,,0,153,,86691,1,,,0,109,,86692,1,,,0,110,,86693,1,,,0,111,,86694,1,,,0,110,,86695,1,,,0,108,,86696,1,,,0,148,,86697,1,,,0,110,,86698,1,,,0,110,,86699,1,,,0,114,,86700,1,,,0
701,'S2-4_4',658,,86701,1,,,0,153,,86702,1,,,0,109,,86703,1,,,0,110,,86704,1,,,0,111,,86705,1,,,0,110,,86706,1,,,0,108,,86707,1,,,0,148,,86708,1,,,0,110,,86709,1,,,0,110,,86710,1,,,0,114,,86711,1,,,0
2401,'S2-0_4',722,,88141,5,0,18 19,0
2401,'S2-0_5',722,,88144,5,0,18 19,0
2401,'S2-1_3',722,,88147,5,0,18 19,0
2401,'S2-4_1',722,,88148,5,0,18 19,0
2401,'S2-4_2',722,,88151,5,0,18 19,0
2401,'S2-4_4',722,,88154,5,0,18 19,0
900500,'S2-4_4',2127,,88959,13,,,0,90,,88960,13,,,0,90,,88961,13,,,0,50,,88962,13,,,0,88,,88963,13,,,0
