300,'S2-0_4',652,,85225,13,,,0,64,,85226,13,,,0,32,,85227,13,,,0,64,,85228,13,,,0,25,,85229,13,,,0,70,,85230,13,,,0,32,,85231,13,,,0,72,,85232,13,,,0,32,,85233,13,,,0,72,,85234,13,,,0,32,,85235,13,,,0,72,,85236,13,,,0,32,,85237,13,,,0,72,,85238,13,,,0,32,,85239,13,,,0,72,,85240,13,,,0,32,,85241,13,,,0,73,,85242,13,,,0,70,,85244,13,,,0,27,,85245,13,,,0,28,,85246,13,,,0,69,,85247,13,,,0,30,,85248,13,,,0,70,,85252,13,,,0,31,,85249,13,,,0,71,,85250,13,,,0,73,,85251,13,,,0,30,,85243,13,,,0
300,'S2-0_5',652,,85253,13,,,0,64,,85254,13,,,0,32,,85255,13,,,0,64,,85256,13,,,0,25,,85257,13,,,0,70,,85258,13,,,0,32,,85259,13,,,0,72,,85260,13,,,0,32,,85261,13,,,0,72,,85262,13,,,0,32,,85263,13,,,0,72,,85264,13,,,0,32,,85265,13,,,0,72,,85266,13,,,0,32,,85267,13,,,0,72,,85268,13,,,0,32,,85269,13,,,0,73,,85270,13,,,0,70,,85272,13,,,0,27,,85273,13,,,0,28,,85274,13,,,0,69,,85275,13,,,0,30,,85276,13,,,0,70,,85280,13,,,0,31,,85277,13,,,0,71,,85278,13,,,0,73,,85279,13,,,0,30,,85271,13,,,0
300,'S2-1_3',652,,85281,13,,,0,64,,85282,13,,,0,32,,85283,13,,,0,64,,85284,13,,,0,25,,85285,13,,,0,70,,85286,13,,,0,32,,85287,13,,,0,72,,85288,13,,,0,32,,85289,13,,,0,72,,85290,13,,,0,32,,85291,13,,,0,72,,85292,13,,,0,32,,85293,13,,,0,72,,85294,13,,,0,32,,85295,13,,,0,72,,85296,13,,,0,32,,85297,13,,,0,73,,85298,13,,,0,70,,85300,13,,,0,27,,85301,13,,,0,28,,85302,13,,,0,69,,85303,13,,,0,30,,85304,13,,,0,70,,85308,13,,,0,31,,85305,13,,,0,71,,85306,13,,,0,73,,85307,13,,,0,30,,85299,13,,,0
300,'S2-2_6',655,,85309,13,,,0,69,,85311,13,,,0,29,,85312,13,,,0,70,,85310,13,,,0,30,,85314,13,,,0,69,,85315,13,,,0,28,,85313,13,,,0,71,,85316,13,,,0,30,,85317,13,,,0,70,,85320,13,,,0,30,,85319,13,,,0,69,,85318,13,,,0,29,,85322,13,,,0,70,,85321,13,,,0,29,,85323,13,,,0,69,,85324,13,,,0,32,,85325,13,,,0,72,,85326,13,,,0,31,,85327,13,,,0,71,,85328,13,,,0,32,,85329,13,,,0,72,,85330,13,,,0,30,,85331,13,,,0,71,,85336,13,,,0,31,,85332,13,,,0,70,,85333,13,,,0,26,,85334,13,,,0,70,,85335,13,,,0
300,'S2-3_7',858,,85359,13,,,0,72,,85360,13,,,0,75,,85361,13,,,0,34,,85362,13,,,0,72,,85353,13,,,0,33,,85358,13,,,0,73,,85357,13,,,0,33,,85356,13,,,0,72,,85355,13,,,0,32,,85337,13,,,0,68,,85338,13,,,0,29,,85339,13,,,0,68,,85340,13,,,0,28,,85341,13,,,0,67,,85342,13,,,0,31,,85343,13,,,0,68,,85344,13,,,0,27,,85345,13,,,0,68,,85346,13,,,0,29,,85347,13,,,0,67,,85348,13,,,0,26,,85349,13,,,0,26,,85350,13,,,0,64,,85351,13,,,0,24,,85354,13,,,0,67,,85352,13,,,0
300,'S2-4_1',652,,85363,13,,,0,64,,85364,13,,,0,32,,85365,13,,,0,64,,85366,13,,,0,25,,85367,13,,,0,70,,85368,13,,,0,32,,85369,13,,,0,72,,85370,13,,,0,32,,85371,13,,,0,72,,85372,13,,,0,32,,85373,13,,,0,72,,85374,13,,,0,32,,85375,13,,,0,72,,85376,13,,,0,32,,85377,13,,,0,72,,85378,13,,,0,32,,85379,13,,,0,73,,85380,13,,,0,70,,85382,13,,,0,27,,85383,13,,,0,28,,85384,13,,,0,69,,85385,13,,,0,30,,85386,13,,,0,70,,85390,13,,,0,31,,85387,13,,,0,71,,85388,13,,,0,73,,85389,13,,,0,30,,85381,13,,,0
300,'S2-4_2',652,,85391,13,,,0,64,,85392,13,,,0,32,,85393,13,,,0,64,,85394,13,,,0,25,,85395,13,,,0,70,,85396,13,,,0,32,,85397,13,,,0,72,,85398,13,,,0,32,,85399,13,,,0,72,,85400,13,,,0,32,,85401,13,,,0,72,,85402,13,,,0,32,,85403,13,,,0,72,,85404,13,,,0,32,,85405,13,,,0,72,,85406,13,,,0,32,,85407,13,,,0,73,,85408,13,,,0,70,,85410,13,,,0,27,,85411,13,,,0,28,,85412,13,,,0,69,,85413,13,,,0,30,,85414,13,,,0,70,,85418,13,,,0,31,,85415,13,,,0,71,,85416,13,,,0,73,,85417,13,,,0,30,,85409,13,,,0
300,'S2-4_4',652,,85419,13,,,0,64,,85420,13,,,0,32,,85421,13,,,0,64,,85422,13,,,0,25,,85423,13,,,0,70,,85424,13,,,0,32,,85425,13,,,0,72,,85426,13,,,0,32,,85427,13,,,0,72,,85428,13,,,0,32,,85429,13,,,0,72,,85430,13,,,0,32,,85431,13,,,0,72,,85432,13,,,0,32,,85433,13,,,0,72,,85434,13,,,0,32,,85435,13,,,0,73,,85436,13,,,0,70,,85438,13,,,0,27,,85439,13,,,0,28,,85440,13,,,0,69,,85441,13,,,0,30,,85442,13,,,0,70,,85446,13,,,0,31,,85443,13,,,0,71,,85444,13,,,0,73,,85445,13,,,0,30,,85437,13,,,0
900600,'S2-0_4',847,,88975,20,,,0,170,,88977,20,,,0,125,,88978,20,,,0,175,,88979,20,,,0,120,,88980,20,,,0,175,,88981,20,,,0,130,,88982,20,,,0,170,,88976,20,,,0
900600,'S2-0_5',847,,88983,20,,,0,170,,88985,20,,,0,125,,88986,20,,,0,175,,88987,20,,,0,120,,88988,20,,,0,175,,88989,20,,,0,130,,88990,20,,,0,170,,88984,20,,,0
900600,'S2-1_3',847,,88991,20,,,0,170,,88993,20,,,0,125,,88994,20,,,0,175,,88995,20,,,0,120,,88996,20,,,0,175,,88997,20,,,0,130,,88998,20,,,0,170,,88992,20,,,0
900600,'S2-2_6',847,,88999,20,,,0,170,,89001,20,,,0,125,,89002,20,,,0,175,,89003,20,,,0,120,,89004,20,,,0,175,,89005,20,,,0,130,,89006,20,,,0,170,,89000,20,,,0
900600,'S2-4_1',847,,89007,20,,,0,170,,89009,20,,,0,125,,89010,20,,,0,175,,89011,20,,,0,120,,89012,20,,,0,175,,89013,20,,,0,130,,89014,20,,,0,170,,89008,20,,,0
900600,'S2-4_2',847,,89015,20,,,0,170,,89017,20,,,0,125,,89018,20,,,0,175,,89019,20,,,0,120,,89020,20,,,0,175,,89021,20,,,0,130,,89022,20,,,0,170,,89016,20,,,0
900600,'S2-4_4',847,,89023,20,,,0,170,,89025,20,,,0,125,,89026,20,,,0,175,,89027,20,,,0,120,,89028,20,,,0,175,,89029,20,,,0,130,,89030,20,,,0,170,,89024,20,,,0
2900300,'S2-0_4',707,,91352,5,,,0,30,,91353,5,,,0,69,,91354,5,,,0
2900300,'S2-0_5',707,,91355,5,,,0,30,,91356,5,,,0,69,,91357,5,,,0
2900300,'S2-1_3',707,,91358,5,,,0,30,,91359,5,,,0,69,,91360,5,,,0
2900300,'S2-4_1',707,,91361,5,,,0,30,,91362,5,,,0,69,,91363,5,,,0
2900300,'S2-4_2',707,,91364,5,,,0,30,,91365,5,,,0,69,,91366,5,,,0
2900300,'S2-4_4',707,,91367,5,,,0,30,,91368,5,,,0,69,,91369,5,,,0
