500,'S2-0_4',712,,86139,20,,,0,21,,86140,34,,,0,81,,86141,20,,,0,36,,86128,34,,,0,104,,86129,34,,,0,100,,86130,34,,,0,105,,86131,34,,,0,100,,86132,34,,,0,84,,86133,34,,,0,94,,86134,34,,,0,100,,86135,34,,,0,102,,86136,34,,,0,108,,86137,34,,,0,101,,86142,34,,,0,99,,86138,34,,,0
500,'S2-0_5',712,,86154,20,,,0,21,,86155,34,,,0,81,,86156,20,,,0,36,,86143,34,,,0,104,,86144,34,,,0,100,,86145,34,,,0,105,,86146,34,,,0,100,,86147,34,,,0,84,,86148,34,,,0,94,,86149,34,,,0,100,,86150,34,,,0,102,,86151,34,,,0,108,,86152,34,,,0,101,,86157,34,,,0,99,,86153,34,,,0
500,'S2-1_3',712,,86169,20,,,0,21,,86170,34,,,0,81,,86171,20,,,0,36,,86158,34,,,0,104,,86159,34,,,0,100,,86160,34,,,0,105,,86161,34,,,0,100,,86162,34,,,0,84,,86163,34,,,0,94,,86164,34,,,0,100,,86165,34,,,0,102,,86166,34,,,0,108,,86167,34,,,0,101,,86172,34,,,0,99,,86168,34,,,0
500,'S2-2_6',745,,86184,34,,,0,100,,86173,34,,,0,99,,86174,34,,,0,100,,86175,34,,,0,99,,86176,34,,,0,96,,86177,34,,,0,98,,86178,34,,,0,100,,86179,34,,,0,100,,86180,34,,,0,100,,86181,34,,,0,100,,86182,34,,,0,192,,86183,34,,,0
500,'S2-4_1',712,,86196,20,,,0,21,,86197,34,,,0,81,,86198,20,,,0,36,,86185,34,,,0,104,,86186,34,,,0,100,,86187,34,,,0,105,,86188,34,,,0,100,,86189,34,,,0,84,,86190,34,,,0,94,,86191,34,,,0,100,,86192,34,,,0,102,,86193,34,,,0,108,,86194,34,,,0,101,,86199,34,,,0,99,,86195,34,,,0
500,'S2-4_2',712,,86211,20,,,0,21,,86212,34,,,0,81,,86213,20,,,0,36,,86200,34,,,0,104,,86201,34,,,0,100,,86202,34,,,0,105,,86203,34,,,0,100,,86204,34,,,0,84,,86205,34,,,0,94,,86206,34,,,0,100,,86207,34,,,0,102,,86208,34,,,0,108,,86209,34,,,0,101,,86214,34,,,0,99,,86210,34,,,0
500,'S2-4_4',712,,86226,20,,,0,21,,86227,34,,,0,81,,86228,20,,,0,36,,86215,34,,,0,104,,86216,34,,,0,100,,86217,34,,,0,105,,86218,34,,,0,100,,86219,34,,,0,84,,86220,34,,,0,94,,86221,34,,,0,100,,86222,34,,,0,102,,86223,34,,,0,108,,86224,34,,,0,101,,86229,34,,,0,99,,86225,34,,,0
1000000,'S2-0_4',544,,89311,14,0,31 33,0,60,,89312,14,0,31 33,0,20,,89393,14,0,31 33,0,20,,89394,14,,,0,14,,89396,14,,,0,50,,89392,14,,,0,9,,89345,14,,,0,9,,89346,14,,,0,11,,89347,14,,,0,11,,89348,14,,,0,10,,89349,14,,,0,51,,89350,14,,,0,10,,89351,14,,,0,10,,89352,14,,,0,9,,89395,14,,,0,9,,89313,14,0,31 33,0,9,,89314,14,,,0,50,,89315,14,0,31 33,0,10,,89316,14,,,0,11,,89317,14,0,31 33,0,10,,89353,14,,,0,11,,89318,14,0,31 33,0,11,,89319,14,,,0,50,,89320,14,0,31 33,0,11,,89321,14,,,0,11,,89322,14,0,31 33,0,10,,89323,14,,,0,11,,89325,14,0,31 33,0,50,,89324,14,,,0,11,,89355,14,0,31 33,0,12,,89354,14,,,0,11,,89356,14,0,31 33,0,11,,89357,14,,,0,10,,89358,14,0,31 33,0,50,,89359,14,,,0,10,,89360,14,0,31 33,0,11,,89361,14,,,0,11,,89362,14,0,31 33,0,10,,89363,14,,,0,10,,89364,14,0,31 33,0,50,,89365,14,,,0,9,,89366,14,0,31 33,0,10,,89367,14,,,0,10,,89326,14,0,31 33,0,11,,89327,14,,,0,10,,89368,14,0,31 33,0,50,,89328,14,,,0,9,,89329,14,0,31 33,0,11,,89330,14,,,0,10,,89369,14,0,31 33,0,11,,89331,14,,,0,50,,89332,14,0,31 33,0,10,,89333,14,,,0,10,,89334,14,0,31 33,0,11,,89370,14,,,0,11,,89371,14,,,0,10,,89372,14,,,0,50,,89373,14,,,0,9,,89374,14,,,0,10,,89375,14,,,0,10,,89376,14,,,0,11,,89377,14,,,0,9,,89378,14,,,0,50,,89379,14,,,0,10,,89380,14,,,0,10,,89381,14,,,0,9,,89382,14,,,0,10,,89383,14,,,0,9,,89384,14,,,0,10,,89385,14,,,0,50,,89386,14,0,31 33,0,9,,89387,14,,,0,8,,89391,14,0,31 33,0,10,,89335,14,0,31 33,0,11,,89388,14,,,0,10,,89336,14,0,31 33,0,50,,89389,14,,,0,9,,89337,14,0,31 33,0,19,,89338,14,0,31 33,0,19,,89339,14,0,31 33,0,58,,89340,14,0,31 33,0,20,,89341,14,0,31 33,0,21,,89342,14,0,31 33,0,60,,89343,14,0,31 33,0,20,,89344,14,0,31 33,0
1000000,'S2-0_5',544,,89397,14,0,31 33,0,60,,89398,14,0,31 33,0,20,,89479,14,0,31 33,0,20,,89480,14,,,0,14,,89482,14,,,0,50,,89478,14,,,0,9,,89431,14,,,0,9,,89432,14,,,0,11,,89433,14,,,0,11,,89434,14,,,0,10,,89435,14,,,0,51,,89436,14,,,0,10,,89437,14,,,0,10,,89438,14,,,0,9,,89481,14,,,0,9,,89399,14,0,31 33,0,9,,89400,14,,,0,50,,89401,14,0,31 33,0,10,,89402,14,,,0,11,,89403,14,0,31 33,0,10,,89439,14,,,0,11,,89404,14,0,31 33,0,11,,89405,14,,,0,50,,89406,14,0,31 33,0,11,,89407,14,,,0,11,,89408,14,0,31 33,0,10,,89409,14,,,0,11,,89411,14,0,31 33,0,50,,89410,14,,,0,11,,89441,14,0,31 33,0,12,,89440,14,,,0,11,,89442,14,0,31 33,0,11,,89443,14,,,0,10,,89444,14,0,31 33,0,50,,89445,14,,,0,10,,89446,14,0,31 33,0,11,,89447,14,,,0,11,,89448,14,0,31 33,0,10,,89449,14,,,0,10,,89450,14,0,31 33,0,50,,89451,14,,,0,9,,89452,14,0,31 33,0,10,,89453,14,,,0,10,,89412,14,0,31 33,0,11,,89413,14,,,0,10,,89454,14,0,31 33,0,50,,89414,14,,,0,9,,89415,14,0,31 33,0,11,,89416,14,,,0,10,,89455,14,0,31 33,0,11,,89417,14,,,0,50,,89418,14,0,31 33,0,10,,89419,14,,,0,10,,89420,14,0,31 33,0,11,,89456,14,,,0,11,,89457,14,,,0,10,,89458,14,,,0,50,,89459,14,,,0,9,,89460,14,,,0,10,,89461,14,,,0,10,,89462,14,,,0,11,,89463,14,,,0,9,,89464,14,,,0,50,,89465,14,,,0,10,,89466,14,,,0,10,,89467,14,,,0,9,,89468,14,,,0,10,,89469,14,,,0,9,,89470,14,,,0,10,,89471,14,,,0,50,,89472,14,0,31 33,0,9,,89473,14,,,0,8,,89477,14,0,31 33,0,10,,89421,14,0,31 33,0,11,,89474,14,,,0,10,,89422,14,0,31 33,0,50,,89475,14,,,0,9,,89423,14,0,31 33,0,19,,89424,14,0,31 33,0,19,,89425,14,0,31 33,0,58,,89426,14,0,31 33,0,20,,89427,14,0,31 33,0,21,,89428,14,0,31 33,0,60,,89429,14,0,31 33,0,20,,89430,14,0,31 33,0
1000000,'S2-1_3',544,,89483,14,0,31 33,0,60,,89484,14,0,31 33,0,20,,89565,14,0,31 33,0,20,,89566,14,,,0,14,,89568,14,,,0,50,,89564,14,,,0,9,,89517,14,,,0,9,,89518,14,,,0,11,,89519,14,,,0,11,,89520,14,,,0,10,,89521,14,,,0,51,,89522,14,,,0,10,,89523,14,,,0,10,,89524,14,,,0,9,,89567,14,,,0,9,,89485,14,0,31 33,0,9,,89486,14,,,0,50,,89487,14,0,31 33,0,10,,89488,14,,,0,11,,89489,14,0,31 33,0,10,,89525,14,,,0,11,,89490,14,0,31 33,0,11,,89491,14,,,0,50,,89492,14,0,31 33,0,11,,89493,14,,,0,11,,89494,14,0,31 33,0,10,,89495,14,,,0,11,,89497,14,0,31 33,0,50,,89496,14,,,0,11,,89527,14,0,31 33,0,12,,89526,14,,,0,11,,89528,14,0,31 33,0,11,,89529,14,,,0,10,,89530,14,0,31 33,0,50,,89531,14,,,0,10,,89532,14,0,31 33,0,11,,89533,14,,,0,11,,89534,14,0,31 33,0,10,,89535,14,,,0,10,,89536,14,0,31 33,0,50,,89537,14,,,0,9,,89538,14,0,31 33,0,10,,89539,14,,,0,10,,89498,14,0,31 33,0,11,,89499,14,,,0,10,,89540,14,0,31 33,0,50,,89500,14,,,0,9,,89501,14,0,31 33,0,11,,89502,14,,,0,10,,89541,14,0,31 33,0,11,,89503,14,,,0,50,,89504,14,0,31 33,0,10,,89505,14,,,0,10,,89506,14,0,31 33,0,11,,89542,14,,,0,11,,89543,14,,,0,10,,89544,14,,,0,50,,89545,14,,,0,9,,89546,14,,,0,10,,89547,14,,,0,10,,89548,14,,,0,11,,89549,14,,,0,9,,89550,14,,,0,50,,89551,14,,,0,10,,89552,14,,,0,10,,89553,14,,,0,9,,89554,14,,,0,10,,89555,14,,,0,9,,89556,14,,,0,10,,89557,14,,,0,50,,89558,14,0,31 33,0,9,,89559,14,,,0,8,,89563,14,0,31 33,0,10,,89507,14,0,31 33,0,11,,89560,14,,,0,10,,89508,14,0,31 33,0,50,,89561,14,,,0,9,,89509,14,0,31 33,0,19,,89510,14,0,31 33,0,19,,89511,14,0,31 33,0,58,,89512,14,0,31 33,0,20,,89513,14,0,31 33,0,21,,89514,14,0,31 33,0,60,,89515,14,0,31 33,0,20,,89516,14,0,31 33,0
1000000,'S2-2_6',540,,89569,14,0,31 33,0,80,,89570,14,0,31 33,0,82,,89571,14,,,0,42,,89572,14,,,0,70,,89573,14,0,31 33,0,15,,89574,14,,,0,16,,89575,14,0,31 33,0,55,,89576,14,0,31 33,0,14,,89577,14,,,0,15,,89578,14,0,31 33,0,16,,89636,14,0,31 33,0,55,,89579,14,,,0,16,,89580,14,0,31 33,0,16,,89581,14,0,31 33,0,14,,89582,14,,,0,56,,89583,14,0,31 33,0,16,,89584,14,0,31 33,0,16,,89585,14,,,0,15,,89586,14,0,31 33,0,55,,89587,14,0,31 33,0,16,,89588,14,,,0,14,,89589,14,0,31 33,0,14,,89590,14,0,31 33,0,55,,89591,14,,,0,14,,89592,14,0,31 33,0,10,,89593,14,0,31 33,0,11,,89594,14,,,0,12,,89595,14,0,31 33,0,50,,89596,14,0,31 33,0,9,,89597,14,0,31 33,0,9,,89598,14,,,0,10,,89599,14,0,31 33,0,11,,89600,14,0,31 33,0,11,,89601,14,0,31 33,0,50,,89602,14,,,0,12,,89603,14,0,31 33,0,9,,89604,14,0,31 33,0,9,,89605,14,0,31 33,0,10,,89606,14,,,0,11,,89607,14,0,31 33,0,50,,89608,14,0,31 33,0,10,,89609,14,0,31 33,0,11,,89610,14,,,0,11,,89611,14,0,31 33,0,9,,89612,14,0,31 33,0,10,,89613,14,0,31 33,0,51,,89614,14,,,0,13,,89615,14,0,31 33,0,9,,89616,14,0,31 33,0,9,,89617,14,0,31 33,0,10,,89618,14,,,0,8,,89619,14,0,31 33,0,49,,89620,14,0,31 33,0,10,,89621,14,0,31 33,0,8,,89623,14,0,31 33,0,10,,89622,14,,,0,9,,89624,14,0,31 33,0,9,,89625,14,0,31 33,0,9,,89627,14,0,31 33,0,50,,89626,14,0,31 33,0,11,,89628,14,0,31 33,0,21,,89629,14,0,31 33,0,17,,89630,14,0,31 33,0,60,,89631,14,0,31 33,0,20,,89632,14,0,31 33,0,19,,89633,14,0,31 33,0,59,,89634,14,0,31 33,0,19,,89635,14,0,31 33,0
1000000,'S2-3_7',814,,89637,14,0,31 33,0,40,,89638,14,0,31 33,0,80,,89639,14,0,31 33,0,80,,89640,14,0,31 33,0,40,,89641,14,0,31 33,0,80,,89642,14,0,31 33,0,80,,89643,14,0,31 33,0,40,,89644,14,0,31 33,0,80,,89645,14,0,31 33,0,80,,89646,14,0,31 33,0,40,,89647,14,0,31 33,0,80,,89648,14,0,31 33,0,80,,89649,14,0,31 33,0,40,,89650,14,0,31 33,0,80,,89651,14,0,31 33,0,80,,89652,14,0,31 33,0,40,,89653,14,0,31 33,0,80,,89654,14,0,31 33,0
1000000,'S2-4_1',544,,89655,14,0,31 33,0,60,,89656,14,0,31 33,0,20,,89737,14,0,31 33,0,20,,89738,14,,,0,14,,89740,14,,,0,50,,89736,14,,,0,9,,89689,14,,,0,9,,89690,14,,,0,11,,89691,14,,,0,11,,89692,14,,,0,10,,89693,14,,,0,51,,89694,14,,,0,10,,89695,14,,,0,10,,89696,14,,,0,9,,89739,14,,,0,9,,89657,14,0,31 33,0,9,,89658,14,,,0,50,,89659,14,0,31 33,0,10,,89660,14,,,0,11,,89661,14,0,31 33,0,10,,89697,14,,,0,11,,89662,14,0,31 33,0,11,,89663,14,,,0,50,,89664,14,0,31 33,0,11,,89665,14,,,0,11,,89666,14,0,31 33,0,10,,89667,14,,,0,11,,89669,14,0,31 33,0,50,,89668,14,,,0,11,,89699,14,0,31 33,0,12,,89698,14,,,0,11,,89700,14,0,31 33,0,11,,89701,14,,,0,10,,89702,14,0,31 33,0,50,,89703,14,,,0,10,,89704,14,0,31 33,0,11,,89705,14,,,0,11,,89706,14,0,31 33,0,10,,89707,14,,,0,10,,89708,14,0,31 33,0,50,,89709,14,,,0,9,,89710,14,0,31 33,0,10,,89711,14,,,0,10,,89670,14,0,31 33,0,11,,89671,14,,,0,10,,89712,14,0,31 33,0,50,,89672,14,,,0,9,,89673,14,0,31 33,0,11,,89674,14,,,0,10,,89713,14,0,31 33,0,11,,89675,14,,,0,50,,89676,14,0,31 33,0,10,,89677,14,,,0,10,,89678,14,0,31 33,0,11,,89714,14,,,0,11,,89715,14,,,0,10,,89716,14,,,0,50,,89717,14,,,0,9,,89718,14,,,0,10,,89719,14,,,0,10,,89720,14,,,0,11,,89721,14,,,0,9,,89722,14,,,0,50,,89723,14,,,0,10,,89724,14,,,0,10,,89725,14,,,0,9,,89726,14,,,0,10,,89727,14,,,0,9,,89728,14,,,0,10,,89729,14,,,0,50,,89730,14,0,31 33,0,9,,89731,14,,,0,8,,89735,14,0,31 33,0,10,,89679,14,0,31 33,0,11,,89732,14,,,0,10,,89680,14,0,31 33,0,50,,89733,14,,,0,9,,89681,14,0,31 33,0,19,,89682,14,0,31 33,0,19,,89683,14,0,31 33,0,58,,89684,14,0,31 33,0,20,,89685,14,0,31 33,0,21,,89686,14,0,31 33,0,60,,89687,14,0,31 33,0,20,,89688,14,0,31 33,0
1000000,'S2-4_2',544,,89741,14,0,31 33,0,60,,89742,14,0,31 33,0,20,,89823,14,0,31 33,0,20,,89824,14,,,0,14,,89826,14,,,0,50,,89822,14,,,0,9,,89775,14,,,0,9,,89776,14,,,0,11,,89777,14,,,0,11,,89778,14,,,0,10,,89779,14,,,0,51,,89780,14,,,0,10,,89781,14,,,0,10,,89782,14,,,0,9,,89825,14,,,0,9,,89743,14,0,31 33,0,9,,89744,14,,,0,50,,89745,14,0,31 33,0,10,,89746,14,,,0,11,,89747,14,0,31 33,0,10,,89783,14,,,0,11,,89748,14,0,31 33,0,11,,89749,14,,,0,50,,89750,14,0,31 33,0,11,,89751,14,,,0,11,,89752,14,0,31 33,0,10,,89753,14,,,0,11,,89755,14,0,31 33,0,50,,89754,14,,,0,11,,89785,14,0,31 33,0,12,,89784,14,,,0,11,,89786,14,0,31 33,0,11,,89787,14,,,0,10,,89788,14,0,31 33,0,50,,89789,14,,,0,10,,89790,14,0,31 33,0,11,,89791,14,,,0,11,,89792,14,0,31 33,0,10,,89793,14,,,0,10,,89794,14,0,31 33,0,50,,89795,14,,,0,9,,89796,14,0,31 33,0,10,,89797,14,,,0,10,,89756,14,0,31 33,0,11,,89757,14,,,0,10,,89798,14,0,31 33,0,50,,89758,14,,,0,9,,89759,14,0,31 33,0,11,,89760,14,,,0,10,,89799,14,0,31 33,0,11,,89761,14,,,0,50,,89762,14,0,31 33,0,10,,89763,14,,,0,10,,89764,14,0,31 33,0,11,,89800,14,,,0,11,,89801,14,,,0,10,,89802,14,,,0,50,,89803,14,,,0,9,,89804,14,,,0,10,,89805,14,,,0,10,,89806,14,,,0,11,,89807,14,,,0,9,,89808,14,,,0,50,,89809,14,,,0,10,,89810,14,,,0,10,,89811,14,,,0,9,,89812,14,,,0,10,,89813,14,,,0,9,,89814,14,,,0,10,,89815,14,,,0,50,,89816,14,0,31 33,0,9,,89817,14,,,0,8,,89821,14,0,31 33,0,10,,89765,14,0,31 33,0,11,,89818,14,,,0,10,,89766,14,0,31 33,0,50,,89819,14,,,0,9,,89767,14,0,31 33,0,19,,89768,14,0,31 33,0,19,,89769,14,0,31 33,0,58,,89770,14,0,31 33,0,20,,89771,14,0,31 33,0,21,,89772,14,0,31 33,0,60,,89773,14,0,31 33,0,20,,89774,14,0,31 33,0
1000000,'S2-4_4',544,,89827,14,0,31 33,0,60,,89828,14,0,31 33,0,20,,89909,14,0,31 33,0,20,,89910,14,,,0,14,,89912,14,,,0,50,,89908,14,,,0,9,,89861,14,,,0,9,,89862,14,,,0,11,,89863,14,,,0,11,,89864,14,,,0,10,,89865,14,,,0,51,,89866,14,,,0,10,,89867,14,,,0,10,,89868,14,,,0,9,,89911,14,,,0,9,,89829,14,0,31 33,0,9,,89830,14,,,0,50,,89831,14,0,31 33,0,10,,89832,14,,,0,11,,89833,14,0,31 33,0,10,,89869,14,,,0,11,,89834,14,0,31 33,0,11,,89835,14,,,0,50,,89836,14,0,31 33,0,11,,89837,14,,,0,11,,89838,14,0,31 33,0,10,,89839,14,,,0,11,,89841,14,0,31 33,0,50,,89840,14,,,0,11,,89871,14,0,31 33,0,12,,89870,14,,,0,11,,89872,14,0,31 33,0,11,,89873,14,,,0,10,,89874,14,0,31 33,0,50,,89875,14,,,0,10,,89876,14,0,31 33,0,11,,89877,14,,,0,11,,89878,14,0,31 33,0,10,,89879,14,,,0,10,,89880,14,0,31 33,0,50,,89881,14,,,0,9,,89882,14,0,31 33,0,10,,89883,14,,,0,10,,89842,14,0,31 33,0,11,,89843,14,,,0,10,,89884,14,0,31 33,0,50,,89844,14,,,0,9,,89845,14,0,31 33,0,11,,89846,14,,,0,10,,89885,14,0,31 33,0,11,,89847,14,,,0,50,,89848,14,0,31 33,0,10,,89849,14,,,0,10,,89850,14,0,31 33,0,11,,89886,14,,,0,11,,89887,14,,,0,10,,89888,14,,,0,50,,89889,14,,,0,9,,89890,14,,,0,10,,89891,14,,,0,10,,89892,14,,,0,11,,89893,14,,,0,9,,89894,14,,,0,50,,89895,14,,,0,10,,89896,14,,,0,10,,89897,14,,,0,9,,89898,14,,,0,10,,89899,14,,,0,9,,89900,14,,,0,10,,89901,14,,,0,50,,89902,14,0,31 33,0,9,,89903,14,,,0,8,,89907,14,0,31 33,0,10,,89851,14,0,31 33,0,11,,89904,14,,,0,10,,89852,14,0,31 33,0,50,,89905,14,,,0,9,,89853,14,0,31 33,0,19,,89854,14,0,31 33,0,19,,89855,14,0,31 33,0,58,,89856,14,0,31 33,0,20,,89857,14,0,31 33,0,21,,89858,14,0,31 33,0,60,,89859,14,0,31 33,0,20,,89860,14,0,31 33,0
3000000,'S2-0_4',634,,91563,8,,,0,19,,91562,8,,,0,60,,91522,8,,,0,21,,91523,8,,,0,20,,91524,8,,,0,60,,91525,8,,,0,20,,91526,8,,,0,22,,91527,8,,,0,60,,91528,8,,,0,20,,91529,8,,,0,20,,91530,8,,,0,58,,91531,8,,,0,21,,91532,8,,,0,20,,91533,8,,,0,60,,91534,8,,,0,20,,91535,8,,,0,20,,91536,8,,,0,60,,91537,8,,,0,22,,91538,8,,,0,19,,91539,8,,,0,60,,91540,8,,,0,19,,91541,8,,,0,20,,91542,8,,,0,61,,91543,8,,,0,20,,91544,8,,,0,20,,91545,8,,,0,60,,91546,8,,,0,19,,91547,8,,,0,19,,91548,8,,,0,56,,91549,8,,,0,19,,91550,8,,,0,18,,91551,8,,,0,60,,91552,8,,,0,21,,91553,8,,,0,22,,91554,8,,,0,61,,91555,8,,,0,22,,91556,8,,,0,21,,91557,8,,,0,60,,91558,8,,,0,29,,91559,8,,,0,73,,91560,8,,,0,33,,91561,8,,,0
3000000,'S2-0_5',634,,91609,8,,,0,19,,91608,8,,,0,60,,91568,8,,,0,21,,91569,8,,,0,20,,91570,8,,,0,60,,91571,8,,,0,20,,91572,8,,,0,22,,91573,8,,,0,60,,91574,8,,,0,20,,91575,8,,,0,20,,91576,8,,,0,58,,91577,8,,,0,21,,91578,8,,,0,20,,91579,8,,,0,60,,91580,8,,,0,20,,91581,8,,,0,20,,91582,8,,,0,60,,91583,8,,,0,22,,91584,8,,,0,19,,91585,8,,,0,60,,91586,8,,,0,19,,91587,8,,,0,20,,91588,8,,,0,61,,91589,8,,,0,20,,91590,8,,,0,20,,91591,8,,,0,60,,91592,8,,,0,19,,91593,8,,,0,19,,91594,8,,,0,56,,91595,8,,,0,19,,91596,8,,,0,18,,91597,8,,,0,60,,91598,8,,,0,21,,91599,8,,,0,22,,91600,8,,,0,61,,91601,8,,,0,22,,91602,8,,,0,21,,91603,8,,,0,60,,91604,8,,,0,29,,91605,8,,,0,73,,91606,8,,,0,33,,91607,8,,,0
3000000,'S2-1_3',634,,91655,8,,,0,19,,91654,8,,,0,60,,91614,8,,,0,21,,91615,8,,,0,20,,91616,8,,,0,60,,91617,8,,,0,20,,91618,8,,,0,22,,91619,8,,,0,60,,91620,8,,,0,20,,91621,8,,,0,20,,91622,8,,,0,58,,91623,8,,,0,21,,91624,8,,,0,20,,91625,8,,,0,60,,91626,8,,,0,20,,91627,8,,,0,20,,91628,8,,,0,60,,91629,8,,,0,22,,91630,8,,,0,19,,91631,8,,,0,60,,91632,8,,,0,19,,91633,8,,,0,20,,91634,8,,,0,61,,91635,8,,,0,20,,91636,8,,,0,20,,91637,8,,,0,60,,91638,8,,,0,19,,91639,8,,,0,19,,91640,8,,,0,56,,91641,8,,,0,19,,91642,8,,,0,18,,91643,8,,,0,60,,91644,8,,,0,21,,91645,8,,,0,22,,91646,8,,,0,61,,91647,8,,,0,22,,91648,8,,,0,21,,91649,8,,,0,60,,91650,8,,,0,29,,91651,8,,,0,73,,91652,8,,,0,33,,91653,8,,,0
3000000,'S2-2_6',639,,91660,8,,,0,81,,91661,8,,,0,81,,91662,8,,,0,30,,91663,8,,,0,20,,91664,8,,,0,60,,91665,8,,,0,20,,91666,8,,,0,20,,91667,8,,,0,60,,91668,8,,,0,20,,91669,8,,,0,20,,91670,8,,,0,59,,91671,8,,,0,20,,91672,8,,,0,20,,91673,8,,,0,60,,91674,8,,,0,19,,91675,8,,,0,20,,91676,8,,,0,60,,91677,8,,,0,20,,91678,8,,,0,20,,91679,8,,,0,61,,91680,8,,,0,20,,91681,8,,,0,20,,91682,8,,,0,60,,91683,8,,,0,20,,91684,8,,,0,20,,91685,8,,,0,60,,91686,8,,,0,20,,91687,8,,,0,20,,91688,8,,,0,60,,91689,8,,,0,20,,91690,8,,,0,20,,91691,8,,,0,60,,91692,8,,,0,20,,91693,8,,,0,19,,91694,8,,,0,70,,91695,8,,,0,30,,91696,8,,,0,70,,91697,8,,,0,29,,91698,8,,,0
3000000,'S2-3_7',759,,91700,8,,,0,170,,91701,8,,,0,130,,91708,8,,,0,170,,91707,8,,,0,130,,91706,8,,,0,170,,91704,8,,,0,130,,91705,8,,,0,169,,91703,8,,,0,130,,91702,8,,,0
3000000,'S2-4_1',634,,91755,8,,,0,19,,91754,8,,,0,60,,91714,8,,,0,21,,91715,8,,,0,20,,91716,8,,,0,60,,91717,8,,,0,20,,91718,8,,,0,22,,91719,8,,,0,60,,91720,8,,,0,20,,91721,8,,,0,20,,91722,8,,,0,58,,91723,8,,,0,21,,91724,8,,,0,20,,91725,8,,,0,60,,91726,8,,,0,20,,91727,8,,,0,20,,91728,8,,,0,60,,91729,8,,,0,22,,91730,8,,,0,19,,91731,8,,,0,60,,91732,8,,,0,19,,91733,8,,,0,20,,91734,8,,,0,61,,91735,8,,,0,20,,91736,8,,,0,20,,91737,8,,,0,60,,91738,8,,,0,19,,91739,8,,,0,19,,91740,8,,,0,56,,91741,8,,,0,19,,91742,8,,,0,18,,91743,8,,,0,60,,91744,8,,,0,21,,91745,8,,,0,22,,91746,8,,,0,61,,91747,8,,,0,22,,91748,8,,,0,21,,91749,8,,,0,60,,91750,8,,,0,29,,91751,8,,,0,73,,91752,8,,,0,33,,91753,8,,,0
3000000,'S2-4_2',634,,91801,8,,,0,19,,91800,8,,,0,60,,91760,8,,,0,21,,91761,8,,,0,20,,91762,8,,,0,60,,91763,8,,,0,20,,91764,8,,,0,22,,91765,8,,,0,60,,91766,8,,,0,20,,91767,8,,,0,20,,91768,8,,,0,58,,91769,8,,,0,21,,91770,8,,,0,20,,91771,8,,,0,60,,91772,8,,,0,20,,91773,8,,,0,20,,91774,8,,,0,60,,91775,8,,,0,22,,91776,8,,,0,19,,91777,8,,,0,60,,91778,8,,,0,19,,91779,8,,,0,20,,91780,8,,,0,61,,91781,8,,,0,20,,91782,8,,,0,20,,91783,8,,,0,60,,91784,8,,,0,19,,91785,8,,,0,19,,91786,8,,,0,56,,91787,8,,,0,19,,91788,8,,,0,18,,91789,8,,,0,60,,91790,8,,,0,21,,91791,8,,,0,22,,91792,8,,,0,61,,91793,8,,,0,22,,91794,8,,,0,21,,91795,8,,,0,60,,91796,8,,,0,29,,91797,8,,,0,73,,91798,8,,,0,33,,91799,8,,,0
3000000,'S2-4_4',634,,91847,8,,,0,19,,91846,8,,,0,60,,91806,8,,,0,21,,91807,8,,,0,20,,91808,8,,,0,60,,91809,8,,,0,20,,91810,8,,,0,22,,91811,8,,,0,60,,91812,8,,,0,20,,91813,8,,,0,20,,91814,8,,,0,58,,91815,8,,,0,21,,91816,8,,,0,20,,91817,8,,,0,60,,91818,8,,,0,20,,91819,8,,,0,20,,91820,8,,,0,60,,91821,8,,,0,22,,91822,8,,,0,19,,91823,8,,,0,60,,91824,8,,,0,19,,91825,8,,,0,20,,91826,8,,,0,61,,91827,8,,,0,20,,91828,8,,,0,20,,91829,8,,,0,60,,91830,8,,,0,19,,91831,8,,,0,19,,91832,8,,,0,56,,91833,8,,,0,19,,91834,8,,,0,18,,91835,8,,,0,60,,91836,8,,,0,21,,91837,8,,,0,22,,91838,8,,,0,61,,91839,8,,,0,22,,91840,8,,,0,21,,91841,8,,,0,60,,91842,8,,,0,29,,91843,8,,,0,73,,91844,8,,,0,33,,91845,8,,,0
