201,'S2-0_4',751,,84959,41,0,62,0,88,,84968,29,0,62,0,88,,84969,41,0,62,0,202,,84961,41,0,62,0,118,,84962,41,0,62,0,60,,84981,20,0,62,0,116,,84983,41,0,62,0,186,,84952,41,0,62,0,47,,84979,20,0,62,0,71,,84978,41,0,62,0,75,,84965,29,0,62,0,25,,84953,41,0,62,0,29,,84976,29,0,62,0,68,,84966,41,0,62,0,80,,84967,41,0,62,0
201,'S2-0_5',751,,84998,41,0,62,0,88,,85007,29,0,62,0,88,,85008,41,0,62,0,202,,85000,41,0,62,0,118,,85001,41,0,62,0,60,,85020,20,0,62,0,116,,85022,41,0,62,0,186,,84991,41,0,62,0,47,,85018,20,0,62,0,71,,85017,41,0,62,0,75,,85004,29,0,62,0,25,,84992,41,0,62,0,29,,85015,29,0,62,0,68,,85005,41,0,62,0,80,,85006,41,0,62,0
201,'S2-1_3',751,,85037,41,0,62,0,88,,85046,29,0,62,0,88,,85047,41,0,62,0,202,,85039,41,0,62,0,118,,85040,41,0,62,0,60,,85059,20,0,62,0,116,,85062,41,0,62,0,186,,85030,41,0,62,0,47,,85057,20,0,62,0,71,,85056,41,0,62,0,75,,85043,29,0,62,0,25,,85031,41,0,62,0,29,,85054,29,0,62,0,68,,85044,41,0,62,0,80,,85045,41,0,62,0
201,'S2-2_6',757,,85088,41,0,62,0,159,,85077,29,0,62,0,126,,85090,41,0,62,0,110,,85091,41,0,64,0,85,,85080,29,0,62,0,107,,85081,29,0,62,0,104,,85082,29,0,62,0,90,,85071,41,0,62,0,103,,85072,41,0,62,0,165,,85085,29,0,62,0,123,,85098,41,0,62,0,72,,85087,29,0,62,0
201,'S2-4_1',751,,85121,41,0,62,0,88,,85130,29,0,62,0,88,,85131,41,0,62,0,202,,85123,41,0,62,0,118,,85124,41,0,62,0,60,,85143,20,0,62,0,116,,85145,41,0,62,0,186,,85114,41,0,62,0,47,,85141,20,0,62,0,71,,85140,41,0,62,0,75,,85127,29,0,62,0,25,,85115,41,0,62,0,29,,85138,29,0,62,0,68,,85128,41,0,62,0,80,,85129,41,0,62,0
201,'S2-4_2',751,,85160,41,0,62,0,88,,85169,29,0,62,0,88,,85170,41,0,62,0,202,,85162,41,0,62,0,118,,85163,41,0,62,0,60,,85182,20,0,62,0,116,,85184,41,0,62,0,186,,85153,41,0,62,0,47,,85180,20,0,62,0,71,,85179,41,0,62,0,75,,85166,29,0,62,0,25,,85154,41,0,62,0,29,,85177,29,0,62,0,68,,85167,41,0,62,0,80,,85168,41,0,62,0
201,'S2-4_4',751,,85199,41,0,62,0,88,,85208,29,0,62,0,88,,85209,41,0,62,0,202,,85201,41,0,62,0,118,,85202,41,0,62,0,60,,85221,20,0,62,0,116,,85223,41,0,62,0,186,,85192,41,0,62,0,47,,85219,20,0,62,0,71,,85218,41,0,62,0,75,,85205,29,0,62,0,25,,85193,41,0,62,0,29,,85216,29,0,62,0,68,,85206,41,0,62,0,80,,85207,41,0,62,0
2900201,'S2-0_4',1801,,91340,5,,,0,99,,91341,5,,,0
2900201,'S2-0_5',1801,,91342,5,,,0,99,,91343,5,,,0
2900201,'S2-1_3',1801,,91344,5,,,0,99,,91345,5,,,0
2900201,'S2-4_1',1801,,91346,5,,,0,99,,91347,5,,,0
2900201,'S2-4_2',1801,,91348,5,,,0,99,,91349,5,,,0
2900201,'S2-4_4',1801,,91350,5,,,0,99,,91351,5,,,0
