600,'S2-0_4',738,,86324,31,4,,0,112,,86325,31,4,,0
600,'S2-0_5',738,,86340,31,4,,0,112,,86341,31,4,,0
600,'S2-1_3',738,,86356,31,4,,0,112,,86357,31,4,,0
600,'S2-4_1',738,,86387,31,4,,0,112,,86388,31,4,,0
600,'S2-4_2',738,,86403,31,4,,0,112,,86404,31,4,,0
600,'S2-4_4',738,,86419,31,4,,0,112,,86420,31,4,,0
2301,'S2-0_4',713,,88103,21,,,0,23,,88102,21,,,0,1,,88101,31,,,0
2301,'S2-0_5',713,,88106,21,,,0,23,,88105,21,,,0,1,,88104,31,,,0
2301,'S2-1_3',713,,88109,21,,,0,23,,88108,21,,,0,1,,88107,31,,,0
2301,'S2-4_1',713,,88112,21,,,0,23,,88111,21,,,0,1,,88110,31,,,0
2301,'S2-4_2',713,,88115,21,,,0,23,,88114,21,,,0,1,,88113,31,,,0
2301,'S2-4_4',713,,88118,21,,,0,23,,88117,21,,,0,1,,88116,31,,,0
