400,'S2-0_4',924,,85675,9,0,40,0,303,,85696,9,0,40,0,124,,85684,9,0,40,0,104,,85685,9,0,40,0,165,,85686,9,0,40,0,119,,85688,9,0,40,0,164,,85691,9,0,40,0
400,'S2-0_5',924,,85709,9,0,40,0,303,,85730,9,0,40,0,124,,85718,9,0,40,0,104,,85719,9,0,40,0,165,,85720,9,0,40,0,119,,85722,9,0,40,0,164,,85725,9,0,40,0
400,'S2-1_3',924,,85743,9,0,40,0,303,,85763,9,0,40,0,124,,85752,9,0,40,0,104,,85753,9,0,40,0,165,,85754,9,0,40,0,119,,85756,9,0,40,0,164,,85759,9,0,40,0
400,'S2-2_6',826,,85771,9,0,40,0,198,,85772,9,0,40,0,200,,85773,9,0,40,0,201,,85774,9,0,40,0,202,,85775,9,0,40,0,209,,85776,9,0,40,0
400,'S2-3_7',807,,85795,9,0,40,0,125,,85796,9,0,40,0,125,,85797,9,0,40,0,200,,85798,9,0,40,0,165,,85799,9,0,40,0,125,,85800,9,0,40,0,166,,85801,9,0,40,0,125,,85802,9,0,40,0
400,'S2-4_1',924,,85808,9,0,40,0,303,,85829,9,0,40,0,124,,85817,9,0,40,0,104,,85818,9,0,40,0,165,,85819,9,0,40,0,119,,85821,9,0,40,0,164,,85824,9,0,40,0
400,'S2-4_2',924,,85842,9,0,40,0,303,,85863,9,0,40,0,124,,85851,9,0,40,0,104,,85852,9,0,40,0,165,,85853,9,0,40,0,119,,85855,9,0,40,0,164,,85858,9,0,40,0
400,'S2-4_4',924,,85876,9,0,40,0,303,,85897,9,0,40,0,124,,85885,9,0,40,0,104,,85886,9,0,40,0,165,,85887,9,0,40,0,119,,85889,9,0,40,0,164,,85892,9,0,40,0
2901200,'S2-0_4',643,,91492,9,,,0,104,,91491,9,,,0
2901200,'S2-0_5',643,,91494,9,,,0,104,,91493,9,,,0
2901200,'S2-1_3',643,,91496,9,,,0,104,,91495,9,,,0
2901200,'S2-4_1',643,,91498,9,,,0,104,,91497,9,,,0
2901200,'S2-4_2',643,,91500,9,,,0,104,,91499,9,,,0
2901200,'S2-4_4',643,,91502,9,,,0,104,,91501,9,,,0
