301,'S2-0_4',741,,85473,29,,,0,61,,85447,29,,,0,34,,85474,29,,,0,73,,85448,29,,,0,30,,85449,29,,,0,71,,85450,29,,,0,32,,85451,29,,,0,72,,85452,29,,,0,33,,85453,29,,,0,74,,85454,29,,,0,31,,85455,29,,,0,71,,85456,29,,,0,33,,85457,29,,,0,72,,85458,29,,,0,31,,85459,29,,,0,71,,85460,29,,,0,27,,85461,29,,,0,68,,85462,29,,,0,31,,85463,29,,,0,70,,85464,29,,,0,30,,85465,29,,,0,70,,85466,29,,,0,23,,85467,29,,,0,62,,85468,29,,,0,23,,85469,29,,,0,69,,85470,29,,,0,28,,85471,29,,,0,70,,85472,29,,,0
301,'S2-0_5',741,,85501,29,,,0,61,,85475,29,,,0,34,,85502,29,,,0,73,,85476,29,,,0,30,,85477,29,,,0,71,,85478,29,,,0,32,,85479,29,,,0,72,,85480,29,,,0,33,,85481,29,,,0,74,,85482,29,,,0,31,,85483,29,,,0,71,,85484,29,,,0,33,,85485,29,,,0,72,,85486,29,,,0,31,,85487,29,,,0,71,,85488,29,,,0,27,,85489,29,,,0,68,,85490,29,,,0,31,,85491,29,,,0,70,,85492,29,,,0,30,,85493,29,,,0,70,,85494,29,,,0,23,,85495,29,,,0,62,,85496,29,,,0,23,,85497,29,,,0,69,,85498,29,,,0,28,,85499,29,,,0,70,,85500,29,,,0
301,'S2-1_3',741,,85529,29,,,0,61,,85503,29,,,0,34,,85530,29,,,0,73,,85504,29,,,0,30,,85505,29,,,0,71,,85506,29,,,0,32,,85507,29,,,0,72,,85508,29,,,0,33,,85509,29,,,0,74,,85510,29,,,0,31,,85511,29,,,0,71,,85512,29,,,0,33,,85513,29,,,0,72,,85514,29,,,0,31,,85515,29,,,0,71,,85516,29,,,0,27,,85517,29,,,0,68,,85518,29,,,0,31,,85519,29,,,0,70,,85520,29,,,0,30,,85521,29,,,0,70,,85522,29,,,0,23,,85523,29,,,0,62,,85524,29,,,0,23,,85525,29,,,0,69,,85526,29,,,0,28,,85527,29,,,0,70,,85528,29,,,0
301,'S2-2_6',746,,85534,29,,,0,71,,85531,29,,,0,31,,85532,29,,,0,70,,85533,29,,,0,31,,85535,29,,,0,70,,85536,29,,,0,31,,85537,29,,,0,70,,85538,29,,,0,31,,85542,29,,,0,69,,85541,29,,,0,28,,85539,29,,,0,69,,85540,29,,,0,29,,85544,29,,,0,71,,85545,29,,,0,30,,85543,29,,,0,71,,85546,29,,,0,30,,85549,29,,,0,72,,85547,29,,,0,33,,85548,29,,,0,71,,85551,29,,,0,31,,85550,29,,,0,70,,85552,29,,,0,32,,85553,29,,,0,67,,85554,29,,,0,28,,85555,29,,,0,69,,85556,29,,,0,30,,85557,29,,,0,63,,85558,29,,,0
301,'S2-3_7',820,,85580,29,,,0,33,,85575,29,,,0,72,,85581,29,,,0,33,,85576,29,,,0,73,,85582,29,,,0,72,,85577,29,,,0,33,,85583,29,,,0,72,,85578,29,,,0,32,,85584,29,,,0,73,,85559,29,,,0,27,,85560,29,,,0,69,,85561,29,,,0,26,,85562,29,,,0,68,,85563,29,,,0,27,,85564,29,,,0,29,,85565,29,,,0,68,,85585,29,,,0,26,,85566,29,,,0,72,,85567,29,,,0,34,,85568,29,,,0,68,,85569,29,,,0,27,,85570,29,,,0,65,,85571,29,,,0,25,,85572,29,,,0,66,,85573,29,,,0,27,,85579,29,,,0,65,,85574,29,,,0
301,'S2-4_1',741,,85612,29,,,0,61,,85586,29,,,0,34,,85613,29,,,0,73,,85587,29,,,0,30,,85588,29,,,0,71,,85589,29,,,0,32,,85590,29,,,0,72,,85591,29,,,0,33,,85592,29,,,0,74,,85593,29,,,0,31,,85594,29,,,0,71,,85595,29,,,0,33,,85596,29,,,0,72,,85597,29,,,0,31,,85598,29,,,0,71,,85599,29,,,0,27,,85600,29,,,0,68,,85601,29,,,0,31,,85602,29,,,0,70,,85603,29,,,0,30,,85604,29,,,0,70,,85605,29,,,0,23,,85606,29,,,0,62,,85607,29,,,0,23,,85608,29,,,0,69,,85609,29,,,0,28,,85610,29,,,0,70,,85611,29,,,0
301,'S2-4_2',741,,85640,29,,,0,61,,85614,29,,,0,34,,85641,29,,,0,73,,85615,29,,,0,30,,85616,29,,,0,71,,85617,29,,,0,32,,85618,29,,,0,72,,85619,29,,,0,33,,85620,29,,,0,74,,85621,29,,,0,31,,85622,29,,,0,71,,85623,29,,,0,33,,85624,29,,,0,72,,85625,29,,,0,31,,85626,29,,,0,71,,85627,29,,,0,27,,85628,29,,,0,68,,85629,29,,,0,31,,85630,29,,,0,70,,85631,29,,,0,30,,85632,29,,,0,70,,85633,29,,,0,23,,85634,29,,,0,62,,85635,29,,,0,23,,85636,29,,,0,69,,85637,29,,,0,28,,85638,29,,,0,70,,85639,29,,,0
301,'S2-4_4',741,,85668,29,,,0,61,,85642,29,,,0,34,,85669,29,,,0,73,,85643,29,,,0,30,,85644,29,,,0,71,,85645,29,,,0,32,,85646,29,,,0,72,,85647,29,,,0,33,,85648,29,,,0,74,,85649,29,,,0,31,,85650,29,,,0,71,,85651,29,,,0,33,,85652,29,,,0,72,,85653,29,,,0,31,,85654,29,,,0,71,,85655,29,,,0,27,,85656,29,,,0,68,,85657,29,,,0,31,,85658,29,,,0,70,,85659,29,,,0,30,,85660,29,,,0,70,,85661,29,,,0,23,,85662,29,,,0,62,,85663,29,,,0,23,,85664,29,,,0,69,,85665,29,,,0,28,,85666,29,,,0,70,,85667,29,,,0
900601,'S2-0_4',809,,89031,21,,,0,130,,89032,21,,,0,170,,89033,21,,,0,135,,89034,21,,,0,160,,89035,21,,,0,135,,89036,21,,,0,165,,89037,21,,,0,130,,89038,21,,,0
900601,'S2-0_5',809,,89039,21,,,0,130,,89040,21,,,0,170,,89041,21,,,0,135,,89042,21,,,0,160,,89043,21,,,0,135,,89044,21,,,0,165,,89045,21,,,0,130,,89046,21,,,0
900601,'S2-1_3',809,,89047,21,,,0,130,,89048,21,,,0,170,,89049,21,,,0,135,,89050,21,,,0,160,,89051,21,,,0,135,,89052,21,,,0,165,,89053,21,,,0,130,,89054,21,,,0
900601,'S2-2_6',809,,89055,21,,,0,130,,89056,21,,,0,170,,89057,21,,,0,135,,89058,21,,,0,160,,89059,21,,,0,135,,89060,21,,,0,165,,89061,21,,,0,130,,89062,21,,,0
900601,'S2-4_1',809,,89063,21,,,0,130,,89064,21,,,0,170,,89065,21,,,0,135,,89066,21,,,0,160,,89067,21,,,0,135,,89068,21,,,0,165,,89069,21,,,0,130,,89070,21,,,0
900601,'S2-4_2',809,,89071,21,,,0,130,,89072,21,,,0,170,,89073,21,,,0,135,,89074,21,,,0,160,,89075,21,,,0,135,,89076,21,,,0,165,,89077,21,,,0,130,,89078,21,,,0
900601,'S2-4_4',809,,89079,21,,,0,130,,89080,21,,,0,170,,89081,21,,,0,135,,89082,21,,,0,160,,89083,21,,,0,135,,89084,21,,,0,165,,89085,21,,,0,130,,89086,21,,,0
2900301,'S2-0_4',1733,,91370,15,4,,0,68,,91371,15,4,,0,33,,91372,15,4,,0,20,,91373,15,4,,0
2900301,'S2-0_5',1733,,91374,15,4,,0,68,,91375,15,4,,0,33,,91376,15,4,,0,20,,91377,15,4,,0
2900301,'S2-1_3',1733,,91378,15,4,,0,68,,91379,15,4,,0,33,,91380,15,4,,0,20,,91381,15,4,,0
2900301,'S2-4_1',1733,,91382,15,4,,0,68,,91383,15,4,,0,33,,91384,15,4,,0,20,,91385,15,4,,0
2900301,'S2-4_2',1733,,91386,15,4,,0,68,,91387,15,4,,0,33,,91388,15,4,,0,20,,91389,15,4,,0
2900301,'S2-4_4',1733,,91390,15,4,,0,68,,91391,15,4,,0,33,,91392,15,4,,0,20,,91393,15,4,,0
