301,'S2-0_4',657,,85473,1,,,0,60,,85447,1,,,0,33,,85474,1,,,0,72,,85448,1,,,0,32,,85449,1,,,0,72,,85450,1,,,0,32,,85451,1,,,0,72,,85452,1,,,0,72,,85453,1,,,0,32,,85454,1,,,0,72,,85455,1,,,0,32,,85456,1,,,0,72,,85457,1,,,0,32,,85458,1,,,0,71,,85459,1,,,0,30,,85460,1,,,0,67,,85461,1,,,0,26,,85462,1,,,0,71,,85463,1,,,0,29,,85464,1,,,0,67,,85465,1,,,0,31,,85466,1,,,0,67,,85467,1,,,0,27,,85468,1,,,0,26,,85469,1,,,0,70,,85470,1,,,0,30,,85471,1,,,0,70,,85472,1,,,0
301,'S2-0_5',657,,85501,1,,,0,60,,85475,1,,,0,33,,85502,1,,,0,72,,85476,1,,,0,32,,85477,1,,,0,72,,85478,1,,,0,32,,85479,1,,,0,72,,85480,1,,,0,72,,85481,1,,,0,32,,85482,1,,,0,72,,85483,1,,,0,32,,85484,1,,,0,72,,85485,1,,,0,32,,85486,1,,,0,71,,85487,1,,,0,30,,85488,1,,,0,67,,85489,1,,,0,26,,85490,1,,,0,71,,85491,1,,,0,29,,85492,1,,,0,67,,85493,1,,,0,31,,85494,1,,,0,67,,85495,1,,,0,27,,85496,1,,,0,26,,85497,1,,,0,70,,85498,1,,,0,30,,85499,1,,,0,70,,85500,1,,,0
301,'S2-1_3',657,,85529,1,,,0,60,,85503,1,,,0,33,,85530,1,,,0,72,,85504,1,,,0,32,,85505,1,,,0,72,,85506,1,,,0,32,,85507,1,,,0,72,,85508,1,,,0,72,,85509,1,,,0,32,,85510,1,,,0,72,,85511,1,,,0,32,,85512,1,,,0,72,,85513,1,,,0,32,,85514,1,,,0,71,,85515,1,,,0,30,,85516,1,,,0,67,,85517,1,,,0,26,,85518,1,,,0,71,,85519,1,,,0,29,,85520,1,,,0,67,,85521,1,,,0,31,,85522,1,,,0,67,,85523,1,,,0,27,,85524,1,,,0,26,,85525,1,,,0,70,,85526,1,,,0,30,,85527,1,,,0,70,,85528,1,,,0
301,'S2-2_6',708,,85534,1,,,0,30,,85531,1,,,0,70,,85532,1,,,0,30,,85533,1,,,0,69,,85535,1,,,0,30,,85536,1,,,0,70,,85537,1,,,0,29,,85538,1,,,0,71,,85542,1,,,0,30,,85541,1,,,0,70,,85539,1,,,0,29,,85540,1,,,0,69,,85544,1,,,0,29,,85545,1,,,0,69,,85543,1,,,0,31,,85546,1,,,0,70,,85549,1,,,0,32,,85547,1,,,0,72,,85548,1,,,0,31,,85551,1,,,0,71,,85550,1,,,0,32,,85552,1,,,0,72,,85553,1,,,0,30,,85554,1,,,0,71,,85555,1,,,0,29,,85556,1,,,0,70,,85557,1,,,0,24,,85558,1,,,0
301,'S2-3_7',741,,85580,1,,,0,72,,85575,1,,,0,32,,85581,1,,,0,71,,85576,1,,,0,32,,85582,1,,,0,72,,85577,1,,,0,32,,85583,1,,,0,72,,85578,1,,,0,33,,85584,1,,,0,70,,85559,1,,,0,27,,85560,1,,,0,67,,85561,1,,,0,25,,85562,1,,,0,68,,85563,1,,,0,27,,85564,1,,,0,69,,85565,1,,,0,28,,85585,1,,,0,71,,85566,1,,,0,32,,85567,1,,,0,72,,85568,1,,,0,29,,85569,1,,,0,68,,85570,1,,,0,27,,85571,1,,,0,68,,85572,1,,,0,27,,85573,1,,,0,68,,85579,1,,,0,26,,85574,1,,,0
301,'S2-4_1',657,,85612,1,,,0,60,,85586,1,,,0,33,,85613,1,,,0,72,,85587,1,,,0,32,,85588,1,,,0,72,,85589,1,,,0,32,,85590,1,,,0,72,,85591,1,,,0,72,,85592,1,,,0,32,,85593,1,,,0,72,,85594,1,,,0,32,,85595,1,,,0,72,,85596,1,,,0,32,,85597,1,,,0,71,,85598,1,,,0,30,,85599,1,,,0,67,,85600,1,,,0,26,,85601,1,,,0,71,,85602,1,,,0,29,,85603,1,,,0,67,,85604,1,,,0,31,,85605,1,,,0,67,,85606,1,,,0,27,,85607,1,,,0,26,,85608,1,,,0,70,,85609,1,,,0,30,,85610,1,,,0,70,,85611,1,,,0
301,'S2-4_2',657,,85640,1,,,0,60,,85614,1,,,0,33,,85641,1,,,0,72,,85615,1,,,0,32,,85616,1,,,0,72,,85617,1,,,0,32,,85618,1,,,0,72,,85619,1,,,0,72,,85620,1,,,0,32,,85621,1,,,0,72,,85622,1,,,0,32,,85623,1,,,0,72,,85624,1,,,0,32,,85625,1,,,0,71,,85626,1,,,0,30,,85627,1,,,0,67,,85628,1,,,0,26,,85629,1,,,0,71,,85630,1,,,0,29,,85631,1,,,0,67,,85632,1,,,0,31,,85633,1,,,0,67,,85634,1,,,0,27,,85635,1,,,0,26,,85636,1,,,0,70,,85637,1,,,0,30,,85638,1,,,0,70,,85639,1,,,0
301,'S2-4_4',657,,85668,1,,,0,60,,85642,1,,,0,33,,85669,1,,,0,72,,85643,1,,,0,32,,85644,1,,,0,72,,85645,1,,,0,32,,85646,1,,,0,72,,85647,1,,,0,72,,85648,1,,,0,32,,85649,1,,,0,72,,85650,1,,,0,32,,85651,1,,,0,72,,85652,1,,,0,32,,85653,1,,,0,71,,85654,1,,,0,30,,85655,1,,,0,67,,85656,1,,,0,26,,85657,1,,,0,71,,85658,1,,,0,29,,85659,1,,,0,67,,85660,1,,,0,31,,85661,1,,,0,67,,85662,1,,,0,27,,85663,1,,,0,26,,85664,1,,,0,70,,85665,1,,,0,30,,85666,1,,,0,70,,85667,1,,,0
401,'S2-0_4',714,,85936,27,0,52,0,11,,85906,29,0,41,0,15,,85923,31,0,41,0,17,,85907,29,0,41,0,55,,85930,31,,,0,24,,85908,29,0,41,0,11,,85909,29,0,41,0,78,,85910,29,0,41,0,34,,85911,29,0,41,0,73,,85912,29,0,41,0,75,,85932,29,,,0,29,,85913,29,0,41,0,70,,85914,29,0,41,0,20,,85931,31,,,0,29,,85927,32,0,41,0,71,,85933,29,,,0,74,,85905,32,0,41,0,37,,85915,29,0,41,0,69,,85934,29,,,0,30,,85916,29,0,41,0,66,,85917,29,0,41,0,18,,85918,31,0,41,0,14,,85928,32,0,41,0,22,,85924,29,0,41,0,55,,85919,29,0,41,0,14,,85925,31,0,41,0,12,,85929,32,,,0,70,,85920,29,0,41,0,25,,85926,31,0,41,0,76,,85921,29,0,41,0,20,,85935,29,,,0
401,'S2-0_5',714,,85968,27,0,52,0,11,,85938,29,0,41,0,15,,85955,31,0,41,0,17,,85939,29,0,41,0,55,,85962,31,,,0,24,,85940,29,0,41,0,11,,85941,29,0,41,0,78,,85942,29,0,41,0,34,,85943,29,0,41,0,73,,85944,29,0,41,0,75,,85964,29,,,0,29,,85945,29,0,41,0,70,,85946,29,0,41,0,20,,85963,31,,,0,29,,85959,32,0,41,0,71,,85965,29,,,0,74,,85937,32,0,41,0,37,,85947,29,0,41,0,69,,85966,29,,,0,30,,85948,29,0,41,0,66,,85949,29,0,41,0,18,,85950,31,0,41,0,14,,85960,32,0,41,0,22,,85956,29,0,41,0,55,,85951,29,0,41,0,14,,85957,31,0,41,0,12,,85961,32,,,0,70,,85952,29,0,41,0,25,,85958,31,0,41,0,76,,85953,29,0,41,0,20,,85967,29,,,0
401,'S2-1_3',714,,86000,27,0,52,0,11,,85970,29,0,41,0,15,,85987,31,0,41,0,17,,85971,29,0,41,0,55,,85994,31,,,0,24,,85972,29,0,41,0,11,,85973,29,0,41,0,78,,85974,29,0,41,0,34,,85975,29,0,41,0,73,,85976,29,0,41,0,75,,85996,29,,,0,29,,85977,29,0,41,0,70,,85978,29,0,41,0,20,,85995,31,,,0,29,,85991,32,0,41,0,71,,85997,29,,,0,74,,85969,32,0,41,0,37,,85979,29,0,41,0,69,,85998,29,,,0,30,,85980,29,0,41,0,66,,85981,29,0,41,0,18,,85982,31,0,41,0,14,,85992,32,0,41,0,22,,85988,29,0,41,0,55,,85983,29,0,41,0,14,,85989,31,0,41,0,12,,85993,32,,,0,70,,85984,29,0,41,0,25,,85990,31,0,41,0,76,,85985,29,0,41,0,20,,85999,29,,,0
401,'S2-2_6',713,,86001,29,,,0,116,,86008,29,0,41,0,73,,86002,29,,,0,28,,86009,29,0,41,0,72,,86010,29,0,41,0,28,,86011,29,0,41,0,72,,86003,29,,,0,28,,86012,29,0,41,0,73,,86013,29,0,41,0,30,,86014,29,0,41,0,70,,86004,29,,,0,29,,86015,29,0,41,0,69,,86016,29,0,41,0,31,,86017,29,0,41,0,71,,86005,29,,,0,28,,86018,29,0,41,0,73,,86019,29,0,41,0,33,,86020,29,0,41,0,71,,86006,29,,,0,32,,86021,29,0,41,0,72,,86022,29,0,41,0,31,,86023,29,0,41,0,70,,86024,29,0,41,0,30,,86007,29,,,0
401,'S2-3_7',946,,86025,29,,,0,165,,86026,29,,,0,125,,86027,29,,,0,201,,86028,29,,,0,165,,86029,29,,,0,125,,86030,29,,,0,125,,86031,29,,,0
401,'S2-4_1',714,,86063,27,0,52,0,11,,86033,29,0,41,0,15,,86050,31,0,41,0,17,,86034,29,0,41,0,55,,86057,31,,,0,24,,86035,29,0,41,0,11,,86036,29,0,41,0,78,,86037,29,0,41,0,34,,86038,29,0,41,0,73,,86039,29,0,41,0,75,,86059,29,,,0,29,,86040,29,0,41,0,70,,86041,29,0,41,0,20,,86058,31,,,0,29,,86054,32,0,41,0,71,,86060,29,,,0,74,,86032,32,0,41,0,37,,86042,29,0,41,0,69,,86061,29,,,0,30,,86043,29,0,41,0,66,,86044,29,0,41,0,18,,86045,31,0,41,0,14,,86055,32,0,41,0,22,,86051,29,0,41,0,55,,86046,29,0,41,0,14,,86052,31,0,41,0,12,,86056,32,,,0,70,,86047,29,0,41,0,25,,86053,31,0,41,0,76,,86048,29,0,41,0,20,,86062,29,,,0
401,'S2-4_2',714,,86095,27,0,52,0,11,,86065,29,0,41,0,15,,86082,31,0,41,0,17,,86066,29,0,41,0,55,,86089,31,,,0,24,,86067,29,0,41,0,11,,86068,29,0,41,0,78,,86069,29,0,41,0,34,,86070,29,0,41,0,73,,86071,29,0,41,0,75,,86091,29,,,0,29,,86072,29,0,41,0,70,,86073,29,0,41,0,20,,86090,31,,,0,29,,86086,32,0,41,0,71,,86092,29,,,0,74,,86064,32,0,41,0,37,,86074,29,0,41,0,69,,86093,29,,,0,30,,86075,29,0,41,0,66,,86076,29,0,41,0,18,,86077,31,0,41,0,14,,86087,32,0,41,0,22,,86083,29,0,41,0,55,,86078,29,0,41,0,14,,86084,31,0,41,0,12,,86088,32,,,0,70,,86079,29,0,41,0,25,,86085,31,0,41,0,76,,86080,29,0,41,0,20,,86094,29,,,0
401,'S2-4_4',714,,86127,27,0,52,0,11,,86097,29,0,41,0,15,,86114,31,0,41,0,17,,86098,29,0,41,0,55,,86121,31,,,0,24,,86099,29,0,41,0,11,,86100,29,0,41,0,78,,86101,29,0,41,0,34,,86102,29,0,41,0,73,,86103,29,0,41,0,75,,86123,29,,,0,29,,86104,29,0,41,0,70,,86105,29,0,41,0,20,,86122,31,,,0,29,,86118,32,0,41,0,71,,86124,29,,,0,74,,86096,32,0,41,0,37,,86106,29,0,41,0,69,,86125,29,,,0,30,,86107,29,0,41,0,66,,86108,29,0,41,0,18,,86109,31,0,41,0,14,,86119,32,0,41,0,22,,86115,29,0,41,0,55,,86110,29,0,41,0,14,,86116,31,0,41,0,12,,86120,32,,,0,70,,86111,29,0,41,0,25,,86117,31,0,41,0,76,,86112,29,0,41,0,20,,86126,29,,,0
501,'S2-0_4',911,,86230,1,,,0,104,,86231,1,,,0,100,,86232,1,,,0,86,,86233,1,,,0,55,,86234,1,,,0,99,,86235,1,,,0,102,,86236,1,,,0,100,,86237,1,,,0,65,,86239,1,0,13,0,78,,86238,1,,,0,30,,86240,1,0,13,0,77,,86242,1,,,0,20,,86241,1,0,13,0,111,,86243,1,,,0
501,'S2-0_5',911,,86244,1,,,0,104,,86245,1,,,0,100,,86246,1,,,0,86,,86247,1,,,0,55,,86248,1,,,0,99,,86249,1,,,0,102,,86250,1,,,0,100,,86251,1,,,0,65,,86253,1,0,13,0,78,,86252,1,,,0,30,,86254,1,0,13,0,77,,86256,1,,,0,20,,86255,1,0,13,0,111,,86257,1,,,0
501,'S2-1_3',911,,86258,1,,,0,104,,86259,1,,,0,100,,86260,1,,,0,86,,86261,1,,,0,25,,86267,1,0,13,0,30,,86262,1,,,0,99,,86263,1,,,0,102,,86264,1,,,0,100,,86265,1,,,0,143,,86266,1,,,0,107,,86268,1,,,0,131,,86269,1,,,0
501,'S2-2_6',805,,86270,1,,,0,99,,86271,1,,,0,100,,86272,1,,,0,100,,86273,1,,,0,100,,86274,1,,,0,55,,86275,1,,,0,98,,86276,1,,,0,100,,86277,1,,,0,100,,86278,1,,,0,100,,86279,1,,,0,100,,86280,1,,,0,192,,86281,1,,,0
501,'S2-4_1',911,,86282,1,,,0,104,,86283,1,,,0,100,,86284,1,,,0,86,,86285,1,,,0,55,,86286,1,,,0,99,,86287,1,,,0,102,,86288,1,,,0,100,,86289,1,,,0,65,,86291,1,0,13,0,78,,86290,1,,,0,30,,86292,1,0,13,0,77,,86294,1,,,0,20,,86293,1,0,13,0,111,,86295,1,,,0
501,'S2-4_2',911,,86296,1,,,0,104,,86297,1,,,0,100,,86298,1,,,0,86,,86299,1,,,0,55,,86300,1,,,0,99,,86301,1,,,0,102,,86302,1,,,0,100,,86303,1,,,0,65,,86305,1,0,13,0,78,,86304,1,,,0,30,,86306,1,0,13,0,77,,86308,1,,,0,20,,86307,1,0,13,0,111,,86309,1,,,0
501,'S2-4_4',911,,86310,1,,,0,104,,86311,1,,,0,100,,86312,1,,,0,86,,86313,1,,,0,55,,86314,1,,,0,99,,86315,1,,,0,102,,86316,1,,,0,100,,86317,1,,,0,65,,86319,1,0,13,0,78,,86318,1,,,0,30,,86320,1,0,13,0,77,,86322,1,,,0,20,,86321,1,0,13,0,111,,86323,1,,,0
601,'S2-0_4',602,,86435,1,,,0,103,,86448,1,,,0,98,,86436,1,,,0,102,,86437,1,,,0,98,,86438,1,,,0,100,,86439,1,,,0,99,,86452,1,,,0,26,,86440,1,,,0,81,,86441,1,,,0,103,,86442,1,,,0,94,,86443,1,,,0,39,,86449,1,,,0,78,,86444,2,,,0,35,,86450,1,,,0,69,,86445,2,,,0,73,,86451,2,,,0,28,,86446,1,,,0,96,,86447,1,,,0
601,'S2-0_5',602,,86453,1,,,0,103,,86466,1,,,0,98,,86454,1,,,0,102,,86455,1,,,0,98,,86456,1,,,0,100,,86457,1,,,0,99,,86470,1,,,0,26,,86458,1,,,0,81,,86459,1,,,0,103,,86460,1,,,0,94,,86461,1,,,0,39,,86467,1,,,0,78,,86462,2,,,0,35,,86468,1,,,0,69,,86463,2,,,0,73,,86469,2,,,0,28,,86464,1,,,0,96,,86465,1,,,0
601,'S2-1_3',602,,86471,1,,,0,103,,86485,1,,,0,98,,86472,1,,,0,102,,86473,1,,,0,98,,86474,1,,,0,100,,86475,1,,,0,99,,86476,2,,,0,26,,86477,1,,,0,81,,86478,1,,,0,103,,86479,1,,,0,94,,86480,1,,,0,39,,86486,1,,,0,78,,86481,2,,,0,35,,86487,1,,,0,69,,86482,2,,,0,73,,86488,2,,,0,28,,86483,1,,,0,96,,86484,1,,,0
601,'S2-2_6',731,,86489,1,,,0,90,,86491,1,,,0,94,,86492,1,,,0,94,,86493,1,,,0,48,,86494,1,,,0,89,,86495,1,,,0,89,,86496,1,,,0,89,,86497,1,,,0,87,,86498,1,,,0,89,,86499,1,,,0,100,,86500,1,,,0,51,,86501,1,,,0,95,,86502,1,,,0,87,,86503,1,,,0,91,,86490,1,,,0
601,'S2-4_1',602,,86504,1,,,0,103,,86517,1,,,0,98,,86505,1,,,0,102,,86506,1,,,0,98,,86507,1,,,0,100,,86508,1,,,0,99,,86521,1,,,0,26,,86509,1,,,0,81,,86510,1,,,0,103,,86511,1,,,0,94,,86512,1,,,0,39,,86518,1,,,0,78,,86513,2,,,0,35,,86519,1,,,0,69,,86514,2,,,0,73,,86520,2,,,0,28,,86515,1,,,0,96,,86516,1,,,0
601,'S2-4_2',602,,86522,1,,,0,103,,86535,1,,,0,98,,86523,1,,,0,102,,86524,1,,,0,98,,86525,1,,,0,100,,86526,1,,,0,99,,86539,1,,,0,26,,86527,1,,,0,81,,86528,1,,,0,103,,86529,1,,,0,94,,86530,1,,,0,39,,86536,1,,,0,78,,86531,2,,,0,35,,86537,1,,,0,69,,86532,2,,,0,73,,86538,2,,,0,28,,86533,1,,,0,96,,86534,1,,,0
601,'S2-4_4',602,,86540,1,,,0,103,,86553,1,,,0,98,,86541,1,,,0,102,,86542,1,,,0,98,,86543,1,,,0,100,,86544,1,,,0,99,,86557,1,,,0,26,,86545,1,,,0,81,,86546,1,,,0,103,,86547,1,,,0,94,,86548,1,,,0,39,,86554,1,,,0,78,,86549,2,,,0,35,,86555,1,,,0,69,,86550,2,,,0,73,,86556,2,,,0,28,,86551,1,,,0,96,,86552,1,,,0
1001,'S2-0_4',735,,87200,1,,,0,99,,87202,1,,,0,85,,87203,1,,,0,125,,87204,1,,,0,304,,87201,1,,,0,261,,87212,1,,,0,121,,87213,1,,,0,92,,87205,1,,,0,108,,87206,1,,,0
1001,'S2-0_5',735,,87214,1,,,0,99,,87216,1,,,0,85,,87217,1,,,0,125,,87218,1,,,0,304,,87215,1,,,0,261,,87226,1,,,0,121,,87227,1,,,0,92,,87219,1,,,0,108,,87220,1,,,0
1001,'S2-1_3',735,,87228,1,,,0,99,,87230,1,,,0,85,,87231,1,,,0,125,,87232,1,,,0,304,,87229,1,,,0,261,,87240,1,,,0,121,,87241,1,,,0,92,,87233,1,,,0,108,,87234,1,,,0
1001,'S2-2_6',735,,87242,1,,,0,103,,87243,1,,,0,202,,87244,1,,,0,308,,87247,1,,,0,265,,87248,1,,,0,117,,87249,1,,,0,92,,87245,1,,,0,108,,87246,1,,,0
1001,'S2-4_1',735,,87254,1,,,0,99,,87256,1,,,0,85,,87257,1,,,0,125,,87258,1,,,0,304,,87255,1,,,0,261,,87266,1,,,0,121,,87267,1,,,0,92,,87259,1,,,0,108,,87260,1,,,0
1001,'S2-4_2',735,,87268,1,,,0,99,,87270,1,,,0,85,,87271,1,,,0,125,,87272,1,,,0,304,,87269,1,,,0,261,,87280,1,,,0,121,,87281,1,,,0,92,,87273,1,,,0,108,,87274,1,,,0
1001,'S2-4_4',735,,87282,1,,,0,99,,87284,1,,,0,85,,87285,1,,,0,125,,87286,1,,,0,304,,87283,1,,,0,261,,87294,1,,,0,121,,87295,1,,,0,92,,87287,1,,,0,108,,87288,1,,,0
1101,'S2-0_4',1617,,87324,1,,,0,108,,87325,1,,,0,107,,87326,1,,,0
1101,'S2-0_5',1617,,87327,1,,,0,108,,87328,1,,,0,107,,87329,1,,,0
1101,'S2-1_3',1617,,87330,1,,,0,108,,87331,1,,,0,107,,87332,1,,,0
1101,'S2-2_6',1602,,87333,1,,,0,114,,87334,1,,,0
1101,'S2-4_1',1617,,87335,1,,,0,108,,87336,1,,,0,107,,87337,1,,,0
1101,'S2-4_2',1617,,87338,1,,,0,108,,87339,1,,,0,107,,87340,1,,,0
1101,'S2-4_4',1617,,87341,1,,,0,108,,87342,1,,,0,107,,87343,1,,,0
2101,'S2-0_4',730,,87987,1,,,0,117,,87988,1,,,0
2101,'S2-0_5',730,,87990,1,,,0,117,,87991,1,,,0
2101,'S2-1_3',730,,87993,1,,,0,117,,87994,1,,,0
2101,'S2-4_1',730,,87996,1,,,0,117,,87997,1,,,0
2101,'S2-4_2',730,,87999,1,,,0,117,,88000,1,,,0
2101,'S2-4_4',730,,88002,1,,,0,117,,88003,1,,,0
2501,'S2-0_4',713,,88245,17,,,0,30,,88246,17,,,0,85,,88247,17,,,0,77,,88248,17,,,0,36,,88249,17,,,0,112,,88250,17,,,0,166,,88251,17,,,0,120,,88252,17,,,0,117,,88253,17,,,0,157,,88254,17,,,0,103,,88255,17,,,0,96,,88256,17,,,0,118,,88257,17,,,0
2501,'S2-0_5',713,,88258,17,,,0,30,,88259,17,,,0,85,,88260,17,,,0,77,,88261,17,,,0,36,,88262,17,,,0,112,,88263,17,,,0,166,,88264,17,,,0,120,,88265,17,,,0,117,,88266,17,,,0,157,,88267,17,,,0,103,,88268,17,,,0,96,,88269,17,,,0,118,,88270,17,,,0
2501,'S2-1_3',713,,88271,17,,,0,30,,88272,17,,,0,85,,88273,17,,,0,77,,88274,17,,,0,36,,88275,17,,,0,112,,88276,17,,,0,166,,88277,17,,,0,120,,88278,17,,,0,117,,88279,17,,,0,157,,88280,17,,,0,103,,88281,17,,,0,96,,88282,17,,,0,118,,88283,17,,,0
2501,'S2-2_6',716,,88284,17,,,0,112,,88285,17,,,0,126,,88286,17,,,0,152,,88287,17,,,0,113,,88288,17,,,0,128,,88289,17,,,0,168,,88290,17,,,0,121,,88291,17,,,0,121,,88292,17,,,0,157,,88293,17,,,0
2501,'S2-4_1',713,,88294,17,,,0,30,,88295,17,,,0,85,,88296,17,,,0,77,,88297,17,,,0,36,,88298,17,,,0,112,,88299,17,,,0,166,,88300,17,,,0,120,,88301,17,,,0,117,,88302,17,,,0,157,,88303,17,,,0,103,,88304,17,,,0,96,,88305,17,,,0,118,,88306,17,,,0
2501,'S2-4_2',713,,88307,17,,,0,30,,88308,17,,,0,85,,88309,17,,,0,77,,88310,17,,,0,36,,88311,17,,,0,112,,88312,17,,,0,166,,88313,17,,,0,120,,88314,17,,,0,117,,88315,17,,,0,157,,88316,17,,,0,103,,88317,17,,,0,96,,88318,17,,,0,118,,88319,17,,,0
2501,'S2-4_4',713,,88320,17,,,0,30,,88321,17,,,0,85,,88322,17,,,0,77,,88323,17,,,0,36,,88324,17,,,0,112,,88325,17,,,0,166,,88326,17,,,0,120,,88327,17,,,0,117,,88328,17,,,0,157,,88329,17,,,0,103,,88330,17,,,0,96,,88331,17,,,0,118,,88332,17,,,0
2601,'S2-0_4',714,,88494,5,,,0,33,,88504,5,,,0,65,,88506,5,,,0,24,,88505,5,,,0,79,,88495,5,,,0,99,,88496,5,,,0,100,,88513,5,,,0,100,,88497,5,,,0,28,,88514,5,,,0,61,,88515,5,,,0,53,,88498,5,,,0,94,,88499,5,,,0,153,,88508,5,,,0,45,,88509,5,,,0,67,,88510,5,,,0,93,,88511,5,,,0,25,,88512,5,,,0,95,,88507,5,,,0
2601,'S2-0_5',714,,88518,5,,,0,33,,88528,5,,,0,65,,88530,5,,,0,24,,88529,5,,,0,79,,88519,5,,,0,99,,88520,5,,,0,100,,88537,5,,,0,100,,88521,5,,,0,28,,88538,5,,,0,61,,88539,5,,,0,53,,88522,5,,,0,94,,88523,5,,,0,153,,88532,5,,,0,45,,88533,5,,,0,67,,88534,5,,,0,93,,88535,5,,,0,25,,88536,5,,,0,95,,88531,5,,,0
2601,'S2-1_3',714,,88542,5,,,0,33,,88551,5,,,0,65,,88553,5,,,0,24,,88552,5,,,0,79,,88543,5,,,0,99,,88544,5,,,0,100,,88560,5,,,0,100,,88545,5,,,0,28,,88561,5,,,0,61,,88562,5,,,0,53,,88546,5,,,0,94,,88547,5,,,0,153,,88555,5,,,0,45,,88556,5,,,0,67,,88557,5,,,0,93,,88558,5,,,0,25,,88559,5,,,0,95,,88554,5,,,0
2601,'S2-2_6',719,,88564,5,,,0,85,,88567,5,,,0,45,,88568,5,,,0,85,,88569,5,,,0,90,,88570,5,,,0,84,,88571,5,,,0,44,,88572,5,,,0,85,,88573,5,,,0,82,,88574,5,,,0,83,,88575,5,,,0,46,,88576,5,,,0,90,,88577,5,,,0,85,,88578,5,,,0,81,,88579,5,,,0,47,,88580,5,,,0,84,,88566,5,,,0,83,,88565,5,,,0
2601,'S2-4_1',714,,88581,5,,,0,33,,88591,5,,,0,65,,88593,5,,,0,24,,88592,5,,,0,79,,88582,5,,,0,99,,88583,5,,,0,100,,88600,5,,,0,100,,88584,5,,,0,28,,88601,5,,,0,61,,88602,5,,,0,53,,88585,5,,,0,94,,88586,5,,,0,153,,88595,5,,,0,45,,88596,5,,,0,67,,88597,5,,,0,93,,88598,5,,,0,25,,88599,5,,,0,95,,88594,5,,,0
2601,'S2-4_2',714,,88605,5,,,0,33,,88615,5,,,0,65,,88617,5,,,0,24,,88616,5,,,0,79,,88606,5,,,0,99,,88607,5,,,0,100,,88624,5,,,0,100,,88608,5,,,0,28,,88625,5,,,0,61,,88626,5,,,0,53,,88609,5,,,0,94,,88610,5,,,0,153,,88619,5,,,0,45,,88620,5,,,0,67,,88621,5,,,0,93,,88622,5,,,0,25,,88623,5,,,0,95,,88618,5,,,0
2601,'S2-4_4',714,,88629,5,,,0,33,,88639,5,,,0,65,,88641,5,,,0,24,,88640,5,,,0,79,,88630,5,,,0,99,,88631,5,,,0,100,,88648,5,,,0,100,,88632,5,,,0,28,,88649,5,,,0,61,,88650,5,,,0,53,,88633,5,,,0,94,,88634,5,,,0,153,,88643,5,,,0,45,,88644,5,,,0,67,,88645,5,,,0,93,,88646,5,,,0,25,,88647,5,,,0,95,,88642,5,,,0
2000001,'S2-0_4',638,,90979,7,,,0,63,,90956,7,,,0,13,,90937,1,,,0,3,,90939,7,,,0,16,,90964,7,,,0,18,,90947,7,,,0,54,,90982,7,,,0,14,,90929,7,,,0,14,,90957,7,,,0,15,,90941,7,,,0,56,,90965,7,,,0,15,,90949,7,,,0,16,,90973,7,,,0,17,,90930,7,,,0,56,,90963,7,,,0,15,,90940,7,,,0,16,,90966,7,,,0,16,,90948,7,,,0,56,,90975,7,,,0,15,,90931,7,,,0,16,,90961,7,,,0,15,,90946,7,,,0,57,,90967,7,,,0,16,,90955,7,,,0,14,,90974,7,,,0,56,,90933,7,,,0,12,,90958,7,,,0,16,,90942,7,,,0,15,,90969,7,,,0,15,,90950,7,,,0,56,,90978,7,,,0,15,,90934,7,,,0,15,,90959,7,,,0,15,,90943,7,,,0,55,,90968,7,,,0,16,,90951,7,,,0,14,,90977,7,,,0,56,,90932,7,,,0,15,,90960,7,,,0,17,,90944,7,,,0,15,,90970,7,,,0,56,,90952,7,,,0,17,,90928,7,,,0,17,,90976,7,,,0,18,,90983,7,,,0,52,,90962,7,,,0,13,,90945,7,,,0,14,,90971,7,,,0,15,,90953,7,,,0,52,,90927,7,,,0,13,,90980,7,,,0,14,,90936,7,,,0,23,,90972,7,,,0,60,,90954,7,,,0,21,,90981,7,,,0,20,,90938,7,,,0
2000001,'S2-0_5',638,,91036,7,,,0,63,,91013,7,,,0,13,,90994,1,,,0,3,,90996,7,,,0,16,,91021,7,,,0,18,,91004,7,,,0,54,,91039,7,,,0,14,,90986,7,,,0,14,,91014,7,,,0,15,,90998,7,,,0,56,,91022,7,,,0,15,,91006,7,,,0,16,,91030,7,,,0,17,,90987,7,,,0,56,,91020,7,,,0,15,,90997,7,,,0,16,,91023,7,,,0,16,,91005,7,,,0,56,,91032,7,,,0,15,,90988,7,,,0,16,,91018,7,,,0,15,,91003,7,,,0,57,,91024,7,,,0,16,,91012,7,,,0,14,,91031,7,,,0,56,,90990,7,,,0,12,,91015,7,,,0,16,,90999,7,,,0,15,,91026,7,,,0,15,,91007,7,,,0,56,,91035,7,,,0,15,,90991,7,,,0,15,,91016,7,,,0,15,,91000,7,,,0,55,,91025,7,,,0,16,,91008,7,,,0,14,,91034,7,,,0,56,,90989,7,,,0,15,,91017,7,,,0,17,,91001,7,,,0,15,,91027,7,,,0,56,,91009,7,,,0,17,,90985,7,,,0,17,,91033,7,,,0,18,,91040,7,,,0,52,,91019,7,,,0,13,,91002,7,,,0,14,,91028,7,,,0,15,,91010,7,,,0,52,,90984,7,,,0,13,,91037,7,,,0,14,,90993,7,,,0,23,,91029,7,,,0,60,,91011,7,,,0,21,,91038,7,,,0,20,,90995,7,,,0
2000001,'S2-1_3',638,,91093,7,,,0,63,,91070,7,,,0,13,,91051,1,,,0,3,,91053,7,,,0,16,,91078,7,,,0,18,,91061,7,,,0,54,,91096,7,,,0,14,,91043,7,,,0,14,,91071,7,,,0,15,,91055,7,,,0,56,,91079,7,,,0,15,,91063,7,,,0,16,,91087,7,,,0,17,,91044,7,,,0,56,,91077,7,,,0,15,,91054,7,,,0,16,,91080,7,,,0,16,,91062,7,,,0,56,,91089,7,,,0,15,,91045,7,,,0,16,,91075,7,,,0,15,,91060,7,,,0,57,,91081,7,,,0,16,,91069,7,,,0,14,,91088,7,,,0,56,,91047,7,,,0,12,,91072,7,,,0,16,,91056,7,,,0,15,,91083,7,,,0,15,,91064,7,,,0,56,,91092,7,,,0,15,,91048,7,,,0,15,,91073,7,,,0,15,,91057,7,,,0,55,,91082,7,,,0,16,,91065,7,,,0,14,,91091,7,,,0,56,,91046,7,,,0,15,,91074,7,,,0,17,,91058,7,,,0,15,,91084,7,,,0,56,,91066,7,,,0,17,,91042,7,,,0,17,,91090,7,,,0,18,,91097,7,,,0,52,,91076,7,,,0,13,,91059,7,,,0,14,,91085,7,,,0,15,,91067,7,,,0,52,,91041,7,,,0,13,,91094,7,,,0,14,,91050,7,,,0,23,,91086,7,,,0,60,,91068,7,,,0,21,,91095,7,,,0,20,,91052,7,,,0
2000001,'S2-2_6',642,,91098,7,,,0,79,,91099,7,,,0,79,,91100,7,,,0,30,,91138,7,,,0,21,,91102,7,,,0,60,,91101,7,,,0,20,,91103,7,,,0,20,,91104,7,,,0,59,,91106,7,,,0,18,,91105,7,,,0,20,,91111,7,,,0,60,,91109,7,,,0,17,,91113,7,,,0,19,,91107,7,,,0,59,,91112,7,,,0,21,,91108,7,,,0,17,,91110,7,,,0,18,,91119,7,,,0,58,,91116,7,,,0,20,,91117,7,,,0,20,,91118,7,,,0,58,,91115,7,,,0,17,,91114,7,,,0,19,,91120,7,,,0,61,,91121,7,,,0,20,,91123,7,,,0,19,,91122,7,,,0,60,,91124,7,,,0,20,,91125,7,,,0,21,,91126,7,,,0,60,,91128,7,,,0,19,,91127,7,,,0,19,,91129,7,,,0,59,,91130,7,,,0,19,,91131,7,,,0,19,,91132,7,,,0,57,,91133,7,,,0,19,,91134,7,,,0,24,,91135,7,,,0,64,,91136,7,,,0,23,,91137,7,,,0
2000001,'S2-3_7',812,,91156,7,,,0,40,,91139,7,,,0,80,,91140,7,,,0,80,,91141,7,,,0,40,,91142,7,,,0,80,,91143,7,,,0,80,,91144,7,,,0,40,,91145,7,,,0,80,,91147,7,,,0,80,,91146,7,,,0,40,,91148,7,,,0,80,,91149,7,,,0,80,,91150,7,,,0,40,,91151,7,,,0,80,,91153,7,,,0,80,,91152,7,,,0,40,,91154,7,,,0,80,,91155,7,,,0
2000001,'S2-4_1',638,,91209,7,,,0,63,,91186,7,,,0,13,,91167,1,,,0,3,,91169,7,,,0,16,,91194,7,,,0,18,,91177,7,,,0,54,,91212,7,,,0,14,,91159,7,,,0,14,,91187,7,,,0,15,,91171,7,,,0,56,,91195,7,,,0,15,,91179,7,,,0,16,,91203,7,,,0,17,,91160,7,,,0,56,,91193,7,,,0,15,,91170,7,,,0,16,,91196,7,,,0,16,,91178,7,,,0,56,,91205,7,,,0,15,,91161,7,,,0,16,,91191,7,,,0,15,,91176,7,,,0,57,,91197,7,,,0,16,,91185,7,,,0,14,,91204,7,,,0,56,,91163,7,,,0,12,,91188,7,,,0,16,,91172,7,,,0,15,,91199,7,,,0,15,,91180,7,,,0,56,,91208,7,,,0,15,,91164,7,,,0,15,,91189,7,,,0,15,,91173,7,,,0,55,,91198,7,,,0,16,,91181,7,,,0,14,,91207,7,,,0,56,,91162,7,,,0,15,,91190,7,,,0,17,,91174,7,,,0,15,,91200,7,,,0,56,,91182,7,,,0,17,,91158,7,,,0,17,,91206,7,,,0,18,,91213,7,,,0,52,,91192,7,,,0,13,,91175,7,,,0,14,,91201,7,,,0,15,,91183,7,,,0,52,,91157,7,,,0,13,,91210,7,,,0,14,,91166,7,,,0,23,,91202,7,,,0,60,,91184,7,,,0,21,,91211,7,,,0,20,,91168,7,,,0
2000001,'S2-4_2',638,,91266,7,,,0,63,,91243,7,,,0,13,,91224,1,,,0,3,,91226,7,,,0,16,,91251,7,,,0,18,,91234,7,,,0,54,,91269,7,,,0,14,,91216,7,,,0,14,,91244,7,,,0,15,,91228,7,,,0,56,,91252,7,,,0,15,,91236,7,,,0,16,,91260,7,,,0,17,,91217,7,,,0,56,,91250,7,,,0,15,,91227,7,,,0,16,,91253,7,,,0,16,,91235,7,,,0,56,,91262,7,,,0,15,,91218,7,,,0,16,,91248,7,,,0,15,,91233,7,,,0,57,,91254,7,,,0,16,,91242,7,,,0,14,,91261,7,,,0,56,,91220,7,,,0,12,,91245,7,,,0,16,,91229,7,,,0,15,,91256,7,,,0,15,,91237,7,,,0,56,,91265,7,,,0,15,,91221,7,,,0,15,,91246,7,,,0,15,,91230,7,,,0,55,,91255,7,,,0,16,,91238,7,,,0,14,,91264,7,,,0,56,,91219,7,,,0,15,,91247,7,,,0,17,,91231,7,,,0,15,,91257,7,,,0,56,,91239,7,,,0,17,,91215,7,,,0,17,,91263,7,,,0,18,,91270,7,,,0,52,,91249,7,,,0,13,,91232,7,,,0,14,,91258,7,,,0,15,,91240,7,,,0,52,,91214,7,,,0,13,,91267,7,,,0,14,,91223,7,,,0,23,,91259,7,,,0,60,,91241,7,,,0,21,,91268,7,,,0,20,,91225,7,,,0
2000001,'S2-4_4',638,,91323,7,,,0,63,,91300,7,,,0,13,,91281,1,,,0,3,,91283,7,,,0,16,,91308,7,,,0,18,,91291,7,,,0,54,,91326,7,,,0,14,,91273,7,,,0,14,,91301,7,,,0,15,,91285,7,,,0,56,,91309,7,,,0,15,,91293,7,,,0,16,,91317,7,,,0,17,,91274,7,,,0,56,,91307,7,,,0,15,,91284,7,,,0,16,,91310,7,,,0,16,,91292,7,,,0,56,,91319,7,,,0,15,,91275,7,,,0,16,,91305,7,,,0,15,,91290,7,,,0,57,,91311,7,,,0,16,,91299,7,,,0,14,,91318,7,,,0,56,,91277,7,,,0,12,,91302,7,,,0,16,,91286,7,,,0,15,,91313,7,,,0,15,,91294,7,,,0,56,,91322,7,,,0,15,,91278,7,,,0,15,,91303,7,,,0,15,,91287,7,,,0,55,,91312,7,,,0,16,,91295,7,,,0,14,,91321,7,,,0,56,,91276,7,,,0,15,,91304,7,,,0,17,,91288,7,,,0,15,,91314,7,,,0,56,,91296,7,,,0,17,,91272,7,,,0,17,,91320,7,,,0,18,,91327,7,,,0,52,,91306,7,,,0,13,,91289,7,,,0,14,,91315,7,,,0,15,,91297,7,,,0,52,,91271,7,,,0,13,,91324,7,,,0,14,,91280,7,,,0,23,,91316,7,,,0,60,,91298,7,,,0,21,,91325,7,,,0,20,,91282,7,,,0
2900501,'S2-0_4',1719,,91430,1,,,0,113,,91431,1,,,0
2900501,'S2-0_5',1719,,91432,1,,,0,113,,91433,1,,,0
2900501,'S2-1_3',1226,,91434,1,,,0,493,,91435,1,,,0,113,,91436,1,,,0
2900501,'S2-4_1',1719,,91437,1,,,0,113,,91438,1,,,0
2900501,'S2-4_2',1719,,91439,1,,,0,113,,91440,1,,,0
2900501,'S2-4_4',1719,,91441,1,,,0,113,,91442,1,,,0
3000001,'S2-0_4',651,,91893,14,,,0,59,,91852,14,,,0,20,,91853,14,,,0,22,,91854,14,,,0,60,,91855,14,,,0,20,,91856,14,,,0,20,,91857,14,,,0,60,,91858,14,,,0,20,,91859,14,,,0,20,,91860,14,,,0,60,,91861,14,,,0,20,,91862,14,,,0,20,,91863,14,,,0,59,,91864,14,,,0,19,,91865,14,,,0,21,,91866,14,,,0,60,,91867,14,,,0,21,,91868,14,,,0,20,,91869,14,,,0,59,,91870,14,,,0,19,,91871,14,,,0,20,,91872,14,,,0,61,,91873,14,,,0,20,,91874,14,,,0,20,,91875,14,,,0,61,,91876,14,,,0,22,,91877,14,,,0,21,,91878,14,,,0,59,,91879,14,,,0,11,,91894,11,4,,0,8,,91880,14,,,0,11,,91895,11,4,,0,12,,91881,14,,,0,51,,91896,11,4,,0,11,,91882,14,,,0,11,,91897,11,4,,0,8,,91883,14,,,0,10,,91898,11,4,,0,10,,91884,14,,,0,47,,91899,11,4,,0,9,,91885,14,,,0,10,,91900,11,4,,0,8,,91886,14,,,0,22,,91887,14,,,0,60,,91888,14,,,0,22,,91889,14,,,0,66,,91890,14,,,0,29,,91891,14,,,0,71,,91892,14,,,0
3000001,'S2-0_5',651,,91942,14,,,0,59,,91901,14,,,0,20,,91902,14,,,0,22,,91903,14,,,0,60,,91904,14,,,0,20,,91905,14,,,0,20,,91906,14,,,0,60,,91907,14,,,0,20,,91908,14,,,0,20,,91909,14,,,0,60,,91910,14,,,0,20,,91911,14,,,0,20,,91912,14,,,0,59,,91913,14,,,0,19,,91914,14,,,0,21,,91915,14,,,0,60,,91916,14,,,0,21,,91917,14,,,0,20,,91918,14,,,0,59,,91919,14,,,0,19,,91920,14,,,0,20,,91921,14,,,0,61,,91922,14,,,0,20,,91923,14,,,0,20,,91924,14,,,0,61,,91925,14,,,0,22,,91926,14,,,0,21,,91927,14,,,0,59,,91928,14,,,0,11,,91943,11,4,,0,8,,91929,14,,,0,11,,91944,11,4,,0,12,,91930,14,,,0,51,,91945,11,4,,0,11,,91931,14,,,0,11,,91946,11,4,,0,8,,91932,14,,,0,10,,91947,11,4,,0,10,,91933,14,,,0,47,,91948,11,4,,0,9,,91934,14,,,0,10,,91949,11,4,,0,8,,91935,14,,,0,22,,91936,14,,,0,60,,91937,14,,,0,22,,91938,14,,,0,66,,91939,14,,,0,29,,91940,14,,,0,71,,91941,14,,,0
3000001,'S2-1_3',651,,91991,14,,,0,59,,91950,14,,,0,20,,91951,14,,,0,22,,91952,14,,,0,60,,91953,14,,,0,20,,91954,14,,,0,20,,91955,14,,,0,60,,91956,14,,,0,20,,91957,14,,,0,20,,91958,14,,,0,60,,91959,14,,,0,20,,91960,14,,,0,20,,91961,14,,,0,59,,91962,14,,,0,19,,91963,14,,,0,21,,91964,14,,,0,60,,91965,14,,,0,21,,91966,14,,,0,20,,91967,14,,,0,59,,91968,14,,,0,19,,91969,14,,,0,20,,91970,14,,,0,61,,91971,14,,,0,20,,91972,14,,,0,20,,91973,14,,,0,61,,91974,14,,,0,22,,91975,14,,,0,21,,91976,14,,,0,59,,91977,14,,,0,11,,91992,11,4,,0,8,,91978,14,,,0,11,,91993,11,4,,0,12,,91979,14,,,0,51,,91994,11,4,,0,11,,91980,14,,,0,11,,91995,11,4,,0,8,,91981,14,,,0,10,,91996,11,4,,0,10,,91982,14,,,0,47,,91997,11,4,,0,9,,91983,14,,,0,10,,91998,11,4,,0,8,,91984,14,,,0,22,,91985,14,,,0,60,,91986,14,,,0,22,,91987,14,,,0,66,,91988,14,,,0,29,,91989,14,,,0,71,,91990,14,,,0
3000001,'S2-2_6',644,,91999,14,,,0,80,,92000,14,,,0,84,,92001,14,,,0,37,,92002,14,,,0,61,,92003,14,,,0,19,,92004,14,,,0,21,,92005,14,,,0,60,,92006,14,,,0,20,,92007,14,,,0,20,,92008,14,,,0,60,,92009,14,,,0,19,,92010,14,,,0,21,,92011,14,,,0,61,,92012,14,,,0,19,,92013,14,,,0,19,,92014,14,,,0,60,,92015,14,,,0,20,,92016,14,,,0,20,,92017,14,,,0,61,,92018,14,,,0,20,,92019,14,,,0,20,,92020,14,,,0,61,,92021,14,,,0,20,,92022,14,,,0,20,,92023,14,,,0,60,,92024,14,,,0,20,,92025,14,,,0,21,,92026,14,,,0,60,,92027,14,,,0,20,,92028,14,,,0,19,,92029,14,,,0,59,,92030,14,,,0,20,,92031,14,,,0,20,,92032,14,,,0,58,,92033,14,,,0,32,,92035,14,,,0,68,,92036,14,,,0,30,,92034,14,,,0,69,,92037,14,,,0
3000001,'S2-3_7',849,,92038,14,,,0,170,,92046,14,,,0,130,,92045,14,,,0,170,,92044,14,,,0,130,,92041,14,,,0,170,,92042,14,,,0,130,,92043,14,,,0,170,,92040,14,,,0,130,,92039,14,,,0
3000001,'S2-4_1',651,,92088,14,,,0,59,,92047,14,,,0,20,,92048,14,,,0,22,,92049,14,,,0,60,,92050,14,,,0,20,,92051,14,,,0,20,,92052,14,,,0,60,,92053,14,,,0,20,,92054,14,,,0,20,,92055,14,,,0,60,,92056,14,,,0,20,,92057,14,,,0,20,,92058,14,,,0,59,,92059,14,,,0,19,,92060,14,,,0,21,,92061,14,,,0,60,,92062,14,,,0,21,,92063,14,,,0,20,,92064,14,,,0,59,,92065,14,,,0,19,,92066,14,,,0,20,,92067,14,,,0,61,,92068,14,,,0,20,,92069,14,,,0,20,,92070,14,,,0,61,,92071,14,,,0,22,,92072,14,,,0,21,,92073,14,,,0,59,,92074,14,,,0,11,,92089,11,4,,0,8,,92075,14,,,0,11,,92090,11,4,,0,12,,92076,14,,,0,51,,92091,11,4,,0,11,,92077,14,,,0,11,,92092,11,4,,0,8,,92078,14,,,0,10,,92093,11,4,,0,10,,92079,14,,,0,47,,92094,11,4,,0,9,,92080,14,,,0,10,,92095,11,4,,0,8,,92081,14,,,0,22,,92082,14,,,0,60,,92083,14,,,0,22,,92084,14,,,0,66,,92085,14,,,0,29,,92086,14,,,0,71,,92087,14,,,0
3000001,'S2-4_2',651,,92137,14,,,0,59,,92096,14,,,0,20,,92097,14,,,0,22,,92098,14,,,0,60,,92099,14,,,0,20,,92100,14,,,0,20,,92101,14,,,0,60,,92102,14,,,0,20,,92103,14,,,0,20,,92104,14,,,0,60,,92105,14,,,0,20,,92106,14,,,0,20,,92107,14,,,0,59,,92108,14,,,0,19,,92109,14,,,0,21,,92110,14,,,0,60,,92111,14,,,0,21,,92112,14,,,0,20,,92113,14,,,0,59,,92114,14,,,0,19,,92115,14,,,0,20,,92116,14,,,0,61,,92117,14,,,0,20,,92118,14,,,0,20,,92119,14,,,0,61,,92120,14,,,0,22,,92121,14,,,0,21,,92122,14,,,0,59,,92123,14,,,0,11,,92138,11,4,,0,8,,92124,14,,,0,11,,92139,11,4,,0,12,,92125,14,,,0,51,,92140,11,4,,0,11,,92126,14,,,0,11,,92141,11,4,,0,8,,92127,14,,,0,10,,92142,11,4,,0,10,,92128,14,,,0,47,,92143,11,4,,0,9,,92129,14,,,0,10,,92144,11,4,,0,8,,92130,14,,,0,22,,92131,14,,,0,60,,92132,14,,,0,22,,92133,14,,,0,66,,92134,14,,,0,29,,92135,14,,,0,71,,92136,14,,,0
3000001,'S2-4_4',651,,92186,14,,,0,59,,92145,14,,,0,20,,92146,14,,,0,22,,92147,14,,,0,60,,92148,14,,,0,20,,92149,14,,,0,20,,92150,14,,,0,60,,92151,14,,,0,20,,92152,14,,,0,20,,92153,14,,,0,60,,92154,14,,,0,20,,92155,14,,,0,20,,92156,14,,,0,59,,92157,14,,,0,19,,92158,14,,,0,21,,92159,14,,,0,60,,92160,14,,,0,21,,92161,14,,,0,20,,92162,14,,,0,59,,92163,14,,,0,19,,92164,14,,,0,20,,92165,14,,,0,61,,92166,14,,,0,20,,92167,14,,,0,20,,92168,14,,,0,61,,92169,14,,,0,22,,92170,14,,,0,21,,92171,14,,,0,59,,92172,14,,,0,11,,92187,11,4,,0,8,,92173,14,,,0,11,,92188,11,4,,0,12,,92174,14,,,0,51,,92189,11,4,,0,11,,92175,14,,,0,11,,92190,11,4,,0,8,,92176,14,,,0,10,,92191,11,4,,0,10,,92177,14,,,0,47,,92192,11,4,,0,9,,92178,14,,,0,10,,92193,11,4,,0,8,,92179,14,,,0,22,,92180,14,,,0,60,,92181,14,,,0,22,,92182,14,,,0,66,,92183,14,,,0,29,,92184,14,,,0,71,,92185,14,,,0
