500,'S2-0_4',654,,86140,5,,,0,159,,86128,5,,,0,105,,86129,5,,,0,100,,86130,5,,,0,105,,86131,5,,,0,101,,86132,5,,,0,84,,86133,5,,,0,94,,86134,5,,,0,100,,86135,5,,,0,102,,86136,5,,,0,106,,86137,5,,,0,103,,86142,5,,,0,100,,86138,5,,,0
500,'S2-0_5',654,,86155,5,,,0,159,,86143,5,,,0,105,,86144,5,,,0,100,,86145,5,,,0,105,,86146,5,,,0,101,,86147,5,,,0,84,,86148,5,,,0,94,,86149,5,,,0,100,,86150,5,,,0,102,,86151,5,,,0,106,,86152,5,,,0,103,,86157,5,,,0,100,,86153,5,,,0
500,'S2-1_3',654,,86170,5,,,0,159,,86158,5,,,0,105,,86159,5,,,0,100,,86160,5,,,0,105,,86161,5,,,0,101,,86162,5,,,0,84,,86163,5,,,0,94,,86164,5,,,0,100,,86165,5,,,0,102,,86166,5,,,0,106,,86167,5,,,0,103,,86172,5,,,0,100,,86168,5,,,0
500,'S2-2_6',713,,86184,5,,,0,99,,86173,5,,,0,99,,86174,5,,,0,100,,86175,5,,,0,100,,86176,5,,,0,97,,86177,5,,,0,98,,86178,5,,,0,100,,86179,5,,,0,99,,86180,5,,,0,100,,86181,5,,,0,100,,86182,5,,,0,154,,86183,5,,,0
500,'S2-4_1',654,,86197,5,,,0,159,,86185,5,,,0,105,,86186,5,,,0,100,,86187,5,,,0,105,,86188,5,,,0,101,,86189,5,,,0,84,,86190,5,,,0,94,,86191,5,,,0,100,,86192,5,,,0,102,,86193,5,,,0,106,,86194,5,,,0,103,,86199,5,,,0,100,,86195,5,,,0
500,'S2-4_2',654,,86212,5,,,0,159,,86200,5,,,0,105,,86201,5,,,0,100,,86202,5,,,0,105,,86203,5,,,0,101,,86204,5,,,0,84,,86205,5,,,0,94,,86206,5,,,0,100,,86207,5,,,0,102,,86208,5,,,0,106,,86209,5,,,0,103,,86214,5,,,0,100,,86210,5,,,0
500,'S2-4_4',654,,86227,5,,,0,159,,86215,5,,,0,105,,86216,5,,,0,100,,86217,5,,,0,105,,86218,5,,,0,101,,86219,5,,,0,84,,86220,5,,,0,94,,86221,5,,,0,100,,86222,5,,,0,102,,86223,5,,,0,106,,86224,5,,,0,103,,86229,5,,,0,100,,86225,5,,,0
2900500,'S2-0_4',647,,91418,5,,,0,106,,91419,5,,,0
2900500,'S2-0_5',647,,91420,5,,,0,106,,91421,5,,,0
2900500,'S2-1_3',647,,91422,5,,,0,106,,91423,5,,,0
2900500,'S2-4_1',647,,91424,5,,,0,106,,91425,5,,,0
2900500,'S2-4_2',647,,91426,5,,,0,106,,91427,5,,,0
2900500,'S2-4_4',647,,91428,5,,,0,106,,91429,5,,,0
