900,'S2-0_4',647,,86863,6,,,0,68,,86864,6,,,0,41,,86868,12,,,0,61,,86869,3,,,0,4,,86870,13,,,0,84,,86865,6,,,0,49,,86871,13,,,0,94,,86872,9,0,50,0,93,,86873,9,,,0,105,,86874,9,,,0,70,,86866,6,,,0,130,,86877,14,,,0,84,,86875,9,,,0,110,,86876,9,,,0,72,,86867,6,,,0,130,,86878,14,,,0,78,,86879,6,0,50,0
900,'S2-0_5',647,,86882,6,,,0,68,,86883,6,,,0,41,,86887,12,,,0,61,,86888,3,,,0,4,,86889,13,,,0,84,,86884,6,,,0,49,,86890,13,,,0,94,,86891,9,0,50,0,93,,86892,9,,,0,105,,86893,9,,,0,70,,86885,6,,,0,130,,86896,14,,,0,84,,86894,9,,,0,110,,86895,9,,,0,72,,86886,6,,,0,130,,86897,14,,,0,78,,86898,6,0,50,0
900,'S2-1_3',647,,86901,6,,,0,68,,86902,6,,,0,41,,86906,12,,,0,61,,86907,3,,,0,4,,86908,13,,,0,84,,86903,6,,,0,49,,86909,13,,,0,94,,86910,9,0,50,0,93,,86911,9,,,0,105,,86912,9,,,0,70,,86904,6,,,0,130,,86915,14,,,0,84,,86913,9,,,0,110,,86914,9,,,0,72,,86905,6,,,0,130,,86916,14,,,0,78,,86917,6,0,50,0
900,'S2-2_6',657,,86921,9,,,0,99,,86922,9,,,0,158,,86920,9,0,50,0,126,,86927,3,0,50,0,70,,86923,9,,,0,136,,86929,10,0,50,0,97,,86928,3,0,50,0,90,,86924,9,,,0,90,,86919,3,,,0,98,,86930,3,,,0,135,,86925,10,,,0,94,,86926,9,,,0
900,'S2-4_1',647,,86932,6,,,0,68,,86933,6,,,0,41,,86937,12,,,0,61,,86938,3,,,0,4,,86939,13,,,0,84,,86934,6,,,0,49,,86940,13,,,0,94,,86941,9,0,50,0,93,,86942,9,,,0,105,,86943,9,,,0,70,,86935,6,,,0,130,,86946,14,,,0,84,,86944,9,,,0,110,,86945,9,,,0,72,,86936,6,,,0,130,,86947,14,,,0,78,,86948,6,0,50,0
900,'S2-4_2',647,,86951,6,,,0,68,,86952,6,,,0,41,,86956,12,,,0,61,,86957,3,,,0,4,,86958,13,,,0,84,,86953,6,,,0,49,,86959,13,,,0,94,,86960,9,0,50,0,93,,86961,9,,,0,105,,86962,9,,,0,70,,86954,6,,,0,130,,86965,14,,,0,84,,86963,9,,,0,110,,86964,9,,,0,72,,86955,6,,,0,130,,86966,14,,,0,78,,86967,6,0,50,0
900,'S2-4_4',647,,86970,6,,,0,68,,86971,6,,,0,41,,86975,12,,,0,61,,86976,3,,,0,4,,86977,13,,,0,84,,86972,6,,,0,49,,86978,13,,,0,94,,86979,9,0,50,0,93,,86980,9,,,0,105,,86981,9,,,0,70,,86973,6,,,0,130,,86984,14,,,0,84,,86982,9,,,0,110,,86983,9,,,0,72,,86974,6,,,0,130,,86985,14,,,0,78,,86986,6,0,50,0
1600,'S2-0_4',816,,87526,11,,,0,206,,87531,15,,,0,296,,87533,20,,,0,123,,87529,15,,,0,297,,87535,20,,,0,165,,87532,15,,,0
1600,'S2-0_5',816,,87536,11,,,0,206,,87541,15,,,0,296,,87543,20,,,0,123,,87539,15,,,0,297,,87545,20,,,0,165,,87542,15,,,0
1600,'S2-1_3',816,,87546,11,,,0,206,,87551,15,,,0,296,,87553,20,,,0,123,,87549,15,,,0,297,,87555,20,,,0,165,,87552,15,,,0
1600,'S2-2_6',816,,87556,11,,,0,206,,87561,15,,,0,296,,87563,20,,,0,123,,87559,15,,,0,297,,87565,20,,,0,165,,87562,15,,,0
1600,'S2-4_1',816,,87566,11,,,0,206,,87571,15,,,0,296,,87573,20,,,0,123,,87569,15,,,0,297,,87575,20,,,0,165,,87572,15,,,0
1600,'S2-4_2',816,,87576,11,,,0,206,,87581,15,,,0,296,,87583,20,,,0,123,,87579,15,,,0,297,,87585,20,,,0,165,,87582,15,,,0
1600,'S2-4_4',816,,87586,11,,,0,206,,87591,15,,,0,296,,87593,20,,,0,123,,87589,15,,,0,297,,87595,20,,,0,165,,87592,15,,,0
1900,'S2-0_4',705,,87830,12,,,0,16,,87831,12,,,0,84,,87836,12,,,0,21,,87835,12,,,0,974,,87832,12,,,0
1900,'S2-0_5',705,,87838,12,,,0,16,,87839,12,,,0,84,,87844,12,,,0,21,,87843,12,,,0,974,,87840,12,,,0
1900,'S2-1_3',705,,87846,12,,,0,16,,87847,12,,,0,84,,87853,12,,,0,21,,87852,12,,,0,582,,87851,12,,,0,392,,87848,12,,,0
1900,'S2-4_1',705,,87855,12,,,0,16,,87856,12,,,0,84,,87861,12,,,0,21,,87860,12,,,0,974,,87857,12,,,0
1900,'S2-4_2',705,,87863,12,,,0,16,,87864,12,,,0,84,,87869,12,,,0,21,,87868,12,,,0,974,,87865,12,,,0
1900,'S2-4_4',705,,87871,12,,,0,16,,87872,12,,,0,84,,87877,12,,,0,21,,87876,12,,,0,974,,87873,12,,,0
2900900,'S2-0_4',703,,91467,6,,,0,100,,91468,6,,,0
2900900,'S2-0_5',703,,91469,6,,,0,100,,91470,6,,,0
2900900,'S2-1_3',703,,91471,6,,,0,100,,91472,6,,,0
2900900,'S2-4_1',703,,91473,6,,,0,100,,91474,6,,,0
2900900,'S2-4_2',703,,91475,6,,,0,100,,91476,6,,,0
2900900,'S2-4_4',703,,91477,6,,,0,100,,91478,6,,,0
