1600,'S2-0_4',809,,87526,7,,,0,118,,87527,11,0,25,0,87,,87531,11,,,0,119,,87528,11,0,25,0,177,,87533,16,,,0,124,,87529,11,,,0,193,,87530,11,0,25,0,103,,87535,16,,,0,126,,87532,11,,,0
1600,'S2-0_5',809,,87536,7,,,0,118,,87537,11,0,25,0,87,,87541,11,,,0,119,,87538,11,0,25,0,177,,87543,16,,,0,124,,87539,11,,,0,193,,87540,11,0,25,0,103,,87545,16,,,0,126,,87542,11,,,0
1600,'S2-1_3',809,,87546,7,,,0,118,,87547,11,0,25,0,87,,87551,11,,,0,119,,87548,11,0,25,0,177,,87553,16,,,0,124,,87549,11,,,0,193,,87550,11,0,25,0,103,,87555,16,,,0,126,,87552,11,,,0
1600,'S2-2_6',809,,87556,7,,,0,118,,87557,11,0,25,0,87,,87561,11,,,0,119,,87558,11,0,25,0,177,,87563,16,,,0,124,,87559,11,,,0,193,,87560,11,0,25,0,103,,87565,16,,,0,126,,87562,11,,,0
1600,'S2-4_1',809,,87566,7,,,0,118,,87567,11,0,25,0,87,,87571,11,,,0,119,,87568,11,0,25,0,177,,87573,16,,,0,124,,87569,11,,,0,193,,87570,11,0,25,0,103,,87575,16,,,0,126,,87572,11,,,0
1600,'S2-4_2',809,,87576,7,,,0,118,,87577,11,0,25,0,87,,87581,11,,,0,119,,87578,11,0,25,0,177,,87583,16,,,0,124,,87579,11,,,0,193,,87580,11,0,25,0,103,,87585,16,,,0,126,,87582,11,,,0
1600,'S2-4_4',809,,87586,7,,,0,118,,87587,11,0,25,0,87,,87591,11,,,0,119,,87588,11,0,25,0,177,,87593,16,,,0,124,,87589,11,,,0,193,,87590,11,0,25,0,103,,87595,16,,,0,126,,87592,11,,,0
1900,'S2-0_4',657,,87830,8,,,0,56,,87831,8,,,0,44,,87836,8,,,0,47,,87829,4,0,23 53,0,14,,87835,8,,,0,934,,87832,8,,,0,150,,87834,8,0,25,0
1900,'S2-0_5',657,,87838,8,,,0,56,,87839,8,,,0,44,,87844,8,,,0,47,,87837,4,0,23 53,0,14,,87843,8,,,0,934,,87840,8,,,0,150,,87842,8,0,25,0
1900,'S2-1_3',657,,87846,8,,,0,56,,87847,8,,,0,44,,87853,8,,,0,47,,87845,4,0,23 53,0,14,,87852,8,,,0,582,,87851,8,,,0,352,,87848,8,,,0,150,,87850,8,0,25,0
1900,'S2-4_1',657,,87855,8,,,0,56,,87856,8,,,0,44,,87861,8,,,0,47,,87854,4,0,23 53,0,14,,87860,8,,,0,934,,87857,8,,,0,150,,87859,8,0,25,0
1900,'S2-4_2',657,,87863,8,,,0,56,,87864,8,,,0,44,,87869,8,,,0,47,,87862,4,0,23 53,0,14,,87868,8,,,0,934,,87865,8,,,0,150,,87867,8,0,25,0
1900,'S2-4_4',657,,87871,8,,,0,56,,87872,8,,,0,44,,87877,8,,,0,47,,87870,4,0,23 53,0,14,,87876,8,,,0,934,,87873,8,,,0,150,,87875,8,0,25,0
