3000000,'S2-0_4',700,,91563,30,4,,0,20,,91562,30,4,,0,27,,91522,30,4,,0,60,,91523,30,4,,0,17,,91524,30,4,,0,21,,91525,30,4,,0,59,,91526,30,4,,0,23,,91527,30,4,,0,19,,91528,30,4,,0,60,,91529,30,4,,0,21,,91530,30,4,,0,17,,91531,30,4,,0,61,,91532,30,4,,0,20,,91533,30,4,,0,20,,91534,30,4,,0,62,,91535,30,4,,0,21,,91536,30,4,,0,19,,91537,30,4,,0,60,,91538,30,4,,0,19,,91539,30,4,,0,21,,91540,30,4,,0,59,,91541,30,4,,0,19,,91542,30,4,,0,21,,91543,30,4,,0,60,,91544,30,4,,0,22,,91545,30,4,,0,19,,91546,30,4,,0,59,,91547,30,4,,0,22,,91548,30,4,,0,16,,91549,30,4,,0,60,,91550,30,4,,0,26,,91551,30,4,,0,18,,91552,30,4,,0,59,,91553,30,4,,0,18,,91554,30,4,,0,17,,91555,30,4,,0,59,,91556,30,4,,0,20,,91557,30,4,,0,19,,91558,30,4,,0,69,,91559,30,4,,0,32,,91560,30,4,,0,72,,91561,30,4,,0
3000000,'S2-0_5',700,,91609,30,4,,0,20,,91608,30,4,,0,27,,91568,30,4,,0,60,,91569,30,4,,0,17,,91570,30,4,,0,21,,91571,30,4,,0,59,,91572,30,4,,0,23,,91573,30,4,,0,19,,91574,30,4,,0,60,,91575,30,4,,0,21,,91576,30,4,,0,17,,91577,30,4,,0,61,,91578,30,4,,0,20,,91579,30,4,,0,20,,91580,30,4,,0,62,,91581,30,4,,0,21,,91582,30,4,,0,19,,91583,30,4,,0,60,,91584,30,4,,0,19,,91585,30,4,,0,21,,91586,30,4,,0,59,,91587,30,4,,0,19,,91588,30,4,,0,21,,91589,30,4,,0,60,,91590,30,4,,0,22,,91591,30,4,,0,19,,91592,30,4,,0,59,,91593,30,4,,0,22,,91594,30,4,,0,16,,91595,30,4,,0,60,,91596,30,4,,0,26,,91597,30,4,,0,18,,91598,30,4,,0,59,,91599,30,4,,0,18,,91600,30,4,,0,17,,91601,30,4,,0,59,,91602,30,4,,0,20,,91603,30,4,,0,19,,91604,30,4,,0,69,,91605,30,4,,0,32,,91606,30,4,,0,72,,91607,30,4,,0
3000000,'S2-1_3',700,,91655,30,4,,0,20,,91654,30,4,,0,27,,91614,30,4,,0,60,,91615,30,4,,0,17,,91616,30,4,,0,21,,91617,30,4,,0,59,,91618,30,4,,0,23,,91619,30,4,,0,19,,91620,30,4,,0,60,,91621,30,4,,0,21,,91622,30,4,,0,17,,91623,30,4,,0,61,,91624,30,4,,0,20,,91625,30,4,,0,20,,91626,30,4,,0,62,,91627,30,4,,0,21,,91628,30,4,,0,19,,91629,30,4,,0,60,,91630,30,4,,0,19,,91631,30,4,,0,21,,91632,30,4,,0,59,,91633,30,4,,0,19,,91634,30,4,,0,21,,91635,30,4,,0,60,,91636,30,4,,0,22,,91637,30,4,,0,19,,91638,30,4,,0,59,,91639,30,4,,0,22,,91640,30,4,,0,16,,91641,30,4,,0,60,,91642,30,4,,0,26,,91643,30,4,,0,18,,91644,30,4,,0,59,,91645,30,4,,0,18,,91646,30,4,,0,17,,91647,30,4,,0,59,,91648,30,4,,0,20,,91649,30,4,,0,19,,91650,30,4,,0,69,,91651,30,4,,0,32,,91652,30,4,,0,72,,91653,30,4,,0
3000000,'S2-2_6',703,,91660,30,4,,0,44,,91661,30,4,,0,82,,91662,30,4,,0,29,,91663,30,4,,0,60,,91664,30,4,,0,20,,91665,30,4,,0,21,,91666,30,4,,0,60,,91667,30,4,,0,20,,91668,30,4,,0,20,,91669,30,4,,0,61,,91670,30,4,,0,19,,91671,30,4,,0,20,,91672,30,4,,0,62,,91673,30,4,,0,19,,91674,30,4,,0,19,,91675,30,4,,0,59,,91676,30,4,,0,20,,91677,30,4,,0,21,,91678,30,4,,0,59,,91679,30,4,,0,21,,91680,30,4,,0,20,,91681,30,4,,0,61,,91682,30,4,,0,20,,91683,30,4,,0,60,,91684,30,4,,0,20,,91685,30,4,,0,20,,91686,30,4,,0,61,,91687,30,4,,0,20,,91688,30,4,,0,20,,91689,30,4,,0,60,,91690,30,4,,0,20,,91691,30,4,,0,19,,91692,30,4,,0,18,,91693,30,4,,0,59,,91694,30,4,,0,30,,91695,30,4,,0,69,,91696,30,4,,0,29,,91697,30,4,,0,69,,91698,30,4,,0
3000000,'S2-3_7',825,,91700,30,4,,0,130,,91701,30,4,,0,170,,91708,30,4,,0,130,,91707,30,4,,0,170,,91706,30,4,,0,130,,91704,30,4,,0,170,,91705,30,4,,0,129,,91703,30,4,,0,170,,91702,30,4,,0
3000000,'S2-4_1',700,,91755,30,4,,0,20,,91754,30,4,,0,27,,91714,30,4,,0,60,,91715,30,4,,0,17,,91716,30,4,,0,21,,91717,30,4,,0,59,,91718,30,4,,0,23,,91719,30,4,,0,19,,91720,30,4,,0,60,,91721,30,4,,0,21,,91722,30,4,,0,17,,91723,30,4,,0,61,,91724,30,4,,0,20,,91725,30,4,,0,20,,91726,30,4,,0,62,,91727,30,4,,0,21,,91728,30,4,,0,19,,91729,30,4,,0,60,,91730,30,4,,0,19,,91731,30,4,,0,21,,91732,30,4,,0,59,,91733,30,4,,0,19,,91734,30,4,,0,21,,91735,30,4,,0,60,,91736,30,4,,0,22,,91737,30,4,,0,19,,91738,30,4,,0,59,,91739,30,4,,0,22,,91740,30,4,,0,16,,91741,30,4,,0,60,,91742,30,4,,0,26,,91743,30,4,,0,18,,91744,30,4,,0,59,,91745,30,4,,0,18,,91746,30,4,,0,17,,91747,30,4,,0,59,,91748,30,4,,0,20,,91749,30,4,,0,19,,91750,30,4,,0,69,,91751,30,4,,0,32,,91752,30,4,,0,72,,91753,30,4,,0
3000000,'S2-4_2',700,,91801,30,4,,0,20,,91800,30,4,,0,27,,91760,30,4,,0,60,,91761,30,4,,0,17,,91762,30,4,,0,21,,91763,30,4,,0,59,,91764,30,4,,0,23,,91765,30,4,,0,19,,91766,30,4,,0,60,,91767,30,4,,0,21,,91768,30,4,,0,17,,91769,30,4,,0,61,,91770,30,4,,0,20,,91771,30,4,,0,20,,91772,30,4,,0,62,,91773,30,4,,0,21,,91774,30,4,,0,19,,91775,30,4,,0,60,,91776,30,4,,0,19,,91777,30,4,,0,21,,91778,30,4,,0,59,,91779,30,4,,0,19,,91780,30,4,,0,21,,91781,30,4,,0,60,,91782,30,4,,0,22,,91783,30,4,,0,19,,91784,30,4,,0,59,,91785,30,4,,0,22,,91786,30,4,,0,16,,91787,30,4,,0,60,,91788,30,4,,0,26,,91789,30,4,,0,18,,91790,30,4,,0,59,,91791,30,4,,0,18,,91792,30,4,,0,17,,91793,30,4,,0,59,,91794,30,4,,0,20,,91795,30,4,,0,19,,91796,30,4,,0,69,,91797,30,4,,0,32,,91798,30,4,,0,72,,91799,30,4,,0
3000000,'S2-4_4',700,,91847,30,4,,0,20,,91846,30,4,,0,27,,91806,30,4,,0,60,,91807,30,4,,0,17,,91808,30,4,,0,21,,91809,30,4,,0,59,,91810,30,4,,0,23,,91811,30,4,,0,19,,91812,30,4,,0,60,,91813,30,4,,0,21,,91814,30,4,,0,17,,91815,30,4,,0,61,,91816,30,4,,0,20,,91817,30,4,,0,20,,91818,30,4,,0,62,,91819,30,4,,0,21,,91820,30,4,,0,19,,91821,30,4,,0,60,,91822,30,4,,0,19,,91823,30,4,,0,21,,91824,30,4,,0,59,,91825,30,4,,0,19,,91826,30,4,,0,21,,91827,30,4,,0,60,,91828,30,4,,0,22,,91829,30,4,,0,19,,91830,30,4,,0,59,,91831,30,4,,0,22,,91832,30,4,,0,16,,91833,30,4,,0,60,,91834,30,4,,0,26,,91835,30,4,,0,18,,91836,30,4,,0,59,,91837,30,4,,0,18,,91838,30,4,,0,17,,91839,30,4,,0,59,,91840,30,4,,0,20,,91841,30,4,,0,19,,91842,30,4,,0,69,,91843,30,4,,0,32,,91844,30,4,,0,72,,91845,30,4,,0
3000001,'S2-0_4',637,,91893,1,,,0,18,,91852,1,,,0,58,,91853,1,,,0,19,,91854,1,,,0,23,,91855,1,,,0,61,,91856,1,,,0,20,,91857,1,,,0,21,,91858,1,,,0,60,,91859,1,,,0,19,,91860,1,,,0,20,,91861,1,,,0,60,,91862,1,,,0,19,,91863,1,,,0,20,,91864,1,,,0,59,,91865,1,,,0,21,,91866,1,,,0,18,,91867,1,,,0,62,,91868,1,,,0,21,,91869,1,,,0,20,,91870,1,,,0,59,,91871,1,,,0,19,,91872,1,,,0,21,,91873,1,,,0,60,,91874,1,,,0,20,,91875,1,,,0,20,,91876,1,,,0,62,,91877,1,,,0,19,,91878,1,,,0,19,,91879,1,,,0,60,,91880,1,,,0,22,,91881,1,,,0,19,,91882,1,,,0,60,,91883,1,,,0,22,,91884,1,,,0,18,,91885,1,,,0,60,,91886,1,,,0,22,,91887,1,,,0,20,,91888,1,,,0,63,,91889,1,,,0,26,,91890,1,,,0,69,,91891,1,,,0,33,,91892,1,,,0
3000001,'S2-0_5',637,,91942,1,,,0,18,,91901,1,,,0,58,,91902,1,,,0,19,,91903,1,,,0,23,,91904,1,,,0,61,,91905,1,,,0,20,,91906,1,,,0,21,,91907,1,,,0,60,,91908,1,,,0,19,,91909,1,,,0,20,,91910,1,,,0,60,,91911,1,,,0,19,,91912,1,,,0,20,,91913,1,,,0,59,,91914,1,,,0,21,,91915,1,,,0,18,,91916,1,,,0,62,,91917,1,,,0,21,,91918,1,,,0,20,,91919,1,,,0,59,,91920,1,,,0,19,,91921,1,,,0,21,,91922,1,,,0,60,,91923,1,,,0,20,,91924,1,,,0,20,,91925,1,,,0,62,,91926,1,,,0,19,,91927,1,,,0,19,,91928,1,,,0,60,,91929,1,,,0,22,,91930,1,,,0,19,,91931,1,,,0,60,,91932,1,,,0,22,,91933,1,,,0,18,,91934,1,,,0,60,,91935,1,,,0,22,,91936,1,,,0,20,,91937,1,,,0,63,,91938,1,,,0,26,,91939,1,,,0,69,,91940,1,,,0,33,,91941,1,,,0
3000001,'S2-1_3',637,,91991,1,,,0,18,,91950,1,,,0,58,,91951,1,,,0,19,,91952,1,,,0,23,,91953,1,,,0,61,,91954,1,,,0,20,,91955,1,,,0,21,,91956,1,,,0,60,,91957,1,,,0,19,,91958,1,,,0,20,,91959,1,,,0,60,,91960,1,,,0,19,,91961,1,,,0,20,,91962,1,,,0,59,,91963,1,,,0,21,,91964,1,,,0,18,,91965,1,,,0,62,,91966,1,,,0,21,,91967,1,,,0,20,,91968,1,,,0,59,,91969,1,,,0,19,,91970,1,,,0,21,,91971,1,,,0,60,,91972,1,,,0,20,,91973,1,,,0,20,,91974,1,,,0,62,,91975,1,,,0,19,,91976,1,,,0,19,,91977,1,,,0,60,,91978,1,,,0,22,,91979,1,,,0,19,,91980,1,,,0,60,,91981,1,,,0,22,,91982,1,,,0,18,,91983,1,,,0,60,,91984,1,,,0,22,,91985,1,,,0,20,,91986,1,,,0,63,,91987,1,,,0,26,,91988,1,,,0,69,,91989,1,,,0,33,,91990,1,,,0
3000001,'S2-2_6',630,,91999,1,,,0,80,,92000,1,,,0,43,,92001,1,,,0,77,,92002,1,,,0,20,,92003,1,,,0,60,,92004,1,,,0,20,,92005,1,,,0,20,,92006,1,,,0,60,,92007,1,,,0,20,,92008,1,,,0,20,,92009,1,,,0,60,,92010,1,,,0,20,,92011,1,,,0,20,,92012,1,,,0,60,,92013,1,,,0,20,,92014,1,,,0,20,,92015,1,,,0,60,,92016,1,,,0,20,,92017,1,,,0,20,,92018,1,,,0,60,,92019,1,,,0,20,,92020,1,,,0,20,,92021,1,,,0,60,,92022,1,,,0,20,,92023,1,,,0,20,,92024,1,,,0,60,,92025,1,,,0,20,,92026,1,,,0,20,,92027,1,,,0,60,,92028,1,,,0,20,,92029,1,,,0,20,,92030,1,,,0,60,,92031,1,,,0,20,,92032,1,,,0,20,,92033,1,,,0,71,,92035,1,,,0,29,,92036,1,,,0,70,,92034,1,,,0,30,,92037,1,,,0
3000001,'S2-3_7',835,,92038,1,,,0,170,,92046,1,,,0,130,,92045,1,,,0,170,,92044,1,,,0,130,,92041,1,,,0,170,,92042,1,,,0,130,,92043,1,,,0,170,,92040,1,,,0,130,,92039,1,,,0
3000001,'S2-4_1',637,,92088,1,,,0,18,,92047,1,,,0,58,,92048,1,,,0,19,,92049,1,,,0,23,,92050,1,,,0,61,,92051,1,,,0,20,,92052,1,,,0,21,,92053,1,,,0,60,,92054,1,,,0,19,,92055,1,,,0,20,,92056,1,,,0,60,,92057,1,,,0,19,,92058,1,,,0,20,,92059,1,,,0,59,,92060,1,,,0,21,,92061,1,,,0,18,,92062,1,,,0,62,,92063,1,,,0,21,,92064,1,,,0,20,,92065,1,,,0,59,,92066,1,,,0,19,,92067,1,,,0,21,,92068,1,,,0,60,,92069,1,,,0,20,,92070,1,,,0,20,,92071,1,,,0,62,,92072,1,,,0,19,,92073,1,,,0,19,,92074,1,,,0,60,,92075,1,,,0,22,,92076,1,,,0,19,,92077,1,,,0,60,,92078,1,,,0,22,,92079,1,,,0,18,,92080,1,,,0,60,,92081,1,,,0,22,,92082,1,,,0,20,,92083,1,,,0,63,,92084,1,,,0,26,,92085,1,,,0,69,,92086,1,,,0,33,,92087,1,,,0
3000001,'S2-4_2',637,,92137,1,,,0,18,,92096,1,,,0,58,,92097,1,,,0,19,,92098,1,,,0,23,,92099,1,,,0,61,,92100,1,,,0,20,,92101,1,,,0,21,,92102,1,,,0,60,,92103,1,,,0,19,,92104,1,,,0,20,,92105,1,,,0,60,,92106,1,,,0,19,,92107,1,,,0,20,,92108,1,,,0,59,,92109,1,,,0,21,,92110,1,,,0,18,,92111,1,,,0,62,,92112,1,,,0,21,,92113,1,,,0,20,,92114,1,,,0,59,,92115,1,,,0,19,,92116,1,,,0,21,,92117,1,,,0,60,,92118,1,,,0,20,,92119,1,,,0,20,,92120,1,,,0,62,,92121,1,,,0,19,,92122,1,,,0,19,,92123,1,,,0,60,,92124,1,,,0,22,,92125,1,,,0,19,,92126,1,,,0,60,,92127,1,,,0,22,,92128,1,,,0,18,,92129,1,,,0,60,,92130,1,,,0,22,,92131,1,,,0,20,,92132,1,,,0,63,,92133,1,,,0,26,,92134,1,,,0,69,,92135,1,,,0,33,,92136,1,,,0
3000001,'S2-4_4',637,,92186,1,,,0,18,,92145,1,,,0,58,,92146,1,,,0,19,,92147,1,,,0,23,,92148,1,,,0,61,,92149,1,,,0,20,,92150,1,,,0,21,,92151,1,,,0,60,,92152,1,,,0,19,,92153,1,,,0,20,,92154,1,,,0,60,,92155,1,,,0,19,,92156,1,,,0,20,,92157,1,,,0,59,,92158,1,,,0,21,,92159,1,,,0,18,,92160,1,,,0,62,,92161,1,,,0,21,,92162,1,,,0,20,,92163,1,,,0,59,,92164,1,,,0,19,,92165,1,,,0,21,,92166,1,,,0,60,,92167,1,,,0,20,,92168,1,,,0,20,,92169,1,,,0,62,,92170,1,,,0,19,,92171,1,,,0,19,,92172,1,,,0,60,,92173,1,,,0,22,,92174,1,,,0,19,,92175,1,,,0,60,,92176,1,,,0,22,,92177,1,,,0,18,,92178,1,,,0,60,,92179,1,,,0,22,,92180,1,,,0,20,,92181,1,,,0,63,,92182,1,,,0,26,,92183,1,,,0,69,,92184,1,,,0,33,,92185,1,,,0
