1500,'S2-0_4',732,,87345,10,,,0,21,,87346,10,,,0,154,,87347,10,,,0,117,,87348,10,,,0,118,,87349,10,,,0,80,,87350,10,,,0,35,,87351,10,,,0,97,,87352,10,,,0,159,,87344,10,0,44,0,103,,87353,10,,,0,107,,87354,10,,,0,99,,87355,10,,,0,113,,87356,10,,,0
1500,'S2-0_5',732,,87358,10,,,0,21,,87359,10,,,0,154,,87360,10,,,0,117,,87361,10,,,0,118,,87362,10,,,0,80,,87363,10,,,0,35,,87364,10,,,0,97,,87365,10,,,0,159,,87357,10,0,44,0,103,,87366,10,,,0,107,,87367,10,,,0,99,,87368,10,,,0,113,,87369,10,,,0
1500,'S2-1_3',732,,87371,10,,,0,21,,87372,10,,,0,154,,87373,10,,,0,117,,87374,10,,,0,118,,87375,10,,,0,80,,87376,10,,,0,35,,87377,10,,,0,97,,87378,10,,,0,159,,87370,10,0,44,0,103,,87379,10,,,0,107,,87380,10,,,0,99,,87381,10,,,0,113,,87382,10,,,0
1500,'S2-2_6',732,,87384,10,,,0,21,,87385,10,,,0,154,,87386,10,,,0,117,,87387,10,,,0,118,,87388,10,,,0,80,,87389,10,,,0,35,,87390,10,,,0,97,,87391,10,,,0,159,,87383,10,0,44,0,103,,87392,10,,,0,107,,87393,10,,,0,99,,87394,10,,,0,113,,87395,10,,,0
1500,'S2-4_1',732,,87397,10,,,0,21,,87398,10,,,0,154,,87399,10,,,0,117,,87400,10,,,0,118,,87401,10,,,0,80,,87402,10,,,0,35,,87403,10,,,0,97,,87404,10,,,0,159,,87396,10,0,44,0,103,,87405,10,,,0,107,,87406,10,,,0,99,,87407,10,,,0,113,,87408,10,,,0
1500,'S2-4_2',732,,87410,10,,,0,21,,87411,10,,,0,154,,87412,10,,,0,117,,87413,10,,,0,118,,87414,10,,,0,80,,87415,10,,,0,35,,87416,10,,,0,97,,87417,10,,,0,159,,87409,10,0,44,0,103,,87418,10,,,0,107,,87419,10,,,0,99,,87420,10,,,0,113,,87421,10,,,0
1500,'S2-4_4',732,,87423,10,,,0,21,,87424,10,,,0,154,,87425,10,,,0,117,,87426,10,,,0,118,,87427,10,,,0,80,,87428,10,,,0,35,,87429,10,,,0,97,,87430,10,,,0,159,,87422,10,0,44,0,103,,87431,10,,,0,107,,87432,10,,,0,99,,87433,10,,,0,113,,87434,10,,,0
2000,'S2-0_4',1644,,87929,8,,,0,105,,87930,8,,,0,96,,87931,8,,,0
2000,'S2-0_5',1644,,87932,8,,,0,105,,87933,8,,,0,96,,87934,8,,,0
2000,'S2-1_3',1244,,87938,8,,,0,400,,87935,8,,,0,105,,87936,8,,,0,96,,87937,8,,,0
2000,'S2-4_1',1644,,87939,8,,,0,105,,87940,8,,,0,96,,87941,8,,,0
2000,'S2-4_2',1644,,87942,8,,,0,105,,87943,8,,,0,96,,87944,8,,,0
2000,'S2-4_4',1644,,87945,8,,,0,105,,87946,8,,,0,96,,87947,8,,,0
4000000,'S2-0_4',642,,92238,11,0,45,0,58,,92194,11,0,46,0,29,,92216,11,0,45,0,27,,92195,11,0,46,0,55,,92217,11,0,45,0,19,,92196,11,0,46,0,22,,92218,11,0,45,0,61,,92197,11,0,46,0,16,,92219,11,0,45,0,19,,92198,11,0,46,0,59,,92220,11,0,45,0,19,,92199,11,0,46,0,20,,92221,11,0,45,0,61,,92200,11,0,46,0,20,,92222,11,0,45,0,19,,92201,11,0,46,0,65,,92223,11,0,45,0,18,,92202,11,0,46,0,19,,92224,11,0,45,0,57,,92203,11,0,46,0,19,,92225,11,0,45,0,24,,92204,11,0,46,0,61,,92226,11,0,45,0,19,,92205,11,0,46,0,19,,92227,11,0,45,0,62,,92206,11,0,46,0,22,,92228,11,0,45,0,18,,92207,11,0,46,0,61,,92229,11,0,45,0,22,,92208,11,0,46,0,22,,92230,11,0,45,0,70,,92209,11,0,46,0,19,,92231,11,0,45,0,58,,92210,11,0,46,0,16,,92232,11,0,45,0,17,,92211,11,0,46,0,16,,92233,11,0,45,0,54,,92212,11,0,46,0,20,,92234,11,0,45,0,19,,92213,11,0,46,0,60,,92235,11,0,45,0,19,,92214,11,0,46,0
4000000,'S2-0_5',642,,92283,11,0,45,0,58,,92239,11,0,46,0,29,,92261,11,0,45,0,27,,92240,11,0,46,0,55,,92262,11,0,45,0,19,,92241,11,0,46,0,22,,92263,11,0,45,0,61,,92242,11,0,46,0,16,,92264,11,0,45,0,19,,92243,11,0,46,0,59,,92265,11,0,45,0,19,,92244,11,0,46,0,20,,92266,11,0,45,0,61,,92245,11,0,46,0,20,,92267,11,0,45,0,19,,92246,11,0,46,0,65,,92268,11,0,45,0,18,,92247,11,0,46,0,19,,92269,11,0,45,0,57,,92248,11,0,46,0,19,,92270,11,0,45,0,24,,92249,11,0,46,0,61,,92271,11,0,45,0,19,,92250,11,0,46,0,19,,92272,11,0,45,0,62,,92251,11,0,46,0,22,,92273,11,0,45,0,18,,92252,11,0,46,0,61,,92274,11,0,45,0,22,,92253,11,0,46,0,22,,92275,11,0,45,0,70,,92254,11,0,46,0,19,,92276,11,0,45,0,58,,92255,11,0,46,0,16,,92277,11,0,45,0,17,,92256,11,0,46,0,16,,92278,11,0,45,0,54,,92257,11,0,46,0,20,,92279,11,0,45,0,19,,92258,11,0,46,0,60,,92280,11,0,45,0,19,,92259,11,0,46,0
4000000,'S2-1_3',642,,92328,11,0,45,0,58,,92284,11,0,46,0,29,,92306,11,0,45,0,27,,92285,11,0,46,0,55,,92307,11,0,45,0,19,,92286,11,0,46,0,22,,92308,11,0,45,0,61,,92287,11,0,46,0,16,,92309,11,0,45,0,19,,92288,11,0,46,0,59,,92310,11,0,45,0,19,,92289,11,0,46,0,20,,92311,11,0,45,0,61,,92290,11,0,46,0,20,,92312,11,0,45,0,19,,92291,11,0,46,0,65,,92313,11,0,45,0,18,,92292,11,0,46,0,19,,92314,11,0,45,0,57,,92293,11,0,46,0,19,,92315,11,0,45,0,24,,92294,11,0,46,0,61,,92316,11,0,45,0,19,,92295,11,0,46,0,19,,92317,11,0,45,0,62,,92296,11,0,46,0,22,,92318,11,0,45,0,18,,92297,11,0,46,0,61,,92319,11,0,45,0,22,,92298,11,0,46,0,22,,92320,11,0,45,0,70,,92299,11,0,46,0,19,,92321,11,0,45,0,58,,92300,11,0,46,0,16,,92322,11,0,45,0,17,,92301,11,0,46,0,16,,92323,11,0,45,0,54,,92302,11,0,46,0,20,,92324,11,0,45,0,19,,92303,11,0,46,0,60,,92325,11,0,45,0,19,,92304,11,0,46,0
4000000,'S2-2_6',642,,92373,11,0,46,0,58,,92329,11,0,45,0,23,,92351,11,0,46,0,20,,92330,11,0,45,0,60,,92352,11,0,46,0,21,,92331,11,0,45,0,20,,92353,11,0,46,0,60,,92332,11,0,45,0,20,,92354,11,0,46,0,22,,92333,11,0,45,0,60,,92355,11,0,46,0,21,,92334,11,0,45,0,21,,92356,11,0,46,0,61,,92335,11,0,45,0,21,,92357,11,0,46,0,21,,92336,11,0,45,0,62,,92358,11,0,46,0,20,,92337,11,0,45,0,20,,92359,11,0,45,0,61,,92338,11,0,46,0,21,,92360,11,0,45,0,18,,92339,11,0,46,0,59,,92361,11,0,45,0,18,,92340,11,0,46,0,18,,92362,11,0,45,0,59,,92341,11,0,46,0,20,,92363,11,0,45,0,20,,92342,11,0,46,0,60,,92364,11,0,45,0,21,,92343,11,0,46,0,21,,92365,11,0,45,0,61,,92344,11,0,46,0,20,,92366,11,0,45,0,20,,92345,11,0,46,0,58,,92367,11,0,45,0,20,,92346,11,0,46,0,18,,92368,11,0,45,0,59,,92347,11,0,46,0,20,,92369,11,0,45,0,19,,92348,11,0,46,0,60,,92370,11,0,45,0,19,,92349,11,0,46,0
4000000,'S2-3_7',831,,92374,11,0,46,0,110,,92379,11,0,45,0,110,,92375,11,0,46,0,150,,92380,11,0,45,0,110,,92376,11,0,46,0,110,,92381,11,0,45,0,110,,92377,11,0,46,0,110,,92382,11,0,45,0,110,,92378,11,0,46,0,150,,92383,11,0,45,0
4000000,'S2-4_1',642,,92429,11,0,45,0,58,,92385,11,0,46,0,29,,92407,11,0,45,0,27,,92386,11,0,46,0,55,,92408,11,0,45,0,19,,92387,11,0,46,0,22,,92409,11,0,45,0,61,,92388,11,0,46,0,16,,92410,11,0,45,0,19,,92389,11,0,46,0,59,,92411,11,0,45,0,19,,92390,11,0,46,0,20,,92412,11,0,45,0,61,,92391,11,0,46,0,20,,92413,11,0,45,0,19,,92392,11,0,46,0,65,,92414,11,0,45,0,18,,92393,11,0,46,0,19,,92415,11,0,45,0,57,,92394,11,0,46,0,19,,92416,11,0,45,0,24,,92395,11,0,46,0,61,,92417,11,0,45,0,19,,92396,11,0,46,0,19,,92418,11,0,45,0,62,,92397,11,0,46,0,22,,92419,11,0,45,0,18,,92398,11,0,46,0,61,,92420,11,0,45,0,22,,92399,11,0,46,0,22,,92421,11,0,45,0,70,,92400,11,0,46,0,19,,92422,11,0,45,0,58,,92401,11,0,46,0,16,,92423,11,0,45,0,17,,92402,11,0,46,0,16,,92424,11,0,45,0,54,,92403,11,0,46,0,20,,92425,11,0,45,0,19,,92404,11,0,46,0,60,,92426,11,0,45,0,19,,92405,11,0,46,0
4000000,'S2-4_2',642,,92474,11,0,45,0,58,,92430,11,0,46,0,29,,92452,11,0,45,0,27,,92431,11,0,46,0,55,,92453,11,0,45,0,19,,92432,11,0,46,0,22,,92454,11,0,45,0,61,,92433,11,0,46,0,16,,92455,11,0,45,0,19,,92434,11,0,46,0,59,,92456,11,0,45,0,19,,92435,11,0,46,0,20,,92457,11,0,45,0,61,,92436,11,0,46,0,20,,92458,11,0,45,0,19,,92437,11,0,46,0,65,,92459,11,0,45,0,18,,92438,11,0,46,0,19,,92460,11,0,45,0,57,,92439,11,0,46,0,19,,92461,11,0,45,0,24,,92440,11,0,46,0,61,,92462,11,0,45,0,19,,92441,11,0,46,0,19,,92463,11,0,45,0,62,,92442,11,0,46,0,22,,92464,11,0,45,0,18,,92443,11,0,46,0,61,,92465,11,0,45,0,22,,92444,11,0,46,0,22,,92466,11,0,45,0,70,,92445,11,0,46,0,19,,92467,11,0,45,0,58,,92446,11,0,46,0,16,,92468,11,0,45,0,17,,92447,11,0,46,0,16,,92469,11,0,45,0,54,,92448,11,0,46,0,20,,92470,11,0,45,0,19,,92449,11,0,46,0,60,,92471,11,0,45,0,19,,92450,11,0,46,0
4000000,'S2-4_4',642,,92519,11,0,45,0,58,,92475,11,0,46,0,29,,92497,11,0,45,0,27,,92476,11,0,46,0,55,,92498,11,0,45,0,19,,92477,11,0,46,0,22,,92499,11,0,45,0,61,,92478,11,0,46,0,16,,92500,11,0,45,0,19,,92479,11,0,46,0,59,,92501,11,0,45,0,19,,92480,11,0,46,0,20,,92502,11,0,45,0,61,,92481,11,0,46,0,20,,92503,11,0,45,0,19,,92482,11,0,46,0,65,,92504,11,0,45,0,18,,92483,11,0,46,0,19,,92505,11,0,45,0,57,,92484,11,0,46,0,19,,92506,11,0,45,0,24,,92485,11,0,46,0,61,,92507,11,0,45,0,19,,92486,11,0,46,0,19,,92508,11,0,45,0,62,,92487,11,0,46,0,22,,92509,11,0,45,0,18,,92488,11,0,46,0,61,,92510,11,0,45,0,22,,92489,11,0,46,0,22,,92511,11,0,45,0,70,,92490,11,0,46,0,19,,92512,11,0,45,0,58,,92491,11,0,46,0,16,,92513,11,0,45,0,17,,92492,11,0,46,0,16,,92514,11,0,45,0,54,,92493,11,0,46,0,20,,92515,11,0,45,0,19,,92494,11,0,46,0,60,,92516,11,0,45,0,19,,92495,11,0,46,0
