901,'S2-0_4',747,,86988,12,0,26,0,66,,86989,12,0,27 63,0,102,,86994,12,0,23 24,0,192,,86995,12,0,23 24,0,107,,86990,12,0,27 63,0,140,,86996,12,0,23 24,0,152,,86997,12,0,23 24,0,109,,86991,12,0,27 63,0,101,,86992,12,0,27 63,0,98,,86993,12,0,27 63,0,126,,87003,12,,,0
901,'S2-0_5',747,,87004,12,0,26,0,66,,87005,12,0,27 63,0,102,,87010,12,0,23 24,0,192,,87011,12,0,23 24,0,107,,87006,12,0,27 63,0,140,,87012,12,0,23 24,0,152,,87013,12,0,23 24,0,109,,87007,12,0,27 63,0,101,,87008,12,0,27 63,0,98,,87009,12,0,27 63,0,126,,87019,12,,,0
901,'S2-1_3',747,,87020,12,0,26,0,66,,87021,12,0,27 63,0,102,,87026,12,0,23 24,0,192,,87027,12,0,23 24,0,107,,87022,12,0,27 63,0,140,,87028,12,0,23 24,0,152,,87029,12,0,23 24,0,109,,87023,12,0,27 63,0,101,,87024,12,0,27 63,0,98,,87025,12,0,27 63,0,126,,87035,12,,,0
901,'S2-2_6',745,,87036,12,0,23 24,0,99,,87048,12,0,25,0,367,,87046,12,0,25,0,319,,87044,12,0,25,0,82,,87037,12,0,23 24,0,104,,87038,12,0,23 24,0,134,,87039,12,0,23 24,0,90,,87040,12,0,23 24,0
901,'S2-4_1',747,,87049,12,0,26,0,66,,87050,12,0,27 63,0,102,,87055,12,0,23 24,0,192,,87056,12,0,23 24,0,107,,87051,12,0,27 63,0,140,,87057,12,0,23 24,0,152,,87058,12,0,23 24,0,109,,87052,12,0,27 63,0,101,,87053,12,0,27 63,0,98,,87054,12,0,27 63,0,126,,87064,12,,,0
901,'S2-4_2',747,,87065,12,0,26,0,66,,87066,12,0,27 63,0,102,,87071,12,0,23 24,0,192,,87072,12,0,23 24,0,107,,87067,12,0,27 63,0,140,,87073,12,0,23 24,0,152,,87074,12,0,23 24,0,109,,87068,12,0,27 63,0,101,,87069,12,0,27 63,0,98,,87070,12,0,27 63,0,126,,87080,12,,,0
901,'S2-4_4',747,,87081,12,0,26,0,66,,87082,12,0,27 63,0,102,,87087,12,0,23 24,0,192,,87088,12,0,23 24,0,107,,87083,12,0,27 63,0,140,,87089,12,0,23 24,0,152,,87090,12,0,23 24,0,109,,87084,12,0,27 63,0,101,,87085,12,0,27 63,0,98,,87086,12,0,27 63,0,126,,87096,12,,,0
1001,'S2-0_4',754,,87200,7,,,0,99,,87202,7,,,0,85,,87203,7,,,0,79,,87207,5,,,0,86,,87204,7,,,0,50,,87208,5,,,0,84,,87209,5,,,0,70,,87210,5,,,0,100,,87201,7,,,0,38,,87211,5,,,0,183,,87212,7,,,0,319,,87206,7,,,0
1001,'S2-0_5',754,,87214,7,,,0,99,,87216,7,,,0,85,,87217,7,,,0,79,,87221,5,,,0,86,,87218,7,,,0,50,,87222,5,,,0,84,,87223,5,,,0,70,,87224,5,,,0,100,,87215,7,,,0,38,,87225,5,,,0,183,,87226,7,,,0,319,,87220,7,,,0
1001,'S2-1_3',754,,87228,7,,,0,99,,87230,7,,,0,85,,87231,7,,,0,79,,87235,5,,,0,86,,87232,7,,,0,50,,87236,5,,,0,84,,87237,5,,,0,70,,87238,5,,,0,100,,87229,7,,,0,38,,87239,5,,,0,183,,87240,7,,,0,319,,87234,7,,,0
1001,'S2-2_6',751,,87242,7,,,0,103,,87243,7,,,0,101,,87250,5,,,0,102,,87244,7,,,0,100,,87251,5,,,0,85,,87252,5,,,0,164,,87247,7,,,0,38,,87253,5,,,0,187,,87248,7,,,0,118,,87249,7,,,0,90,,87245,7,,,0,107,,87246,7,,,0
1001,'S2-4_1',754,,87254,7,,,0,99,,87256,7,,,0,85,,87257,7,,,0,79,,87261,5,,,0,86,,87258,7,,,0,50,,87262,5,,,0,84,,87263,5,,,0,70,,87264,5,,,0,100,,87255,7,,,0,38,,87265,5,,,0,183,,87266,7,,,0,319,,87260,7,,,0
1001,'S2-4_2',754,,87268,7,,,0,99,,87270,7,,,0,85,,87271,7,,,0,79,,87275,5,,,0,86,,87272,7,,,0,50,,87276,5,,,0,84,,87277,5,,,0,70,,87278,5,,,0,100,,87269,7,,,0,38,,87279,5,,,0,183,,87280,7,,,0,319,,87274,7,,,0
1001,'S2-4_4',754,,87282,7,,,0,99,,87284,7,,,0,85,,87285,7,,,0,79,,87289,5,,,0,86,,87286,7,,,0,50,,87290,5,,,0,84,,87291,5,,,0,70,,87292,5,,,0,100,,87283,7,,,0,38,,87293,5,,,0,183,,87294,7,,,0,319,,87288,7,,,0
1901,'S2-0_4',1614,,87878,12,,,0,100,,87879,12,,,0,99,,87880,12,,,0
1901,'S2-0_5',1614,,87887,12,,,0,100,,87888,12,,,0,99,,87889,12,,,0
1901,'S2-1_3',1213,,87899,12,,,0,34,,87900,12,,,0
1901,'S2-4_1',1614,,87902,12,,,0,100,,87903,12,,,0,99,,87904,12,,,0
1901,'S2-4_2',1614,,87911,12,,,0,100,,87912,12,,,0,99,,87913,12,,,0
1901,'S2-4_4',1614,,87920,12,,,0,100,,87921,12,,,0,99,,87922,12,,,0
1000001,'S2-0_4',554,,89913,23,,,0,60,,89914,23,,,0,20,,89915,23,,,0,20,,89916,23,,,0,62,,89917,23,,,0,10,,89997,23,,,0,11,,89998,23,,,0,10,,89948,29,,,0,10,,89949,29,,,0,50,,89950,29,,,0,11,,89951,29,,,0,10,,89952,29,,,0,9,,89953,29,,,0,10,,89954,29,,,0,10,,89955,29,,,0,50,,89956,29,,,0,10,,89957,29,,,0,10,,89958,29,,,0,12,,89959,29,,,0,11,,89918,23,,,0,51,,89919,29,,,0,10,,89920,23,,,0,9,,89921,29,,,0,11,,89922,23,,,0,11,,89960,29,,,0,11,,89923,23,,,0,51,,89924,29,,,0,10,,89925,23,,,0,11,,89926,29,,,0,10,,89927,23,,,0,11,,89961,29,,,0,12,,89928,23,,,0,51,,89929,29,,,0,10,,89930,23,,,0,8,,89931,29,,,0,9,,89962,23,,,0,10,,89963,29,,,0,10,,89964,23,,,0,50,,89965,29,,,0,10,,89966,23,,,0,10,,89967,29,,,0,10,,89968,23,,,0,9,,89969,29,,,0,10,,89970,23,,,0,51,,89971,29,,,0,10,,89972,23,,,0,10,,89973,29,,,0,10,,89974,23,,,0,11,,89932,29,,,0,10,,89933,23,,,0,49,,89975,29,,,0,10,,89934,23,,,0,9,,89935,29,,,0,11,,89936,23,,,0,11,,89976,29,,,0,12,,89937,23,,,0,51,,89938,29,,,0,11,,89939,23,,,0,10,,89940,29,,,0,9,,89941,29,,,0,10,,89977,29,,,0,52,,89978,29,,,0,10,,89979,29,,,0,11,,89980,29,,,0,11,,89981,29,,,0,10,,89982,29,,,0,10,,89983,29,,,0,50,,89984,29,,,0,8,,89985,29,,,0,10,,89986,29,,,0,9,,89987,29,,,0,8,,89988,29,,,0,9,,89989,29,,,0,9,,89990,29,,,0,48,,89991,29,,,0,9,,89992,23,,,0,9,,89993,29,,,0,10,,89994,23,,,0,12,,89996,29,,,0,59,,89995,29,,,0,20,,89942,23,,,0,20,,89943,23,,,0,60,,89944,23,,,0,20,,89945,23,,,0,19,,89946,23,,,0,60,,89947,23,,,0
1000001,'S2-0_5',554,,89999,23,,,0,60,,90000,23,,,0,20,,90001,23,,,0,20,,90002,23,,,0,62,,90003,23,,,0,10,,90083,23,,,0,11,,90084,23,,,0,10,,90034,29,,,0,10,,90035,29,,,0,50,,90036,29,,,0,11,,90037,29,,,0,10,,90038,29,,,0,9,,90039,29,,,0,10,,90040,29,,,0,10,,90041,29,,,0,50,,90042,29,,,0,10,,90043,29,,,0,10,,90044,29,,,0,12,,90045,29,,,0,11,,90004,23,,,0,51,,90005,29,,,0,10,,90006,23,,,0,9,,90007,29,,,0,11,,90008,23,,,0,11,,90046,29,,,0,11,,90009,23,,,0,51,,90010,29,,,0,10,,90011,23,,,0,11,,90012,29,,,0,10,,90013,23,,,0,11,,90047,29,,,0,12,,90014,23,,,0,51,,90015,29,,,0,10,,90016,23,,,0,8,,90017,29,,,0,9,,90048,23,,,0,10,,90049,29,,,0,10,,90050,23,,,0,50,,90051,29,,,0,10,,90052,23,,,0,10,,90053,29,,,0,10,,90054,23,,,0,9,,90055,29,,,0,10,,90056,23,,,0,51,,90057,29,,,0,10,,90058,23,,,0,10,,90059,29,,,0,10,,90060,23,,,0,11,,90018,29,,,0,10,,90019,23,,,0,49,,90061,29,,,0,10,,90020,23,,,0,9,,90021,29,,,0,11,,90022,23,,,0,11,,90062,29,,,0,12,,90023,23,,,0,51,,90024,29,,,0,11,,90025,23,,,0,10,,90026,29,,,0,9,,90027,29,,,0,10,,90063,29,,,0,52,,90064,29,,,0,10,,90065,29,,,0,11,,90066,29,,,0,11,,90067,29,,,0,10,,90068,29,,,0,10,,90069,29,,,0,50,,90070,29,,,0,8,,90071,29,,,0,10,,90072,29,,,0,9,,90073,29,,,0,8,,90074,29,,,0,9,,90075,29,,,0,9,,90076,29,,,0,48,,90077,29,,,0,9,,90078,23,,,0,9,,90079,29,,,0,10,,90080,23,,,0,12,,90082,29,,,0,59,,90081,29,,,0,20,,90028,23,,,0,20,,90029,23,,,0,60,,90030,23,,,0,20,,90031,23,,,0,19,,90032,23,,,0,60,,90033,23,,,0
1000001,'S2-1_3',554,,90085,23,,,0,60,,90086,23,,,0,20,,90087,23,,,0,20,,90088,23,,,0,62,,90089,23,,,0,10,,90169,23,,,0,11,,90170,23,,,0,10,,90120,29,,,0,10,,90121,29,,,0,50,,90122,29,,,0,11,,90123,29,,,0,10,,90124,29,,,0,9,,90125,29,,,0,10,,90126,29,,,0,10,,90127,29,,,0,50,,90128,29,,,0,10,,90129,29,,,0,10,,90130,29,,,0,12,,90131,29,,,0,11,,90090,23,,,0,51,,90091,29,,,0,10,,90092,23,,,0,9,,90093,29,,,0,11,,90094,23,,,0,11,,90132,29,,,0,11,,90095,23,,,0,51,,90096,29,,,0,10,,90097,23,,,0,11,,90098,29,,,0,10,,90099,23,,,0,11,,90133,29,,,0,12,,90100,23,,,0,51,,90101,29,,,0,10,,90102,23,,,0,8,,90103,29,,,0,9,,90134,23,,,0,10,,90135,29,,,0,10,,90136,23,,,0,50,,90137,29,,,0,10,,90138,23,,,0,10,,90139,29,,,0,10,,90140,23,,,0,9,,90141,29,,,0,10,,90142,23,,,0,51,,90143,29,,,0,10,,90144,23,,,0,10,,90145,29,,,0,10,,90146,23,,,0,11,,90104,29,,,0,10,,90105,23,,,0,49,,90147,29,,,0,10,,90106,23,,,0,9,,90107,29,,,0,11,,90108,23,,,0,11,,90148,29,,,0,12,,90109,23,,,0,51,,90110,29,,,0,11,,90111,23,,,0,10,,90112,29,,,0,9,,90113,29,,,0,10,,90149,29,,,0,52,,90150,29,,,0,10,,90151,29,,,0,11,,90152,29,,,0,11,,90153,29,,,0,10,,90154,29,,,0,10,,90155,29,,,0,50,,90156,29,,,0,8,,90157,29,,,0,10,,90158,29,,,0,9,,90159,29,,,0,8,,90160,29,,,0,9,,90161,29,,,0,9,,90162,29,,,0,48,,90163,29,,,0,9,,90164,23,,,0,9,,90165,29,,,0,10,,90166,23,,,0,12,,90168,29,,,0,59,,90167,29,,,0,20,,90114,23,,,0,20,,90115,23,,,0,60,,90116,23,,,0,20,,90117,23,,,0,19,,90118,23,,,0,60,,90119,23,,,0
1000001,'S2-2_6',554,,90171,23,,,0,82,,90172,23,,,0,81,,90173,23,,,0,30,,90174,23,,,0,69,,90175,29,,,0,29,,90176,29,,,0,55,,90177,23,,,0,16,,90178,23,,,0,15,,90179,29,,,0,16,,90180,23,,,0,55,,90181,23,,,0,15,,90182,29,,,0,16,,90183,23,,,0,14,,90184,23,,,0,56,,90185,29,,,0,15,,90186,23,,,0,15,,90187,23,,,0,16,,90188,29,,,0,54,,90189,23,,,0,16,,90190,23,,,0,15,,90191,29,,,0,14,,90192,23,,,0,57,,90193,23,,,0,16,,90194,29,,,0,9,,90195,23,,,0,10,,90196,23,,,0,9,,90197,23,,,0,10,,90199,23,,,0,50,,90198,29,,,0,10,,90200,23,,,0,11,,90201,23,,,0,12,,90202,29,,,0,9,,90203,23,,,0,49,,90204,23,,,0,10,,90205,23,,,0,11,,90206,29,,,0,10,,90207,23,,,0,10,,90208,23,,,0,11,,90209,23,,,0,51,,90210,29,,,0,9,,90211,23,,,0,10,,90212,23,,,0,10,,90213,23,,,0,13,,90214,29,,,0,9,,90215,23,,,0,49,,90216,23,,,0,10,,90217,23,,,0,9,,90219,23,,,0,9,,90218,29,,,0,10,,90220,23,,,0,9,,90221,23,,,0,50,,90223,23,,,0,9,,90222,29,,,0,9,,90224,23,,,0,9,,90225,23,,,0,9,,90227,23,,,0,10,,90226,29,,,0,10,,90228,23,,,0,53,,90229,23,,,0,19,,90230,29,,,0,17,,90231,23,,,0,61,,90232,23,,,0,21,,90233,23,,,0,16,,90234,23,,,0,59,,90235,23,,,0,20,,90236,23,,,0,20,,90237,23,,,0,60,,90238,23,,,0
1000001,'S2-3_7',825,,90239,23,,,0,80,,90240,23,,,0,40,,90241,23,,,0,80,,90242,23,,,0,80,,90243,23,,,0,40,,90244,23,,,0,80,,90245,23,,,0,80,,90246,23,,,0,40,,90247,23,,,0,80,,90248,23,,,0,80,,90249,23,,,0,40,,90250,23,,,0,80,,90251,23,,,0,80,,90252,23,,,0,40,,90253,23,,,0,80,,90254,23,,,0,80,,90255,23,,,0,40,,90256,23,,,0
1000001,'S2-4_1',554,,90257,23,,,0,60,,90258,23,,,0,20,,90259,23,,,0,20,,90260,23,,,0,62,,90261,23,,,0,10,,90341,23,,,0,11,,90342,23,,,0,10,,90292,29,,,0,10,,90293,29,,,0,50,,90294,29,,,0,11,,90295,29,,,0,10,,90296,29,,,0,9,,90297,29,,,0,10,,90298,29,,,0,10,,90299,29,,,0,50,,90300,29,,,0,10,,90301,29,,,0,10,,90302,29,,,0,12,,90303,29,,,0,11,,90262,23,,,0,51,,90263,29,,,0,10,,90264,23,,,0,9,,90265,29,,,0,11,,90266,23,,,0,11,,90304,29,,,0,11,,90267,23,,,0,51,,90268,29,,,0,10,,90269,23,,,0,11,,90270,29,,,0,10,,90271,23,,,0,11,,90305,29,,,0,12,,90272,23,,,0,51,,90273,29,,,0,10,,90274,23,,,0,8,,90275,29,,,0,9,,90306,23,,,0,10,,90307,29,,,0,10,,90308,23,,,0,50,,90309,29,,,0,10,,90310,23,,,0,10,,90311,29,,,0,10,,90312,23,,,0,9,,90313,29,,,0,10,,90314,23,,,0,51,,90315,29,,,0,10,,90316,23,,,0,10,,90317,29,,,0,10,,90318,23,,,0,11,,90276,29,,,0,10,,90277,23,,,0,49,,90319,29,,,0,10,,90278,23,,,0,9,,90279,29,,,0,11,,90280,23,,,0,11,,90320,29,,,0,12,,90281,23,,,0,51,,90282,29,,,0,11,,90283,23,,,0,10,,90284,29,,,0,9,,90285,29,,,0,10,,90321,29,,,0,52,,90322,29,,,0,10,,90323,29,,,0,11,,90324,29,,,0,11,,90325,29,,,0,10,,90326,29,,,0,10,,90327,29,,,0,50,,90328,29,,,0,8,,90329,29,,,0,10,,90330,29,,,0,9,,90331,29,,,0,8,,90332,29,,,0,9,,90333,29,,,0,9,,90334,29,,,0,48,,90335,29,,,0,9,,90336,23,,,0,9,,90337,29,,,0,10,,90338,23,,,0,12,,90340,29,,,0,59,,90339,29,,,0,20,,90286,23,,,0,20,,90287,23,,,0,60,,90288,23,,,0,20,,90289,23,,,0,19,,90290,23,,,0,60,,90291,23,,,0
1000001,'S2-4_2',554,,90343,23,,,0,60,,90344,23,,,0,20,,90345,23,,,0,20,,90346,23,,,0,62,,90347,23,,,0,10,,90427,23,,,0,11,,90428,23,,,0,10,,90378,29,,,0,10,,90379,29,,,0,50,,90380,29,,,0,11,,90381,29,,,0,10,,90382,29,,,0,9,,90383,29,,,0,10,,90384,29,,,0,10,,90385,29,,,0,50,,90386,29,,,0,10,,90387,29,,,0,10,,90388,29,,,0,12,,90389,29,,,0,11,,90348,23,,,0,51,,90349,29,,,0,10,,90350,23,,,0,9,,90351,29,,,0,11,,90352,23,,,0,11,,90390,29,,,0,11,,90353,23,,,0,51,,90354,29,,,0,10,,90355,23,,,0,11,,90356,29,,,0,10,,90357,23,,,0,11,,90391,29,,,0,12,,90358,23,,,0,51,,90359,29,,,0,10,,90360,23,,,0,8,,90361,29,,,0,9,,90392,23,,,0,10,,90393,29,,,0,10,,90394,23,,,0,50,,90395,29,,,0,10,,90396,23,,,0,10,,90397,29,,,0,10,,90398,23,,,0,9,,90399,29,,,0,10,,90400,23,,,0,51,,90401,29,,,0,10,,90402,23,,,0,10,,90403,29,,,0,10,,90404,23,,,0,11,,90362,29,,,0,10,,90363,23,,,0,49,,90405,29,,,0,10,,90364,23,,,0,9,,90365,29,,,0,11,,90366,23,,,0,11,,90406,29,,,0,12,,90367,23,,,0,51,,90368,29,,,0,11,,90369,23,,,0,10,,90370,29,,,0,9,,90371,29,,,0,10,,90407,29,,,0,52,,90408,29,,,0,10,,90409,29,,,0,11,,90410,29,,,0,11,,90411,29,,,0,10,,90412,29,,,0,10,,90413,29,,,0,50,,90414,29,,,0,8,,90415,29,,,0,10,,90416,29,,,0,9,,90417,29,,,0,8,,90418,29,,,0,9,,90419,29,,,0,9,,90420,29,,,0,48,,90421,29,,,0,9,,90422,23,,,0,9,,90423,29,,,0,10,,90424,23,,,0,12,,90426,29,,,0,59,,90425,29,,,0,20,,90372,23,,,0,20,,90373,23,,,0,60,,90374,23,,,0,20,,90375,23,,,0,19,,90376,23,,,0,60,,90377,23,,,0
1000001,'S2-4_4',554,,90429,23,,,0,60,,90430,23,,,0,20,,90431,23,,,0,20,,90432,23,,,0,62,,90433,23,,,0,10,,90513,23,,,0,11,,90514,23,,,0,10,,90464,29,,,0,10,,90465,29,,,0,50,,90466,29,,,0,11,,90467,29,,,0,10,,90468,29,,,0,9,,90469,29,,,0,10,,90470,29,,,0,10,,90471,29,,,0,50,,90472,29,,,0,10,,90473,29,,,0,10,,90474,29,,,0,12,,90475,29,,,0,11,,90434,23,,,0,51,,90435,29,,,0,10,,90436,23,,,0,9,,90437,29,,,0,11,,90438,23,,,0,11,,90476,29,,,0,11,,90439,23,,,0,51,,90440,29,,,0,10,,90441,23,,,0,11,,90442,29,,,0,10,,90443,23,,,0,11,,90477,29,,,0,12,,90444,23,,,0,51,,90445,29,,,0,10,,90446,23,,,0,8,,90447,29,,,0,9,,90478,23,,,0,10,,90479,29,,,0,10,,90480,23,,,0,50,,90481,29,,,0,10,,90482,23,,,0,10,,90483,29,,,0,10,,90484,23,,,0,9,,90485,29,,,0,10,,90486,23,,,0,51,,90487,29,,,0,10,,90488,23,,,0,10,,90489,29,,,0,10,,90490,23,,,0,11,,90448,29,,,0,10,,90449,23,,,0,49,,90491,29,,,0,10,,90450,23,,,0,9,,90451,29,,,0,11,,90452,23,,,0,11,,90492,29,,,0,12,,90453,23,,,0,51,,90454,29,,,0,11,,90455,23,,,0,10,,90456,29,,,0,9,,90457,29,,,0,10,,90493,29,,,0,52,,90494,29,,,0,10,,90495,29,,,0,11,,90496,29,,,0,11,,90497,29,,,0,10,,90498,29,,,0,10,,90499,29,,,0,50,,90500,29,,,0,8,,90501,29,,,0,10,,90502,29,,,0,9,,90503,29,,,0,8,,90504,29,,,0,9,,90505,29,,,0,9,,90506,29,,,0,48,,90507,29,,,0,9,,90508,23,,,0,9,,90509,29,,,0,10,,90510,23,,,0,12,,90512,29,,,0,59,,90511,29,,,0,20,,90458,23,,,0,20,,90459,23,,,0,60,,90460,23,,,0,20,,90461,23,,,0,19,,90462,23,,,0,60,,90463,23,,,0
