901,'S2-0_4',803,,86988,19,0,26,0,26,,86989,19,0,27 63,0,103,,86994,19,0,23 24,0,95,,86998,4,0,23 24,0,98,,86995,19,0,23 24,0,106,,86990,19,0,27 63,0,181,,86996,19,0,23 24,0,112,,86997,19,0,23 24,0,109,,86991,19,0,27 63,0,102,,86992,19,0,27 63,0,95,,86993,19,0,27 63,0,124,,87003,19,,,0
901,'S2-0_5',803,,87004,19,0,26,0,26,,87005,19,0,27 63,0,103,,87010,19,0,23 24,0,95,,87014,4,0,23 24,0,98,,87011,19,0,23 24,0,106,,87006,19,0,27 63,0,181,,87012,19,0,23 24,0,112,,87013,19,0,23 24,0,109,,87007,19,0,27 63,0,102,,87008,19,0,27 63,0,95,,87009,19,0,27 63,0,124,,87019,19,,,0
901,'S2-1_3',803,,87020,19,0,26,0,26,,87021,19,0,27 63,0,103,,87026,19,0,23 24,0,95,,87030,4,0,23 24,0,98,,87027,19,0,23 24,0,106,,87022,19,0,27 63,0,181,,87028,19,0,23 24,0,112,,87029,19,0,23 24,0,109,,87023,19,0,27 63,0,102,,87024,19,0,27 63,0,95,,87025,19,0,27 63,0,124,,87035,19,,,0
901,'S2-2_6',758,,87036,19,0,23 24,0,99,,87048,19,0,25,0,90,,87041,4,0,23 24,0,166,,87042,4,0,23 24,0,113,,87046,19,0,25,0,79,,87043,4,0,23 24,0,107,,87045,4,0,25,0,90,,87047,4,0,25,0,44,,87044,19,0,25,0,82,,87037,19,0,23 24,0,104,,87038,19,0,23 24,0,172,,87039,19,0,23 24,0,49,,87040,19,0,23 24,0
901,'S2-4_1',803,,87049,19,0,26,0,26,,87050,19,0,27 63,0,103,,87055,19,0,23 24,0,95,,87059,4,0,23 24,0,98,,87056,19,0,23 24,0,106,,87051,19,0,27 63,0,181,,87057,19,0,23 24,0,112,,87058,19,0,23 24,0,109,,87052,19,0,27 63,0,102,,87053,19,0,27 63,0,95,,87054,19,0,27 63,0,124,,87064,19,,,0
901,'S2-4_2',803,,87065,19,0,26,0,26,,87066,19,0,27 63,0,103,,87071,19,0,23 24,0,95,,87075,4,0,23 24,0,98,,87072,19,0,23 24,0,106,,87067,19,0,27 63,0,181,,87073,19,0,23 24,0,112,,87074,19,0,23 24,0,109,,87068,19,0,27 63,0,102,,87069,19,0,27 63,0,95,,87070,19,0,27 63,0,124,,87080,19,,,0
901,'S2-4_4',803,,87081,19,0,26,0,26,,87082,19,0,27 63,0,103,,87087,19,0,23 24,0,95,,87091,4,0,23 24,0,98,,87088,19,0,23 24,0,106,,87083,19,0,27 63,0,181,,87089,19,0,23 24,0,112,,87090,19,0,23 24,0,109,,87084,19,0,27 63,0,102,,87085,19,0,27 63,0,95,,87086,19,0,27 63,0,124,,87096,19,,,0
1601,'S2-0_4',842,,87596,4,,,0,205,,87598,4,,,0,153,,87601,4,,,0,146,,87599,4,,,0,178,,87602,4,,,0,282,,87600,4,,,0
1601,'S2-0_5',842,,87604,4,,,0,205,,87606,4,,,0,153,,87609,4,,,0,146,,87607,4,,,0,178,,87610,4,,,0,282,,87608,4,,,0
1601,'S2-1_3',842,,87612,4,,,0,205,,87614,4,,,0,153,,87617,4,,,0,146,,87615,4,,,0,178,,87618,4,,,0,282,,87616,4,,,0
1601,'S2-2_6',842,,87620,4,,,0,205,,87622,4,,,0,153,,87625,4,,,0,146,,87623,4,,,0,178,,87626,4,,,0,282,,87624,4,,,0
1601,'S2-4_1',842,,87628,4,,,0,205,,87630,4,,,0,153,,87633,4,,,0,146,,87631,4,,,0,178,,87634,4,,,0,282,,87632,4,,,0
1601,'S2-4_2',842,,87636,4,,,0,205,,87638,4,,,0,153,,87641,4,,,0,146,,87639,4,,,0,178,,87642,4,,,0,282,,87640,4,,,0
1601,'S2-4_4',842,,87644,4,,,0,205,,87646,4,,,0,153,,87649,4,,,0,146,,87647,4,,,0,178,,87650,4,,,0,282,,87648,4,,,0
1901,'S2-0_4',1643,,87883,4,,,0,110,,87884,4,,,0,99,,87885,4,,,0
1901,'S2-0_5',1643,,87892,4,,,0,110,,87893,4,,,0,99,,87894,4,,,0
1901,'S2-1_3',1305,,87900,19,,,0,338,,87896,4,,,0,110,,87897,4,,,0,99,,87898,4,,,0
1901,'S2-4_1',1643,,87907,4,,,0,110,,87908,4,,,0,99,,87909,4,,,0
1901,'S2-4_2',1643,,87916,4,,,0,110,,87917,4,,,0,99,,87918,4,,,0
1901,'S2-4_4',1643,,87925,4,,,0,110,,87926,4,,,0,99,,87927,4,,,0
