300,'S2-0_4',640,,85225,2,,,0,64,,85226,2,,,0,30,,85227,2,,,0,66,,85228,2,,,0,25,,85229,2,,,0,30,,85230,2,,,0,72,,85231,2,,,0,32,,85232,2,,,0,72,,85233,2,,,0,72,,85234,2,,,0,32,,85235,2,,,0,72,,85236,2,,,0,32,,85237,2,,,0,72,,85238,2,,,0,32,,85239,2,,,0,72,,85240,2,,,0,32,,85241,2,,,0,72,,85242,2,,,0,31,,85244,2,,,0,67,,85245,2,,,0,28,,85246,2,,,0,69,,85247,2,,,0,30,,85248,2,,,0,71,,85252,2,,,0,31,,85249,2,,,0,71,,85250,2,,,0,33,,85251,2,,,0,70,,85243,2,,,0
300,'S2-0_5',640,,85253,2,,,0,64,,85254,2,,,0,30,,85255,2,,,0,66,,85256,2,,,0,25,,85257,2,,,0,30,,85258,2,,,0,72,,85259,2,,,0,32,,85260,2,,,0,72,,85261,2,,,0,72,,85262,2,,,0,32,,85263,2,,,0,72,,85264,2,,,0,32,,85265,2,,,0,72,,85266,2,,,0,32,,85267,2,,,0,72,,85268,2,,,0,32,,85269,2,,,0,72,,85270,2,,,0,31,,85272,2,,,0,67,,85273,2,,,0,28,,85274,2,,,0,69,,85275,2,,,0,30,,85276,2,,,0,71,,85280,2,,,0,31,,85277,2,,,0,71,,85278,2,,,0,33,,85279,2,,,0,70,,85271,2,,,0
300,'S2-1_3',640,,85281,2,,,0,64,,85282,2,,,0,30,,85283,2,,,0,66,,85284,2,,,0,25,,85285,2,,,0,30,,85286,2,,,0,72,,85287,2,,,0,32,,85288,2,,,0,72,,85289,2,,,0,72,,85290,2,,,0,32,,85291,2,,,0,72,,85292,2,,,0,32,,85293,2,,,0,72,,85294,2,,,0,32,,85295,2,,,0,72,,85296,2,,,0,32,,85297,2,,,0,72,,85298,2,,,0,31,,85300,2,,,0,67,,85301,2,,,0,28,,85302,2,,,0,69,,85303,2,,,0,30,,85304,2,,,0,71,,85308,2,,,0,31,,85305,2,,,0,71,,85306,2,,,0,33,,85307,2,,,0,70,,85299,2,,,0
300,'S2-2_6',645,,85309,2,,,0,69,,85311,2,,,0,27,,85312,2,,,0,69,,85310,2,,,0,30,,85314,2,,,0,69,,85315,2,,,0,28,,85313,2,,,0,71,,85316,2,,,0,30,,85317,2,,,0,70,,85320,2,,,0,31,,85319,2,,,0,70,,85318,2,,,0,29,,85322,2,,,0,69,,85321,2,,,0,29,,85323,2,,,0,69,,85324,2,,,0,32,,85325,2,,,0,70,,85326,2,,,0,31,,85327,2,,,0,70,,85328,2,,,0,32,,85329,2,,,0,72,,85330,2,,,0,30,,85331,2,,,0,71,,85336,2,,,0,31,,85332,2,,,0,71,,85333,2,,,0,28,,85334,2,,,0,71,,85335,2,,,0
300,'S2-3_7',844,,85359,2,,,0,72,,85360,2,,,0,34,,85361,2,,,0,74,,85362,2,,,0,32,,85353,2,,,0,74,,85358,2,,,0,73,,85357,2,,,0,34,,85356,2,,,0,71,,85355,2,,,0,32,,85337,2,,,0,68,,85338,2,,,0,28,,85339,2,,,0,67,,85340,2,,,0,28,,85341,2,,,0,27,,85342,2,,,0,69,,85343,2,,,0,28,,85344,2,,,0,67,,85345,2,,,0,28,,85346,2,,,0,69,,85347,2,,,0,28,,85348,2,,,0,67,,85349,2,,,0,27,,85350,2,,,0,65,,85351,2,,,0,24,,85354,2,,,0,27,,85352,2,,,0
300,'S2-4_1',640,,85363,2,,,0,64,,85364,2,,,0,30,,85365,2,,,0,66,,85366,2,,,0,25,,85367,2,,,0,30,,85368,2,,,0,72,,85369,2,,,0,32,,85370,2,,,0,72,,85371,2,,,0,72,,85372,2,,,0,32,,85373,2,,,0,72,,85374,2,,,0,32,,85375,2,,,0,72,,85376,2,,,0,32,,85377,2,,,0,72,,85378,2,,,0,32,,85379,2,,,0,72,,85380,2,,,0,31,,85382,2,,,0,67,,85383,2,,,0,28,,85384,2,,,0,69,,85385,2,,,0,30,,85386,2,,,0,71,,85390,2,,,0,31,,85387,2,,,0,71,,85388,2,,,0,33,,85389,2,,,0,70,,85381,2,,,0
300,'S2-4_2',640,,85391,2,,,0,64,,85392,2,,,0,30,,85393,2,,,0,66,,85394,2,,,0,25,,85395,2,,,0,30,,85396,2,,,0,72,,85397,2,,,0,32,,85398,2,,,0,72,,85399,2,,,0,72,,85400,2,,,0,32,,85401,2,,,0,72,,85402,2,,,0,32,,85403,2,,,0,72,,85404,2,,,0,32,,85405,2,,,0,72,,85406,2,,,0,32,,85407,2,,,0,72,,85408,2,,,0,31,,85410,2,,,0,67,,85411,2,,,0,28,,85412,2,,,0,69,,85413,2,,,0,30,,85414,2,,,0,71,,85418,2,,,0,31,,85415,2,,,0,71,,85416,2,,,0,33,,85417,2,,,0,70,,85409,2,,,0
300,'S2-4_4',640,,85419,2,,,0,64,,85420,2,,,0,30,,85421,2,,,0,66,,85422,2,,,0,25,,85423,2,,,0,30,,85424,2,,,0,72,,85425,2,,,0,32,,85426,2,,,0,72,,85427,2,,,0,72,,85428,2,,,0,32,,85429,2,,,0,72,,85430,2,,,0,32,,85431,2,,,0,72,,85432,2,,,0,32,,85433,2,,,0,72,,85434,2,,,0,32,,85435,2,,,0,72,,85436,2,,,0,31,,85438,2,,,0,67,,85439,2,,,0,28,,85440,2,,,0,69,,85441,2,,,0,30,,85442,2,,,0,71,,85446,2,,,0,31,,85443,2,,,0,71,,85444,2,,,0,33,,85445,2,,,0,70,,85437,2,,,0
900600,'S2-0_4',830,,88975,2,,,0,170,,88977,2,,,0,125,,88978,2,,,0,175,,88979,2,,,0,120,,88980,2,,,0,135,,88981,2,,,0,170,,88982,2,,,0,130,,88976,2,,,0
900600,'S2-0_5',830,,88983,2,,,0,170,,88985,2,,,0,125,,88986,2,,,0,175,,88987,2,,,0,120,,88988,2,,,0,135,,88989,2,,,0,170,,88990,2,,,0,130,,88984,2,,,0
900600,'S2-1_3',830,,88991,2,,,0,170,,88993,2,,,0,125,,88994,2,,,0,175,,88995,2,,,0,120,,88996,2,,,0,135,,88997,2,,,0,170,,88998,2,,,0,130,,88992,2,,,0
900600,'S2-2_6',830,,88999,2,,,0,170,,89001,2,,,0,125,,89002,2,,,0,175,,89003,2,,,0,120,,89004,2,,,0,135,,89005,2,,,0,170,,89006,2,,,0,130,,89000,2,,,0
900600,'S2-4_1',830,,89007,2,,,0,170,,89009,2,,,0,125,,89010,2,,,0,175,,89011,2,,,0,120,,89012,2,,,0,135,,89013,2,,,0,170,,89014,2,,,0,130,,89008,2,,,0
900600,'S2-4_2',830,,89015,2,,,0,170,,89017,2,,,0,125,,89018,2,,,0,175,,89019,2,,,0,120,,89020,2,,,0,135,,89021,2,,,0,170,,89022,2,,,0,130,,89016,2,,,0
900600,'S2-4_4',830,,89023,2,,,0,170,,89025,2,,,0,125,,89026,2,,,0,175,,89027,2,,,0,120,,89028,2,,,0,135,,89029,2,,,0,170,,89030,2,,,0,130,,89024,2,,,0
