2400,'S2-0_4',734,,88119,10,,,0,868,,88120,5,,,0,103,,88121,5,,,0,95,,88122,5,,,0
2400,'S2-0_5',734,,88123,10,,,0,868,,88124,5,,,0,103,,88125,5,,,0,95,,88126,5,,,0
2400,'S2-1_3',734,,88127,10,,,0,490,,88128,5,,,0
2400,'S2-4_1',734,,88129,10,,,0,868,,88130,5,,,0,103,,88131,5,,,0,95,,88132,5,,,0
2400,'S2-4_2',734,,88133,10,,,0,868,,88134,5,,,0,103,,88135,5,,,0,95,,88136,5,,,0
2400,'S2-4_4',734,,88137,10,,,0,868,,88138,5,,,0,103,,88139,5,,,0,95,,88140,5,,,0
2000000,'S2-0_4',644,,90554,7,,,0,61,,90536,7,,,0,16,,90564,7,,,0,15,,90520,7,,,0,14,,90547,7,,,0,56,,90529,7,,,0,15,,90556,7,,,0,15,,90539,7,,,0,16,,90567,7,,,0,56,,90521,7,,,0,16,,90552,7,,,0,15,,90530,7,,,0,16,,90557,7,,,0,55,,90537,7,,,0,16,,90565,7,,,0,16,,90522,7,,,0,16,,90553,7,,,0,55,,90531,7,,,0,16,,90558,7,,,0,17,,90538,7,,,0,54,,90568,7,,,0,18,,90523,7,,,0,13,,90546,7,,,0,16,,90532,7,,,0,55,,90555,7,,,0,15,,90540,7,,,0,15,,90566,7,,,0,15,,90525,7,,,0,55,,90548,7,,,0,15,,90535,7,,,0,15,,90560,7,,,0,15,,90541,7,,,0,54,,90569,7,,,0,15,,90526,7,,,0,15,,90549,7,,,0,16,,90534,7,,,0,7,,90517,5,0,9 10,0,48,,90559,7,,,0,14,,90542,7,,,0,16,,90518,7,,,0,14,,90570,7,,,0,55,,90516,5,0,9 10,0,3,,90524,7,,,0,14,,90551,7,,,0,17,,90533,7,,,0,15,,90561,7,,,0,50,,90573,5,0,9 10,0,6,,90544,7,,,0,13,,90519,7,,,0,15,,90571,7,,,0,15,,90527,7,,,0,55,,90550,7,,,0,14,,90562,7,,,0,19,,90543,7,,,0,22,,90572,7,,,0,61,,90528,7,,,0,19,,90563,7,,,0,61,,90545,7,,,0
2000000,'S2-0_5',644,,90613,7,,,0,61,,90595,7,,,0,16,,90623,7,,,0,15,,90579,7,,,0,14,,90606,7,,,0,56,,90588,7,,,0,15,,90615,7,,,0,15,,90598,7,,,0,16,,90626,7,,,0,56,,90580,7,,,0,16,,90611,7,,,0,15,,90589,7,,,0,16,,90616,7,,,0,55,,90596,7,,,0,16,,90624,7,,,0,16,,90581,7,,,0,16,,90612,7,,,0,55,,90590,7,,,0,16,,90617,7,,,0,17,,90597,7,,,0,54,,90627,7,,,0,18,,90582,7,,,0,13,,90605,7,,,0,16,,90591,7,,,0,55,,90614,7,,,0,15,,90599,7,,,0,15,,90625,7,,,0,15,,90584,7,,,0,55,,90607,7,,,0,15,,90594,7,,,0,15,,90619,7,,,0,15,,90600,7,,,0,54,,90628,7,,,0,15,,90585,7,,,0,15,,90608,7,,,0,16,,90593,7,,,0,7,,90576,5,0,9 10,0,48,,90618,7,,,0,14,,90601,7,,,0,16,,90577,7,,,0,14,,90629,7,,,0,55,,90575,5,0,9 10,0,3,,90583,7,,,0,14,,90610,7,,,0,17,,90592,7,,,0,15,,90620,7,,,0,50,,90632,5,0,9 10,0,6,,90603,7,,,0,13,,90578,7,,,0,15,,90630,7,,,0,15,,90586,7,,,0,55,,90609,7,,,0,14,,90621,7,,,0,19,,90602,7,,,0,22,,90631,7,,,0,61,,90587,7,,,0,19,,90622,7,,,0,61,,90604,7,,,0
2000000,'S2-1_3',644,,90671,7,,,0,61,,90653,7,,,0,16,,90681,7,,,0,15,,90637,7,,,0,14,,90664,7,,,0,56,,90646,7,,,0,15,,90673,7,,,0,15,,90656,7,,,0,16,,90684,7,,,0,56,,90638,7,,,0,16,,90669,7,,,0,15,,90647,7,,,0,16,,90674,7,,,0,55,,90654,7,,,0,16,,90682,7,,,0,16,,90639,7,,,0,16,,90670,7,,,0,55,,90648,7,,,0,16,,90675,7,,,0,17,,90655,7,,,0,54,,90685,7,,,0,10,,90690,5,0,9 10,0,3,,90634,5,0,9 10,0,2,,90633,5,0,9 10,0,3,,90640,7,,,0,13,,90663,7,,,0,16,,90649,7,,,0,55,,90672,7,,,0,15,,90657,7,,,0,15,,90683,7,,,0,15,,90642,7,,,0,55,,90665,7,,,0,15,,90652,7,,,0,15,,90677,7,,,0,15,,90658,7,,,0,54,,90686,7,,,0,15,,90643,7,,,0,15,,90666,7,,,0,16,,90651,7,,,0,55,,90676,7,,,0,14,,90659,7,,,0,16,,90635,7,,,0,14,,90687,7,,,0,58,,90641,7,,,0,14,,90668,7,,,0,17,,90650,7,,,0,15,,90678,7,,,0,56,,90661,7,,,0,13,,90636,7,,,0,15,,90688,7,,,0,15,,90644,7,,,0,55,,90667,7,,,0,14,,90679,7,,,0,19,,90660,7,,,0,22,,90689,7,,,0,61,,90645,7,,,0,19,,90680,7,,,0,61,,90662,7,,,0
2000000,'S2-2_6',641,,90691,7,,,0,81,,90692,7,,,0,79,,90693,7,,,0,28,,90694,7,,,0,21,,90695,7,,,0,60,,90696,7,,,0,17,,90697,7,,,0,18,,90698,7,,,0,59,,90699,7,,,0,20,,90700,7,,,0,19,,90701,7,,,0,59,,90702,7,,,0,19,,90703,7,,,0,20,,90704,7,,,0,59,,90705,7,,,0,19,,90706,7,,,0,18,,90707,7,,,0,19,,90708,7,,,0,59,,90709,7,,,0,19,,90710,7,,,0,18,,90711,7,,,0,59,,90712,7,,,0,20,,90713,7,,,0,20,,90714,7,,,0,59,,90715,7,,,0,19,,90716,7,,,0,20,,90717,7,,,0,60,,90718,7,,,0,20,,90719,7,,,0,20,,90720,7,,,0,59,,90721,7,,,0,20,,90722,7,,,0,20,,90723,7,,,0,60,,90724,7,,,0,18,,90725,7,,,0,20,,90726,7,,,0,64,,90727,7,,,0,25,,90728,7,,,0,65,,90729,7,,,0,25,,90730,7,,,0,25,,90731,7,,,0
2000000,'S2-3_7',817,,90732,7,,,0,40,,90733,7,,,0,80,,90734,7,,,0,80,,90735,7,,,0,40,,90736,7,,,0,80,,90737,7,,,0,80,,90738,7,,,0,40,,90739,7,,,0,80,,90740,7,,,0,80,,90741,7,,,0,40,,90742,7,,,0,80,,90743,7,,,0,80,,90744,7,,,0,40,,90745,7,,,0,80,,90746,7,,,0,80,,90747,7,,,0,40,,90748,7,,,0,80,,90749,7,,,0
2000000,'S2-4_1',644,,90789,7,,,0,61,,90771,7,,,0,16,,90799,7,,,0,15,,90755,7,,,0,14,,90782,7,,,0,56,,90764,7,,,0,15,,90791,7,,,0,15,,90774,7,,,0,16,,90802,7,,,0,56,,90756,7,,,0,16,,90787,7,,,0,15,,90765,7,,,0,16,,90792,7,,,0,55,,90772,7,,,0,16,,90800,7,,,0,16,,90757,7,,,0,16,,90788,7,,,0,55,,90766,7,,,0,16,,90793,7,,,0,17,,90773,7,,,0,54,,90803,7,,,0,18,,90758,7,,,0,13,,90781,7,,,0,16,,90767,7,,,0,55,,90790,7,,,0,15,,90775,7,,,0,15,,90801,7,,,0,15,,90760,7,,,0,55,,90783,7,,,0,15,,90770,7,,,0,15,,90795,7,,,0,15,,90776,7,,,0,54,,90804,7,,,0,15,,90761,7,,,0,15,,90784,7,,,0,16,,90769,7,,,0,7,,90752,5,0,9 10,0,48,,90794,7,,,0,14,,90777,7,,,0,16,,90753,7,,,0,14,,90805,7,,,0,55,,90751,5,0,9 10,0,3,,90759,7,,,0,14,,90786,7,,,0,17,,90768,7,,,0,15,,90796,7,,,0,50,,90808,5,0,9 10,0,6,,90779,7,,,0,13,,90754,7,,,0,15,,90806,7,,,0,15,,90762,7,,,0,55,,90785,7,,,0,14,,90797,7,,,0,19,,90778,7,,,0,22,,90807,7,,,0,61,,90763,7,,,0,19,,90798,7,,,0,61,,90780,7,,,0
2000000,'S2-4_2',644,,90848,7,,,0,61,,90830,7,,,0,16,,90858,7,,,0,15,,90814,7,,,0,14,,90841,7,,,0,56,,90823,7,,,0,15,,90850,7,,,0,15,,90833,7,,,0,16,,90861,7,,,0,56,,90815,7,,,0,16,,90846,7,,,0,15,,90824,7,,,0,16,,90851,7,,,0,55,,90831,7,,,0,16,,90859,7,,,0,16,,90816,7,,,0,16,,90847,7,,,0,55,,90825,7,,,0,16,,90852,7,,,0,17,,90832,7,,,0,54,,90862,7,,,0,18,,90817,7,,,0,13,,90840,7,,,0,16,,90826,7,,,0,55,,90849,7,,,0,15,,90834,7,,,0,15,,90860,7,,,0,15,,90819,7,,,0,55,,90842,7,,,0,15,,90829,7,,,0,15,,90854,7,,,0,15,,90835,7,,,0,54,,90863,7,,,0,15,,90820,7,,,0,15,,90843,7,,,0,16,,90828,7,,,0,7,,90811,5,0,9 10,0,48,,90853,7,,,0,14,,90836,7,,,0,16,,90812,7,,,0,14,,90864,7,,,0,55,,90810,5,0,9 10,0,3,,90818,7,,,0,14,,90845,7,,,0,17,,90827,7,,,0,15,,90855,7,,,0,50,,90867,5,0,9 10,0,6,,90838,7,,,0,13,,90813,7,,,0,15,,90865,7,,,0,15,,90821,7,,,0,55,,90844,7,,,0,14,,90856,7,,,0,19,,90837,7,,,0,22,,90866,7,,,0,61,,90822,7,,,0,19,,90857,7,,,0,61,,90839,7,,,0
2000000,'S2-4_4',644,,90907,7,,,0,61,,90889,7,,,0,16,,90917,7,,,0,15,,90873,7,,,0,14,,90900,7,,,0,56,,90882,7,,,0,15,,90909,7,,,0,15,,90892,7,,,0,16,,90920,7,,,0,56,,90874,7,,,0,16,,90905,7,,,0,15,,90883,7,,,0,16,,90910,7,,,0,55,,90890,7,,,0,16,,90918,7,,,0,16,,90875,7,,,0,16,,90906,7,,,0,55,,90884,7,,,0,16,,90911,7,,,0,17,,90891,7,,,0,54,,90921,7,,,0,18,,90876,7,,,0,13,,90899,7,,,0,16,,90885,7,,,0,55,,90908,7,,,0,15,,90893,7,,,0,15,,90919,7,,,0,15,,90878,7,,,0,55,,90901,7,,,0,15,,90888,7,,,0,15,,90913,7,,,0,15,,90894,7,,,0,54,,90922,7,,,0,15,,90879,7,,,0,15,,90902,7,,,0,16,,90887,7,,,0,7,,90870,5,0,9 10,0,48,,90912,7,,,0,14,,90895,7,,,0,16,,90871,7,,,0,14,,90923,7,,,0,55,,90869,5,0,9 10,0,3,,90877,7,,,0,14,,90904,7,,,0,17,,90886,7,,,0,15,,90914,7,,,0,50,,90926,5,0,9 10,0,6,,90897,7,,,0,13,,90872,7,,,0,15,,90924,7,,,0,15,,90880,7,,,0,55,,90903,7,,,0,14,,90915,7,,,0,19,,90896,7,,,0,22,,90925,7,,,0,61,,90881,7,,,0,19,,90916,7,,,0,61,,90898,7,,,0
