300,'S2-0_4',647,,85225,10,,,0,64,,85226,10,,,0,32,,85227,10,,,0,64,,85228,10,,,0,25,,85229,10,,,0,70,,85230,10,,,0,32,,85231,10,,,0,72,,85232,10,,,0,32,,85233,10,,,0,72,,85234,10,,,0,32,,85235,10,,,0,72,,85236,10,,,0,32,,85237,10,,,0,72,,85238,10,,,0,32,,85239,10,,,0,72,,85240,10,,,0,32,,85241,10,,,0,73,,85242,10,,,0,30,,85244,10,,,0,67,,85245,10,,,0,28,,85246,10,,,0,69,,85247,10,,,0,30,,85248,10,,,0,71,,85252,10,,,0,31,,85249,10,,,0,71,,85250,10,,,0,33,,85251,10,,,0,70,,85243,10,,,0
300,'S2-0_5',647,,85253,10,,,0,64,,85254,10,,,0,32,,85255,10,,,0,64,,85256,10,,,0,25,,85257,10,,,0,70,,85258,10,,,0,32,,85259,10,,,0,72,,85260,10,,,0,32,,85261,10,,,0,72,,85262,10,,,0,32,,85263,10,,,0,72,,85264,10,,,0,32,,85265,10,,,0,72,,85266,10,,,0,32,,85267,10,,,0,72,,85268,10,,,0,32,,85269,10,,,0,73,,85270,10,,,0,30,,85272,10,,,0,67,,85273,10,,,0,28,,85274,10,,,0,69,,85275,10,,,0,30,,85276,10,,,0,71,,85280,10,,,0,31,,85277,10,,,0,71,,85278,10,,,0,33,,85279,10,,,0,70,,85271,10,,,0
300,'S2-1_3',647,,85281,10,,,0,64,,85282,10,,,0,32,,85283,10,,,0,64,,85284,10,,,0,25,,85285,10,,,0,70,,85286,10,,,0,32,,85287,10,,,0,72,,85288,10,,,0,32,,85289,10,,,0,72,,85290,10,,,0,32,,85291,10,,,0,72,,85292,10,,,0,32,,85293,10,,,0,72,,85294,10,,,0,32,,85295,10,,,0,72,,85296,10,,,0,32,,85297,10,,,0,73,,85298,10,,,0,30,,85300,10,,,0,67,,85301,10,,,0,28,,85302,10,,,0,69,,85303,10,,,0,30,,85304,10,,,0,71,,85308,10,,,0,31,,85305,10,,,0,71,,85306,10,,,0,33,,85307,10,,,0,70,,85299,10,,,0
300,'S2-2_6',651,,85309,10,,,0,69,,85311,10,,,0,29,,85312,10,,,0,69,,85310,10,,,0,30,,85314,10,,,0,69,,85315,10,,,0,28,,85313,10,,,0,71,,85316,10,,,0,30,,85317,10,,,0,70,,85320,10,,,0,30,,85319,10,,,0,70,,85318,10,,,0,29,,85322,10,,,0,69,,85321,10,,,0,29,,85323,10,,,0,69,,85324,10,,,0,32,,85325,10,,,0,72,,85326,10,,,0,31,,85327,10,,,0,71,,85328,10,,,0,32,,85329,10,,,0,72,,85330,10,,,0,30,,85331,10,,,0,71,,85336,10,,,0,31,,85332,10,,,0,70,,85333,10,,,0,26,,85334,10,,,0,71,,85335,10,,,0
300,'S2-3_7',853,,85359,10,,,0,72,,85360,10,,,0,75,,85361,10,,,0,34,,85362,10,,,0,72,,85353,10,,,0,33,,85358,10,,,0,73,,85357,10,,,0,33,,85356,10,,,0,72,,85355,10,,,0,32,,85337,10,,,0,68,,85338,10,,,0,29,,85339,10,,,0,68,,85340,10,,,0,28,,85341,10,,,0,67,,85342,10,,,0,30,,85343,10,,,0,68,,85344,10,,,0,27,,85345,10,,,0,68,,85346,10,,,0,29,,85347,10,,,0,27,,85348,10,,,0,66,,85349,10,,,0,26,,85350,10,,,0,65,,85351,10,,,0,24,,85354,10,,,0,67,,85352,10,,,0
300,'S2-4_1',647,,85363,10,,,0,64,,85364,10,,,0,32,,85365,10,,,0,64,,85366,10,,,0,25,,85367,10,,,0,70,,85368,10,,,0,32,,85369,10,,,0,72,,85370,10,,,0,32,,85371,10,,,0,72,,85372,10,,,0,32,,85373,10,,,0,72,,85374,10,,,0,32,,85375,10,,,0,72,,85376,10,,,0,32,,85377,10,,,0,72,,85378,10,,,0,32,,85379,10,,,0,73,,85380,10,,,0,30,,85382,10,,,0,67,,85383,10,,,0,28,,85384,10,,,0,69,,85385,10,,,0,30,,85386,10,,,0,71,,85390,10,,,0,31,,85387,10,,,0,71,,85388,10,,,0,33,,85389,10,,,0,70,,85381,10,,,0
300,'S2-4_2',647,,85391,10,,,0,64,,85392,10,,,0,32,,85393,10,,,0,64,,85394,10,,,0,25,,85395,10,,,0,70,,85396,10,,,0,32,,85397,10,,,0,72,,85398,10,,,0,32,,85399,10,,,0,72,,85400,10,,,0,32,,85401,10,,,0,72,,85402,10,,,0,32,,85403,10,,,0,72,,85404,10,,,0,32,,85405,10,,,0,72,,85406,10,,,0,32,,85407,10,,,0,73,,85408,10,,,0,30,,85410,10,,,0,67,,85411,10,,,0,28,,85412,10,,,0,69,,85413,10,,,0,30,,85414,10,,,0,71,,85418,10,,,0,31,,85415,10,,,0,71,,85416,10,,,0,33,,85417,10,,,0,70,,85409,10,,,0
300,'S2-4_4',647,,85419,10,,,0,64,,85420,10,,,0,32,,85421,10,,,0,64,,85422,10,,,0,25,,85423,10,,,0,70,,85424,10,,,0,32,,85425,10,,,0,72,,85426,10,,,0,32,,85427,10,,,0,72,,85428,10,,,0,32,,85429,10,,,0,72,,85430,10,,,0,32,,85431,10,,,0,72,,85432,10,,,0,32,,85433,10,,,0,72,,85434,10,,,0,32,,85435,10,,,0,73,,85436,10,,,0,30,,85438,10,,,0,67,,85439,10,,,0,28,,85440,10,,,0,69,,85441,10,,,0,30,,85442,10,,,0,71,,85446,10,,,0,31,,85443,10,,,0,71,,85444,10,,,0,33,,85445,10,,,0,70,,85437,10,,,0
2900300,'S2-0_4',702,,91352,2,,,0,30,,91353,2,,,0,69,,91354,2,,,0
2900300,'S2-0_5',702,,91355,2,,,0,30,,91356,2,,,0,69,,91357,2,,,0
2900300,'S2-1_3',702,,91358,2,,,0,30,,91359,2,,,0,69,,91360,2,,,0
2900300,'S2-4_1',702,,91361,2,,,0,30,,91362,2,,,0,69,,91363,2,,,0
2900300,'S2-4_2',702,,91364,2,,,0,30,,91365,2,,,0,69,,91366,2,,,0
2900300,'S2-4_4',702,,91367,2,,,0,30,,91368,2,,,0,69,,91369,2,,,0
