701,'S2-0_4',708,,86635,8,,,0,110,,86636,8,,,0,110,,86637,8,,,0,110,,86638,8,,,0,111,,86639,8,,,0,110,,86640,8,,,0,149,,86641,8,,,0,108,,86642,8,,,0,110,,86643,8,,,0,110,,86644,8,,,0,113,,86645,8,,,0
701,'S2-0_5',708,,86646,8,,,0,110,,86647,8,,,0,110,,86648,8,,,0,110,,86649,8,,,0,111,,86650,8,,,0,110,,86651,8,,,0,149,,86652,8,,,0,108,,86653,8,,,0,110,,86654,8,,,0,110,,86655,8,,,0,113,,86656,8,,,0
701,'S2-1_3',708,,86657,8,,,0,110,,86658,8,,,0,110,,86659,8,,,0,110,,86660,8,,,0,111,,86661,8,,,0,110,,86662,8,,,0,149,,86663,8,,,0,108,,86664,8,,,0,110,,86665,8,,,0,110,,86666,8,,,0,113,,86667,8,,,0
701,'S2-2_6',708,,86670,8,,,0,110,,86671,8,,,0,111,,86672,8,,,0,110,,86673,8,,,0,111,,86674,8,,,0,109,,86675,8,,,0,150,,86676,8,,,0,111,,86677,8,,,0,109,,86678,8,,,0,110,,86668,8,,,0,111,,86669,8,,,0
701,'S2-4_1',708,,86679,8,,,0,110,,86680,8,,,0,110,,86681,8,,,0,110,,86682,8,,,0,111,,86683,8,,,0,110,,86684,8,,,0,149,,86685,8,,,0,108,,86686,8,,,0,110,,86687,8,,,0,110,,86688,8,,,0,113,,86689,8,,,0
701,'S2-4_2',708,,86690,8,,,0,110,,86691,8,,,0,110,,86692,8,,,0,110,,86693,8,,,0,111,,86694,8,,,0,110,,86695,8,,,0,149,,86696,8,,,0,108,,86697,8,,,0,110,,86698,8,,,0,110,,86699,8,,,0,113,,86700,8,,,0
701,'S2-4_4',708,,86701,8,,,0,110,,86702,8,,,0,110,,86703,8,,,0,110,,86704,8,,,0,111,,86705,8,,,0,110,,86706,8,,,0,149,,86707,8,,,0,108,,86708,8,,,0,110,,86709,8,,,0,110,,86710,8,,,0,113,,86711,8,,,0
2401,'S2-0_4',732,,88141,12,0,18 19,0,895,,88142,10,,,0,104,,88143,10,,,0
2401,'S2-0_5',732,,88144,12,0,18 19,0,895,,88145,10,,,0,104,,88146,10,,,0
2401,'S2-1_3',732,,88147,12,0,18 19,0
2401,'S2-4_1',732,,88148,12,0,18 19,0,895,,88149,10,,,0,104,,88150,10,,,0
2401,'S2-4_2',732,,88151,12,0,18 19,0,895,,88152,10,,,0,104,,88153,10,,,0
2401,'S2-4_4',732,,88154,12,0,18 19,0,895,,88155,10,,,0,104,,88156,10,,,0
