300,'S2-0_4',700,,85225,21,,,0,25,,85226,21,,,0,31,,85227,21,,,0,64,,85228,21,,,0,25,,85229,21,,,0,70,,85230,21,,,0,32,,85231,21,,,0,72,,85232,21,,,0,32,,85233,21,,,0,72,,85234,21,,,0,32,,85235,21,,,0,72,,85236,21,,,0,32,,85237,21,,,0,72,,85238,21,,,0,72,,85239,21,,,0,33,,85240,21,,,0,72,,85241,21,,,0,33,,85242,21,,,0,70,,85244,21,,,0,27,,85245,21,,,0,68,,85246,21,,,0,28,,85247,21,,,0,70,,85248,21,,,0,30,,85252,21,,,0,71,,85249,21,,,0,31,,85250,21,,,0,73,,85251,21,,,0,30,,85243,21,,,0
300,'S2-0_5',700,,85253,21,,,0,25,,85254,21,,,0,31,,85255,21,,,0,64,,85256,21,,,0,25,,85257,21,,,0,70,,85258,21,,,0,32,,85259,21,,,0,72,,85260,21,,,0,32,,85261,21,,,0,72,,85262,21,,,0,32,,85263,21,,,0,72,,85264,21,,,0,32,,85265,21,,,0,72,,85266,21,,,0,72,,85267,21,,,0,33,,85268,21,,,0,72,,85269,21,,,0,33,,85270,21,,,0,70,,85272,21,,,0,27,,85273,21,,,0,68,,85274,21,,,0,28,,85275,21,,,0,70,,85276,21,,,0,30,,85280,21,,,0,71,,85277,21,,,0,31,,85278,21,,,0,73,,85279,21,,,0,30,,85271,21,,,0
300,'S2-1_3',700,,85281,21,,,0,25,,85282,21,,,0,31,,85283,21,,,0,64,,85284,21,,,0,25,,85285,21,,,0,70,,85286,21,,,0,32,,85287,21,,,0,72,,85288,21,,,0,32,,85289,21,,,0,72,,85290,21,,,0,32,,85291,21,,,0,72,,85292,21,,,0,32,,85293,21,,,0,72,,85294,21,,,0,72,,85295,21,,,0,33,,85296,21,,,0,72,,85297,21,,,0,33,,85298,21,,,0,70,,85300,21,,,0,27,,85301,21,,,0,68,,85302,21,,,0,28,,85303,21,,,0,70,,85304,21,,,0,30,,85308,21,,,0,71,,85305,21,,,0,31,,85306,21,,,0,73,,85307,21,,,0,30,,85299,21,,,0
300,'S2-2_6',702,,85309,21,,,0,30,,85311,21,,,0,69,,85312,21,,,0,30,,85310,21,,,0,70,,85314,21,,,0,29,,85315,21,,,0,29,,85313,21,,,0,71,,85316,21,,,0,70,,85317,21,,,0,30,,85320,21,,,0,29,,85319,21,,,0,69,,85318,21,,,0,28,,85322,21,,,0,70,,85321,21,,,0,30,,85323,21,,,0,69,,85324,21,,,0,32,,85325,21,,,0,72,,85326,21,,,0,71,,85327,21,,,0,31,,85328,21,,,0,72,,85329,21,,,0,32,,85330,21,,,0,70,,85331,21,,,0,31,,85336,21,,,0,71,,85332,21,,,0,30,,85333,21,,,0,65,,85334,21,,,0,30,,85335,21,,,0
300,'S2-3_7',906,,85359,21,,,0,32,,85360,21,,,0,75,,85361,21,,,0,34,,85362,21,,,0,72,,85353,21,,,0,33,,85358,21,,,0,73,,85357,21,,,0,33,,85356,21,,,0,72,,85355,21,,,0,71,,85337,21,,,0,28,,85338,21,,,0,29,,85339,21,,,0,68,,85340,21,,,0,28,,85341,21,,,0,69,,85342,21,,,0,32,,85343,21,,,0,68,,85344,21,,,0,27,,85345,21,,,0,68,,85346,21,,,0,29,,85347,21,,,0,67,,85348,21,,,0,26,,85349,21,,,0,65,,85350,21,,,0,24,,85351,21,,,0,24,,85354,21,,,0,66,,85352,21,,,0
300,'S2-4_1',700,,85363,21,,,0,25,,85364,21,,,0,31,,85365,21,,,0,64,,85366,21,,,0,25,,85367,21,,,0,70,,85368,21,,,0,32,,85369,21,,,0,72,,85370,21,,,0,32,,85371,21,,,0,72,,85372,21,,,0,32,,85373,21,,,0,72,,85374,21,,,0,32,,85375,21,,,0,72,,85376,21,,,0,72,,85377,21,,,0,33,,85378,21,,,0,72,,85379,21,,,0,33,,85380,21,,,0,70,,85382,21,,,0,27,,85383,21,,,0,68,,85384,21,,,0,28,,85385,21,,,0,70,,85386,21,,,0,30,,85390,21,,,0,71,,85387,21,,,0,31,,85388,21,,,0,73,,85389,21,,,0,30,,85381,21,,,0
300,'S2-4_2',700,,85391,21,,,0,25,,85392,21,,,0,31,,85393,21,,,0,64,,85394,21,,,0,25,,85395,21,,,0,70,,85396,21,,,0,32,,85397,21,,,0,72,,85398,21,,,0,32,,85399,21,,,0,72,,85400,21,,,0,32,,85401,21,,,0,72,,85402,21,,,0,32,,85403,21,,,0,72,,85404,21,,,0,72,,85405,21,,,0,33,,85406,21,,,0,72,,85407,21,,,0,33,,85408,21,,,0,70,,85410,21,,,0,27,,85411,21,,,0,68,,85412,21,,,0,28,,85413,21,,,0,70,,85414,21,,,0,30,,85418,21,,,0,71,,85415,21,,,0,31,,85416,21,,,0,73,,85417,21,,,0,30,,85409,21,,,0
300,'S2-4_4',700,,85419,21,,,0,25,,85420,21,,,0,31,,85421,21,,,0,64,,85422,21,,,0,25,,85423,21,,,0,70,,85424,21,,,0,32,,85425,21,,,0,72,,85426,21,,,0,32,,85427,21,,,0,72,,85428,21,,,0,32,,85429,21,,,0,72,,85430,21,,,0,32,,85431,21,,,0,72,,85432,21,,,0,72,,85433,21,,,0,33,,85434,21,,,0,72,,85435,21,,,0,33,,85436,21,,,0,70,,85438,21,,,0,27,,85439,21,,,0,68,,85440,21,,,0,28,,85441,21,,,0,70,,85442,21,,,0,30,,85446,21,,,0,71,,85443,21,,,0,31,,85444,21,,,0,73,,85445,21,,,0,30,,85437,21,,,0
2900300,'S2-0_4',716,,91352,13,,,0,30,,91353,13,,,0,69,,91354,13,,,0
2900300,'S2-0_5',716,,91355,13,,,0,30,,91356,13,,,0,69,,91357,13,,,0
2900300,'S2-1_3',716,,91358,13,,,0,30,,91359,13,,,0,69,,91360,13,,,0
2900300,'S2-4_1',716,,91361,13,,,0,30,,91362,13,,,0,69,,91363,13,,,0
2900300,'S2-4_2',716,,91364,13,,,0,30,,91365,13,,,0,69,,91366,13,,,0
2900300,'S2-4_4',716,,91367,13,,,0,30,,91368,13,,,0,69,,91369,13,,,0
