401,'S2-0_4',644,,85936,1,0,52,0,60,,85906,8,0,41,0,8,,85923,8,0,41,0,20,,85907,8,0,41,0,12,,85930,8,,,0,69,,85908,8,0,41,0,11,,85909,8,0,41,0,81,,85910,8,0,41,0,34,,85911,8,0,41,0,74,,85912,8,0,41,0,35,,85932,8,,,0,70,,85913,8,0,41,0,28,,85914,8,0,41,0,56,,85931,8,,,0,31,,85927,8,0,41,0,75,,85933,8,,,0,33,,85905,11,0,41,0,77,,85915,8,0,41,0,28,,85934,8,,,0,72,,85916,8,0,41,0,24,,85917,8,0,41,0,13,,85918,8,0,41,0,53,,85928,8,0,41,0,20,,85924,8,0,41,0,16,,85919,8,0,41,0,11,,85925,8,0,41,0,53,,85929,8,,,0,38,,85920,8,0,41,0,61,,85926,8,0,41,0,43,,85921,8,0,41,0,61,,85935,8,,,0
401,'S2-0_5',644,,85968,1,0,52,0,60,,85938,8,0,41,0,8,,85955,8,0,41,0,20,,85939,8,0,41,0,12,,85962,8,,,0,69,,85940,8,0,41,0,11,,85941,8,0,41,0,81,,85942,8,0,41,0,34,,85943,8,0,41,0,74,,85944,8,0,41,0,35,,85964,8,,,0,70,,85945,8,0,41,0,28,,85946,8,0,41,0,56,,85963,8,,,0,31,,85959,8,0,41,0,75,,85965,8,,,0,33,,85937,11,0,41,0,77,,85947,8,0,41,0,28,,85966,8,,,0,72,,85948,8,0,41,0,24,,85949,8,0,41,0,13,,85950,8,0,41,0,53,,85960,8,0,41,0,20,,85956,8,0,41,0,16,,85951,8,0,41,0,11,,85957,8,0,41,0,53,,85961,8,,,0,38,,85952,8,0,41,0,61,,85958,8,0,41,0,43,,85953,8,0,41,0,61,,85967,8,,,0
401,'S2-1_3',644,,86000,1,0,52,0,60,,85970,8,0,41,0,8,,85987,8,0,41,0,20,,85971,8,0,41,0,12,,85994,8,,,0,69,,85972,8,0,41,0,11,,85973,8,0,41,0,81,,85974,8,0,41,0,34,,85975,8,0,41,0,74,,85976,8,0,41,0,35,,85996,8,,,0,70,,85977,8,0,41,0,28,,85978,8,0,41,0,56,,85995,8,,,0,31,,85991,8,0,41,0,75,,85997,8,,,0,33,,85969,11,0,41,0,77,,85979,8,0,41,0,28,,85998,8,,,0,72,,85980,8,0,41,0,24,,85981,8,0,41,0,13,,85982,8,0,41,0,53,,85992,8,0,41,0,20,,85988,8,0,41,0,16,,85983,8,0,41,0,11,,85989,8,0,41,0,53,,85993,8,,,0,38,,85984,8,0,41,0,61,,85990,8,0,41,0,43,,85985,8,0,41,0,61,,85999,8,,,0
401,'S2-2_6',653,,86001,8,,,0,155,,86008,8,0,41,0,35,,86002,8,,,0,69,,86009,8,0,41,0,32,,86010,8,0,41,0,67,,86011,8,0,41,0,32,,86003,8,,,0,69,,86012,8,0,41,0,31,,86013,8,0,41,0,71,,86014,8,0,41,0,30,,86004,8,,,0,69,,86015,8,0,41,0,29,,86016,8,0,41,0,71,,86017,8,0,41,0,31,,86005,8,,,0,68,,86018,8,0,41,0,32,,86019,8,0,41,0,73,,86020,8,0,41,0,31,,86006,8,,,0,71,,86021,8,0,41,0,33,,86022,8,0,41,0,72,,86023,8,0,41,0,31,,86024,8,0,41,0,70,,86007,8,,,0
401,'S2-3_7',931,,86025,8,,,0,125,,86026,8,,,0,165,,86027,8,,,0,201,,86028,8,,,0,125,,86029,8,,,0,165,,86030,8,,,0,125,,86031,8,,,0
401,'S2-4_1',644,,86063,1,0,52,0,60,,86033,8,0,41,0,8,,86050,8,0,41,0,20,,86034,8,0,41,0,12,,86057,8,,,0,69,,86035,8,0,41,0,11,,86036,8,0,41,0,81,,86037,8,0,41,0,34,,86038,8,0,41,0,74,,86039,8,0,41,0,35,,86059,8,,,0,70,,86040,8,0,41,0,28,,86041,8,0,41,0,56,,86058,8,,,0,31,,86054,8,0,41,0,75,,86060,8,,,0,33,,86032,11,0,41,0,77,,86042,8,0,41,0,28,,86061,8,,,0,72,,86043,8,0,41,0,24,,86044,8,0,41,0,13,,86045,8,0,41,0,53,,86055,8,0,41,0,20,,86051,8,0,41,0,16,,86046,8,0,41,0,11,,86052,8,0,41,0,53,,86056,8,,,0,38,,86047,8,0,41,0,61,,86053,8,0,41,0,43,,86048,8,0,41,0,61,,86062,8,,,0
401,'S2-4_2',644,,86095,1,0,52,0,60,,86065,8,0,41,0,8,,86082,8,0,41,0,20,,86066,8,0,41,0,12,,86089,8,,,0,69,,86067,8,0,41,0,11,,86068,8,0,41,0,81,,86069,8,0,41,0,34,,86070,8,0,41,0,74,,86071,8,0,41,0,35,,86091,8,,,0,70,,86072,8,0,41,0,28,,86073,8,0,41,0,56,,86090,8,,,0,31,,86086,8,0,41,0,75,,86092,8,,,0,33,,86064,11,0,41,0,77,,86074,8,0,41,0,28,,86093,8,,,0,72,,86075,8,0,41,0,24,,86076,8,0,41,0,13,,86077,8,0,41,0,53,,86087,8,0,41,0,20,,86083,8,0,41,0,16,,86078,8,0,41,0,11,,86084,8,0,41,0,53,,86088,8,,,0,38,,86079,8,0,41,0,61,,86085,8,0,41,0,43,,86080,8,0,41,0,61,,86094,8,,,0
401,'S2-4_4',644,,86127,1,0,52,0,60,,86097,8,0,41,0,8,,86114,8,0,41,0,20,,86098,8,0,41,0,12,,86121,8,,,0,69,,86099,8,0,41,0,11,,86100,8,0,41,0,81,,86101,8,0,41,0,34,,86102,8,0,41,0,74,,86103,8,0,41,0,35,,86123,8,,,0,70,,86104,8,0,41,0,28,,86105,8,0,41,0,56,,86122,8,,,0,31,,86118,8,0,41,0,75,,86124,8,,,0,33,,86096,11,0,41,0,77,,86106,8,0,41,0,28,,86125,8,,,0,72,,86107,8,0,41,0,24,,86108,8,0,41,0,13,,86109,8,0,41,0,53,,86119,8,0,41,0,20,,86115,8,0,41,0,16,,86110,8,0,41,0,11,,86116,8,0,41,0,53,,86120,8,,,0,38,,86111,8,0,41,0,61,,86117,8,0,41,0,43,,86112,8,0,41,0,61,,86126,8,,,0
2301,'S2-0_4',653,,88103,1,,,0,62,,88102,1,,,0,1,,88101,11,,,0
2301,'S2-0_5',653,,88106,1,,,0,62,,88105,1,,,0,1,,88104,11,,,0
2301,'S2-1_3',653,,88109,1,,,0,62,,88108,1,,,0,1,,88107,11,,,0
2301,'S2-4_1',653,,88112,1,,,0,62,,88111,1,,,0,1,,88110,11,,,0
2301,'S2-4_2',653,,88115,1,,,0,62,,88114,1,,,0,1,,88113,11,,,0
2301,'S2-4_4',653,,88118,1,,,0,62,,88117,1,,,0,1,,88116,11,,,0
