2401,'S2-0_4',1617,,88142,2,,,0,104,,88143,2,,,0
2401,'S2-0_5',1617,,88145,2,,,0,104,,88146,2,,,0
2401,'S2-4_1',1617,,88149,2,,,0,104,,88150,2,,,0
2401,'S2-4_2',1617,,88152,2,,,0,104,,88153,2,,,0
2401,'S2-4_4',1617,,88155,2,,,0,104,,88156,2,,,0
1000001,'S2-0_4',532,,89913,2,,,0,20,,89914,2,,,0,59,,89915,2,,,0,20,,89916,2,,,0,20,,89917,2,,,0,49,,89997,2,,,0,8,,89998,2,,,0,9,,89948,8,,,0,9,,89949,8,,,0,9,,89950,8,,,0,11,,89951,8,,,0,10,,89952,8,,,0,50,,89953,8,,,0,10,,89954,8,,,0,11,,89955,8,,,0,10,,89956,8,,,0,10,,89957,8,,,0,11,,89958,8,,,0,51,,89959,8,,,0,11,,89918,2,,,0,11,,89919,8,,,0,10,,89920,2,,,0,10,,89921,8,,,0,51,,89922,2,,,0,11,,89960,8,,,0,11,,89923,2,,,0,10,,89924,8,,,0,10,,89925,2,,,0,11,,89926,8,,,0,50,,89927,2,,,0,11,,89961,8,,,0,11,,89928,2,,,0,11,,89929,8,,,0,9,,89930,2,,,0,8,,89931,8,,,0,49,,89962,2,,,0,11,,89963,8,,,0,11,,89964,2,,,0,11,,89965,8,,,0,10,,89966,2,,,0,10,,89967,8,,,0,50,,89968,2,,,0,8,,89969,8,,,0,10,,89970,2,,,0,10,,89971,8,,,0,10,,89972,2,,,0,10,,89973,8,,,0,50,,89974,2,,,0,10,,89932,8,,,0,10,,89933,2,,,0,9,,89975,8,,,0,10,,89934,2,,,0,9,,89935,8,,,0,51,,89936,2,,,0,11,,89976,8,,,0,11,,89937,2,,,0,11,,89938,8,,,0,10,,89939,2,,,0,10,,89940,8,,,0,48,,89941,8,,,0,10,,89977,8,,,0,10,,89978,8,,,0,9,,89979,8,,,0,10,,89980,8,,,0,9,,89981,8,,,0,48,,89982,8,,,0,10,,89983,8,,,0,12,,89984,8,,,0,11,,89985,8,,,0,12,,89986,8,,,0,10,,89987,8,,,0,50,,89988,8,,,0,10,,89989,8,,,0,11,,89990,8,,,0,10,,89991,8,,,0,10,,89992,2,,,0,10,,89993,8,,,0,50,,89994,2,,,0,13,,89996,8,,,0,19,,89995,8,,,0,20,,89942,2,,,0,61,,89943,2,,,0,21,,89944,2,,,0,61,,89945,2,,,0,20,,89946,2,,,0,20,,89947,2,,,0
1000001,'S2-0_5',532,,89999,2,,,0,20,,90000,2,,,0,59,,90001,2,,,0,20,,90002,2,,,0,20,,90003,2,,,0,49,,90083,2,,,0,8,,90084,2,,,0,9,,90034,8,,,0,9,,90035,8,,,0,9,,90036,8,,,0,11,,90037,8,,,0,10,,90038,8,,,0,50,,90039,8,,,0,10,,90040,8,,,0,11,,90041,8,,,0,10,,90042,8,,,0,10,,90043,8,,,0,11,,90044,8,,,0,51,,90045,8,,,0,11,,90004,2,,,0,11,,90005,8,,,0,10,,90006,2,,,0,10,,90007,8,,,0,51,,90008,2,,,0,11,,90046,8,,,0,11,,90009,2,,,0,10,,90010,8,,,0,10,,90011,2,,,0,11,,90012,8,,,0,50,,90013,2,,,0,11,,90047,8,,,0,11,,90014,2,,,0,11,,90015,8,,,0,9,,90016,2,,,0,8,,90017,8,,,0,49,,90048,2,,,0,11,,90049,8,,,0,11,,90050,2,,,0,11,,90051,8,,,0,10,,90052,2,,,0,10,,90053,8,,,0,50,,90054,2,,,0,8,,90055,8,,,0,10,,90056,2,,,0,10,,90057,8,,,0,10,,90058,2,,,0,10,,90059,8,,,0,50,,90060,2,,,0,10,,90018,8,,,0,10,,90019,2,,,0,9,,90061,8,,,0,10,,90020,2,,,0,9,,90021,8,,,0,51,,90022,2,,,0,11,,90062,8,,,0,11,,90023,2,,,0,11,,90024,8,,,0,10,,90025,2,,,0,10,,90026,8,,,0,48,,90027,8,,,0,10,,90063,8,,,0,10,,90064,8,,,0,9,,90065,8,,,0,10,,90066,8,,,0,9,,90067,8,,,0,48,,90068,8,,,0,10,,90069,8,,,0,12,,90070,8,,,0,11,,90071,8,,,0,12,,90072,8,,,0,10,,90073,8,,,0,50,,90074,8,,,0,10,,90075,8,,,0,11,,90076,8,,,0,10,,90077,8,,,0,10,,90078,2,,,0,10,,90079,8,,,0,50,,90080,2,,,0,13,,90082,8,,,0,19,,90081,8,,,0,20,,90028,2,,,0,61,,90029,2,,,0,21,,90030,2,,,0,61,,90031,2,,,0,20,,90032,2,,,0,20,,90033,2,,,0
1000001,'S2-1_3',532,,90085,2,,,0,20,,90086,2,,,0,59,,90087,2,,,0,20,,90088,2,,,0,20,,90089,2,,,0,49,,90169,2,,,0,8,,90170,2,,,0,9,,90120,8,,,0,9,,90121,8,,,0,9,,90122,8,,,0,11,,90123,8,,,0,10,,90124,8,,,0,50,,90125,8,,,0,10,,90126,8,,,0,11,,90127,8,,,0,10,,90128,8,,,0,10,,90129,8,,,0,11,,90130,8,,,0,51,,90131,8,,,0,11,,90090,2,,,0,11,,90091,8,,,0,10,,90092,2,,,0,10,,90093,8,,,0,51,,90094,2,,,0,11,,90132,8,,,0,11,,90095,2,,,0,10,,90096,8,,,0,10,,90097,2,,,0,11,,90098,8,,,0,50,,90099,2,,,0,11,,90133,8,,,0,11,,90100,2,,,0,11,,90101,8,,,0,9,,90102,2,,,0,8,,90103,8,,,0,49,,90134,2,,,0,11,,90135,8,,,0,11,,90136,2,,,0,11,,90137,8,,,0,10,,90138,2,,,0,10,,90139,8,,,0,50,,90140,2,,,0,8,,90141,8,,,0,10,,90142,2,,,0,10,,90143,8,,,0,10,,90144,2,,,0,10,,90145,8,,,0,50,,90146,2,,,0,10,,90104,8,,,0,10,,90105,2,,,0,9,,90147,8,,,0,10,,90106,2,,,0,9,,90107,8,,,0,51,,90108,2,,,0,11,,90148,8,,,0,11,,90109,2,,,0,11,,90110,8,,,0,10,,90111,2,,,0,10,,90112,8,,,0,48,,90113,8,,,0,10,,90149,8,,,0,10,,90150,8,,,0,9,,90151,8,,,0,10,,90152,8,,,0,9,,90153,8,,,0,48,,90154,8,,,0,10,,90155,8,,,0,12,,90156,8,,,0,11,,90157,8,,,0,12,,90158,8,,,0,10,,90159,8,,,0,50,,90160,8,,,0,10,,90161,8,,,0,11,,90162,8,,,0,10,,90163,8,,,0,10,,90164,2,,,0,10,,90165,8,,,0,50,,90166,2,,,0,13,,90168,8,,,0,19,,90167,8,,,0,20,,90114,2,,,0,61,,90115,2,,,0,21,,90116,2,,,0,61,,90117,2,,,0,20,,90118,2,,,0,20,,90119,2,,,0
1000001,'S2-2_6',533,,90171,2,,,0,81,,90172,2,,,0,38,,90173,2,,,0,69,,90174,2,,,0,29,,90175,8,,,0,68,,90176,8,,,0,15,,90177,2,,,0,15,,90178,2,,,0,55,,90179,8,,,0,15,,90180,2,,,0,15,,90181,2,,,0,14,,90182,8,,,0,56,,90183,2,,,0,15,,90184,2,,,0,16,,90185,8,,,0,15,,90186,2,,,0,55,,90187,2,,,0,16,,90188,8,,,0,15,,90189,2,,,0,16,,90190,2,,,0,56,,90191,8,,,0,15,,90192,2,,,0,16,,90193,2,,,0,15,,90194,8,,,0,49,,90195,2,,,0,9,,90196,2,,,0,8,,90197,2,,,0,10,,90199,2,,,0,10,,90198,8,,,0,10,,90200,2,,,0,51,,90201,2,,,0,12,,90202,8,,,0,10,,90203,2,,,0,9,,90204,2,,,0,10,,90205,2,,,0,11,,90206,8,,,0,50,,90207,2,,,0,10,,90208,2,,,0,11,,90209,2,,,0,11,,90210,8,,,0,9,,90211,2,,,0,10,,90212,2,,,0,50,,90213,2,,,0,12,,90214,8,,,0,9,,90215,2,,,0,9,,90216,2,,,0,9,,90217,2,,,0,9,,90219,2,,,0,49,,90218,8,,,0,10,,90220,2,,,0,10,,90221,2,,,0,10,,90223,2,,,0,10,,90222,8,,,0,9,,90224,2,,,0,9,,90225,2,,,0,50,,90227,2,,,0,12,,90226,8,,,0,10,,90228,2,,,0,13,,90229,2,,,0,59,,90230,8,,,0,17,,90231,2,,,0,21,,90232,2,,,0,61,,90233,2,,,0,18,,90234,2,,,0,21,,90235,2,,,0,60,,90236,2,,,0,20,,90237,2,,,0,21,,90238,2,,,0
1000001,'S2-3_7',800,,90239,2,,,0,40,,90240,2,,,0,80,,90241,2,,,0,80,,90242,2,,,0,40,,90243,2,,,0,80,,90244,2,,,0,80,,90245,2,,,0,40,,90246,2,,,0,80,,90247,2,,,0,80,,90248,2,,,0,40,,90249,2,,,0,80,,90250,2,,,0,80,,90251,2,,,0,40,,90252,2,,,0,80,,90253,2,,,0,80,,90254,2,,,0,40,,90255,2,,,0,80,,90256,2,,,0
1000001,'S2-4_1',532,,90257,2,,,0,20,,90258,2,,,0,59,,90259,2,,,0,20,,90260,2,,,0,20,,90261,2,,,0,49,,90341,2,,,0,8,,90342,2,,,0,9,,90292,8,,,0,9,,90293,8,,,0,9,,90294,8,,,0,11,,90295,8,,,0,10,,90296,8,,,0,50,,90297,8,,,0,10,,90298,8,,,0,11,,90299,8,,,0,10,,90300,8,,,0,10,,90301,8,,,0,11,,90302,8,,,0,51,,90303,8,,,0,11,,90262,2,,,0,11,,90263,8,,,0,10,,90264,2,,,0,10,,90265,8,,,0,51,,90266,2,,,0,11,,90304,8,,,0,11,,90267,2,,,0,10,,90268,8,,,0,10,,90269,2,,,0,11,,90270,8,,,0,50,,90271,2,,,0,11,,90305,8,,,0,11,,90272,2,,,0,11,,90273,8,,,0,9,,90274,2,,,0,8,,90275,8,,,0,49,,90306,2,,,0,11,,90307,8,,,0,11,,90308,2,,,0,11,,90309,8,,,0,10,,90310,2,,,0,10,,90311,8,,,0,50,,90312,2,,,0,8,,90313,8,,,0,10,,90314,2,,,0,10,,90315,8,,,0,10,,90316,2,,,0,10,,90317,8,,,0,50,,90318,2,,,0,10,,90276,8,,,0,10,,90277,2,,,0,9,,90319,8,,,0,10,,90278,2,,,0,9,,90279,8,,,0,51,,90280,2,,,0,11,,90320,8,,,0,11,,90281,2,,,0,11,,90282,8,,,0,10,,90283,2,,,0,10,,90284,8,,,0,48,,90285,8,,,0,10,,90321,8,,,0,10,,90322,8,,,0,9,,90323,8,,,0,10,,90324,8,,,0,9,,90325,8,,,0,48,,90326,8,,,0,10,,90327,8,,,0,12,,90328,8,,,0,11,,90329,8,,,0,12,,90330,8,,,0,10,,90331,8,,,0,50,,90332,8,,,0,10,,90333,8,,,0,11,,90334,8,,,0,10,,90335,8,,,0,10,,90336,2,,,0,10,,90337,8,,,0,50,,90338,2,,,0,13,,90340,8,,,0,19,,90339,8,,,0,20,,90286,2,,,0,61,,90287,2,,,0,21,,90288,2,,,0,61,,90289,2,,,0,20,,90290,2,,,0,20,,90291,2,,,0
1000001,'S2-4_2',532,,90343,2,,,0,20,,90344,2,,,0,59,,90345,2,,,0,20,,90346,2,,,0,20,,90347,2,,,0,49,,90427,2,,,0,8,,90428,2,,,0,9,,90378,8,,,0,9,,90379,8,,,0,9,,90380,8,,,0,11,,90381,8,,,0,10,,90382,8,,,0,50,,90383,8,,,0,10,,90384,8,,,0,11,,90385,8,,,0,10,,90386,8,,,0,10,,90387,8,,,0,11,,90388,8,,,0,51,,90389,8,,,0,11,,90348,2,,,0,11,,90349,8,,,0,10,,90350,2,,,0,10,,90351,8,,,0,51,,90352,2,,,0,11,,90390,8,,,0,11,,90353,2,,,0,10,,90354,8,,,0,10,,90355,2,,,0,11,,90356,8,,,0,50,,90357,2,,,0,11,,90391,8,,,0,11,,90358,2,,,0,11,,90359,8,,,0,9,,90360,2,,,0,8,,90361,8,,,0,49,,90392,2,,,0,11,,90393,8,,,0,11,,90394,2,,,0,11,,90395,8,,,0,10,,90396,2,,,0,10,,90397,8,,,0,50,,90398,2,,,0,8,,90399,8,,,0,10,,90400,2,,,0,10,,90401,8,,,0,10,,90402,2,,,0,10,,90403,8,,,0,50,,90404,2,,,0,10,,90362,8,,,0,10,,90363,2,,,0,9,,90405,8,,,0,10,,90364,2,,,0,9,,90365,8,,,0,51,,90366,2,,,0,11,,90406,8,,,0,11,,90367,2,,,0,11,,90368,8,,,0,10,,90369,2,,,0,10,,90370,8,,,0,48,,90371,8,,,0,10,,90407,8,,,0,10,,90408,8,,,0,9,,90409,8,,,0,10,,90410,8,,,0,9,,90411,8,,,0,48,,90412,8,,,0,10,,90413,8,,,0,12,,90414,8,,,0,11,,90415,8,,,0,12,,90416,8,,,0,10,,90417,8,,,0,50,,90418,8,,,0,10,,90419,8,,,0,11,,90420,8,,,0,10,,90421,8,,,0,10,,90422,2,,,0,10,,90423,8,,,0,50,,90424,2,,,0,13,,90426,8,,,0,19,,90425,8,,,0,20,,90372,2,,,0,61,,90373,2,,,0,21,,90374,2,,,0,61,,90375,2,,,0,20,,90376,2,,,0,20,,90377,2,,,0
1000001,'S2-4_4',532,,90429,2,,,0,20,,90430,2,,,0,59,,90431,2,,,0,20,,90432,2,,,0,20,,90433,2,,,0,49,,90513,2,,,0,8,,90514,2,,,0,9,,90464,8,,,0,9,,90465,8,,,0,9,,90466,8,,,0,11,,90467,8,,,0,10,,90468,8,,,0,50,,90469,8,,,0,10,,90470,8,,,0,11,,90471,8,,,0,10,,90472,8,,,0,10,,90473,8,,,0,11,,90474,8,,,0,51,,90475,8,,,0,11,,90434,2,,,0,11,,90435,8,,,0,10,,90436,2,,,0,10,,90437,8,,,0,51,,90438,2,,,0,11,,90476,8,,,0,11,,90439,2,,,0,10,,90440,8,,,0,10,,90441,2,,,0,11,,90442,8,,,0,50,,90443,2,,,0,11,,90477,8,,,0,11,,90444,2,,,0,11,,90445,8,,,0,9,,90446,2,,,0,8,,90447,8,,,0,49,,90478,2,,,0,11,,90479,8,,,0,11,,90480,2,,,0,11,,90481,8,,,0,10,,90482,2,,,0,10,,90483,8,,,0,50,,90484,2,,,0,8,,90485,8,,,0,10,,90486,2,,,0,10,,90487,8,,,0,10,,90488,2,,,0,10,,90489,8,,,0,50,,90490,2,,,0,10,,90448,8,,,0,10,,90449,2,,,0,9,,90491,8,,,0,10,,90450,2,,,0,9,,90451,8,,,0,51,,90452,2,,,0,11,,90492,8,,,0,11,,90453,2,,,0,11,,90454,8,,,0,10,,90455,2,,,0,10,,90456,8,,,0,48,,90457,8,,,0,10,,90493,8,,,0,10,,90494,8,,,0,9,,90495,8,,,0,10,,90496,8,,,0,9,,90497,8,,,0,48,,90498,8,,,0,10,,90499,8,,,0,12,,90500,8,,,0,11,,90501,8,,,0,12,,90502,8,,,0,10,,90503,8,,,0,50,,90504,8,,,0,10,,90505,8,,,0,11,,90506,8,,,0,10,,90507,8,,,0,10,,90508,2,,,0,10,,90509,8,,,0,50,,90510,2,,,0,13,,90512,8,,,0,19,,90511,8,,,0,20,,90458,2,,,0,61,,90459,2,,,0,21,,90460,2,,,0,61,,90461,2,,,0,20,,90462,2,,,0,20,,90463,2,,,0
3000000,'S2-0_4',655,,91563,25,,,0,60,,91562,25,,,0,23,,91567,10,0,14,0,3,,91522,25,,,0,9,,91564,10,0,14,0,51,,91523,25,,,0,7,,91565,10,0,14,0,10,,91524,25,,,0,8,,91566,10,0,14,0,13,,91525,25,,,0,20,,91526,25,,,0,62,,91527,25,,,0,19,,91528,25,,,0,60,,91529,25,,,0,21,,91530,25,,,0,17,,91531,25,,,0,62,,91532,25,,,0,20,,91533,25,,,0,19,,91534,25,,,0,62,,91535,25,,,0,21,,91536,25,,,0,19,,91537,25,,,0,60,,91538,25,,,0,19,,91539,25,,,0,21,,91540,25,,,0,59,,91541,25,,,0,19,,91542,25,,,0,21,,91543,25,,,0,60,,91544,25,,,0,22,,91545,25,,,0,19,,91546,25,,,0,59,,91547,25,,,0,21,,91548,25,,,0,16,,91549,25,,,0,20,,91550,25,,,0,66,,91551,25,,,0,18,,91552,25,,,0,59,,91553,25,,,0,18,,91554,25,,,0,19,,91555,25,,,0,19,,91556,25,,,0,60,,91557,25,,,0,19,,91558,25,,,0,70,,91559,25,,,0,32,,91560,25,,,0,72,,91561,25,,,0
3000000,'S2-0_5',655,,91609,25,,,0,60,,91608,25,,,0,23,,91613,10,0,14,0,3,,91568,25,,,0,9,,91610,10,0,14,0,51,,91569,25,,,0,7,,91611,10,0,14,0,10,,91570,25,,,0,8,,91612,10,0,14,0,13,,91571,25,,,0,20,,91572,25,,,0,62,,91573,25,,,0,19,,91574,25,,,0,60,,91575,25,,,0,21,,91576,25,,,0,17,,91577,25,,,0,62,,91578,25,,,0,20,,91579,25,,,0,19,,91580,25,,,0,62,,91581,25,,,0,21,,91582,25,,,0,19,,91583,25,,,0,60,,91584,25,,,0,19,,91585,25,,,0,21,,91586,25,,,0,59,,91587,25,,,0,19,,91588,25,,,0,21,,91589,25,,,0,60,,91590,25,,,0,22,,91591,25,,,0,19,,91592,25,,,0,59,,91593,25,,,0,21,,91594,25,,,0,16,,91595,25,,,0,20,,91596,25,,,0,66,,91597,25,,,0,18,,91598,25,,,0,59,,91599,25,,,0,18,,91600,25,,,0,19,,91601,25,,,0,19,,91602,25,,,0,60,,91603,25,,,0,19,,91604,25,,,0,70,,91605,25,,,0,32,,91606,25,,,0,72,,91607,25,,,0
3000000,'S2-1_3',655,,91655,25,,,0,60,,91654,25,,,0,23,,91659,10,0,14,0,3,,91614,25,,,0,9,,91656,10,0,14,0,51,,91615,25,,,0,7,,91657,10,0,14,0,10,,91616,25,,,0,8,,91658,10,0,14,0,13,,91617,25,,,0,20,,91618,25,,,0,62,,91619,25,,,0,19,,91620,25,,,0,60,,91621,25,,,0,21,,91622,25,,,0,17,,91623,25,,,0,62,,91624,25,,,0,20,,91625,25,,,0,19,,91626,25,,,0,62,,91627,25,,,0,21,,91628,25,,,0,19,,91629,25,,,0,60,,91630,25,,,0,19,,91631,25,,,0,21,,91632,25,,,0,59,,91633,25,,,0,19,,91634,25,,,0,21,,91635,25,,,0,60,,91636,25,,,0,22,,91637,25,,,0,19,,91638,25,,,0,59,,91639,25,,,0,21,,91640,25,,,0,16,,91641,25,,,0,20,,91642,25,,,0,66,,91643,25,,,0,18,,91644,25,,,0,59,,91645,25,,,0,18,,91646,25,,,0,19,,91647,25,,,0,19,,91648,25,,,0,60,,91649,25,,,0,19,,91650,25,,,0,70,,91651,25,,,0,32,,91652,25,,,0,72,,91653,25,,,0
3000000,'S2-2_6',658,,91660,25,,,0,83,,91661,25,,,0,82,,91662,25,,,0,30,,91663,25,,,0,60,,91664,25,,,0,20,,91665,25,,,0,21,,91666,25,,,0,60,,91667,25,,,0,20,,91668,25,,,0,20,,91669,25,,,0,61,,91670,25,,,0,19,,91671,25,,,0,20,,91672,25,,,0,61,,91673,25,,,0,19,,91674,25,,,0,19,,91675,25,,,0,59,,91676,25,,,0,20,,91677,25,,,0,21,,91678,25,,,0,59,,91679,25,,,0,21,,91680,25,,,0,20,,91681,25,,,0,61,,91682,25,,,0,20,,91683,25,,,0,20,,91684,25,,,0,60,,91685,25,,,0,20,,91686,25,,,0,21,,91687,25,,,0,60,,91688,25,,,0,20,,91689,25,,,0,20,,91690,25,,,0,60,,91691,25,,,0,19,,91692,25,,,0,18,,91693,25,,,0,59,,91694,25,,,0,30,,91695,25,,,0,70,,91696,25,,,0,29,,91697,25,,,0,69,,91698,25,,,0
3000000,'S2-3_7',820,,91700,25,,,0,130,,91701,25,,,0,170,,91708,25,,,0,130,,91707,25,,,0,170,,91706,25,,,0,130,,91704,25,,,0,100,,91713,10,0,14,0,70,,91705,25,,,0,30,,91699,10,0,14,0,70,,91709,10,0,14,0,29,,91703,25,,,0,71,,91710,10,0,14,0,30,,91711,10,0,14,0,69,,91702,25,,,0,91,,91712,10,0,14,0
3000000,'S2-4_1',655,,91755,25,,,0,60,,91754,25,,,0,23,,91759,10,0,14,0,3,,91714,25,,,0,9,,91756,10,0,14,0,51,,91715,25,,,0,7,,91757,10,0,14,0,10,,91716,25,,,0,8,,91758,10,0,14,0,13,,91717,25,,,0,20,,91718,25,,,0,62,,91719,25,,,0,19,,91720,25,,,0,60,,91721,25,,,0,21,,91722,25,,,0,17,,91723,25,,,0,62,,91724,25,,,0,20,,91725,25,,,0,19,,91726,25,,,0,62,,91727,25,,,0,21,,91728,25,,,0,19,,91729,25,,,0,60,,91730,25,,,0,19,,91731,25,,,0,21,,91732,25,,,0,59,,91733,25,,,0,19,,91734,25,,,0,21,,91735,25,,,0,60,,91736,25,,,0,22,,91737,25,,,0,19,,91738,25,,,0,59,,91739,25,,,0,21,,91740,25,,,0,16,,91741,25,,,0,20,,91742,25,,,0,66,,91743,25,,,0,18,,91744,25,,,0,59,,91745,25,,,0,18,,91746,25,,,0,19,,91747,25,,,0,19,,91748,25,,,0,60,,91749,25,,,0,19,,91750,25,,,0,70,,91751,25,,,0,32,,91752,25,,,0,72,,91753,25,,,0
3000000,'S2-4_2',655,,91801,25,,,0,60,,91800,25,,,0,23,,91805,10,0,14,0,3,,91760,25,,,0,9,,91802,10,0,14,0,51,,91761,25,,,0,7,,91803,10,0,14,0,10,,91762,25,,,0,8,,91804,10,0,14,0,13,,91763,25,,,0,20,,91764,25,,,0,62,,91765,25,,,0,19,,91766,25,,,0,60,,91767,25,,,0,21,,91768,25,,,0,17,,91769,25,,,0,62,,91770,25,,,0,20,,91771,25,,,0,19,,91772,25,,,0,62,,91773,25,,,0,21,,91774,25,,,0,19,,91775,25,,,0,60,,91776,25,,,0,19,,91777,25,,,0,21,,91778,25,,,0,59,,91779,25,,,0,19,,91780,25,,,0,21,,91781,25,,,0,60,,91782,25,,,0,22,,91783,25,,,0,19,,91784,25,,,0,59,,91785,25,,,0,21,,91786,25,,,0,16,,91787,25,,,0,20,,91788,25,,,0,66,,91789,25,,,0,18,,91790,25,,,0,59,,91791,25,,,0,18,,91792,25,,,0,19,,91793,25,,,0,19,,91794,25,,,0,60,,91795,25,,,0,19,,91796,25,,,0,70,,91797,25,,,0,32,,91798,25,,,0,72,,91799,25,,,0
3000000,'S2-4_4',655,,91847,25,,,0,60,,91846,25,,,0,23,,91851,10,0,14,0,3,,91806,25,,,0,9,,91848,10,0,14,0,51,,91807,25,,,0,7,,91849,10,0,14,0,10,,91808,25,,,0,8,,91850,10,0,14,0,13,,91809,25,,,0,20,,91810,25,,,0,62,,91811,25,,,0,19,,91812,25,,,0,60,,91813,25,,,0,21,,91814,25,,,0,17,,91815,25,,,0,62,,91816,25,,,0,20,,91817,25,,,0,19,,91818,25,,,0,62,,91819,25,,,0,21,,91820,25,,,0,19,,91821,25,,,0,60,,91822,25,,,0,19,,91823,25,,,0,21,,91824,25,,,0,59,,91825,25,,,0,19,,91826,25,,,0,21,,91827,25,,,0,60,,91828,25,,,0,22,,91829,25,,,0,19,,91830,25,,,0,59,,91831,25,,,0,21,,91832,25,,,0,16,,91833,25,,,0,20,,91834,25,,,0,66,,91835,25,,,0,18,,91836,25,,,0,59,,91837,25,,,0,18,,91838,25,,,0,19,,91839,25,,,0,19,,91840,25,,,0,60,,91841,25,,,0,19,,91842,25,,,0,70,,91843,25,,,0,32,,91844,25,,,0,72,,91845,25,,,0
