900600,'S2-0_4',849,,88975,22,,,0,170,,88977,22,,,0,125,,88978,22,,,0,175,,88979,22,,,0,120,,88980,22,,,0,175,,88981,22,,,0,130,,88982,22,,,0,170,,88976,22,,,0
900600,'S2-0_5',849,,88983,22,,,0,170,,88985,22,,,0,125,,88986,22,,,0,175,,88987,22,,,0,120,,88988,22,,,0,175,,88989,22,,,0,130,,88990,22,,,0,170,,88984,22,,,0
900600,'S2-1_3',849,,88991,22,,,0,170,,88993,22,,,0,125,,88994,22,,,0,175,,88995,22,,,0,120,,88996,22,,,0,175,,88997,22,,,0,130,,88998,22,,,0,170,,88992,22,,,0
900600,'S2-2_6',849,,88999,22,,,0,170,,89001,22,,,0,125,,89002,22,,,0,175,,89003,22,,,0,120,,89004,22,,,0,175,,89005,22,,,0,130,,89006,22,,,0,170,,89000,22,,,0
900600,'S2-4_1',849,,89007,22,,,0,170,,89009,22,,,0,125,,89010,22,,,0,175,,89011,22,,,0,120,,89012,22,,,0,175,,89013,22,,,0,130,,89014,22,,,0,170,,89008,22,,,0
900600,'S2-4_2',849,,89015,22,,,0,170,,89017,22,,,0,125,,89018,22,,,0,175,,89019,22,,,0,120,,89020,22,,,0,175,,89021,22,,,0,130,,89022,22,,,0,170,,89016,22,,,0
900600,'S2-4_4',849,,89023,22,,,0,170,,89025,22,,,0,125,,89026,22,,,0,175,,89027,22,,,0,120,,89028,22,,,0,175,,89029,22,,,0,130,,89030,22,,,0,170,,89024,22,,,0
900601,'S2-0_4',759,,89031,11,,,0,170,,89032,11,,,0,130,,89033,11,,,0,175,,89034,11,,,0,120,,89035,11,,,0,175,,89036,11,,,0,125,,89037,11,,,0,170,,89038,11,,,0
900601,'S2-0_5',759,,89039,11,,,0,170,,89040,11,,,0,130,,89041,11,,,0,175,,89042,11,,,0,120,,89043,11,,,0,175,,89044,11,,,0,125,,89045,11,,,0,170,,89046,11,,,0
900601,'S2-1_3',759,,89047,11,,,0,170,,89048,11,,,0,130,,89049,11,,,0,175,,89050,11,,,0,120,,89051,11,,,0,175,,89052,11,,,0,125,,89053,11,,,0,170,,89054,11,,,0
900601,'S2-2_6',759,,89055,11,,,0,170,,89056,11,,,0,130,,89057,11,,,0,175,,89058,11,,,0,120,,89059,11,,,0,175,,89060,11,,,0,125,,89061,11,,,0,170,,89062,11,,,0
900601,'S2-4_1',759,,89063,11,,,0,170,,89064,11,,,0,130,,89065,11,,,0,175,,89066,11,,,0,120,,89067,11,,,0,175,,89068,11,,,0,125,,89069,11,,,0,170,,89070,11,,,0
900601,'S2-4_2',759,,89071,11,,,0,170,,89072,11,,,0,130,,89073,11,,,0,175,,89074,11,,,0,120,,89075,11,,,0,175,,89076,11,,,0,125,,89077,11,,,0,170,,89078,11,,,0
900601,'S2-4_4',759,,89079,11,,,0,170,,89080,11,,,0,130,,89081,11,,,0,175,,89082,11,,,0,120,,89083,11,,,0,175,,89084,11,,,0,125,,89085,11,,,0,170,,89086,11,,,0
