900,'S2-0_4',659,,86863,11,,,0,68,,86864,11,,,0,81,,86868,17,,,0,21,,86869,8,,,0,4,,86870,18,,,0,84,,86865,11,,,0,89,,86871,18,,,0,94,,86872,14,4,,0,53,,86873,14,,,0,105,,86874,14,,,0,70,,86866,11,,,0,130,,86877,19,,,0,84,,86875,14,,,0,110,,86876,14,,,0,72,,86867,11,,,0,130,,86878,19,,,0,78,,86879,11,4,,0
900,'S2-0_5',659,,86882,11,,,0,68,,86883,11,,,0,81,,86887,17,,,0,21,,86888,8,,,0,4,,86889,18,,,0,84,,86884,11,,,0,89,,86890,18,,,0,94,,86891,14,4,,0,53,,86892,14,,,0,105,,86893,14,,,0,70,,86885,11,,,0,130,,86896,19,,,0,84,,86894,14,,,0,110,,86895,14,,,0,72,,86886,11,,,0,130,,86897,19,,,0,78,,86898,11,4,,0
900,'S2-1_3',659,,86901,11,,,0,68,,86902,11,,,0,81,,86906,17,,,0,21,,86907,8,,,0,4,,86908,18,,,0,84,,86903,11,,,0,89,,86909,18,,,0,94,,86910,14,4,,0,53,,86911,14,,,0,105,,86912,14,,,0,70,,86904,11,,,0,130,,86915,19,,,0,84,,86913,14,,,0,110,,86914,14,,,0,72,,86905,11,,,0,130,,86916,19,,,0,78,,86917,11,4,,0
900,'S2-2_6',709,,86921,14,,,0,99,,86922,14,,,0,118,,86920,14,4,,0,126,,86927,8,4,,0,69,,86923,14,,,0,137,,86929,15,4,,0,97,,86928,8,4,,0,90,,86924,14,,,0,89,,86919,8,,,0,99,,86930,8,,,0,175,,86925,15,,,0,93,,86926,14,,,0
900,'S2-4_1',659,,86932,11,,,0,68,,86933,11,,,0,81,,86937,17,,,0,21,,86938,8,,,0,4,,86939,18,,,0,84,,86934,11,,,0,89,,86940,18,,,0,94,,86941,14,4,,0,53,,86942,14,,,0,105,,86943,14,,,0,70,,86935,11,,,0,130,,86946,19,,,0,84,,86944,14,,,0,110,,86945,14,,,0,72,,86936,11,,,0,130,,86947,19,,,0,78,,86948,11,4,,0
900,'S2-4_2',659,,86951,11,,,0,68,,86952,11,,,0,81,,86956,17,,,0,21,,86957,8,,,0,4,,86958,18,,,0,84,,86953,11,,,0,89,,86959,18,,,0,94,,86960,14,4,,0,53,,86961,14,,,0,105,,86962,14,,,0,70,,86954,11,,,0,130,,86965,19,,,0,84,,86963,14,,,0,110,,86964,14,,,0,72,,86955,11,,,0,130,,86966,19,,,0,78,,86967,11,4,,0
900,'S2-4_4',659,,86970,11,,,0,68,,86971,11,,,0,81,,86975,17,,,0,21,,86976,8,,,0,4,,86977,18,,,0,84,,86972,11,,,0,89,,86978,18,,,0,94,,86979,14,4,,0,53,,86980,14,,,0,105,,86981,14,,,0,70,,86973,11,,,0,130,,86984,19,,,0,84,,86982,14,,,0,110,,86983,14,,,0,72,,86974,11,,,0,130,,86985,19,,,0,78,,86986,11,4,,0
1000,'S2-0_4',931,,87111,33,0,18 30,0,25,,87099,27,,,0,161,,87102,33,0,18 30,0,87,,87103,33,0,18 30,0,37,,87104,33,0,18 30,0,80,,87105,33,0,18 30,0,99,,87106,33,0,18 30,0,39,,87108,33,,,0,70,,87109,33,,,0,96,,87110,33,,,0,23,,87100,27,,,0,188,,87101,27,,,0,164,,87107,33,0,18 30,0
1000,'S2-0_5',931,,87126,33,0,18 30,0,25,,87114,27,,,0,161,,87117,33,0,18 30,0,87,,87118,33,0,18 30,0,37,,87119,33,0,18 30,0,80,,87120,33,0,18 30,0,99,,87121,33,0,18 30,0,39,,87123,33,,,0,70,,87124,33,,,0,96,,87125,33,,,0,23,,87115,27,,,0,188,,87116,27,,,0,164,,87122,33,0,18 30,0
1000,'S2-1_3',931,,87141,33,0,18 30,0,25,,87129,27,,,0,161,,87132,33,0,18 30,0,87,,87133,33,0,18 30,0,37,,87134,33,0,18 30,0,80,,87135,33,0,18 30,0,99,,87136,33,0,18 30,0,39,,87138,33,,,0,70,,87139,33,,,0,96,,87140,33,,,0,23,,87130,27,,,0,188,,87131,27,,,0,164,,87137,33,0,18 30,0
1000,'S2-2_6',702,,87142,27,,,0,55,,87143,27,,,0,171,,87149,33,0,18 30,0,26,,87144,27,,,0,158,,87150,33,0,18 30,0,101,,87151,33,0,18 30,0,101,,87152,33,0,18 30,0,101,,87153,33,0,18 30,0,92,,87147,33,,,0,115,,87148,33,,,0,29,,87145,27,,,0,186,,87146,27,,,0,122,,87154,33,0,18 30,0
1000,'S2-4_1',931,,87169,33,0,18 30,0,25,,87157,27,,,0,161,,87160,33,0,18 30,0,87,,87161,33,0,18 30,0,37,,87162,33,0,18 30,0,80,,87163,33,0,18 30,0,99,,87164,33,0,18 30,0,39,,87166,33,,,0,70,,87167,33,,,0,96,,87168,33,,,0,23,,87158,27,,,0,188,,87159,27,,,0,164,,87165,33,0,18 30,0
1000,'S2-4_2',931,,87184,33,0,18 30,0,25,,87172,27,,,0,161,,87175,33,0,18 30,0,87,,87176,33,0,18 30,0,37,,87177,33,0,18 30,0,80,,87178,33,0,18 30,0,99,,87179,33,0,18 30,0,39,,87181,33,,,0,70,,87182,33,,,0,96,,87183,33,,,0,23,,87173,27,,,0,188,,87174,27,,,0,164,,87180,33,0,18 30,0
1000,'S2-4_4',931,,87199,33,0,18 30,0,25,,87187,27,,,0,161,,87190,33,0,18 30,0,87,,87191,33,0,18 30,0,37,,87192,33,0,18 30,0,80,,87193,33,0,18 30,0,99,,87194,33,0,18 30,0,39,,87196,33,,,0,70,,87197,33,,,0,96,,87198,33,,,0,23,,87188,27,,,0,188,,87189,27,,,0,164,,87195,33,0,18 30,0
1100,'S2-0_4',709,,87296,16,,,0,128,,87297,19,,,0,922,,87298,19,,,0,151,,87299,19,,,0
1100,'S2-0_5',709,,87300,16,,,0,128,,87301,19,,,0,922,,87302,19,,,0,151,,87303,19,,,0
1100,'S2-1_3',709,,87304,16,,,0,128,,87305,19,,,0,922,,87306,19,,,0,151,,87307,19,,,0
1100,'S2-2_6',709,,87308,16,,,0,128,,87309,19,,,0,905,,87310,19,,,0,159,,87311,19,,,0
1100,'S2-4_1',709,,87312,16,,,0,128,,87313,19,,,0,922,,87314,19,,,0,151,,87315,19,,,0
1100,'S2-4_2',709,,87316,16,,,0,128,,87317,19,,,0,922,,87318,19,,,0,151,,87319,19,,,0
1100,'S2-4_4',709,,87320,16,,,0,128,,87321,19,,,0,922,,87322,19,,,0,151,,87323,19,,,0
1600,'S2-0_4',827,,87526,16,4,,0,206,,87531,20,4,,0,296,,87533,25,4,,0,123,,87529,20,4,,0,297,,87535,25,4,,0,165,,87532,20,4,,0
1600,'S2-0_5',827,,87536,16,4,,0,206,,87541,20,4,,0,296,,87543,25,4,,0,123,,87539,20,4,,0,297,,87545,25,4,,0,165,,87542,20,4,,0
1600,'S2-1_3',827,,87546,16,4,,0,206,,87551,20,4,,0,296,,87553,25,4,,0,123,,87549,20,4,,0,297,,87555,25,4,,0,165,,87552,20,4,,0
1600,'S2-2_6',827,,87556,16,4,,0,206,,87561,20,4,,0,296,,87563,25,4,,0,123,,87559,20,4,,0,297,,87565,25,4,,0,165,,87562,20,4,,0
1600,'S2-4_1',827,,87566,16,4,,0,206,,87571,20,4,,0,296,,87573,25,4,,0,123,,87569,20,4,,0,297,,87575,25,4,,0,165,,87572,20,4,,0
1600,'S2-4_2',827,,87576,16,4,,0,206,,87581,20,4,,0,296,,87583,25,4,,0,123,,87579,20,4,,0,297,,87585,25,4,,0,165,,87582,20,4,,0
1600,'S2-4_4',827,,87586,16,4,,0,206,,87591,20,4,,0,296,,87593,25,4,,0,123,,87589,20,4,,0,297,,87595,25,4,,0,165,,87592,20,4,,0
1900,'S2-0_4',727,,87831,14,,,0,105,,87835,14,,,0,974,,87832,14,,,0
1900,'S2-0_5',727,,87839,14,,,0,105,,87843,14,,,0,974,,87840,14,,,0
1900,'S2-1_3',727,,87847,14,,,0,105,,87852,14,,,0,582,,87851,14,,,0,392,,87848,14,,,0
1900,'S2-4_1',727,,87856,14,,,0,105,,87860,14,,,0,974,,87857,14,,,0
1900,'S2-4_2',727,,87864,14,,,0,105,,87868,14,,,0,974,,87865,14,,,0
1900,'S2-4_4',727,,87872,14,,,0,105,,87876,14,,,0,974,,87873,14,,,0
