600,'S2-0_4',708,,86324,17,,,0,20,,86338,17,0,11 12,0,93,,86325,17,,,0,110,,86326,17,0,11 12,0,101,,86327,17,0,11 12,0,90,,86328,17,0,11 12,0,110,,86329,17,0,11 12,0,107,,86330,17,0,11 12,0,97,,86339,17,0,11 12,0,92,,86331,17,0,11 12,0,97,,86332,17,0,11 12,0,82,,86333,17,0,11 12,0,42,,86334,17,0,11 12,0,74,,86335,17,0,11 12,0,32,,86336,17,0,11 12,0,81,,86337,17,0,11 12,0
600,'S2-0_5',708,,86340,17,,,0,20,,86354,17,0,11 12,0,93,,86341,17,,,0,110,,86342,17,0,11 12,0,101,,86343,17,0,11 12,0,90,,86344,17,0,11 12,0,110,,86345,17,0,11 12,0,107,,86346,17,0,11 12,0,97,,86355,17,0,11 12,0,92,,86347,17,0,11 12,0,97,,86348,17,0,11 12,0,82,,86349,17,0,11 12,0,42,,86350,17,0,11 12,0,74,,86351,17,0,11 12,0,32,,86352,17,0,11 12,0,81,,86353,17,0,11 12,0
600,'S2-1_3',708,,86356,17,,,0,20,,86370,17,0,11 12,0,93,,86357,17,,,0,110,,86358,17,0,11 12,0,101,,86359,17,0,11 12,0,90,,86360,17,0,11 12,0,110,,86361,17,0,11 12,0,107,,86362,17,0,11 12,0,97,,86371,17,0,11 12,0,92,,86363,17,0,11 12,0,97,,86364,17,0,11 12,0,82,,86365,17,0,11 12,0,42,,86366,17,0,11 12,0,74,,86367,17,0,11 12,0,32,,86368,17,0,11 12,0,81,,86369,17,0,11 12,0
600,'S2-2_6',757,,86372,17,0,11 12,0,93,,86374,17,0,11 12,0,93,,86375,17,0,11 12,0,87,,86376,17,0,11 12,0,90,,86377,17,0,11 12,0,88,,86378,17,0,11 12,0,48,,86379,17,0,11 12,0,91,,86380,17,0,11 12,0,87,,86381,17,0,11 12,0,98,,86382,17,0,11 12,0,90,,86383,17,0,11 12,0,91,,86384,17,0,11 12,0,90,,86385,17,0,11 12,0,55,,86386,17,0,11 12,0,81,,86373,17,0,11 12,0
600,'S2-4_1',708,,86387,17,,,0,20,,86401,17,0,11 12,0,93,,86388,17,,,0,110,,86389,17,0,11 12,0,101,,86390,17,0,11 12,0,90,,86391,17,0,11 12,0,110,,86392,17,0,11 12,0,107,,86393,17,0,11 12,0,97,,86402,17,0,11 12,0,92,,86394,17,0,11 12,0,97,,86395,17,0,11 12,0,82,,86396,17,0,11 12,0,42,,86397,17,0,11 12,0,74,,86398,17,0,11 12,0,32,,86399,17,0,11 12,0,81,,86400,17,0,11 12,0
600,'S2-4_2',708,,86403,17,,,0,20,,86417,17,0,11 12,0,93,,86404,17,,,0,110,,86405,17,0,11 12,0,101,,86406,17,0,11 12,0,90,,86407,17,0,11 12,0,110,,86408,17,0,11 12,0,107,,86409,17,0,11 12,0,97,,86418,17,0,11 12,0,92,,86410,17,0,11 12,0,97,,86411,17,0,11 12,0,82,,86412,17,0,11 12,0,42,,86413,17,0,11 12,0,74,,86414,17,0,11 12,0,32,,86415,17,0,11 12,0,81,,86416,17,0,11 12,0
600,'S2-4_4',708,,86419,17,,,0,20,,86433,17,0,11 12,0,93,,86420,17,,,0,110,,86421,17,0,11 12,0,101,,86422,17,0,11 12,0,90,,86423,17,0,11 12,0,110,,86424,17,0,11 12,0,107,,86425,17,0,11 12,0,97,,86434,17,0,11 12,0,92,,86426,17,0,11 12,0,97,,86427,17,0,11 12,0,82,,86428,17,0,11 12,0,42,,86429,17,0,11 12,0,74,,86430,17,0,11 12,0,32,,86431,17,0,11 12,0,81,,86432,17,0,11 12,0
900,'S2-0_4',705,,86863,18,,,0,28,,86864,18,,,0,81,,86868,24,,,0,21,,86869,15,,,0,4,,86870,25,,,0,84,,86865,18,,,0,90,,86871,25,,,0,188,,86873,21,,,0,103,,86874,21,,,0,31,,86866,18,,,0,172,,86877,26,,,0,44,,86875,21,,,0,150,,86876,21,,,0,32,,86867,18,,,0,167,,86878,26,,,0
900,'S2-0_5',705,,86882,18,,,0,28,,86883,18,,,0,81,,86887,24,,,0,21,,86888,15,,,0,4,,86889,25,,,0,84,,86884,18,,,0,90,,86890,25,,,0,188,,86892,21,,,0,103,,86893,21,,,0,31,,86885,18,,,0,172,,86896,26,,,0,44,,86894,21,,,0,150,,86895,21,,,0,32,,86886,18,,,0,167,,86897,26,,,0
900,'S2-1_3',705,,86901,18,,,0,28,,86902,18,,,0,81,,86906,24,,,0,21,,86907,15,,,0,4,,86908,25,,,0,84,,86903,18,,,0,90,,86909,25,,,0,188,,86911,21,,,0,103,,86912,21,,,0,31,,86904,18,,,0,172,,86915,26,,,0,44,,86913,21,,,0,150,,86914,21,,,0,32,,86905,18,,,0,167,,86916,26,,,0
900,'S2-2_6',713,,86921,21,,,0,100,,86922,21,,,0,315,,86923,21,,,0,324,,86924,21,,,0,89,,86919,15,,,0,99,,86930,15,,,0,174,,86925,22,,,0,93,,86926,21,,,0
900,'S2-4_1',705,,86932,18,,,0,28,,86933,18,,,0,81,,86937,24,,,0,21,,86938,15,,,0,4,,86939,25,,,0,84,,86934,18,,,0,90,,86940,25,,,0,188,,86942,21,,,0,103,,86943,21,,,0,31,,86935,18,,,0,172,,86946,26,,,0,44,,86944,21,,,0,150,,86945,21,,,0,32,,86936,18,,,0,167,,86947,26,,,0
900,'S2-4_2',705,,86951,18,,,0,28,,86952,18,,,0,81,,86956,24,,,0,21,,86957,15,,,0,4,,86958,25,,,0,84,,86953,18,,,0,90,,86959,25,,,0,188,,86961,21,,,0,103,,86962,21,,,0,31,,86954,18,,,0,172,,86965,26,,,0,44,,86963,21,,,0,150,,86964,21,,,0,32,,86955,18,,,0,167,,86966,26,,,0
900,'S2-4_4',705,,86970,18,,,0,28,,86971,18,,,0,81,,86975,24,,,0,21,,86976,15,,,0,4,,86977,25,,,0,84,,86972,18,,,0,90,,86978,25,,,0,188,,86980,21,,,0,103,,86981,21,,,0,31,,86973,18,,,0,172,,86984,26,,,0,44,,86982,21,,,0,150,,86983,21,,,0,32,,86974,18,,,0,167,,86985,26,,,0
1000,'S2-0_4',938,,87111,40,0,18 30,0,65,,87099,34,,,0,122,,87102,40,0,18 30,0,86,,87103,40,0,18 30,0,35,,87104,40,0,18 30,0,82,,87105,40,0,18 30,0,100,,87106,40,0,18 30,0,80,,87108,40,,,0,30,,87109,40,,,0,96,,87110,40,,,0,23,,87100,34,,,0,185,,87101,34,,,0,162,,87107,40,0,18 30,0
1000,'S2-0_5',938,,87126,40,0,18 30,0,65,,87114,34,,,0,122,,87117,40,0,18 30,0,86,,87118,40,0,18 30,0,35,,87119,40,0,18 30,0,82,,87120,40,0,18 30,0,100,,87121,40,0,18 30,0,80,,87123,40,,,0,30,,87124,40,,,0,96,,87125,40,,,0,23,,87115,34,,,0,185,,87116,34,,,0,162,,87122,40,0,18 30,0
1000,'S2-1_3',938,,87141,40,0,18 30,0,65,,87129,34,,,0,122,,87132,40,0,18 30,0,86,,87133,40,0,18 30,0,35,,87134,40,0,18 30,0,82,,87135,40,0,18 30,0,100,,87136,40,0,18 30,0,80,,87138,40,,,0,30,,87139,40,,,0,96,,87140,40,,,0,23,,87130,34,,,0,185,,87131,34,,,0,162,,87137,40,0,18 30,0
1000,'S2-2_6',706,,87142,34,,,0,97,,87143,34,,,0,132,,87149,40,0,18 30,0,67,,87144,34,,,0,118,,87150,40,0,18 30,0,101,,87151,40,0,18 30,0,100,,87152,40,0,18 30,0,102,,87153,40,0,18 30,0,92,,87147,40,,,0,116,,87148,40,,,0,69,,87145,34,,,0,144,,87146,34,,,0,159,,87154,40,0,18 30,0
1000,'S2-4_1',938,,87169,40,0,18 30,0,65,,87157,34,,,0,122,,87160,40,0,18 30,0,86,,87161,40,0,18 30,0,35,,87162,40,0,18 30,0,82,,87163,40,0,18 30,0,100,,87164,40,0,18 30,0,80,,87166,40,,,0,30,,87167,40,,,0,96,,87168,40,,,0,23,,87158,34,,,0,185,,87159,34,,,0,162,,87165,40,0,18 30,0
1000,'S2-4_2',938,,87184,40,0,18 30,0,65,,87172,34,,,0,122,,87175,40,0,18 30,0,86,,87176,40,0,18 30,0,35,,87177,40,0,18 30,0,82,,87178,40,0,18 30,0,100,,87179,40,0,18 30,0,80,,87181,40,,,0,30,,87182,40,,,0,96,,87183,40,,,0,23,,87173,34,,,0,185,,87174,34,,,0,162,,87180,40,0,18 30,0
1000,'S2-4_4',938,,87199,40,0,18 30,0,65,,87187,34,,,0,122,,87190,40,0,18 30,0,86,,87191,40,0,18 30,0,35,,87192,40,0,18 30,0,82,,87193,40,0,18 30,0,100,,87194,40,0,18 30,0,80,,87196,40,,,0,30,,87197,40,,,0,96,,87198,40,,,0,23,,87188,34,,,0,185,,87189,34,,,0,162,,87195,40,0,18 30,0
1900,'S2-0_4',734,,87831,20,,,0,105,,87835,20,,,0,974,,87832,20,,,0
1900,'S2-0_5',734,,87839,20,,,0,105,,87843,20,,,0,974,,87840,20,,,0
1900,'S2-1_3',734,,87847,20,,,0,105,,87852,20,,,0,583,,87851,20,,,0,391,,87848,20,,,0
1900,'S2-4_1',734,,87856,20,,,0,105,,87860,20,,,0,974,,87857,20,,,0
1900,'S2-4_2',734,,87864,20,,,0,105,,87868,20,,,0,974,,87865,20,,,0
1900,'S2-4_4',734,,87872,20,,,0,105,,87876,20,,,0,974,,87873,20,,,0
1000000,'S2-0_4',537,,89311,9,0,31 33,0,20,,89312,9,0,31 33,0,60,,89393,9,0,31 33,0,19,,89394,9,,,0,14,,89396,9,,,0,50,,89392,9,,,0,9,,89345,9,,,0,8,,89346,9,,,0,12,,89347,9,,,0,11,,89348,9,,,0,10,,89349,9,,,0,51,,89350,9,,,0,10,,89351,9,,,0,10,,89352,9,,,0,8,,89395,9,,,0,9,,89313,9,0,31 33,0,9,,89314,9,,,0,10,,89315,9,0,31 33,0,50,,89316,9,,,0,11,,89317,9,0,31 33,0,10,,89353,9,,,0,11,,89318,9,0,31 33,0,11,,89319,9,,,0,51,,89320,9,0,31 33,0,11,,89321,9,,,0,11,,89322,9,0,31 33,0,10,,89323,9,,,0,11,,89325,9,0,31 33,0,10,,89324,9,,,0,51,,89355,9,0,31 33,0,12,,89354,9,,,0,11,,89356,9,0,31 33,0,11,,89357,9,,,0,10,,89358,9,0,31 33,0,10,,89359,9,,,0,50,,89360,9,0,31 33,0,11,,89361,9,,,0,11,,89362,9,0,31 33,0,10,,89363,9,,,0,10,,89364,9,0,31 33,0,50,,89365,9,,,0,9,,89366,9,0,31 33,0,10,,89367,9,,,0,10,,89326,9,0,31 33,0,11,,89327,9,,,0,9,,89368,9,0,31 33,0,50,,89328,9,,,0,9,,89329,9,0,31 33,0,11,,89330,9,,,0,10,,89369,9,0,31 33,0,11,,89331,9,,,0,10,,89332,9,0,31 33,0,50,,89333,9,,,0,10,,89334,9,0,31 33,0,11,,89370,9,,,0,11,,89371,9,,,0,10,,89372,9,,,0,10,,89373,9,,,0,49,,89374,9,,,0,11,,89375,9,,,0,10,,89376,9,,,0,11,,89377,9,,,0,9,,89378,9,,,0,9,,89379,9,,,0,49,,89380,9,,,0,10,,89381,9,,,0,9,,89382,9,,,0,10,,89383,9,,,0,10,,89384,9,,,0,10,,89385,9,,,0,50,,89386,9,0,31 33,0,10,,89387,9,,,0,8,,89391,9,0,31 33,0,10,,89335,9,0,31 33,0,11,,89388,9,,,0,10,,89336,9,0,31 33,0,10,,89389,9,,,0,49,,89337,9,0,31 33,0,19,,89338,9,0,31 33,0,19,,89339,9,0,31 33,0,58,,89340,9,0,31 33,0,21,,89341,9,0,31 33,0,21,,89342,9,0,31 33,0,60,,89343,9,0,31 33,0,20,,89344,9,0,31 33,0
1000000,'S2-0_5',537,,89397,9,0,31 33,0,20,,89398,9,0,31 33,0,60,,89479,9,0,31 33,0,19,,89480,9,,,0,14,,89482,9,,,0,50,,89478,9,,,0,9,,89431,9,,,0,8,,89432,9,,,0,12,,89433,9,,,0,11,,89434,9,,,0,10,,89435,9,,,0,51,,89436,9,,,0,10,,89437,9,,,0,10,,89438,9,,,0,8,,89481,9,,,0,9,,89399,9,0,31 33,0,9,,89400,9,,,0,10,,89401,9,0,31 33,0,50,,89402,9,,,0,11,,89403,9,0,31 33,0,10,,89439,9,,,0,11,,89404,9,0,31 33,0,11,,89405,9,,,0,51,,89406,9,0,31 33,0,11,,89407,9,,,0,11,,89408,9,0,31 33,0,10,,89409,9,,,0,11,,89411,9,0,31 33,0,10,,89410,9,,,0,51,,89441,9,0,31 33,0,12,,89440,9,,,0,11,,89442,9,0,31 33,0,11,,89443,9,,,0,10,,89444,9,0,31 33,0,10,,89445,9,,,0,50,,89446,9,0,31 33,0,11,,89447,9,,,0,11,,89448,9,0,31 33,0,10,,89449,9,,,0,10,,89450,9,0,31 33,0,50,,89451,9,,,0,9,,89452,9,0,31 33,0,10,,89453,9,,,0,10,,89412,9,0,31 33,0,11,,89413,9,,,0,9,,89454,9,0,31 33,0,50,,89414,9,,,0,9,,89415,9,0,31 33,0,11,,89416,9,,,0,10,,89455,9,0,31 33,0,11,,89417,9,,,0,10,,89418,9,0,31 33,0,50,,89419,9,,,0,10,,89420,9,0,31 33,0,11,,89456,9,,,0,11,,89457,9,,,0,10,,89458,9,,,0,10,,89459,9,,,0,49,,89460,9,,,0,11,,89461,9,,,0,10,,89462,9,,,0,11,,89463,9,,,0,9,,89464,9,,,0,9,,89465,9,,,0,49,,89466,9,,,0,10,,89467,9,,,0,9,,89468,9,,,0,10,,89469,9,,,0,10,,89470,9,,,0,10,,89471,9,,,0,50,,89472,9,0,31 33,0,10,,89473,9,,,0,8,,89477,9,0,31 33,0,10,,89421,9,0,31 33,0,11,,89474,9,,,0,10,,89422,9,0,31 33,0,10,,89475,9,,,0,49,,89423,9,0,31 33,0,19,,89424,9,0,31 33,0,19,,89425,9,0,31 33,0,58,,89426,9,0,31 33,0,21,,89427,9,0,31 33,0,21,,89428,9,0,31 33,0,60,,89429,9,0,31 33,0,20,,89430,9,0,31 33,0
1000000,'S2-1_3',537,,89483,9,0,31 33,0,20,,89484,9,0,31 33,0,60,,89565,9,0,31 33,0,19,,89566,9,,,0,14,,89568,9,,,0,50,,89564,9,,,0,9,,89517,9,,,0,8,,89518,9,,,0,12,,89519,9,,,0,11,,89520,9,,,0,10,,89521,9,,,0,51,,89522,9,,,0,10,,89523,9,,,0,10,,89524,9,,,0,8,,89567,9,,,0,9,,89485,9,0,31 33,0,9,,89486,9,,,0,10,,89487,9,0,31 33,0,50,,89488,9,,,0,11,,89489,9,0,31 33,0,10,,89525,9,,,0,11,,89490,9,0,31 33,0,11,,89491,9,,,0,51,,89492,9,0,31 33,0,11,,89493,9,,,0,11,,89494,9,0,31 33,0,10,,89495,9,,,0,11,,89497,9,0,31 33,0,10,,89496,9,,,0,51,,89527,9,0,31 33,0,12,,89526,9,,,0,11,,89528,9,0,31 33,0,11,,89529,9,,,0,10,,89530,9,0,31 33,0,10,,89531,9,,,0,50,,89532,9,0,31 33,0,11,,89533,9,,,0,11,,89534,9,0,31 33,0,10,,89535,9,,,0,10,,89536,9,0,31 33,0,50,,89537,9,,,0,9,,89538,9,0,31 33,0,10,,89539,9,,,0,10,,89498,9,0,31 33,0,11,,89499,9,,,0,9,,89540,9,0,31 33,0,50,,89500,9,,,0,9,,89501,9,0,31 33,0,11,,89502,9,,,0,10,,89541,9,0,31 33,0,11,,89503,9,,,0,10,,89504,9,0,31 33,0,50,,89505,9,,,0,10,,89506,9,0,31 33,0,11,,89542,9,,,0,11,,89543,9,,,0,10,,89544,9,,,0,10,,89545,9,,,0,49,,89546,9,,,0,11,,89547,9,,,0,10,,89548,9,,,0,11,,89549,9,,,0,9,,89550,9,,,0,9,,89551,9,,,0,49,,89552,9,,,0,10,,89553,9,,,0,9,,89554,9,,,0,10,,89555,9,,,0,10,,89556,9,,,0,10,,89557,9,,,0,50,,89558,9,0,31 33,0,10,,89559,9,,,0,8,,89563,9,0,31 33,0,10,,89507,9,0,31 33,0,11,,89560,9,,,0,10,,89508,9,0,31 33,0,10,,89561,9,,,0,49,,89509,9,0,31 33,0,19,,89510,9,0,31 33,0,19,,89511,9,0,31 33,0,58,,89512,9,0,31 33,0,21,,89513,9,0,31 33,0,21,,89514,9,0,31 33,0,60,,89515,9,0,31 33,0,20,,89516,9,0,31 33,0
1000000,'S2-2_6',534,,89569,9,0,31 33,0,80,,89570,9,0,31 33,0,41,,89571,9,,,0,81,,89572,9,,,0,70,,89573,9,0,31 33,0,15,,89574,9,,,0,16,,89575,9,0,31 33,0,15,,89576,9,0,31 33,0,53,,89577,9,,,0,15,,89578,9,0,31 33,0,16,,89636,9,0,31 33,0,16,,89579,9,,,0,56,,89580,9,0,31 33,0,16,,89581,9,0,31 33,0,14,,89582,9,,,0,16,,89583,9,0,31 33,0,55,,89584,9,0,31 33,0,16,,89585,9,,,0,15,,89586,9,0,31 33,0,15,,89587,9,0,31 33,0,56,,89588,9,,,0,14,,89589,9,0,31 33,0,15,,89590,9,0,31 33,0,15,,89591,9,,,0,54,,89592,9,0,31 33,0,10,,89593,9,0,31 33,0,11,,89594,9,,,0,12,,89595,9,0,31 33,0,10,,89596,9,0,31 33,0,49,,89597,9,0,31 33,0,9,,89598,9,,,0,10,,89599,9,0,31 33,0,11,,89600,9,0,31 33,0,10,,89601,9,0,31 33,0,10,,89602,9,,,0,52,,89603,9,0,31 33,0,9,,89604,9,0,31 33,0,9,,89605,9,0,31 33,0,10,,89606,9,,,0,11,,89607,9,0,31 33,0,10,,89608,9,0,31 33,0,50,,89609,9,0,31 33,0,11,,89610,9,,,0,11,,89611,9,0,31 33,0,9,,89612,9,0,31 33,0,11,,89613,9,0,31 33,0,11,,89614,9,,,0,53,,89615,9,0,31 33,0,9,,89616,9,0,31 33,0,9,,89617,9,0,31 33,0,10,,89618,9,,,0,8,,89619,9,0,31 33,0,9,,89620,9,0,31 33,0,50,,89621,9,0,31 33,0,8,,89623,9,0,31 33,0,10,,89622,9,,,0,9,,89624,9,0,31 33,0,9,,89625,9,0,31 33,0,9,,89627,9,0,31 33,0,10,,89626,9,0,31 33,0,51,,89628,9,0,31 33,0,21,,89629,9,0,31 33,0,17,,89630,9,0,31 33,0,60,,89631,9,0,31 33,0,20,,89632,9,0,31 33,0,20,,89633,9,0,31 33,0,59,,89634,9,0,31 33,0,19,,89635,9,0,31 33,0
1000000,'S2-3_7',806,,89637,9,0,31 33,0,40,,89638,9,0,31 33,0,80,,89639,9,0,31 33,0,80,,89640,9,0,31 33,0,40,,89641,9,0,31 33,0,80,,89642,9,0,31 33,0,80,,89643,9,0,31 33,0,40,,89644,9,0,31 33,0,80,,89645,9,0,31 33,0,80,,89646,9,0,31 33,0,40,,89647,9,0,31 33,0,80,,89648,9,0,31 33,0,80,,89649,9,0,31 33,0,40,,89650,9,0,31 33,0,80,,89651,9,0,31 33,0,80,,89652,9,0,31 33,0,40,,89653,9,0,31 33,0,80,,89654,9,0,31 33,0
1000000,'S2-4_1',537,,89655,9,0,31 33,0,20,,89656,9,0,31 33,0,60,,89737,9,0,31 33,0,19,,89738,9,,,0,14,,89740,9,,,0,50,,89736,9,,,0,9,,89689,9,,,0,8,,89690,9,,,0,12,,89691,9,,,0,11,,89692,9,,,0,10,,89693,9,,,0,51,,89694,9,,,0,10,,89695,9,,,0,10,,89696,9,,,0,8,,89739,9,,,0,9,,89657,9,0,31 33,0,9,,89658,9,,,0,10,,89659,9,0,31 33,0,50,,89660,9,,,0,11,,89661,9,0,31 33,0,10,,89697,9,,,0,11,,89662,9,0,31 33,0,11,,89663,9,,,0,51,,89664,9,0,31 33,0,11,,89665,9,,,0,11,,89666,9,0,31 33,0,10,,89667,9,,,0,11,,89669,9,0,31 33,0,10,,89668,9,,,0,51,,89699,9,0,31 33,0,12,,89698,9,,,0,11,,89700,9,0,31 33,0,11,,89701,9,,,0,10,,89702,9,0,31 33,0,10,,89703,9,,,0,50,,89704,9,0,31 33,0,11,,89705,9,,,0,11,,89706,9,0,31 33,0,10,,89707,9,,,0,10,,89708,9,0,31 33,0,50,,89709,9,,,0,9,,89710,9,0,31 33,0,10,,89711,9,,,0,10,,89670,9,0,31 33,0,11,,89671,9,,,0,9,,89712,9,0,31 33,0,50,,89672,9,,,0,9,,89673,9,0,31 33,0,11,,89674,9,,,0,10,,89713,9,0,31 33,0,11,,89675,9,,,0,10,,89676,9,0,31 33,0,50,,89677,9,,,0,10,,89678,9,0,31 33,0,11,,89714,9,,,0,11,,89715,9,,,0,10,,89716,9,,,0,10,,89717,9,,,0,49,,89718,9,,,0,11,,89719,9,,,0,10,,89720,9,,,0,11,,89721,9,,,0,9,,89722,9,,,0,9,,89723,9,,,0,49,,89724,9,,,0,10,,89725,9,,,0,9,,89726,9,,,0,10,,89727,9,,,0,10,,89728,9,,,0,10,,89729,9,,,0,50,,89730,9,0,31 33,0,10,,89731,9,,,0,8,,89735,9,0,31 33,0,10,,89679,9,0,31 33,0,11,,89732,9,,,0,10,,89680,9,0,31 33,0,10,,89733,9,,,0,49,,89681,9,0,31 33,0,19,,89682,9,0,31 33,0,19,,89683,9,0,31 33,0,58,,89684,9,0,31 33,0,21,,89685,9,0,31 33,0,21,,89686,9,0,31 33,0,60,,89687,9,0,31 33,0,20,,89688,9,0,31 33,0
1000000,'S2-4_2',537,,89741,9,0,31 33,0,20,,89742,9,0,31 33,0,60,,89823,9,0,31 33,0,19,,89824,9,,,0,14,,89826,9,,,0,50,,89822,9,,,0,9,,89775,9,,,0,8,,89776,9,,,0,12,,89777,9,,,0,11,,89778,9,,,0,10,,89779,9,,,0,51,,89780,9,,,0,10,,89781,9,,,0,10,,89782,9,,,0,8,,89825,9,,,0,9,,89743,9,0,31 33,0,9,,89744,9,,,0,10,,89745,9,0,31 33,0,50,,89746,9,,,0,11,,89747,9,0,31 33,0,10,,89783,9,,,0,11,,89748,9,0,31 33,0,11,,89749,9,,,0,51,,89750,9,0,31 33,0,11,,89751,9,,,0,11,,89752,9,0,31 33,0,10,,89753,9,,,0,11,,89755,9,0,31 33,0,10,,89754,9,,,0,51,,89785,9,0,31 33,0,12,,89784,9,,,0,11,,89786,9,0,31 33,0,11,,89787,9,,,0,10,,89788,9,0,31 33,0,10,,89789,9,,,0,50,,89790,9,0,31 33,0,11,,89791,9,,,0,11,,89792,9,0,31 33,0,10,,89793,9,,,0,10,,89794,9,0,31 33,0,50,,89795,9,,,0,9,,89796,9,0,31 33,0,10,,89797,9,,,0,10,,89756,9,0,31 33,0,11,,89757,9,,,0,9,,89798,9,0,31 33,0,50,,89758,9,,,0,9,,89759,9,0,31 33,0,11,,89760,9,,,0,10,,89799,9,0,31 33,0,11,,89761,9,,,0,10,,89762,9,0,31 33,0,50,,89763,9,,,0,10,,89764,9,0,31 33,0,11,,89800,9,,,0,11,,89801,9,,,0,10,,89802,9,,,0,10,,89803,9,,,0,49,,89804,9,,,0,11,,89805,9,,,0,10,,89806,9,,,0,11,,89807,9,,,0,9,,89808,9,,,0,9,,89809,9,,,0,49,,89810,9,,,0,10,,89811,9,,,0,9,,89812,9,,,0,10,,89813,9,,,0,10,,89814,9,,,0,10,,89815,9,,,0,50,,89816,9,0,31 33,0,10,,89817,9,,,0,8,,89821,9,0,31 33,0,10,,89765,9,0,31 33,0,11,,89818,9,,,0,10,,89766,9,0,31 33,0,10,,89819,9,,,0,49,,89767,9,0,31 33,0,19,,89768,9,0,31 33,0,19,,89769,9,0,31 33,0,58,,89770,9,0,31 33,0,21,,89771,9,0,31 33,0,21,,89772,9,0,31 33,0,60,,89773,9,0,31 33,0,20,,89774,9,0,31 33,0
1000000,'S2-4_4',537,,89827,9,0,31 33,0,20,,89828,9,0,31 33,0,60,,89909,9,0,31 33,0,19,,89910,9,,,0,14,,89912,9,,,0,50,,89908,9,,,0,9,,89861,9,,,0,8,,89862,9,,,0,12,,89863,9,,,0,11,,89864,9,,,0,10,,89865,9,,,0,51,,89866,9,,,0,10,,89867,9,,,0,10,,89868,9,,,0,8,,89911,9,,,0,9,,89829,9,0,31 33,0,9,,89830,9,,,0,10,,89831,9,0,31 33,0,50,,89832,9,,,0,11,,89833,9,0,31 33,0,10,,89869,9,,,0,11,,89834,9,0,31 33,0,11,,89835,9,,,0,51,,89836,9,0,31 33,0,11,,89837,9,,,0,11,,89838,9,0,31 33,0,10,,89839,9,,,0,11,,89841,9,0,31 33,0,10,,89840,9,,,0,51,,89871,9,0,31 33,0,12,,89870,9,,,0,11,,89872,9,0,31 33,0,11,,89873,9,,,0,10,,89874,9,0,31 33,0,10,,89875,9,,,0,50,,89876,9,0,31 33,0,11,,89877,9,,,0,11,,89878,9,0,31 33,0,10,,89879,9,,,0,10,,89880,9,0,31 33,0,50,,89881,9,,,0,9,,89882,9,0,31 33,0,10,,89883,9,,,0,10,,89842,9,0,31 33,0,11,,89843,9,,,0,9,,89884,9,0,31 33,0,50,,89844,9,,,0,9,,89845,9,0,31 33,0,11,,89846,9,,,0,10,,89885,9,0,31 33,0,11,,89847,9,,,0,10,,89848,9,0,31 33,0,50,,89849,9,,,0,10,,89850,9,0,31 33,0,11,,89886,9,,,0,11,,89887,9,,,0,10,,89888,9,,,0,10,,89889,9,,,0,49,,89890,9,,,0,11,,89891,9,,,0,10,,89892,9,,,0,11,,89893,9,,,0,9,,89894,9,,,0,9,,89895,9,,,0,49,,89896,9,,,0,10,,89897,9,,,0,9,,89898,9,,,0,10,,89899,9,,,0,10,,89900,9,,,0,10,,89901,9,,,0,50,,89902,9,0,31 33,0,10,,89903,9,,,0,8,,89907,9,0,31 33,0,10,,89851,9,0,31 33,0,11,,89904,9,,,0,10,,89852,9,0,31 33,0,10,,89905,9,,,0,49,,89853,9,0,31 33,0,19,,89854,9,0,31 33,0,19,,89855,9,0,31 33,0,58,,89856,9,0,31 33,0,21,,89857,9,0,31 33,0,21,,89858,9,0,31 33,0,60,,89859,9,0,31 33,0,20,,89860,9,0,31 33,0
