901,'S2-0_4',814,,86988,24,0,26,0,27,,86989,24,0,27 63,0,103,,86994,24,0,23 24,0,95,,86998,9,0,23 24,0,98,,86995,24,0,23 24,0,106,,86990,24,0,27 63,0,15,,86999,10,,,0,166,,86996,24,0,23 24,0,112,,86997,24,0,23 24,0,109,,86991,24,0,27 63,0,0,,87002,10,,,0,102,,86992,24,0,27 63,0,10,,87000,2,,,0,85,,86993,24,0,27 63,0,10,,87001,2,,,0,153,,87003,24,,,0
901,'S2-0_5',814,,87004,24,0,26,0,27,,87005,24,0,27 63,0,103,,87010,24,0,23 24,0,95,,87014,9,0,23 24,0,98,,87011,24,0,23 24,0,106,,87006,24,0,27 63,0,15,,87015,10,,,0,166,,87012,24,0,23 24,0,112,,87013,24,0,23 24,0,109,,87007,24,0,27 63,0,0,,87018,10,,,0,102,,87008,24,0,27 63,0,10,,87016,2,,,0,85,,87009,24,0,27 63,0,10,,87017,2,,,0,153,,87019,24,,,0
901,'S2-1_3',814,,87020,24,0,26,0,27,,87021,24,0,27 63,0,103,,87026,24,0,23 24,0,95,,87030,9,0,23 24,0,98,,87027,24,0,23 24,0,106,,87022,24,0,27 63,0,15,,87031,10,,,0,166,,87028,24,0,23 24,0,112,,87029,24,0,23 24,0,109,,87023,24,0,27 63,0,0,,87034,10,,,0,102,,87024,24,0,27 63,0,10,,87032,2,,,0,85,,87025,24,0,27 63,0,10,,87033,2,,,0,153,,87035,24,,,0
901,'S2-2_6',811,,87036,24,0,23 24,0,148,,87041,9,0,23 24,0,166,,87042,9,0,23 24,0,192,,87043,9,0,23 24,0,326,,87037,24,0,23 24,0,102,,87038,24,0,23 24,0,172,,87039,24,0,23 24,0,89,,87040,24,0,23 24,0
901,'S2-4_1',814,,87049,24,0,26,0,27,,87050,24,0,27 63,0,103,,87055,24,0,23 24,0,95,,87059,9,0,23 24,0,98,,87056,24,0,23 24,0,106,,87051,24,0,27 63,0,15,,87060,10,,,0,166,,87057,24,0,23 24,0,112,,87058,24,0,23 24,0,109,,87052,24,0,27 63,0,0,,87063,10,,,0,102,,87053,24,0,27 63,0,10,,87061,2,,,0,85,,87054,24,0,27 63,0,10,,87062,2,,,0,153,,87064,24,,,0
901,'S2-4_2',814,,87065,24,0,26,0,27,,87066,24,0,27 63,0,103,,87071,24,0,23 24,0,95,,87075,9,0,23 24,0,98,,87072,24,0,23 24,0,106,,87067,24,0,27 63,0,15,,87076,10,,,0,166,,87073,24,0,23 24,0,112,,87074,24,0,23 24,0,109,,87068,24,0,27 63,0,0,,87079,10,,,0,102,,87069,24,0,27 63,0,10,,87077,2,,,0,85,,87070,24,0,27 63,0,10,,87078,2,,,0,153,,87080,24,,,0
901,'S2-4_4',814,,87081,24,0,26,0,27,,87082,24,0,27 63,0,103,,87087,24,0,23 24,0,95,,87091,9,0,23 24,0,98,,87088,24,0,23 24,0,106,,87083,24,0,27 63,0,15,,87092,10,,,0,166,,87089,24,0,23 24,0,112,,87090,24,0,23 24,0,109,,87084,24,0,27 63,0,0,,87095,10,,,0,102,,87085,24,0,27 63,0,10,,87093,2,,,0,85,,87086,24,0,27 63,0,10,,87094,2,,,0,153,,87096,24,,,0
2900901,'S2-0_4',1752,,91479,7,,,0,105,,91480,7,,,0
2900901,'S2-0_5',1752,,91481,7,,,0,105,,91482,7,,,0
2900901,'S2-1_3',1752,,91483,7,,,0,105,,91484,7,,,0
2900901,'S2-4_1',1752,,91485,7,,,0,105,,91486,7,,,0
2900901,'S2-4_2',1752,,91487,7,,,0,105,,91488,7,,,0
2900901,'S2-4_4',1752,,91489,7,,,0,105,,91490,7,,,0
