1500,'S2-0_4',732,,87345,9,,,0,21,,87346,9,,,0,154,,87347,9,,,0,117,,87348,9,,,0,117,,87349,9,,,0,80,,87350,9,,,0,36,,87351,9,,,0,96,,87352,9,,,0,159,,87344,9,0,44,0,103,,87353,9,,,0,107,,87354,9,,,0,99,,87355,9,,,0,113,,87356,9,,,0
1500,'S2-0_5',732,,87358,9,,,0,21,,87359,9,,,0,154,,87360,9,,,0,117,,87361,9,,,0,117,,87362,9,,,0,80,,87363,9,,,0,36,,87364,9,,,0,96,,87365,9,,,0,159,,87357,9,0,44,0,103,,87366,9,,,0,107,,87367,9,,,0,99,,87368,9,,,0,113,,87369,9,,,0
1500,'S2-1_3',732,,87371,9,,,0,21,,87372,9,,,0,154,,87373,9,,,0,117,,87374,9,,,0,117,,87375,9,,,0,80,,87376,9,,,0,36,,87377,9,,,0,96,,87378,9,,,0,159,,87370,9,0,44,0,103,,87379,9,,,0,107,,87380,9,,,0,99,,87381,9,,,0,113,,87382,9,,,0
1500,'S2-2_6',732,,87384,9,,,0,21,,87385,9,,,0,154,,87386,9,,,0,117,,87387,9,,,0,117,,87388,9,,,0,80,,87389,9,,,0,36,,87390,9,,,0,96,,87391,9,,,0,159,,87383,9,0,44,0,103,,87392,9,,,0,107,,87393,9,,,0,99,,87394,9,,,0,113,,87395,9,,,0
1500,'S2-4_1',732,,87397,9,,,0,21,,87398,9,,,0,154,,87399,9,,,0,117,,87400,9,,,0,117,,87401,9,,,0,80,,87402,9,,,0,36,,87403,9,,,0,96,,87404,9,,,0,159,,87396,9,0,44,0,103,,87405,9,,,0,107,,87406,9,,,0,99,,87407,9,,,0,113,,87408,9,,,0
1500,'S2-4_2',732,,87410,9,,,0,21,,87411,9,,,0,154,,87412,9,,,0,117,,87413,9,,,0,117,,87414,9,,,0,80,,87415,9,,,0,36,,87416,9,,,0,96,,87417,9,,,0,159,,87409,9,0,44,0,103,,87418,9,,,0,107,,87419,9,,,0,99,,87420,9,,,0,113,,87421,9,,,0
1500,'S2-4_4',732,,87423,9,,,0,21,,87424,9,,,0,154,,87425,9,,,0,117,,87426,9,,,0,117,,87427,9,,,0,80,,87428,9,,,0,36,,87429,9,,,0,96,,87430,9,,,0,159,,87422,9,0,44,0,103,,87431,9,,,0,107,,87432,9,,,0,99,,87433,9,,,0,113,,87434,9,,,0
2000,'S2-0_4',1643,,87929,7,,,0,105,,87930,7,,,0,97,,87931,7,,,0
2000,'S2-0_5',1643,,87932,7,,,0,105,,87933,7,,,0,97,,87934,7,,,0
2000,'S2-1_3',1244,,87938,7,,,0,399,,87935,7,,,0,105,,87936,7,,,0,97,,87937,7,,,0
2000,'S2-4_1',1643,,87939,7,,,0,105,,87940,7,,,0,97,,87941,7,,,0
2000,'S2-4_2',1643,,87942,7,,,0,105,,87943,7,,,0,97,,87944,7,,,0
2000,'S2-4_4',1643,,87945,7,,,0,105,,87946,7,,,0,97,,87947,7,,,0
4000000,'S2-0_4',641,,92238,10,0,45,0,18,,92194,10,0,46,0,69,,92216,10,0,45,0,27,,92195,10,0,46,0,55,,92217,10,0,45,0,19,,92196,10,0,46,0,22,,92218,10,0,45,0,61,,92197,10,0,46,0,16,,92219,10,0,45,0,20,,92198,10,0,46,0,59,,92220,10,0,45,0,19,,92199,10,0,46,0,20,,92221,10,0,45,0,61,,92200,10,0,46,0,20,,92222,10,0,45,0,19,,92201,10,0,46,0,64,,92223,10,0,45,0,19,,92202,10,0,46,0,18,,92224,10,0,45,0,58,,92203,10,0,46,0,19,,92225,10,0,45,0,24,,92204,10,0,46,0,61,,92226,10,0,45,0,19,,92205,10,0,46,0,19,,92227,10,0,45,0,61,,92206,10,0,46,0,22,,92228,10,0,45,0,18,,92207,10,0,46,0,61,,92229,10,0,45,0,22,,92208,10,0,46,0,22,,92230,10,0,45,0,70,,92209,10,0,46,0,19,,92231,10,0,45,0,59,,92210,10,0,46,0,16,,92232,10,0,45,0,17,,92211,10,0,46,0,15,,92233,10,0,45,0,55,,92212,10,0,46,0,19,,92234,10,0,45,0,19,,92213,10,0,46,0,60,,92235,10,0,45,0,19,,92214,10,0,46,0
4000000,'S2-0_5',641,,92283,10,0,45,0,18,,92239,10,0,46,0,69,,92261,10,0,45,0,27,,92240,10,0,46,0,55,,92262,10,0,45,0,19,,92241,10,0,46,0,22,,92263,10,0,45,0,61,,92242,10,0,46,0,16,,92264,10,0,45,0,20,,92243,10,0,46,0,59,,92265,10,0,45,0,19,,92244,10,0,46,0,20,,92266,10,0,45,0,61,,92245,10,0,46,0,20,,92267,10,0,45,0,19,,92246,10,0,46,0,64,,92268,10,0,45,0,19,,92247,10,0,46,0,18,,92269,10,0,45,0,58,,92248,10,0,46,0,19,,92270,10,0,45,0,24,,92249,10,0,46,0,61,,92271,10,0,45,0,19,,92250,10,0,46,0,19,,92272,10,0,45,0,61,,92251,10,0,46,0,22,,92273,10,0,45,0,18,,92252,10,0,46,0,61,,92274,10,0,45,0,22,,92253,10,0,46,0,22,,92275,10,0,45,0,70,,92254,10,0,46,0,19,,92276,10,0,45,0,59,,92255,10,0,46,0,16,,92277,10,0,45,0,17,,92256,10,0,46,0,15,,92278,10,0,45,0,55,,92257,10,0,46,0,19,,92279,10,0,45,0,19,,92258,10,0,46,0,60,,92280,10,0,45,0,19,,92259,10,0,46,0
4000000,'S2-1_3',641,,92328,10,0,45,0,18,,92284,10,0,46,0,69,,92306,10,0,45,0,27,,92285,10,0,46,0,55,,92307,10,0,45,0,19,,92286,10,0,46,0,22,,92308,10,0,45,0,61,,92287,10,0,46,0,16,,92309,10,0,45,0,20,,92288,10,0,46,0,59,,92310,10,0,45,0,19,,92289,10,0,46,0,20,,92311,10,0,45,0,61,,92290,10,0,46,0,20,,92312,10,0,45,0,19,,92291,10,0,46,0,64,,92313,10,0,45,0,19,,92292,10,0,46,0,18,,92314,10,0,45,0,58,,92293,10,0,46,0,19,,92315,10,0,45,0,24,,92294,10,0,46,0,61,,92316,10,0,45,0,19,,92295,10,0,46,0,19,,92317,10,0,45,0,61,,92296,10,0,46,0,22,,92318,10,0,45,0,18,,92297,10,0,46,0,61,,92319,10,0,45,0,22,,92298,10,0,46,0,22,,92320,10,0,45,0,70,,92299,10,0,46,0,19,,92321,10,0,45,0,59,,92300,10,0,46,0,16,,92322,10,0,45,0,17,,92301,10,0,46,0,15,,92323,10,0,45,0,55,,92302,10,0,46,0,19,,92324,10,0,45,0,19,,92303,10,0,46,0,60,,92325,10,0,45,0,19,,92304,10,0,46,0
4000000,'S2-2_6',641,,92373,10,0,46,0,18,,92329,10,0,45,0,63,,92351,10,0,46,0,20,,92330,10,0,45,0,60,,92352,10,0,46,0,21,,92331,10,0,45,0,21,,92353,10,0,46,0,60,,92332,10,0,45,0,20,,92354,10,0,46,0,22,,92333,10,0,45,0,59,,92355,10,0,46,0,21,,92334,10,0,45,0,22,,92356,10,0,46,0,61,,92335,10,0,45,0,21,,92357,10,0,46,0,21,,92336,10,0,45,0,62,,92358,10,0,46,0,20,,92337,10,0,45,0,20,,92359,10,0,45,0,61,,92338,10,0,46,0,21,,92360,10,0,45,0,18,,92339,10,0,46,0,59,,92361,10,0,45,0,18,,92340,10,0,46,0,18,,92362,10,0,45,0,59,,92341,10,0,46,0,20,,92363,10,0,45,0,20,,92342,10,0,46,0,60,,92364,10,0,45,0,21,,92343,10,0,46,0,20,,92365,10,0,45,0,61,,92344,10,0,46,0,20,,92366,10,0,45,0,20,,92345,10,0,46,0,59,,92367,10,0,45,0,20,,92346,10,0,46,0,18,,92368,10,0,45,0,58,,92347,10,0,46,0,20,,92369,10,0,45,0,19,,92348,10,0,46,0,60,,92370,10,0,45,0,19,,92349,10,0,46,0
4000000,'S2-3_7',830,,92374,10,0,46,0,110,,92379,10,0,45,0,110,,92375,10,0,46,0,150,,92380,10,0,45,0,110,,92376,10,0,46,0,110,,92381,10,0,45,0,110,,92377,10,0,46,0,110,,92382,10,0,45,0,110,,92378,10,0,46,0,150,,92383,10,0,45,0
4000000,'S2-4_1',641,,92429,10,0,45,0,18,,92385,10,0,46,0,69,,92407,10,0,45,0,27,,92386,10,0,46,0,55,,92408,10,0,45,0,19,,92387,10,0,46,0,22,,92409,10,0,45,0,61,,92388,10,0,46,0,16,,92410,10,0,45,0,20,,92389,10,0,46,0,59,,92411,10,0,45,0,19,,92390,10,0,46,0,20,,92412,10,0,45,0,61,,92391,10,0,46,0,20,,92413,10,0,45,0,19,,92392,10,0,46,0,64,,92414,10,0,45,0,19,,92393,10,0,46,0,18,,92415,10,0,45,0,58,,92394,10,0,46,0,19,,92416,10,0,45,0,24,,92395,10,0,46,0,61,,92417,10,0,45,0,19,,92396,10,0,46,0,19,,92418,10,0,45,0,61,,92397,10,0,46,0,22,,92419,10,0,45,0,18,,92398,10,0,46,0,61,,92420,10,0,45,0,22,,92399,10,0,46,0,22,,92421,10,0,45,0,70,,92400,10,0,46,0,19,,92422,10,0,45,0,59,,92401,10,0,46,0,16,,92423,10,0,45,0,17,,92402,10,0,46,0,15,,92424,10,0,45,0,55,,92403,10,0,46,0,19,,92425,10,0,45,0,19,,92404,10,0,46,0,60,,92426,10,0,45,0,19,,92405,10,0,46,0
4000000,'S2-4_2',641,,92474,10,0,45,0,18,,92430,10,0,46,0,69,,92452,10,0,45,0,27,,92431,10,0,46,0,55,,92453,10,0,45,0,19,,92432,10,0,46,0,22,,92454,10,0,45,0,61,,92433,10,0,46,0,16,,92455,10,0,45,0,20,,92434,10,0,46,0,59,,92456,10,0,45,0,19,,92435,10,0,46,0,20,,92457,10,0,45,0,61,,92436,10,0,46,0,20,,92458,10,0,45,0,19,,92437,10,0,46,0,64,,92459,10,0,45,0,19,,92438,10,0,46,0,18,,92460,10,0,45,0,58,,92439,10,0,46,0,19,,92461,10,0,45,0,24,,92440,10,0,46,0,61,,92462,10,0,45,0,19,,92441,10,0,46,0,19,,92463,10,0,45,0,61,,92442,10,0,46,0,22,,92464,10,0,45,0,18,,92443,10,0,46,0,61,,92465,10,0,45,0,22,,92444,10,0,46,0,22,,92466,10,0,45,0,70,,92445,10,0,46,0,19,,92467,10,0,45,0,59,,92446,10,0,46,0,16,,92468,10,0,45,0,17,,92447,10,0,46,0,15,,92469,10,0,45,0,55,,92448,10,0,46,0,19,,92470,10,0,45,0,19,,92449,10,0,46,0,60,,92471,10,0,45,0,19,,92450,10,0,46,0
4000000,'S2-4_4',641,,92519,10,0,45,0,18,,92475,10,0,46,0,69,,92497,10,0,45,0,27,,92476,10,0,46,0,55,,92498,10,0,45,0,19,,92477,10,0,46,0,22,,92499,10,0,45,0,61,,92478,10,0,46,0,16,,92500,10,0,45,0,20,,92479,10,0,46,0,59,,92501,10,0,45,0,19,,92480,10,0,46,0,20,,92502,10,0,45,0,61,,92481,10,0,46,0,20,,92503,10,0,45,0,19,,92482,10,0,46,0,64,,92504,10,0,45,0,19,,92483,10,0,46,0,18,,92505,10,0,45,0,58,,92484,10,0,46,0,19,,92506,10,0,45,0,24,,92485,10,0,46,0,61,,92507,10,0,45,0,19,,92486,10,0,46,0,19,,92508,10,0,45,0,61,,92487,10,0,46,0,22,,92509,10,0,45,0,18,,92488,10,0,46,0,61,,92510,10,0,45,0,22,,92489,10,0,46,0,22,,92511,10,0,45,0,70,,92490,10,0,46,0,19,,92512,10,0,45,0,59,,92491,10,0,46,0,16,,92513,10,0,45,0,17,,92492,10,0,46,0,15,,92514,10,0,45,0,55,,92493,10,0,46,0,19,,92515,10,0,45,0,19,,92494,10,0,46,0,60,,92516,10,0,45,0,19,,92495,10,0,46,0
