1001,'S2-0_4',906,,87202,13,,,0,46,,87203,13,,,0,79,,87207,11,,,0,86,,87204,13,,,0,90,,87208,11,,,0,42,,87209,11,,,0,71,,87210,11,,,0,139,,87211,11,,,0,500,,87206,13,,,0
1001,'S2-0_5',906,,87216,13,,,0,46,,87217,13,,,0,79,,87221,11,,,0,86,,87218,13,,,0,90,,87222,11,,,0,42,,87223,11,,,0,71,,87224,11,,,0,139,,87225,11,,,0,500,,87220,13,,,0
1001,'S2-1_3',906,,87230,13,,,0,46,,87231,13,,,0,79,,87235,11,,,0,86,,87232,13,,,0,90,,87236,11,,,0,42,,87237,11,,,0,71,,87238,11,,,0,139,,87239,11,,,0,500,,87234,13,,,0
1001,'S2-2_6',906,,87243,13,,,0,101,,87250,11,,,0,102,,87244,13,,,0,100,,87251,11,,,0,45,,87252,11,,,0,164,,87247,13,,,0,38,,87253,11,,,0,395,,87245,13,,,0,107,,87246,13,,,0
1001,'S2-4_1',906,,87256,13,,,0,46,,87257,13,,,0,79,,87261,11,,,0,86,,87258,13,,,0,90,,87262,11,,,0,42,,87263,11,,,0,71,,87264,11,,,0,139,,87265,11,,,0,500,,87260,13,,,0
1001,'S2-4_2',906,,87270,13,,,0,46,,87271,13,,,0,79,,87275,11,,,0,86,,87272,13,,,0,90,,87276,11,,,0,42,,87277,11,,,0,71,,87278,11,,,0,139,,87279,11,,,0,500,,87274,13,,,0
1001,'S2-4_4',906,,87284,13,,,0,46,,87285,13,,,0,79,,87289,11,,,0,86,,87286,13,,,0,90,,87290,11,,,0,42,,87291,11,,,0,71,,87292,11,,,0,139,,87293,11,,,0,500,,87288,13,,,0
1101,'S2-0_4',1641,,87324,7,,,0,112,,87325,7,,,0,103,,87326,7,,,0
1101,'S2-0_5',1641,,87327,7,,,0,112,,87328,7,,,0,103,,87329,7,,,0
1101,'S2-1_3',1641,,87330,7,,,0,112,,87331,7,,,0,103,,87332,7,,,0
1101,'S2-2_6',1626,,87333,7,,,0,119,,87334,7,,,0
1101,'S2-4_1',1641,,87335,7,,,0,112,,87336,7,,,0,103,,87337,7,,,0
1101,'S2-4_2',1641,,87338,7,,,0,112,,87339,7,,,0,103,,87340,7,,,0
1101,'S2-4_4',1641,,87341,7,,,0,112,,87342,7,,,0,103,,87343,7,,,0
1600,'S2-0_4',912,,87527,2,0,25,0,47,,87531,2,,,0,159,,87528,2,0,25,0,127,,87533,2,,,0,62,,87534,2,0,54 55,0,112,,87529,2,,,0,191,,87530,2,0,25,0,92,,87535,2,,,0,137,,87532,2,,,0
1600,'S2-0_5',912,,87537,2,0,25,0,47,,87541,2,,,0,159,,87538,2,0,25,0,127,,87543,2,,,0,62,,87544,2,0,54 55,0,112,,87539,2,,,0,191,,87540,2,0,25,0,92,,87545,2,,,0,137,,87542,2,,,0
1600,'S2-1_3',912,,87547,2,0,25,0,47,,87551,2,,,0,159,,87548,2,0,25,0,127,,87553,2,,,0,62,,87554,2,0,54 55,0,112,,87549,2,,,0,191,,87550,2,0,25,0,92,,87555,2,,,0,137,,87552,2,,,0
1600,'S2-2_6',912,,87557,2,0,25,0,47,,87561,2,,,0,159,,87558,2,0,25,0,127,,87563,2,,,0,62,,87564,2,0,54 55,0,112,,87559,2,,,0,191,,87560,2,0,25,0,92,,87565,2,,,0,137,,87562,2,,,0
1600,'S2-4_1',912,,87567,2,0,25,0,47,,87571,2,,,0,159,,87568,2,0,25,0,127,,87573,2,,,0,62,,87574,2,0,54 55,0,112,,87569,2,,,0,191,,87570,2,0,25,0,92,,87575,2,,,0,137,,87572,2,,,0
1600,'S2-4_2',912,,87577,2,0,25,0,47,,87581,2,,,0,159,,87578,2,0,25,0,127,,87583,2,,,0,62,,87584,2,0,54 55,0,112,,87579,2,,,0,191,,87580,2,0,25,0,92,,87585,2,,,0,137,,87582,2,,,0
1600,'S2-4_4',912,,87587,2,0,25,0,47,,87591,2,,,0,159,,87588,2,0,25,0,127,,87593,2,,,0,62,,87594,2,0,54 55,0,112,,87589,2,,,0,191,,87590,2,0,25,0,92,,87595,2,,,0,137,,87592,2,,,0
