400,'S2-0_4',917,,85675,3,0,40,0,304,,85696,3,0,40,0,124,,85684,3,0,40,0,104,,85685,3,0,40,0,165,,85686,3,0,40,0,119,,85688,3,0,40,0,124,,85691,3,0,40,0
400,'S2-0_5',917,,85709,3,0,40,0,304,,85730,3,0,40,0,124,,85718,3,0,40,0,104,,85719,3,0,40,0,165,,85720,3,0,40,0,119,,85722,3,0,40,0,124,,85725,3,0,40,0
400,'S2-1_3',917,,85743,3,0,40,0,304,,85763,3,0,40,0,124,,85752,3,0,40,0,104,,85753,3,0,40,0,165,,85754,3,0,40,0,119,,85756,3,0,40,0,124,,85759,3,0,40,0
400,'S2-2_6',820,,85771,3,0,40,0,196,,85772,3,0,40,0,202,,85773,3,0,40,0,201,,85774,3,0,40,0,202,,85775,3,0,40,0,209,,85776,3,0,40,0
400,'S2-3_7',802,,85795,3,0,40,0,125,,85796,3,0,40,0,125,,85797,3,0,40,0,200,,85798,3,0,40,0,165,,85799,3,0,40,0,125,,85800,3,0,40,0,165,,85801,3,0,40,0,125,,85802,3,0,40,0
400,'S2-4_1',917,,85808,3,0,40,0,304,,85829,3,0,40,0,124,,85817,3,0,40,0,104,,85818,3,0,40,0,165,,85819,3,0,40,0,119,,85821,3,0,40,0,124,,85824,3,0,40,0
400,'S2-4_2',917,,85842,3,0,40,0,304,,85863,3,0,40,0,124,,85851,3,0,40,0,104,,85852,3,0,40,0,165,,85853,3,0,40,0,119,,85855,3,0,40,0,124,,85858,3,0,40,0
400,'S2-4_4',917,,85876,3,0,40,0,304,,85897,3,0,40,0,124,,85885,3,0,40,0,104,,85886,3,0,40,0,165,,85887,3,0,40,0,119,,85889,3,0,40,0,124,,85892,3,0,40,0
2901200,'S2-0_4',635,,91492,3,,,0,104,,91491,3,,,0
2901200,'S2-0_5',635,,91494,3,,,0,104,,91493,3,,,0
2901200,'S2-1_3',635,,91496,3,,,0,104,,91495,3,,,0
2901200,'S2-4_1',635,,91498,3,,,0,104,,91497,3,,,0
2901200,'S2-4_2',635,,91500,3,,,0,104,,91499,3,,,0
2901200,'S2-4_4',635,,91502,3,,,0,104,,91501,3,,,0
