900,'0_6',710,,66482,19,,,0,100,,66483,19,,,0,218,,66491,13,,,0,98,,66484,19,,,0,177,,66489,20,,,0,148,,66485,19,,,0,98,,66480,13,,,0,90,,66490,18,,,0,84,,66492,19,,,0,87,,66486,19,,,0,96,,66487,19,,,0
900,'5_1',710,,74317,19,,,0,100,,74318,19,,,0,218,,74326,13,,,0,98,,74319,19,,,0,177,,74324,20,,,0,148,,74320,19,,,0,98,,74315,13,,,0,90,,74325,18,,,0,84,,74327,19,,,0,87,,74321,19,,,0,96,,74322,19,,,0
900,'5_2',710,,75961,19,,,0,100,,75962,19,,,0,218,,75970,13,,,0,98,,75963,19,,,0,177,,75968,20,,,0,148,,75964,19,,,0,98,,75959,13,,,0,90,,75969,18,,,0,84,,75971,19,,,0,87,,75965,19,,,0,96,,75966,19,,,0
900,'5_3',710,,75974,19,,,0,100,,75975,19,,,0,218,,75983,13,,,0,98,,75976,19,,,0,177,,75981,20,,,0,148,,75977,19,,,0,98,,75972,13,,,0,90,,75982,18,,,0,84,,75984,19,,,0,87,,75978,19,,,0,96,,75979,19,,,0
900,'5_4',710,,75987,19,,,0,100,,75988,19,,,0,218,,75996,13,,,0,98,,75989,19,,,0,177,,75994,20,,,0,148,,75990,19,,,0,98,,75985,13,,,0,90,,75995,18,,,0,84,,75997,19,,,0,87,,75991,19,,,0,96,,75992,19,,,0
900,'5_5',710,,78172,19,,,0,100,,78173,19,,,0,218,,78181,13,,,0,98,,78174,19,,,0,177,,78179,20,,,0,148,,78175,19,,,0,98,,78170,13,,,0,90,,78180,18,,,0,84,,78182,19,,,0,87,,78176,19,,,0,96,,78177,19,,,0
1000,'0_6',702,,66740,33,,,0,104,,66741,33,,,0,103,,66742,36,,,0,105,,66750,39,,,0,43,,66753,40,,,0,154,,66743,36,,,0,110,,66754,40,,,0,96,,66744,36,,,0,95,,66755,37,,,0,98,,66751,39,,,0,95,,66745,36,,,0,35,,66746,40,,,0,111,,66748,36,,,0,95,,66752,39,,,0,99,,66749,37,,,0,102,,66747,36,,,0
1000,'1_7',1142,,66756,36,,,0,361,,66757,36,,,0,408,,66758,36,,,0,307,,66759,35,,,0
1000,'5_1',701,,74341,32,,,0,58,,74342,32,,,0,172,,74343,38,0,18 30,0,87,,74344,36,,,0,105,,74349,38,0,18 30,0,94,,74345,36,0,18 30,0,114,,74350,38,0,18 30,0,104,,74351,35,0,18 30,0,105,,74346,39,,,0,90,,74352,35,,,0,117,,74347,39,,,0,101,,74353,35,,,0,162,,74348,39,0,18 30,0
1000,'5_2',701,,76037,32,,,0,58,,76038,32,,,0,172,,76039,38,0,18 30,0,87,,76040,36,,,0,105,,76045,38,0,18 30,0,94,,76041,36,0,18 30,0,114,,76046,38,0,18 30,0,104,,76047,35,0,18 30,0,105,,76042,39,,,0,90,,76048,35,,,0,117,,76043,39,,,0,101,,76049,35,,,0,162,,76044,39,0,18 30,0
1000,'5_3',701,,76050,32,,,0,58,,76051,32,,,0,172,,76052,38,0,18 30,0,87,,76053,36,,,0,105,,76058,38,0,18 30,0,94,,76054,36,0,18 30,0,114,,76059,38,0,18 30,0,104,,76060,35,0,18 30,0,105,,76055,39,,,0,90,,76061,35,,,0,117,,76056,39,,,0,101,,76062,35,,,0,162,,76057,39,0,18 30,0
1000,'5_4',701,,76063,32,,,0,58,,76064,32,,,0,172,,76065,38,0,18 30,0,87,,76066,36,,,0,105,,76071,38,0,18 30,0,94,,76067,36,0,18 30,0,114,,76072,38,0,18 30,0,104,,76073,35,0,18 30,0,105,,76068,39,,,0,90,,76074,35,,,0,117,,76069,39,,,0,101,,76075,35,,,0,162,,76070,39,0,18 30,0
1000,'5_5',701,,78196,32,,,0,58,,78197,32,,,0,172,,78198,38,0,18 30,0,87,,78199,36,,,0,105,,78204,38,0,18 30,0,94,,78200,36,0,18 30,0,114,,78205,38,0,18 30,0,104,,78206,35,0,18 30,0,105,,78201,39,,,0,90,,78207,35,,,0,117,,78202,39,,,0,101,,78208,35,,,0,162,,78203,39,0,18 30,0
1000000,'0_6',533,,68818,7,0,31 33,0,81,,68819,7,0,31 33,0,40,,68829,7,,,0,80,,68830,7,,,0,16,,68831,7,0,31 33,0,55,,68832,7,0,31 33,0,15,,68833,7,,,0,15,,68834,7,0,31 33,0,15,,68835,7,0,31 33,0,54,,68836,7,,,0,15,,68837,7,0,31 33,0,15,,68873,7,0,31 33,0,17,,68838,7,,,0,56,,68839,7,0,31 33,0,15,,68840,7,,,0,16,,68841,7,0,31 33,0,16,,68842,7,0,31 33,0,56,,68843,7,,,0,16,,68844,7,0,31 33,0,15,,68845,7,0,31 33,0,16,,68846,7,,,0,55,,68847,7,0,31 33,0,15,,68848,7,0,31 33,0,16,,68849,7,,,0,15,,68850,7,0,31 33,0,55,,68851,7,,,0,15,,68852,7,0,31 33,0,15,,68853,7,0,31 33,0,15,,68854,7,,,0,56,,68855,7,0,31 33,0,16,,68856,7,0,31 33,0,16,,68857,7,,,0,56,,68858,7,0,31 33,0,16,,68859,7,0,31 33,0,16,,68860,7,,,0,16,,68861,7,0,31 33,0,56,,68862,7,,,0,16,,68863,7,0,31 33,0,16,,68864,7,0,31 33,0,16,,68865,7,,,0,56,,68866,7,0,31 33,0,16,,68868,7,0,31 33,0,16,,68867,7,,,0,16,,68869,7,0,31 33,0,56,,68870,7,,,0,15,,68871,7,0,31 33,0,15,,68872,7,0,31 33,0,15,,68820,7,0,31 33,0,55,,68821,7,0,31 33,0,15,,68822,7,0,31 33,0,16,,68823,7,0,31 33,0,60,,68824,7,0,31 33,0,20,,68825,7,0,31 33,0,20,,68826,7,0,31 33,0,60,,68827,7,0,31 33,0,19,,68828,7,0,31 33,0
1000000,'1_7',804,,68874,7,0,31 33,0,40,,68875,7,0,31 33,0,80,,68876,7,0,31 33,0,80,,68877,7,0,31 33,0,40,,68878,7,0,31 33,0,80,,68879,7,0,31 33,0,80,,68880,7,0,31 33,0,40,,68881,7,0,31 33,0,80,,68882,7,0,31 33,0,80,,68883,7,0,31 33,0,40,,68884,7,0,31 33,0,80,,68885,7,0,31 33,0,80,,68886,7,0,31 33,0,40,,68887,7,0,31 33,0,80,,68888,7,0,31 33,0,80,,68889,7,0,31 33,0,40,,68890,7,0,31 33,0,80,,68891,7,0,31 33,0
1000000,'5_1',538,,74535,7,0,31 33,0,20,,74536,7,0,31 33,0,60,,74537,7,0,31 33,0,19,,74538,7,,,0,15,,74564,7,,,0,54,,74553,7,,,0,14,,74588,7,,,0,13,,74574,7,,,0,15,,74579,7,,,0,55,,74589,7,,,0,14,,74566,7,,,0,15,,74576,7,0,31 33,0,15,,74581,7,,,0,55,,74549,7,0,31 33,0,15,,74552,7,,,0,15,,74583,7,0,31 33,0,16,,74582,7,,,0,56,,74571,7,0,31 33,0,15,,74541,7,,,0,16,,74567,7,0,31 33,0,16,,74550,7,,,0,56,,74568,7,0,31 33,0,16,,74562,7,,,0,16,,74559,7,0,31 33,0,16,,74557,7,,,0,56,,74573,7,0,31 33,0,15,,74543,7,,,0,16,,74539,7,0,31 33,0,15,,74585,7,,,0,55,,74565,7,0,31 33,0,15,,74542,7,,,0,16,,74560,7,0,31 33,0,15,,74580,7,,,0,54,,74558,7,0,31 33,0,14,,74555,7,,,0,14,,74554,7,0,31 33,0,14,,74563,7,,,0,54,,74572,7,0,31 33,0,14,,74575,7,,,0,14,,74590,7,,,0,14,,74591,7,,,0,54,,74586,7,,,0,14,,74592,7,,,0,15,,74578,7,,,0,15,,74593,7,,,0,55,,74546,7,,,0,15,,74594,7,,,0,15,,74545,7,,,0,15,,74595,7,,,0,55,,74587,7,,,0,15,,74556,7,0,31 33,0,15,,74540,7,0,31 33,0,15,,74551,7,,,0,55,,74547,7,0,31 33,0,19,,74561,7,0,31 33,0,20,,74548,7,0,31 33,0,61,,74544,7,0,31 33,0,20,,74577,7,0,31 33,0,21,,74569,7,0,31 33,0,61,,74570,7,0,31 33,0,20,,74584,7,0,31 33,0
1000000,'5_2',538,,76619,7,0,31 33,0,20,,76620,7,0,31 33,0,60,,76621,7,0,31 33,0,19,,76622,7,,,0,15,,76648,7,,,0,54,,76637,7,,,0,14,,76672,7,,,0,13,,76658,7,,,0,15,,76663,7,,,0,55,,76673,7,,,0,14,,76650,7,,,0,15,,76660,7,0,31 33,0,15,,76665,7,,,0,55,,76633,7,0,31 33,0,15,,76636,7,,,0,15,,76667,7,0,31 33,0,16,,76666,7,,,0,56,,76655,7,0,31 33,0,15,,76625,7,,,0,16,,76651,7,0,31 33,0,16,,76634,7,,,0,56,,76652,7,0,31 33,0,16,,76646,7,,,0,16,,76643,7,0,31 33,0,16,,76641,7,,,0,56,,76657,7,0,31 33,0,15,,76627,7,,,0,16,,76623,7,0,31 33,0,15,,76669,7,,,0,55,,76649,7,0,31 33,0,15,,76626,7,,,0,16,,76644,7,0,31 33,0,15,,76664,7,,,0,54,,76642,7,0,31 33,0,14,,76639,7,,,0,14,,76638,7,0,31 33,0,14,,76647,7,,,0,54,,76656,7,0,31 33,0,14,,76659,7,,,0,14,,76674,7,,,0,14,,76675,7,,,0,54,,76670,7,,,0,14,,76676,7,,,0,15,,76662,7,,,0,15,,76677,7,,,0,55,,76630,7,,,0,15,,76678,7,,,0,15,,76629,7,,,0,15,,76679,7,,,0,55,,76671,7,,,0,15,,76640,7,0,31 33,0,15,,76624,7,0,31 33,0,15,,76635,7,,,0,55,,76631,7,0,31 33,0,19,,76645,7,0,31 33,0,20,,76632,7,0,31 33,0,61,,76628,7,0,31 33,0,20,,76661,7,0,31 33,0,21,,76653,7,0,31 33,0,61,,76654,7,0,31 33,0,20,,76668,7,0,31 33,0
1000000,'5_3',538,,76680,7,0,31 33,0,20,,76681,7,0,31 33,0,60,,76682,7,0,31 33,0,19,,76683,7,,,0,15,,76709,7,,,0,54,,76698,7,,,0,14,,76733,7,,,0,13,,76719,7,,,0,15,,76724,7,,,0,55,,76734,7,,,0,14,,76711,7,,,0,15,,76721,7,0,31 33,0,15,,76726,7,,,0,55,,76694,7,0,31 33,0,15,,76697,7,,,0,15,,76728,7,0,31 33,0,16,,76727,7,,,0,56,,76716,7,0,31 33,0,15,,76686,7,,,0,16,,76712,7,0,31 33,0,16,,76695,7,,,0,56,,76713,7,0,31 33,0,16,,76707,7,,,0,16,,76704,7,0,31 33,0,16,,76702,7,,,0,56,,76718,7,0,31 33,0,15,,76688,7,,,0,16,,76684,7,0,31 33,0,15,,76730,7,,,0,55,,76710,7,0,31 33,0,15,,76687,7,,,0,16,,76705,7,0,31 33,0,15,,76725,7,,,0,54,,76703,7,0,31 33,0,14,,76700,7,,,0,14,,76699,7,0,31 33,0,14,,76708,7,,,0,54,,76717,7,0,31 33,0,14,,76720,7,,,0,14,,76735,7,,,0,14,,76736,7,,,0,54,,76731,7,,,0,14,,76737,7,,,0,15,,76723,7,,,0,15,,76738,7,,,0,55,,76691,7,,,0,15,,76739,7,,,0,15,,76690,7,,,0,15,,76740,7,,,0,55,,76732,7,,,0,15,,76701,7,0,31 33,0,15,,76685,7,0,31 33,0,15,,76696,7,,,0,55,,76692,7,0,31 33,0,19,,76706,7,0,31 33,0,20,,76693,7,0,31 33,0,61,,76689,7,0,31 33,0,20,,76722,7,0,31 33,0,21,,76714,7,0,31 33,0,61,,76715,7,0,31 33,0,20,,76729,7,0,31 33,0
1000000,'5_4',538,,76741,7,0,31 33,0,20,,76742,7,0,31 33,0,60,,76743,7,0,31 33,0,19,,76744,7,,,0,15,,76770,7,,,0,54,,76759,7,,,0,14,,76794,7,,,0,13,,76780,7,,,0,15,,76785,7,,,0,55,,76795,7,,,0,14,,76772,7,,,0,15,,76782,7,0,31 33,0,15,,76787,7,,,0,55,,76755,7,0,31 33,0,15,,76758,7,,,0,15,,76789,7,0,31 33,0,16,,76788,7,,,0,56,,76777,7,0,31 33,0,15,,76747,7,,,0,16,,76773,7,0,31 33,0,16,,76756,7,,,0,56,,76774,7,0,31 33,0,16,,76768,7,,,0,16,,76765,7,0,31 33,0,16,,76763,7,,,0,56,,76779,7,0,31 33,0,15,,76749,7,,,0,16,,76745,7,0,31 33,0,15,,76791,7,,,0,55,,76771,7,0,31 33,0,15,,76748,7,,,0,16,,76766,7,0,31 33,0,15,,76786,7,,,0,54,,76764,7,0,31 33,0,14,,76761,7,,,0,14,,76760,7,0,31 33,0,14,,76769,7,,,0,54,,76778,7,0,31 33,0,14,,76781,7,,,0,14,,76796,7,,,0,14,,76797,7,,,0,54,,76792,7,,,0,14,,76798,7,,,0,15,,76784,7,,,0,15,,76799,7,,,0,55,,76752,7,,,0,15,,76800,7,,,0,15,,76751,7,,,0,15,,76801,7,,,0,55,,76793,7,,,0,15,,76762,7,0,31 33,0,15,,76746,7,0,31 33,0,15,,76757,7,,,0,55,,76753,7,0,31 33,0,19,,76767,7,0,31 33,0,20,,76754,7,0,31 33,0,61,,76750,7,0,31 33,0,20,,76783,7,0,31 33,0,21,,76775,7,0,31 33,0,61,,76776,7,0,31 33,0,20,,76790,7,0,31 33,0
1000000,'5_5',538,,78391,7,0,31 33,0,20,,78392,7,0,31 33,0,60,,78393,7,0,31 33,0,19,,78394,7,,,0,15,,78420,7,,,0,54,,78409,7,,,0,14,,78444,7,,,0,13,,78430,7,,,0,15,,78435,7,,,0,55,,78445,7,,,0,14,,78422,7,,,0,15,,78432,7,0,31 33,0,15,,78437,7,,,0,55,,78405,7,0,31 33,0,15,,78408,7,,,0,15,,78439,7,0,31 33,0,16,,78438,7,,,0,56,,78427,7,0,31 33,0,15,,78397,7,,,0,16,,78423,7,0,31 33,0,16,,78406,7,,,0,56,,78424,7,0,31 33,0,16,,78418,7,,,0,16,,78415,7,0,31 33,0,16,,78413,7,,,0,56,,78429,7,0,31 33,0,15,,78399,7,,,0,16,,78395,7,0,31 33,0,15,,78441,7,,,0,55,,78421,7,0,31 33,0,15,,78398,7,,,0,16,,78416,7,0,31 33,0,15,,78436,7,,,0,54,,78414,7,0,31 33,0,14,,78411,7,,,0,14,,78410,7,0,31 33,0,14,,78419,7,,,0,54,,78428,7,0,31 33,0,14,,78431,7,,,0,14,,78446,7,,,0,14,,78447,7,,,0,54,,78442,7,,,0,14,,78448,7,,,0,15,,78434,7,,,0,15,,78449,7,,,0,55,,78402,7,,,0,15,,78450,7,,,0,15,,78401,7,,,0,15,,78451,7,,,0,55,,78443,7,,,0,15,,78412,7,0,31 33,0,15,,78396,7,0,31 33,0,15,,78407,7,,,0,55,,78403,7,0,31 33,0,19,,78417,7,0,31 33,0,20,,78404,7,0,31 33,0,61,,78400,7,0,31 33,0,20,,78433,7,0,31 33,0,21,,78425,7,0,31 33,0,61,,78426,7,0,31 33,0,20,,78440,7,0,31 33,0
