101,'S2-0_4',714,,84438,32,0,6,0,10,,84468,26,0,7,0,20,,84439,32,0,6,0,15,,84466,26,0,5,0,55,,84440,32,0,6,0,17,,84469,32,0,5,0,13,,84453,26,0,7,0,65,,84444,26,0,6,0,40,,84454,32,0,5,0,75,,84445,26,0,6,0,80,,84457,26,0,5,0,36,,84446,26,0,6,0,69,,84458,26,0,5,0,20,,84447,26,0,6,0,75,,84459,26,0,5,0,38,,84441,32,0,6,0,68,,84455,32,0,5,0,30,,84448,26,0,6,0,65,,84460,26,0,5,0,34,,84449,26,0,6,0,61,,84461,26,0,5,0,28,,84450,26,0,6,0,30,,84451,26,0,6,0,61,,84456,32,0,5,0,20,,84452,26,0,6,0,65,,84462,26,0,5,0,16,,84442,32,0,6,0,17,,84463,26,0,5,0,68,,84443,32,0,6,0,35,,84464,26,0,5,0
101,'S2-0_5',714,,84471,32,0,6,0,10,,84501,26,0,7,0,20,,84472,32,0,6,0,15,,84499,26,0,5,0,55,,84473,32,0,6,0,17,,84502,32,0,5,0,13,,84486,26,0,7,0,65,,84477,26,0,6,0,40,,84487,32,0,5,0,75,,84478,26,0,6,0,80,,84490,26,0,5,0,36,,84479,26,0,6,0,69,,84491,26,0,5,0,20,,84480,26,0,6,0,75,,84492,26,0,5,0,38,,84474,32,0,6,0,68,,84488,32,0,5,0,30,,84481,26,0,6,0,65,,84493,26,0,5,0,34,,84482,26,0,6,0,61,,84494,26,0,5,0,28,,84483,26,0,6,0,30,,84484,26,0,6,0,61,,84489,32,0,5,0,20,,84485,26,0,6,0,65,,84495,26,0,5,0,16,,84475,32,0,6,0,17,,84496,26,0,5,0,68,,84476,32,0,6,0,35,,84497,26,0,5,0
101,'S2-1_3',714,,84504,32,0,6,0,10,,84534,26,0,7,0,20,,84505,32,0,6,0,15,,84532,26,0,5,0,55,,84506,32,0,6,0,17,,84535,32,0,5,0,13,,84519,26,0,7,0,65,,84510,26,0,6,0,40,,84520,32,0,5,0,75,,84511,26,0,6,0,80,,84523,26,0,5,0,36,,84512,26,0,6,0,69,,84524,26,0,5,0,20,,84513,26,0,6,0,75,,84525,26,0,5,0,38,,84507,32,0,6,0,68,,84521,32,0,5,0,30,,84514,26,0,6,0,65,,84526,26,0,5,0,34,,84515,26,0,6,0,61,,84527,26,0,5,0,28,,84516,26,0,6,0,30,,84517,26,0,6,0,61,,84522,32,0,5,0,20,,84518,26,0,6,0,65,,84528,26,0,5,0,16,,84508,32,0,6,0,17,,84529,26,0,5,0,68,,84509,32,0,6,0,35,,84530,26,0,5,0
101,'S2-2_6',716,,84537,26,0,5,0,114,,84538,26,0,5,0,105,,84539,26,0,5,0,70,,84550,26,0,6,0,29,,84540,26,0,5,0,71,,84551,26,0,6,0,30,,84541,26,0,5,0,70,,84552,26,0,6,0,30,,84542,26,0,5,0,69,,84553,26,0,6,0,31,,84543,26,0,5,0,69,,84554,26,0,6,0,30,,84544,26,0,5,0,70,,84555,26,0,6,0,30,,84545,26,0,5,0,72,,84556,26,0,6,0,31,,84546,26,0,5,0,69,,84557,26,0,6,0,33,,84547,26,0,5,0,70,,84558,26,0,6,0,35,,84548,26,0,5,0,65,,84559,26,0,6,0,27,,84549,26,0,5,0
101,'S2-3_7',921,,84560,26,0,6,0,105,,84565,26,0,5,0,105,,84561,26,0,6,0,105,,84566,26,0,5,0,105,,84562,26,0,6,0,90,,84567,26,0,5,0,100,,84563,26,0,6,0,105,,84568,26,0,5,0,105,,84564,26,0,6,0,105,,84569,26,0,5,0
101,'S2-4_1',714,,84570,32,0,6,0,10,,84600,26,0,7,0,20,,84571,32,0,6,0,15,,84598,26,0,5,0,55,,84572,32,0,6,0,17,,84601,32,0,5,0,13,,84585,26,0,7,0,65,,84576,26,0,6,0,40,,84586,32,0,5,0,75,,84577,26,0,6,0,80,,84589,26,0,5,0,36,,84578,26,0,6,0,69,,84590,26,0,5,0,20,,84579,26,0,6,0,75,,84591,26,0,5,0,38,,84573,32,0,6,0,68,,84587,32,0,5,0,30,,84580,26,0,6,0,65,,84592,26,0,5,0,34,,84581,26,0,6,0,61,,84593,26,0,5,0,28,,84582,26,0,6,0,30,,84583,26,0,6,0,61,,84588,32,0,5,0,20,,84584,26,0,6,0,65,,84594,26,0,5,0,16,,84574,32,0,6,0,17,,84595,26,0,5,0,68,,84575,32,0,6,0,35,,84596,26,0,5,0
101,'S2-4_2',714,,84603,32,0,6,0,10,,84633,26,0,7,0,20,,84604,32,0,6,0,15,,84631,26,0,5,0,55,,84605,32,0,6,0,17,,84634,32,0,5,0,13,,84618,26,0,7,0,65,,84609,26,0,6,0,40,,84619,32,0,5,0,75,,84610,26,0,6,0,80,,84622,26,0,5,0,36,,84611,26,0,6,0,69,,84623,26,0,5,0,20,,84612,26,0,6,0,75,,84624,26,0,5,0,38,,84606,32,0,6,0,68,,84620,32,0,5,0,30,,84613,26,0,6,0,65,,84625,26,0,5,0,34,,84614,26,0,6,0,61,,84626,26,0,5,0,28,,84615,26,0,6,0,30,,84616,26,0,6,0,61,,84621,32,0,5,0,20,,84617,26,0,6,0,65,,84627,26,0,5,0,16,,84607,32,0,6,0,17,,84628,26,0,5,0,68,,84608,32,0,6,0,35,,84629,26,0,5,0
101,'S2-4_4',714,,84636,32,0,6,0,10,,84666,26,0,7,0,20,,84637,32,0,6,0,15,,84664,26,0,5,0,55,,84638,32,0,6,0,17,,84667,32,0,5,0,13,,84651,26,0,7,0,65,,84642,26,0,6,0,40,,84652,32,0,5,0,75,,84643,26,0,6,0,80,,84655,26,0,5,0,36,,84644,26,0,6,0,69,,84656,26,0,5,0,20,,84645,26,0,6,0,75,,84657,26,0,5,0,38,,84639,32,0,6,0,68,,84653,32,0,5,0,30,,84646,26,0,6,0,65,,84658,26,0,5,0,34,,84647,26,0,6,0,61,,84659,26,0,5,0,28,,84648,26,0,6,0,30,,84649,26,0,6,0,61,,84654,32,0,5,0,20,,84650,26,0,6,0,65,,84660,26,0,5,0,16,,84640,32,0,6,0,17,,84661,26,0,5,0,68,,84641,32,0,6,0,35,,84662,26,0,5,0
401,'S2-0_4',717,,85936,30,0,52,0,11,,85906,32,0,41,0,15,,85923,34,0,41,0,57,,85907,32,0,41,0,15,,85930,34,,,0,24,,85908,32,0,41,0,11,,85909,32,0,41,0,78,,85910,32,0,41,0,74,,85911,32,0,41,0,33,,85912,32,0,41,0,75,,85932,32,,,0,29,,85913,32,0,41,0,70,,85914,32,0,41,0,20,,85931,34,,,0,29,,85927,35,0,41,0,72,,85933,32,,,0,74,,85905,35,0,41,0,37,,85915,32,0,41,0,69,,85934,32,,,0,30,,85916,32,0,41,0,65,,85917,32,0,41,0,19,,85918,34,0,41,0,14,,85928,35,0,41,0,62,,85924,32,0,41,0,15,,85919,32,0,41,0,14,,85925,34,0,41,0,12,,85929,35,,,0,69,,85920,32,0,41,0,25,,85926,34,0,41,0,76,,85921,32,0,41,0,20,,85935,32,,,0
401,'S2-0_5',717,,85968,30,0,52,0,11,,85938,32,0,41,0,15,,85955,34,0,41,0,57,,85939,32,0,41,0,15,,85962,34,,,0,24,,85940,32,0,41,0,11,,85941,32,0,41,0,78,,85942,32,0,41,0,74,,85943,32,0,41,0,33,,85944,32,0,41,0,75,,85964,32,,,0,29,,85945,32,0,41,0,70,,85946,32,0,41,0,20,,85963,34,,,0,29,,85959,35,0,41,0,72,,85965,32,,,0,74,,85937,35,0,41,0,37,,85947,32,0,41,0,69,,85966,32,,,0,30,,85948,32,0,41,0,65,,85949,32,0,41,0,19,,85950,34,0,41,0,14,,85960,35,0,41,0,62,,85956,32,0,41,0,15,,85951,32,0,41,0,14,,85957,34,0,41,0,12,,85961,35,,,0,69,,85952,32,0,41,0,25,,85958,34,0,41,0,76,,85953,32,0,41,0,20,,85967,32,,,0
401,'S2-1_3',717,,86000,30,0,52,0,11,,85970,32,0,41,0,15,,85987,34,0,41,0,57,,85971,32,0,41,0,15,,85994,34,,,0,24,,85972,32,0,41,0,11,,85973,32,0,41,0,78,,85974,32,0,41,0,74,,85975,32,0,41,0,33,,85976,32,0,41,0,75,,85996,32,,,0,29,,85977,32,0,41,0,70,,85978,32,0,41,0,20,,85995,34,,,0,29,,85991,35,0,41,0,72,,85997,32,,,0,74,,85969,35,0,41,0,37,,85979,32,0,41,0,69,,85998,32,,,0,30,,85980,32,0,41,0,65,,85981,32,0,41,0,19,,85982,34,0,41,0,14,,85992,35,0,41,0,62,,85988,32,0,41,0,15,,85983,32,0,41,0,14,,85989,34,0,41,0,12,,85993,35,,,0,69,,85984,32,0,41,0,25,,85990,34,0,41,0,76,,85985,32,0,41,0,20,,85999,32,,,0
401,'S2-2_6',716,,86001,32,,,0,116,,86008,32,0,41,0,73,,86002,32,,,0,28,,86009,32,0,41,0,72,,86010,32,0,41,0,28,,86011,32,0,41,0,72,,86003,32,,,0,28,,86012,32,0,41,0,73,,86013,32,0,41,0,30,,86014,32,0,41,0,70,,86004,32,,,0,29,,86015,32,0,41,0,69,,86016,32,0,41,0,31,,86017,32,0,41,0,71,,86005,32,,,0,28,,86018,32,0,41,0,73,,86019,32,0,41,0,33,,86020,32,0,41,0,71,,86006,32,,,0,32,,86021,32,0,41,0,72,,86022,32,0,41,0,31,,86023,32,0,41,0,70,,86024,32,0,41,0,30,,86007,32,,,0
401,'S2-3_7',949,,86025,32,,,0,165,,86026,32,,,0,125,,86027,32,,,0,201,,86028,32,,,0,165,,86029,32,,,0,125,,86030,32,,,0,125,,86031,32,,,0
401,'S2-4_1',717,,86063,30,0,52,0,11,,86033,32,0,41,0,15,,86050,34,0,41,0,57,,86034,32,0,41,0,15,,86057,34,,,0,24,,86035,32,0,41,0,11,,86036,32,0,41,0,78,,86037,32,0,41,0,74,,86038,32,0,41,0,33,,86039,32,0,41,0,75,,86059,32,,,0,29,,86040,32,0,41,0,70,,86041,32,0,41,0,20,,86058,34,,,0,29,,86054,35,0,41,0,72,,86060,32,,,0,74,,86032,35,0,41,0,37,,86042,32,0,41,0,69,,86061,32,,,0,30,,86043,32,0,41,0,65,,86044,32,0,41,0,19,,86045,34,0,41,0,14,,86055,35,0,41,0,62,,86051,32,0,41,0,15,,86046,32,0,41,0,14,,86052,34,0,41,0,12,,86056,35,,,0,69,,86047,32,0,41,0,25,,86053,34,0,41,0,76,,86048,32,0,41,0,20,,86062,32,,,0
401,'S2-4_2',717,,86095,30,0,52,0,11,,86065,32,0,41,0,15,,86082,34,0,41,0,57,,86066,32,0,41,0,15,,86089,34,,,0,24,,86067,32,0,41,0,11,,86068,32,0,41,0,78,,86069,32,0,41,0,74,,86070,32,0,41,0,33,,86071,32,0,41,0,75,,86091,32,,,0,29,,86072,32,0,41,0,70,,86073,32,0,41,0,20,,86090,34,,,0,29,,86086,35,0,41,0,72,,86092,32,,,0,74,,86064,35,0,41,0,37,,86074,32,0,41,0,69,,86093,32,,,0,30,,86075,32,0,41,0,65,,86076,32,0,41,0,19,,86077,34,0,41,0,14,,86087,35,0,41,0,62,,86083,32,0,41,0,15,,86078,32,0,41,0,14,,86084,34,0,41,0,12,,86088,35,,,0,69,,86079,32,0,41,0,25,,86085,34,0,41,0,76,,86080,32,0,41,0,20,,86094,32,,,0
401,'S2-4_4',717,,86127,30,0,52,0,11,,86097,32,0,41,0,15,,86114,34,0,41,0,57,,86098,32,0,41,0,15,,86121,34,,,0,24,,86099,32,0,41,0,11,,86100,32,0,41,0,78,,86101,32,0,41,0,74,,86102,32,0,41,0,33,,86103,32,0,41,0,75,,86123,32,,,0,29,,86104,32,0,41,0,70,,86105,32,0,41,0,20,,86122,34,,,0,29,,86118,35,0,41,0,72,,86124,32,,,0,74,,86096,35,0,41,0,37,,86106,32,0,41,0,69,,86125,32,,,0,30,,86107,32,0,41,0,65,,86108,32,0,41,0,19,,86109,34,0,41,0,14,,86119,35,0,41,0,62,,86115,32,0,41,0,15,,86110,32,0,41,0,14,,86116,34,0,41,0,12,,86120,35,,,0,69,,86111,32,0,41,0,25,,86117,34,0,41,0,76,,86112,32,0,41,0,20,,86126,32,,,0
501,'S2-0_4',914,,86230,4,,,0,104,,86231,4,,,0,100,,86232,4,,,0,86,,86233,4,,,0,55,,86234,4,,,0,99,,86235,4,,,0,142,,86236,4,,,0,100,,86237,4,,,0,25,,86239,4,0,13,0,79,,86238,4,,,0,30,,86240,4,0,13,0,76,,86242,4,,,0,20,,86241,4,0,13,0,110,,86243,4,,,0
501,'S2-0_5',914,,86244,4,,,0,104,,86245,4,,,0,100,,86246,4,,,0,86,,86247,4,,,0,55,,86248,4,,,0,99,,86249,4,,,0,142,,86250,4,,,0,100,,86251,4,,,0,25,,86253,4,0,13,0,79,,86252,4,,,0,30,,86254,4,0,13,0,76,,86256,4,,,0,20,,86255,4,0,13,0,110,,86257,4,,,0
501,'S2-1_3',914,,86258,4,,,0,104,,86259,4,,,0,100,,86260,4,,,0,86,,86261,4,,,0,25,,86267,4,0,13,0,30,,86262,4,,,0,99,,86263,4,,,0,142,,86264,4,,,0,100,,86265,4,,,0,104,,86266,4,,,0,106,,86268,4,,,0,130,,86269,4,,,0
501,'S2-2_6',808,,86270,4,,,0,99,,86271,4,,,0,100,,86272,4,,,0,100,,86273,4,,,0,100,,86274,4,,,0,95,,86275,4,,,0,98,,86276,4,,,0,100,,86277,4,,,0,100,,86278,4,,,0,100,,86279,4,,,0,100,,86280,4,,,0,151,,86281,4,,,0
501,'S2-4_1',914,,86282,4,,,0,104,,86283,4,,,0,100,,86284,4,,,0,86,,86285,4,,,0,55,,86286,4,,,0,99,,86287,4,,,0,142,,86288,4,,,0,100,,86289,4,,,0,25,,86291,4,0,13,0,79,,86290,4,,,0,30,,86292,4,0,13,0,76,,86294,4,,,0,20,,86293,4,0,13,0,110,,86295,4,,,0
501,'S2-4_2',914,,86296,4,,,0,104,,86297,4,,,0,100,,86298,4,,,0,86,,86299,4,,,0,55,,86300,4,,,0,99,,86301,4,,,0,142,,86302,4,,,0,100,,86303,4,,,0,25,,86305,4,0,13,0,79,,86304,4,,,0,30,,86306,4,0,13,0,76,,86308,4,,,0,20,,86307,4,0,13,0,110,,86309,4,,,0
501,'S2-4_4',914,,86310,4,,,0,104,,86311,4,,,0,100,,86312,4,,,0,86,,86313,4,,,0,55,,86314,4,,,0,99,,86315,4,,,0,142,,86316,4,,,0,100,,86317,4,,,0,25,,86319,4,0,13,0,79,,86318,4,,,0,30,,86320,4,0,13,0,76,,86322,4,,,0,20,,86321,4,0,13,0,110,,86323,4,,,0
601,'S2-0_4',604,,86435,4,,,0,104,,86448,4,,,0,98,,86436,4,,,0,102,,86437,4,,,0,98,,86438,4,,,0,100,,86439,4,,,0,99,,86452,4,,,0,26,,86440,4,,,0,81,,86441,4,,,0,104,,86442,4,,,0,94,,86443,4,,,0,39,,86449,4,,,0,78,,86444,5,,,0,75,,86450,4,,,0,29,,86445,5,,,0,72,,86451,5,,,0,28,,86446,4,,,0,96,,86447,4,,,0
601,'S2-0_5',604,,86453,4,,,0,104,,86466,4,,,0,98,,86454,4,,,0,102,,86455,4,,,0,98,,86456,4,,,0,100,,86457,4,,,0,99,,86470,4,,,0,26,,86458,4,,,0,81,,86459,4,,,0,104,,86460,4,,,0,94,,86461,4,,,0,39,,86467,4,,,0,78,,86462,5,,,0,75,,86468,4,,,0,29,,86463,5,,,0,72,,86469,5,,,0,28,,86464,4,,,0,96,,86465,4,,,0
601,'S2-1_3',604,,86471,4,,,0,104,,86485,4,,,0,98,,86472,4,,,0,102,,86473,4,,,0,98,,86474,4,,,0,100,,86475,4,,,0,99,,86476,5,,,0,26,,86477,4,,,0,81,,86478,4,,,0,104,,86479,4,,,0,94,,86480,4,,,0,39,,86486,4,,,0,78,,86481,5,,,0,75,,86487,4,,,0,29,,86482,5,,,0,72,,86488,5,,,0,28,,86483,4,,,0,96,,86484,4,,,0
601,'S2-2_6',734,,86489,4,,,0,90,,86491,4,,,0,94,,86492,4,,,0,94,,86493,4,,,0,88,,86494,4,,,0,49,,86495,4,,,0,89,,86496,4,,,0,89,,86497,4,,,0,87,,86498,4,,,0,89,,86499,4,,,0,100,,86500,4,,,0,51,,86501,4,,,0,95,,86502,4,,,0,87,,86503,4,,,0,91,,86490,4,,,0
601,'S2-4_1',604,,86504,4,,,0,104,,86517,4,,,0,98,,86505,4,,,0,102,,86506,4,,,0,98,,86507,4,,,0,100,,86508,4,,,0,99,,86521,4,,,0,26,,86509,4,,,0,81,,86510,4,,,0,104,,86511,4,,,0,94,,86512,4,,,0,39,,86518,4,,,0,78,,86513,5,,,0,75,,86519,4,,,0,29,,86514,5,,,0,72,,86520,5,,,0,28,,86515,4,,,0,96,,86516,4,,,0
601,'S2-4_2',604,,86522,4,,,0,104,,86535,4,,,0,98,,86523,4,,,0,102,,86524,4,,,0,98,,86525,4,,,0,100,,86526,4,,,0,99,,86539,4,,,0,26,,86527,4,,,0,81,,86528,4,,,0,104,,86529,4,,,0,94,,86530,4,,,0,39,,86536,4,,,0,78,,86531,5,,,0,75,,86537,4,,,0,29,,86532,5,,,0,72,,86538,5,,,0,28,,86533,4,,,0,96,,86534,4,,,0
601,'S2-4_4',604,,86540,4,,,0,104,,86553,4,,,0,98,,86541,4,,,0,102,,86542,4,,,0,98,,86543,4,,,0,100,,86544,4,,,0,99,,86557,4,,,0,26,,86545,4,,,0,81,,86546,4,,,0,104,,86547,4,,,0,94,,86548,4,,,0,39,,86554,4,,,0,78,,86549,5,,,0,75,,86555,4,,,0,29,,86550,5,,,0,72,,86556,5,,,0,28,,86551,4,,,0,96,,86552,4,,,0
2501,'S2-0_4',715,,88245,20,,,0,30,,88246,20,,,0,86,,88247,20,,,0,77,,88248,20,,,0,36,,88249,20,,,0,112,,88250,20,,,0,166,,88251,20,,,0,120,,88252,20,,,0,117,,88253,20,,,0,157,,88254,20,,,0,104,,88255,20,,,0,95,,88256,20,,,0,117,,88257,20,,,0
2501,'S2-0_5',715,,88258,20,,,0,30,,88259,20,,,0,86,,88260,20,,,0,77,,88261,20,,,0,36,,88262,20,,,0,112,,88263,20,,,0,166,,88264,20,,,0,120,,88265,20,,,0,117,,88266,20,,,0,157,,88267,20,,,0,104,,88268,20,,,0,95,,88269,20,,,0,117,,88270,20,,,0
2501,'S2-1_3',715,,88271,20,,,0,30,,88272,20,,,0,86,,88273,20,,,0,77,,88274,20,,,0,36,,88275,20,,,0,112,,88276,20,,,0,166,,88277,20,,,0,120,,88278,20,,,0,117,,88279,20,,,0,157,,88280,20,,,0,104,,88281,20,,,0,95,,88282,20,,,0,117,,88283,20,,,0
2501,'S2-2_6',718,,88284,20,,,0,112,,88285,20,,,0,126,,88286,20,,,0,152,,88287,20,,,0,113,,88288,20,,,0,129,,88289,20,,,0,168,,88290,20,,,0,121,,88291,20,,,0,161,,88292,20,,,0,117,,88293,20,,,0
2501,'S2-4_1',715,,88294,20,,,0,30,,88295,20,,,0,86,,88296,20,,,0,77,,88297,20,,,0,36,,88298,20,,,0,112,,88299,20,,,0,166,,88300,20,,,0,120,,88301,20,,,0,117,,88302,20,,,0,157,,88303,20,,,0,104,,88304,20,,,0,95,,88305,20,,,0,117,,88306,20,,,0
2501,'S2-4_2',715,,88307,20,,,0,30,,88308,20,,,0,86,,88309,20,,,0,77,,88310,20,,,0,36,,88311,20,,,0,112,,88312,20,,,0,166,,88313,20,,,0,120,,88314,20,,,0,117,,88315,20,,,0,157,,88316,20,,,0,104,,88317,20,,,0,95,,88318,20,,,0,117,,88319,20,,,0
2501,'S2-4_4',715,,88320,20,,,0,30,,88321,20,,,0,86,,88322,20,,,0,77,,88323,20,,,0,36,,88324,20,,,0,112,,88325,20,,,0,166,,88326,20,,,0,120,,88327,20,,,0,117,,88328,20,,,0,157,,88329,20,,,0,104,,88330,20,,,0,95,,88331,20,,,0,117,,88332,20,,,0
2601,'S2-0_4',716,,88494,8,,,0,33,,88504,8,,,0,65,,88506,8,,,0,25,,88505,8,,,0,79,,88495,8,,,0,99,,88496,8,,,0,100,,88513,8,,,0,100,,88497,8,,,0,28,,88514,8,,,0,61,,88515,8,,,0,53,,88498,8,,,0,94,,88499,8,,,0,153,,88508,8,,,0,46,,88509,8,,,0,67,,88510,8,,,0,92,,88511,8,,,0,25,,88512,8,,,0,94,,88507,8,,,0
2601,'S2-0_5',716,,88518,8,,,0,33,,88528,8,,,0,65,,88530,8,,,0,25,,88529,8,,,0,79,,88519,8,,,0,99,,88520,8,,,0,100,,88537,8,,,0,100,,88521,8,,,0,28,,88538,8,,,0,61,,88539,8,,,0,53,,88522,8,,,0,94,,88523,8,,,0,153,,88532,8,,,0,46,,88533,8,,,0,67,,88534,8,,,0,92,,88535,8,,,0,25,,88536,8,,,0,94,,88531,8,,,0
2601,'S2-1_3',716,,88542,8,,,0,33,,88551,8,,,0,65,,88553,8,,,0,25,,88552,8,,,0,79,,88543,8,,,0,99,,88544,8,,,0,100,,88560,8,,,0,100,,88545,8,,,0,28,,88561,8,,,0,61,,88562,8,,,0,53,,88546,8,,,0,94,,88547,8,,,0,153,,88555,8,,,0,46,,88556,8,,,0,67,,88557,8,,,0,92,,88558,8,,,0,25,,88559,8,,,0,94,,88554,8,,,0
2601,'S2-2_6',721,,88564,8,,,0,85,,88567,8,,,0,45,,88568,8,,,0,85,,88569,8,,,0,90,,88570,8,,,0,84,,88571,8,,,0,44,,88572,8,,,0,85,,88573,8,,,0,82,,88574,8,,,0,84,,88575,8,,,0,46,,88576,8,,,0,90,,88577,8,,,0,85,,88578,8,,,0,81,,88579,8,,,0,47,,88580,8,,,0,84,,88566,8,,,0,83,,88565,8,,,0
2601,'S2-4_1',716,,88581,8,,,0,33,,88591,8,,,0,65,,88593,8,,,0,25,,88592,8,,,0,79,,88582,8,,,0,99,,88583,8,,,0,100,,88600,8,,,0,100,,88584,8,,,0,28,,88601,8,,,0,61,,88602,8,,,0,53,,88585,8,,,0,94,,88586,8,,,0,153,,88595,8,,,0,46,,88596,8,,,0,67,,88597,8,,,0,92,,88598,8,,,0,25,,88599,8,,,0,94,,88594,8,,,0
2601,'S2-4_2',716,,88605,8,,,0,33,,88615,8,,,0,65,,88617,8,,,0,25,,88616,8,,,0,79,,88606,8,,,0,99,,88607,8,,,0,100,,88624,8,,,0,100,,88608,8,,,0,28,,88625,8,,,0,61,,88626,8,,,0,53,,88609,8,,,0,94,,88610,8,,,0,153,,88619,8,,,0,46,,88620,8,,,0,67,,88621,8,,,0,92,,88622,8,,,0,25,,88623,8,,,0,94,,88618,8,,,0
2601,'S2-4_4',716,,88629,8,,,0,33,,88639,8,,,0,65,,88641,8,,,0,25,,88640,8,,,0,79,,88630,8,,,0,99,,88631,8,,,0,100,,88648,8,,,0,100,,88632,8,,,0,28,,88649,8,,,0,61,,88650,8,,,0,53,,88633,8,,,0,94,,88634,8,,,0,153,,88643,8,,,0,46,,88644,8,,,0,67,,88645,8,,,0,92,,88646,8,,,0,25,,88647,8,,,0,94,,88642,8,,,0
2000001,'S2-0_4',640,,90979,10,,,0,64,,90956,10,,,0,13,,90937,4,,,0,3,,90939,10,,,0,16,,90964,10,,,0,18,,90947,10,,,0,54,,90982,10,,,0,14,,90929,10,,,0,14,,90957,10,,,0,15,,90941,10,,,0,56,,90965,10,,,0,15,,90949,10,,,0,16,,90973,10,,,0,17,,90930,10,,,0,56,,90963,10,,,0,15,,90940,10,,,0,16,,90966,10,,,0,16,,90948,10,,,0,56,,90975,10,,,0,15,,90931,10,,,0,16,,90961,10,,,0,55,,90946,10,,,0,17,,90967,10,,,0,16,,90955,10,,,0,14,,90974,10,,,0,56,,90933,10,,,0,12,,90958,10,,,0,17,,90942,10,,,0,15,,90969,10,,,0,55,,90950,10,,,0,16,,90978,10,,,0,15,,90934,10,,,0,15,,90959,10,,,0,55,,90943,10,,,0,15,,90968,10,,,0,16,,90951,10,,,0,14,,90977,10,,,0,55,,90932,10,,,0,16,,90960,10,,,0,17,,90944,10,,,0,15,,90970,10,,,0,56,,90952,10,,,0,17,,90928,10,,,0,17,,90976,10,,,0,17,,90983,10,,,0,52,,90962,10,,,0,13,,90945,10,,,0,14,,90971,10,,,0,15,,90953,10,,,0,52,,90927,10,,,0,13,,90980,10,,,0,14,,90936,10,,,0,23,,90972,10,,,0,60,,90954,10,,,0,20,,90981,10,,,0,20,,90938,10,,,0
2000001,'S2-0_5',640,,91036,10,,,0,64,,91013,10,,,0,13,,90994,4,,,0,3,,90996,10,,,0,16,,91021,10,,,0,18,,91004,10,,,0,54,,91039,10,,,0,14,,90986,10,,,0,14,,91014,10,,,0,15,,90998,10,,,0,56,,91022,10,,,0,15,,91006,10,,,0,16,,91030,10,,,0,17,,90987,10,,,0,56,,91020,10,,,0,15,,90997,10,,,0,16,,91023,10,,,0,16,,91005,10,,,0,56,,91032,10,,,0,15,,90988,10,,,0,16,,91018,10,,,0,55,,91003,10,,,0,17,,91024,10,,,0,16,,91012,10,,,0,14,,91031,10,,,0,56,,90990,10,,,0,12,,91015,10,,,0,17,,90999,10,,,0,15,,91026,10,,,0,55,,91007,10,,,0,16,,91035,10,,,0,15,,90991,10,,,0,15,,91016,10,,,0,55,,91000,10,,,0,15,,91025,10,,,0,16,,91008,10,,,0,14,,91034,10,,,0,55,,90989,10,,,0,16,,91017,10,,,0,17,,91001,10,,,0,15,,91027,10,,,0,56,,91009,10,,,0,17,,90985,10,,,0,17,,91033,10,,,0,17,,91040,10,,,0,52,,91019,10,,,0,13,,91002,10,,,0,14,,91028,10,,,0,15,,91010,10,,,0,52,,90984,10,,,0,13,,91037,10,,,0,14,,90993,10,,,0,23,,91029,10,,,0,60,,91011,10,,,0,20,,91038,10,,,0,20,,90995,10,,,0
2000001,'S2-1_3',640,,91093,10,,,0,64,,91070,10,,,0,13,,91051,4,,,0,3,,91053,10,,,0,16,,91078,10,,,0,18,,91061,10,,,0,54,,91096,10,,,0,14,,91043,10,,,0,14,,91071,10,,,0,15,,91055,10,,,0,56,,91079,10,,,0,15,,91063,10,,,0,16,,91087,10,,,0,17,,91044,10,,,0,56,,91077,10,,,0,15,,91054,10,,,0,16,,91080,10,,,0,16,,91062,10,,,0,56,,91089,10,,,0,15,,91045,10,,,0,16,,91075,10,,,0,55,,91060,10,,,0,17,,91081,10,,,0,16,,91069,10,,,0,14,,91088,10,,,0,56,,91047,10,,,0,12,,91072,10,,,0,17,,91056,10,,,0,15,,91083,10,,,0,55,,91064,10,,,0,16,,91092,10,,,0,15,,91048,10,,,0,15,,91073,10,,,0,55,,91057,10,,,0,15,,91082,10,,,0,16,,91065,10,,,0,14,,91091,10,,,0,55,,91046,10,,,0,16,,91074,10,,,0,17,,91058,10,,,0,15,,91084,10,,,0,56,,91066,10,,,0,17,,91042,10,,,0,17,,91090,10,,,0,17,,91097,10,,,0,52,,91076,10,,,0,13,,91059,10,,,0,14,,91085,10,,,0,15,,91067,10,,,0,52,,91041,10,,,0,13,,91094,10,,,0,14,,91050,10,,,0,23,,91086,10,,,0,60,,91068,10,,,0,20,,91095,10,,,0,20,,91052,10,,,0
2000001,'S2-2_6',644,,91098,10,,,0,80,,91099,10,,,0,79,,91100,10,,,0,30,,91138,10,,,0,21,,91102,10,,,0,60,,91101,10,,,0,20,,91103,10,,,0,20,,91104,10,,,0,59,,91106,10,,,0,18,,91105,10,,,0,20,,91111,10,,,0,60,,91109,10,,,0,17,,91113,10,,,0,19,,91107,10,,,0,59,,91112,10,,,0,21,,91108,10,,,0,17,,91110,10,,,0,58,,91119,10,,,0,18,,91116,10,,,0,20,,91117,10,,,0,60,,91118,10,,,0,18,,91115,10,,,0,17,,91114,10,,,0,19,,91120,10,,,0,61,,91121,10,,,0,20,,91123,10,,,0,19,,91122,10,,,0,60,,91124,10,,,0,20,,91125,10,,,0,21,,91126,10,,,0,60,,91128,10,,,0,19,,91127,10,,,0,19,,91129,10,,,0,59,,91130,10,,,0,19,,91131,10,,,0,19,,91132,10,,,0,57,,91133,10,,,0,19,,91134,10,,,0,23,,91135,10,,,0,64,,91136,10,,,0,23,,91137,10,,,0
2000001,'S2-3_7',815,,91156,10,,,0,40,,91139,10,,,0,80,,91140,10,,,0,80,,91141,10,,,0,40,,91142,10,,,0,80,,91143,10,,,0,80,,91144,10,,,0,40,,91145,10,,,0,80,,91147,10,,,0,80,,91146,10,,,0,40,,91148,10,,,0,80,,91149,10,,,0,80,,91150,10,,,0,40,,91151,10,,,0,80,,91153,10,,,0,80,,91152,10,,,0,40,,91154,10,,,0,80,,91155,10,,,0
2000001,'S2-4_1',640,,91209,10,,,0,64,,91186,10,,,0,13,,91167,4,,,0,3,,91169,10,,,0,16,,91194,10,,,0,18,,91177,10,,,0,54,,91212,10,,,0,14,,91159,10,,,0,14,,91187,10,,,0,15,,91171,10,,,0,56,,91195,10,,,0,15,,91179,10,,,0,16,,91203,10,,,0,17,,91160,10,,,0,56,,91193,10,,,0,15,,91170,10,,,0,16,,91196,10,,,0,16,,91178,10,,,0,56,,91205,10,,,0,15,,91161,10,,,0,16,,91191,10,,,0,55,,91176,10,,,0,17,,91197,10,,,0,16,,91185,10,,,0,14,,91204,10,,,0,56,,91163,10,,,0,12,,91188,10,,,0,17,,91172,10,,,0,15,,91199,10,,,0,55,,91180,10,,,0,16,,91208,10,,,0,15,,91164,10,,,0,15,,91189,10,,,0,55,,91173,10,,,0,15,,91198,10,,,0,16,,91181,10,,,0,14,,91207,10,,,0,55,,91162,10,,,0,16,,91190,10,,,0,17,,91174,10,,,0,15,,91200,10,,,0,56,,91182,10,,,0,17,,91158,10,,,0,17,,91206,10,,,0,17,,91213,10,,,0,52,,91192,10,,,0,13,,91175,10,,,0,14,,91201,10,,,0,15,,91183,10,,,0,52,,91157,10,,,0,13,,91210,10,,,0,14,,91166,10,,,0,23,,91202,10,,,0,60,,91184,10,,,0,20,,91211,10,,,0,20,,91168,10,,,0
2000001,'S2-4_2',640,,91266,10,,,0,64,,91243,10,,,0,13,,91224,4,,,0,3,,91226,10,,,0,16,,91251,10,,,0,18,,91234,10,,,0,54,,91269,10,,,0,14,,91216,10,,,0,14,,91244,10,,,0,15,,91228,10,,,0,56,,91252,10,,,0,15,,91236,10,,,0,16,,91260,10,,,0,17,,91217,10,,,0,56,,91250,10,,,0,15,,91227,10,,,0,16,,91253,10,,,0,16,,91235,10,,,0,56,,91262,10,,,0,15,,91218,10,,,0,16,,91248,10,,,0,55,,91233,10,,,0,17,,91254,10,,,0,16,,91242,10,,,0,14,,91261,10,,,0,56,,91220,10,,,0,12,,91245,10,,,0,17,,91229,10,,,0,15,,91256,10,,,0,55,,91237,10,,,0,16,,91265,10,,,0,15,,91221,10,,,0,15,,91246,10,,,0,55,,91230,10,,,0,15,,91255,10,,,0,16,,91238,10,,,0,14,,91264,10,,,0,55,,91219,10,,,0,16,,91247,10,,,0,17,,91231,10,,,0,15,,91257,10,,,0,56,,91239,10,,,0,17,,91215,10,,,0,17,,91263,10,,,0,17,,91270,10,,,0,52,,91249,10,,,0,13,,91232,10,,,0,14,,91258,10,,,0,15,,91240,10,,,0,52,,91214,10,,,0,13,,91267,10,,,0,14,,91223,10,,,0,23,,91259,10,,,0,60,,91241,10,,,0,20,,91268,10,,,0,20,,91225,10,,,0
2000001,'S2-4_4',640,,91323,10,,,0,64,,91300,10,,,0,13,,91281,4,,,0,3,,91283,10,,,0,16,,91308,10,,,0,18,,91291,10,,,0,54,,91326,10,,,0,14,,91273,10,,,0,14,,91301,10,,,0,15,,91285,10,,,0,56,,91309,10,,,0,15,,91293,10,,,0,16,,91317,10,,,0,17,,91274,10,,,0,56,,91307,10,,,0,15,,91284,10,,,0,16,,91310,10,,,0,16,,91292,10,,,0,56,,91319,10,,,0,15,,91275,10,,,0,16,,91305,10,,,0,55,,91290,10,,,0,17,,91311,10,,,0,16,,91299,10,,,0,14,,91318,10,,,0,56,,91277,10,,,0,12,,91302,10,,,0,17,,91286,10,,,0,15,,91313,10,,,0,55,,91294,10,,,0,16,,91322,10,,,0,15,,91278,10,,,0,15,,91303,10,,,0,55,,91287,10,,,0,15,,91312,10,,,0,16,,91295,10,,,0,14,,91321,10,,,0,55,,91276,10,,,0,16,,91304,10,,,0,17,,91288,10,,,0,15,,91314,10,,,0,56,,91296,10,,,0,17,,91272,10,,,0,17,,91320,10,,,0,17,,91327,10,,,0,52,,91306,10,,,0,13,,91289,10,,,0,14,,91315,10,,,0,15,,91297,10,,,0,52,,91271,10,,,0,13,,91324,10,,,0,14,,91280,10,,,0,23,,91316,10,,,0,60,,91298,10,,,0,20,,91325,10,,,0,20,,91282,10,,,0
3000001,'S2-0_4',653,,91893,17,,,0,60,,91852,17,,,0,20,,91853,17,,,0,22,,91854,17,,,0,60,,91855,17,,,0,20,,91856,17,,,0,20,,91857,17,,,0,60,,91858,17,,,0,20,,91859,17,,,0,20,,91860,17,,,0,60,,91861,17,,,0,20,,91862,17,,,0,20,,91863,17,,,0,59,,91864,17,,,0,19,,91865,17,,,0,21,,91866,17,,,0,60,,91867,17,,,0,21,,91868,17,,,0,20,,91869,17,,,0,59,,91870,17,,,0,20,,91871,17,,,0,20,,91872,17,,,0,61,,91873,17,,,0,20,,91874,17,,,0,20,,91875,17,,,0,61,,91876,17,,,0,22,,91877,17,,,0,20,,91878,17,,,0,60,,91879,17,,,0,19,,91880,17,,,0,63,,91881,17,,,0,22,,91882,17,,,0,19,,91883,17,,,0,59,,91884,17,,,0,16,,91885,17,,,0,18,,91886,17,,,0,22,,91887,17,,,0,60,,91888,17,,,0,22,,91889,17,,,0,66,,91890,17,,,0,28,,91891,17,,,0,71,,91892,17,,,0
3000001,'S2-0_5',653,,91942,17,,,0,60,,91901,17,,,0,20,,91902,17,,,0,22,,91903,17,,,0,60,,91904,17,,,0,20,,91905,17,,,0,20,,91906,17,,,0,60,,91907,17,,,0,20,,91908,17,,,0,20,,91909,17,,,0,60,,91910,17,,,0,20,,91911,17,,,0,20,,91912,17,,,0,59,,91913,17,,,0,19,,91914,17,,,0,21,,91915,17,,,0,60,,91916,17,,,0,21,,91917,17,,,0,20,,91918,17,,,0,59,,91919,17,,,0,20,,91920,17,,,0,20,,91921,17,,,0,61,,91922,17,,,0,20,,91923,17,,,0,20,,91924,17,,,0,61,,91925,17,,,0,22,,91926,17,,,0,20,,91927,17,,,0,60,,91928,17,,,0,19,,91929,17,,,0,63,,91930,17,,,0,22,,91931,17,,,0,19,,91932,17,,,0,59,,91933,17,,,0,16,,91934,17,,,0,18,,91935,17,,,0,22,,91936,17,,,0,60,,91937,17,,,0,22,,91938,17,,,0,66,,91939,17,,,0,28,,91940,17,,,0,71,,91941,17,,,0
3000001,'S2-1_3',653,,91991,17,,,0,60,,91950,17,,,0,20,,91951,17,,,0,22,,91952,17,,,0,60,,91953,17,,,0,20,,91954,17,,,0,20,,91955,17,,,0,60,,91956,17,,,0,20,,91957,17,,,0,20,,91958,17,,,0,60,,91959,17,,,0,20,,91960,17,,,0,20,,91961,17,,,0,59,,91962,17,,,0,19,,91963,17,,,0,21,,91964,17,,,0,60,,91965,17,,,0,21,,91966,17,,,0,20,,91967,17,,,0,59,,91968,17,,,0,20,,91969,17,,,0,20,,91970,17,,,0,61,,91971,17,,,0,20,,91972,17,,,0,20,,91973,17,,,0,61,,91974,17,,,0,22,,91975,17,,,0,20,,91976,17,,,0,60,,91977,17,,,0,19,,91978,17,,,0,63,,91979,17,,,0,22,,91980,17,,,0,19,,91981,17,,,0,59,,91982,17,,,0,16,,91983,17,,,0,18,,91984,17,,,0,22,,91985,17,,,0,60,,91986,17,,,0,22,,91987,17,,,0,66,,91988,17,,,0,28,,91989,17,,,0,71,,91990,17,,,0
3000001,'S2-2_6',646,,91999,17,,,0,81,,92000,17,,,0,84,,92001,17,,,0,37,,92002,17,,,0,61,,92003,17,,,0,19,,92004,17,,,0,21,,92005,17,,,0,60,,92006,17,,,0,20,,92007,17,,,0,20,,92008,17,,,0,60,,92009,17,,,0,19,,92010,17,,,0,21,,92011,17,,,0,61,,92012,17,,,0,19,,92013,17,,,0,19,,92014,17,,,0,60,,92015,17,,,0,20,,92016,17,,,0,20,,92017,17,,,0,61,,92018,17,,,0,20,,92019,17,,,0,20,,92020,17,,,0,61,,92021,17,,,0,20,,92022,17,,,0,20,,92023,17,,,0,60,,92024,17,,,0,20,,92025,17,,,0,21,,92026,17,,,0,60,,92027,17,,,0,20,,92028,17,,,0,19,,92029,17,,,0,59,,92030,17,,,0,20,,92031,17,,,0,20,,92032,17,,,0,58,,92033,17,,,0,32,,92035,17,,,0,67,,92036,17,,,0,30,,92034,17,,,0,69,,92037,17,,,0
3000001,'S2-3_7',852,,92038,17,,,0,170,,92046,17,,,0,130,,92045,17,,,0,170,,92044,17,,,0,130,,92041,17,,,0,170,,92042,17,,,0,130,,92043,17,,,0,170,,92040,17,,,0,130,,92039,17,,,0
3000001,'S2-4_1',653,,92088,17,,,0,60,,92047,17,,,0,20,,92048,17,,,0,22,,92049,17,,,0,60,,92050,17,,,0,20,,92051,17,,,0,20,,92052,17,,,0,60,,92053,17,,,0,20,,92054,17,,,0,20,,92055,17,,,0,60,,92056,17,,,0,20,,92057,17,,,0,20,,92058,17,,,0,59,,92059,17,,,0,19,,92060,17,,,0,21,,92061,17,,,0,60,,92062,17,,,0,21,,92063,17,,,0,20,,92064,17,,,0,59,,92065,17,,,0,20,,92066,17,,,0,20,,92067,17,,,0,61,,92068,17,,,0,20,,92069,17,,,0,20,,92070,17,,,0,61,,92071,17,,,0,22,,92072,17,,,0,20,,92073,17,,,0,60,,92074,17,,,0,19,,92075,17,,,0,63,,92076,17,,,0,22,,92077,17,,,0,19,,92078,17,,,0,59,,92079,17,,,0,16,,92080,17,,,0,18,,92081,17,,,0,22,,92082,17,,,0,60,,92083,17,,,0,22,,92084,17,,,0,66,,92085,17,,,0,28,,92086,17,,,0,71,,92087,17,,,0
3000001,'S2-4_2',653,,92137,17,,,0,60,,92096,17,,,0,20,,92097,17,,,0,22,,92098,17,,,0,60,,92099,17,,,0,20,,92100,17,,,0,20,,92101,17,,,0,60,,92102,17,,,0,20,,92103,17,,,0,20,,92104,17,,,0,60,,92105,17,,,0,20,,92106,17,,,0,20,,92107,17,,,0,59,,92108,17,,,0,19,,92109,17,,,0,21,,92110,17,,,0,60,,92111,17,,,0,21,,92112,17,,,0,20,,92113,17,,,0,59,,92114,17,,,0,20,,92115,17,,,0,20,,92116,17,,,0,61,,92117,17,,,0,20,,92118,17,,,0,20,,92119,17,,,0,61,,92120,17,,,0,22,,92121,17,,,0,20,,92122,17,,,0,60,,92123,17,,,0,19,,92124,17,,,0,63,,92125,17,,,0,22,,92126,17,,,0,19,,92127,17,,,0,59,,92128,17,,,0,16,,92129,17,,,0,18,,92130,17,,,0,22,,92131,17,,,0,60,,92132,17,,,0,22,,92133,17,,,0,66,,92134,17,,,0,28,,92135,17,,,0,71,,92136,17,,,0
3000001,'S2-4_4',653,,92186,17,,,0,60,,92145,17,,,0,20,,92146,17,,,0,22,,92147,17,,,0,60,,92148,17,,,0,20,,92149,17,,,0,20,,92150,17,,,0,60,,92151,17,,,0,20,,92152,17,,,0,20,,92153,17,,,0,60,,92154,17,,,0,20,,92155,17,,,0,20,,92156,17,,,0,59,,92157,17,,,0,19,,92158,17,,,0,21,,92159,17,,,0,60,,92160,17,,,0,21,,92161,17,,,0,20,,92162,17,,,0,59,,92163,17,,,0,20,,92164,17,,,0,20,,92165,17,,,0,61,,92166,17,,,0,20,,92167,17,,,0,20,,92168,17,,,0,61,,92169,17,,,0,22,,92170,17,,,0,20,,92171,17,,,0,60,,92172,17,,,0,19,,92173,17,,,0,63,,92174,17,,,0,22,,92175,17,,,0,19,,92176,17,,,0,59,,92177,17,,,0,16,,92178,17,,,0,18,,92179,17,,,0,22,,92180,17,,,0,60,,92181,17,,,0,22,,92182,17,,,0,66,,92183,17,,,0,28,,92184,17,,,0,71,,92185,17,,,0
