401,'S2-0_4',852,,85930,58,,,0,297,,85932,56,,,0,157,,85931,58,,,0,101,,85933,56,,,0,140,,85934,56,,,0,275,,85929,59,,,0,185,,85935,56,,,0
401,'S2-0_5',852,,85962,58,,,0,297,,85964,56,,,0,157,,85963,58,,,0,101,,85965,56,,,0,140,,85966,56,,,0,275,,85961,59,,,0,185,,85967,56,,,0
401,'S2-1_3',852,,85994,58,,,0,297,,85996,56,,,0,157,,85995,58,,,0,101,,85997,56,,,0,140,,85998,56,,,0,275,,85993,59,,,0,185,,85999,56,,,0
401,'S2-2_6',751,,86001,56,,,0,189,,86002,56,,,0,202,,86003,56,,,0,201,,86004,56,,,0,199,,86005,56,,,0,206,,86006,56,,,0,272,,86007,56,,,0
401,'S2-3_7',1022,,86025,56,,,0,125,,86026,56,,,0,166,,86027,56,,,0,200,,86028,56,,,0,125,,86029,56,,,0,165,,86030,56,,,0,125,,86031,56,,,0
401,'S2-4_1',852,,86057,58,,,0,297,,86059,56,,,0,157,,86058,58,,,0,101,,86060,56,,,0,140,,86061,56,,,0,275,,86056,59,,,0,185,,86062,56,,,0
401,'S2-4_2',852,,86089,58,,,0,297,,86091,56,,,0,157,,86090,58,,,0,101,,86092,56,,,0,140,,86093,56,,,0,275,,86088,59,,,0,185,,86094,56,,,0
401,'S2-4_4',852,,86121,58,,,0,297,,86123,56,,,0,157,,86122,58,,,0,101,,86124,56,,,0,140,,86125,56,,,0,275,,86120,59,,,0,185,,86126,56,,,0
2901201,'S2-0_4',1704,,91504,10,,,0,105,,91505,10,,,0,100,,91503,10,,,0
2901201,'S2-0_5',1704,,91507,10,,,0,105,,91508,10,,,0,100,,91506,10,,,0
2901201,'S2-1_3',1309,,91510,10,,,0,395,,91511,10,,,0,105,,91512,10,,,0,100,,91509,10,,,0
2901201,'S2-4_1',1704,,91514,10,,,0,105,,91515,10,,,0,100,,91513,10,,,0
2901201,'S2-4_2',1704,,91517,10,,,0,105,,91518,10,,,0,100,,91516,10,,,0
2901201,'S2-4_4',1704,,91520,10,,,0,105,,91521,10,,,0,100,,91519,10,,,0
