300,'S2-0_4',731,,85225,36,4,,0,25,,85226,36,4,,0,70,,85227,36,4,,0,24,,85228,36,4,,0,65,,85229,36,4,,0,30,,85230,36,4,,0,72,,85231,36,4,,0,32,,85232,36,4,,0,71,,85233,36,4,,0,32,,85234,36,4,,0,72,,85235,36,4,,0,30,,85236,36,4,,0,74,,85237,36,4,,0,73,,85238,36,4,,0,32,,85239,36,4,,0,73,,85240,36,4,,0,32,,85241,36,4,,0,74,,85242,36,4,,0,29,,85244,36,4,,0,68,,85245,36,4,,0,28,,85246,36,4,,0,67,,85247,36,4,,0,28,,85248,36,4,,0,69,,85252,36,4,,0,31,,85249,36,4,,0,70,,85250,36,4,,0,33,,85251,36,4,,0,70,,85243,36,4,,0
300,'S2-0_5',731,,85253,36,4,,0,25,,85254,36,4,,0,70,,85255,36,4,,0,24,,85256,36,4,,0,65,,85257,36,4,,0,30,,85258,36,4,,0,72,,85259,36,4,,0,32,,85260,36,4,,0,71,,85261,36,4,,0,32,,85262,36,4,,0,72,,85263,36,4,,0,30,,85264,36,4,,0,74,,85265,36,4,,0,73,,85266,36,4,,0,32,,85267,36,4,,0,73,,85268,36,4,,0,32,,85269,36,4,,0,74,,85270,36,4,,0,29,,85272,36,4,,0,68,,85273,36,4,,0,28,,85274,36,4,,0,67,,85275,36,4,,0,28,,85276,36,4,,0,69,,85280,36,4,,0,31,,85277,36,4,,0,70,,85278,36,4,,0,33,,85279,36,4,,0,70,,85271,36,4,,0
300,'S2-1_3',731,,85281,36,4,,0,25,,85282,36,4,,0,70,,85283,36,4,,0,24,,85284,36,4,,0,65,,85285,36,4,,0,30,,85286,36,4,,0,72,,85287,36,4,,0,32,,85288,36,4,,0,71,,85289,36,4,,0,32,,85290,36,4,,0,72,,85291,36,4,,0,30,,85292,36,4,,0,74,,85293,36,4,,0,73,,85294,36,4,,0,32,,85295,36,4,,0,73,,85296,36,4,,0,32,,85297,36,4,,0,74,,85298,36,4,,0,29,,85300,36,4,,0,68,,85301,36,4,,0,28,,85302,36,4,,0,67,,85303,36,4,,0,28,,85304,36,4,,0,69,,85308,36,4,,0,31,,85305,36,4,,0,70,,85306,36,4,,0,33,,85307,36,4,,0,70,,85299,36,4,,0
300,'S2-2_6',726,,85309,36,4,,0,30,,85311,36,4,,0,70,,85312,36,4,,0,30,,85310,36,4,,0,70,,85314,36,4,,0,30,,85315,36,4,,0,69,,85313,36,4,,0,31,,85316,36,4,,0,70,,85317,36,4,,0,30,,85320,36,4,,0,69,,85319,36,4,,0,29,,85318,36,4,,0,68,,85322,36,4,,0,30,,85321,36,4,,0,70,,85323,36,4,,0,30,,85324,36,4,,0,72,,85325,36,4,,0,32,,85326,36,4,,0,71,,85327,36,4,,0,31,,85328,36,4,,0,72,,85329,36,4,,0,72,,85330,36,4,,0,30,,85331,36,4,,0,71,,85336,36,4,,0,29,,85332,36,4,,0,70,,85333,36,4,,0,24,,85334,36,4,,0,30,,85335,36,4,,0
300,'S2-3_7',931,,85359,36,4,,0,73,,85360,36,4,,0,35,,85361,36,4,,0,74,,85362,36,4,,0,32,,85353,36,4,,0,72,,85358,36,4,,0,33,,85357,36,4,,0,72,,85356,36,4,,0,33,,85355,36,4,,0,72,,85337,36,4,,0,28,,85338,36,4,,0,70,,85339,36,4,,0,28,,85340,36,4,,0,68,,85341,36,4,,0,32,,85342,36,4,,0,72,,85343,36,4,,0,28,,85344,36,4,,0,67,,85345,36,4,,0,28,,85346,36,4,,0,69,,85347,36,4,,0,25,,85348,36,4,,0,65,,85349,36,4,,0,25,,85350,36,4,,0,23,,85351,36,4,,0,64,,85354,36,4,,0,23,,85352,36,4,,0
300,'S2-4_1',731,,85363,36,4,,0,25,,85364,36,4,,0,70,,85365,36,4,,0,24,,85366,36,4,,0,65,,85367,36,4,,0,30,,85368,36,4,,0,72,,85369,36,4,,0,32,,85370,36,4,,0,71,,85371,36,4,,0,32,,85372,36,4,,0,72,,85373,36,4,,0,30,,85374,36,4,,0,74,,85375,36,4,,0,73,,85376,36,4,,0,32,,85377,36,4,,0,73,,85378,36,4,,0,32,,85379,36,4,,0,74,,85380,36,4,,0,29,,85382,36,4,,0,68,,85383,36,4,,0,28,,85384,36,4,,0,67,,85385,36,4,,0,28,,85386,36,4,,0,69,,85390,36,4,,0,31,,85387,36,4,,0,70,,85388,36,4,,0,33,,85389,36,4,,0,70,,85381,36,4,,0
300,'S2-4_2',731,,85391,36,4,,0,25,,85392,36,4,,0,70,,85393,36,4,,0,24,,85394,36,4,,0,65,,85395,36,4,,0,30,,85396,36,4,,0,72,,85397,36,4,,0,32,,85398,36,4,,0,71,,85399,36,4,,0,32,,85400,36,4,,0,72,,85401,36,4,,0,30,,85402,36,4,,0,74,,85403,36,4,,0,73,,85404,36,4,,0,32,,85405,36,4,,0,73,,85406,36,4,,0,32,,85407,36,4,,0,74,,85408,36,4,,0,29,,85410,36,4,,0,68,,85411,36,4,,0,28,,85412,36,4,,0,67,,85413,36,4,,0,28,,85414,36,4,,0,69,,85418,36,4,,0,31,,85415,36,4,,0,70,,85416,36,4,,0,33,,85417,36,4,,0,70,,85409,36,4,,0
300,'S2-4_4',731,,85419,36,4,,0,25,,85420,36,4,,0,70,,85421,36,4,,0,24,,85422,36,4,,0,65,,85423,36,4,,0,30,,85424,36,4,,0,72,,85425,36,4,,0,32,,85426,36,4,,0,71,,85427,36,4,,0,32,,85428,36,4,,0,72,,85429,36,4,,0,30,,85430,36,4,,0,74,,85431,36,4,,0,73,,85432,36,4,,0,32,,85433,36,4,,0,73,,85434,36,4,,0,32,,85435,36,4,,0,74,,85436,36,4,,0,29,,85438,36,4,,0,68,,85439,36,4,,0,28,,85440,36,4,,0,67,,85441,36,4,,0,28,,85442,36,4,,0,69,,85446,36,4,,0,31,,85443,36,4,,0,70,,85444,36,4,,0,33,,85445,36,4,,0,70,,85437,36,4,,0
400,'S2-0_4',727,,85693,22,0,43,0,15,,85701,22,0,40,0,15,,85670,22,0,40,0,54,,85671,22,0,40,0,15,,85695,22,0,40,0,15,,85672,22,0,40,0,13,,85673,22,0,40,0,72,,85674,22,0,40,0,78,,85675,34,0,40,0,31,,85676,22,0,40,0,71,,85677,22,0,40,0,36,,85678,22,0,40,0,76,,85679,22,0,40,0,23,,85699,22,,,0,65,,85696,34,0,40,0,29,,85680,22,0,40,0,67,,85681,22,0,40,0,30,,85684,34,0,40,0,75,,85682,22,0,40,0,29,,85685,34,0,40,0,76,,85683,22,0,40,0,28,,85702,22,0,40,0,67,,85686,34,0,40,0,5,,85697,6,0,40,0,15,,85687,22,0,40,0,15,,85703,22,,,0,14,,85689,22,0,40,0,65,,85692,6,0,40,0,20,,85700,22,,,0,75,,85690,22,0,40,0,24,,85691,34,0,40,0
400,'S2-0_5',727,,85727,22,0,43,0,15,,85735,22,0,40,0,15,,85704,22,0,40,0,54,,85705,22,0,40,0,15,,85729,22,0,40,0,15,,85706,22,0,40,0,13,,85707,22,0,40,0,72,,85708,22,0,40,0,78,,85709,34,0,40,0,31,,85710,22,0,40,0,71,,85711,22,0,40,0,36,,85712,22,0,40,0,76,,85713,22,0,40,0,23,,85733,22,,,0,65,,85730,34,0,40,0,29,,85714,22,0,40,0,67,,85715,22,0,40,0,30,,85718,34,0,40,0,75,,85716,22,0,40,0,29,,85719,34,0,40,0,76,,85717,22,0,40,0,28,,85736,22,0,40,0,67,,85720,34,0,40,0,5,,85731,6,0,40,0,15,,85721,22,0,40,0,15,,85737,22,,,0,14,,85723,22,0,40,0,65,,85726,6,0,40,0,20,,85734,22,,,0,75,,85724,22,0,40,0,24,,85725,34,0,40,0
400,'S2-1_3',727,,85760,22,0,43,0,15,,85768,22,0,40,0,15,,85738,22,0,40,0,54,,85739,22,0,40,0,15,,85762,22,0,40,0,15,,85740,22,0,40,0,13,,85741,22,0,40,0,72,,85742,22,0,40,0,78,,85743,34,0,40,0,31,,85744,22,0,40,0,71,,85745,22,0,40,0,36,,85746,22,0,40,0,76,,85747,22,0,40,0,23,,85766,22,,,0,65,,85763,34,0,40,0,29,,85748,22,0,40,0,67,,85749,22,0,40,0,30,,85752,34,0,40,0,75,,85750,22,0,40,0,29,,85753,34,0,40,0,76,,85751,22,0,40,0,28,,85769,22,0,40,0,67,,85754,34,0,40,0,5,,85764,6,0,40,0,15,,85755,22,0,40,0,15,,85770,22,,,0,14,,85757,22,0,40,0,65,,85756,34,0,40,0,20,,85767,22,,,0,75,,85758,22,0,40,0,24,,85759,34,0,40,0
400,'S2-2_6',726,,85777,22,0,40,0,104,,85778,22,0,40,0,74,,85771,34,0,40,0,27,,85779,22,0,40,0,72,,85780,22,0,40,0,30,,85781,22,0,40,0,71,,85772,34,0,40,0,31,,85782,22,0,40,0,69,,85784,22,0,40,0,30,,85783,22,0,40,0,69,,85773,34,0,40,0,31,,85785,22,0,40,0,70,,85786,22,0,40,0,29,,85787,22,0,40,0,73,,85774,34,0,40,0,32,,85788,22,0,40,0,69,,85789,22,0,40,0,30,,85790,22,0,40,0,72,,85775,34,0,40,0,35,,85791,22,0,40,0,71,,85792,22,0,40,0,31,,85793,22,0,40,0,69,,85776,34,0,40,0,31,,85794,22,0,40,0
400,'S2-3_7',840,,85795,34,0,40,0,165,,85796,34,0,40,0,125,,85797,34,0,40,0,200,,85798,34,0,40,0,126,,85799,34,0,40,0,165,,85800,34,0,40,0,126,,85801,34,0,40,0,165,,85802,34,0,40,0
400,'S2-4_1',727,,85826,22,0,43,0,15,,85834,22,0,40,0,15,,85803,22,0,40,0,54,,85804,22,0,40,0,15,,85828,22,0,40,0,15,,85805,22,0,40,0,13,,85806,22,0,40,0,72,,85807,22,0,40,0,78,,85808,34,0,40,0,31,,85809,22,0,40,0,71,,85810,22,0,40,0,36,,85811,22,0,40,0,76,,85812,22,0,40,0,23,,85832,22,,,0,65,,85829,34,0,40,0,29,,85813,22,0,40,0,67,,85814,22,0,40,0,30,,85817,34,0,40,0,75,,85815,22,0,40,0,29,,85818,34,0,40,0,76,,85816,22,0,40,0,28,,85835,22,0,40,0,67,,85819,34,0,40,0,5,,85830,6,0,40,0,15,,85820,22,0,40,0,15,,85836,22,,,0,14,,85822,22,0,40,0,65,,85825,6,0,40,0,20,,85833,22,,,0,75,,85823,22,0,40,0,24,,85824,34,0,40,0
400,'S2-4_2',727,,85860,22,0,43,0,15,,85868,22,0,40,0,15,,85837,22,0,40,0,54,,85838,22,0,40,0,15,,85862,22,0,40,0,15,,85839,22,0,40,0,13,,85840,22,0,40,0,72,,85841,22,0,40,0,78,,85842,34,0,40,0,31,,85843,22,0,40,0,71,,85844,22,0,40,0,36,,85845,22,0,40,0,76,,85846,22,0,40,0,23,,85866,22,,,0,65,,85863,34,0,40,0,29,,85847,22,0,40,0,67,,85848,22,0,40,0,30,,85851,34,0,40,0,75,,85849,22,0,40,0,29,,85852,34,0,40,0,76,,85850,22,0,40,0,28,,85869,22,0,40,0,67,,85853,34,0,40,0,5,,85864,6,0,40,0,15,,85854,22,0,40,0,15,,85870,22,,,0,14,,85856,22,0,40,0,65,,85859,6,0,40,0,20,,85867,22,,,0,75,,85857,22,0,40,0,24,,85858,34,0,40,0
400,'S2-4_4',727,,85894,22,0,43,0,15,,85902,22,0,40,0,15,,85871,22,0,40,0,54,,85872,22,0,40,0,15,,85896,22,0,40,0,15,,85873,22,0,40,0,13,,85874,22,0,40,0,72,,85875,22,0,40,0,78,,85876,34,0,40,0,31,,85877,22,0,40,0,71,,85878,22,0,40,0,36,,85879,22,0,40,0,76,,85880,22,0,40,0,23,,85900,22,,,0,65,,85897,34,0,40,0,29,,85881,22,0,40,0,67,,85882,22,0,40,0,30,,85885,34,0,40,0,75,,85883,22,0,40,0,29,,85886,34,0,40,0,76,,85884,22,0,40,0,28,,85903,22,0,40,0,67,,85887,34,0,40,0,5,,85898,6,0,40,0,15,,85888,22,0,40,0,15,,85904,22,,,0,14,,85890,22,0,40,0,65,,85893,6,0,40,0,20,,85901,22,,,0,75,,85891,22,0,40,0,24,,85892,34,0,40,0
500,'S2-0_4',726,,86139,28,4,,0,20,,86140,42,4,,0,80,,86141,28,4,,0,77,,86128,42,4,,0,104,,86129,42,4,,0,100,,86130,42,4,,0,105,,86131,42,4,,0,99,,86132,42,4,,0,44,,86133,42,4,,0,94,,86134,42,4,,0,100,,86135,42,4,,0,103,,86136,42,4,,0,107,,86137,42,4,,0,100,,86142,42,4,,0,98,,86138,42,4,,0
500,'S2-0_5',726,,86154,28,4,,0,20,,86155,42,4,,0,80,,86156,28,4,,0,77,,86143,42,4,,0,104,,86144,42,4,,0,100,,86145,42,4,,0,105,,86146,42,4,,0,99,,86147,42,4,,0,44,,86148,42,4,,0,94,,86149,42,4,,0,100,,86150,42,4,,0,103,,86151,42,4,,0,107,,86152,42,4,,0,100,,86157,42,4,,0,98,,86153,42,4,,0
500,'S2-1_3',726,,86169,28,4,,0,20,,86170,42,4,,0,80,,86171,28,4,,0,77,,86158,42,4,,0,104,,86159,42,4,,0,100,,86160,42,4,,0,105,,86161,42,4,,0,99,,86162,42,4,,0,44,,86163,42,4,,0,94,,86164,42,4,,0,100,,86165,42,4,,0,103,,86166,42,4,,0,107,,86167,42,4,,0,100,,86172,42,4,,0,98,,86168,42,4,,0
500,'S2-2_6',756,,86184,42,4,,0,100,,86173,42,4,,0,100,,86174,42,4,,0,100,,86175,42,4,,0,100,,86176,42,4,,0,95,,86177,42,4,,0,99,,86178,42,4,,0,100,,86179,42,4,,0,100,,86180,42,4,,0,100,,86181,42,4,,0,100,,86182,42,4,,0,190,,86183,42,4,,0
500,'S2-4_1',726,,86196,28,4,,0,20,,86197,42,4,,0,80,,86198,28,4,,0,77,,86185,42,4,,0,104,,86186,42,4,,0,100,,86187,42,4,,0,105,,86188,42,4,,0,99,,86189,42,4,,0,44,,86190,42,4,,0,94,,86191,42,4,,0,100,,86192,42,4,,0,103,,86193,42,4,,0,107,,86194,42,4,,0,100,,86199,42,4,,0,98,,86195,42,4,,0
500,'S2-4_2',726,,86211,28,4,,0,20,,86212,42,4,,0,80,,86213,28,4,,0,77,,86200,42,4,,0,104,,86201,42,4,,0,100,,86202,42,4,,0,105,,86203,42,4,,0,99,,86204,42,4,,0,44,,86205,42,4,,0,94,,86206,42,4,,0,100,,86207,42,4,,0,103,,86208,42,4,,0,107,,86209,42,4,,0,100,,86214,42,4,,0,98,,86210,42,4,,0
500,'S2-4_4',726,,86226,28,4,,0,20,,86227,42,4,,0,80,,86228,28,4,,0,77,,86215,42,4,,0,104,,86216,42,4,,0,100,,86217,42,4,,0,105,,86218,42,4,,0,99,,86219,42,4,,0,44,,86220,42,4,,0,94,,86221,42,4,,0,100,,86222,42,4,,0,103,,86223,42,4,,0,107,,86224,42,4,,0,100,,86229,42,4,,0,98,,86225,42,4,,0
600,'S2-0_4',729,,86324,30,,,0,24,,86338,30,4,,0,93,,86325,30,,,0,106,,86326,30,4,,0,100,,86327,30,4,,0,89,,86328,30,4,,0,110,,86329,30,4,,0,151,,86330,30,4,,0,56,,86339,30,4,,0,90,,86331,30,4,,0,102,,86332,30,4,,0,89,,86333,30,4,,0,78,,86334,30,4,,0,27,,86335,30,4,,0,68,,86336,30,4,,0,39,,86337,30,4,,0
600,'S2-0_5',729,,86340,30,,,0,24,,86354,30,4,,0,93,,86341,30,,,0,106,,86342,30,4,,0,100,,86343,30,4,,0,89,,86344,30,4,,0,110,,86345,30,4,,0,151,,86346,30,4,,0,56,,86355,30,4,,0,90,,86347,30,4,,0,102,,86348,30,4,,0,89,,86349,30,4,,0,78,,86350,30,4,,0,27,,86351,30,4,,0,68,,86352,30,4,,0,39,,86353,30,4,,0
600,'S2-1_3',729,,86356,30,,,0,24,,86370,30,4,,0,93,,86357,30,,,0,106,,86358,30,4,,0,100,,86359,30,4,,0,89,,86360,30,4,,0,110,,86361,30,4,,0,151,,86362,30,4,,0,56,,86371,30,4,,0,90,,86363,30,4,,0,102,,86364,30,4,,0,89,,86365,30,4,,0,78,,86366,30,4,,0,27,,86367,30,4,,0,68,,86368,30,4,,0,39,,86369,30,4,,0
600,'S2-2_6',814,,86372,30,4,,0,94,,86374,30,4,,0,93,,86375,30,4,,0,48,,86376,30,4,,0,90,,86377,30,4,,0,87,,86378,30,4,,0,88,,86379,30,4,,0,90,,86380,30,4,,0,49,,86381,30,4,,0,99,,86382,30,4,,0,91,,86383,30,4,,0,92,,86384,30,4,,0,90,,86385,30,4,,0,90,,86386,30,4,,0,40,,86373,30,4,,0
600,'S2-4_1',729,,86387,30,,,0,24,,86401,30,4,,0,93,,86388,30,,,0,106,,86389,30,4,,0,100,,86390,30,4,,0,89,,86391,30,4,,0,110,,86392,30,4,,0,151,,86393,30,4,,0,56,,86402,30,4,,0,90,,86394,30,4,,0,102,,86395,30,4,,0,89,,86396,30,4,,0,78,,86397,30,4,,0,27,,86398,30,4,,0,68,,86399,30,4,,0,39,,86400,30,4,,0
600,'S2-4_2',729,,86403,30,,,0,24,,86417,30,4,,0,93,,86404,30,,,0,106,,86405,30,4,,0,100,,86406,30,4,,0,89,,86407,30,4,,0,110,,86408,30,4,,0,151,,86409,30,4,,0,56,,86418,30,4,,0,90,,86410,30,4,,0,102,,86411,30,4,,0,89,,86412,30,4,,0,78,,86413,30,4,,0,27,,86414,30,4,,0,68,,86415,30,4,,0,39,,86416,30,4,,0
600,'S2-4_4',729,,86419,30,,,0,24,,86433,30,4,,0,93,,86420,30,,,0,106,,86421,30,4,,0,100,,86422,30,4,,0,89,,86423,30,4,,0,110,,86424,30,4,,0,151,,86425,30,4,,0,56,,86434,30,4,,0,90,,86426,30,4,,0,102,,86427,30,4,,0,89,,86428,30,4,,0,78,,86429,30,4,,0,27,,86430,30,4,,0,68,,86431,30,4,,0,39,,86432,30,4,,0
1000,'S2-0_4',722,,87097,28,4,,0,100,,87098,28,4,,0,202,,87099,37,4,,0,505,,87108,43,4,,0,30,,87109,43,4,,0,97,,87110,43,4,,0,65,,87100,37,4,,0,180,,87101,37,4,,0
1000,'S2-0_5',722,,87112,28,4,,0,100,,87113,28,4,,0,202,,87114,37,4,,0,505,,87123,43,4,,0,30,,87124,43,4,,0,97,,87125,43,4,,0,65,,87115,37,4,,0,180,,87116,37,4,,0
1000,'S2-1_3',722,,87127,28,4,,0,100,,87128,28,4,,0,202,,87129,37,4,,0,505,,87138,43,4,,0,30,,87139,43,4,,0,97,,87140,43,4,,0,65,,87130,37,4,,0,180,,87131,37,4,,0
1000,'S2-2_6',722,,87142,37,4,,0,101,,87143,37,4,,0,197,,87144,37,4,,0,512,,87147,43,4,,0,118,,87148,43,4,,0,69,,87145,37,4,,0,182,,87146,37,4,,0
1000,'S2-4_1',722,,87155,28,4,,0,100,,87156,28,4,,0,202,,87157,37,4,,0,505,,87166,43,4,,0,30,,87167,43,4,,0,97,,87168,43,4,,0,65,,87158,37,4,,0,180,,87159,37,4,,0
1000,'S2-4_2',722,,87170,28,4,,0,100,,87171,28,4,,0,202,,87172,37,4,,0,505,,87181,43,4,,0,30,,87182,43,4,,0,97,,87183,43,4,,0,65,,87173,37,4,,0,180,,87174,37,4,,0
1000,'S2-4_4',722,,87185,28,4,,0,100,,87186,28,4,,0,202,,87187,37,4,,0,505,,87196,43,4,,0,30,,87197,43,4,,0,97,,87198,43,4,,0,65,,87188,37,4,,0,180,,87189,37,4,,0
1100,'S2-0_4',728,,87296,20,4,,0,131,,87297,23,4,,0,965,,87298,23,4,,0,105,,87299,23,4,,0
1100,'S2-0_5',728,,87300,20,4,,0,131,,87301,23,4,,0,965,,87302,23,4,,0,105,,87303,23,4,,0
1100,'S2-1_3',728,,87304,20,4,,0,131,,87305,23,4,,0,965,,87306,23,4,,0,105,,87307,23,4,,0
1100,'S2-2_6',728,,87308,20,4,,0,131,,87309,23,4,,0,948,,87310,23,4,,0,114,,87311,23,4,,0
1100,'S2-4_1',728,,87312,20,4,,0,131,,87313,23,4,,0,965,,87314,23,4,,0,105,,87315,23,4,,0
1100,'S2-4_2',728,,87316,20,4,,0,131,,87317,23,4,,0,965,,87318,23,4,,0,105,,87319,23,4,,0
1100,'S2-4_4',728,,87320,20,4,,0,131,,87321,23,4,,0,965,,87322,23,4,,0,105,,87323,23,4,,0
2100,'S2-0_4',1711,,87974,3,,,0
2100,'S2-0_5',1307,,87975,5,4,,0,404,,87977,3,,,0
2100,'S2-1_3',1711,,87979,3,,,0
2100,'S2-4_1',1711,,87981,3,,,0
2100,'S2-4_2',1711,,87983,3,,,0
2100,'S2-4_4',1711,,87985,3,,,0
2500,'S2-0_4',735,,88157,6,,,0,72,,88158,6,,,0,41,,88159,6,,,0,152,,88160,6,,,0,112,,88161,6,,,0,130,,88162,6,,,0,116,,88163,6,,,0,156,,88164,6,,,0,44,,88165,6,,,0,85,,88166,6,,,0,109,,88167,6,,,0,85,,88168,6,,,0,112,,88169,6,,,0
2500,'S2-0_5',735,,88170,6,,,0,72,,88171,6,,,0,41,,88172,6,,,0,152,,88173,6,,,0,112,,88174,6,,,0,130,,88175,6,,,0,116,,88176,6,,,0,156,,88177,6,,,0,44,,88178,6,,,0,85,,88179,6,,,0,109,,88180,6,,,0,85,,88181,6,,,0,112,,88182,6,,,0
2500,'S2-1_3',735,,88183,6,,,0,72,,88184,6,,,0,41,,88185,6,,,0,152,,88186,6,,,0,112,,88187,6,,,0,130,,88188,6,,,0,116,,88189,6,,,0,156,,88190,6,,,0,44,,88191,6,,,0,85,,88192,6,,,0,109,,88193,6,,,0,85,,88194,6,,,0,112,,88195,6,,,0
2500,'S2-2_6',736,,88196,6,,,0,112,,88197,6,,,0,167,,88198,6,,,0,113,,88199,6,,,0,128,,88200,6,,,0,152,,88201,6,,,0,132,,88202,6,,,0,160,,88203,6,,,0,121,,88204,6,,,0,115,,88205,6,,,0
2500,'S2-4_1',735,,88206,6,,,0,72,,88207,6,,,0,41,,88208,6,,,0,152,,88209,6,,,0,112,,88210,6,,,0,130,,88211,6,,,0,116,,88212,6,,,0,156,,88213,6,,,0,44,,88214,6,,,0,85,,88215,6,,,0,109,,88216,6,,,0,85,,88217,6,,,0,112,,88218,6,,,0
2500,'S2-4_2',735,,88219,6,,,0,72,,88220,6,,,0,41,,88221,6,,,0,152,,88222,6,,,0,112,,88223,6,,,0,130,,88224,6,,,0,116,,88225,6,,,0,156,,88226,6,,,0,44,,88227,6,,,0,85,,88228,6,,,0,109,,88229,6,,,0,85,,88230,6,,,0,112,,88231,6,,,0
2500,'S2-4_4',735,,88232,6,,,0,72,,88233,6,,,0,41,,88234,6,,,0,152,,88235,6,,,0,112,,88236,6,,,0,130,,88237,6,,,0,116,,88238,6,,,0,156,,88239,6,,,0,44,,88240,6,,,0,85,,88241,6,,,0,109,,88242,6,,,0,85,,88243,6,,,0,112,,88244,6,,,0
2600,'S2-0_4',715,,88333,21,,,0,13,,88344,21,,,0,83,,88345,21,,,0,18,,88346,21,,,0,84,,88347,21,,,0,29,,88348,21,,,0,95,,88334,21,,,0,99,,88335,21,,,0,96,,88336,21,,,0,68,,88337,21,,,0,30,,88352,21,,,0,95,,88353,21,,,0,111,,88338,21,,,0,85,,88339,21,,,0,25,,88349,21,,,0,71,,88350,21,,,0,21,,88340,21,,,0,68,,88341,21,,,0,32,,88342,21,,,0,68,,88355,21,,,0
2600,'S2-0_5',715,,88357,21,,,0,13,,88368,21,,,0,83,,88369,21,,,0,18,,88370,21,,,0,84,,88371,21,,,0,29,,88372,21,,,0,95,,88358,21,,,0,99,,88359,21,,,0,96,,88360,21,,,0,68,,88361,21,,,0,30,,88376,21,,,0,95,,88377,21,,,0,111,,88362,21,,,0,85,,88363,21,,,0,25,,88373,21,,,0,71,,88374,21,,,0,21,,88364,21,,,0,68,,88365,21,,,0,32,,88366,21,,,0,68,,88379,21,,,0
2600,'S2-1_3',715,,88381,21,,,0,13,,88392,21,,,0,83,,88393,21,,,0,18,,88394,21,,,0,84,,88395,21,,,0,29,,88396,21,,,0,95,,88382,21,,,0,99,,88383,21,,,0,96,,88384,21,,,0,68,,88385,21,,,0,30,,88400,21,,,0,95,,88401,21,,,0,111,,88386,21,,,0,85,,88387,21,,,0,25,,88397,21,,,0,71,,88398,21,,,0,21,,88388,21,,,0,68,,88389,21,,,0,32,,88390,21,,,0,68,,88402,21,,,0
2600,'S2-2_6',736,,88404,21,,,0,85,,88405,21,,,0,85,,88406,21,,,0,45,,88407,21,,,0,84,,88408,21,,,0,90,,88409,21,,,0,84,,88410,21,,,0,42,,88411,21,,,0,85,,88412,21,,,0,85,,88413,21,,,0,83,,88414,21,,,0,45,,88415,21,,,0,90,,88416,21,,,0,86,,88417,21,,,0,83,,88418,21,,,0,45,,88419,21,,,0,82,,88420,21,,,0
2600,'S2-4_1',715,,88421,21,,,0,13,,88432,21,,,0,83,,88433,21,,,0,18,,88434,21,,,0,84,,88435,21,,,0,29,,88436,21,,,0,95,,88422,21,,,0,99,,88423,21,,,0,96,,88424,21,,,0,68,,88425,21,,,0,30,,88440,21,,,0,95,,88441,21,,,0,111,,88426,21,,,0,85,,88427,21,,,0,25,,88437,21,,,0,71,,88438,21,,,0,21,,88428,21,,,0,68,,88429,21,,,0,32,,88430,21,,,0,68,,88443,21,,,0
2600,'S2-4_2',715,,88445,21,,,0,13,,88456,21,,,0,83,,88457,21,,,0,18,,88458,21,,,0,84,,88459,21,,,0,29,,88460,21,,,0,95,,88446,21,,,0,99,,88447,21,,,0,96,,88448,21,,,0,68,,88449,21,,,0,30,,88464,21,,,0,95,,88465,21,,,0,111,,88450,21,,,0,85,,88451,21,,,0,25,,88461,21,,,0,71,,88462,21,,,0,21,,88452,21,,,0,68,,88453,21,,,0,32,,88454,21,,,0,68,,88467,21,,,0
2600,'S2-4_4',715,,88470,21,,,0,13,,88481,21,,,0,83,,88482,21,,,0,18,,88483,21,,,0,84,,88484,21,,,0,29,,88485,21,,,0,95,,88471,21,,,0,99,,88472,21,,,0,96,,88473,21,,,0,68,,88474,21,,,0,30,,88489,21,,,0,95,,88490,21,,,0,111,,88475,21,,,0,85,,88476,21,,,0,25,,88486,21,,,0,71,,88487,21,,,0,21,,88477,21,,,0,68,,88478,21,,,0,32,,88479,21,,,0,68,,88492,21,,,0
2000000,'S2-0_4',700,,90554,20,,,0,25,,90536,20,,,0,17,,90564,20,,,0,15,,90520,20,,,0,54,,90547,20,,,0,15,,90529,20,,,0,15,,90556,20,,,0,15,,90539,20,,,0,56,,90567,20,,,0,17,,90521,20,,,0,16,,90552,20,,,0,55,,90530,20,,,0,16,,90557,20,,,0,16,,90537,20,,,0,16,,90565,20,,,0,56,,90522,20,,,0,16,,90553,20,,,0,15,,90531,20,,,0,16,,90558,20,,,0,57,,90538,20,,,0,15,,90568,20,,,0,16,,90523,20,,,0,12,,90546,20,,,0,56,,90532,20,,,0,15,,90555,20,,,0,15,,90540,20,,,0,16,,90566,20,,,0,55,,90525,20,,,0,15,,90548,20,,,0,15,,90535,20,,,0,15,,90560,20,,,0,55,,90541,20,,,0,14,,90569,20,,,0,15,,90526,20,,,0,15,,90549,20,,,0,57,,90534,20,,,0,15,,90559,20,,,0,15,,90542,20,,,0,16,,90518,20,,,0,56,,90570,20,,,0,18,,90524,20,,,0,14,,90551,20,,,0,15,,90533,20,,,0,55,,90561,20,,,0,15,,90544,20,,,0,13,,90519,20,,,0,13,,90571,20,,,0,54,,90527,20,,,0,14,,90550,20,,,0,13,,90562,20,,,0,19,,90543,20,,,0,61,,90572,20,,,0,20,,90528,20,,,0,19,,90563,20,,,0,60,,90545,20,,,0
2000000,'S2-0_5',700,,90613,20,,,0,25,,90595,20,,,0,17,,90623,20,,,0,15,,90579,20,,,0,54,,90606,20,,,0,15,,90588,20,,,0,15,,90615,20,,,0,15,,90598,20,,,0,56,,90626,20,,,0,17,,90580,20,,,0,16,,90611,20,,,0,55,,90589,20,,,0,16,,90616,20,,,0,16,,90596,20,,,0,16,,90624,20,,,0,56,,90581,20,,,0,16,,90612,20,,,0,15,,90590,20,,,0,16,,90617,20,,,0,57,,90597,20,,,0,15,,90627,20,,,0,16,,90582,20,,,0,12,,90605,20,,,0,56,,90591,20,,,0,15,,90614,20,,,0,15,,90599,20,,,0,16,,90625,20,,,0,55,,90584,20,,,0,15,,90607,20,,,0,15,,90594,20,,,0,15,,90619,20,,,0,55,,90600,20,,,0,14,,90628,20,,,0,15,,90585,20,,,0,15,,90608,20,,,0,57,,90593,20,,,0,15,,90618,20,,,0,15,,90601,20,,,0,16,,90577,20,,,0,56,,90629,20,,,0,18,,90583,20,,,0,14,,90610,20,,,0,15,,90592,20,,,0,55,,90620,20,,,0,15,,90603,20,,,0,13,,90578,20,,,0,13,,90630,20,,,0,54,,90586,20,,,0,14,,90609,20,,,0,13,,90621,20,,,0,19,,90602,20,,,0,61,,90631,20,,,0,20,,90587,20,,,0,19,,90622,20,,,0,60,,90604,20,,,0
2000000,'S2-1_3',700,,90671,20,,,0,25,,90653,20,,,0,17,,90681,20,,,0,15,,90637,20,,,0,54,,90664,20,,,0,15,,90646,20,,,0,15,,90673,20,,,0,15,,90656,20,,,0,56,,90684,20,,,0,17,,90638,20,,,0,16,,90669,20,,,0,55,,90647,20,,,0,16,,90674,20,,,0,16,,90654,20,,,0,16,,90682,20,,,0,56,,90639,20,,,0,16,,90670,20,,,0,15,,90648,20,,,0,16,,90675,20,,,0,57,,90655,20,,,0,15,,90685,20,,,0,16,,90640,20,,,0,12,,90663,20,,,0,56,,90649,20,,,0,15,,90672,20,,,0,15,,90657,20,,,0,16,,90683,20,,,0,55,,90642,20,,,0,15,,90665,20,,,0,15,,90652,20,,,0,15,,90677,20,,,0,55,,90658,20,,,0,14,,90686,20,,,0,15,,90643,20,,,0,15,,90666,20,,,0,57,,90651,20,,,0,15,,90676,20,,,0,15,,90659,20,,,0,16,,90635,20,,,0,56,,90687,20,,,0,18,,90641,20,,,0,14,,90668,20,,,0,15,,90650,20,,,0,55,,90678,20,,,0,15,,90661,20,,,0,13,,90636,20,,,0,13,,90688,20,,,0,54,,90644,20,,,0,14,,90667,20,,,0,13,,90679,20,,,0,19,,90660,20,,,0,61,,90689,20,,,0,20,,90645,20,,,0,19,,90680,20,,,0,60,,90662,20,,,0
2000000,'S2-2_6',657,,90691,20,,,0,82,,90692,20,,,0,79,,90693,20,,,0,30,,90694,20,,,0,60,,90695,20,,,0,20,,90696,20,,,0,19,,90697,20,,,0,58,,90698,20,,,0,20,,90699,20,,,0,20,,90700,20,,,0,59,,90701,20,,,0,19,,90702,20,,,0,19,,90703,20,,,0,60,,90704,20,,,0,17,,90705,20,,,0,19,,90706,20,,,0,18,,90707,20,,,0,59,,90708,20,,,0,20,,90709,20,,,0,19,,90710,20,,,0,57,,90711,20,,,0,19,,90712,20,,,0,21,,90713,20,,,0,60,,90714,20,,,0,19,,90715,20,,,0,19,,90716,20,,,0,60,,90717,20,,,0,20,,90718,20,,,0,20,,90719,20,,,0,60,,90720,20,,,0,19,,90721,20,,,0,20,,90722,20,,,0,60,,90723,20,,,0,20,,90724,20,,,0,17,,90725,20,,,0,60,,90726,20,,,0,24,,90727,20,,,0,24,,90728,20,,,0,64,,90729,20,,,0,24,,90730,20,,,0,65,,90731,20,,,0
2000000,'S2-3_7',834,,90732,20,,,0,80,,90733,20,,,0,40,,90734,20,,,0,80,,90735,20,,,0,80,,90736,20,,,0,40,,90737,20,,,0,80,,90738,20,,,0,80,,90739,20,,,0,40,,90740,20,,,0,80,,90741,20,,,0,80,,90742,20,,,0,40,,90743,20,,,0,80,,90744,20,,,0,80,,90745,20,,,0,40,,90746,20,,,0,80,,90747,20,,,0,80,,90748,20,,,0,40,,90749,20,,,0
2000000,'S2-4_1',700,,90789,20,,,0,25,,90771,20,,,0,17,,90799,20,,,0,15,,90755,20,,,0,54,,90782,20,,,0,15,,90764,20,,,0,15,,90791,20,,,0,15,,90774,20,,,0,56,,90802,20,,,0,17,,90756,20,,,0,16,,90787,20,,,0,55,,90765,20,,,0,16,,90792,20,,,0,16,,90772,20,,,0,16,,90800,20,,,0,56,,90757,20,,,0,16,,90788,20,,,0,15,,90766,20,,,0,16,,90793,20,,,0,57,,90773,20,,,0,15,,90803,20,,,0,16,,90758,20,,,0,12,,90781,20,,,0,56,,90767,20,,,0,15,,90790,20,,,0,15,,90775,20,,,0,16,,90801,20,,,0,55,,90760,20,,,0,15,,90783,20,,,0,15,,90770,20,,,0,15,,90795,20,,,0,55,,90776,20,,,0,14,,90804,20,,,0,15,,90761,20,,,0,15,,90784,20,,,0,57,,90769,20,,,0,15,,90794,20,,,0,15,,90777,20,,,0,16,,90753,20,,,0,56,,90805,20,,,0,18,,90759,20,,,0,14,,90786,20,,,0,15,,90768,20,,,0,55,,90796,20,,,0,15,,90779,20,,,0,13,,90754,20,,,0,13,,90806,20,,,0,54,,90762,20,,,0,14,,90785,20,,,0,13,,90797,20,,,0,19,,90778,20,,,0,61,,90807,20,,,0,20,,90763,20,,,0,19,,90798,20,,,0,60,,90780,20,,,0
2000000,'S2-4_2',700,,90848,20,,,0,25,,90830,20,,,0,17,,90858,20,,,0,15,,90814,20,,,0,54,,90841,20,,,0,15,,90823,20,,,0,15,,90850,20,,,0,15,,90833,20,,,0,56,,90861,20,,,0,17,,90815,20,,,0,16,,90846,20,,,0,55,,90824,20,,,0,16,,90851,20,,,0,16,,90831,20,,,0,16,,90859,20,,,0,56,,90816,20,,,0,16,,90847,20,,,0,15,,90825,20,,,0,16,,90852,20,,,0,57,,90832,20,,,0,15,,90862,20,,,0,16,,90817,20,,,0,12,,90840,20,,,0,56,,90826,20,,,0,15,,90849,20,,,0,15,,90834,20,,,0,16,,90860,20,,,0,55,,90819,20,,,0,15,,90842,20,,,0,15,,90829,20,,,0,15,,90854,20,,,0,55,,90835,20,,,0,14,,90863,20,,,0,15,,90820,20,,,0,15,,90843,20,,,0,57,,90828,20,,,0,15,,90853,20,,,0,15,,90836,20,,,0,16,,90812,20,,,0,56,,90864,20,,,0,18,,90818,20,,,0,14,,90845,20,,,0,15,,90827,20,,,0,55,,90855,20,,,0,15,,90838,20,,,0,13,,90813,20,,,0,13,,90865,20,,,0,54,,90821,20,,,0,14,,90844,20,,,0,13,,90856,20,,,0,19,,90837,20,,,0,61,,90866,20,,,0,20,,90822,20,,,0,19,,90857,20,,,0,60,,90839,20,,,0
2000000,'S2-4_4',700,,90907,20,,,0,25,,90889,20,,,0,17,,90917,20,,,0,15,,90873,20,,,0,54,,90900,20,,,0,15,,90882,20,,,0,15,,90909,20,,,0,15,,90892,20,,,0,56,,90920,20,,,0,17,,90874,20,,,0,16,,90905,20,,,0,55,,90883,20,,,0,16,,90910,20,,,0,16,,90890,20,,,0,16,,90918,20,,,0,56,,90875,20,,,0,16,,90906,20,,,0,15,,90884,20,,,0,16,,90911,20,,,0,57,,90891,20,,,0,15,,90921,20,,,0,16,,90876,20,,,0,12,,90899,20,,,0,56,,90885,20,,,0,15,,90908,20,,,0,15,,90893,20,,,0,16,,90919,20,,,0,55,,90878,20,,,0,15,,90901,20,,,0,15,,90888,20,,,0,15,,90913,20,,,0,55,,90894,20,,,0,14,,90922,20,,,0,15,,90879,20,,,0,15,,90902,20,,,0,57,,90887,20,,,0,15,,90912,20,,,0,15,,90895,20,,,0,16,,90871,20,,,0,56,,90923,20,,,0,18,,90877,20,,,0,14,,90904,20,,,0,15,,90886,20,,,0,55,,90914,20,,,0,15,,90897,20,,,0,13,,90872,20,,,0,13,,90924,20,,,0,54,,90880,20,,,0,14,,90903,20,,,0,13,,90915,20,,,0,19,,90896,20,,,0,61,,90925,20,,,0,20,,90881,20,,,0,19,,90916,20,,,0,60,,90898,20,,,0
2900500,'S2-0_4',727,,91418,16,4,,0,105,,91419,16,4,,0
2900500,'S2-0_5',727,,91420,16,4,,0,105,,91421,16,4,,0
2900500,'S2-1_3',727,,91422,16,4,,0,105,,91423,16,4,,0
2900500,'S2-4_1',727,,91424,16,4,,0,105,,91425,16,4,,0
2900500,'S2-4_2',727,,91426,16,4,,0,105,,91427,16,4,,0
2900500,'S2-4_4',727,,91428,16,4,,0,105,,91429,16,4,,0
3000000,'S2-0_4',645,,91563,16,,,0,59,,91562,16,,,0,20,,91567,1,0,14,0,3,,91522,16,,,0,9,,91564,1,0,14,0,11,,91523,16,,,0,9,,91565,1,0,14,0,51,,91524,16,,,0,8,,91566,1,0,14,0,11,,91525,16,,,0,20,,91526,16,,,0,62,,91527,16,,,0,21,,91528,16,,,0,19,,91529,16,,,0,60,,91530,16,,,0,19,,91531,16,,,0,21,,91532,16,,,0,60,,91533,16,,,0,20,,91534,16,,,0,20,,91535,16,,,0,61,,91536,16,,,0,20,,91537,16,,,0,20,,91538,16,,,0,59,,91539,16,,,0,20,,91540,16,,,0,19,,91541,16,,,0,61,,91542,16,,,0,21,,91543,16,,,0,20,,91544,16,,,0,60,,91545,16,,,0,19,,91546,16,,,0,19,,91547,16,,,0,60,,91548,16,,,0,17,,91549,16,,,0,19,,91550,16,,,0,58,,91551,16,,,0,21,,91552,16,,,0,21,,91553,16,,,0,60,,91554,16,,,0,21,,91555,16,,,0,21,,91556,16,,,0,60,,91557,16,,,0,20,,91558,16,,,0,28,,91559,16,,,0,73,,91560,16,,,0,32,,91561,16,,,0
3000000,'S2-0_5',645,,91609,16,,,0,59,,91608,16,,,0,20,,91613,1,0,14,0,3,,91568,16,,,0,9,,91610,1,0,14,0,11,,91569,16,,,0,9,,91611,1,0,14,0,51,,91570,16,,,0,8,,91612,1,0,14,0,11,,91571,16,,,0,20,,91572,16,,,0,62,,91573,16,,,0,21,,91574,16,,,0,19,,91575,16,,,0,60,,91576,16,,,0,19,,91577,16,,,0,21,,91578,16,,,0,60,,91579,16,,,0,20,,91580,16,,,0,20,,91581,16,,,0,61,,91582,16,,,0,20,,91583,16,,,0,20,,91584,16,,,0,59,,91585,16,,,0,20,,91586,16,,,0,19,,91587,16,,,0,61,,91588,16,,,0,21,,91589,16,,,0,20,,91590,16,,,0,60,,91591,16,,,0,19,,91592,16,,,0,19,,91593,16,,,0,60,,91594,16,,,0,17,,91595,16,,,0,19,,91596,16,,,0,58,,91597,16,,,0,21,,91598,16,,,0,21,,91599,16,,,0,60,,91600,16,,,0,21,,91601,16,,,0,21,,91602,16,,,0,60,,91603,16,,,0,20,,91604,16,,,0,28,,91605,16,,,0,73,,91606,16,,,0,32,,91607,16,,,0
3000000,'S2-1_3',645,,91655,16,,,0,59,,91654,16,,,0,20,,91659,1,0,14,0,3,,91614,16,,,0,9,,91656,1,0,14,0,11,,91615,16,,,0,9,,91657,1,0,14,0,51,,91616,16,,,0,8,,91658,1,0,14,0,11,,91617,16,,,0,20,,91618,16,,,0,62,,91619,16,,,0,21,,91620,16,,,0,19,,91621,16,,,0,60,,91622,16,,,0,19,,91623,16,,,0,21,,91624,16,,,0,60,,91625,16,,,0,20,,91626,16,,,0,20,,91627,16,,,0,61,,91628,16,,,0,20,,91629,16,,,0,20,,91630,16,,,0,59,,91631,16,,,0,20,,91632,16,,,0,19,,91633,16,,,0,61,,91634,16,,,0,21,,91635,16,,,0,20,,91636,16,,,0,60,,91637,16,,,0,19,,91638,16,,,0,19,,91639,16,,,0,60,,91640,16,,,0,17,,91641,16,,,0,19,,91642,16,,,0,58,,91643,16,,,0,21,,91644,16,,,0,21,,91645,16,,,0,60,,91646,16,,,0,21,,91647,16,,,0,21,,91648,16,,,0,60,,91649,16,,,0,20,,91650,16,,,0,28,,91651,16,,,0,73,,91652,16,,,0,32,,91653,16,,,0
3000000,'S2-2_6',649,,91660,16,,,0,82,,91661,16,,,0,81,,91662,16,,,0,30,,91663,16,,,0,60,,91664,16,,,0,20,,91665,16,,,0,21,,91666,16,,,0,60,,91667,16,,,0,20,,91668,16,,,0,20,,91669,16,,,0,61,,91670,16,,,0,19,,91671,16,,,0,20,,91672,16,,,0,60,,91673,16,,,0,19,,91674,16,,,0,19,,91675,16,,,0,60,,91676,16,,,0,20,,91677,16,,,0,21,,91678,16,,,0,59,,91679,16,,,0,21,,91680,16,,,0,20,,91681,16,,,0,61,,91682,16,,,0,20,,91683,16,,,0,20,,91684,16,,,0,60,,91685,16,,,0,20,,91686,16,,,0,20,,91687,16,,,0,60,,91688,16,,,0,20,,91689,16,,,0,20,,91690,16,,,0,60,,91691,16,,,0,19,,91692,16,,,0,19,,91693,16,,,0,59,,91694,16,,,0,30,,91695,16,,,0,70,,91696,16,,,0,29,,91697,16,,,0,29,,91698,16,,,0
3000000,'S2-3_7',810,,91700,16,,,0,130,,91701,16,,,0,170,,91708,16,,,0,130,,91707,16,,,0,170,,91706,16,,,0,130,,91704,16,,,0,100,,91713,1,0,14,0,70,,91705,16,,,0,30,,91699,1,0,14,0,70,,91709,1,0,14,0,29,,91703,16,,,0,71,,91710,1,0,14,0,30,,91711,1,0,14,0,69,,91702,16,,,0,91,,91712,1,0,14,0
3000000,'S2-4_1',645,,91755,16,,,0,59,,91754,16,,,0,20,,91759,1,0,14,0,3,,91714,16,,,0,9,,91756,1,0,14,0,11,,91715,16,,,0,9,,91757,1,0,14,0,51,,91716,16,,,0,8,,91758,1,0,14,0,11,,91717,16,,,0,20,,91718,16,,,0,62,,91719,16,,,0,21,,91720,16,,,0,19,,91721,16,,,0,60,,91722,16,,,0,19,,91723,16,,,0,21,,91724,16,,,0,60,,91725,16,,,0,20,,91726,16,,,0,20,,91727,16,,,0,61,,91728,16,,,0,20,,91729,16,,,0,20,,91730,16,,,0,59,,91731,16,,,0,20,,91732,16,,,0,19,,91733,16,,,0,61,,91734,16,,,0,21,,91735,16,,,0,20,,91736,16,,,0,60,,91737,16,,,0,19,,91738,16,,,0,19,,91739,16,,,0,60,,91740,16,,,0,17,,91741,16,,,0,19,,91742,16,,,0,58,,91743,16,,,0,21,,91744,16,,,0,21,,91745,16,,,0,60,,91746,16,,,0,21,,91747,16,,,0,21,,91748,16,,,0,60,,91749,16,,,0,20,,91750,16,,,0,28,,91751,16,,,0,73,,91752,16,,,0,32,,91753,16,,,0
3000000,'S2-4_2',645,,91801,16,,,0,59,,91800,16,,,0,20,,91805,1,0,14,0,3,,91760,16,,,0,9,,91802,1,0,14,0,11,,91761,16,,,0,9,,91803,1,0,14,0,51,,91762,16,,,0,8,,91804,1,0,14,0,11,,91763,16,,,0,20,,91764,16,,,0,62,,91765,16,,,0,21,,91766,16,,,0,19,,91767,16,,,0,60,,91768,16,,,0,19,,91769,16,,,0,21,,91770,16,,,0,60,,91771,16,,,0,20,,91772,16,,,0,20,,91773,16,,,0,61,,91774,16,,,0,20,,91775,16,,,0,20,,91776,16,,,0,59,,91777,16,,,0,20,,91778,16,,,0,19,,91779,16,,,0,61,,91780,16,,,0,21,,91781,16,,,0,20,,91782,16,,,0,60,,91783,16,,,0,19,,91784,16,,,0,19,,91785,16,,,0,60,,91786,16,,,0,17,,91787,16,,,0,19,,91788,16,,,0,58,,91789,16,,,0,21,,91790,16,,,0,21,,91791,16,,,0,60,,91792,16,,,0,21,,91793,16,,,0,21,,91794,16,,,0,60,,91795,16,,,0,20,,91796,16,,,0,28,,91797,16,,,0,73,,91798,16,,,0,32,,91799,16,,,0
3000000,'S2-4_4',645,,91847,16,,,0,59,,91846,16,,,0,20,,91851,1,0,14,0,3,,91806,16,,,0,9,,91848,1,0,14,0,11,,91807,16,,,0,9,,91849,1,0,14,0,51,,91808,16,,,0,8,,91850,1,0,14,0,11,,91809,16,,,0,20,,91810,16,,,0,62,,91811,16,,,0,21,,91812,16,,,0,19,,91813,16,,,0,60,,91814,16,,,0,19,,91815,16,,,0,21,,91816,16,,,0,60,,91817,16,,,0,20,,91818,16,,,0,20,,91819,16,,,0,61,,91820,16,,,0,20,,91821,16,,,0,20,,91822,16,,,0,59,,91823,16,,,0,20,,91824,16,,,0,19,,91825,16,,,0,61,,91826,16,,,0,21,,91827,16,,,0,20,,91828,16,,,0,60,,91829,16,,,0,19,,91830,16,,,0,19,,91831,16,,,0,60,,91832,16,,,0,17,,91833,16,,,0,19,,91834,16,,,0,58,,91835,16,,,0,21,,91836,16,,,0,21,,91837,16,,,0,60,,91838,16,,,0,21,,91839,16,,,0,21,,91840,16,,,0,60,,91841,16,,,0,20,,91842,16,,,0,28,,91843,16,,,0,73,,91844,16,,,0,32,,91845,16,,,0
