1600,'S2-0_4',758,,87526,2,,,0,542,,87533,11,,,0,420,,87535,11,,,0
1600,'S2-0_5',758,,87536,2,,,0,542,,87543,11,,,0,420,,87545,11,,,0
1600,'S2-1_3',758,,87546,2,,,0,542,,87553,11,,,0,420,,87555,11,,,0
1600,'S2-2_6',758,,87556,2,,,0,542,,87563,11,,,0,420,,87565,11,,,0
1600,'S2-4_1',758,,87566,2,,,0,542,,87573,11,,,0,420,,87575,11,,,0
1600,'S2-4_2',758,,87576,2,,,0,542,,87583,11,,,0,420,,87585,11,,,0
1600,'S2-4_4',758,,87586,2,,,0,542,,87593,11,,,0,420,,87595,11,,,0
1601,'S2-0_4',1220,,87601,16,,,0
1601,'S2-0_5',1220,,87609,16,,,0
1601,'S2-1_3',1220,,87617,16,,,0
1601,'S2-2_6',1220,,87625,16,,,0
1601,'S2-4_1',1220,,87633,16,,,0
1601,'S2-4_2',1220,,87641,16,,,0
1601,'S2-4_4',1220,,87649,16,,,0
2100,'S2-0_4',1641,,87973,2,,,0
2100,'S2-0_5',1240,,87975,2,0,11 12,0
2100,'S2-1_3',1641,,87978,2,,,0
2100,'S2-4_1',1641,,87980,2,,,0
2100,'S2-4_2',1641,,87982,2,,,0
2100,'S2-4_4',1641,,87984,2,,,0
