1500,'S2-0_4',745,,87345,20,,,0,61,,87346,20,,,0,114,,87347,20,,,0,117,,87348,20,,,0,118,,87349,20,,,0,80,,87350,20,,,0,75,,87351,20,,,0,97,,87352,20,,,0,223,,87353,20,,,0,109,,87354,20,,,0,98,,87355,20,,,0,109,,87356,20,,,0
1500,'S2-0_5',745,,87358,20,,,0,61,,87359,20,,,0,114,,87360,20,,,0,117,,87361,20,,,0,118,,87362,20,,,0,80,,87363,20,,,0,75,,87364,20,,,0,97,,87365,20,,,0,223,,87366,20,,,0,109,,87367,20,,,0,98,,87368,20,,,0,109,,87369,20,,,0
1500,'S2-1_3',745,,87371,20,,,0,61,,87372,20,,,0,114,,87373,20,,,0,117,,87374,20,,,0,118,,87375,20,,,0,80,,87376,20,,,0,75,,87377,20,,,0,97,,87378,20,,,0,223,,87379,20,,,0,109,,87380,20,,,0,98,,87381,20,,,0,109,,87382,20,,,0
1500,'S2-2_6',745,,87384,20,,,0,61,,87385,20,,,0,114,,87386,20,,,0,117,,87387,20,,,0,118,,87388,20,,,0,80,,87389,20,,,0,75,,87390,20,,,0,97,,87391,20,,,0,223,,87392,20,,,0,109,,87393,20,,,0,98,,87394,20,,,0,109,,87395,20,,,0
1500,'S2-4_1',745,,87397,20,,,0,61,,87398,20,,,0,114,,87399,20,,,0,117,,87400,20,,,0,118,,87401,20,,,0,80,,87402,20,,,0,75,,87403,20,,,0,97,,87404,20,,,0,223,,87405,20,,,0,109,,87406,20,,,0,98,,87407,20,,,0,109,,87408,20,,,0
1500,'S2-4_2',745,,87410,20,,,0,61,,87411,20,,,0,114,,87412,20,,,0,117,,87413,20,,,0,118,,87414,20,,,0,80,,87415,20,,,0,75,,87416,20,,,0,97,,87417,20,,,0,223,,87418,20,,,0,109,,87419,20,,,0,98,,87420,20,,,0,109,,87421,20,,,0
1500,'S2-4_4',745,,87423,20,,,0,61,,87424,20,,,0,114,,87425,20,,,0,117,,87426,20,,,0,118,,87427,20,,,0,80,,87428,20,,,0,75,,87429,20,,,0,97,,87430,20,,,0,223,,87431,20,,,0,109,,87432,20,,,0,98,,87433,20,,,0,109,,87434,20,,,0
1501,'S2-0_4',655,,87436,10,,,0,58,,87437,10,,,0,95,,87438,10,,,0,21,,87439,10,,,0,117,,87440,10,,,0,156,,87441,10,,,0,118,,87442,10,,,0,94,,87443,10,,,0,119,,87444,10,,,0,222,,87445,10,,,0,150,,87446,10,,,0,95,,87447,10,,,0
1501,'S2-0_5',655,,87449,10,,,0,58,,87450,10,,,0,95,,87451,10,,,0,21,,87452,10,,,0,117,,87453,10,,,0,156,,87454,10,,,0,118,,87455,10,,,0,94,,87456,10,,,0,119,,87457,10,,,0,222,,87458,10,,,0,150,,87459,10,,,0,95,,87460,10,,,0
1501,'S2-1_3',655,,87462,10,,,0,58,,87463,10,,,0,95,,87464,10,,,0,21,,87465,10,,,0,117,,87466,10,,,0,156,,87467,10,,,0,118,,87468,10,,,0,94,,87469,10,,,0,119,,87470,10,,,0,222,,87471,10,,,0,150,,87472,10,,,0,95,,87473,10,,,0
1501,'S2-2_6',655,,87475,10,,,0,58,,87476,10,,,0,95,,87477,10,,,0,21,,87478,10,,,0,117,,87479,10,,,0,156,,87480,10,,,0,118,,87481,10,,,0,94,,87482,10,,,0,119,,87483,10,,,0,222,,87484,10,,,0,150,,87485,10,,,0,95,,87486,10,,,0
1501,'S2-4_1',655,,87488,10,,,0,58,,87489,10,,,0,95,,87490,10,,,0,21,,87491,10,,,0,117,,87492,10,,,0,156,,87493,10,,,0,118,,87494,10,,,0,94,,87495,10,,,0,119,,87496,10,,,0,222,,87497,10,,,0,150,,87498,10,,,0,95,,87499,10,,,0
1501,'S2-4_2',655,,87501,10,,,0,58,,87502,10,,,0,95,,87503,10,,,0,21,,87504,10,,,0,117,,87505,10,,,0,156,,87506,10,,,0,118,,87507,10,,,0,94,,87508,10,,,0,119,,87509,10,,,0,222,,87510,10,,,0,150,,87511,10,,,0,95,,87512,10,,,0
1501,'S2-4_4',655,,87514,10,,,0,58,,87515,10,,,0,95,,87516,10,,,0,21,,87517,10,,,0,117,,87518,10,,,0,156,,87519,10,,,0,118,,87520,10,,,0,94,,87521,10,,,0,119,,87522,10,,,0,222,,87523,10,,,0,150,,87524,10,,,0,95,,87525,10,,,0
