900500,'S2-4_4',2140,,88959,19,4,,0,90,,88960,19,4,,0,90,,88961,19,4,,0,90,,88962,19,4,,0,48,,88963,19,4,,0,70,,88964,13,4,,0,30,,88965,13,4,,0,70,,88966,13,4,,0
900501,'S2-4_4',2100,,88967,1,,,0,40,,88968,1,,,0,90,,88969,1,,,0,90,,88970,1,,,0,90,,88971,1,,,0,48,,88972,1,,,0,70,,88973,1,,,0,30,,88974,1,,,0
3000001,'S2-0_4',641,,91893,6,,,0,18,,91852,6,,,0,59,,91853,6,,,0,20,,91854,6,,,0,62,,91855,6,,,0,21,,91856,6,,,0,20,,91857,6,,,0,61,,91858,6,,,0,20,,91859,6,,,0,19,,91860,6,,,0,60,,91861,6,,,0,20,,91862,6,,,0,19,,91863,6,,,0,60,,91864,6,,,0,19,,91865,6,,,0,21,,91866,6,,,0,18,,91867,6,,,0,62,,91868,6,,,0,21,,91869,6,,,0,60,,91870,6,,,0,19,,91871,6,,,0,19,,91872,6,,,0,61,,91873,6,,,0,20,,91874,6,,,0,20,,91875,6,,,0,60,,91876,6,,,0,22,,91877,6,,,0,19,,91878,6,,,0,59,,91879,6,,,0,12,,91894,3,0,11 12,0,8,,91880,6,,,0,11,,91895,3,0,11 12,0,11,,91881,6,,,0,9,,91896,3,0,11 12,0,50,,91882,6,,,0,11,,91897,3,0,11 12,0,10,,91883,6,,,0,10,,91898,3,0,11 12,0,12,,91884,6,,,0,8,,91899,3,0,11 12,0,49,,91885,6,,,0,10,,91900,3,0,11 12,0,9,,91886,6,,,0,22,,91887,6,,,0,60,,91888,6,,,0,23,,91889,6,,,0,26,,91890,6,,,0,69,,91891,6,,,0,33,,91892,6,,,0
3000001,'S2-0_5',641,,91942,6,,,0,18,,91901,6,,,0,59,,91902,6,,,0,20,,91903,6,,,0,62,,91904,6,,,0,21,,91905,6,,,0,20,,91906,6,,,0,61,,91907,6,,,0,20,,91908,6,,,0,19,,91909,6,,,0,60,,91910,6,,,0,20,,91911,6,,,0,19,,91912,6,,,0,60,,91913,6,,,0,19,,91914,6,,,0,21,,91915,6,,,0,18,,91916,6,,,0,62,,91917,6,,,0,21,,91918,6,,,0,60,,91919,6,,,0,19,,91920,6,,,0,19,,91921,6,,,0,61,,91922,6,,,0,20,,91923,6,,,0,20,,91924,6,,,0,60,,91925,6,,,0,22,,91926,6,,,0,19,,91927,6,,,0,59,,91928,6,,,0,12,,91943,3,0,11 12,0,8,,91929,6,,,0,11,,91944,3,0,11 12,0,11,,91930,6,,,0,9,,91945,3,0,11 12,0,50,,91931,6,,,0,11,,91946,3,0,11 12,0,10,,91932,6,,,0,10,,91947,3,0,11 12,0,12,,91933,6,,,0,8,,91948,3,0,11 12,0,49,,91934,6,,,0,10,,91949,3,0,11 12,0,9,,91935,6,,,0,22,,91936,6,,,0,60,,91937,6,,,0,23,,91938,6,,,0,26,,91939,6,,,0,69,,91940,6,,,0,33,,91941,6,,,0
3000001,'S2-1_3',641,,91991,6,,,0,18,,91950,6,,,0,59,,91951,6,,,0,20,,91952,6,,,0,62,,91953,6,,,0,21,,91954,6,,,0,20,,91955,6,,,0,61,,91956,6,,,0,20,,91957,6,,,0,19,,91958,6,,,0,60,,91959,6,,,0,20,,91960,6,,,0,19,,91961,6,,,0,60,,91962,6,,,0,19,,91963,6,,,0,21,,91964,6,,,0,18,,91965,6,,,0,62,,91966,6,,,0,21,,91967,6,,,0,60,,91968,6,,,0,19,,91969,6,,,0,19,,91970,6,,,0,61,,91971,6,,,0,20,,91972,6,,,0,20,,91973,6,,,0,60,,91974,6,,,0,22,,91975,6,,,0,19,,91976,6,,,0,59,,91977,6,,,0,12,,91992,3,0,11 12,0,8,,91978,6,,,0,11,,91993,3,0,11 12,0,11,,91979,6,,,0,9,,91994,3,0,11 12,0,50,,91980,6,,,0,11,,91995,3,0,11 12,0,10,,91981,6,,,0,10,,91996,3,0,11 12,0,12,,91982,6,,,0,8,,91997,3,0,11 12,0,49,,91983,6,,,0,10,,91998,3,0,11 12,0,9,,91984,6,,,0,22,,91985,6,,,0,60,,91986,6,,,0,23,,91987,6,,,0,26,,91988,6,,,0,69,,91989,6,,,0,33,,91990,6,,,0
3000001,'S2-2_6',634,,91999,6,,,0,80,,92000,6,,,0,44,,92001,6,,,0,77,,92002,6,,,0,20,,92003,6,,,0,60,,92004,6,,,0,20,,92005,6,,,0,20,,92006,6,,,0,60,,92007,6,,,0,20,,92008,6,,,0,20,,92009,6,,,0,60,,92010,6,,,0,20,,92011,6,,,0,20,,92012,6,,,0,59,,92013,6,,,0,20,,92014,6,,,0,20,,92015,6,,,0,60,,92016,6,,,0,20,,92017,6,,,0,20,,92018,6,,,0,60,,92019,6,,,0,20,,92020,6,,,0,21,,92021,6,,,0,60,,92022,6,,,0,20,,92023,6,,,0,20,,92024,6,,,0,60,,92025,6,,,0,20,,92026,6,,,0,20,,92027,6,,,0,60,,92028,6,,,0,20,,92029,6,,,0,19,,92030,6,,,0,60,,92031,6,,,0,20,,92032,6,,,0,20,,92033,6,,,0,71,,92035,6,,,0,29,,92036,6,,,0,70,,92034,6,,,0,30,,92037,6,,,0
3000001,'S2-3_7',842,,92038,6,,,0,170,,92046,6,,,0,130,,92045,6,,,0,170,,92044,6,,,0,130,,92041,6,,,0,170,,92042,6,,,0,130,,92043,6,,,0,170,,92040,6,,,0,130,,92039,6,,,0
3000001,'S2-4_1',641,,92088,6,,,0,18,,92047,6,,,0,59,,92048,6,,,0,20,,92049,6,,,0,62,,92050,6,,,0,21,,92051,6,,,0,20,,92052,6,,,0,61,,92053,6,,,0,20,,92054,6,,,0,19,,92055,6,,,0,60,,92056,6,,,0,20,,92057,6,,,0,19,,92058,6,,,0,60,,92059,6,,,0,19,,92060,6,,,0,21,,92061,6,,,0,18,,92062,6,,,0,62,,92063,6,,,0,21,,92064,6,,,0,60,,92065,6,,,0,19,,92066,6,,,0,19,,92067,6,,,0,61,,92068,6,,,0,20,,92069,6,,,0,20,,92070,6,,,0,60,,92071,6,,,0,22,,92072,6,,,0,19,,92073,6,,,0,59,,92074,6,,,0,12,,92089,3,0,11 12,0,8,,92075,6,,,0,11,,92090,3,0,11 12,0,11,,92076,6,,,0,9,,92091,3,0,11 12,0,50,,92077,6,,,0,11,,92092,3,0,11 12,0,10,,92078,6,,,0,10,,92093,3,0,11 12,0,12,,92079,6,,,0,8,,92094,3,0,11 12,0,49,,92080,6,,,0,10,,92095,3,0,11 12,0,9,,92081,6,,,0,22,,92082,6,,,0,60,,92083,6,,,0,23,,92084,6,,,0,26,,92085,6,,,0,69,,92086,6,,,0,33,,92087,6,,,0
3000001,'S2-4_2',641,,92137,6,,,0,18,,92096,6,,,0,59,,92097,6,,,0,20,,92098,6,,,0,62,,92099,6,,,0,21,,92100,6,,,0,20,,92101,6,,,0,61,,92102,6,,,0,20,,92103,6,,,0,19,,92104,6,,,0,60,,92105,6,,,0,20,,92106,6,,,0,19,,92107,6,,,0,60,,92108,6,,,0,19,,92109,6,,,0,21,,92110,6,,,0,18,,92111,6,,,0,62,,92112,6,,,0,21,,92113,6,,,0,60,,92114,6,,,0,19,,92115,6,,,0,19,,92116,6,,,0,61,,92117,6,,,0,20,,92118,6,,,0,20,,92119,6,,,0,60,,92120,6,,,0,22,,92121,6,,,0,19,,92122,6,,,0,59,,92123,6,,,0,12,,92138,3,0,11 12,0,8,,92124,6,,,0,11,,92139,3,0,11 12,0,11,,92125,6,,,0,9,,92140,3,0,11 12,0,50,,92126,6,,,0,11,,92141,3,0,11 12,0,10,,92127,6,,,0,10,,92142,3,0,11 12,0,12,,92128,6,,,0,8,,92143,3,0,11 12,0,49,,92129,6,,,0,10,,92144,3,0,11 12,0,9,,92130,6,,,0,22,,92131,6,,,0,60,,92132,6,,,0,23,,92133,6,,,0,26,,92134,6,,,0,69,,92135,6,,,0,33,,92136,6,,,0
3000001,'S2-4_4',641,,92186,6,,,0,18,,92145,6,,,0,59,,92146,6,,,0,20,,92147,6,,,0,62,,92148,6,,,0,21,,92149,6,,,0,20,,92150,6,,,0,61,,92151,6,,,0,20,,92152,6,,,0,19,,92153,6,,,0,60,,92154,6,,,0,20,,92155,6,,,0,19,,92156,6,,,0,60,,92157,6,,,0,19,,92158,6,,,0,21,,92159,6,,,0,18,,92160,6,,,0,62,,92161,6,,,0,21,,92162,6,,,0,60,,92163,6,,,0,19,,92164,6,,,0,19,,92165,6,,,0,61,,92166,6,,,0,20,,92167,6,,,0,20,,92168,6,,,0,60,,92169,6,,,0,22,,92170,6,,,0,19,,92171,6,,,0,59,,92172,6,,,0,12,,92187,3,0,11 12,0,8,,92173,6,,,0,11,,92188,3,0,11 12,0,11,,92174,6,,,0,9,,92189,3,0,11 12,0,50,,92175,6,,,0,11,,92190,3,0,11 12,0,10,,92176,6,,,0,10,,92191,3,0,11 12,0,12,,92177,6,,,0,8,,92192,3,0,11 12,0,49,,92178,6,,,0,10,,92193,3,0,11 12,0,9,,92179,6,,,0,22,,92180,6,,,0,60,,92181,6,,,0,23,,92182,6,,,0,26,,92183,6,,,0,69,,92184,6,,,0,33,,92185,6,,,0
