101,'S2-0_4',750,,84438,54,0,6,0,68,,84439,54,0,6,0,29,,84440,54,0,6,0,95,,84444,48,0,6,0,117,,84445,48,0,6,0,154,,84446,48,0,6,0,89,,84447,48,0,6,0,114,,84441,54,0,6,0,97,,84448,48,0,6,0,100,,84449,48,0,6,0,92,,84450,48,0,6,0,34,,84451,48,0,6,0,80,,84452,48,0,6,0,32,,84442,54,0,6,0,84,,84443,54,0,6,0
101,'S2-0_5',750,,84471,54,0,6,0,68,,84472,54,0,6,0,29,,84473,54,0,6,0,95,,84477,48,0,6,0,117,,84478,48,0,6,0,154,,84479,48,0,6,0,89,,84480,48,0,6,0,114,,84474,54,0,6,0,97,,84481,48,0,6,0,100,,84482,48,0,6,0,92,,84483,48,0,6,0,34,,84484,48,0,6,0,80,,84485,48,0,6,0,32,,84475,54,0,6,0,84,,84476,54,0,6,0
101,'S2-1_3',750,,84504,54,0,6,0,68,,84505,54,0,6,0,29,,84506,54,0,6,0,95,,84510,48,0,6,0,117,,84511,48,0,6,0,154,,84512,48,0,6,0,89,,84513,48,0,6,0,114,,84507,54,0,6,0,97,,84514,48,0,6,0,100,,84515,48,0,6,0,92,,84516,48,0,6,0,34,,84517,48,0,6,0,80,,84518,48,0,6,0,32,,84508,54,0,6,0,84,,84509,54,0,6,0
101,'S2-2_6',1037,,84550,48,0,6,0,100,,84551,48,0,6,0,98,,84552,48,0,6,0,99,,84553,48,0,6,0,100,,84554,48,0,6,0,101,,84555,48,0,6,0,103,,84556,48,0,6,0,103,,84557,48,0,6,0,100,,84558,48,0,6,0,96,,84559,48,0,6,0
101,'S2-3_7',947,,84560,48,0,6,0,210,,84561,48,0,6,0,250,,84562,48,0,6,0,150,,84563,48,0,6,0,250,,84564,48,0,6,0
101,'S2-4_1',750,,84570,54,0,6,0,68,,84571,54,0,6,0,29,,84572,54,0,6,0,95,,84576,48,0,6,0,117,,84577,48,0,6,0,154,,84578,48,0,6,0,89,,84579,48,0,6,0,114,,84573,54,0,6,0,97,,84580,48,0,6,0,100,,84581,48,0,6,0,92,,84582,48,0,6,0,34,,84583,48,0,6,0,80,,84584,48,0,6,0,32,,84574,54,0,6,0,84,,84575,54,0,6,0
101,'S2-4_2',750,,84603,54,0,6,0,68,,84604,54,0,6,0,29,,84605,54,0,6,0,95,,84609,48,0,6,0,117,,84610,48,0,6,0,154,,84611,48,0,6,0,89,,84612,48,0,6,0,114,,84606,54,0,6,0,97,,84613,48,0,6,0,100,,84614,48,0,6,0,92,,84615,48,0,6,0,34,,84616,48,0,6,0,80,,84617,48,0,6,0,32,,84607,54,0,6,0,84,,84608,54,0,6,0
101,'S2-4_4',750,,84636,54,0,6,0,68,,84637,54,0,6,0,29,,84638,54,0,6,0,95,,84642,48,0,6,0,117,,84643,48,0,6,0,154,,84644,48,0,6,0,89,,84645,48,0,6,0,114,,84639,54,0,6,0,97,,84646,48,0,6,0,100,,84647,48,0,6,0,92,,84648,48,0,6,0,34,,84649,48,0,6,0,80,,84650,48,0,6,0,32,,84640,54,0,6,0,84,,84641,54,0,6,0
801,'S2-0_4',844,,86784,13,,,0,108,,86785,13,,,0,150,,86786,13,,,0,119,,86778,13,,,0,111,,86787,13,,,0,112,,86788,13,,,0,112,,86789,13,,,0,75,,86779,13,,,0,75,,86780,13,,,0,30,,86781,13,,,0,75,,86782,13,,,0,35,,86783,13,,,0,71,,86790,13,,,0,34,,86791,13,,,0
801,'S2-0_5',844,,86798,13,,,0,108,,86799,13,,,0,150,,86800,13,,,0,119,,86792,13,,,0,111,,86801,13,,,0,112,,86802,13,,,0,112,,86803,13,,,0,75,,86793,13,,,0,75,,86794,13,,,0,30,,86795,13,,,0,75,,86796,13,,,0,35,,86797,13,,,0,71,,86804,13,,,0,34,,86805,13,,,0
801,'S2-1_3',844,,86812,13,,,0,108,,86813,13,,,0,150,,86814,13,,,0,119,,86806,13,,,0,111,,86815,13,,,0,112,,86816,13,,,0,112,,86817,13,,,0,75,,86807,13,,,0,75,,86808,13,,,0,30,,86809,13,,,0,75,,86810,13,,,0,35,,86811,13,,,0,71,,86818,13,,,0,34,,86819,13,,,0
801,'S2-4_1',844,,86826,13,,,0,108,,86827,13,,,0,150,,86828,13,,,0,119,,86820,13,,,0,111,,86829,13,,,0,112,,86830,13,,,0,112,,86831,13,,,0,75,,86821,13,,,0,75,,86822,13,,,0,30,,86823,13,,,0,75,,86824,13,,,0,35,,86825,13,,,0,71,,86832,13,,,0,34,,86833,13,,,0
801,'S2-4_2',844,,86840,13,,,0,108,,86841,13,,,0,150,,86842,13,,,0,119,,86834,13,,,0,111,,86843,13,,,0,112,,86844,13,,,0,112,,86845,13,,,0,75,,86835,13,,,0,75,,86836,13,,,0,30,,86837,13,,,0,75,,86838,13,,,0,35,,86839,13,,,0,71,,86846,13,,,0,34,,86847,13,,,0
801,'S2-4_4',844,,86854,13,,,0,108,,86855,13,,,0,150,,86856,13,,,0,119,,86848,13,,,0,111,,86857,13,,,0,112,,86858,13,,,0,112,,86859,13,,,0,75,,86849,13,,,0,75,,86850,13,,,0,30,,86851,13,,,0,75,,86852,13,,,0,35,,86853,13,,,0,71,,86860,13,,,0,34,,86861,13,,,0
2201,'S2-0_4',1302,,88044,14,,,0,324,,88048,10,,,0,22,,88045,14,,,0,78,,88049,10,,,0,80,,88046,14,,,0,20,,88050,10,,,0,76,,88047,14,,,0
2201,'S2-0_5',1302,,88051,14,,,0,324,,88055,10,,,0,22,,88052,14,,,0,78,,88056,10,,,0,80,,88053,14,,,0,20,,88057,10,,,0,76,,88054,14,,,0
2201,'S2-1_3',1227,,88062,10,,,0,75,,88058,14,,,0,346,,88059,14,,,0,158,,88060,14,,,0,96,,88061,14,,,0
2201,'S2-4_1',1302,,88063,14,,,0,324,,88067,10,,,0,22,,88064,14,,,0,78,,88068,10,,,0,80,,88065,14,,,0,20,,88069,10,,,0,76,,88066,14,,,0
2201,'S2-4_2',1302,,88070,14,,,0,324,,88074,10,,,0,22,,88071,14,,,0,78,,88075,10,,,0,80,,88072,14,,,0,20,,88076,10,,,0,76,,88073,14,,,0
2201,'S2-4_4',1302,,88077,14,,,0,324,,88081,10,,,0,22,,88078,14,,,0,78,,88082,10,,,0,80,,88079,14,,,0,20,,88083,10,,,0,76,,88080,14,,,0
