1001,'S2-0_4',750,,87200,3,,,0,99,,87202,3,,,0,85,,87203,3,,,0,79,,87207,1,,,0,46,,87204,3,,,0,90,,87208,1,,,0,85,,87209,1,,,0,69,,87210,1,,,0,99,,87201,3,,,0,37,,87211,1,,,0,184,,87212,3,,,0,321,,87206,3,,,0
1001,'S2-0_5',750,,87214,3,,,0,99,,87216,3,,,0,85,,87217,3,,,0,79,,87221,1,,,0,46,,87218,3,,,0,90,,87222,1,,,0,85,,87223,1,,,0,69,,87224,1,,,0,99,,87215,3,,,0,37,,87225,1,,,0,184,,87226,3,,,0,321,,87220,3,,,0
1001,'S2-1_3',750,,87228,3,,,0,99,,87230,3,,,0,85,,87231,3,,,0,79,,87235,1,,,0,46,,87232,3,,,0,90,,87236,1,,,0,85,,87237,1,,,0,69,,87238,1,,,0,99,,87229,3,,,0,37,,87239,1,,,0,184,,87240,3,,,0,321,,87234,3,,,0
1001,'S2-2_6',748,,87242,3,,,0,103,,87243,3,,,0,101,,87250,1,,,0,102,,87244,3,,,0,100,,87251,1,,,0,85,,87252,1,,,0,163,,87247,3,,,0,38,,87253,1,,,0,187,,87248,3,,,0,118,,87249,3,,,0,91,,87245,3,,,0,107,,87246,3,,,0
1001,'S2-4_1',750,,87254,3,,,0,99,,87256,3,,,0,85,,87257,3,,,0,79,,87261,1,,,0,46,,87258,3,,,0,90,,87262,1,,,0,85,,87263,1,,,0,69,,87264,1,,,0,99,,87255,3,,,0,37,,87265,1,,,0,184,,87266,3,,,0,321,,87260,3,,,0
1001,'S2-4_2',750,,87268,3,,,0,99,,87270,3,,,0,85,,87271,3,,,0,79,,87275,1,,,0,46,,87272,3,,,0,90,,87276,1,,,0,85,,87277,1,,,0,69,,87278,1,,,0,99,,87269,3,,,0,37,,87279,1,,,0,184,,87280,3,,,0,321,,87274,3,,,0
1001,'S2-4_4',750,,87282,3,,,0,99,,87284,3,,,0,85,,87285,3,,,0,79,,87289,1,,,0,46,,87286,3,,,0,90,,87290,1,,,0,85,,87291,1,,,0,69,,87292,1,,,0,99,,87283,3,,,0,37,,87293,1,,,0,184,,87294,3,,,0,321,,87288,3,,,0
1000001,'S2-0_4',552,,89913,19,,,0,60,,89914,19,,,0,20,,89915,19,,,0,20,,89916,19,,,0,61,,89917,19,,,0,10,,89997,19,,,0,11,,89998,19,,,0,10,,89948,25,,,0,10,,89949,25,,,0,50,,89950,25,,,0,11,,89951,25,,,0,10,,89952,25,,,0,9,,89953,25,,,0,10,,89954,25,,,0,10,,89955,25,,,0,50,,89956,25,,,0,10,,89957,25,,,0,10,,89958,25,,,0,11,,89959,25,,,0,11,,89918,19,,,0,11,,89919,25,,,0,50,,89920,19,,,0,10,,89921,25,,,0,11,,89922,19,,,0,11,,89960,25,,,0,11,,89923,19,,,0,51,,89924,25,,,0,10,,89925,19,,,0,11,,89926,25,,,0,10,,89927,19,,,0,11,,89961,25,,,0,11,,89928,19,,,0,51,,89929,25,,,0,10,,89930,19,,,0,9,,89931,25,,,0,9,,89962,19,,,0,10,,89963,25,,,0,10,,89964,19,,,0,50,,89965,25,,,0,10,,89966,19,,,0,10,,89967,25,,,0,10,,89968,19,,,0,9,,89969,25,,,0,10,,89970,19,,,0,51,,89971,25,,,0,10,,89972,19,,,0,10,,89973,25,,,0,10,,89974,19,,,0,10,,89932,25,,,0,10,,89933,19,,,0,49,,89975,25,,,0,10,,89934,19,,,0,9,,89935,25,,,0,11,,89936,19,,,0,11,,89976,25,,,0,12,,89937,19,,,0,51,,89938,25,,,0,11,,89939,19,,,0,10,,89940,25,,,0,9,,89941,25,,,0,10,,89977,25,,,0,10,,89978,25,,,0,50,,89979,25,,,0,11,,89980,25,,,0,11,,89981,25,,,0,11,,89982,25,,,0,10,,89983,25,,,0,10,,89984,25,,,0,49,,89985,25,,,0,10,,89986,25,,,0,10,,89987,25,,,0,8,,89988,25,,,0,9,,89989,25,,,0,9,,89990,25,,,0,48,,89991,25,,,0,9,,89992,19,,,0,9,,89993,25,,,0,10,,89994,19,,,0,12,,89996,25,,,0,59,,89995,25,,,0,20,,89942,19,,,0,20,,89943,19,,,0,60,,89944,19,,,0,20,,89945,19,,,0,19,,89946,19,,,0,60,,89947,19,,,0
1000001,'S2-0_5',552,,89999,19,,,0,60,,90000,19,,,0,20,,90001,19,,,0,20,,90002,19,,,0,61,,90003,19,,,0,10,,90083,19,,,0,11,,90084,19,,,0,10,,90034,25,,,0,10,,90035,25,,,0,50,,90036,25,,,0,11,,90037,25,,,0,10,,90038,25,,,0,9,,90039,25,,,0,10,,90040,25,,,0,10,,90041,25,,,0,50,,90042,25,,,0,10,,90043,25,,,0,10,,90044,25,,,0,11,,90045,25,,,0,11,,90004,19,,,0,11,,90005,25,,,0,50,,90006,19,,,0,10,,90007,25,,,0,11,,90008,19,,,0,11,,90046,25,,,0,11,,90009,19,,,0,51,,90010,25,,,0,10,,90011,19,,,0,11,,90012,25,,,0,10,,90013,19,,,0,11,,90047,25,,,0,11,,90014,19,,,0,51,,90015,25,,,0,10,,90016,19,,,0,9,,90017,25,,,0,9,,90048,19,,,0,10,,90049,25,,,0,10,,90050,19,,,0,50,,90051,25,,,0,10,,90052,19,,,0,10,,90053,25,,,0,10,,90054,19,,,0,9,,90055,25,,,0,10,,90056,19,,,0,51,,90057,25,,,0,10,,90058,19,,,0,10,,90059,25,,,0,10,,90060,19,,,0,10,,90018,25,,,0,10,,90019,19,,,0,49,,90061,25,,,0,10,,90020,19,,,0,9,,90021,25,,,0,11,,90022,19,,,0,11,,90062,25,,,0,12,,90023,19,,,0,51,,90024,25,,,0,11,,90025,19,,,0,10,,90026,25,,,0,9,,90027,25,,,0,10,,90063,25,,,0,10,,90064,25,,,0,50,,90065,25,,,0,11,,90066,25,,,0,11,,90067,25,,,0,11,,90068,25,,,0,10,,90069,25,,,0,10,,90070,25,,,0,49,,90071,25,,,0,10,,90072,25,,,0,10,,90073,25,,,0,8,,90074,25,,,0,9,,90075,25,,,0,9,,90076,25,,,0,48,,90077,25,,,0,9,,90078,19,,,0,9,,90079,25,,,0,10,,90080,19,,,0,12,,90082,25,,,0,59,,90081,25,,,0,20,,90028,19,,,0,20,,90029,19,,,0,60,,90030,19,,,0,20,,90031,19,,,0,19,,90032,19,,,0,60,,90033,19,,,0
1000001,'S2-1_3',552,,90085,19,,,0,60,,90086,19,,,0,20,,90087,19,,,0,20,,90088,19,,,0,61,,90089,19,,,0,10,,90169,19,,,0,11,,90170,19,,,0,10,,90120,25,,,0,10,,90121,25,,,0,50,,90122,25,,,0,11,,90123,25,,,0,10,,90124,25,,,0,9,,90125,25,,,0,10,,90126,25,,,0,10,,90127,25,,,0,50,,90128,25,,,0,10,,90129,25,,,0,10,,90130,25,,,0,11,,90131,25,,,0,11,,90090,19,,,0,11,,90091,25,,,0,50,,90092,19,,,0,10,,90093,25,,,0,11,,90094,19,,,0,11,,90132,25,,,0,11,,90095,19,,,0,51,,90096,25,,,0,10,,90097,19,,,0,11,,90098,25,,,0,10,,90099,19,,,0,11,,90133,25,,,0,11,,90100,19,,,0,51,,90101,25,,,0,10,,90102,19,,,0,9,,90103,25,,,0,9,,90134,19,,,0,10,,90135,25,,,0,10,,90136,19,,,0,50,,90137,25,,,0,10,,90138,19,,,0,10,,90139,25,,,0,10,,90140,19,,,0,9,,90141,25,,,0,10,,90142,19,,,0,51,,90143,25,,,0,10,,90144,19,,,0,10,,90145,25,,,0,10,,90146,19,,,0,10,,90104,25,,,0,10,,90105,19,,,0,49,,90147,25,,,0,10,,90106,19,,,0,9,,90107,25,,,0,11,,90108,19,,,0,11,,90148,25,,,0,12,,90109,19,,,0,51,,90110,25,,,0,11,,90111,19,,,0,10,,90112,25,,,0,9,,90113,25,,,0,10,,90149,25,,,0,10,,90150,25,,,0,50,,90151,25,,,0,11,,90152,25,,,0,11,,90153,25,,,0,11,,90154,25,,,0,10,,90155,25,,,0,10,,90156,25,,,0,49,,90157,25,,,0,10,,90158,25,,,0,10,,90159,25,,,0,8,,90160,25,,,0,9,,90161,25,,,0,9,,90162,25,,,0,48,,90163,25,,,0,9,,90164,19,,,0,9,,90165,25,,,0,10,,90166,19,,,0,12,,90168,25,,,0,59,,90167,25,,,0,20,,90114,19,,,0,20,,90115,19,,,0,60,,90116,19,,,0,20,,90117,19,,,0,19,,90118,19,,,0,60,,90119,19,,,0
1000001,'S2-2_6',552,,90171,19,,,0,81,,90172,19,,,0,81,,90173,19,,,0,30,,90174,19,,,0,69,,90175,25,,,0,29,,90176,25,,,0,15,,90177,19,,,0,55,,90178,19,,,0,15,,90179,25,,,0,16,,90180,19,,,0,15,,90181,19,,,0,55,,90182,25,,,0,16,,90183,19,,,0,15,,90184,19,,,0,56,,90185,25,,,0,15,,90186,19,,,0,15,,90187,19,,,0,16,,90188,25,,,0,54,,90189,19,,,0,16,,90190,19,,,0,15,,90191,25,,,0,14,,90192,19,,,0,57,,90193,19,,,0,16,,90194,25,,,0,9,,90195,19,,,0,9,,90196,19,,,0,9,,90197,19,,,0,10,,90199,19,,,0,50,,90198,25,,,0,10,,90200,19,,,0,11,,90201,19,,,0,12,,90202,25,,,0,10,,90203,19,,,0,9,,90204,19,,,0,50,,90205,19,,,0,11,,90206,25,,,0,10,,90207,19,,,0,10,,90208,19,,,0,11,,90209,19,,,0,51,,90210,25,,,0,9,,90211,19,,,0,10,,90212,19,,,0,10,,90213,19,,,0,12,,90214,25,,,0,9,,90215,19,,,0,9,,90216,19,,,0,50,,90217,19,,,0,10,,90219,19,,,0,9,,90218,25,,,0,10,,90220,19,,,0,9,,90221,19,,,0,10,,90223,19,,,0,49,,90222,25,,,0,9,,90224,19,,,0,9,,90225,19,,,0,9,,90227,19,,,0,10,,90226,25,,,0,10,,90228,19,,,0,53,,90229,19,,,0,19,,90230,25,,,0,17,,90231,19,,,0,61,,90232,19,,,0,21,,90233,19,,,0,17,,90234,19,,,0,59,,90235,19,,,0,20,,90236,19,,,0,20,,90237,19,,,0,60,,90238,19,,,0
1000001,'S2-3_7',822,,90239,19,,,0,80,,90240,19,,,0,40,,90241,19,,,0,80,,90242,19,,,0,80,,90243,19,,,0,40,,90244,19,,,0,80,,90245,19,,,0,80,,90246,19,,,0,40,,90247,19,,,0,80,,90248,19,,,0,80,,90249,19,,,0,40,,90250,19,,,0,80,,90251,19,,,0,80,,90252,19,,,0,40,,90253,19,,,0,80,,90254,19,,,0,80,,90255,19,,,0,40,,90256,19,,,0
1000001,'S2-4_1',552,,90257,19,,,0,60,,90258,19,,,0,20,,90259,19,,,0,20,,90260,19,,,0,61,,90261,19,,,0,10,,90341,19,,,0,11,,90342,19,,,0,10,,90292,25,,,0,10,,90293,25,,,0,50,,90294,25,,,0,11,,90295,25,,,0,10,,90296,25,,,0,9,,90297,25,,,0,10,,90298,25,,,0,10,,90299,25,,,0,50,,90300,25,,,0,10,,90301,25,,,0,10,,90302,25,,,0,11,,90303,25,,,0,11,,90262,19,,,0,11,,90263,25,,,0,50,,90264,19,,,0,10,,90265,25,,,0,11,,90266,19,,,0,11,,90304,25,,,0,11,,90267,19,,,0,51,,90268,25,,,0,10,,90269,19,,,0,11,,90270,25,,,0,10,,90271,19,,,0,11,,90305,25,,,0,11,,90272,19,,,0,51,,90273,25,,,0,10,,90274,19,,,0,9,,90275,25,,,0,9,,90306,19,,,0,10,,90307,25,,,0,10,,90308,19,,,0,50,,90309,25,,,0,10,,90310,19,,,0,10,,90311,25,,,0,10,,90312,19,,,0,9,,90313,25,,,0,10,,90314,19,,,0,51,,90315,25,,,0,10,,90316,19,,,0,10,,90317,25,,,0,10,,90318,19,,,0,10,,90276,25,,,0,10,,90277,19,,,0,49,,90319,25,,,0,10,,90278,19,,,0,9,,90279,25,,,0,11,,90280,19,,,0,11,,90320,25,,,0,12,,90281,19,,,0,51,,90282,25,,,0,11,,90283,19,,,0,10,,90284,25,,,0,9,,90285,25,,,0,10,,90321,25,,,0,10,,90322,25,,,0,50,,90323,25,,,0,11,,90324,25,,,0,11,,90325,25,,,0,11,,90326,25,,,0,10,,90327,25,,,0,10,,90328,25,,,0,49,,90329,25,,,0,10,,90330,25,,,0,10,,90331,25,,,0,8,,90332,25,,,0,9,,90333,25,,,0,9,,90334,25,,,0,48,,90335,25,,,0,9,,90336,19,,,0,9,,90337,25,,,0,10,,90338,19,,,0,12,,90340,25,,,0,59,,90339,25,,,0,20,,90286,19,,,0,20,,90287,19,,,0,60,,90288,19,,,0,20,,90289,19,,,0,19,,90290,19,,,0,60,,90291,19,,,0
1000001,'S2-4_2',552,,90343,19,,,0,60,,90344,19,,,0,20,,90345,19,,,0,20,,90346,19,,,0,61,,90347,19,,,0,10,,90427,19,,,0,11,,90428,19,,,0,10,,90378,25,,,0,10,,90379,25,,,0,50,,90380,25,,,0,11,,90381,25,,,0,10,,90382,25,,,0,9,,90383,25,,,0,10,,90384,25,,,0,10,,90385,25,,,0,50,,90386,25,,,0,10,,90387,25,,,0,10,,90388,25,,,0,11,,90389,25,,,0,11,,90348,19,,,0,11,,90349,25,,,0,50,,90350,19,,,0,10,,90351,25,,,0,11,,90352,19,,,0,11,,90390,25,,,0,11,,90353,19,,,0,51,,90354,25,,,0,10,,90355,19,,,0,11,,90356,25,,,0,10,,90357,19,,,0,11,,90391,25,,,0,11,,90358,19,,,0,51,,90359,25,,,0,10,,90360,19,,,0,9,,90361,25,,,0,9,,90392,19,,,0,10,,90393,25,,,0,10,,90394,19,,,0,50,,90395,25,,,0,10,,90396,19,,,0,10,,90397,25,,,0,10,,90398,19,,,0,9,,90399,25,,,0,10,,90400,19,,,0,51,,90401,25,,,0,10,,90402,19,,,0,10,,90403,25,,,0,10,,90404,19,,,0,10,,90362,25,,,0,10,,90363,19,,,0,49,,90405,25,,,0,10,,90364,19,,,0,9,,90365,25,,,0,11,,90366,19,,,0,11,,90406,25,,,0,12,,90367,19,,,0,51,,90368,25,,,0,11,,90369,19,,,0,10,,90370,25,,,0,9,,90371,25,,,0,10,,90407,25,,,0,10,,90408,25,,,0,50,,90409,25,,,0,11,,90410,25,,,0,11,,90411,25,,,0,11,,90412,25,,,0,10,,90413,25,,,0,10,,90414,25,,,0,49,,90415,25,,,0,10,,90416,25,,,0,10,,90417,25,,,0,8,,90418,25,,,0,9,,90419,25,,,0,9,,90420,25,,,0,48,,90421,25,,,0,9,,90422,19,,,0,9,,90423,25,,,0,10,,90424,19,,,0,12,,90426,25,,,0,59,,90425,25,,,0,20,,90372,19,,,0,20,,90373,19,,,0,60,,90374,19,,,0,20,,90375,19,,,0,19,,90376,19,,,0,60,,90377,19,,,0
1000001,'S2-4_4',552,,90429,19,,,0,60,,90430,19,,,0,20,,90431,19,,,0,20,,90432,19,,,0,61,,90433,19,,,0,10,,90513,19,,,0,11,,90514,19,,,0,10,,90464,25,,,0,10,,90465,25,,,0,50,,90466,25,,,0,11,,90467,25,,,0,10,,90468,25,,,0,9,,90469,25,,,0,10,,90470,25,,,0,10,,90471,25,,,0,50,,90472,25,,,0,10,,90473,25,,,0,10,,90474,25,,,0,11,,90475,25,,,0,11,,90434,19,,,0,11,,90435,25,,,0,50,,90436,19,,,0,10,,90437,25,,,0,11,,90438,19,,,0,11,,90476,25,,,0,11,,90439,19,,,0,51,,90440,25,,,0,10,,90441,19,,,0,11,,90442,25,,,0,10,,90443,19,,,0,11,,90477,25,,,0,11,,90444,19,,,0,51,,90445,25,,,0,10,,90446,19,,,0,9,,90447,25,,,0,9,,90478,19,,,0,10,,90479,25,,,0,10,,90480,19,,,0,50,,90481,25,,,0,10,,90482,19,,,0,10,,90483,25,,,0,10,,90484,19,,,0,9,,90485,25,,,0,10,,90486,19,,,0,51,,90487,25,,,0,10,,90488,19,,,0,10,,90489,25,,,0,10,,90490,19,,,0,10,,90448,25,,,0,10,,90449,19,,,0,49,,90491,25,,,0,10,,90450,19,,,0,9,,90451,25,,,0,11,,90452,19,,,0,11,,90492,25,,,0,12,,90453,19,,,0,51,,90454,25,,,0,11,,90455,19,,,0,10,,90456,25,,,0,9,,90457,25,,,0,10,,90493,25,,,0,10,,90494,25,,,0,50,,90495,25,,,0,11,,90496,25,,,0,11,,90497,25,,,0,11,,90498,25,,,0,10,,90499,25,,,0,10,,90500,25,,,0,49,,90501,25,,,0,10,,90502,25,,,0,10,,90503,25,,,0,8,,90504,25,,,0,9,,90505,25,,,0,9,,90506,25,,,0,48,,90507,25,,,0,9,,90508,19,,,0,9,,90509,25,,,0,10,,90510,19,,,0,12,,90512,25,,,0,59,,90511,25,,,0,20,,90458,19,,,0,20,,90459,19,,,0,60,,90460,19,,,0,20,,90461,19,,,0,19,,90462,19,,,0,60,,90463,19,,,0
