400,'S2-0_4',916,,85675,2,0,40,0,304,,85696,2,0,40,0,124,,85684,2,0,40,0,104,,85685,2,0,40,0,165,,85686,2,0,40,0,119,,85688,2,0,40,0,124,,85691,2,0,40,0
400,'S2-0_5',916,,85709,2,0,40,0,304,,85730,2,0,40,0,124,,85718,2,0,40,0,104,,85719,2,0,40,0,165,,85720,2,0,40,0,119,,85722,2,0,40,0,124,,85725,2,0,40,0
400,'S2-1_3',916,,85743,2,0,40,0,304,,85763,2,0,40,0,124,,85752,2,0,40,0,104,,85753,2,0,40,0,165,,85754,2,0,40,0,119,,85756,2,0,40,0,124,,85759,2,0,40,0
400,'S2-2_6',819,,85771,2,0,40,0,196,,85772,2,0,40,0,202,,85773,2,0,40,0,201,,85774,2,0,40,0,202,,85775,2,0,40,0,209,,85776,2,0,40,0
400,'S2-3_7',801,,85795,2,0,40,0,125,,85796,2,0,40,0,125,,85797,2,0,40,0,200,,85798,2,0,40,0,165,,85799,2,0,40,0,125,,85800,2,0,40,0,165,,85801,2,0,40,0,125,,85802,2,0,40,0
400,'S2-4_1',916,,85808,2,0,40,0,304,,85829,2,0,40,0,124,,85817,2,0,40,0,104,,85818,2,0,40,0,165,,85819,2,0,40,0,119,,85821,2,0,40,0,124,,85824,2,0,40,0
400,'S2-4_2',916,,85842,2,0,40,0,304,,85863,2,0,40,0,124,,85851,2,0,40,0,104,,85852,2,0,40,0,165,,85853,2,0,40,0,119,,85855,2,0,40,0,124,,85858,2,0,40,0
400,'S2-4_4',916,,85876,2,0,40,0,304,,85897,2,0,40,0,124,,85885,2,0,40,0,104,,85886,2,0,40,0,165,,85887,2,0,40,0,119,,85889,2,0,40,0,124,,85892,2,0,40,0
2901200,'S2-0_4',634,,91492,2,,,0,104,,91491,2,,,0
2901200,'S2-0_5',634,,91494,2,,,0,104,,91493,2,,,0
2901200,'S2-1_3',634,,91496,2,,,0,104,,91495,2,,,0
2901200,'S2-4_1',634,,91498,2,,,0,104,,91497,2,,,0
2901200,'S2-4_2',634,,91500,2,,,0,104,,91499,2,,,0
2901200,'S2-4_4',634,,91502,2,,,0,104,,91501,2,,,0
