901,'S2-0_4',802,,86988,18,0,26,0,26,,86989,18,0,27 63,0,103,,86994,18,0,23 24,0,95,,86998,3,0,23 24,0,98,,86995,18,0,23 24,0,106,,86990,18,0,27 63,0,181,,86996,18,0,23 24,0,112,,86997,18,0,23 24,0,109,,86991,18,0,27 63,0,102,,86992,18,0,27 63,0,95,,86993,18,0,27 63,0,125,,87003,18,,,0
901,'S2-0_5',802,,87004,18,0,26,0,26,,87005,18,0,27 63,0,103,,87010,18,0,23 24,0,95,,87014,3,0,23 24,0,98,,87011,18,0,23 24,0,106,,87006,18,0,27 63,0,181,,87012,18,0,23 24,0,112,,87013,18,0,23 24,0,109,,87007,18,0,27 63,0,102,,87008,18,0,27 63,0,95,,87009,18,0,27 63,0,125,,87019,18,,,0
901,'S2-1_3',802,,87020,18,0,26,0,26,,87021,18,0,27 63,0,103,,87026,18,0,23 24,0,95,,87030,3,0,23 24,0,98,,87027,18,0,23 24,0,106,,87022,18,0,27 63,0,181,,87028,18,0,23 24,0,112,,87029,18,0,23 24,0,109,,87023,18,0,27 63,0,102,,87024,18,0,27 63,0,95,,87025,18,0,27 63,0,125,,87035,18,,,0
901,'S2-2_6',758,,87036,18,0,23 24,0,99,,87048,18,0,25,0,90,,87041,3,0,23 24,0,165,,87042,3,0,23 24,0,113,,87046,18,0,25,0,79,,87043,3,0,23 24,0,107,,87045,3,0,25,0,90,,87047,3,0,25,0,44,,87044,18,0,25,0,82,,87037,18,0,23 24,0,104,,87038,18,0,23 24,0,172,,87039,18,0,23 24,0,50,,87040,18,0,23 24,0
901,'S2-4_1',802,,87049,18,0,26,0,26,,87050,18,0,27 63,0,103,,87055,18,0,23 24,0,95,,87059,3,0,23 24,0,98,,87056,18,0,23 24,0,106,,87051,18,0,27 63,0,181,,87057,18,0,23 24,0,112,,87058,18,0,23 24,0,109,,87052,18,0,27 63,0,102,,87053,18,0,27 63,0,95,,87054,18,0,27 63,0,125,,87064,18,,,0
901,'S2-4_2',802,,87065,18,0,26,0,26,,87066,18,0,27 63,0,103,,87071,18,0,23 24,0,95,,87075,3,0,23 24,0,98,,87072,18,0,23 24,0,106,,87067,18,0,27 63,0,181,,87073,18,0,23 24,0,112,,87074,18,0,23 24,0,109,,87068,18,0,27 63,0,102,,87069,18,0,27 63,0,95,,87070,18,0,27 63,0,125,,87080,18,,,0
901,'S2-4_4',802,,87081,18,0,26,0,26,,87082,18,0,27 63,0,103,,87087,18,0,23 24,0,95,,87091,3,0,23 24,0,98,,87088,18,0,23 24,0,106,,87083,18,0,27 63,0,181,,87089,18,0,23 24,0,112,,87090,18,0,23 24,0,109,,87084,18,0,27 63,0,102,,87085,18,0,27 63,0,95,,87086,18,0,27 63,0,125,,87096,18,,,0
1601,'S2-0_4',842,,87596,3,,,0,205,,87598,3,,,0,153,,87601,3,,,0,146,,87599,3,,,0,178,,87602,3,,,0,282,,87600,3,,,0
1601,'S2-0_5',842,,87604,3,,,0,205,,87606,3,,,0,153,,87609,3,,,0,146,,87607,3,,,0,178,,87610,3,,,0,282,,87608,3,,,0
1601,'S2-1_3',842,,87612,3,,,0,205,,87614,3,,,0,153,,87617,3,,,0,146,,87615,3,,,0,178,,87618,3,,,0,282,,87616,3,,,0
1601,'S2-2_6',842,,87620,3,,,0,205,,87622,3,,,0,153,,87625,3,,,0,146,,87623,3,,,0,178,,87626,3,,,0,282,,87624,3,,,0
1601,'S2-4_1',842,,87628,3,,,0,205,,87630,3,,,0,153,,87633,3,,,0,146,,87631,3,,,0,178,,87634,3,,,0,282,,87632,3,,,0
1601,'S2-4_2',842,,87636,3,,,0,205,,87638,3,,,0,153,,87641,3,,,0,146,,87639,3,,,0,178,,87642,3,,,0,282,,87640,3,,,0
1601,'S2-4_4',842,,87644,3,,,0,205,,87646,3,,,0,153,,87649,3,,,0,146,,87647,3,,,0,178,,87650,3,,,0,282,,87648,3,,,0
1901,'S2-0_4',1642,,87883,3,,,0,110,,87884,3,,,0,100,,87885,3,,,0
1901,'S2-0_5',1642,,87892,3,,,0,110,,87893,3,,,0,100,,87894,3,,,0
1901,'S2-1_3',1304,,87900,18,,,0,338,,87896,3,,,0,110,,87897,3,,,0,100,,87898,3,,,0
1901,'S2-4_1',1642,,87907,3,,,0,110,,87908,3,,,0,100,,87909,3,,,0
1901,'S2-4_2',1642,,87916,3,,,0,110,,87917,3,,,0,100,,87918,3,,,0
1901,'S2-4_4',1642,,87925,3,,,0,110,,87926,3,,,0,100,,87927,3,,,0
