2600,'S2-0_4',720,,88333,24,,,0,17,,88344,24,,,0,79,,88345,24,,,0,18,,88346,24,,,0,83,,88347,24,,,0,29,,88348,24,,,0,95,,88334,24,,,0,99,,88335,24,,,0,97,,88336,24,,,0,67,,88337,24,,,0,30,,88352,24,,,0,95,,88353,24,,,0,112,,88338,24,,,0,86,,88339,24,,,0,26,,88349,24,,,0,73,,88350,24,,,0,20,,88340,24,,,0,67,,88341,24,,,0,29,,88342,24,,,0,68,,88355,24,,,0
2600,'S2-0_5',720,,88357,24,,,0,17,,88368,24,,,0,79,,88369,24,,,0,18,,88370,24,,,0,83,,88371,24,,,0,29,,88372,24,,,0,95,,88358,24,,,0,99,,88359,24,,,0,97,,88360,24,,,0,67,,88361,24,,,0,30,,88376,24,,,0,95,,88377,24,,,0,112,,88362,24,,,0,86,,88363,24,,,0,26,,88373,24,,,0,73,,88374,24,,,0,20,,88364,24,,,0,67,,88365,24,,,0,29,,88366,24,,,0,68,,88379,24,,,0
2600,'S2-1_3',720,,88381,24,,,0,17,,88392,24,,,0,79,,88393,24,,,0,18,,88394,24,,,0,83,,88395,24,,,0,29,,88396,24,,,0,95,,88382,24,,,0,99,,88383,24,,,0,97,,88384,24,,,0,67,,88385,24,,,0,30,,88400,24,,,0,95,,88401,24,,,0,112,,88386,24,,,0,86,,88387,24,,,0,26,,88397,24,,,0,73,,88398,24,,,0,20,,88388,24,,,0,67,,88389,24,,,0,29,,88390,24,,,0,68,,88402,24,,,0
2600,'S2-2_6',740,,88404,24,,,0,86,,88405,24,,,0,84,,88406,24,,,0,45,,88407,24,,,0,84,,88408,24,,,0,90,,88409,24,,,0,84,,88410,24,,,0,42,,88411,24,,,0,85,,88412,24,,,0,85,,88413,24,,,0,83,,88414,24,,,0,45,,88415,24,,,0,91,,88416,24,,,0,86,,88417,24,,,0,83,,88418,24,,,0,44,,88419,24,,,0,82,,88420,24,,,0
2600,'S2-4_1',720,,88421,24,,,0,17,,88432,24,,,0,79,,88433,24,,,0,18,,88434,24,,,0,83,,88435,24,,,0,29,,88436,24,,,0,95,,88422,24,,,0,99,,88423,24,,,0,97,,88424,24,,,0,67,,88425,24,,,0,30,,88440,24,,,0,95,,88441,24,,,0,112,,88426,24,,,0,86,,88427,24,,,0,26,,88437,24,,,0,73,,88438,24,,,0,20,,88428,24,,,0,67,,88429,24,,,0,29,,88430,24,,,0,68,,88443,24,,,0
2600,'S2-4_2',720,,88445,24,,,0,17,,88456,24,,,0,79,,88457,24,,,0,18,,88458,24,,,0,83,,88459,24,,,0,29,,88460,24,,,0,95,,88446,24,,,0,99,,88447,24,,,0,97,,88448,24,,,0,67,,88449,24,,,0,30,,88464,24,,,0,95,,88465,24,,,0,112,,88450,24,,,0,86,,88451,24,,,0,26,,88461,24,,,0,73,,88462,24,,,0,20,,88452,24,,,0,67,,88453,24,,,0,29,,88454,24,,,0,68,,88467,24,,,0
2600,'S2-4_4',720,,88470,24,,,0,17,,88481,24,,,0,79,,88482,24,,,0,18,,88483,24,,,0,83,,88484,24,,,0,29,,88485,24,,,0,95,,88471,24,,,0,99,,88472,24,,,0,97,,88473,24,,,0,67,,88474,24,,,0,30,,88489,24,,,0,95,,88490,24,,,0,112,,88475,24,,,0,86,,88476,24,,,0,26,,88486,24,,,0,73,,88487,24,,,0,20,,88477,24,,,0,67,,88478,24,,,0,29,,88479,24,,,0,68,,88492,24,,,0
3000000,'S2-0_4',649,,91563,19,,,0,59,,91562,19,,,0,21,,91567,4,0,14,0,4,,91522,19,,,0,9,,91564,4,0,14,0,12,,91523,19,,,0,47,,91565,4,0,14,0,10,,91524,19,,,0,8,,91566,4,0,14,0,12,,91525,19,,,0,20,,91526,19,,,0,62,,91527,19,,,0,20,,91528,19,,,0,20,,91529,19,,,0,61,,91530,19,,,0,17,,91531,19,,,0,21,,91532,19,,,0,60,,91533,19,,,0,20,,91534,19,,,0,21,,91535,19,,,0,61,,91536,19,,,0,19,,91537,19,,,0,21,,91538,19,,,0,59,,91539,19,,,0,20,,91540,19,,,0,19,,91541,19,,,0,60,,91542,19,,,0,21,,91543,19,,,0,20,,91544,19,,,0,61,,91545,19,,,0,19,,91546,19,,,0,19,,91547,19,,,0,61,,91548,19,,,0,16,,91549,19,,,0,20,,91550,19,,,0,61,,91551,19,,,0,20,,91552,19,,,0,20,,91553,19,,,0,59,,91554,19,,,0,20,,91555,19,,,0,20,,91556,19,,,0,60,,91557,19,,,0,19,,91558,19,,,0,29,,91559,19,,,0,73,,91560,19,,,0,72,,91561,19,,,0
3000000,'S2-0_5',649,,91609,19,,,0,59,,91608,19,,,0,21,,91613,4,0,14,0,4,,91568,19,,,0,9,,91610,4,0,14,0,12,,91569,19,,,0,47,,91611,4,0,14,0,10,,91570,19,,,0,8,,91612,4,0,14,0,12,,91571,19,,,0,20,,91572,19,,,0,62,,91573,19,,,0,20,,91574,19,,,0,20,,91575,19,,,0,61,,91576,19,,,0,17,,91577,19,,,0,21,,91578,19,,,0,60,,91579,19,,,0,20,,91580,19,,,0,21,,91581,19,,,0,61,,91582,19,,,0,19,,91583,19,,,0,21,,91584,19,,,0,59,,91585,19,,,0,20,,91586,19,,,0,19,,91587,19,,,0,60,,91588,19,,,0,21,,91589,19,,,0,20,,91590,19,,,0,61,,91591,19,,,0,19,,91592,19,,,0,19,,91593,19,,,0,61,,91594,19,,,0,16,,91595,19,,,0,20,,91596,19,,,0,61,,91597,19,,,0,20,,91598,19,,,0,20,,91599,19,,,0,59,,91600,19,,,0,20,,91601,19,,,0,20,,91602,19,,,0,60,,91603,19,,,0,19,,91604,19,,,0,29,,91605,19,,,0,73,,91606,19,,,0,72,,91607,19,,,0
3000000,'S2-1_3',649,,91655,19,,,0,59,,91654,19,,,0,21,,91659,4,0,14,0,4,,91614,19,,,0,9,,91656,4,0,14,0,12,,91615,19,,,0,47,,91657,4,0,14,0,10,,91616,19,,,0,8,,91658,4,0,14,0,12,,91617,19,,,0,20,,91618,19,,,0,62,,91619,19,,,0,20,,91620,19,,,0,20,,91621,19,,,0,61,,91622,19,,,0,17,,91623,19,,,0,21,,91624,19,,,0,60,,91625,19,,,0,20,,91626,19,,,0,21,,91627,19,,,0,61,,91628,19,,,0,19,,91629,19,,,0,21,,91630,19,,,0,59,,91631,19,,,0,20,,91632,19,,,0,19,,91633,19,,,0,60,,91634,19,,,0,21,,91635,19,,,0,20,,91636,19,,,0,61,,91637,19,,,0,19,,91638,19,,,0,19,,91639,19,,,0,61,,91640,19,,,0,16,,91641,19,,,0,20,,91642,19,,,0,61,,91643,19,,,0,20,,91644,19,,,0,20,,91645,19,,,0,59,,91646,19,,,0,20,,91647,19,,,0,20,,91648,19,,,0,60,,91649,19,,,0,19,,91650,19,,,0,29,,91651,19,,,0,73,,91652,19,,,0,72,,91653,19,,,0
3000000,'S2-2_6',652,,91660,19,,,0,82,,91661,19,,,0,82,,91662,19,,,0,30,,91663,19,,,0,60,,91664,19,,,0,20,,91665,19,,,0,21,,91666,19,,,0,60,,91667,19,,,0,20,,91668,19,,,0,20,,91669,19,,,0,61,,91670,19,,,0,19,,91671,19,,,0,20,,91672,19,,,0,60,,91673,19,,,0,19,,91674,19,,,0,19,,91675,19,,,0,60,,91676,19,,,0,20,,91677,19,,,0,21,,91678,19,,,0,59,,91679,19,,,0,21,,91680,19,,,0,20,,91681,19,,,0,61,,91682,19,,,0,20,,91683,19,,,0,20,,91684,19,,,0,60,,91685,19,,,0,20,,91686,19,,,0,20,,91687,19,,,0,60,,91688,19,,,0,20,,91689,19,,,0,20,,91690,19,,,0,60,,91691,19,,,0,19,,91692,19,,,0,19,,91693,19,,,0,59,,91694,19,,,0,30,,91695,19,,,0,70,,91696,19,,,0,29,,91697,19,,,0,69,,91698,19,,,0
3000000,'S2-3_7',814,,91700,19,,,0,130,,91701,19,,,0,170,,91708,19,,,0,130,,91707,19,,,0,170,,91706,19,,,0,130,,91704,19,,,0,100,,91713,4,0,14,0,70,,91705,19,,,0,30,,91699,4,0,14,0,70,,91709,4,0,14,0,29,,91703,19,,,0,71,,91710,4,0,14,0,30,,91711,4,0,14,0,69,,91702,19,,,0,91,,91712,4,0,14,0
3000000,'S2-4_1',649,,91755,19,,,0,59,,91754,19,,,0,21,,91759,4,0,14,0,4,,91714,19,,,0,9,,91756,4,0,14,0,12,,91715,19,,,0,47,,91757,4,0,14,0,10,,91716,19,,,0,8,,91758,4,0,14,0,12,,91717,19,,,0,20,,91718,19,,,0,62,,91719,19,,,0,20,,91720,19,,,0,20,,91721,19,,,0,61,,91722,19,,,0,17,,91723,19,,,0,21,,91724,19,,,0,60,,91725,19,,,0,20,,91726,19,,,0,21,,91727,19,,,0,61,,91728,19,,,0,19,,91729,19,,,0,21,,91730,19,,,0,59,,91731,19,,,0,20,,91732,19,,,0,19,,91733,19,,,0,60,,91734,19,,,0,21,,91735,19,,,0,20,,91736,19,,,0,61,,91737,19,,,0,19,,91738,19,,,0,19,,91739,19,,,0,61,,91740,19,,,0,16,,91741,19,,,0,20,,91742,19,,,0,61,,91743,19,,,0,20,,91744,19,,,0,20,,91745,19,,,0,59,,91746,19,,,0,20,,91747,19,,,0,20,,91748,19,,,0,60,,91749,19,,,0,19,,91750,19,,,0,29,,91751,19,,,0,73,,91752,19,,,0,72,,91753,19,,,0
3000000,'S2-4_2',649,,91801,19,,,0,59,,91800,19,,,0,21,,91805,4,0,14,0,4,,91760,19,,,0,9,,91802,4,0,14,0,12,,91761,19,,,0,47,,91803,4,0,14,0,10,,91762,19,,,0,8,,91804,4,0,14,0,12,,91763,19,,,0,20,,91764,19,,,0,62,,91765,19,,,0,20,,91766,19,,,0,20,,91767,19,,,0,61,,91768,19,,,0,17,,91769,19,,,0,21,,91770,19,,,0,60,,91771,19,,,0,20,,91772,19,,,0,21,,91773,19,,,0,61,,91774,19,,,0,19,,91775,19,,,0,21,,91776,19,,,0,59,,91777,19,,,0,20,,91778,19,,,0,19,,91779,19,,,0,60,,91780,19,,,0,21,,91781,19,,,0,20,,91782,19,,,0,61,,91783,19,,,0,19,,91784,19,,,0,19,,91785,19,,,0,61,,91786,19,,,0,16,,91787,19,,,0,20,,91788,19,,,0,61,,91789,19,,,0,20,,91790,19,,,0,20,,91791,19,,,0,59,,91792,19,,,0,20,,91793,19,,,0,20,,91794,19,,,0,60,,91795,19,,,0,19,,91796,19,,,0,29,,91797,19,,,0,73,,91798,19,,,0,72,,91799,19,,,0
3000000,'S2-4_4',649,,91847,19,,,0,59,,91846,19,,,0,21,,91851,4,0,14,0,4,,91806,19,,,0,9,,91848,4,0,14,0,12,,91807,19,,,0,47,,91849,4,0,14,0,10,,91808,19,,,0,8,,91850,4,0,14,0,12,,91809,19,,,0,20,,91810,19,,,0,62,,91811,19,,,0,20,,91812,19,,,0,20,,91813,19,,,0,61,,91814,19,,,0,17,,91815,19,,,0,21,,91816,19,,,0,60,,91817,19,,,0,20,,91818,19,,,0,21,,91819,19,,,0,61,,91820,19,,,0,19,,91821,19,,,0,21,,91822,19,,,0,59,,91823,19,,,0,20,,91824,19,,,0,19,,91825,19,,,0,60,,91826,19,,,0,21,,91827,19,,,0,20,,91828,19,,,0,61,,91829,19,,,0,19,,91830,19,,,0,19,,91831,19,,,0,61,,91832,19,,,0,16,,91833,19,,,0,20,,91834,19,,,0,61,,91835,19,,,0,20,,91836,19,,,0,20,,91837,19,,,0,59,,91838,19,,,0,20,,91839,19,,,0,20,,91840,19,,,0,60,,91841,19,,,0,19,,91842,19,,,0,29,,91843,19,,,0,73,,91844,19,,,0,72,,91845,19,,,0
