901,'S2-0_4',800,,86988,17,0,26,0,26,,86989,17,0,27 63,0,103,,86994,17,0,23 24,0,95,,86998,2,0,23 24,0,98,,86995,17,0,23 24,0,106,,86990,17,0,27 63,0,181,,86996,17,0,23 24,0,112,,86997,17,0,23 24,0,109,,86991,17,0,27 63,0,102,,86992,17,0,27 63,0,95,,86993,17,0,27 63,0,125,,87003,17,,,0
901,'S2-0_5',800,,87004,17,0,26,0,26,,87005,17,0,27 63,0,103,,87010,17,0,23 24,0,95,,87014,2,0,23 24,0,98,,87011,17,0,23 24,0,106,,87006,17,0,27 63,0,181,,87012,17,0,23 24,0,112,,87013,17,0,23 24,0,109,,87007,17,0,27 63,0,102,,87008,17,0,27 63,0,95,,87009,17,0,27 63,0,125,,87019,17,,,0
901,'S2-1_3',800,,87020,17,0,26,0,26,,87021,17,0,27 63,0,103,,87026,17,0,23 24,0,95,,87030,2,0,23 24,0,98,,87027,17,0,23 24,0,106,,87022,17,0,27 63,0,181,,87028,17,0,23 24,0,112,,87029,17,0,23 24,0,109,,87023,17,0,27 63,0,102,,87024,17,0,27 63,0,95,,87025,17,0,27 63,0,125,,87035,17,,,0
901,'S2-2_6',756,,87036,17,0,23 24,0,99,,87048,17,0,25,0,90,,87041,2,0,23 24,0,165,,87042,2,0,23 24,0,113,,87046,17,0,25,0,79,,87043,2,0,23 24,0,107,,87045,2,0,25,0,50,,87047,2,0,25,0,84,,87044,17,0,25,0,82,,87037,17,0,23 24,0,104,,87038,17,0,23 24,0,172,,87039,17,0,23 24,0,50,,87040,17,0,23 24,0
901,'S2-4_1',800,,87049,17,0,26,0,26,,87050,17,0,27 63,0,103,,87055,17,0,23 24,0,95,,87059,2,0,23 24,0,98,,87056,17,0,23 24,0,106,,87051,17,0,27 63,0,181,,87057,17,0,23 24,0,112,,87058,17,0,23 24,0,109,,87052,17,0,27 63,0,102,,87053,17,0,27 63,0,95,,87054,17,0,27 63,0,125,,87064,17,,,0
901,'S2-4_2',800,,87065,17,0,26,0,26,,87066,17,0,27 63,0,103,,87071,17,0,23 24,0,95,,87075,2,0,23 24,0,98,,87072,17,0,23 24,0,106,,87067,17,0,27 63,0,181,,87073,17,0,23 24,0,112,,87074,17,0,23 24,0,109,,87068,17,0,27 63,0,102,,87069,17,0,27 63,0,95,,87070,17,0,27 63,0,125,,87080,17,,,0
901,'S2-4_4',800,,87081,17,0,26,0,26,,87082,17,0,27 63,0,103,,87087,17,0,23 24,0,95,,87091,2,0,23 24,0,98,,87088,17,0,23 24,0,106,,87083,17,0,27 63,0,181,,87089,17,0,23 24,0,112,,87090,17,0,23 24,0,109,,87084,17,0,27 63,0,102,,87085,17,0,27 63,0,95,,87086,17,0,27 63,0,125,,87096,17,,,0
1601,'S2-0_4',840,,87596,2,,,0,205,,87598,2,,,0,113,,87601,2,,,0,186,,87599,2,,,0,178,,87602,2,,,0,282,,87600,2,,,0
1601,'S2-0_5',840,,87604,2,,,0,205,,87606,2,,,0,113,,87609,2,,,0,186,,87607,2,,,0,178,,87610,2,,,0,282,,87608,2,,,0
1601,'S2-1_3',840,,87612,2,,,0,205,,87614,2,,,0,113,,87617,2,,,0,186,,87615,2,,,0,178,,87618,2,,,0,282,,87616,2,,,0
1601,'S2-2_6',840,,87620,2,,,0,205,,87622,2,,,0,113,,87625,2,,,0,186,,87623,2,,,0,178,,87626,2,,,0,282,,87624,2,,,0
1601,'S2-4_1',840,,87628,2,,,0,205,,87630,2,,,0,113,,87633,2,,,0,186,,87631,2,,,0,178,,87634,2,,,0,282,,87632,2,,,0
1601,'S2-4_2',840,,87636,2,,,0,205,,87638,2,,,0,113,,87641,2,,,0,186,,87639,2,,,0,178,,87642,2,,,0,282,,87640,2,,,0
1601,'S2-4_4',840,,87644,2,,,0,205,,87646,2,,,0,113,,87649,2,,,0,186,,87647,2,,,0,178,,87650,2,,,0,282,,87648,2,,,0
1901,'S2-0_4',1640,,87883,2,,,0,110,,87884,2,,,0,100,,87885,2,,,0
1901,'S2-0_5',1640,,87892,2,,,0,110,,87893,2,,,0,100,,87894,2,,,0
1901,'S2-1_3',1302,,87900,17,,,0,338,,87896,2,,,0,110,,87897,2,,,0,100,,87898,2,,,0
1901,'S2-4_1',1640,,87907,2,,,0,110,,87908,2,,,0,100,,87909,2,,,0
1901,'S2-4_2',1640,,87916,2,,,0,110,,87917,2,,,0,100,,87918,2,,,0
1901,'S2-4_4',1640,,87925,2,,,0,110,,87926,2,,,0,100,,87927,2,,,0
