401,'S2-0_4',650,,85936,7,0,52,0,60,,85906,14,0,41,0,8,,85923,14,0,41,0,20,,85907,14,0,41,0,12,,85930,14,,,0,69,,85908,14,0,41,0,11,,85909,14,0,41,0,81,,85910,14,0,41,0,34,,85911,14,0,41,0,73,,85912,14,0,41,0,35,,85932,14,,,0,70,,85913,14,0,41,0,28,,85914,14,0,41,0,56,,85931,14,,,0,31,,85927,14,0,41,0,75,,85933,14,,,0,33,,85905,17,0,41,0,77,,85915,14,0,41,0,28,,85934,14,,,0,72,,85916,14,0,41,0,24,,85917,14,0,41,0,53,,85918,14,0,41,0,13,,85928,14,0,41,0,20,,85924,14,0,41,0,16,,85919,14,0,41,0,51,,85925,14,0,41,0,13,,85929,14,,,0,38,,85920,14,0,41,0,61,,85926,14,0,41,0,43,,85921,14,0,41,0,61,,85935,14,,,0
401,'S2-0_5',650,,85968,7,0,52,0,60,,85938,14,0,41,0,8,,85955,14,0,41,0,20,,85939,14,0,41,0,12,,85962,14,,,0,69,,85940,14,0,41,0,11,,85941,14,0,41,0,81,,85942,14,0,41,0,34,,85943,14,0,41,0,73,,85944,14,0,41,0,35,,85964,14,,,0,70,,85945,14,0,41,0,28,,85946,14,0,41,0,56,,85963,14,,,0,31,,85959,14,0,41,0,75,,85965,14,,,0,33,,85937,17,0,41,0,77,,85947,14,0,41,0,28,,85966,14,,,0,72,,85948,14,0,41,0,24,,85949,14,0,41,0,53,,85950,14,0,41,0,13,,85960,14,0,41,0,20,,85956,14,0,41,0,16,,85951,14,0,41,0,51,,85957,14,0,41,0,13,,85961,14,,,0,38,,85952,14,0,41,0,61,,85958,14,0,41,0,43,,85953,14,0,41,0,61,,85967,14,,,0
401,'S2-1_3',650,,86000,7,0,52,0,60,,85970,14,0,41,0,8,,85987,14,0,41,0,20,,85971,14,0,41,0,12,,85994,14,,,0,69,,85972,14,0,41,0,11,,85973,14,0,41,0,81,,85974,14,0,41,0,34,,85975,14,0,41,0,73,,85976,14,0,41,0,35,,85996,14,,,0,70,,85977,14,0,41,0,28,,85978,14,0,41,0,56,,85995,14,,,0,31,,85991,14,0,41,0,75,,85997,14,,,0,33,,85969,17,0,41,0,77,,85979,14,0,41,0,28,,85998,14,,,0,72,,85980,14,0,41,0,24,,85981,14,0,41,0,53,,85982,14,0,41,0,13,,85992,14,0,41,0,20,,85988,14,0,41,0,16,,85983,14,0,41,0,51,,85989,14,0,41,0,13,,85993,14,,,0,38,,85984,14,0,41,0,61,,85990,14,0,41,0,43,,85985,14,0,41,0,61,,85999,14,,,0
401,'S2-2_6',658,,86001,14,,,0,156,,86008,14,0,41,0,34,,86002,14,,,0,69,,86009,14,0,41,0,32,,86010,14,0,41,0,67,,86011,14,0,41,0,32,,86003,14,,,0,69,,86012,14,0,41,0,31,,86013,14,0,41,0,71,,86014,14,0,41,0,30,,86004,14,,,0,69,,86015,14,0,41,0,29,,86016,14,0,41,0,71,,86017,14,0,41,0,31,,86005,14,,,0,68,,86018,14,0,41,0,32,,86019,14,0,41,0,73,,86020,14,0,41,0,31,,86006,14,,,0,71,,86021,14,0,41,0,33,,86022,14,0,41,0,72,,86023,14,0,41,0,71,,86024,14,0,41,0,30,,86007,14,,,0
401,'S2-3_7',935,,86025,14,,,0,165,,86026,14,,,0,125,,86027,14,,,0,201,,86028,14,,,0,125,,86029,14,,,0,165,,86030,14,,,0,125,,86031,14,,,0
401,'S2-4_1',650,,86063,7,0,52,0,60,,86033,14,0,41,0,8,,86050,14,0,41,0,20,,86034,14,0,41,0,12,,86057,14,,,0,69,,86035,14,0,41,0,11,,86036,14,0,41,0,81,,86037,14,0,41,0,34,,86038,14,0,41,0,73,,86039,14,0,41,0,35,,86059,14,,,0,70,,86040,14,0,41,0,28,,86041,14,0,41,0,56,,86058,14,,,0,31,,86054,14,0,41,0,75,,86060,14,,,0,33,,86032,17,0,41,0,77,,86042,14,0,41,0,28,,86061,14,,,0,72,,86043,14,0,41,0,24,,86044,14,0,41,0,53,,86045,14,0,41,0,13,,86055,14,0,41,0,20,,86051,14,0,41,0,16,,86046,14,0,41,0,51,,86052,14,0,41,0,13,,86056,14,,,0,38,,86047,14,0,41,0,61,,86053,14,0,41,0,43,,86048,14,0,41,0,61,,86062,14,,,0
401,'S2-4_2',650,,86095,7,0,52,0,60,,86065,14,0,41,0,8,,86082,14,0,41,0,20,,86066,14,0,41,0,12,,86089,14,,,0,69,,86067,14,0,41,0,11,,86068,14,0,41,0,81,,86069,14,0,41,0,34,,86070,14,0,41,0,73,,86071,14,0,41,0,35,,86091,14,,,0,70,,86072,14,0,41,0,28,,86073,14,0,41,0,56,,86090,14,,,0,31,,86086,14,0,41,0,75,,86092,14,,,0,33,,86064,17,0,41,0,77,,86074,14,0,41,0,28,,86093,14,,,0,72,,86075,14,0,41,0,24,,86076,14,0,41,0,53,,86077,14,0,41,0,13,,86087,14,0,41,0,20,,86083,14,0,41,0,16,,86078,14,0,41,0,51,,86084,14,0,41,0,13,,86088,14,,,0,38,,86079,14,0,41,0,61,,86085,14,0,41,0,43,,86080,14,0,41,0,61,,86094,14,,,0
401,'S2-4_4',650,,86127,7,0,52,0,60,,86097,14,0,41,0,8,,86114,14,0,41,0,20,,86098,14,0,41,0,12,,86121,14,,,0,69,,86099,14,0,41,0,11,,86100,14,0,41,0,81,,86101,14,0,41,0,34,,86102,14,0,41,0,73,,86103,14,0,41,0,35,,86123,14,,,0,70,,86104,14,0,41,0,28,,86105,14,0,41,0,56,,86122,14,,,0,31,,86118,14,0,41,0,75,,86124,14,,,0,33,,86096,17,0,41,0,77,,86106,14,0,41,0,28,,86125,14,,,0,72,,86107,14,0,41,0,24,,86108,14,0,41,0,53,,86109,14,0,41,0,13,,86119,14,0,41,0,20,,86115,14,0,41,0,16,,86110,14,0,41,0,51,,86116,14,0,41,0,13,,86120,14,,,0,38,,86111,14,0,41,0,61,,86117,14,0,41,0,43,,86112,14,0,41,0,61,,86126,14,,,0
2301,'S2-0_4',659,,88103,7,,,0,62,,88102,7,,,0,1,,88101,17,,,0
2301,'S2-0_5',659,,88106,7,,,0,62,,88105,7,,,0,1,,88104,17,,,0
2301,'S2-1_3',659,,88109,7,,,0,62,,88108,7,,,0,1,,88107,17,,,0
2301,'S2-4_1',659,,88112,7,,,0,62,,88111,7,,,0,1,,88110,17,,,0
2301,'S2-4_2',659,,88115,7,,,0,62,,88114,7,,,0,1,,88113,17,,,0
2301,'S2-4_4',659,,88118,7,,,0,62,,88117,7,,,0,1,,88116,17,,,0
2900401,'S2-0_4',701,,91406,9,,,0,125,,91407,9,,,0
2900401,'S2-0_5',701,,91408,9,,,0,125,,91409,9,,,0
2900401,'S2-1_3',701,,91410,9,,,0,125,,91411,9,,,0
2900401,'S2-4_1',701,,91412,9,,,0,125,,91413,9,,,0
2900401,'S2-4_2',701,,91414,9,,,0,125,,91415,9,,,0
2900401,'S2-4_4',701,,91416,9,,,0,125,,91417,9,,,0
