301,'S2-0_4',733,,85473,23,,,0,21,,85447,23,,,0,74,,85474,23,,,0,73,,85448,23,,,0,30,,85449,23,,,0,71,,85450,23,,,0,32,,85451,23,,,0,72,,85452,23,,,0,33,,85453,23,,,0,73,,85454,23,,,0,32,,85455,23,,,0,71,,85456,23,,,0,33,,85457,23,,,0,72,,85458,23,,,0,31,,85459,23,,,0,70,,85460,23,,,0,27,,85461,23,,,0,68,,85462,23,,,0,31,,85463,23,,,0,70,,85464,23,,,0,30,,85465,23,,,0,70,,85466,23,,,0,24,,85467,23,,,0,63,,85468,23,,,0,24,,85469,23,,,0,29,,85470,23,,,0,68,,85471,23,,,0,30,,85472,23,,,0
301,'S2-0_5',733,,85501,23,,,0,21,,85475,23,,,0,74,,85502,23,,,0,73,,85476,23,,,0,30,,85477,23,,,0,71,,85478,23,,,0,32,,85479,23,,,0,72,,85480,23,,,0,33,,85481,23,,,0,73,,85482,23,,,0,32,,85483,23,,,0,71,,85484,23,,,0,33,,85485,23,,,0,72,,85486,23,,,0,31,,85487,23,,,0,70,,85488,23,,,0,27,,85489,23,,,0,68,,85490,23,,,0,31,,85491,23,,,0,70,,85492,23,,,0,30,,85493,23,,,0,70,,85494,23,,,0,24,,85495,23,,,0,63,,85496,23,,,0,24,,85497,23,,,0,29,,85498,23,,,0,68,,85499,23,,,0,30,,85500,23,,,0
301,'S2-1_3',733,,85529,23,,,0,21,,85503,23,,,0,74,,85530,23,,,0,73,,85504,23,,,0,30,,85505,23,,,0,71,,85506,23,,,0,32,,85507,23,,,0,72,,85508,23,,,0,33,,85509,23,,,0,73,,85510,23,,,0,32,,85511,23,,,0,71,,85512,23,,,0,33,,85513,23,,,0,72,,85514,23,,,0,31,,85515,23,,,0,70,,85516,23,,,0,27,,85517,23,,,0,68,,85518,23,,,0,31,,85519,23,,,0,70,,85520,23,,,0,30,,85521,23,,,0,70,,85522,23,,,0,24,,85523,23,,,0,63,,85524,23,,,0,24,,85525,23,,,0,29,,85526,23,,,0,68,,85527,23,,,0,30,,85528,23,,,0
301,'S2-2_6',738,,85534,23,,,0,71,,85531,23,,,0,30,,85532,23,,,0,70,,85533,23,,,0,31,,85535,23,,,0,70,,85536,23,,,0,31,,85537,23,,,0,70,,85538,23,,,0,31,,85542,23,,,0,69,,85541,23,,,0,28,,85539,23,,,0,69,,85540,23,,,0,29,,85544,23,,,0,71,,85545,23,,,0,30,,85543,23,,,0,71,,85546,23,,,0,30,,85549,23,,,0,72,,85547,23,,,0,33,,85548,23,,,0,71,,85551,23,,,0,32,,85550,23,,,0,70,,85552,23,,,0,32,,85553,23,,,0,68,,85554,23,,,0,29,,85555,23,,,0,69,,85556,23,,,0,30,,85557,23,,,0,63,,85558,23,,,0
301,'S2-3_7',812,,85580,23,,,0,32,,85575,23,,,0,72,,85581,23,,,0,33,,85576,23,,,0,72,,85582,23,,,0,33,,85577,23,,,0,73,,85583,23,,,0,32,,85578,23,,,0,72,,85584,23,,,0,73,,85559,23,,,0,27,,85560,23,,,0,69,,85561,23,,,0,26,,85562,23,,,0,28,,85563,23,,,0,67,,85564,23,,,0,29,,85565,23,,,0,68,,85585,23,,,0,26,,85566,23,,,0,72,,85567,23,,,0,34,,85568,23,,,0,68,,85569,23,,,0,28,,85570,23,,,0,65,,85571,23,,,0,25,,85572,23,,,0,67,,85573,23,,,0,27,,85579,23,,,0,25,,85574,23,,,0
301,'S2-4_1',733,,85612,23,,,0,21,,85586,23,,,0,74,,85613,23,,,0,73,,85587,23,,,0,30,,85588,23,,,0,71,,85589,23,,,0,32,,85590,23,,,0,72,,85591,23,,,0,33,,85592,23,,,0,73,,85593,23,,,0,32,,85594,23,,,0,71,,85595,23,,,0,33,,85596,23,,,0,72,,85597,23,,,0,31,,85598,23,,,0,70,,85599,23,,,0,27,,85600,23,,,0,68,,85601,23,,,0,31,,85602,23,,,0,70,,85603,23,,,0,30,,85604,23,,,0,70,,85605,23,,,0,24,,85606,23,,,0,63,,85607,23,,,0,24,,85608,23,,,0,29,,85609,23,,,0,68,,85610,23,,,0,30,,85611,23,,,0
301,'S2-4_2',733,,85640,23,,,0,21,,85614,23,,,0,74,,85641,23,,,0,73,,85615,23,,,0,30,,85616,23,,,0,71,,85617,23,,,0,32,,85618,23,,,0,72,,85619,23,,,0,33,,85620,23,,,0,73,,85621,23,,,0,32,,85622,23,,,0,71,,85623,23,,,0,33,,85624,23,,,0,72,,85625,23,,,0,31,,85626,23,,,0,70,,85627,23,,,0,27,,85628,23,,,0,68,,85629,23,,,0,31,,85630,23,,,0,70,,85631,23,,,0,30,,85632,23,,,0,70,,85633,23,,,0,24,,85634,23,,,0,63,,85635,23,,,0,24,,85636,23,,,0,29,,85637,23,,,0,68,,85638,23,,,0,30,,85639,23,,,0
301,'S2-4_4',733,,85668,23,,,0,21,,85642,23,,,0,74,,85669,23,,,0,73,,85643,23,,,0,30,,85644,23,,,0,71,,85645,23,,,0,32,,85646,23,,,0,72,,85647,23,,,0,33,,85648,23,,,0,73,,85649,23,,,0,32,,85650,23,,,0,71,,85651,23,,,0,33,,85652,23,,,0,72,,85653,23,,,0,31,,85654,23,,,0,70,,85655,23,,,0,27,,85656,23,,,0,68,,85657,23,,,0,31,,85658,23,,,0,70,,85659,23,,,0,30,,85660,23,,,0,70,,85661,23,,,0,24,,85662,23,,,0,63,,85663,23,,,0,24,,85664,23,,,0,29,,85665,23,,,0,68,,85666,23,,,0,30,,85667,23,,,0
2900301,'S2-0_4',1724,,91370,9,,,0,28,,91371,9,,,0,73,,91372,9,,,0,21,,91373,9,,,0
2900301,'S2-0_5',1724,,91374,9,,,0,28,,91375,9,,,0,73,,91376,9,,,0,21,,91377,9,,,0
2900301,'S2-1_3',1724,,91378,9,,,0,28,,91379,9,,,0,73,,91380,9,,,0,21,,91381,9,,,0
2900301,'S2-4_1',1724,,91382,9,,,0,28,,91383,9,,,0,73,,91384,9,,,0,21,,91385,9,,,0
2900301,'S2-4_2',1724,,91386,9,,,0,28,,91387,9,,,0,73,,91388,9,,,0,21,,91389,9,,,0
2900301,'S2-4_4',1724,,91390,9,,,0,28,,91391,9,,,0,73,,91392,9,,,0,21,,91393,9,,,0
