900600,'S2-0_4',901,,88975,29,,,0,130,,88977,29,,,0,125,,88978,29,,,0,175,,88979,29,,,0,120,,88980,29,,,0,175,,88981,29,,,0,130,,88982,29,,,0,169,,88976,29,,,0
900600,'S2-0_5',901,,88983,29,,,0,130,,88985,29,,,0,125,,88986,29,,,0,175,,88987,29,,,0,120,,88988,29,,,0,175,,88989,29,,,0,130,,88990,29,,,0,169,,88984,29,,,0
900600,'S2-1_3',901,,88991,29,,,0,130,,88993,29,,,0,125,,88994,29,,,0,175,,88995,29,,,0,120,,88996,29,,,0,175,,88997,29,,,0,130,,88998,29,,,0,169,,88992,29,,,0
900600,'S2-2_6',901,,88999,29,,,0,130,,89001,29,,,0,125,,89002,29,,,0,175,,89003,29,,,0,120,,89004,29,,,0,175,,89005,29,,,0,130,,89006,29,,,0,169,,89000,29,,,0
900600,'S2-4_1',901,,89007,29,,,0,130,,89009,29,,,0,125,,89010,29,,,0,175,,89011,29,,,0,120,,89012,29,,,0,175,,89013,29,,,0,130,,89014,29,,,0,169,,89008,29,,,0
900600,'S2-4_2',901,,89015,29,,,0,130,,89017,29,,,0,125,,89018,29,,,0,175,,89019,29,,,0,120,,89020,29,,,0,175,,89021,29,,,0,130,,89022,29,,,0,169,,89016,29,,,0
900600,'S2-4_4',901,,89023,29,,,0,130,,89025,29,,,0,125,,89026,29,,,0,175,,89027,29,,,0,120,,89028,29,,,0,175,,89029,29,,,0,130,,89030,29,,,0,169,,89024,29,,,0
900601,'S2-0_4',749,,89031,3,,,0,170,,89032,3,,,0,130,,89033,3,,,0,175,,89034,3,,,0,120,,89035,3,,,0,175,,89036,3,,,0,125,,89037,3,,,0,170,,89038,3,,,0
900601,'S2-0_5',749,,89039,3,,,0,170,,89040,3,,,0,130,,89041,3,,,0,175,,89042,3,,,0,120,,89043,3,,,0,175,,89044,3,,,0,125,,89045,3,,,0,170,,89046,3,,,0
900601,'S2-1_3',749,,89047,3,,,0,170,,89048,3,,,0,130,,89049,3,,,0,175,,89050,3,,,0,120,,89051,3,,,0,175,,89052,3,,,0,125,,89053,3,,,0,170,,89054,3,,,0
900601,'S2-2_6',749,,89055,3,,,0,170,,89056,3,,,0,130,,89057,3,,,0,175,,89058,3,,,0,120,,89059,3,,,0,175,,89060,3,,,0,125,,89061,3,,,0,170,,89062,3,,,0
900601,'S2-4_1',749,,89063,3,,,0,170,,89064,3,,,0,130,,89065,3,,,0,175,,89066,3,,,0,120,,89067,3,,,0,175,,89068,3,,,0,125,,89069,3,,,0,170,,89070,3,,,0
900601,'S2-4_2',749,,89071,3,,,0,170,,89072,3,,,0,130,,89073,3,,,0,175,,89074,3,,,0,120,,89075,3,,,0,175,,89076,3,,,0,125,,89077,3,,,0,170,,89078,3,,,0
900601,'S2-4_4',749,,89079,3,,,0,170,,89080,3,,,0,130,,89081,3,,,0,175,,89082,3,,,0,120,,89083,3,,,0,175,,89084,3,,,0,125,,89085,3,,,0,170,,89086,3,,,0
