600,'S2-0_4',701,,86324,11,,,0,20,,86338,11,0,11 12,0,92,,86325,11,,,0,110,,86326,11,0,11 12,0,101,,86327,11,0,11 12,0,91,,86328,11,0,11 12,0,110,,86329,11,0,11 12,0,106,,86330,11,0,11 12,0,97,,86339,11,0,11 12,0,92,,86331,11,0,11 12,0,95,,86332,11,0,11 12,0,39,,86333,11,0,11 12,0,85,,86334,11,0,11 12,0,77,,86335,11,0,11 12,0,32,,86336,11,0,11 12,0,81,,86337,11,0,11 12,0
600,'S2-0_5',701,,86340,11,,,0,20,,86354,11,0,11 12,0,92,,86341,11,,,0,110,,86342,11,0,11 12,0,101,,86343,11,0,11 12,0,91,,86344,11,0,11 12,0,110,,86345,11,0,11 12,0,106,,86346,11,0,11 12,0,97,,86355,11,0,11 12,0,92,,86347,11,0,11 12,0,95,,86348,11,0,11 12,0,39,,86349,11,0,11 12,0,85,,86350,11,0,11 12,0,77,,86351,11,0,11 12,0,32,,86352,11,0,11 12,0,81,,86353,11,0,11 12,0
600,'S2-1_3',701,,86356,11,,,0,20,,86370,11,0,11 12,0,92,,86357,11,,,0,110,,86358,11,0,11 12,0,101,,86359,11,0,11 12,0,91,,86360,11,0,11 12,0,110,,86361,11,0,11 12,0,106,,86362,11,0,11 12,0,97,,86371,11,0,11 12,0,92,,86363,11,0,11 12,0,95,,86364,11,0,11 12,0,39,,86365,11,0,11 12,0,85,,86366,11,0,11 12,0,77,,86367,11,0,11 12,0,32,,86368,11,0,11 12,0,81,,86369,11,0,11 12,0
600,'S2-2_6',750,,86372,11,0,11 12,0,93,,86374,11,0,11 12,0,92,,86375,11,0,11 12,0,87,,86376,11,0,11 12,0,90,,86377,11,0,11 12,0,89,,86378,11,0,11 12,0,48,,86379,11,0,11 12,0,90,,86380,11,0,11 12,0,87,,86381,11,0,11 12,0,99,,86382,11,0,11 12,0,89,,86383,11,0,11 12,0,91,,86384,11,0,11 12,0,51,,86385,11,0,11 12,0,95,,86386,11,0,11 12,0,81,,86373,11,0,11 12,0
600,'S2-4_1',701,,86387,11,,,0,20,,86401,11,0,11 12,0,92,,86388,11,,,0,110,,86389,11,0,11 12,0,101,,86390,11,0,11 12,0,91,,86391,11,0,11 12,0,110,,86392,11,0,11 12,0,106,,86393,11,0,11 12,0,97,,86402,11,0,11 12,0,92,,86394,11,0,11 12,0,95,,86395,11,0,11 12,0,39,,86396,11,0,11 12,0,85,,86397,11,0,11 12,0,77,,86398,11,0,11 12,0,32,,86399,11,0,11 12,0,81,,86400,11,0,11 12,0
600,'S2-4_2',701,,86403,11,,,0,20,,86417,11,0,11 12,0,92,,86404,11,,,0,110,,86405,11,0,11 12,0,101,,86406,11,0,11 12,0,91,,86407,11,0,11 12,0,110,,86408,11,0,11 12,0,106,,86409,11,0,11 12,0,97,,86418,11,0,11 12,0,92,,86410,11,0,11 12,0,95,,86411,11,0,11 12,0,39,,86412,11,0,11 12,0,85,,86413,11,0,11 12,0,77,,86414,11,0,11 12,0,32,,86415,11,0,11 12,0,81,,86416,11,0,11 12,0
600,'S2-4_4',701,,86419,11,,,0,20,,86433,11,0,11 12,0,92,,86420,11,,,0,110,,86421,11,0,11 12,0,101,,86422,11,0,11 12,0,91,,86423,11,0,11 12,0,110,,86424,11,0,11 12,0,106,,86425,11,0,11 12,0,97,,86434,11,0,11 12,0,92,,86426,11,0,11 12,0,95,,86427,11,0,11 12,0,39,,86428,11,0,11 12,0,85,,86429,11,0,11 12,0,77,,86430,11,0,11 12,0,32,,86431,11,0,11 12,0,81,,86432,11,0,11 12,0
601,'S2-0_4',622,,86435,19,,,0,109,,86448,19,,,0,95,,86436,19,,,0,102,,86437,19,,,0,99,,86438,19,,,0,100,,86439,19,,,0,105,,86452,19,,,0,20,,86440,19,,,0,81,,86441,19,,,0,104,,86442,19,,,0,94,,86443,19,,,0,82,,86449,19,,,0,38,,86444,20,,,0,80,,86450,19,,,0,27,,86445,20,,,0,68,,86451,20,,,0,25,,86446,19,,,0,95,,86447,19,,,0
601,'S2-0_5',622,,86453,19,,,0,109,,86466,19,,,0,95,,86454,19,,,0,102,,86455,19,,,0,99,,86456,19,,,0,100,,86457,19,,,0,105,,86470,19,,,0,20,,86458,19,,,0,81,,86459,19,,,0,104,,86460,19,,,0,94,,86461,19,,,0,82,,86467,19,,,0,38,,86462,20,,,0,80,,86468,19,,,0,27,,86463,20,,,0,68,,86469,20,,,0,25,,86464,19,,,0,95,,86465,19,,,0
601,'S2-1_3',622,,86471,19,,,0,109,,86485,19,,,0,95,,86472,19,,,0,102,,86473,19,,,0,99,,86474,19,,,0,100,,86475,19,,,0,105,,86476,20,,,0,20,,86477,19,,,0,81,,86478,19,,,0,104,,86479,19,,,0,94,,86480,19,,,0,82,,86486,19,,,0,38,,86481,20,,,0,80,,86487,19,,,0,27,,86482,20,,,0,68,,86488,20,,,0,25,,86483,19,,,0,95,,86484,19,,,0
601,'S2-2_6',752,,86489,19,,,0,91,,86491,19,,,0,96,,86492,19,,,0,92,,86493,19,,,0,89,,86494,19,,,0,88,,86495,19,,,0,48,,86496,19,,,0,89,,86497,19,,,0,90,,86498,19,,,0,88,,86499,19,,,0,100,,86500,19,,,0,92,,86501,19,,,0,93,,86502,19,,,0,45,,86503,19,,,0,90,,86490,19,,,0
601,'S2-4_1',622,,86504,19,,,0,109,,86517,19,,,0,95,,86505,19,,,0,102,,86506,19,,,0,99,,86507,19,,,0,100,,86508,19,,,0,105,,86521,19,,,0,20,,86509,19,,,0,81,,86510,19,,,0,104,,86511,19,,,0,94,,86512,19,,,0,82,,86518,19,,,0,38,,86513,20,,,0,80,,86519,19,,,0,27,,86514,20,,,0,68,,86520,20,,,0,25,,86515,19,,,0,95,,86516,19,,,0
601,'S2-4_2',622,,86522,19,,,0,109,,86535,19,,,0,95,,86523,19,,,0,102,,86524,19,,,0,99,,86525,19,,,0,100,,86526,19,,,0,105,,86539,19,,,0,20,,86527,19,,,0,81,,86528,19,,,0,104,,86529,19,,,0,94,,86530,19,,,0,82,,86536,19,,,0,38,,86531,20,,,0,80,,86537,19,,,0,27,,86532,20,,,0,68,,86538,20,,,0,25,,86533,19,,,0,95,,86534,19,,,0
601,'S2-4_4',622,,86540,19,,,0,109,,86553,19,,,0,95,,86541,19,,,0,102,,86542,19,,,0,99,,86543,19,,,0,100,,86544,19,,,0,105,,86557,19,,,0,20,,86545,19,,,0,81,,86546,19,,,0,104,,86547,19,,,0,94,,86548,19,,,0,82,,86554,19,,,0,38,,86549,20,,,0,80,,86555,19,,,0,27,,86550,20,,,0,68,,86556,20,,,0,25,,86551,19,,,0,95,,86552,19,,,0
