1000000,'0_6',552,,68818,25,0,31 33,0,81,,68819,25,0,31 33,0,81,,68829,25,,,0,43,,68830,25,,,0,57,,68831,25,0,31 33,0,15,,68832,25,0,31 33,0,15,,68833,25,,,0,15,,68834,25,0,31 33,0,55,,68835,25,0,31 33,0,15,,68836,25,,,0,15,,68837,25,0,31 33,0,56,,68873,25,0,31 33,0,16,,68838,25,,,0,17,,68839,25,0,31 33,0,15,,68840,25,,,0,56,,68841,25,0,31 33,0,17,,68842,25,0,31 33,0,15,,68843,25,,,0,16,,68844,25,0,31 33,0,55,,68845,25,0,31 33,0,16,,68846,25,,,0,15,,68847,25,0,31 33,0,14,,68848,25,0,31 33,0,55,,68849,25,,,0,15,,68850,25,0,31 33,0,15,,68851,25,,,0,17,,68852,25,0,31 33,0,55,,68853,25,0,31 33,0,15,,68854,25,,,0,16,,68855,25,0,31 33,0,16,,68856,25,0,31 33,0,56,,68857,25,,,0,16,,68858,25,0,31 33,0,16,,68859,25,0,31 33,0,57,,68860,25,,,0,16,,68861,25,0,31 33,0,16,,68862,25,,,0,16,,68863,25,0,31 33,0,57,,68864,25,0,31 33,0,17,,68865,25,,,0,16,,68866,25,0,31 33,0,15,,68868,25,0,31 33,0,56,,68867,25,,,0,15,,68869,25,0,31 33,0,14,,68870,25,,,0,15,,68871,25,0,31 33,0,54,,68872,25,0,31 33,0,15,,68820,25,0,31 33,0,15,,68821,25,0,31 33,0,15,,68822,25,0,31 33,0,55,,68823,25,0,31 33,0,20,,68824,25,0,31 33,0,19,,68825,25,0,31 33,0,59,,68826,25,0,31 33,0,19,,68827,25,0,31 33,0,19,,68828,25,0,31 33,0
1000000,'1_7',826,,68874,25,0,31 33,0,80,,68875,25,0,31 33,0,40,,68876,25,0,31 33,0,80,,68877,25,0,31 33,0,80,,68878,25,0,31 33,0,40,,68879,25,0,31 33,0,80,,68880,25,0,31 33,0,80,,68881,25,0,31 33,0,40,,68882,25,0,31 33,0,80,,68883,25,0,31 33,0,80,,68884,25,0,31 33,0,40,,68885,25,0,31 33,0,80,,68886,25,0,31 33,0,80,,68887,25,0,31 33,0,40,,68888,25,0,31 33,0,80,,68889,25,0,31 33,0,80,,68890,25,0,31 33,0,40,,68891,25,0,31 33,0
1000000,'5_1',557,,74535,25,0,31 33,0,60,,74536,25,0,31 33,0,20,,74537,25,0,31 33,0,20,,74538,25,,,0,55,,74564,25,,,0,14,,74553,25,,,0,15,,74588,25,,,0,15,,74574,25,,,0,56,,74579,25,,,0,15,,74589,25,,,0,14,,74566,25,,,0,15,,74576,25,0,31 33,0,55,,74581,25,,,0,16,,74549,25,0,31 33,0,15,,74552,25,,,0,16,,74583,25,0,31 33,0,55,,74582,25,,,0,17,,74571,25,0,31 33,0,15,,74541,25,,,0,56,,74567,25,0,31 33,0,17,,74550,25,,,0,15,,74568,25,0,31 33,0,16,,74562,25,,,0,56,,74559,25,0,31 33,0,16,,74557,25,,,0,16,,74573,25,0,31 33,0,14,,74543,25,,,0,55,,74539,25,0,31 33,0,15,,74585,25,,,0,15,,74565,25,0,31 33,0,17,,74542,25,,,0,56,,74560,25,0,31 33,0,15,,74580,25,,,0,14,,74558,25,0,31 33,0,14,,74555,25,,,0,54,,74554,25,0,31 33,0,14,,74563,25,,,0,14,,74572,25,0,31 33,0,14,,74575,25,,,0,55,,74590,25,,,0,14,,74591,25,,,0,14,,74586,25,,,0,14,,74592,25,,,0,56,,74578,25,,,0,16,,74593,25,,,0,15,,74546,25,,,0,15,,74594,25,,,0,54,,74545,25,,,0,15,,74595,25,,,0,13,,74587,25,,,0,14,,74556,25,0,31 33,0,15,,74540,25,0,31 33,0,54,,74551,25,,,0,15,,74547,25,0,31 33,0,19,,74561,25,0,31 33,0,60,,74548,25,0,31 33,0,20,,74544,25,0,31 33,0,19,,74577,25,0,31 33,0,60,,74569,25,0,31 33,0,20,,74570,25,0,31 33,0,20,,74584,25,0,31 33,0
1000000,'5_2',557,,76619,25,0,31 33,0,60,,76620,25,0,31 33,0,20,,76621,25,0,31 33,0,20,,76622,25,,,0,55,,76648,25,,,0,14,,76637,25,,,0,15,,76672,25,,,0,15,,76658,25,,,0,56,,76663,25,,,0,15,,76673,25,,,0,14,,76650,25,,,0,15,,76660,25,0,31 33,0,55,,76665,25,,,0,16,,76633,25,0,31 33,0,15,,76636,25,,,0,16,,76667,25,0,31 33,0,55,,76666,25,,,0,17,,76655,25,0,31 33,0,15,,76625,25,,,0,56,,76651,25,0,31 33,0,17,,76634,25,,,0,15,,76652,25,0,31 33,0,16,,76646,25,,,0,56,,76643,25,0,31 33,0,16,,76641,25,,,0,16,,76657,25,0,31 33,0,14,,76627,25,,,0,55,,76623,25,0,31 33,0,15,,76669,25,,,0,15,,76649,25,0,31 33,0,17,,76626,25,,,0,56,,76644,25,0,31 33,0,15,,76664,25,,,0,14,,76642,25,0,31 33,0,14,,76639,25,,,0,54,,76638,25,0,31 33,0,14,,76647,25,,,0,14,,76656,25,0,31 33,0,14,,76659,25,,,0,55,,76674,25,,,0,14,,76675,25,,,0,14,,76670,25,,,0,14,,76676,25,,,0,56,,76662,25,,,0,16,,76677,25,,,0,15,,76630,25,,,0,15,,76678,25,,,0,54,,76629,25,,,0,15,,76679,25,,,0,13,,76671,25,,,0,14,,76640,25,0,31 33,0,15,,76624,25,0,31 33,0,54,,76635,25,,,0,15,,76631,25,0,31 33,0,19,,76645,25,0,31 33,0,60,,76632,25,0,31 33,0,20,,76628,25,0,31 33,0,19,,76661,25,0,31 33,0,60,,76653,25,0,31 33,0,20,,76654,25,0,31 33,0,20,,76668,25,0,31 33,0
1000000,'5_3',557,,76680,25,0,31 33,0,60,,76681,25,0,31 33,0,20,,76682,25,0,31 33,0,20,,76683,25,,,0,55,,76709,25,,,0,14,,76698,25,,,0,15,,76733,25,,,0,15,,76719,25,,,0,56,,76724,25,,,0,15,,76734,25,,,0,14,,76711,25,,,0,15,,76721,25,0,31 33,0,55,,76726,25,,,0,16,,76694,25,0,31 33,0,15,,76697,25,,,0,16,,76728,25,0,31 33,0,55,,76727,25,,,0,17,,76716,25,0,31 33,0,15,,76686,25,,,0,56,,76712,25,0,31 33,0,17,,76695,25,,,0,15,,76713,25,0,31 33,0,16,,76707,25,,,0,56,,76704,25,0,31 33,0,16,,76702,25,,,0,16,,76718,25,0,31 33,0,14,,76688,25,,,0,55,,76684,25,0,31 33,0,15,,76730,25,,,0,15,,76710,25,0,31 33,0,17,,76687,25,,,0,56,,76705,25,0,31 33,0,15,,76725,25,,,0,14,,76703,25,0,31 33,0,14,,76700,25,,,0,54,,76699,25,0,31 33,0,14,,76708,25,,,0,14,,76717,25,0,31 33,0,14,,76720,25,,,0,55,,76735,25,,,0,14,,76736,25,,,0,14,,76731,25,,,0,14,,76737,25,,,0,56,,76723,25,,,0,16,,76738,25,,,0,15,,76691,25,,,0,15,,76739,25,,,0,54,,76690,25,,,0,15,,76740,25,,,0,13,,76732,25,,,0,14,,76701,25,0,31 33,0,15,,76685,25,0,31 33,0,54,,76696,25,,,0,15,,76692,25,0,31 33,0,19,,76706,25,0,31 33,0,60,,76693,25,0,31 33,0,20,,76689,25,0,31 33,0,19,,76722,25,0,31 33,0,60,,76714,25,0,31 33,0,20,,76715,25,0,31 33,0,20,,76729,25,0,31 33,0
1000000,'5_4',557,,76741,25,0,31 33,0,60,,76742,25,0,31 33,0,20,,76743,25,0,31 33,0,20,,76744,25,,,0,55,,76770,25,,,0,14,,76759,25,,,0,15,,76794,25,,,0,15,,76780,25,,,0,56,,76785,25,,,0,15,,76795,25,,,0,14,,76772,25,,,0,15,,76782,25,0,31 33,0,55,,76787,25,,,0,16,,76755,25,0,31 33,0,15,,76758,25,,,0,16,,76789,25,0,31 33,0,55,,76788,25,,,0,17,,76777,25,0,31 33,0,15,,76747,25,,,0,56,,76773,25,0,31 33,0,17,,76756,25,,,0,15,,76774,25,0,31 33,0,16,,76768,25,,,0,56,,76765,25,0,31 33,0,16,,76763,25,,,0,16,,76779,25,0,31 33,0,14,,76749,25,,,0,55,,76745,25,0,31 33,0,15,,76791,25,,,0,15,,76771,25,0,31 33,0,17,,76748,25,,,0,56,,76766,25,0,31 33,0,15,,76786,25,,,0,14,,76764,25,0,31 33,0,14,,76761,25,,,0,54,,76760,25,0,31 33,0,14,,76769,25,,,0,14,,76778,25,0,31 33,0,14,,76781,25,,,0,55,,76796,25,,,0,14,,76797,25,,,0,14,,76792,25,,,0,14,,76798,25,,,0,56,,76784,25,,,0,16,,76799,25,,,0,15,,76752,25,,,0,15,,76800,25,,,0,54,,76751,25,,,0,15,,76801,25,,,0,13,,76793,25,,,0,14,,76762,25,0,31 33,0,15,,76746,25,0,31 33,0,54,,76757,25,,,0,15,,76753,25,0,31 33,0,19,,76767,25,0,31 33,0,60,,76754,25,0,31 33,0,20,,76750,25,0,31 33,0,19,,76783,25,0,31 33,0,60,,76775,25,0,31 33,0,20,,76776,25,0,31 33,0,20,,76790,25,0,31 33,0
1000000,'5_5',557,,78391,25,0,31 33,0,60,,78392,25,0,31 33,0,20,,78393,25,0,31 33,0,20,,78394,25,,,0,55,,78420,25,,,0,14,,78409,25,,,0,15,,78444,25,,,0,15,,78430,25,,,0,56,,78435,25,,,0,15,,78445,25,,,0,14,,78422,25,,,0,15,,78432,25,0,31 33,0,55,,78437,25,,,0,16,,78405,25,0,31 33,0,15,,78408,25,,,0,16,,78439,25,0,31 33,0,55,,78438,25,,,0,17,,78427,25,0,31 33,0,15,,78397,25,,,0,56,,78423,25,0,31 33,0,17,,78406,25,,,0,15,,78424,25,0,31 33,0,16,,78418,25,,,0,56,,78415,25,0,31 33,0,16,,78413,25,,,0,16,,78429,25,0,31 33,0,14,,78399,25,,,0,55,,78395,25,0,31 33,0,15,,78441,25,,,0,15,,78421,25,0,31 33,0,17,,78398,25,,,0,56,,78416,25,0,31 33,0,15,,78436,25,,,0,14,,78414,25,0,31 33,0,14,,78411,25,,,0,54,,78410,25,0,31 33,0,14,,78419,25,,,0,14,,78428,25,0,31 33,0,14,,78431,25,,,0,55,,78446,25,,,0,14,,78447,25,,,0,14,,78442,25,,,0,14,,78448,25,,,0,56,,78434,25,,,0,16,,78449,25,,,0,15,,78402,25,,,0,15,,78450,25,,,0,54,,78401,25,,,0,15,,78451,25,,,0,13,,78443,25,,,0,14,,78412,25,0,31 33,0,15,,78396,25,0,31 33,0,54,,78407,25,,,0,15,,78403,25,0,31 33,0,19,,78417,25,0,31 33,0,60,,78404,25,0,31 33,0,20,,78400,25,0,31 33,0,19,,78433,25,0,31 33,0,60,,78425,25,0,31 33,0,20,,78426,25,0,31 33,0,20,,78440,25,0,31 33,0
3000001,'0_6',632,,71656,5,,,0,80,,71657,5,,,0,44,,71658,5,,,0,77,,71659,5,,,0,20,,71660,5,,,0,60,,71661,5,,,0,20,,71662,5,,,0,20,,71663,5,,,0,60,,71664,5,,,0,20,,71665,5,,,0,20,,71666,5,,,0,60,,71667,5,,,0,20,,71668,5,,,0,20,,71669,5,,,0,59,,71670,5,,,0,20,,71671,5,,,0,20,,71672,5,,,0,60,,71673,5,,,0,20,,71674,5,,,0,20,,71675,5,,,0,60,,71676,5,,,0,20,,71677,5,,,0,21,,71678,5,,,0,60,,71679,5,,,0,20,,71680,5,,,0,20,,71681,5,,,0,60,,71682,5,,,0,20,,71683,5,,,0,20,,71684,5,,,0,60,,71685,5,,,0,20,,71686,5,,,0,19,,71687,5,,,0,60,,71688,5,,,0,20,,71689,5,,,0,20,,71690,5,,,0,71,,71692,5,,,0,29,,71693,5,,,0,70,,71691,5,,,0,30,,71694,5,,,0
3000001,'1_7',840,,71695,5,,,0,170,,71697,5,,,0,130,,71698,5,,,0,170,,71699,5,,,0,130,,71700,5,,,0,170,,71701,5,,,0,130,,71702,5,,,0,170,,71703,5,,,0,130,,71696,5,,,0
3000001,'5_1',642,,74844,5,,,0,59,,74803,5,,,0,20,,74804,5,,,0,20,,74805,5,,,0,60,,74806,5,,,0,19,,74807,5,,,0,19,,74808,5,,,0,20,,74809,5,,,0,61,,74810,5,,,0,19,,74811,5,,,0,20,,74812,5,,,0,60,,74813,5,,,0,19,,74814,5,,,0,21,,74815,5,,,0,60,,74816,5,,,0,19,,74817,5,,,0,19,,74818,5,,,0,60,,74819,5,,,0,20,,74820,5,,,0,20,,74821,5,,,0,60,,74822,5,,,0,19,,74823,5,,,0,21,,74824,5,,,0,60,,74825,5,,,0,19,,74826,5,,,0,21,,74827,5,,,0,60,,74828,5,,,0,20,,74829,5,,,0,20,,74830,5,,,0,60,,74831,5,,,0,20,,74832,5,,,0,20,,74833,5,,,0,60,,74834,5,,,0,21,,74835,5,,,0,20,,74836,5,,,0,59,,74837,5,,,0,22,,74838,5,,,0,61,,74839,5,,,0,21,,74840,5,,,0,31,,74841,5,,,0,67,,74842,5,,,0,31,,74843,5,,,0
3000001,'5_2',642,,77464,5,,,0,59,,77423,5,,,0,20,,77424,5,,,0,20,,77425,5,,,0,60,,77426,5,,,0,19,,77427,5,,,0,19,,77428,5,,,0,20,,77429,5,,,0,61,,77430,5,,,0,19,,77431,5,,,0,20,,77432,5,,,0,60,,77433,5,,,0,19,,77434,5,,,0,21,,77435,5,,,0,60,,77436,5,,,0,19,,77437,5,,,0,19,,77438,5,,,0,60,,77439,5,,,0,20,,77440,5,,,0,20,,77441,5,,,0,60,,77442,5,,,0,19,,77443,5,,,0,21,,77444,5,,,0,60,,77445,5,,,0,19,,77446,5,,,0,21,,77447,5,,,0,60,,77448,5,,,0,20,,77449,5,,,0,20,,77450,5,,,0,60,,77451,5,,,0,20,,77452,5,,,0,20,,77453,5,,,0,60,,77454,5,,,0,21,,77455,5,,,0,20,,77456,5,,,0,59,,77457,5,,,0,22,,77458,5,,,0,61,,77459,5,,,0,21,,77460,5,,,0,31,,77461,5,,,0,67,,77462,5,,,0,31,,77463,5,,,0
3000001,'5_3',642,,77506,5,,,0,59,,77465,5,,,0,20,,77466,5,,,0,20,,77467,5,,,0,60,,77468,5,,,0,19,,77469,5,,,0,19,,77470,5,,,0,20,,77471,5,,,0,61,,77472,5,,,0,19,,77473,5,,,0,20,,77474,5,,,0,60,,77475,5,,,0,19,,77476,5,,,0,21,,77477,5,,,0,60,,77478,5,,,0,19,,77479,5,,,0,19,,77480,5,,,0,60,,77481,5,,,0,20,,77482,5,,,0,20,,77483,5,,,0,60,,77484,5,,,0,19,,77485,5,,,0,21,,77486,5,,,0,60,,77487,5,,,0,19,,77488,5,,,0,21,,77489,5,,,0,60,,77490,5,,,0,20,,77491,5,,,0,20,,77492,5,,,0,60,,77493,5,,,0,20,,77494,5,,,0,20,,77495,5,,,0,60,,77496,5,,,0,21,,77497,5,,,0,20,,77498,5,,,0,59,,77499,5,,,0,22,,77500,5,,,0,61,,77501,5,,,0,21,,77502,5,,,0,31,,77503,5,,,0,67,,77504,5,,,0,31,,77505,5,,,0
3000001,'5_4',642,,77548,5,,,0,59,,77507,5,,,0,20,,77508,5,,,0,20,,77509,5,,,0,60,,77510,5,,,0,19,,77511,5,,,0,19,,77512,5,,,0,20,,77513,5,,,0,61,,77514,5,,,0,19,,77515,5,,,0,20,,77516,5,,,0,60,,77517,5,,,0,19,,77518,5,,,0,21,,77519,5,,,0,60,,77520,5,,,0,19,,77521,5,,,0,19,,77522,5,,,0,60,,77523,5,,,0,20,,77524,5,,,0,20,,77525,5,,,0,60,,77526,5,,,0,19,,77527,5,,,0,21,,77528,5,,,0,60,,77529,5,,,0,19,,77530,5,,,0,21,,77531,5,,,0,60,,77532,5,,,0,20,,77533,5,,,0,20,,77534,5,,,0,60,,77535,5,,,0,20,,77536,5,,,0,20,,77537,5,,,0,60,,77538,5,,,0,21,,77539,5,,,0,20,,77540,5,,,0,59,,77541,5,,,0,22,,77542,5,,,0,61,,77543,5,,,0,21,,77544,5,,,0,31,,77545,5,,,0,67,,77546,5,,,0,31,,77547,5,,,0
3000001,'5_5',642,,78700,5,,,0,59,,78659,5,,,0,20,,78660,5,,,0,20,,78661,5,,,0,60,,78662,5,,,0,19,,78663,5,,,0,19,,78664,5,,,0,20,,78665,5,,,0,61,,78666,5,,,0,19,,78667,5,,,0,20,,78668,5,,,0,60,,78669,5,,,0,19,,78670,5,,,0,21,,78671,5,,,0,60,,78672,5,,,0,19,,78673,5,,,0,19,,78674,5,,,0,60,,78675,5,,,0,20,,78676,5,,,0,20,,78677,5,,,0,60,,78678,5,,,0,19,,78679,5,,,0,21,,78680,5,,,0,60,,78681,5,,,0,19,,78682,5,,,0,21,,78683,5,,,0,60,,78684,5,,,0,20,,78685,5,,,0,20,,78686,5,,,0,60,,78687,5,,,0,20,,78688,5,,,0,20,,78689,5,,,0,60,,78690,5,,,0,21,,78691,5,,,0,20,,78692,5,,,0,59,,78693,5,,,0,22,,78694,5,,,0,61,,78695,5,,,0,21,,78696,5,,,0,31,,78697,5,,,0,67,,78698,5,,,0,31,,78699,5,,,0
