101,'S2-0_4',721,,84438,34,0,6,0,7,,84470,2,0,7,0,3,,84468,28,0,7,0,20,,84439,34,0,6,0,55,,84466,28,0,5,0,15,,84440,34,0,6,0,17,,84469,34,0,5,0,13,,84453,28,0,7,0,65,,84444,28,0,6,0,40,,84454,34,0,5,0,75,,84445,28,0,6,0,80,,84457,28,0,5,0,35,,84446,28,0,6,0,70,,84458,28,0,5,0,20,,84447,28,0,6,0,75,,84459,28,0,5,0,38,,84441,34,0,6,0,67,,84455,34,0,5,0,30,,84448,28,0,6,0,65,,84460,28,0,5,0,35,,84449,28,0,6,0,61,,84461,28,0,5,0,28,,84450,28,0,6,0,12,,84465,2,0,5,0,60,,84451,28,0,6,0,21,,84456,34,0,5,0,19,,84452,28,0,6,0,65,,84462,28,0,5,0,14,,84442,34,0,6,0,17,,84463,28,0,5,0,68,,84443,34,0,6,0,35,,84464,28,0,5,0
101,'S2-0_5',721,,84471,34,0,6,0,7,,84503,2,0,7,0,3,,84501,28,0,7,0,20,,84472,34,0,6,0,55,,84499,28,0,5,0,15,,84473,34,0,6,0,17,,84502,34,0,5,0,13,,84486,28,0,7,0,65,,84477,28,0,6,0,40,,84487,34,0,5,0,75,,84478,28,0,6,0,80,,84490,28,0,5,0,35,,84479,28,0,6,0,70,,84491,28,0,5,0,20,,84480,28,0,6,0,75,,84492,28,0,5,0,38,,84474,34,0,6,0,67,,84488,34,0,5,0,30,,84481,28,0,6,0,65,,84493,28,0,5,0,35,,84482,28,0,6,0,61,,84494,28,0,5,0,28,,84483,28,0,6,0,12,,84498,2,0,5,0,60,,84484,28,0,6,0,21,,84489,34,0,5,0,19,,84485,28,0,6,0,65,,84495,28,0,5,0,14,,84475,34,0,6,0,17,,84496,28,0,5,0,68,,84476,34,0,6,0,35,,84497,28,0,5,0
101,'S2-1_3',721,,84504,34,0,6,0,7,,84536,2,0,7,0,3,,84534,28,0,7,0,20,,84505,34,0,6,0,55,,84532,28,0,5,0,15,,84506,34,0,6,0,17,,84535,34,0,5,0,13,,84519,28,0,7,0,65,,84510,28,0,6,0,40,,84520,34,0,5,0,75,,84511,28,0,6,0,80,,84523,28,0,5,0,35,,84512,28,0,6,0,70,,84524,28,0,5,0,20,,84513,28,0,6,0,75,,84525,28,0,5,0,38,,84507,34,0,6,0,67,,84521,34,0,5,0,30,,84514,28,0,6,0,65,,84526,28,0,5,0,35,,84515,28,0,6,0,61,,84527,28,0,5,0,28,,84516,28,0,6,0,12,,84531,2,0,5,0,60,,84517,28,0,6,0,21,,84522,34,0,5,0,19,,84518,28,0,6,0,65,,84528,28,0,5,0,14,,84508,34,0,6,0,17,,84529,28,0,5,0,68,,84509,34,0,6,0,35,,84530,28,0,5,0
101,'S2-2_6',721,,84537,28,0,5,0,115,,84538,28,0,5,0,105,,84539,28,0,5,0,70,,84550,28,0,6,0,30,,84540,28,0,5,0,71,,84551,28,0,6,0,30,,84541,28,0,5,0,70,,84552,28,0,6,0,29,,84542,28,0,5,0,69,,84553,28,0,6,0,31,,84543,28,0,5,0,70,,84554,28,0,6,0,30,,84544,28,0,5,0,70,,84555,28,0,6,0,30,,84545,28,0,5,0,72,,84556,28,0,6,0,31,,84546,28,0,5,0,69,,84557,28,0,6,0,33,,84547,28,0,5,0,70,,84558,28,0,6,0,34,,84548,28,0,5,0,65,,84559,28,0,6,0,26,,84549,28,0,5,0
101,'S2-3_7',926,,84560,28,0,6,0,105,,84565,28,0,5,0,105,,84561,28,0,6,0,105,,84566,28,0,5,0,105,,84562,28,0,6,0,90,,84567,28,0,5,0,100,,84563,28,0,6,0,105,,84568,28,0,5,0,105,,84564,28,0,6,0,105,,84569,28,0,5,0
101,'S2-4_1',721,,84570,34,0,6,0,7,,84602,2,0,7,0,3,,84600,28,0,7,0,20,,84571,34,0,6,0,55,,84598,28,0,5,0,15,,84572,34,0,6,0,17,,84601,34,0,5,0,13,,84585,28,0,7,0,65,,84576,28,0,6,0,40,,84586,34,0,5,0,75,,84577,28,0,6,0,80,,84589,28,0,5,0,35,,84578,28,0,6,0,70,,84590,28,0,5,0,20,,84579,28,0,6,0,75,,84591,28,0,5,0,38,,84573,34,0,6,0,67,,84587,34,0,5,0,30,,84580,28,0,6,0,65,,84592,28,0,5,0,35,,84581,28,0,6,0,61,,84593,28,0,5,0,28,,84582,28,0,6,0,12,,84597,2,0,5,0,60,,84583,28,0,6,0,21,,84588,34,0,5,0,19,,84584,28,0,6,0,65,,84594,28,0,5,0,14,,84574,34,0,6,0,17,,84595,28,0,5,0,68,,84575,34,0,6,0,35,,84596,28,0,5,0
101,'S2-4_2',721,,84603,34,0,6,0,7,,84635,2,0,7,0,3,,84633,28,0,7,0,20,,84604,34,0,6,0,55,,84631,28,0,5,0,15,,84605,34,0,6,0,17,,84634,34,0,5,0,13,,84618,28,0,7,0,65,,84609,28,0,6,0,40,,84619,34,0,5,0,75,,84610,28,0,6,0,80,,84622,28,0,5,0,35,,84611,28,0,6,0,70,,84623,28,0,5,0,20,,84612,28,0,6,0,75,,84624,28,0,5,0,38,,84606,34,0,6,0,67,,84620,34,0,5,0,30,,84613,28,0,6,0,65,,84625,28,0,5,0,35,,84614,28,0,6,0,61,,84626,28,0,5,0,28,,84615,28,0,6,0,12,,84630,2,0,5,0,60,,84616,28,0,6,0,21,,84621,34,0,5,0,19,,84617,28,0,6,0,65,,84627,28,0,5,0,14,,84607,34,0,6,0,17,,84628,28,0,5,0,68,,84608,34,0,6,0,35,,84629,28,0,5,0
101,'S2-4_4',721,,84636,34,0,6,0,7,,84668,2,0,7,0,3,,84666,28,0,7,0,20,,84637,34,0,6,0,55,,84664,28,0,5,0,15,,84638,34,0,6,0,17,,84667,34,0,5,0,13,,84651,28,0,7,0,65,,84642,28,0,6,0,40,,84652,34,0,5,0,75,,84643,28,0,6,0,80,,84655,28,0,5,0,35,,84644,28,0,6,0,70,,84656,28,0,5,0,20,,84645,28,0,6,0,75,,84657,28,0,5,0,38,,84639,34,0,6,0,67,,84653,34,0,5,0,30,,84646,28,0,6,0,65,,84658,28,0,5,0,35,,84647,28,0,6,0,61,,84659,28,0,5,0,28,,84648,28,0,6,0,12,,84663,2,0,5,0,60,,84649,28,0,6,0,21,,84654,34,0,5,0,19,,84650,28,0,6,0,65,,84660,28,0,5,0,14,,84640,34,0,6,0,17,,84661,28,0,5,0,68,,84641,34,0,6,0,35,,84662,28,0,5,0
301,'S2-0_4',706,,85473,3,,,0,21,,85447,3,,,0,73,,85474,3,,,0,32,,85448,3,,,0,72,,85449,3,,,0,32,,85450,3,,,0,72,,85451,3,,,0,32,,85452,3,,,0,72,,85453,3,,,0,32,,85454,3,,,0,72,,85455,3,,,0,31,,85456,3,,,0,73,,85457,3,,,0,32,,85458,3,,,0,70,,85459,3,,,0,30,,85460,3,,,0,67,,85461,3,,,0,27,,85462,3,,,0,71,,85463,3,,,0,30,,85464,3,,,0,69,,85465,3,,,0,30,,85466,3,,,0,66,,85467,3,,,0,25,,85468,3,,,0,65,,85469,3,,,0,30,,85470,3,,,0,69,,85471,3,,,0,30,,85472,3,,,0
301,'S2-0_5',706,,85501,3,,,0,21,,85475,3,,,0,73,,85502,3,,,0,32,,85476,3,,,0,72,,85477,3,,,0,32,,85478,3,,,0,72,,85479,3,,,0,32,,85480,3,,,0,72,,85481,3,,,0,32,,85482,3,,,0,72,,85483,3,,,0,31,,85484,3,,,0,73,,85485,3,,,0,32,,85486,3,,,0,70,,85487,3,,,0,30,,85488,3,,,0,67,,85489,3,,,0,27,,85490,3,,,0,71,,85491,3,,,0,30,,85492,3,,,0,69,,85493,3,,,0,30,,85494,3,,,0,66,,85495,3,,,0,25,,85496,3,,,0,65,,85497,3,,,0,30,,85498,3,,,0,69,,85499,3,,,0,30,,85500,3,,,0
301,'S2-1_3',706,,85529,3,,,0,21,,85503,3,,,0,73,,85530,3,,,0,32,,85504,3,,,0,72,,85505,3,,,0,32,,85506,3,,,0,72,,85507,3,,,0,32,,85508,3,,,0,72,,85509,3,,,0,32,,85510,3,,,0,72,,85511,3,,,0,31,,85512,3,,,0,73,,85513,3,,,0,32,,85514,3,,,0,70,,85515,3,,,0,30,,85516,3,,,0,67,,85517,3,,,0,27,,85518,3,,,0,71,,85519,3,,,0,30,,85520,3,,,0,69,,85521,3,,,0,30,,85522,3,,,0,66,,85523,3,,,0,25,,85524,3,,,0,65,,85525,3,,,0,30,,85526,3,,,0,69,,85527,3,,,0,30,,85528,3,,,0
301,'S2-2_6',716,,85534,3,,,0,30,,85531,3,,,0,70,,85532,3,,,0,30,,85533,3,,,0,70,,85535,3,,,0,30,,85536,3,,,0,70,,85537,3,,,0,29,,85538,3,,,0,71,,85542,3,,,0,30,,85541,3,,,0,69,,85539,3,,,0,29,,85540,3,,,0,69,,85544,3,,,0,29,,85545,3,,,0,70,,85543,3,,,0,31,,85546,3,,,0,70,,85549,3,,,0,32,,85547,3,,,0,73,,85548,3,,,0,31,,85551,3,,,0,71,,85550,3,,,0,31,,85552,3,,,0,72,,85553,3,,,0,29,,85554,3,,,0,70,,85555,3,,,0,29,,85556,3,,,0,70,,85557,3,,,0,24,,85558,3,,,0
301,'S2-3_7',748,,85580,3,,,0,72,,85575,3,,,0,32,,85581,3,,,0,72,,85576,3,,,0,32,,85582,3,,,0,72,,85577,3,,,0,73,,85583,3,,,0,32,,85578,3,,,0,73,,85584,3,,,0,31,,85559,3,,,0,67,,85560,3,,,0,27,,85561,3,,,0,26,,85562,3,,,0,68,,85563,3,,,0,27,,85564,3,,,0,69,,85565,3,,,0,28,,85585,3,,,0,69,,85566,3,,,0,32,,85567,3,,,0,72,,85568,3,,,0,28,,85569,3,,,0,68,,85570,3,,,0,27,,85571,3,,,0,67,,85572,3,,,0,27,,85573,3,,,0,67,,85579,3,,,0,26,,85574,3,,,0
301,'S2-4_1',706,,85612,3,,,0,21,,85586,3,,,0,73,,85613,3,,,0,32,,85587,3,,,0,72,,85588,3,,,0,32,,85589,3,,,0,72,,85590,3,,,0,32,,85591,3,,,0,72,,85592,3,,,0,32,,85593,3,,,0,72,,85594,3,,,0,31,,85595,3,,,0,73,,85596,3,,,0,32,,85597,3,,,0,70,,85598,3,,,0,30,,85599,3,,,0,67,,85600,3,,,0,27,,85601,3,,,0,71,,85602,3,,,0,30,,85603,3,,,0,69,,85604,3,,,0,30,,85605,3,,,0,66,,85606,3,,,0,25,,85607,3,,,0,65,,85608,3,,,0,30,,85609,3,,,0,69,,85610,3,,,0,30,,85611,3,,,0
301,'S2-4_2',706,,85640,3,,,0,21,,85614,3,,,0,73,,85641,3,,,0,32,,85615,3,,,0,72,,85616,3,,,0,32,,85617,3,,,0,72,,85618,3,,,0,32,,85619,3,,,0,72,,85620,3,,,0,32,,85621,3,,,0,72,,85622,3,,,0,31,,85623,3,,,0,73,,85624,3,,,0,32,,85625,3,,,0,70,,85626,3,,,0,30,,85627,3,,,0,67,,85628,3,,,0,27,,85629,3,,,0,71,,85630,3,,,0,30,,85631,3,,,0,69,,85632,3,,,0,30,,85633,3,,,0,66,,85634,3,,,0,25,,85635,3,,,0,65,,85636,3,,,0,30,,85637,3,,,0,69,,85638,3,,,0,30,,85639,3,,,0
301,'S2-4_4',706,,85668,3,,,0,21,,85642,3,,,0,73,,85669,3,,,0,32,,85643,3,,,0,72,,85644,3,,,0,32,,85645,3,,,0,72,,85646,3,,,0,32,,85647,3,,,0,72,,85648,3,,,0,32,,85649,3,,,0,72,,85650,3,,,0,31,,85651,3,,,0,73,,85652,3,,,0,32,,85653,3,,,0,70,,85654,3,,,0,30,,85655,3,,,0,67,,85656,3,,,0,27,,85657,3,,,0,71,,85658,3,,,0,30,,85659,3,,,0,69,,85660,3,,,0,30,,85661,3,,,0,66,,85662,3,,,0,25,,85663,3,,,0,65,,85664,3,,,0,30,,85665,3,,,0,69,,85666,3,,,0,30,,85667,3,,,0
401,'S2-0_4',725,,85936,32,0,52,0,11,,85906,34,0,41,0,15,,85923,36,0,41,0,55,,85907,34,0,41,0,15,,85930,36,,,0,24,,85908,34,0,41,0,11,,85909,34,0,41,0,78,,85910,34,0,41,0,74,,85911,34,0,41,0,33,,85912,34,0,41,0,75,,85932,34,,,0,29,,85913,34,0,41,0,71,,85914,34,0,41,0,20,,85931,36,,,0,68,,85927,37,0,41,0,32,,85933,34,,,0,73,,85905,37,0,41,0,37,,85915,34,0,41,0,70,,85934,34,,,0,30,,85916,34,0,41,0,65,,85917,34,0,41,0,19,,85918,36,0,41,0,14,,85928,37,0,41,0,63,,85924,34,0,41,0,15,,85919,34,0,41,0,15,,85925,36,0,41,0,11,,85929,37,,,0,69,,85920,34,0,41,0,24,,85926,36,0,41,0,75,,85921,34,0,41,0,20,,85935,34,,,0
401,'S2-0_5',725,,85968,32,0,52,0,11,,85938,34,0,41,0,15,,85955,36,0,41,0,55,,85939,34,0,41,0,15,,85962,36,,,0,24,,85940,34,0,41,0,11,,85941,34,0,41,0,78,,85942,34,0,41,0,74,,85943,34,0,41,0,33,,85944,34,0,41,0,75,,85964,34,,,0,29,,85945,34,0,41,0,71,,85946,34,0,41,0,20,,85963,36,,,0,68,,85959,37,0,41,0,32,,85965,34,,,0,73,,85937,37,0,41,0,37,,85947,34,0,41,0,70,,85966,34,,,0,30,,85948,34,0,41,0,65,,85949,34,0,41,0,19,,85950,36,0,41,0,14,,85960,37,0,41,0,63,,85956,34,0,41,0,15,,85951,34,0,41,0,15,,85957,36,0,41,0,11,,85961,37,,,0,69,,85952,34,0,41,0,24,,85958,36,0,41,0,75,,85953,34,0,41,0,20,,85967,34,,,0
401,'S2-1_3',725,,86000,32,0,52,0,11,,85970,34,0,41,0,15,,85987,36,0,41,0,55,,85971,34,0,41,0,15,,85994,36,,,0,24,,85972,34,0,41,0,11,,85973,34,0,41,0,78,,85974,34,0,41,0,74,,85975,34,0,41,0,33,,85976,34,0,41,0,75,,85996,34,,,0,29,,85977,34,0,41,0,71,,85978,34,0,41,0,20,,85995,36,,,0,68,,85991,37,0,41,0,32,,85997,34,,,0,73,,85969,37,0,41,0,37,,85979,34,0,41,0,70,,85998,34,,,0,30,,85980,34,0,41,0,65,,85981,34,0,41,0,19,,85982,36,0,41,0,14,,85992,37,0,41,0,63,,85988,34,0,41,0,15,,85983,34,0,41,0,15,,85989,36,0,41,0,11,,85993,37,,,0,69,,85984,34,0,41,0,24,,85990,36,0,41,0,75,,85985,34,0,41,0,20,,85999,34,,,0
401,'S2-2_6',721,,86001,34,,,0,117,,86008,34,0,41,0,73,,86002,34,,,0,28,,86009,34,0,41,0,72,,86010,34,0,41,0,29,,86011,34,0,41,0,72,,86003,34,,,0,28,,86012,34,0,41,0,73,,86013,34,0,41,0,29,,86014,34,0,41,0,70,,86004,34,,,0,29,,86015,34,0,41,0,70,,86016,34,0,41,0,31,,86017,34,0,41,0,71,,86005,34,,,0,28,,86018,34,0,41,0,73,,86019,34,0,41,0,33,,86020,34,0,41,0,71,,86006,34,,,0,32,,86021,34,0,41,0,71,,86022,34,0,41,0,31,,86023,34,0,41,0,69,,86024,34,0,41,0,30,,86007,34,,,0
401,'S2-3_7',954,,86025,34,,,0,165,,86026,34,,,0,125,,86027,34,,,0,201,,86028,34,,,0,165,,86029,34,,,0,125,,86030,34,,,0,165,,86031,34,,,0
401,'S2-4_1',725,,86063,32,0,52,0,11,,86033,34,0,41,0,15,,86050,36,0,41,0,55,,86034,34,0,41,0,15,,86057,36,,,0,24,,86035,34,0,41,0,11,,86036,34,0,41,0,78,,86037,34,0,41,0,74,,86038,34,0,41,0,33,,86039,34,0,41,0,75,,86059,34,,,0,29,,86040,34,0,41,0,71,,86041,34,0,41,0,20,,86058,36,,,0,68,,86054,37,0,41,0,32,,86060,34,,,0,73,,86032,37,0,41,0,37,,86042,34,0,41,0,70,,86061,34,,,0,30,,86043,34,0,41,0,65,,86044,34,0,41,0,19,,86045,36,0,41,0,14,,86055,37,0,41,0,63,,86051,34,0,41,0,15,,86046,34,0,41,0,15,,86052,36,0,41,0,11,,86056,37,,,0,69,,86047,34,0,41,0,24,,86053,36,0,41,0,75,,86048,34,0,41,0,20,,86062,34,,,0
401,'S2-4_2',725,,86095,32,0,52,0,11,,86065,34,0,41,0,15,,86082,36,0,41,0,55,,86066,34,0,41,0,15,,86089,36,,,0,24,,86067,34,0,41,0,11,,86068,34,0,41,0,78,,86069,34,0,41,0,74,,86070,34,0,41,0,33,,86071,34,0,41,0,75,,86091,34,,,0,29,,86072,34,0,41,0,71,,86073,34,0,41,0,20,,86090,36,,,0,68,,86086,37,0,41,0,32,,86092,34,,,0,73,,86064,37,0,41,0,37,,86074,34,0,41,0,70,,86093,34,,,0,30,,86075,34,0,41,0,65,,86076,34,0,41,0,19,,86077,36,0,41,0,14,,86087,37,0,41,0,63,,86083,34,0,41,0,15,,86078,34,0,41,0,15,,86084,36,0,41,0,11,,86088,37,,,0,69,,86079,34,0,41,0,24,,86085,36,0,41,0,75,,86080,34,0,41,0,20,,86094,34,,,0
401,'S2-4_4',725,,86127,32,0,52,0,11,,86097,34,0,41,0,15,,86114,36,0,41,0,55,,86098,34,0,41,0,15,,86121,36,,,0,24,,86099,34,0,41,0,11,,86100,34,0,41,0,78,,86101,34,0,41,0,74,,86102,34,0,41,0,33,,86103,34,0,41,0,75,,86123,34,,,0,29,,86104,34,0,41,0,71,,86105,34,0,41,0,20,,86122,36,,,0,68,,86118,37,0,41,0,32,,86124,34,,,0,73,,86096,37,0,41,0,37,,86106,34,0,41,0,70,,86125,34,,,0,30,,86107,34,0,41,0,65,,86108,34,0,41,0,19,,86109,36,0,41,0,14,,86119,37,0,41,0,63,,86115,34,0,41,0,15,,86110,34,0,41,0,15,,86116,36,0,41,0,11,,86120,37,,,0,69,,86111,34,0,41,0,24,,86117,36,0,41,0,75,,86112,34,0,41,0,20,,86126,34,,,0
701,'S2-0_4',722,,86635,18,,,0,110,,86636,18,,,0,110,,86637,18,,,0,110,,86638,18,,,0,150,,86639,18,,,0,110,,86640,18,,,0,110,,86641,18,,,0,110,,86642,18,,,0,110,,86643,18,,,0,110,,86644,18,,,0,150,,86645,18,,,0
701,'S2-0_5',722,,86646,18,,,0,110,,86647,18,,,0,110,,86648,18,,,0,110,,86649,18,,,0,150,,86650,18,,,0,110,,86651,18,,,0,110,,86652,18,,,0,110,,86653,18,,,0,110,,86654,18,,,0,110,,86655,18,,,0,150,,86656,18,,,0
701,'S2-1_3',722,,86657,18,,,0,110,,86658,18,,,0,110,,86659,18,,,0,110,,86660,18,,,0,150,,86661,18,,,0,110,,86662,18,,,0,110,,86663,18,,,0,110,,86664,18,,,0,110,,86665,18,,,0,110,,86666,18,,,0,150,,86667,18,,,0
701,'S2-2_6',721,,86670,18,,,0,110,,86671,18,,,0,110,,86672,18,,,0,110,,86673,18,,,0,150,,86674,18,,,0,110,,86675,18,,,0,110,,86676,18,,,0,110,,86677,18,,,0,110,,86678,18,,,0,110,,86668,18,,,0,150,,86669,18,,,0
701,'S2-4_1',722,,86679,18,,,0,110,,86680,18,,,0,110,,86681,18,,,0,110,,86682,18,,,0,150,,86683,18,,,0,110,,86684,18,,,0,110,,86685,18,,,0,110,,86686,18,,,0,110,,86687,18,,,0,110,,86688,18,,,0,150,,86689,18,,,0
701,'S2-4_2',722,,86690,18,,,0,110,,86691,18,,,0,110,,86692,18,,,0,110,,86693,18,,,0,150,,86694,18,,,0,110,,86695,18,,,0,110,,86696,18,,,0,110,,86697,18,,,0,110,,86698,18,,,0,110,,86699,18,,,0,150,,86700,18,,,0
701,'S2-4_4',722,,86701,18,,,0,110,,86702,18,,,0,110,,86703,18,,,0,110,,86704,18,,,0,150,,86705,18,,,0,110,,86706,18,,,0,110,,86707,18,,,0,110,,86708,18,,,0,110,,86709,18,,,0,110,,86710,18,,,0,150,,86711,18,,,0
2000001,'S2-0_4',646,,90979,12,,,0,65,,90956,12,,,0,14,,90937,6,,,0,2,,90935,2,0,18 19,0,1,,90939,12,,,0,16,,90964,12,,,0,56,,90947,12,,,0,14,,90982,12,,,0,14,,90929,12,,,0,14,,90957,12,,,0,15,,90941,12,,,0,56,,90965,12,,,0,15,,90949,12,,,0,16,,90973,12,,,0,57,,90930,12,,,0,16,,90963,12,,,0,15,,90940,12,,,0,16,,90966,12,,,0,56,,90948,12,,,0,16,,90975,12,,,0,15,,90931,12,,,0,16,,90961,12,,,0,56,,90946,12,,,0,17,,90967,12,,,0,15,,90955,12,,,0,14,,90974,12,,,0,56,,90933,12,,,0,12,,90958,12,,,0,17,,90942,12,,,0,15,,90969,12,,,0,55,,90950,12,,,0,15,,90978,12,,,0,15,,90934,12,,,0,15,,90959,12,,,0,56,,90943,12,,,0,15,,90968,12,,,0,16,,90951,12,,,0,14,,90977,12,,,0,55,,90932,12,,,0,16,,90960,12,,,0,17,,90944,12,,,0,15,,90970,12,,,0,57,,90952,12,,,0,18,,90928,12,,,0,16,,90976,12,,,0,57,,90983,12,,,0,12,,90962,12,,,0,12,,90945,12,,,0,14,,90971,12,,,0,14,,90953,12,,,0,52,,90927,12,,,0,13,,90980,12,,,0,14,,90936,12,,,0,23,,90972,12,,,0,60,,90954,12,,,0,20,,90981,12,,,0,20,,90938,12,,,0
2000001,'S2-0_5',646,,91036,12,,,0,65,,91013,12,,,0,14,,90994,6,,,0,2,,90992,2,0,18 19,0,1,,90996,12,,,0,16,,91021,12,,,0,56,,91004,12,,,0,14,,91039,12,,,0,14,,90986,12,,,0,14,,91014,12,,,0,15,,90998,12,,,0,56,,91022,12,,,0,15,,91006,12,,,0,16,,91030,12,,,0,57,,90987,12,,,0,16,,91020,12,,,0,15,,90997,12,,,0,16,,91023,12,,,0,56,,91005,12,,,0,16,,91032,12,,,0,15,,90988,12,,,0,16,,91018,12,,,0,56,,91003,12,,,0,17,,91024,12,,,0,15,,91012,12,,,0,14,,91031,12,,,0,56,,90990,12,,,0,12,,91015,12,,,0,17,,90999,12,,,0,15,,91026,12,,,0,55,,91007,12,,,0,15,,91035,12,,,0,15,,90991,12,,,0,15,,91016,12,,,0,56,,91000,12,,,0,15,,91025,12,,,0,16,,91008,12,,,0,14,,91034,12,,,0,55,,90989,12,,,0,16,,91017,12,,,0,17,,91001,12,,,0,15,,91027,12,,,0,57,,91009,12,,,0,18,,90985,12,,,0,16,,91033,12,,,0,57,,91040,12,,,0,12,,91019,12,,,0,12,,91002,12,,,0,14,,91028,12,,,0,14,,91010,12,,,0,52,,90984,12,,,0,13,,91037,12,,,0,14,,90993,12,,,0,23,,91029,12,,,0,60,,91011,12,,,0,20,,91038,12,,,0,20,,90995,12,,,0
2000001,'S2-1_3',646,,91093,12,,,0,65,,91070,12,,,0,14,,91051,6,,,0,2,,91049,2,0,18 19,0,1,,91053,12,,,0,16,,91078,12,,,0,56,,91061,12,,,0,14,,91096,12,,,0,14,,91043,12,,,0,14,,91071,12,,,0,15,,91055,12,,,0,56,,91079,12,,,0,15,,91063,12,,,0,16,,91087,12,,,0,57,,91044,12,,,0,16,,91077,12,,,0,15,,91054,12,,,0,16,,91080,12,,,0,56,,91062,12,,,0,16,,91089,12,,,0,15,,91045,12,,,0,16,,91075,12,,,0,56,,91060,12,,,0,17,,91081,12,,,0,15,,91069,12,,,0,14,,91088,12,,,0,56,,91047,12,,,0,12,,91072,12,,,0,17,,91056,12,,,0,15,,91083,12,,,0,55,,91064,12,,,0,15,,91092,12,,,0,15,,91048,12,,,0,15,,91073,12,,,0,56,,91057,12,,,0,15,,91082,12,,,0,16,,91065,12,,,0,14,,91091,12,,,0,55,,91046,12,,,0,16,,91074,12,,,0,17,,91058,12,,,0,15,,91084,12,,,0,57,,91066,12,,,0,18,,91042,12,,,0,16,,91090,12,,,0,57,,91097,12,,,0,12,,91076,12,,,0,12,,91059,12,,,0,14,,91085,12,,,0,14,,91067,12,,,0,52,,91041,12,,,0,13,,91094,12,,,0,14,,91050,12,,,0,23,,91086,12,,,0,60,,91068,12,,,0,20,,91095,12,,,0,20,,91052,12,,,0
2000001,'S2-2_6',649,,91098,12,,,0,80,,91099,12,,,0,79,,91100,12,,,0,31,,91138,12,,,0,61,,91102,12,,,0,20,,91101,12,,,0,20,,91103,12,,,0,60,,91104,12,,,0,19,,91106,12,,,0,19,,91105,12,,,0,20,,91111,12,,,0,60,,91109,12,,,0,17,,91113,12,,,0,19,,91107,12,,,0,59,,91112,12,,,0,20,,91108,12,,,0,17,,91110,12,,,0,58,,91119,12,,,0,18,,91116,12,,,0,20,,91117,12,,,0,61,,91118,12,,,0,18,,91115,12,,,0,17,,91114,12,,,0,59,,91120,12,,,0,21,,91121,12,,,0,20,,91123,12,,,0,59,,91122,12,,,0,20,,91124,12,,,0,20,,91125,12,,,0,61,,91126,12,,,0,20,,91128,12,,,0,19,,91127,12,,,0,59,,91129,12,,,0,19,,91130,12,,,0,18,,91131,12,,,0,19,,91132,12,,,0,57,,91133,12,,,0,18,,91134,12,,,0,23,,91135,12,,,0,64,,91136,12,,,0,23,,91137,12,,,0
2000001,'S2-3_7',820,,91156,12,,,0,80,,91139,12,,,0,40,,91140,12,,,0,80,,91141,12,,,0,80,,91142,12,,,0,40,,91143,12,,,0,80,,91144,12,,,0,80,,91145,12,,,0,40,,91147,12,,,0,80,,91146,12,,,0,80,,91148,12,,,0,40,,91149,12,,,0,80,,91150,12,,,0,80,,91151,12,,,0,40,,91153,12,,,0,80,,91152,12,,,0,80,,91154,12,,,0,40,,91155,12,,,0
2000001,'S2-4_1',646,,91209,12,,,0,65,,91186,12,,,0,14,,91167,6,,,0,2,,91165,2,0,18 19,0,1,,91169,12,,,0,16,,91194,12,,,0,56,,91177,12,,,0,14,,91212,12,,,0,14,,91159,12,,,0,14,,91187,12,,,0,15,,91171,12,,,0,56,,91195,12,,,0,15,,91179,12,,,0,16,,91203,12,,,0,57,,91160,12,,,0,16,,91193,12,,,0,15,,91170,12,,,0,16,,91196,12,,,0,56,,91178,12,,,0,16,,91205,12,,,0,15,,91161,12,,,0,16,,91191,12,,,0,56,,91176,12,,,0,17,,91197,12,,,0,15,,91185,12,,,0,14,,91204,12,,,0,56,,91163,12,,,0,12,,91188,12,,,0,17,,91172,12,,,0,15,,91199,12,,,0,55,,91180,12,,,0,15,,91208,12,,,0,15,,91164,12,,,0,15,,91189,12,,,0,56,,91173,12,,,0,15,,91198,12,,,0,16,,91181,12,,,0,14,,91207,12,,,0,55,,91162,12,,,0,16,,91190,12,,,0,17,,91174,12,,,0,15,,91200,12,,,0,57,,91182,12,,,0,18,,91158,12,,,0,16,,91206,12,,,0,57,,91213,12,,,0,12,,91192,12,,,0,12,,91175,12,,,0,14,,91201,12,,,0,14,,91183,12,,,0,52,,91157,12,,,0,13,,91210,12,,,0,14,,91166,12,,,0,23,,91202,12,,,0,60,,91184,12,,,0,20,,91211,12,,,0,20,,91168,12,,,0
2000001,'S2-4_2',646,,91266,12,,,0,65,,91243,12,,,0,14,,91224,6,,,0,2,,91222,2,0,18 19,0,1,,91226,12,,,0,16,,91251,12,,,0,56,,91234,12,,,0,14,,91269,12,,,0,14,,91216,12,,,0,14,,91244,12,,,0,15,,91228,12,,,0,56,,91252,12,,,0,15,,91236,12,,,0,16,,91260,12,,,0,57,,91217,12,,,0,16,,91250,12,,,0,15,,91227,12,,,0,16,,91253,12,,,0,56,,91235,12,,,0,16,,91262,12,,,0,15,,91218,12,,,0,16,,91248,12,,,0,56,,91233,12,,,0,17,,91254,12,,,0,15,,91242,12,,,0,14,,91261,12,,,0,56,,91220,12,,,0,12,,91245,12,,,0,17,,91229,12,,,0,15,,91256,12,,,0,55,,91237,12,,,0,15,,91265,12,,,0,15,,91221,12,,,0,15,,91246,12,,,0,56,,91230,12,,,0,15,,91255,12,,,0,16,,91238,12,,,0,14,,91264,12,,,0,55,,91219,12,,,0,16,,91247,12,,,0,17,,91231,12,,,0,15,,91257,12,,,0,57,,91239,12,,,0,18,,91215,12,,,0,16,,91263,12,,,0,57,,91270,12,,,0,12,,91249,12,,,0,12,,91232,12,,,0,14,,91258,12,,,0,14,,91240,12,,,0,52,,91214,12,,,0,13,,91267,12,,,0,14,,91223,12,,,0,23,,91259,12,,,0,60,,91241,12,,,0,20,,91268,12,,,0,20,,91225,12,,,0
2000001,'S2-4_4',646,,91323,12,,,0,65,,91300,12,,,0,14,,91281,6,,,0,2,,91279,2,0,18 19,0,1,,91283,12,,,0,16,,91308,12,,,0,56,,91291,12,,,0,14,,91326,12,,,0,14,,91273,12,,,0,14,,91301,12,,,0,15,,91285,12,,,0,56,,91309,12,,,0,15,,91293,12,,,0,16,,91317,12,,,0,57,,91274,12,,,0,16,,91307,12,,,0,15,,91284,12,,,0,16,,91310,12,,,0,56,,91292,12,,,0,16,,91319,12,,,0,15,,91275,12,,,0,16,,91305,12,,,0,56,,91290,12,,,0,17,,91311,12,,,0,15,,91299,12,,,0,14,,91318,12,,,0,56,,91277,12,,,0,12,,91302,12,,,0,17,,91286,12,,,0,15,,91313,12,,,0,55,,91294,12,,,0,15,,91322,12,,,0,15,,91278,12,,,0,15,,91303,12,,,0,56,,91287,12,,,0,15,,91312,12,,,0,16,,91295,12,,,0,14,,91321,12,,,0,55,,91276,12,,,0,16,,91304,12,,,0,17,,91288,12,,,0,15,,91314,12,,,0,57,,91296,12,,,0,18,,91272,12,,,0,16,,91320,12,,,0,57,,91327,12,,,0,12,,91306,12,,,0,12,,91289,12,,,0,14,,91315,12,,,0,14,,91297,12,,,0,52,,91271,12,,,0,13,,91324,12,,,0,14,,91280,12,,,0,23,,91316,12,,,0,60,,91298,12,,,0,20,,91325,12,,,0,20,,91282,12,,,0
