1601,'S2-0_4',850,,87596,9,,,0,87,,87597,2,,,0,119,,87598,9,,,0,152,,87601,9,,,0,146,,87599,9,,,0,178,,87602,9,,,0,105,,87603,2,,,0,177,,87600,9,,,0
1601,'S2-0_5',850,,87604,9,,,0,87,,87605,2,,,0,119,,87606,9,,,0,152,,87609,9,,,0,146,,87607,9,,,0,178,,87610,9,,,0,105,,87611,2,,,0,177,,87608,9,,,0
1601,'S2-1_3',850,,87612,9,,,0,87,,87613,2,,,0,119,,87614,9,,,0,152,,87617,9,,,0,146,,87615,9,,,0,178,,87618,9,,,0,105,,87619,2,,,0,177,,87616,9,,,0
1601,'S2-2_6',850,,87620,9,,,0,87,,87621,2,,,0,119,,87622,9,,,0,152,,87625,9,,,0,146,,87623,9,,,0,178,,87626,9,,,0,105,,87627,2,,,0,177,,87624,9,,,0
1601,'S2-4_1',850,,87628,9,,,0,87,,87629,2,,,0,119,,87630,9,,,0,152,,87633,9,,,0,146,,87631,9,,,0,178,,87634,9,,,0,105,,87635,2,,,0,177,,87632,9,,,0
1601,'S2-4_2',850,,87636,9,,,0,87,,87637,2,,,0,119,,87638,9,,,0,152,,87641,9,,,0,146,,87639,9,,,0,178,,87642,9,,,0,105,,87643,2,,,0,177,,87640,9,,,0
1601,'S2-4_4',850,,87644,9,,,0,87,,87645,2,,,0,119,,87646,9,,,0,152,,87649,9,,,0,146,,87647,9,,,0,178,,87650,9,,,0,105,,87651,2,,,0,177,,87648,9,,,0
1901,'S2-0_4',1611,,87886,4,0,49,0,19,,87878,20,,,0,20,,87883,9,,,0,61,,87882,4,,,0,19,,87879,20,,,0,70,,87884,9,,,0,29,,87880,20,,,0,30,,87885,9,,,0
1901,'S2-0_5',1611,,87895,4,0,49,0,19,,87887,20,,,0,20,,87892,9,,,0,61,,87891,4,,,0,19,,87888,20,,,0,70,,87893,9,,,0,29,,87889,20,,,0,30,,87894,9,,,0
1901,'S2-1_3',1229,,87899,20,,,0,20,,87901,4,,,0,63,,87900,24,,,0,338,,87896,9,,,0,150,,87897,9,,,0,59,,87898,9,,,0
1901,'S2-4_1',1611,,87910,4,0,49,0,19,,87902,20,,,0,20,,87907,9,,,0,61,,87906,4,,,0,19,,87903,20,,,0,70,,87908,9,,,0,29,,87904,20,,,0,30,,87909,9,,,0
1901,'S2-4_2',1611,,87919,4,0,49,0,19,,87911,20,,,0,20,,87916,9,,,0,61,,87915,4,,,0,19,,87912,20,,,0,70,,87917,9,,,0,29,,87913,20,,,0,30,,87918,9,,,0
1901,'S2-4_4',1611,,87928,4,0,49,0,19,,87920,20,,,0,20,,87925,9,,,0,61,,87924,4,,,0,19,,87921,20,,,0,70,,87926,9,,,0,29,,87922,20,,,0,30,,87927,9,,,0
