200,'S2-0_4',748,,84669,36,0,35 37,0,102,,84676,39,0,35 37,0,108,,84680,36,0,35 37,0,159,,84671,39,0,35 37,0,114,,84691,27,0,35 37,0,86,,84692,36,0,35 37,0,92,,84672,36,0,35 37,0,100,,84693,36,0,35 37,0,123,,84694,36,0,35 37,0,111,,84673,27,0,35 37,0,93,,84695,39,0,35 37,0,111,,84674,36,0,35 37,0
200,'S2-0_5',748,,84708,36,0,35 37,0,102,,84715,39,0,35 37,0,108,,84719,36,0,35 37,0,159,,84710,39,0,35 37,0,114,,84730,27,0,35 37,0,86,,84731,36,0,35 37,0,92,,84711,36,0,35 37,0,100,,84732,36,0,35 37,0,123,,84733,36,0,35 37,0,111,,84712,27,0,35 37,0,93,,84734,39,0,35 37,0,111,,84713,36,0,35 37,0
200,'S2-1_3',748,,84747,36,0,35 37,0,102,,84754,39,0,35 37,0,108,,84758,36,0,35 37,0,159,,84749,39,0,35 37,0,114,,84769,27,0,35 37,0,86,,84770,36,0,35 37,0,92,,84750,36,0,35 37,0,100,,84771,36,0,35 37,0,123,,84772,36,0,35 37,0,111,,84751,27,0,35 37,0,93,,84773,39,0,35 37,0,111,,84752,36,0,35 37,0
200,'S2-2_6',805,,84797,36,0,35 37,0,105,,84798,36,0,35 37,0,106,,84799,27,0,35 37,0,106,,84800,36,0,35 37,0,109,,84801,36,0,35 37,0,100,,84802,27,0,35 37,0,102,,84803,36,0,35 37,0,102,,84804,36,0,35 37,0,112,,84805,36,0,35 37,0,102,,84806,36,0,35 37,0,94,,84820,36,0,35 37,0,89,,84807,39,0,35 37,0
200,'S2-4_1',748,,84829,36,0,35 37,0,102,,84836,39,0,35 37,0,108,,84840,36,0,35 37,0,159,,84831,39,0,35 37,0,114,,84851,27,0,35 37,0,86,,84852,36,0,35 37,0,92,,84832,36,0,35 37,0,100,,84853,36,0,35 37,0,123,,84854,36,0,35 37,0,111,,84833,27,0,35 37,0,93,,84855,39,0,35 37,0,111,,84834,36,0,35 37,0
200,'S2-4_2',748,,84868,36,0,35 37,0,102,,84875,39,0,35 37,0,108,,84879,36,0,35 37,0,159,,84870,39,0,35 37,0,114,,84890,27,0,35 37,0,86,,84891,36,0,35 37,0,92,,84871,36,0,35 37,0,100,,84892,36,0,35 37,0,123,,84893,36,0,35 37,0,111,,84872,27,0,35 37,0,93,,84894,39,0,35 37,0,111,,84873,36,0,35 37,0
200,'S2-4_4',748,,84907,36,0,35 37,0,102,,84914,39,0,35 37,0,108,,84918,36,0,35 37,0,159,,84909,39,0,35 37,0,114,,84929,27,0,35 37,0,86,,84930,36,0,35 37,0,92,,84910,36,0,35 37,0,100,,84931,36,0,35 37,0,123,,84932,36,0,35 37,0,111,,84911,27,0,35 37,0,93,,84933,39,0,35 37,0,111,,84912,36,0,35 37,0
201,'S2-0_4',653,,84959,8,0,62,0,66,,84984,8,0,21,0,104,,84969,8,0,62,0,99,,84960,8,0,20,0,107,,84961,8,0,62,0,118,,84962,8,0,62,0,155,,84970,8,0,21,0,45,,84963,8,0,21,0,95,,84971,8,0,21,0,99,,84964,8,0,21,0,162,,84973,8,0,21,0,119,,84966,8,0,62,0,87,,84967,8,0,62,0
201,'S2-0_5',653,,84998,8,0,62,0,66,,85023,8,0,21,0,104,,85008,8,0,62,0,99,,84999,8,0,20,0,107,,85000,8,0,62,0,118,,85001,8,0,62,0,155,,85009,8,0,21,0,45,,85002,8,0,21,0,95,,85010,8,0,21,0,99,,85003,8,0,21,0,162,,85012,8,0,21,0,119,,85005,8,0,62,0,87,,85006,8,0,62,0
201,'S2-1_3',653,,85037,8,0,62,0,66,,85063,8,0,21,0,104,,85047,8,0,62,0,99,,85038,8,0,20,0,107,,85039,8,0,62,0,118,,85040,8,0,62,0,155,,85048,8,0,21,0,45,,85041,8,0,21,0,95,,85049,8,0,21,0,99,,85042,8,0,21,0,162,,85051,8,0,21,0,119,,85044,8,0,62,0,87,,85045,8,0,62,0
201,'S2-2_6',703,,85088,8,0,62,0,141,,85089,8,0,20,0,100,,85090,8,0,62,0,110,,85091,8,0,64,0,146,,85092,8,0,21,0,109,,85093,8,0,20,0,105,,85094,8,0,20,0,105,,85095,8,0,20,0,101,,85096,8,0,20,0,103,,85097,8,0,20,0,105,,85098,8,0,62,0,94,,85099,8,0,21,0
201,'S2-4_1',653,,85121,8,0,62,0,66,,85146,8,0,21,0,104,,85131,8,0,62,0,99,,85122,8,0,20,0,107,,85123,8,0,62,0,118,,85124,8,0,62,0,155,,85132,8,0,21,0,45,,85125,8,0,21,0,95,,85133,8,0,21,0,99,,85126,8,0,21,0,162,,85135,8,0,21,0,119,,85128,8,0,62,0,87,,85129,8,0,62,0
201,'S2-4_2',653,,85160,8,0,62,0,66,,85185,8,0,21,0,104,,85170,8,0,62,0,99,,85161,8,0,20,0,107,,85162,8,0,62,0,118,,85163,8,0,62,0,155,,85171,8,0,21,0,45,,85164,8,0,21,0,95,,85172,8,0,21,0,99,,85165,8,0,21,0,162,,85174,8,0,21,0,119,,85167,8,0,62,0,87,,85168,8,0,62,0
201,'S2-4_4',653,,85199,8,0,62,0,66,,85224,8,0,21,0,104,,85209,8,0,62,0,99,,85200,8,0,20,0,107,,85201,8,0,62,0,118,,85202,8,0,62,0,155,,85210,8,0,21,0,45,,85203,8,0,21,0,95,,85211,8,0,21,0,99,,85204,8,0,21,0,162,,85213,8,0,21,0,119,,85206,8,0,62,0,87,,85207,8,0,62,0
