700,'S2-0_4',732,,86558,21,,,0,110,,86560,21,,,0,111,,86561,21,,,0,150,,86562,21,,,0,110,,86563,21,,,0,110,,86564,21,,,0,110,,86565,21,,,0,110,,86566,21,,,0,113,,86567,21,,,0,150,,86568,21,,,0,105,,86559,21,,,0
700,'S2-0_5',732,,86569,21,,,0,110,,86571,21,,,0,111,,86572,21,,,0,150,,86573,21,,,0,110,,86574,21,,,0,110,,86575,21,,,0,110,,86576,21,,,0,110,,86577,21,,,0,113,,86578,21,,,0,150,,86579,21,,,0,105,,86570,21,,,0
700,'S2-1_3',732,,86580,21,,,0,110,,86582,21,,,0,111,,86583,21,,,0,150,,86584,21,,,0,110,,86585,21,,,0,110,,86586,21,,,0,110,,86587,21,,,0,110,,86588,21,,,0,113,,86589,21,,,0,150,,86590,21,,,0,105,,86581,21,,,0
700,'S2-2_6',730,,86593,21,,,0,110,,86594,21,,,0,112,,86595,21,,,0,150,,86596,21,,,0,110,,86597,21,,,0,110,,86598,21,,,0,111,,86599,21,,,0,109,,86600,21,,,0,111,,86601,21,,,0,150,,86591,21,,,0,107,,86592,21,,,0
700,'S2-4_1',732,,86602,21,,,0,110,,86604,21,,,0,111,,86605,21,,,0,150,,86606,21,,,0,110,,86607,21,,,0,110,,86608,21,,,0,110,,86609,21,,,0,110,,86610,21,,,0,113,,86611,21,,,0,150,,86612,21,,,0,105,,86603,21,,,0
700,'S2-4_2',732,,86613,21,,,0,110,,86615,21,,,0,111,,86616,21,,,0,150,,86617,21,,,0,110,,86618,21,,,0,110,,86619,21,,,0,110,,86620,21,,,0,110,,86621,21,,,0,113,,86622,21,,,0,150,,86623,21,,,0,105,,86614,21,,,0
700,'S2-4_4',732,,86624,21,,,0,110,,86626,21,,,0,111,,86627,21,,,0,150,,86628,21,,,0,110,,86629,21,,,0,110,,86630,21,,,0,110,,86631,21,,,0,110,,86632,21,,,0,113,,86633,21,,,0,150,,86634,21,,,0,105,,86625,21,,,0
2400,'S2-0_4',741,,88119,17,,,0,868,,88120,12,,,0,103,,88121,12,,,0,95,,88122,12,,,0
2400,'S2-0_5',741,,88123,17,,,0,868,,88124,12,,,0,103,,88125,12,,,0,95,,88126,12,,,0
2400,'S2-1_3',741,,88127,17,,,0,490,,88128,12,,,0
2400,'S2-4_1',741,,88129,17,,,0,868,,88130,12,,,0,103,,88131,12,,,0,95,,88132,12,,,0
2400,'S2-4_2',741,,88133,17,,,0,868,,88134,12,,,0,103,,88135,12,,,0,95,,88136,12,,,0
2400,'S2-4_4',741,,88137,17,,,0,868,,88138,12,,,0,103,,88139,12,,,0,95,,88140,12,,,0
