801,'S2-0_4',839,,86784,7,,,0,108,,86785,7,,,0,110,,86786,7,,,0,159,,86778,7,,,0,111,,86787,7,,,0,112,,86788,7,,,0,112,,86789,7,,,0,75,,86779,7,,,0,75,,86780,7,,,0,30,,86781,7,,,0,75,,86782,7,,,0,35,,86783,7,,,0,71,,86790,7,,,0,34,,86791,7,,,0
801,'S2-0_5',839,,86798,7,,,0,108,,86799,7,,,0,110,,86800,7,,,0,159,,86792,7,,,0,111,,86801,7,,,0,112,,86802,7,,,0,112,,86803,7,,,0,75,,86793,7,,,0,75,,86794,7,,,0,30,,86795,7,,,0,75,,86796,7,,,0,35,,86797,7,,,0,71,,86804,7,,,0,34,,86805,7,,,0
801,'S2-1_3',839,,86812,7,,,0,108,,86813,7,,,0,110,,86814,7,,,0,159,,86806,7,,,0,111,,86815,7,,,0,112,,86816,7,,,0,112,,86817,7,,,0,75,,86807,7,,,0,75,,86808,7,,,0,30,,86809,7,,,0,75,,86810,7,,,0,35,,86811,7,,,0,71,,86818,7,,,0,34,,86819,7,,,0
801,'S2-4_1',839,,86826,7,,,0,108,,86827,7,,,0,110,,86828,7,,,0,159,,86820,7,,,0,111,,86829,7,,,0,112,,86830,7,,,0,112,,86831,7,,,0,75,,86821,7,,,0,75,,86822,7,,,0,30,,86823,7,,,0,75,,86824,7,,,0,35,,86825,7,,,0,71,,86832,7,,,0,34,,86833,7,,,0
801,'S2-4_2',839,,86840,7,,,0,108,,86841,7,,,0,110,,86842,7,,,0,159,,86834,7,,,0,111,,86843,7,,,0,112,,86844,7,,,0,112,,86845,7,,,0,75,,86835,7,,,0,75,,86836,7,,,0,30,,86837,7,,,0,75,,86838,7,,,0,35,,86839,7,,,0,71,,86846,7,,,0,34,,86847,7,,,0
801,'S2-4_4',839,,86854,7,,,0,108,,86855,7,,,0,110,,86856,7,,,0,159,,86848,7,,,0,111,,86857,7,,,0,112,,86858,7,,,0,112,,86859,7,,,0,75,,86849,7,,,0,75,,86850,7,,,0,30,,86851,7,,,0,75,,86852,7,,,0,35,,86853,7,,,0,71,,86860,7,,,0,34,,86861,7,,,0
2201,'S2-0_4',1255,,88044,8,,,0,365,,88048,4,,,0,21,,88045,8,,,0,79,,88049,4,,,0,39,,88046,8,,,0,61,,88050,4,,,0,36,,88047,8,,,0
2201,'S2-0_5',1255,,88051,8,,,0,365,,88055,4,,,0,21,,88052,8,,,0,79,,88056,4,,,0,39,,88053,8,,,0,61,,88057,4,,,0,36,,88054,8,,,0
2201,'S2-1_3',1220,,88062,4,,,0,35,,88058,8,,,0,386,,88059,8,,,0,118,,88060,8,,,0,97,,88061,8,,,0
2201,'S2-4_1',1255,,88063,8,,,0,365,,88067,4,,,0,21,,88064,8,,,0,79,,88068,4,,,0,39,,88065,8,,,0,61,,88069,4,,,0,36,,88066,8,,,0
2201,'S2-4_2',1255,,88070,8,,,0,365,,88074,4,,,0,21,,88071,8,,,0,79,,88075,4,,,0,39,,88072,8,,,0,61,,88076,4,,,0,36,,88073,8,,,0
2201,'S2-4_4',1255,,88077,8,,,0,365,,88081,4,,,0,21,,88078,8,,,0,79,,88082,4,,,0,39,,88079,8,,,0,61,,88083,4,,,0,36,,88080,8,,,0
2400,'S2-0_4',725,,88119,1,,,0
2400,'S2-0_5',725,,88123,1,,,0
2400,'S2-1_3',725,,88127,1,,,0
2400,'S2-4_1',725,,88129,1,,,0
2400,'S2-4_2',725,,88133,1,,,0
2400,'S2-4_4',725,,88137,1,,,0
