600,'S2-0_4',654,,86324,8,,,0,58,,86338,8,0,11 12,0,93,,86325,8,,,0,108,,86326,8,0,11 12,0,102,,86327,8,0,11 12,0,91,,86328,8,0,11 12,0,111,,86329,8,0,11 12,0,106,,86330,8,0,11 12,0,95,,86339,8,0,11 12,0,93,,86331,8,0,11 12,0,94,,86332,8,0,11 12,0,39,,86333,8,0,11 12,0,85,,86334,8,0,11 12,0,77,,86335,8,0,11 12,0,32,,86336,8,0,11 12,0,83,,86337,8,0,11 12,0
600,'S2-0_5',654,,86340,8,,,0,58,,86354,8,0,11 12,0,93,,86341,8,,,0,108,,86342,8,0,11 12,0,102,,86343,8,0,11 12,0,91,,86344,8,0,11 12,0,111,,86345,8,0,11 12,0,106,,86346,8,0,11 12,0,95,,86355,8,0,11 12,0,93,,86347,8,0,11 12,0,94,,86348,8,0,11 12,0,39,,86349,8,0,11 12,0,85,,86350,8,0,11 12,0,77,,86351,8,0,11 12,0,32,,86352,8,0,11 12,0,83,,86353,8,0,11 12,0
600,'S2-1_3',654,,86356,8,,,0,58,,86370,8,0,11 12,0,93,,86357,8,,,0,108,,86358,8,0,11 12,0,102,,86359,8,0,11 12,0,91,,86360,8,0,11 12,0,111,,86361,8,0,11 12,0,106,,86362,8,0,11 12,0,95,,86371,8,0,11 12,0,93,,86363,8,0,11 12,0,94,,86364,8,0,11 12,0,39,,86365,8,0,11 12,0,85,,86366,8,0,11 12,0,77,,86367,8,0,11 12,0,32,,86368,8,0,11 12,0,83,,86369,8,0,11 12,0
600,'S2-2_6',743,,86372,8,0,11 12,0,93,,86374,8,0,11 12,0,90,,86375,8,0,11 12,0,86,,86376,8,0,11 12,0,90,,86377,8,0,11 12,0,51,,86378,8,0,11 12,0,88,,86379,8,0,11 12,0,91,,86380,8,0,11 12,0,87,,86381,8,0,11 12,0,98,,86382,8,0,11 12,0,89,,86383,8,0,11 12,0,50,,86384,8,0,11 12,0,90,,86385,8,0,11 12,0,96,,86386,8,0,11 12,0,82,,86373,8,0,11 12,0
600,'S2-4_1',654,,86387,8,,,0,58,,86401,8,0,11 12,0,93,,86388,8,,,0,108,,86389,8,0,11 12,0,102,,86390,8,0,11 12,0,91,,86391,8,0,11 12,0,111,,86392,8,0,11 12,0,106,,86393,8,0,11 12,0,95,,86402,8,0,11 12,0,93,,86394,8,0,11 12,0,94,,86395,8,0,11 12,0,39,,86396,8,0,11 12,0,85,,86397,8,0,11 12,0,77,,86398,8,0,11 12,0,32,,86399,8,0,11 12,0,83,,86400,8,0,11 12,0
600,'S2-4_2',654,,86403,8,,,0,58,,86417,8,0,11 12,0,93,,86404,8,,,0,108,,86405,8,0,11 12,0,102,,86406,8,0,11 12,0,91,,86407,8,0,11 12,0,111,,86408,8,0,11 12,0,106,,86409,8,0,11 12,0,95,,86418,8,0,11 12,0,93,,86410,8,0,11 12,0,94,,86411,8,0,11 12,0,39,,86412,8,0,11 12,0,85,,86413,8,0,11 12,0,77,,86414,8,0,11 12,0,32,,86415,8,0,11 12,0,83,,86416,8,0,11 12,0
600,'S2-4_4',654,,86419,8,,,0,58,,86433,8,0,11 12,0,93,,86420,8,,,0,108,,86421,8,0,11 12,0,102,,86422,8,0,11 12,0,91,,86423,8,0,11 12,0,111,,86424,8,0,11 12,0,106,,86425,8,0,11 12,0,95,,86434,8,0,11 12,0,93,,86426,8,0,11 12,0,94,,86427,8,0,11 12,0,39,,86428,8,0,11 12,0,85,,86429,8,0,11 12,0,77,,86430,8,0,11 12,0,32,,86431,8,0,11 12,0,83,,86432,8,0,11 12,0
2900600,'S2-0_4',705,,91443,8,,,0,115,,91444,8,,,0
2900600,'S2-0_5',705,,91445,8,,,0,115,,91446,8,,,0
2900600,'S2-1_3',705,,91447,8,,,0,115,,91448,8,,,0
2900600,'S2-4_1',705,,91449,8,,,0,115,,91450,8,,,0
2900600,'S2-4_2',705,,91451,8,,,0,115,,91452,8,,,0
2900600,'S2-4_4',705,,91453,8,,,0,115,,91454,8,,,0
