900,'S2-0_4',702,,86863,15,,,0,28,,86864,15,,,0,81,,86868,21,,,0,21,,86869,12,,,0,4,,86870,22,,,0,84,,86865,15,,,0,89,,86871,22,,,0,147,,86873,18,,,0,144,,86874,18,,,0,31,,86866,15,,,0,171,,86877,23,,,0,44,,86875,18,,,0,110,,86876,18,,,0,72,,86867,15,,,0,129,,86878,23,,,0
900,'S2-0_5',702,,86882,15,,,0,28,,86883,15,,,0,81,,86887,21,,,0,21,,86888,12,,,0,4,,86889,22,,,0,84,,86884,15,,,0,89,,86890,22,,,0,147,,86892,18,,,0,144,,86893,18,,,0,31,,86885,15,,,0,171,,86896,23,,,0,44,,86894,18,,,0,110,,86895,18,,,0,72,,86886,15,,,0,129,,86897,23,,,0
900,'S2-1_3',702,,86901,15,,,0,28,,86902,15,,,0,81,,86906,21,,,0,21,,86907,12,,,0,4,,86908,22,,,0,84,,86903,15,,,0,89,,86909,22,,,0,147,,86911,18,,,0,144,,86912,18,,,0,31,,86904,15,,,0,171,,86915,23,,,0,44,,86913,18,,,0,110,,86914,18,,,0,72,,86905,15,,,0,129,,86916,23,,,0
900,'S2-2_6',711,,86921,18,,,0,100,,86922,18,,,0,314,,86923,18,,,0,324,,86924,18,,,0,89,,86919,12,,,0,99,,86930,12,,,0,175,,86925,19,,,0,93,,86926,18,,,0
900,'S2-4_1',702,,86932,15,,,0,28,,86933,15,,,0,81,,86937,21,,,0,21,,86938,12,,,0,4,,86939,22,,,0,84,,86934,15,,,0,89,,86940,22,,,0,147,,86942,18,,,0,144,,86943,18,,,0,31,,86935,15,,,0,171,,86946,23,,,0,44,,86944,18,,,0,110,,86945,18,,,0,72,,86936,15,,,0,129,,86947,23,,,0
900,'S2-4_2',702,,86951,15,,,0,28,,86952,15,,,0,81,,86956,21,,,0,21,,86957,12,,,0,4,,86958,22,,,0,84,,86953,15,,,0,89,,86959,22,,,0,147,,86961,18,,,0,144,,86962,18,,,0,31,,86954,15,,,0,171,,86965,23,,,0,44,,86963,18,,,0,110,,86964,18,,,0,72,,86955,15,,,0,129,,86966,23,,,0
900,'S2-4_4',702,,86970,15,,,0,28,,86971,15,,,0,81,,86975,21,,,0,21,,86976,12,,,0,4,,86977,22,,,0,84,,86972,15,,,0,89,,86978,22,,,0,147,,86980,18,,,0,144,,86981,18,,,0,31,,86973,15,,,0,171,,86984,23,,,0,44,,86982,18,,,0,110,,86983,18,,,0,72,,86974,15,,,0,129,,86985,23,,,0
1000,'S2-0_4',934,,87111,37,0,18 30,0,25,,87099,31,,,0,161,,87102,37,0,18 30,0,87,,87103,37,0,18 30,0,36,,87104,37,0,18 30,0,81,,87105,37,0,18 30,0,99,,87106,37,0,18 30,0,80,,87108,37,,,0,30,,87109,37,,,0,96,,87110,37,,,0,23,,87100,31,,,0,187,,87101,31,,,0,163,,87107,37,0,18 30,0
1000,'S2-0_5',934,,87126,37,0,18 30,0,25,,87114,31,,,0,161,,87117,37,0,18 30,0,87,,87118,37,0,18 30,0,36,,87119,37,0,18 30,0,81,,87120,37,0,18 30,0,99,,87121,37,0,18 30,0,80,,87123,37,,,0,30,,87124,37,,,0,96,,87125,37,,,0,23,,87115,31,,,0,187,,87116,31,,,0,163,,87122,37,0,18 30,0
1000,'S2-1_3',934,,87141,37,0,18 30,0,25,,87129,31,,,0,161,,87132,37,0,18 30,0,87,,87133,37,0,18 30,0,36,,87134,37,0,18 30,0,81,,87135,37,0,18 30,0,99,,87136,37,0,18 30,0,80,,87138,37,,,0,30,,87139,37,,,0,96,,87140,37,,,0,23,,87130,31,,,0,187,,87131,31,,,0,163,,87137,37,0,18 30,0
1000,'S2-2_6',704,,87142,31,,,0,96,,87143,31,,,0,131,,87149,37,0,18 30,0,27,,87144,31,,,0,158,,87150,37,0,18 30,0,101,,87151,37,0,18 30,0,100,,87152,37,0,18 30,0,102,,87153,37,0,18 30,0,92,,87147,37,,,0,115,,87148,37,,,0,29,,87145,31,,,0,186,,87146,31,,,0,160,,87154,37,0,18 30,0
1000,'S2-4_1',934,,87169,37,0,18 30,0,25,,87157,31,,,0,161,,87160,37,0,18 30,0,87,,87161,37,0,18 30,0,36,,87162,37,0,18 30,0,81,,87163,37,0,18 30,0,99,,87164,37,0,18 30,0,80,,87166,37,,,0,30,,87167,37,,,0,96,,87168,37,,,0,23,,87158,31,,,0,187,,87159,31,,,0,163,,87165,37,0,18 30,0
1000,'S2-4_2',934,,87184,37,0,18 30,0,25,,87172,31,,,0,161,,87175,37,0,18 30,0,87,,87176,37,0,18 30,0,36,,87177,37,0,18 30,0,81,,87178,37,0,18 30,0,99,,87179,37,0,18 30,0,80,,87181,37,,,0,30,,87182,37,,,0,96,,87183,37,,,0,23,,87173,31,,,0,187,,87174,31,,,0,163,,87180,37,0,18 30,0
1000,'S2-4_4',934,,87199,37,0,18 30,0,25,,87187,31,,,0,161,,87190,37,0,18 30,0,87,,87191,37,0,18 30,0,36,,87192,37,0,18 30,0,81,,87193,37,0,18 30,0,99,,87194,37,0,18 30,0,80,,87196,37,,,0,30,,87197,37,,,0,96,,87198,37,,,0,23,,87188,31,,,0,187,,87189,31,,,0,163,,87195,37,0,18 30,0
1900,'S2-0_4',731,,87831,17,,,0,105,,87835,17,,,0,974,,87832,17,,,0
1900,'S2-0_5',731,,87839,17,,,0,105,,87843,17,,,0,974,,87840,17,,,0
1900,'S2-1_3',731,,87847,17,,,0,105,,87852,17,,,0,582,,87851,17,,,0,392,,87848,17,,,0
1900,'S2-4_1',731,,87856,17,,,0,105,,87860,17,,,0,974,,87857,17,,,0
1900,'S2-4_2',731,,87864,17,,,0,105,,87868,17,,,0,974,,87865,17,,,0
1900,'S2-4_4',731,,87872,17,,,0,105,,87876,17,,,0,974,,87873,17,,,0
1000000,'S2-0_4',535,,89311,6,0,31 33,0,20,,89312,6,0,31 33,0,60,,89393,6,0,31 33,0,18,,89394,6,,,0,14,,89396,6,,,0,10,,89392,6,,,0,49,,89345,6,,,0,8,,89346,6,,,0,11,,89347,6,,,0,11,,89348,6,,,0,10,,89349,6,,,0,11,,89350,6,,,0,50,,89351,6,,,0,10,,89352,6,,,0,9,,89395,6,,,0,9,,89313,6,0,31 33,0,9,,89314,6,,,0,10,,89315,6,0,31 33,0,50,,89316,6,,,0,11,,89317,6,0,31 33,0,9,,89353,6,,,0,11,,89318,6,0,31 33,0,11,,89319,6,,,0,11,,89320,6,0,31 33,0,51,,89321,6,,,0,11,,89322,6,0,31 33,0,10,,89323,6,,,0,11,,89325,6,0,31 33,0,10,,89324,6,,,0,51,,89355,6,0,31 33,0,11,,89354,6,,,0,11,,89356,6,0,31 33,0,11,,89357,6,,,0,10,,89358,6,0,31 33,0,10,,89359,6,,,0,50,,89360,6,0,31 33,0,12,,89361,6,,,0,11,,89362,6,0,31 33,0,10,,89363,6,,,0,10,,89364,6,0,31 33,0,10,,89365,6,,,0,49,,89366,6,0,31 33,0,10,,89367,6,,,0,10,,89326,6,0,31 33,0,11,,89327,6,,,0,9,,89368,6,0,31 33,0,10,,89328,6,,,0,49,,89329,6,0,31 33,0,11,,89330,6,,,0,10,,89369,6,0,31 33,0,11,,89331,6,,,0,9,,89332,6,0,31 33,0,10,,89333,6,,,0,50,,89334,6,0,31 33,0,11,,89370,6,,,0,11,,89371,6,,,0,10,,89372,6,,,0,10,,89373,6,,,0,9,,89374,6,,,0,51,,89375,6,,,0,10,,89376,6,,,0,11,,89377,6,,,0,9,,89378,6,,,0,9,,89379,6,,,0,9,,89380,6,,,0,50,,89381,6,,,0,10,,89382,6,,,0,10,,89383,6,,,0,10,,89384,6,,,0,10,,89385,6,,,0,10,,89386,6,0,31 33,0,50,,89387,6,,,0,9,,89391,6,0,31 33,0,10,,89335,6,0,31 33,0,11,,89388,6,,,0,10,,89336,6,0,31 33,0,10,,89389,6,,,0,49,,89337,6,0,31 33,0,19,,89338,6,0,31 33,0,19,,89339,6,0,31 33,0,58,,89340,6,0,31 33,0,21,,89341,6,0,31 33,0,21,,89342,6,0,31 33,0,61,,89343,6,0,31 33,0,20,,89344,6,0,31 33,0
1000000,'S2-0_5',535,,89397,6,0,31 33,0,20,,89398,6,0,31 33,0,60,,89479,6,0,31 33,0,18,,89480,6,,,0,14,,89482,6,,,0,10,,89478,6,,,0,49,,89431,6,,,0,8,,89432,6,,,0,11,,89433,6,,,0,11,,89434,6,,,0,10,,89435,6,,,0,11,,89436,6,,,0,50,,89437,6,,,0,10,,89438,6,,,0,9,,89481,6,,,0,9,,89399,6,0,31 33,0,9,,89400,6,,,0,10,,89401,6,0,31 33,0,50,,89402,6,,,0,11,,89403,6,0,31 33,0,9,,89439,6,,,0,11,,89404,6,0,31 33,0,11,,89405,6,,,0,11,,89406,6,0,31 33,0,51,,89407,6,,,0,11,,89408,6,0,31 33,0,10,,89409,6,,,0,11,,89411,6,0,31 33,0,10,,89410,6,,,0,51,,89441,6,0,31 33,0,11,,89440,6,,,0,11,,89442,6,0,31 33,0,11,,89443,6,,,0,10,,89444,6,0,31 33,0,10,,89445,6,,,0,50,,89446,6,0,31 33,0,12,,89447,6,,,0,11,,89448,6,0,31 33,0,10,,89449,6,,,0,10,,89450,6,0,31 33,0,10,,89451,6,,,0,49,,89452,6,0,31 33,0,10,,89453,6,,,0,10,,89412,6,0,31 33,0,11,,89413,6,,,0,9,,89454,6,0,31 33,0,10,,89414,6,,,0,49,,89415,6,0,31 33,0,11,,89416,6,,,0,10,,89455,6,0,31 33,0,11,,89417,6,,,0,9,,89418,6,0,31 33,0,10,,89419,6,,,0,50,,89420,6,0,31 33,0,11,,89456,6,,,0,11,,89457,6,,,0,10,,89458,6,,,0,10,,89459,6,,,0,9,,89460,6,,,0,51,,89461,6,,,0,10,,89462,6,,,0,11,,89463,6,,,0,9,,89464,6,,,0,9,,89465,6,,,0,9,,89466,6,,,0,50,,89467,6,,,0,10,,89468,6,,,0,10,,89469,6,,,0,10,,89470,6,,,0,10,,89471,6,,,0,10,,89472,6,0,31 33,0,50,,89473,6,,,0,9,,89477,6,0,31 33,0,10,,89421,6,0,31 33,0,11,,89474,6,,,0,10,,89422,6,0,31 33,0,10,,89475,6,,,0,49,,89423,6,0,31 33,0,19,,89424,6,0,31 33,0,19,,89425,6,0,31 33,0,58,,89426,6,0,31 33,0,21,,89427,6,0,31 33,0,21,,89428,6,0,31 33,0,61,,89429,6,0,31 33,0,20,,89430,6,0,31 33,0
1000000,'S2-1_3',535,,89483,6,0,31 33,0,20,,89484,6,0,31 33,0,60,,89565,6,0,31 33,0,18,,89566,6,,,0,14,,89568,6,,,0,10,,89564,6,,,0,49,,89517,6,,,0,8,,89518,6,,,0,11,,89519,6,,,0,11,,89520,6,,,0,10,,89521,6,,,0,11,,89522,6,,,0,50,,89523,6,,,0,10,,89524,6,,,0,9,,89567,6,,,0,9,,89485,6,0,31 33,0,9,,89486,6,,,0,10,,89487,6,0,31 33,0,50,,89488,6,,,0,11,,89489,6,0,31 33,0,9,,89525,6,,,0,11,,89490,6,0,31 33,0,11,,89491,6,,,0,11,,89492,6,0,31 33,0,51,,89493,6,,,0,11,,89494,6,0,31 33,0,10,,89495,6,,,0,11,,89497,6,0,31 33,0,10,,89496,6,,,0,51,,89527,6,0,31 33,0,11,,89526,6,,,0,11,,89528,6,0,31 33,0,11,,89529,6,,,0,10,,89530,6,0,31 33,0,10,,89531,6,,,0,50,,89532,6,0,31 33,0,12,,89533,6,,,0,11,,89534,6,0,31 33,0,10,,89535,6,,,0,10,,89536,6,0,31 33,0,10,,89537,6,,,0,49,,89538,6,0,31 33,0,10,,89539,6,,,0,10,,89498,6,0,31 33,0,11,,89499,6,,,0,9,,89540,6,0,31 33,0,10,,89500,6,,,0,49,,89501,6,0,31 33,0,11,,89502,6,,,0,10,,89541,6,0,31 33,0,11,,89503,6,,,0,9,,89504,6,0,31 33,0,10,,89505,6,,,0,50,,89506,6,0,31 33,0,11,,89542,6,,,0,11,,89543,6,,,0,10,,89544,6,,,0,10,,89545,6,,,0,9,,89546,6,,,0,51,,89547,6,,,0,10,,89548,6,,,0,11,,89549,6,,,0,9,,89550,6,,,0,9,,89551,6,,,0,9,,89552,6,,,0,50,,89553,6,,,0,10,,89554,6,,,0,10,,89555,6,,,0,10,,89556,6,,,0,10,,89557,6,,,0,10,,89558,6,0,31 33,0,50,,89559,6,,,0,9,,89563,6,0,31 33,0,10,,89507,6,0,31 33,0,11,,89560,6,,,0,10,,89508,6,0,31 33,0,10,,89561,6,,,0,49,,89509,6,0,31 33,0,19,,89510,6,0,31 33,0,19,,89511,6,0,31 33,0,58,,89512,6,0,31 33,0,21,,89513,6,0,31 33,0,21,,89514,6,0,31 33,0,61,,89515,6,0,31 33,0,20,,89516,6,0,31 33,0
1000000,'S2-2_6',532,,89569,6,0,31 33,0,80,,89570,6,0,31 33,0,41,,89571,6,,,0,80,,89572,6,,,0,70,,89573,6,0,31 33,0,15,,89574,6,,,0,16,,89575,6,0,31 33,0,15,,89576,6,0,31 33,0,53,,89577,6,,,0,15,,89578,6,0,31 33,0,15,,89636,6,0,31 33,0,16,,89579,6,,,0,56,,89580,6,0,31 33,0,16,,89581,6,0,31 33,0,14,,89582,6,,,0,16,,89583,6,0,31 33,0,55,,89584,6,0,31 33,0,16,,89585,6,,,0,15,,89586,6,0,31 33,0,15,,89587,6,0,31 33,0,56,,89588,6,,,0,14,,89589,6,0,31 33,0,16,,89590,6,0,31 33,0,15,,89591,6,,,0,54,,89592,6,0,31 33,0,9,,89593,6,0,31 33,0,11,,89594,6,,,0,12,,89595,6,0,31 33,0,10,,89596,6,0,31 33,0,9,,89597,6,0,31 33,0,49,,89598,6,,,0,10,,89599,6,0,31 33,0,11,,89600,6,0,31 33,0,10,,89601,6,0,31 33,0,10,,89602,6,,,0,12,,89603,6,0,31 33,0,49,,89604,6,0,31 33,0,9,,89605,6,0,31 33,0,10,,89606,6,,,0,11,,89607,6,0,31 33,0,10,,89608,6,0,31 33,0,10,,89609,6,0,31 33,0,51,,89610,6,,,0,11,,89611,6,0,31 33,0,9,,89612,6,0,31 33,0,10,,89613,6,0,31 33,0,11,,89614,6,,,0,53,,89615,6,0,31 33,0,9,,89616,6,0,31 33,0,9,,89617,6,0,31 33,0,10,,89618,6,,,0,9,,89619,6,0,31 33,0,9,,89620,6,0,31 33,0,10,,89621,6,0,31 33,0,49,,89623,6,0,31 33,0,10,,89622,6,,,0,9,,89624,6,0,31 33,0,9,,89625,6,0,31 33,0,9,,89627,6,0,31 33,0,10,,89626,6,0,31 33,0,51,,89628,6,0,31 33,0,21,,89629,6,0,31 33,0,17,,89630,6,0,31 33,0,60,,89631,6,0,31 33,0,20,,89632,6,0,31 33,0,20,,89633,6,0,31 33,0,60,,89634,6,0,31 33,0,19,,89635,6,0,31 33,0
1000000,'S2-3_7',803,,89637,6,0,31 33,0,40,,89638,6,0,31 33,0,80,,89639,6,0,31 33,0,80,,89640,6,0,31 33,0,40,,89641,6,0,31 33,0,80,,89642,6,0,31 33,0,80,,89643,6,0,31 33,0,40,,89644,6,0,31 33,0,80,,89645,6,0,31 33,0,80,,89646,6,0,31 33,0,40,,89647,6,0,31 33,0,80,,89648,6,0,31 33,0,80,,89649,6,0,31 33,0,40,,89650,6,0,31 33,0,80,,89651,6,0,31 33,0,80,,89652,6,0,31 33,0,40,,89653,6,0,31 33,0,80,,89654,6,0,31 33,0
1000000,'S2-4_1',535,,89655,6,0,31 33,0,20,,89656,6,0,31 33,0,60,,89737,6,0,31 33,0,18,,89738,6,,,0,14,,89740,6,,,0,10,,89736,6,,,0,49,,89689,6,,,0,8,,89690,6,,,0,11,,89691,6,,,0,11,,89692,6,,,0,10,,89693,6,,,0,11,,89694,6,,,0,50,,89695,6,,,0,10,,89696,6,,,0,9,,89739,6,,,0,9,,89657,6,0,31 33,0,9,,89658,6,,,0,10,,89659,6,0,31 33,0,50,,89660,6,,,0,11,,89661,6,0,31 33,0,9,,89697,6,,,0,11,,89662,6,0,31 33,0,11,,89663,6,,,0,11,,89664,6,0,31 33,0,51,,89665,6,,,0,11,,89666,6,0,31 33,0,10,,89667,6,,,0,11,,89669,6,0,31 33,0,10,,89668,6,,,0,51,,89699,6,0,31 33,0,11,,89698,6,,,0,11,,89700,6,0,31 33,0,11,,89701,6,,,0,10,,89702,6,0,31 33,0,10,,89703,6,,,0,50,,89704,6,0,31 33,0,12,,89705,6,,,0,11,,89706,6,0,31 33,0,10,,89707,6,,,0,10,,89708,6,0,31 33,0,10,,89709,6,,,0,49,,89710,6,0,31 33,0,10,,89711,6,,,0,10,,89670,6,0,31 33,0,11,,89671,6,,,0,9,,89712,6,0,31 33,0,10,,89672,6,,,0,49,,89673,6,0,31 33,0,11,,89674,6,,,0,10,,89713,6,0,31 33,0,11,,89675,6,,,0,9,,89676,6,0,31 33,0,10,,89677,6,,,0,50,,89678,6,0,31 33,0,11,,89714,6,,,0,11,,89715,6,,,0,10,,89716,6,,,0,10,,89717,6,,,0,9,,89718,6,,,0,51,,89719,6,,,0,10,,89720,6,,,0,11,,89721,6,,,0,9,,89722,6,,,0,9,,89723,6,,,0,9,,89724,6,,,0,50,,89725,6,,,0,10,,89726,6,,,0,10,,89727,6,,,0,10,,89728,6,,,0,10,,89729,6,,,0,10,,89730,6,0,31 33,0,50,,89731,6,,,0,9,,89735,6,0,31 33,0,10,,89679,6,0,31 33,0,11,,89732,6,,,0,10,,89680,6,0,31 33,0,10,,89733,6,,,0,49,,89681,6,0,31 33,0,19,,89682,6,0,31 33,0,19,,89683,6,0,31 33,0,58,,89684,6,0,31 33,0,21,,89685,6,0,31 33,0,21,,89686,6,0,31 33,0,61,,89687,6,0,31 33,0,20,,89688,6,0,31 33,0
1000000,'S2-4_2',535,,89741,6,0,31 33,0,20,,89742,6,0,31 33,0,60,,89823,6,0,31 33,0,18,,89824,6,,,0,14,,89826,6,,,0,10,,89822,6,,,0,49,,89775,6,,,0,8,,89776,6,,,0,11,,89777,6,,,0,11,,89778,6,,,0,10,,89779,6,,,0,11,,89780,6,,,0,50,,89781,6,,,0,10,,89782,6,,,0,9,,89825,6,,,0,9,,89743,6,0,31 33,0,9,,89744,6,,,0,10,,89745,6,0,31 33,0,50,,89746,6,,,0,11,,89747,6,0,31 33,0,9,,89783,6,,,0,11,,89748,6,0,31 33,0,11,,89749,6,,,0,11,,89750,6,0,31 33,0,51,,89751,6,,,0,11,,89752,6,0,31 33,0,10,,89753,6,,,0,11,,89755,6,0,31 33,0,10,,89754,6,,,0,51,,89785,6,0,31 33,0,11,,89784,6,,,0,11,,89786,6,0,31 33,0,11,,89787,6,,,0,10,,89788,6,0,31 33,0,10,,89789,6,,,0,50,,89790,6,0,31 33,0,12,,89791,6,,,0,11,,89792,6,0,31 33,0,10,,89793,6,,,0,10,,89794,6,0,31 33,0,10,,89795,6,,,0,49,,89796,6,0,31 33,0,10,,89797,6,,,0,10,,89756,6,0,31 33,0,11,,89757,6,,,0,9,,89798,6,0,31 33,0,10,,89758,6,,,0,49,,89759,6,0,31 33,0,11,,89760,6,,,0,10,,89799,6,0,31 33,0,11,,89761,6,,,0,9,,89762,6,0,31 33,0,10,,89763,6,,,0,50,,89764,6,0,31 33,0,11,,89800,6,,,0,11,,89801,6,,,0,10,,89802,6,,,0,10,,89803,6,,,0,9,,89804,6,,,0,51,,89805,6,,,0,10,,89806,6,,,0,11,,89807,6,,,0,9,,89808,6,,,0,9,,89809,6,,,0,9,,89810,6,,,0,50,,89811,6,,,0,10,,89812,6,,,0,10,,89813,6,,,0,10,,89814,6,,,0,10,,89815,6,,,0,10,,89816,6,0,31 33,0,50,,89817,6,,,0,9,,89821,6,0,31 33,0,10,,89765,6,0,31 33,0,11,,89818,6,,,0,10,,89766,6,0,31 33,0,10,,89819,6,,,0,49,,89767,6,0,31 33,0,19,,89768,6,0,31 33,0,19,,89769,6,0,31 33,0,58,,89770,6,0,31 33,0,21,,89771,6,0,31 33,0,21,,89772,6,0,31 33,0,61,,89773,6,0,31 33,0,20,,89774,6,0,31 33,0
1000000,'S2-4_4',535,,89827,6,0,31 33,0,20,,89828,6,0,31 33,0,60,,89909,6,0,31 33,0,18,,89910,6,,,0,14,,89912,6,,,0,10,,89908,6,,,0,49,,89861,6,,,0,8,,89862,6,,,0,11,,89863,6,,,0,11,,89864,6,,,0,10,,89865,6,,,0,11,,89866,6,,,0,50,,89867,6,,,0,10,,89868,6,,,0,9,,89911,6,,,0,9,,89829,6,0,31 33,0,9,,89830,6,,,0,10,,89831,6,0,31 33,0,50,,89832,6,,,0,11,,89833,6,0,31 33,0,9,,89869,6,,,0,11,,89834,6,0,31 33,0,11,,89835,6,,,0,11,,89836,6,0,31 33,0,51,,89837,6,,,0,11,,89838,6,0,31 33,0,10,,89839,6,,,0,11,,89841,6,0,31 33,0,10,,89840,6,,,0,51,,89871,6,0,31 33,0,11,,89870,6,,,0,11,,89872,6,0,31 33,0,11,,89873,6,,,0,10,,89874,6,0,31 33,0,10,,89875,6,,,0,50,,89876,6,0,31 33,0,12,,89877,6,,,0,11,,89878,6,0,31 33,0,10,,89879,6,,,0,10,,89880,6,0,31 33,0,10,,89881,6,,,0,49,,89882,6,0,31 33,0,10,,89883,6,,,0,10,,89842,6,0,31 33,0,11,,89843,6,,,0,9,,89884,6,0,31 33,0,10,,89844,6,,,0,49,,89845,6,0,31 33,0,11,,89846,6,,,0,10,,89885,6,0,31 33,0,11,,89847,6,,,0,9,,89848,6,0,31 33,0,10,,89849,6,,,0,50,,89850,6,0,31 33,0,11,,89886,6,,,0,11,,89887,6,,,0,10,,89888,6,,,0,10,,89889,6,,,0,9,,89890,6,,,0,51,,89891,6,,,0,10,,89892,6,,,0,11,,89893,6,,,0,9,,89894,6,,,0,9,,89895,6,,,0,9,,89896,6,,,0,50,,89897,6,,,0,10,,89898,6,,,0,10,,89899,6,,,0,10,,89900,6,,,0,10,,89901,6,,,0,10,,89902,6,0,31 33,0,50,,89903,6,,,0,9,,89907,6,0,31 33,0,10,,89851,6,0,31 33,0,11,,89904,6,,,0,10,,89852,6,0,31 33,0,10,,89905,6,,,0,49,,89853,6,0,31 33,0,19,,89854,6,0,31 33,0,19,,89855,6,0,31 33,0,58,,89856,6,0,31 33,0,21,,89857,6,0,31 33,0,21,,89858,6,0,31 33,0,61,,89859,6,0,31 33,0,20,,89860,6,0,31 33,0
