601,'S2-0_4',609,,86435,7,,,0,108,,86448,7,,,0,96,,86436,7,,,0,102,,86437,7,,,0,99,,86438,7,,,0,100,,86439,7,,,0,101,,86452,7,,,0,24,,86440,7,,,0,80,,86441,7,,,0,104,,86442,7,,,0,94,,86443,7,,,0,39,,86449,7,,,0,79,,86444,8,,,0,76,,86450,7,,,0,28,,86445,8,,,0,73,,86451,8,,,0,27,,86446,7,,,0,94,,86447,7,,,0
601,'S2-0_5',609,,86453,7,,,0,108,,86466,7,,,0,96,,86454,7,,,0,102,,86455,7,,,0,99,,86456,7,,,0,100,,86457,7,,,0,101,,86470,7,,,0,24,,86458,7,,,0,80,,86459,7,,,0,104,,86460,7,,,0,94,,86461,7,,,0,39,,86467,7,,,0,79,,86462,8,,,0,76,,86468,7,,,0,28,,86463,8,,,0,73,,86469,8,,,0,27,,86464,7,,,0,94,,86465,7,,,0
601,'S2-1_3',609,,86471,7,,,0,108,,86485,7,,,0,96,,86472,7,,,0,102,,86473,7,,,0,99,,86474,7,,,0,100,,86475,7,,,0,101,,86476,8,,,0,24,,86477,7,,,0,80,,86478,7,,,0,104,,86479,7,,,0,94,,86480,7,,,0,39,,86486,7,,,0,79,,86481,8,,,0,76,,86487,7,,,0,28,,86482,8,,,0,73,,86488,8,,,0,27,,86483,7,,,0,94,,86484,7,,,0
601,'S2-2_6',739,,86489,7,,,0,90,,86491,7,,,0,96,,86492,7,,,0,93,,86493,7,,,0,89,,86494,7,,,0,49,,86495,7,,,0,88,,86496,7,,,0,89,,86497,7,,,0,88,,86498,7,,,0,89,,86499,7,,,0,100,,86500,7,,,0,91,,86501,7,,,0,54,,86502,7,,,0,87,,86503,7,,,0,90,,86490,7,,,0
601,'S2-4_1',609,,86504,7,,,0,108,,86517,7,,,0,96,,86505,7,,,0,102,,86506,7,,,0,99,,86507,7,,,0,100,,86508,7,,,0,101,,86521,7,,,0,24,,86509,7,,,0,80,,86510,7,,,0,104,,86511,7,,,0,94,,86512,7,,,0,39,,86518,7,,,0,79,,86513,8,,,0,76,,86519,7,,,0,28,,86514,8,,,0,73,,86520,8,,,0,27,,86515,7,,,0,94,,86516,7,,,0
601,'S2-4_2',609,,86522,7,,,0,108,,86535,7,,,0,96,,86523,7,,,0,102,,86524,7,,,0,99,,86525,7,,,0,100,,86526,7,,,0,101,,86539,7,,,0,24,,86527,7,,,0,80,,86528,7,,,0,104,,86529,7,,,0,94,,86530,7,,,0,39,,86536,7,,,0,79,,86531,8,,,0,76,,86537,7,,,0,28,,86532,8,,,0,73,,86538,8,,,0,27,,86533,7,,,0,94,,86534,7,,,0
601,'S2-4_4',609,,86540,7,,,0,108,,86553,7,,,0,96,,86541,7,,,0,102,,86542,7,,,0,99,,86543,7,,,0,100,,86544,7,,,0,101,,86557,7,,,0,24,,86545,7,,,0,80,,86546,7,,,0,104,,86547,7,,,0,94,,86548,7,,,0,39,,86554,7,,,0,79,,86549,8,,,0,76,,86555,7,,,0,28,,86550,8,,,0,73,,86556,8,,,0,27,,86551,7,,,0,94,,86552,7,,,0
901,'S2-0_4',737,,86988,3,0,26,0,66,,86989,3,0,27 63,0,102,,86994,3,0,23 24,0,152,,86995,3,0,23 24,0,147,,86990,3,0,27 63,0,34,,86999,3,,,0,105,,86996,3,0,23 24,0,111,,86997,3,0,23 24,0,150,,86991,3,0,27 63,0,21,,87002,3,,,0,79,,86992,3,0,27 63,0,100,,86993,3,0,27 63,0,128,,87003,3,,,0
901,'S2-0_5',737,,87004,3,0,26,0,66,,87005,3,0,27 63,0,102,,87010,3,0,23 24,0,152,,87011,3,0,23 24,0,147,,87006,3,0,27 63,0,34,,87015,3,,,0,105,,87012,3,0,23 24,0,111,,87013,3,0,23 24,0,150,,87007,3,0,27 63,0,21,,87018,3,,,0,79,,87008,3,0,27 63,0,100,,87009,3,0,27 63,0,128,,87019,3,,,0
901,'S2-1_3',737,,87020,3,0,26,0,66,,87021,3,0,27 63,0,102,,87026,3,0,23 24,0,152,,87027,3,0,23 24,0,147,,87022,3,0,27 63,0,34,,87031,3,,,0,105,,87028,3,0,23 24,0,111,,87029,3,0,23 24,0,150,,87023,3,0,27 63,0,21,,87034,3,,,0,79,,87024,3,0,27 63,0,100,,87025,3,0,27 63,0,128,,87035,3,,,0
901,'S2-2_6',737,,87036,3,0,23 24,0,99,,87048,3,0,25,0,368,,87046,3,0,25,0,318,,87044,3,0,25,0,82,,87037,3,0,23 24,0,103,,87038,3,0,23 24,0,135,,87039,3,0,23 24,0,90,,87040,3,0,23 24,0
901,'S2-4_1',737,,87049,3,0,26,0,66,,87050,3,0,27 63,0,102,,87055,3,0,23 24,0,152,,87056,3,0,23 24,0,147,,87051,3,0,27 63,0,34,,87060,3,,,0,105,,87057,3,0,23 24,0,111,,87058,3,0,23 24,0,150,,87052,3,0,27 63,0,21,,87063,3,,,0,79,,87053,3,0,27 63,0,100,,87054,3,0,27 63,0,128,,87064,3,,,0
901,'S2-4_2',737,,87065,3,0,26,0,66,,87066,3,0,27 63,0,102,,87071,3,0,23 24,0,152,,87072,3,0,23 24,0,147,,87067,3,0,27 63,0,34,,87076,3,,,0,105,,87073,3,0,23 24,0,111,,87074,3,0,23 24,0,150,,87068,3,0,27 63,0,21,,87079,3,,,0,79,,87069,3,0,27 63,0,100,,87070,3,0,27 63,0,128,,87080,3,,,0
901,'S2-4_4',737,,87081,3,0,26,0,66,,87082,3,0,27 63,0,102,,87087,3,0,23 24,0,152,,87088,3,0,23 24,0,147,,87083,3,0,27 63,0,34,,87092,3,,,0,105,,87089,3,0,23 24,0,111,,87090,3,0,23 24,0,150,,87084,3,0,27 63,0,21,,87095,3,,,0,79,,87085,3,0,27 63,0,100,,87086,3,0,27 63,0,128,,87096,3,,,0
1901,'S2-0_4',1604,,87878,3,,,0,100,,87879,3,,,0,100,,87880,3,,,0
1901,'S2-0_5',1604,,87887,3,,,0,100,,87888,3,,,0,100,,87889,3,,,0
1901,'S2-1_3',1204,,87899,3,,,0,34,,87900,3,,,0
1901,'S2-4_1',1604,,87902,3,,,0,100,,87903,3,,,0,100,,87904,3,,,0
1901,'S2-4_2',1604,,87911,3,,,0,100,,87912,3,,,0,100,,87913,3,,,0
1901,'S2-4_4',1604,,87920,3,,,0,100,,87921,3,,,0,100,,87922,3,,,0
2601,'S2-0_4',734,,88503,6,,,0,2,,88516,6,,,0,1,,88501,6,,,0,2,,88494,19,,,0,72,,88504,19,,,0,24,,88506,19,,,0,9,,88502,7,,,0,15,,88505,19,,,0,79,,88495,19,,,0,100,,88496,19,,,0,100,,88513,19,,,0,100,,88497,19,,,0,67,,88514,19,,,0,22,,88515,19,,,0,5,,88517,6,,,0,87,,88498,19,,,0,95,,88499,19,,,0,114,,88508,19,,,0,89,,88509,19,,,0,27,,88510,19,,,0,89,,88511,19,,,0,23,,88512,19,,,0,92,,88507,19,,,0
2601,'S2-0_5',734,,88527,6,,,0,2,,88540,6,,,0,1,,88525,6,,,0,2,,88518,19,,,0,72,,88528,19,,,0,24,,88530,19,,,0,9,,88526,7,,,0,15,,88529,19,,,0,79,,88519,19,,,0,100,,88520,19,,,0,100,,88537,19,,,0,100,,88521,19,,,0,67,,88538,19,,,0,22,,88539,19,,,0,5,,88541,6,,,0,87,,88522,19,,,0,95,,88523,19,,,0,114,,88532,19,,,0,89,,88533,19,,,0,27,,88534,19,,,0,89,,88535,19,,,0,23,,88536,19,,,0,92,,88531,19,,,0
2601,'S2-1_3',734,,88550,6,,,0,2,,88563,6,,,0,1,,88548,6,,,0,2,,88542,19,,,0,72,,88551,19,,,0,24,,88553,19,,,0,9,,88549,7,,,0,15,,88552,19,,,0,79,,88543,19,,,0,100,,88544,19,,,0,100,,88560,19,,,0,100,,88545,19,,,0,67,,88561,19,,,0,22,,88562,19,,,0,92,,88546,19,,,0,95,,88547,19,,,0,114,,88555,19,,,0,89,,88556,19,,,0,27,,88557,19,,,0,89,,88558,19,,,0,23,,88559,19,,,0,92,,88554,19,,,0
2601,'S2-2_6',738,,88564,19,,,0,86,,88567,19,,,0,85,,88568,19,,,0,47,,88569,19,,,0,90,,88570,19,,,0,84,,88571,19,,,0,83,,88572,19,,,0,45,,88573,19,,,0,82,,88574,19,,,0,85,,88575,19,,,0,86,,88576,19,,,0,91,,88577,19,,,0,46,,88578,19,,,0,81,,88579,19,,,0,86,,88580,19,,,0,42,,88566,19,,,0,81,,88565,19,,,0
2601,'S2-4_1',734,,88590,6,,,0,2,,88603,6,,,0,1,,88588,6,,,0,2,,88581,19,,,0,72,,88591,19,,,0,24,,88593,19,,,0,9,,88589,7,,,0,15,,88592,19,,,0,79,,88582,19,,,0,100,,88583,19,,,0,100,,88600,19,,,0,100,,88584,19,,,0,67,,88601,19,,,0,22,,88602,19,,,0,5,,88604,6,,,0,87,,88585,19,,,0,95,,88586,19,,,0,114,,88595,19,,,0,89,,88596,19,,,0,27,,88597,19,,,0,89,,88598,19,,,0,23,,88599,19,,,0,92,,88594,19,,,0
2601,'S2-4_2',734,,88614,6,,,0,2,,88627,6,,,0,1,,88612,6,,,0,2,,88605,19,,,0,72,,88615,19,,,0,24,,88617,19,,,0,9,,88613,7,,,0,15,,88616,19,,,0,79,,88606,19,,,0,100,,88607,19,,,0,100,,88624,19,,,0,100,,88608,19,,,0,67,,88625,19,,,0,22,,88626,19,,,0,5,,88628,6,,,0,87,,88609,19,,,0,95,,88610,19,,,0,114,,88619,19,,,0,89,,88620,19,,,0,27,,88621,19,,,0,89,,88622,19,,,0,23,,88623,19,,,0,92,,88618,19,,,0
2601,'S2-4_4',734,,88638,6,,,0,2,,88651,6,,,0,1,,88636,6,,,0,2,,88629,19,,,0,72,,88639,19,,,0,24,,88641,19,,,0,9,,88637,7,,,0,15,,88640,19,,,0,79,,88630,19,,,0,100,,88631,19,,,0,100,,88648,19,,,0,100,,88632,19,,,0,67,,88649,19,,,0,22,,88650,19,,,0,5,,88652,6,,,0,87,,88633,19,,,0,95,,88634,19,,,0,114,,88643,19,,,0,89,,88644,19,,,0,27,,88645,19,,,0,89,,88646,19,,,0,23,,88647,19,,,0,92,,88642,19,,,0
