401,'S2-0_4',708,,85936,22,0,52,0,11,,85906,24,0,41,0,14,,85923,26,0,41,0,16,,85907,24,0,41,0,57,,85930,26,,,0,24,,85908,24,0,41,0,11,,85909,24,0,41,0,79,,85910,24,0,41,0,33,,85911,24,0,41,0,73,,85912,24,0,41,0,75,,85932,24,,,0,30,,85913,24,0,41,0,28,,85914,24,0,41,0,62,,85931,26,,,0,29,,85927,27,0,41,0,72,,85933,24,,,0,33,,85905,27,0,41,0,77,,85915,24,0,41,0,27,,85934,24,,,0,72,,85916,24,0,41,0,25,,85917,24,0,41,0,58,,85918,26,0,41,0,13,,85928,27,0,41,0,20,,85924,24,0,41,0,56,,85919,24,0,41,0,14,,85925,26,0,41,0,11,,85929,27,,,0,72,,85920,24,0,41,0,25,,85926,26,0,41,0,78,,85921,24,0,41,0,20,,85935,24,,,0
401,'S2-0_5',708,,85968,22,0,52,0,11,,85938,24,0,41,0,14,,85955,26,0,41,0,16,,85939,24,0,41,0,57,,85962,26,,,0,24,,85940,24,0,41,0,11,,85941,24,0,41,0,79,,85942,24,0,41,0,33,,85943,24,0,41,0,73,,85944,24,0,41,0,75,,85964,24,,,0,30,,85945,24,0,41,0,28,,85946,24,0,41,0,62,,85963,26,,,0,29,,85959,27,0,41,0,72,,85965,24,,,0,33,,85937,27,0,41,0,77,,85947,24,0,41,0,27,,85966,24,,,0,72,,85948,24,0,41,0,25,,85949,24,0,41,0,58,,85950,26,0,41,0,13,,85960,27,0,41,0,20,,85956,24,0,41,0,56,,85951,24,0,41,0,14,,85957,26,0,41,0,11,,85961,27,,,0,72,,85952,24,0,41,0,25,,85958,26,0,41,0,78,,85953,24,0,41,0,20,,85967,24,,,0
401,'S2-1_3',708,,86000,22,0,52,0,11,,85970,24,0,41,0,14,,85987,26,0,41,0,16,,85971,24,0,41,0,57,,85994,26,,,0,24,,85972,24,0,41,0,11,,85973,24,0,41,0,79,,85974,24,0,41,0,33,,85975,24,0,41,0,73,,85976,24,0,41,0,75,,85996,24,,,0,30,,85977,24,0,41,0,28,,85978,24,0,41,0,62,,85995,26,,,0,29,,85991,27,0,41,0,72,,85997,24,,,0,33,,85969,27,0,41,0,77,,85979,24,0,41,0,27,,85998,24,,,0,72,,85980,24,0,41,0,25,,85981,24,0,41,0,58,,85982,26,0,41,0,13,,85992,27,0,41,0,20,,85988,24,0,41,0,56,,85983,24,0,41,0,14,,85989,26,0,41,0,11,,85993,27,,,0,72,,85984,24,0,41,0,25,,85990,26,0,41,0,78,,85985,24,0,41,0,20,,85999,24,,,0
401,'S2-2_6',707,,86001,24,,,0,116,,86008,24,0,41,0,33,,86002,24,,,0,68,,86009,24,0,41,0,32,,86010,24,0,41,0,68,,86011,24,0,41,0,32,,86003,24,,,0,69,,86012,24,0,41,0,32,,86013,24,0,41,0,70,,86014,24,0,41,0,30,,86004,24,,,0,69,,86015,24,0,41,0,29,,86016,24,0,41,0,71,,86017,24,0,41,0,31,,86005,24,,,0,68,,86018,24,0,41,0,32,,86019,24,0,41,0,73,,86020,24,0,41,0,71,,86006,24,,,0,32,,86021,24,0,41,0,72,,86022,24,0,41,0,32,,86023,24,0,41,0,71,,86024,24,0,41,0,30,,86007,24,,,0
401,'S2-3_7',942,,86025,24,,,0,165,,86026,24,,,0,125,,86027,24,,,0,201,,86028,24,,,0,125,,86029,24,,,0,165,,86030,24,,,0,125,,86031,24,,,0
401,'S2-4_1',708,,86063,22,0,52,0,11,,86033,24,0,41,0,14,,86050,26,0,41,0,16,,86034,24,0,41,0,57,,86057,26,,,0,24,,86035,24,0,41,0,11,,86036,24,0,41,0,79,,86037,24,0,41,0,33,,86038,24,0,41,0,73,,86039,24,0,41,0,75,,86059,24,,,0,30,,86040,24,0,41,0,28,,86041,24,0,41,0,62,,86058,26,,,0,29,,86054,27,0,41,0,72,,86060,24,,,0,33,,86032,27,0,41,0,77,,86042,24,0,41,0,27,,86061,24,,,0,72,,86043,24,0,41,0,25,,86044,24,0,41,0,58,,86045,26,0,41,0,13,,86055,27,0,41,0,20,,86051,24,0,41,0,56,,86046,24,0,41,0,14,,86052,26,0,41,0,11,,86056,27,,,0,72,,86047,24,0,41,0,25,,86053,26,0,41,0,78,,86048,24,0,41,0,20,,86062,24,,,0
401,'S2-4_2',708,,86095,22,0,52,0,11,,86065,24,0,41,0,14,,86082,26,0,41,0,16,,86066,24,0,41,0,57,,86089,26,,,0,24,,86067,24,0,41,0,11,,86068,24,0,41,0,79,,86069,24,0,41,0,33,,86070,24,0,41,0,73,,86071,24,0,41,0,75,,86091,24,,,0,30,,86072,24,0,41,0,28,,86073,24,0,41,0,62,,86090,26,,,0,29,,86086,27,0,41,0,72,,86092,24,,,0,33,,86064,27,0,41,0,77,,86074,24,0,41,0,27,,86093,24,,,0,72,,86075,24,0,41,0,25,,86076,24,0,41,0,58,,86077,26,0,41,0,13,,86087,27,0,41,0,20,,86083,24,0,41,0,56,,86078,24,0,41,0,14,,86084,26,0,41,0,11,,86088,27,,,0,72,,86079,24,0,41,0,25,,86085,26,0,41,0,78,,86080,24,0,41,0,20,,86094,24,,,0
401,'S2-4_4',708,,86127,22,0,52,0,11,,86097,24,0,41,0,14,,86114,26,0,41,0,16,,86098,24,0,41,0,57,,86121,26,,,0,24,,86099,24,0,41,0,11,,86100,24,0,41,0,79,,86101,24,0,41,0,33,,86102,24,0,41,0,73,,86103,24,0,41,0,75,,86123,24,,,0,30,,86104,24,0,41,0,28,,86105,24,0,41,0,62,,86122,26,,,0,29,,86118,27,0,41,0,72,,86124,24,,,0,33,,86096,27,0,41,0,77,,86106,24,0,41,0,27,,86125,24,,,0,72,,86107,24,0,41,0,25,,86108,24,0,41,0,58,,86109,26,0,41,0,13,,86119,27,0,41,0,20,,86115,24,0,41,0,56,,86110,24,0,41,0,14,,86116,26,0,41,0,11,,86120,27,,,0,72,,86111,24,0,41,0,25,,86117,26,0,41,0,78,,86112,24,0,41,0,20,,86126,24,,,0
2301,'S2-0_4',707,,88103,17,,,0,23,,88102,17,,,0,1,,88101,27,,,0
2301,'S2-0_5',707,,88106,17,,,0,23,,88105,17,,,0,1,,88104,27,,,0
2301,'S2-1_3',707,,88109,17,,,0,23,,88108,17,,,0,1,,88107,27,,,0
2301,'S2-4_1',707,,88112,17,,,0,23,,88111,17,,,0,1,,88110,27,,,0
2301,'S2-4_2',707,,88115,17,,,0,23,,88114,17,,,0,1,,88113,27,,,0
2301,'S2-4_4',707,,88118,17,,,0,23,,88117,17,,,0,1,,88116,27,,,0
