701,'S2-0_4',700,,86635,3,,,0,112,,86636,3,,,0,109,,86637,3,,,0,110,,86638,3,,,0,111,,86639,3,,,0,110,,86640,3,,,0,149,,86641,3,,,0,108,,86642,3,,,0,110,,86643,3,,,0,110,,86644,3,,,0,113,,86645,3,,,0
701,'S2-0_5',700,,86646,3,,,0,112,,86647,3,,,0,109,,86648,3,,,0,110,,86649,3,,,0,111,,86650,3,,,0,110,,86651,3,,,0,149,,86652,3,,,0,108,,86653,3,,,0,110,,86654,3,,,0,110,,86655,3,,,0,113,,86656,3,,,0
701,'S2-1_3',700,,86657,3,,,0,112,,86658,3,,,0,109,,86659,3,,,0,110,,86660,3,,,0,111,,86661,3,,,0,110,,86662,3,,,0,149,,86663,3,,,0,108,,86664,3,,,0,110,,86665,3,,,0,110,,86666,3,,,0,113,,86667,3,,,0
701,'S2-2_6',702,,86670,3,,,0,110,,86671,3,,,0,110,,86672,3,,,0,110,,86673,3,,,0,111,,86674,3,,,0,109,,86675,3,,,0,150,,86676,3,,,0,111,,86677,3,,,0,109,,86678,3,,,0,110,,86668,3,,,0,111,,86669,3,,,0
701,'S2-4_1',700,,86679,3,,,0,112,,86680,3,,,0,109,,86681,3,,,0,110,,86682,3,,,0,111,,86683,3,,,0,110,,86684,3,,,0,149,,86685,3,,,0,108,,86686,3,,,0,110,,86687,3,,,0,110,,86688,3,,,0,113,,86689,3,,,0
701,'S2-4_2',700,,86690,3,,,0,112,,86691,3,,,0,109,,86692,3,,,0,110,,86693,3,,,0,111,,86694,3,,,0,110,,86695,3,,,0,149,,86696,3,,,0,108,,86697,3,,,0,110,,86698,3,,,0,110,,86699,3,,,0,113,,86700,3,,,0
701,'S2-4_4',700,,86701,3,,,0,112,,86702,3,,,0,109,,86703,3,,,0,110,,86704,3,,,0,111,,86705,3,,,0,110,,86706,3,,,0,149,,86707,3,,,0,108,,86708,3,,,0,110,,86709,3,,,0,110,,86710,3,,,0,113,,86711,3,,,0
2401,'S2-0_4',723,,88141,7,0,18 19,0
2401,'S2-0_5',723,,88144,7,0,18 19,0
2401,'S2-1_3',723,,88147,7,0,18 19,0
2401,'S2-4_1',723,,88148,7,0,18 19,0
2401,'S2-4_2',723,,88151,7,0,18 19,0
2401,'S2-4_4',723,,88154,7,0,18 19,0
