2200,'S2-0_4',740,,88010,13,0,17,0
2200,'S2-0_5',740,,88017,13,0,17,0
2200,'S2-1_3',740,,88022,13,0,17,0
2200,'S2-4_1',740,,88029,13,0,17,0
2200,'S2-4_2',740,,88036,13,0,17,0
2200,'S2-4_4',740,,88043,13,0,17,0
2400,'S2-0_4',730,,88119,6,,,0,828,,88120,1,,,0,143,,88121,1,,,0,55,,88122,1,,,0
2400,'S2-0_5',730,,88123,6,,,0,828,,88124,1,,,0,143,,88125,1,,,0,55,,88126,1,,,0
2400,'S2-1_3',730,,88127,6,,,0,490,,88128,1,,,0
2400,'S2-4_1',730,,88129,6,,,0,828,,88130,1,,,0,143,,88131,1,,,0,55,,88132,1,,,0
2400,'S2-4_2',730,,88133,6,,,0,828,,88134,1,,,0,143,,88135,1,,,0,55,,88136,1,,,0
2400,'S2-4_4',730,,88137,6,,,0,828,,88138,1,,,0,143,,88139,1,,,0,55,,88140,1,,,0
2000000,'S2-0_4',640,,90554,3,,,0,61,,90536,3,,,0,16,,90564,3,,,0,14,,90520,3,,,0,14,,90547,3,,,0,56,,90529,3,,,0,15,,90556,3,,,0,15,,90539,3,,,0,16,,90567,3,,,0,57,,90521,3,,,0,16,,90552,3,,,0,15,,90530,3,,,0,16,,90557,3,,,0,55,,90537,3,,,0,16,,90565,3,,,0,16,,90522,3,,,0,16,,90553,3,,,0,55,,90531,3,,,0,16,,90558,3,,,0,17,,90538,3,,,0,14,,90568,3,,,0,57,,90523,3,,,0,14,,90546,3,,,0,16,,90532,3,,,0,15,,90555,3,,,0,55,,90540,3,,,0,15,,90566,3,,,0,15,,90525,3,,,0,15,,90548,3,,,0,55,,90535,3,,,0,15,,90560,3,,,0,15,,90541,3,,,0,14,,90569,3,,,0,55,,90526,3,,,0,15,,90549,3,,,0,16,,90534,3,,,0,7,,90517,1,0,9 10,0,8,,90559,3,,,0,54,,90542,3,,,0,16,,90518,3,,,0,12,,90570,3,,,0,15,,90516,1,0,9 10,0,3,,90524,3,,,0,54,,90551,3,,,0,18,,90533,3,,,0,15,,90561,3,,,0,10,,90573,1,0,9 10,0,46,,90544,3,,,0,14,,90519,3,,,0,15,,90571,3,,,0,16,,90527,3,,,0,55,,90550,3,,,0,14,,90562,3,,,0,19,,90543,3,,,0,22,,90572,3,,,0,61,,90528,3,,,0,19,,90563,3,,,0,21,,90545,3,,,0
2000000,'S2-0_5',640,,90613,3,,,0,61,,90595,3,,,0,16,,90623,3,,,0,14,,90579,3,,,0,14,,90606,3,,,0,56,,90588,3,,,0,15,,90615,3,,,0,15,,90598,3,,,0,16,,90626,3,,,0,57,,90580,3,,,0,16,,90611,3,,,0,15,,90589,3,,,0,16,,90616,3,,,0,55,,90596,3,,,0,16,,90624,3,,,0,16,,90581,3,,,0,16,,90612,3,,,0,55,,90590,3,,,0,16,,90617,3,,,0,17,,90597,3,,,0,14,,90627,3,,,0,57,,90582,3,,,0,14,,90605,3,,,0,16,,90591,3,,,0,15,,90614,3,,,0,55,,90599,3,,,0,15,,90625,3,,,0,15,,90584,3,,,0,15,,90607,3,,,0,55,,90594,3,,,0,15,,90619,3,,,0,15,,90600,3,,,0,14,,90628,3,,,0,55,,90585,3,,,0,15,,90608,3,,,0,16,,90593,3,,,0,7,,90576,1,0,9 10,0,8,,90618,3,,,0,54,,90601,3,,,0,16,,90577,3,,,0,12,,90629,3,,,0,15,,90575,1,0,9 10,0,3,,90583,3,,,0,54,,90610,3,,,0,18,,90592,3,,,0,15,,90620,3,,,0,10,,90632,1,0,9 10,0,46,,90603,3,,,0,14,,90578,3,,,0,15,,90630,3,,,0,16,,90586,3,,,0,55,,90609,3,,,0,14,,90621,3,,,0,19,,90602,3,,,0,22,,90631,3,,,0,61,,90587,3,,,0,19,,90622,3,,,0,21,,90604,3,,,0
2000000,'S2-1_3',640,,90671,3,,,0,61,,90653,3,,,0,16,,90681,3,,,0,14,,90637,3,,,0,14,,90664,3,,,0,56,,90646,3,,,0,15,,90673,3,,,0,15,,90656,3,,,0,16,,90684,3,,,0,57,,90638,3,,,0,16,,90669,3,,,0,15,,90647,3,,,0,16,,90674,3,,,0,55,,90654,3,,,0,16,,90682,3,,,0,16,,90639,3,,,0,16,,90670,3,,,0,55,,90648,3,,,0,16,,90675,3,,,0,17,,90655,3,,,0,14,,90685,3,,,0,49,,90690,1,0,9 10,0,3,,90634,1,0,9 10,0,2,,90633,1,0,9 10,0,3,,90640,3,,,0,14,,90663,3,,,0,16,,90649,3,,,0,15,,90672,3,,,0,55,,90657,3,,,0,15,,90683,3,,,0,15,,90642,3,,,0,15,,90665,3,,,0,55,,90652,3,,,0,15,,90677,3,,,0,15,,90658,3,,,0,14,,90686,3,,,0,55,,90643,3,,,0,15,,90666,3,,,0,16,,90651,3,,,0,15,,90676,3,,,0,54,,90659,3,,,0,16,,90635,3,,,0,12,,90687,3,,,0,18,,90641,3,,,0,54,,90668,3,,,0,18,,90650,3,,,0,15,,90678,3,,,0,56,,90661,3,,,0,14,,90636,3,,,0,15,,90688,3,,,0,16,,90644,3,,,0,55,,90667,3,,,0,14,,90679,3,,,0,19,,90660,3,,,0,22,,90689,3,,,0,61,,90645,3,,,0,19,,90680,3,,,0,21,,90662,3,,,0
2000000,'S2-2_6',637,,90691,3,,,0,81,,90692,3,,,0,39,,90693,3,,,0,68,,90694,3,,,0,21,,90695,3,,,0,60,,90696,3,,,0,17,,90697,3,,,0,18,,90698,3,,,0,59,,90699,3,,,0,20,,90700,3,,,0,19,,90701,3,,,0,19,,90702,3,,,0,59,,90703,3,,,0,20,,90704,3,,,0,19,,90705,3,,,0,59,,90706,3,,,0,18,,90707,3,,,0,19,,90708,3,,,0,59,,90709,3,,,0,19,,90710,3,,,0,18,,90711,3,,,0,59,,90712,3,,,0,20,,90713,3,,,0,20,,90714,3,,,0,59,,90715,3,,,0,19,,90716,3,,,0,20,,90717,3,,,0,60,,90718,3,,,0,20,,90719,3,,,0,20,,90720,3,,,0,59,,90721,3,,,0,20,,90722,3,,,0,20,,90723,3,,,0,60,,90724,3,,,0,19,,90725,3,,,0,20,,90726,3,,,0,64,,90727,3,,,0,25,,90728,3,,,0,25,,90729,3,,,0,65,,90730,3,,,0,25,,90731,3,,,0
2000000,'S2-3_7',814,,90732,3,,,0,40,,90733,3,,,0,80,,90734,3,,,0,80,,90735,3,,,0,40,,90736,3,,,0,80,,90737,3,,,0,80,,90738,3,,,0,40,,90739,3,,,0,80,,90740,3,,,0,80,,90741,3,,,0,40,,90742,3,,,0,80,,90743,3,,,0,80,,90744,3,,,0,40,,90745,3,,,0,80,,90746,3,,,0,80,,90747,3,,,0,40,,90748,3,,,0,80,,90749,3,,,0
2000000,'S2-4_1',640,,90789,3,,,0,61,,90771,3,,,0,16,,90799,3,,,0,14,,90755,3,,,0,14,,90782,3,,,0,56,,90764,3,,,0,15,,90791,3,,,0,15,,90774,3,,,0,16,,90802,3,,,0,57,,90756,3,,,0,16,,90787,3,,,0,15,,90765,3,,,0,16,,90792,3,,,0,55,,90772,3,,,0,16,,90800,3,,,0,16,,90757,3,,,0,16,,90788,3,,,0,55,,90766,3,,,0,16,,90793,3,,,0,17,,90773,3,,,0,14,,90803,3,,,0,57,,90758,3,,,0,14,,90781,3,,,0,16,,90767,3,,,0,15,,90790,3,,,0,55,,90775,3,,,0,15,,90801,3,,,0,15,,90760,3,,,0,15,,90783,3,,,0,55,,90770,3,,,0,15,,90795,3,,,0,15,,90776,3,,,0,14,,90804,3,,,0,55,,90761,3,,,0,15,,90784,3,,,0,16,,90769,3,,,0,7,,90752,1,0,9 10,0,8,,90794,3,,,0,54,,90777,3,,,0,16,,90753,3,,,0,12,,90805,3,,,0,15,,90751,1,0,9 10,0,3,,90759,3,,,0,54,,90786,3,,,0,18,,90768,3,,,0,15,,90796,3,,,0,10,,90808,1,0,9 10,0,46,,90779,3,,,0,14,,90754,3,,,0,15,,90806,3,,,0,16,,90762,3,,,0,55,,90785,3,,,0,14,,90797,3,,,0,19,,90778,3,,,0,22,,90807,3,,,0,61,,90763,3,,,0,19,,90798,3,,,0,21,,90780,3,,,0
2000000,'S2-4_2',640,,90848,3,,,0,61,,90830,3,,,0,16,,90858,3,,,0,14,,90814,3,,,0,14,,90841,3,,,0,56,,90823,3,,,0,15,,90850,3,,,0,15,,90833,3,,,0,16,,90861,3,,,0,57,,90815,3,,,0,16,,90846,3,,,0,15,,90824,3,,,0,16,,90851,3,,,0,55,,90831,3,,,0,16,,90859,3,,,0,16,,90816,3,,,0,16,,90847,3,,,0,55,,90825,3,,,0,16,,90852,3,,,0,17,,90832,3,,,0,14,,90862,3,,,0,57,,90817,3,,,0,14,,90840,3,,,0,16,,90826,3,,,0,15,,90849,3,,,0,55,,90834,3,,,0,15,,90860,3,,,0,15,,90819,3,,,0,15,,90842,3,,,0,55,,90829,3,,,0,15,,90854,3,,,0,15,,90835,3,,,0,14,,90863,3,,,0,55,,90820,3,,,0,15,,90843,3,,,0,16,,90828,3,,,0,7,,90811,1,0,9 10,0,8,,90853,3,,,0,54,,90836,3,,,0,16,,90812,3,,,0,12,,90864,3,,,0,15,,90810,1,0,9 10,0,3,,90818,3,,,0,54,,90845,3,,,0,18,,90827,3,,,0,15,,90855,3,,,0,10,,90867,1,0,9 10,0,46,,90838,3,,,0,14,,90813,3,,,0,15,,90865,3,,,0,16,,90821,3,,,0,55,,90844,3,,,0,14,,90856,3,,,0,19,,90837,3,,,0,22,,90866,3,,,0,61,,90822,3,,,0,19,,90857,3,,,0,21,,90839,3,,,0
2000000,'S2-4_4',640,,90907,3,,,0,61,,90889,3,,,0,16,,90917,3,,,0,14,,90873,3,,,0,14,,90900,3,,,0,56,,90882,3,,,0,15,,90909,3,,,0,15,,90892,3,,,0,16,,90920,3,,,0,57,,90874,3,,,0,16,,90905,3,,,0,15,,90883,3,,,0,16,,90910,3,,,0,55,,90890,3,,,0,16,,90918,3,,,0,16,,90875,3,,,0,16,,90906,3,,,0,55,,90884,3,,,0,16,,90911,3,,,0,17,,90891,3,,,0,14,,90921,3,,,0,57,,90876,3,,,0,14,,90899,3,,,0,16,,90885,3,,,0,15,,90908,3,,,0,55,,90893,3,,,0,15,,90919,3,,,0,15,,90878,3,,,0,15,,90901,3,,,0,55,,90888,3,,,0,15,,90913,3,,,0,15,,90894,3,,,0,14,,90922,3,,,0,55,,90879,3,,,0,15,,90902,3,,,0,16,,90887,3,,,0,7,,90870,1,0,9 10,0,8,,90912,3,,,0,54,,90895,3,,,0,16,,90871,3,,,0,12,,90923,3,,,0,15,,90869,1,0,9 10,0,3,,90877,3,,,0,54,,90904,3,,,0,18,,90886,3,,,0,15,,90914,3,,,0,10,,90926,1,0,9 10,0,46,,90897,3,,,0,14,,90872,3,,,0,15,,90924,3,,,0,16,,90880,3,,,0,55,,90903,3,,,0,14,,90915,3,,,0,19,,90896,3,,,0,22,,90925,3,,,0,61,,90881,3,,,0,19,,90916,3,,,0,21,,90898,3,,,0
