1000,'0_6',635,,66740,20,,,0,103,,66741,20,,,0,94,,66742,20,,,0,101,,66750,20,,,0,83,,66753,21,,,0,117,,66743,20,,,0,108,,66754,21,,,0,97,,66744,20,,,0,95,,66755,21,,,0,95,,66751,20,,,0,98,,66745,20,,,0,33,,66746,21,,,0,156,,66748,20,,,0,92,,66752,20,,,0,103,,66749,21,,,0,102,,66747,20,,,0
1000,'1_7',1108,,66756,20,,,0,320,,66757,20,,,0,409,,66758,20,,,0,307,,66759,19,,,0
1000,'5_1',634,,74341,19,,,0,97,,74342,19,,,0,120,,74343,19,0,18 30,0,89,,74344,20,,,0,102,,74349,19,0,18 30,0,97,,74345,20,0,18 30,0,112,,74350,19,0,18 30,0,105,,74351,19,0,18 30,0,102,,74346,20,,,0,93,,74352,19,,,0,155,,74347,20,,,0,106,,74353,19,,,0,120,,74348,20,0,18 30,0
1000,'5_2',634,,76037,19,,,0,97,,76038,19,,,0,120,,76039,19,0,18 30,0,89,,76040,20,,,0,102,,76045,19,0,18 30,0,97,,76041,20,0,18 30,0,112,,76046,19,0,18 30,0,105,,76047,19,0,18 30,0,102,,76042,20,,,0,93,,76048,19,,,0,155,,76043,20,,,0,106,,76049,19,,,0,120,,76044,20,0,18 30,0
1000,'5_3',634,,76050,19,,,0,97,,76051,19,,,0,120,,76052,19,0,18 30,0,89,,76053,20,,,0,102,,76058,19,0,18 30,0,97,,76054,20,0,18 30,0,112,,76059,19,0,18 30,0,105,,76060,19,0,18 30,0,102,,76055,20,,,0,93,,76061,19,,,0,155,,76056,20,,,0,106,,76062,19,,,0,120,,76057,20,0,18 30,0
1000,'5_4',634,,76063,19,,,0,97,,76064,19,,,0,120,,76065,19,0,18 30,0,89,,76066,20,,,0,102,,76071,19,0,18 30,0,97,,76067,20,0,18 30,0,112,,76072,19,0,18 30,0,105,,76073,19,0,18 30,0,102,,76068,20,,,0,93,,76074,19,,,0,155,,76069,20,,,0,106,,76075,19,,,0,120,,76070,20,0,18 30,0
1000,'5_5',634,,78196,19,,,0,97,,78197,19,,,0,120,,78198,19,0,18 30,0,89,,78199,20,,,0,102,,78204,19,0,18 30,0,97,,78200,20,0,18 30,0,112,,78205,19,0,18 30,0,105,,78206,19,0,18 30,0,102,,78201,20,,,0,93,,78207,19,,,0,155,,78202,20,,,0,106,,78208,19,,,0,120,,78203,20,0,18 30,0
2901000,'0_6',812,,71037,12,,,0,101,,71039,12,,,0,200,,71038,12,,,0,135,,71044,12,,,0,70,,71041,12,,,0,95,,71040,12,,,0,95,,71042,12,,,0,98,,71043,12,,,0,117,,71046,12,,,0,99,,71045,12,,,0
2901000,'5_1',853,,74744,12,,,0,298,,74745,12,,,0,208,,74746,12,,,0,93,,74747,12,,,0,192,,74748,12,,,0,199,,74749,12,,,0,183,,74750,12,,,0
2901000,'5_2',853,,77246,12,,,0,298,,77247,12,,,0,208,,77248,12,,,0,93,,77249,12,,,0,192,,77250,12,,,0,199,,77251,12,,,0,183,,77252,12,,,0
2901000,'5_3',853,,77253,12,,,0,298,,77254,12,,,0,208,,77255,12,,,0,93,,77256,12,,,0,192,,77257,12,,,0,199,,77258,12,,,0,183,,77259,12,,,0
2901000,'5_4',853,,77260,12,,,0,298,,77261,12,,,0,208,,77262,12,,,0,93,,77263,12,,,0,192,,77264,12,,,0,199,,77265,12,,,0,183,,77266,12,,,0
2901000,'5_5',853,,78600,12,,,0,298,,78601,12,,,0,208,,78602,12,,,0,93,,78603,12,,,0,192,,78604,12,,,0,199,,78605,12,,,0,183,,78606,12,,,0
