100,'S2-0_4',708,,84209,20,0,61 8,0,14,,84206,20,0,61 8,0,16,,84210,20,0,61 8,0,15,,84197,20,,,0,55,,84216,20,0,61 8,0,20,,84207,20,0,9 10,0,10,,84211,20,0,61 8,0,67,,84198,20,0,61 8,0,38,,84212,20,0,61 8,0,78,,84199,20,0,61 8,0,79,,84213,20,0,61 8,0,38,,84200,20,0,61 8,0,19,,84217,20,,,0,65,,84218,20,,,0,31,,84201,20,0,61 8,0,65,,84214,20,0,61 8,0,25,,84202,20,0,61 8,0,75,,84215,20,0,61 8,0,40,,84203,20,0,61 8,0,64,,84219,20,,,0,35,,84226,4,0,9 10,0,60,,84220,20,,,0,33,,84221,20,,,0,50,,84204,20,0,61 8,0,11,,84227,4,0,9 10,0,2,,84228,4,,,0,7,,84222,20,,,0,23,,84205,20,0,61 8,0,14,,84223,20,,,0,46,,84229,4,,,0,20,,84195,20,,,0,36,,84224,20,0,61 8,0,74,,84196,20,,,0
100,'S2-0_5',708,,84244,20,0,61 8,0,14,,84241,20,0,61 8,0,16,,84245,20,0,61 8,0,15,,84232,20,,,0,55,,84251,20,0,61 8,0,20,,84242,20,0,9 10,0,10,,84246,20,0,61 8,0,67,,84233,20,0,61 8,0,38,,84247,20,0,61 8,0,78,,84234,20,0,61 8,0,79,,84248,20,0,61 8,0,38,,84235,20,0,61 8,0,19,,84252,20,,,0,65,,84253,20,,,0,31,,84236,20,0,61 8,0,65,,84249,20,0,61 8,0,25,,84237,20,0,61 8,0,75,,84250,20,0,61 8,0,40,,84238,20,0,61 8,0,64,,84254,20,,,0,35,,84261,4,0,9 10,0,60,,84255,20,,,0,33,,84256,20,,,0,50,,84239,20,0,61 8,0,11,,84262,4,0,9 10,0,2,,84263,4,,,0,7,,84257,20,,,0,23,,84240,20,0,61 8,0,14,,84258,20,,,0,46,,84264,4,,,0,20,,84230,20,,,0,36,,84259,20,0,61 8,0,74,,84231,20,,,0
100,'S2-1_3',708,,84279,20,0,61 8,0,14,,84276,20,0,61 8,0,16,,84280,20,0,61 8,0,15,,84267,20,,,0,55,,84286,20,0,61 8,0,20,,84277,20,0,9 10,0,10,,84281,20,0,61 8,0,67,,84268,20,0,61 8,0,38,,84282,20,0,61 8,0,78,,84269,20,0,61 8,0,79,,84283,20,0,61 8,0,38,,84270,20,0,61 8,0,19,,84287,20,,,0,46,,84299,4,0,9 10,0,4,,84296,4,0,9 10,0,5,,84297,4,0,9 10,0,10,,84288,20,,,0,31,,84271,20,0,61 8,0,65,,84284,20,0,61 8,0,25,,84272,20,0,61 8,0,75,,84285,20,0,61 8,0,40,,84273,20,0,61 8,0,64,,84289,20,,,0,35,,84278,20,0,61 8,0,60,,84290,20,,,0,33,,84291,20,,,0,50,,84274,20,0,61 8,0,20,,84292,20,,,0,23,,84275,20,0,61 8,0,14,,84293,20,,,0,66,,84265,20,,,0,36,,84294,20,0,61 8,0,74,,84266,20,,,0
100,'S2-2_6',711,,84300,20,0,61 8,0,109,,84312,20,0,61 8,0,95,,84301,20,0,61 8,0,30,,84313,20,0,61 8,0,69,,84302,20,0,61 8,0,33,,84314,20,0,61 8,0,69,,84303,20,0,61 8,0,29,,84315,20,0,61 8,0,71,,84304,20,0,61 8,0,29,,84316,20,0,61 8,0,70,,84305,20,0,61 8,0,30,,84317,20,0,61 8,0,70,,84306,20,0,61 8,0,31,,84318,20,0,61 8,0,69,,84307,20,0,61 8,0,31,,84319,20,0,61 8,0,70,,84308,20,0,61 8,0,31,,84320,20,0,61 8,0,73,,84309,20,0,61 8,0,29,,84321,20,0,61 8,0,70,,84310,20,0,61 8,0,31,,84322,20,0,61 8,0,69,,84311,20,0,61 8,0
100,'S2-3_7',914,,84323,20,0,61 8,0,105,,84328,20,0,61 8,0,106,,84324,20,0,61 8,0,104,,84329,20,0,61 8,0,90,,84325,20,0,61 8,0,100,,84330,20,0,61 8,0,105,,84326,20,0,61 8,0,105,,84331,20,0,61 8,0,105,,84327,20,0,61 8,0,105,,84332,20,0,61 8,0
100,'S2-4_1',708,,84347,20,0,61 8,0,14,,84344,20,0,61 8,0,16,,84348,20,0,61 8,0,15,,84335,20,,,0,55,,84354,20,0,61 8,0,20,,84345,20,0,9 10,0,10,,84349,20,0,61 8,0,67,,84336,20,0,61 8,0,38,,84350,20,0,61 8,0,78,,84337,20,0,61 8,0,79,,84351,20,0,61 8,0,38,,84338,20,0,61 8,0,19,,84355,20,,,0,65,,84356,20,,,0,31,,84339,20,0,61 8,0,65,,84352,20,0,61 8,0,25,,84340,20,0,61 8,0,75,,84353,20,0,61 8,0,40,,84341,20,0,61 8,0,64,,84357,20,,,0,35,,84364,4,0,9 10,0,60,,84358,20,,,0,33,,84359,20,,,0,50,,84342,20,0,61 8,0,11,,84365,4,0,9 10,0,2,,84366,4,,,0,7,,84360,20,,,0,23,,84343,20,0,61 8,0,14,,84361,20,,,0,46,,84367,4,,,0,20,,84333,20,,,0,36,,84362,20,0,61 8,0,74,,84334,20,,,0
100,'S2-4_2',708,,84382,20,0,61 8,0,14,,84379,20,0,61 8,0,16,,84383,20,0,61 8,0,15,,84370,20,,,0,55,,84389,20,0,61 8,0,20,,84380,20,0,9 10,0,10,,84384,20,0,61 8,0,67,,84371,20,0,61 8,0,38,,84385,20,0,61 8,0,78,,84372,20,0,61 8,0,79,,84386,20,0,61 8,0,38,,84373,20,0,61 8,0,19,,84390,20,,,0,65,,84391,20,,,0,31,,84374,20,0,61 8,0,65,,84387,20,0,61 8,0,25,,84375,20,0,61 8,0,75,,84388,20,0,61 8,0,40,,84376,20,0,61 8,0,64,,84392,20,,,0,35,,84399,4,0,9 10,0,60,,84393,20,,,0,33,,84394,20,,,0,50,,84377,20,0,61 8,0,11,,84400,4,0,9 10,0,2,,84401,4,,,0,7,,84395,20,,,0,23,,84378,20,0,61 8,0,14,,84396,20,,,0,46,,84402,4,,,0,20,,84368,20,,,0,36,,84397,20,0,61 8,0,74,,84369,20,,,0
100,'S2-4_4',708,,84417,20,0,61 8,0,14,,84414,20,0,61 8,0,16,,84418,20,0,61 8,0,15,,84405,20,,,0,55,,84424,20,0,61 8,0,20,,84415,20,0,9 10,0,10,,84419,20,0,61 8,0,67,,84406,20,0,61 8,0,38,,84420,20,0,61 8,0,78,,84407,20,0,61 8,0,79,,84421,20,0,61 8,0,38,,84408,20,0,61 8,0,19,,84425,20,,,0,65,,84426,20,,,0,31,,84409,20,0,61 8,0,65,,84422,20,0,61 8,0,25,,84410,20,0,61 8,0,75,,84423,20,0,61 8,0,40,,84411,20,0,61 8,0,64,,84427,20,,,0,35,,84434,4,0,9 10,0,60,,84428,20,,,0,33,,84429,20,,,0,50,,84412,20,0,61 8,0,11,,84435,4,0,9 10,0,2,,84436,4,,,0,7,,84430,20,,,0,23,,84413,20,0,61 8,0,14,,84431,20,,,0,46,,84437,4,,,0,20,,84403,20,,,0,36,,84432,20,0,61 8,0,74,,84404,20,,,0
2401,'S2-0_4',734,,88141,14,0,18 19,0,895,,88142,12,,,0,104,,88143,12,,,0
2401,'S2-0_5',734,,88144,14,0,18 19,0,895,,88145,12,,,0,104,,88146,12,,,0
2401,'S2-1_3',734,,88147,14,0,18 19,0
2401,'S2-4_1',734,,88148,14,0,18 19,0,895,,88149,12,,,0,104,,88150,12,,,0
2401,'S2-4_2',734,,88151,14,0,18 19,0,895,,88152,12,,,0,104,,88153,12,,,0
2401,'S2-4_4',734,,88154,14,0,18 19,0,895,,88155,12,,,0,104,,88156,12,,,0
