2500,'S2-0_4',759,,88157,21,4,,0,71,,88158,21,4,,0,81,,88159,21,4,,0,112,,88160,21,4,,0,113,,88161,21,4,,0,170,,88162,21,4,,0,116,,88163,21,4,,0,116,,88164,21,4,,0,86,,88165,21,4,,0,90,,88166,21,4,,0,106,,88167,21,4,,0,81,,88168,21,4,,0,110,,88169,21,4,,0
2500,'S2-0_5',759,,88170,21,4,,0,71,,88171,21,4,,0,81,,88172,21,4,,0,112,,88173,21,4,,0,113,,88174,21,4,,0,170,,88175,21,4,,0,116,,88176,21,4,,0,116,,88177,21,4,,0,86,,88178,21,4,,0,90,,88179,21,4,,0,106,,88180,21,4,,0,81,,88181,21,4,,0,110,,88182,21,4,,0
2500,'S2-1_3',759,,88183,21,4,,0,71,,88184,21,4,,0,81,,88185,21,4,,0,112,,88186,21,4,,0,113,,88187,21,4,,0,170,,88188,21,4,,0,116,,88189,21,4,,0,116,,88190,21,4,,0,86,,88191,21,4,,0,90,,88192,21,4,,0,106,,88193,21,4,,0,81,,88194,21,4,,0,110,,88195,21,4,,0
2500,'S2-2_6',756,,88196,21,4,,0,153,,88197,21,4,,0,127,,88198,21,4,,0,114,,88199,21,4,,0,168,,88200,21,4,,0,113,,88201,21,4,,0,172,,88202,21,4,,0,119,,88203,21,4,,0,120,,88204,21,4,,0,114,,88205,21,4,,0
2500,'S2-4_1',759,,88206,21,4,,0,71,,88207,21,4,,0,81,,88208,21,4,,0,112,,88209,21,4,,0,113,,88210,21,4,,0,170,,88211,21,4,,0,116,,88212,21,4,,0,116,,88213,21,4,,0,86,,88214,21,4,,0,90,,88215,21,4,,0,106,,88216,21,4,,0,81,,88217,21,4,,0,110,,88218,21,4,,0
2500,'S2-4_2',759,,88219,21,4,,0,71,,88220,21,4,,0,81,,88221,21,4,,0,112,,88222,21,4,,0,113,,88223,21,4,,0,170,,88224,21,4,,0,116,,88225,21,4,,0,116,,88226,21,4,,0,86,,88227,21,4,,0,90,,88228,21,4,,0,106,,88229,21,4,,0,81,,88230,21,4,,0,110,,88231,21,4,,0
2500,'S2-4_4',759,,88232,21,4,,0,71,,88233,21,4,,0,81,,88234,21,4,,0,112,,88235,21,4,,0,113,,88236,21,4,,0,170,,88237,21,4,,0,116,,88238,21,4,,0,116,,88239,21,4,,0,86,,88240,21,4,,0,90,,88241,21,4,,0,106,,88242,21,4,,0,81,,88243,21,4,,0,110,,88244,21,4,,0
2501,'S2-0_4',650,,88245,1,,,0,68,,88246,1,,,0,87,,88247,1,,,0,37,,88248,1,,,0,76,,88249,1,,,0,112,,88250,1,,,0,126,,88251,1,,,0,160,,88252,1,,,0,116,,88253,1,,,0,117,,88254,1,,,0,97,,88255,1,,,0,104,,88256,1,,,0,160,,88257,1,,,0
2501,'S2-0_5',650,,88258,1,,,0,68,,88259,1,,,0,87,,88260,1,,,0,37,,88261,1,,,0,76,,88262,1,,,0,112,,88263,1,,,0,126,,88264,1,,,0,160,,88265,1,,,0,116,,88266,1,,,0,117,,88267,1,,,0,97,,88268,1,,,0,104,,88269,1,,,0,160,,88270,1,,,0
2501,'S2-1_3',650,,88271,1,,,0,68,,88272,1,,,0,87,,88273,1,,,0,37,,88274,1,,,0,76,,88275,1,,,0,112,,88276,1,,,0,126,,88277,1,,,0,160,,88278,1,,,0,116,,88279,1,,,0,117,,88280,1,,,0,97,,88281,1,,,0,104,,88282,1,,,0,160,,88283,1,,,0
2501,'S2-2_6',656,,88284,1,,,0,151,,88285,1,,,0,124,,88286,1,,,0,112,,88287,1,,,0,113,,88288,1,,,0,168,,88289,1,,,0,128,,88290,1,,,0,159,,88291,1,,,0,120,,88292,1,,,0,121,,88293,1,,,0
2501,'S2-4_1',650,,88294,1,,,0,68,,88295,1,,,0,87,,88296,1,,,0,37,,88297,1,,,0,76,,88298,1,,,0,112,,88299,1,,,0,126,,88300,1,,,0,160,,88301,1,,,0,116,,88302,1,,,0,117,,88303,1,,,0,97,,88304,1,,,0,104,,88305,1,,,0,160,,88306,1,,,0
2501,'S2-4_2',650,,88307,1,,,0,68,,88308,1,,,0,87,,88309,1,,,0,37,,88310,1,,,0,76,,88311,1,,,0,112,,88312,1,,,0,126,,88313,1,,,0,160,,88314,1,,,0,116,,88315,1,,,0,117,,88316,1,,,0,97,,88317,1,,,0,104,,88318,1,,,0,160,,88319,1,,,0
2501,'S2-4_4',650,,88320,1,,,0,68,,88321,1,,,0,87,,88322,1,,,0,37,,88323,1,,,0,76,,88324,1,,,0,112,,88325,1,,,0,126,,88326,1,,,0,160,,88327,1,,,0,116,,88328,1,,,0,117,,88329,1,,,0,97,,88330,1,,,0,104,,88331,1,,,0,160,,88332,1,,,0
