200,'S2-0_4',640,,84701,2,0,38,0,61,,84702,2,0,38,0,33,,84676,2,0,35 37,0,82,,84670,2,0,9 10,0,96,,84690,2,0,9 10,0,99,,84671,2,0,35 37,0,142,,84681,2,0,34,0,179,,84685,2,0,34,0,125,,84699,2,0,38,0,187,,84687,2,0,34,0,78,,84695,2,0,35 37,0,30,,84688,2,0,34,0,77,,84679,2,0,38,0,26,,84689,2,0,34,0
200,'S2-0_5',640,,84740,2,0,38,0,61,,84741,2,0,38,0,33,,84715,2,0,35 37,0,82,,84709,2,0,9 10,0,96,,84729,2,0,9 10,0,99,,84710,2,0,35 37,0,142,,84720,2,0,34,0,179,,84724,2,0,34,0,125,,84738,2,0,38,0,187,,84726,2,0,34,0,78,,84734,2,0,35 37,0,30,,84727,2,0,34,0,77,,84718,2,0,38,0,26,,84728,2,0,34,0
200,'S2-1_3',640,,84779,2,0,38,0,61,,84780,2,0,38,0,33,,84754,2,0,35 37,0,82,,84748,2,0,9 10,0,96,,84768,2,0,9 10,0,99,,84749,2,0,35 37,0,142,,84759,2,0,34,0,179,,84763,2,0,34,0,125,,84777,2,0,38,0,187,,84765,2,0,34,0,78,,84773,2,0,35 37,0,30,,84766,2,0,34,0,77,,84757,2,0,38,0,26,,84767,2,0,34,0
200,'S2-2_6',633,,84786,2,0,34,0,108,,84787,2,0,34,0,85,,84810,2,0,38,0,127,,84789,2,0,34,0,151,,84790,2,0,34,0,203,,84792,2,0,34,0,102,,84793,2,0,34,0,105,,84794,2,0,34,0,103,,84795,2,0,34,0,101,,84796,2,0,34,0,113,,84807,2,0,35 37,0
200,'S2-4_1',640,,84861,2,0,38,0,61,,84862,2,0,38,0,33,,84836,2,0,35 37,0,82,,84830,2,0,9 10,0,96,,84850,2,0,9 10,0,99,,84831,2,0,35 37,0,142,,84841,2,0,34,0,179,,84845,2,0,34,0,125,,84859,2,0,38,0,187,,84847,2,0,34,0,78,,84855,2,0,35 37,0,30,,84848,2,0,34,0,77,,84839,2,0,38,0,26,,84849,2,0,34,0
200,'S2-4_2',640,,84900,2,0,38,0,61,,84901,2,0,38,0,33,,84875,2,0,35 37,0,82,,84869,2,0,9 10,0,96,,84889,2,0,9 10,0,99,,84870,2,0,35 37,0,142,,84880,2,0,34,0,179,,84884,2,0,34,0,125,,84898,2,0,38,0,187,,84886,2,0,34,0,78,,84894,2,0,35 37,0,30,,84887,2,0,34,0,77,,84878,2,0,38,0,26,,84888,2,0,34,0
200,'S2-4_4',640,,84939,2,0,38,0,61,,84940,2,0,38,0,33,,84914,2,0,35 37,0,82,,84908,2,0,9 10,0,96,,84928,2,0,9 10,0,99,,84909,2,0,35 37,0,142,,84919,2,0,34,0,179,,84923,2,0,34,0,125,,84937,2,0,38,0,187,,84925,2,0,34,0,78,,84933,2,0,35 37,0,30,,84926,2,0,34,0,77,,84917,2,0,38,0,26,,84927,2,0,34,0
2900200,'S2-0_4',652,,91328,2,,,0,99,,91329,2,,,0
2900200,'S2-0_5',652,,91330,2,,,0,99,,91331,2,,,0
2900200,'S2-1_3',652,,91332,2,,,0,99,,91333,2,,,0
2900200,'S2-4_1',652,,91334,2,,,0,99,,91335,2,,,0
2900200,'S2-4_2',652,,91336,2,,,0,99,,91337,2,,,0
2900200,'S2-4_4',652,,91338,2,,,0,99,,91339,2,,,0
