401,'S2-0_4',641,,85922,6,0,41,0,60,,85906,6,0,41,0,8,,85923,6,0,41,0,20,,85907,6,0,41,0,12,,85930,6,,,0,69,,85908,6,0,41,0,11,,85909,6,0,41,0,81,,85910,6,0,41,0,34,,85911,6,0,41,0,74,,85912,6,0,41,0,35,,85932,6,,,0,71,,85913,6,0,41,0,28,,85914,6,0,41,0,15,,85931,6,,,0,71,,85927,6,0,41,0,75,,85933,6,,,0,33,,85905,9,0,41,0,77,,85915,6,0,41,0,28,,85934,6,,,0,72,,85916,6,0,41,0,25,,85917,6,0,41,0,13,,85918,6,0,41,0,53,,85928,6,0,41,0,19,,85924,6,0,41,0,16,,85919,6,0,41,0,11,,85925,6,0,41,0,53,,85929,6,,,0,38,,85920,6,0,41,0,61,,85926,6,0,41,0,44,,85921,6,0,41,0,61,,85935,6,,,0
401,'S2-0_5',641,,85954,6,0,41,0,60,,85938,6,0,41,0,8,,85955,6,0,41,0,20,,85939,6,0,41,0,12,,85962,6,,,0,69,,85940,6,0,41,0,11,,85941,6,0,41,0,81,,85942,6,0,41,0,34,,85943,6,0,41,0,74,,85944,6,0,41,0,35,,85964,6,,,0,71,,85945,6,0,41,0,28,,85946,6,0,41,0,15,,85963,6,,,0,71,,85959,6,0,41,0,75,,85965,6,,,0,33,,85937,9,0,41,0,77,,85947,6,0,41,0,28,,85966,6,,,0,72,,85948,6,0,41,0,25,,85949,6,0,41,0,13,,85950,6,0,41,0,53,,85960,6,0,41,0,19,,85956,6,0,41,0,16,,85951,6,0,41,0,11,,85957,6,0,41,0,53,,85961,6,,,0,38,,85952,6,0,41,0,61,,85958,6,0,41,0,44,,85953,6,0,41,0,61,,85967,6,,,0
401,'S2-1_3',641,,85986,6,0,41,0,60,,85970,6,0,41,0,8,,85987,6,0,41,0,20,,85971,6,0,41,0,12,,85994,6,,,0,69,,85972,6,0,41,0,11,,85973,6,0,41,0,81,,85974,6,0,41,0,34,,85975,6,0,41,0,74,,85976,6,0,41,0,35,,85996,6,,,0,71,,85977,6,0,41,0,28,,85978,6,0,41,0,15,,85995,6,,,0,71,,85991,6,0,41,0,75,,85997,6,,,0,33,,85969,9,0,41,0,77,,85979,6,0,41,0,28,,85998,6,,,0,72,,85980,6,0,41,0,25,,85981,6,0,41,0,13,,85982,6,0,41,0,53,,85992,6,0,41,0,19,,85988,6,0,41,0,16,,85983,6,0,41,0,11,,85989,6,0,41,0,53,,85993,6,,,0,38,,85984,6,0,41,0,61,,85990,6,0,41,0,44,,85985,6,0,41,0,61,,85999,6,,,0
401,'S2-2_6',651,,86001,6,,,0,154,,86008,6,0,41,0,35,,86002,6,,,0,69,,86009,6,0,41,0,32,,86010,6,0,41,0,67,,86011,6,0,41,0,32,,86003,6,,,0,70,,86012,6,0,41,0,31,,86013,6,0,41,0,71,,86014,6,0,41,0,30,,86004,6,,,0,69,,86015,6,0,41,0,29,,86016,6,0,41,0,70,,86017,6,0,41,0,31,,86005,6,,,0,69,,86018,6,0,41,0,32,,86019,6,0,41,0,73,,86020,6,0,41,0,31,,86006,6,,,0,71,,86021,6,0,41,0,33,,86022,6,0,41,0,72,,86023,6,0,41,0,31,,86024,6,0,41,0,70,,86007,6,,,0
401,'S2-3_7',929,,86025,6,,,0,125,,86026,6,,,0,165,,86027,6,,,0,201,,86028,6,,,0,125,,86029,6,,,0,165,,86030,6,,,0,125,,86031,6,,,0
401,'S2-4_1',641,,86049,6,0,41,0,60,,86033,6,0,41,0,8,,86050,6,0,41,0,20,,86034,6,0,41,0,12,,86057,6,,,0,69,,86035,6,0,41,0,11,,86036,6,0,41,0,81,,86037,6,0,41,0,34,,86038,6,0,41,0,74,,86039,6,0,41,0,35,,86059,6,,,0,71,,86040,6,0,41,0,28,,86041,6,0,41,0,15,,86058,6,,,0,71,,86054,6,0,41,0,75,,86060,6,,,0,33,,86032,9,0,41,0,77,,86042,6,0,41,0,28,,86061,6,,,0,72,,86043,6,0,41,0,25,,86044,6,0,41,0,13,,86045,6,0,41,0,53,,86055,6,0,41,0,19,,86051,6,0,41,0,16,,86046,6,0,41,0,11,,86052,6,0,41,0,53,,86056,6,,,0,38,,86047,6,0,41,0,61,,86053,6,0,41,0,44,,86048,6,0,41,0,61,,86062,6,,,0
401,'S2-4_2',641,,86081,6,0,41,0,60,,86065,6,0,41,0,8,,86082,6,0,41,0,20,,86066,6,0,41,0,12,,86089,6,,,0,69,,86067,6,0,41,0,11,,86068,6,0,41,0,81,,86069,6,0,41,0,34,,86070,6,0,41,0,74,,86071,6,0,41,0,35,,86091,6,,,0,71,,86072,6,0,41,0,28,,86073,6,0,41,0,15,,86090,6,,,0,71,,86086,6,0,41,0,75,,86092,6,,,0,33,,86064,9,0,41,0,77,,86074,6,0,41,0,28,,86093,6,,,0,72,,86075,6,0,41,0,25,,86076,6,0,41,0,13,,86077,6,0,41,0,53,,86087,6,0,41,0,19,,86083,6,0,41,0,16,,86078,6,0,41,0,11,,86084,6,0,41,0,53,,86088,6,,,0,38,,86079,6,0,41,0,61,,86085,6,0,41,0,44,,86080,6,0,41,0,61,,86094,6,,,0
401,'S2-4_4',641,,86113,6,0,41,0,60,,86097,6,0,41,0,8,,86114,6,0,41,0,20,,86098,6,0,41,0,12,,86121,6,,,0,69,,86099,6,0,41,0,11,,86100,6,0,41,0,81,,86101,6,0,41,0,34,,86102,6,0,41,0,74,,86103,6,0,41,0,35,,86123,6,,,0,71,,86104,6,0,41,0,28,,86105,6,0,41,0,15,,86122,6,,,0,71,,86118,6,0,41,0,75,,86124,6,,,0,33,,86096,9,0,41,0,77,,86106,6,0,41,0,28,,86125,6,,,0,72,,86107,6,0,41,0,25,,86108,6,0,41,0,13,,86109,6,0,41,0,53,,86119,6,0,41,0,19,,86115,6,0,41,0,16,,86110,6,0,41,0,11,,86116,6,0,41,0,53,,86120,6,,,0,38,,86111,6,0,41,0,61,,86117,6,0,41,0,44,,86112,6,0,41,0,61,,86126,6,,,0
2301,'S2-0_4',713,,88101,9,,,0
2301,'S2-0_5',713,,88104,9,,,0
2301,'S2-1_3',713,,88107,9,,,0
2301,'S2-4_1',713,,88110,9,,,0
2301,'S2-4_2',713,,88113,9,,,0
2301,'S2-4_4',713,,88116,9,,,0
