1601,'S2-0_4',851,,87596,10,,,0,87,,87597,3,,,0,119,,87598,10,,,0,152,,87601,10,,,0,146,,87599,10,,,0,178,,87602,10,,,0,105,,87603,3,,,0,177,,87600,10,,,0
1601,'S2-0_5',851,,87604,10,,,0,87,,87605,3,,,0,119,,87606,10,,,0,152,,87609,10,,,0,146,,87607,10,,,0,178,,87610,10,,,0,105,,87611,3,,,0,177,,87608,10,,,0
1601,'S2-1_3',851,,87612,10,,,0,87,,87613,3,,,0,119,,87614,10,,,0,152,,87617,10,,,0,146,,87615,10,,,0,178,,87618,10,,,0,105,,87619,3,,,0,177,,87616,10,,,0
1601,'S2-2_6',851,,87620,10,,,0,87,,87621,3,,,0,119,,87622,10,,,0,152,,87625,10,,,0,146,,87623,10,,,0,178,,87626,10,,,0,105,,87627,3,,,0,177,,87624,10,,,0
1601,'S2-4_1',851,,87628,10,,,0,87,,87629,3,,,0,119,,87630,10,,,0,152,,87633,10,,,0,146,,87631,10,,,0,178,,87634,10,,,0,105,,87635,3,,,0,177,,87632,10,,,0
1601,'S2-4_2',851,,87636,10,,,0,87,,87637,3,,,0,119,,87638,10,,,0,152,,87641,10,,,0,146,,87639,10,,,0,178,,87642,10,,,0,105,,87643,3,,,0,177,,87640,10,,,0
1601,'S2-4_4',851,,87644,10,,,0,87,,87645,3,,,0,119,,87646,10,,,0,152,,87649,10,,,0,146,,87647,10,,,0,178,,87650,10,,,0,105,,87651,3,,,0,177,,87648,10,,,0
1901,'S2-0_4',1612,,87886,5,0,49,0,19,,87878,21,,,0,20,,87883,10,,,0,61,,87882,5,,,0,19,,87879,21,,,0,70,,87884,10,,,0,29,,87880,21,,,0,70,,87885,10,,,0
1901,'S2-0_5',1612,,87895,5,0,49,0,19,,87887,21,,,0,20,,87892,10,,,0,61,,87891,5,,,0,19,,87888,21,,,0,70,,87893,10,,,0,29,,87889,21,,,0,70,,87894,10,,,0
1901,'S2-1_3',1230,,87899,21,,,0,20,,87901,5,,,0,63,,87900,25,,,0,338,,87896,10,,,0,150,,87897,10,,,0,99,,87898,10,,,0
1901,'S2-4_1',1612,,87910,5,0,49,0,19,,87902,21,,,0,20,,87907,10,,,0,61,,87906,5,,,0,19,,87903,21,,,0,70,,87908,10,,,0,29,,87904,21,,,0,70,,87909,10,,,0
1901,'S2-4_2',1612,,87919,5,0,49,0,19,,87911,21,,,0,20,,87916,10,,,0,61,,87915,5,,,0,19,,87912,21,,,0,70,,87917,10,,,0,29,,87913,21,,,0,70,,87918,10,,,0
1901,'S2-4_4',1612,,87928,5,0,49,0,19,,87920,21,,,0,20,,87925,10,,,0,61,,87924,5,,,0,19,,87921,21,,,0,70,,87926,10,,,0,29,,87922,21,,,0,70,,87927,10,,,0
