2501,'S2-0_4',700,,88245,10,,,0,29,,88246,10,,,0,86,,88247,10,,,0,37,,88248,10,,,0,76,,88249,10,,,0,112,,88250,10,,,0,166,,88251,10,,,0,120,,88252,10,,,0,116,,88253,10,,,0,117,,88254,10,,,0,97,,88255,10,,,0,103,,88256,10,,,0,160,,88257,10,,,0
2501,'S2-0_5',700,,88258,10,,,0,29,,88259,10,,,0,86,,88260,10,,,0,37,,88261,10,,,0,76,,88262,10,,,0,112,,88263,10,,,0,166,,88264,10,,,0,120,,88265,10,,,0,116,,88266,10,,,0,117,,88267,10,,,0,97,,88268,10,,,0,103,,88269,10,,,0,160,,88270,10,,,0
2501,'S2-1_3',700,,88271,10,,,0,29,,88272,10,,,0,86,,88273,10,,,0,37,,88274,10,,,0,76,,88275,10,,,0,112,,88276,10,,,0,166,,88277,10,,,0,120,,88278,10,,,0,116,,88279,10,,,0,117,,88280,10,,,0,97,,88281,10,,,0,103,,88282,10,,,0,160,,88283,10,,,0
2501,'S2-2_6',705,,88284,10,,,0,111,,88285,10,,,0,125,,88286,10,,,0,112,,88287,10,,,0,153,,88288,10,,,0,128,,88289,10,,,0,168,,88290,10,,,0,119,,88291,10,,,0,120,,88292,10,,,0,160,,88293,10,,,0
2501,'S2-4_1',700,,88294,10,,,0,29,,88295,10,,,0,86,,88296,10,,,0,37,,88297,10,,,0,76,,88298,10,,,0,112,,88299,10,,,0,166,,88300,10,,,0,120,,88301,10,,,0,116,,88302,10,,,0,117,,88303,10,,,0,97,,88304,10,,,0,103,,88305,10,,,0,160,,88306,10,,,0
2501,'S2-4_2',700,,88307,10,,,0,29,,88308,10,,,0,86,,88309,10,,,0,37,,88310,10,,,0,76,,88311,10,,,0,112,,88312,10,,,0,166,,88313,10,,,0,120,,88314,10,,,0,116,,88315,10,,,0,117,,88316,10,,,0,97,,88317,10,,,0,103,,88318,10,,,0,160,,88319,10,,,0
2501,'S2-4_4',700,,88320,10,,,0,29,,88321,10,,,0,86,,88322,10,,,0,37,,88323,10,,,0,76,,88324,10,,,0,112,,88325,10,,,0,166,,88326,10,,,0,120,,88327,10,,,0,116,,88328,10,,,0,117,,88329,10,,,0,97,,88330,10,,,0,103,,88331,10,,,0,160,,88332,10,,,0
4000001,'S2-0_4',644,,92520,8,,,0,58,,92538,6,,,0,17,,92521,8,,,0,18,,92562,6,,,0,63,,92522,8,,,0,20,,92539,6,,,0,21,,92523,8,,,0,60,,92540,6,,,0,21,,92524,8,,,0,20,,92541,6,,,0,59,,92561,8,,,0,20,,92542,6,,,0,20,,92525,8,,,0,60,,92543,6,,,0,21,,92526,8,,,0,19,,92544,6,,,0,18,,92527,8,,,0,62,,92545,6,,,0,20,,92528,8,,,0,61,,92546,6,,,0,19,,92529,8,,,0,19,,92547,6,,,0,60,,92560,8,,,0,21,,92548,6,,,0,19,,92530,8,,,0,19,,92549,6,,,0,60,,92531,8,,,0,20,,92550,6,,,0,18,,92559,8,,,0,60,,92551,6,,,0,17,,92532,8,,,0,20,,92552,6,,,0,59,,92533,8,,,0,23,,92553,6,,,0,21,,92534,8,,,0,62,,92554,6,,,0,23,,92535,8,,,0,61,,92555,6,,,0,21,,92536,8,,,0,20,,92556,6,,,0,61,,92557,6,,,0,20,,92537,8,,,0,31,,92558,6,,,0
4000001,'S2-0_5',644,,92563,8,,,0,58,,92581,6,,,0,17,,92564,8,,,0,18,,92605,6,,,0,63,,92565,8,,,0,20,,92582,6,,,0,21,,92566,8,,,0,60,,92583,6,,,0,21,,92567,8,,,0,20,,92584,6,,,0,59,,92604,8,,,0,20,,92585,6,,,0,20,,92568,8,,,0,60,,92586,6,,,0,21,,92569,8,,,0,19,,92587,6,,,0,18,,92570,8,,,0,62,,92588,6,,,0,20,,92571,8,,,0,61,,92589,6,,,0,19,,92572,8,,,0,19,,92590,6,,,0,60,,92603,8,,,0,21,,92591,6,,,0,19,,92573,8,,,0,19,,92592,6,,,0,60,,92574,8,,,0,20,,92593,6,,,0,18,,92602,8,,,0,60,,92594,6,,,0,17,,92575,8,,,0,20,,92595,6,,,0,59,,92576,8,,,0,23,,92596,6,,,0,21,,92577,8,,,0,62,,92597,6,,,0,23,,92578,8,,,0,61,,92598,6,,,0,21,,92579,8,,,0,20,,92599,6,,,0,61,,92600,6,,,0,20,,92580,8,,,0,31,,92601,6,,,0
4000001,'S2-1_3',644,,92606,8,,,0,58,,92624,6,,,0,17,,92607,8,,,0,18,,92648,6,,,0,63,,92608,8,,,0,20,,92625,6,,,0,21,,92609,8,,,0,60,,92626,6,,,0,21,,92610,8,,,0,20,,92627,6,,,0,59,,92647,8,,,0,20,,92628,6,,,0,20,,92611,8,,,0,60,,92629,6,,,0,21,,92612,8,,,0,19,,92630,6,,,0,18,,92613,8,,,0,62,,92631,6,,,0,20,,92614,8,,,0,61,,92632,6,,,0,19,,92615,8,,,0,19,,92633,6,,,0,60,,92646,8,,,0,21,,92634,6,,,0,19,,92616,8,,,0,19,,92635,6,,,0,60,,92617,8,,,0,20,,92636,6,,,0,18,,92645,8,,,0,60,,92637,6,,,0,17,,92618,8,,,0,20,,92638,6,,,0,59,,92619,8,,,0,23,,92639,6,,,0,21,,92620,8,,,0,62,,92640,6,,,0,23,,92621,8,,,0,61,,92641,6,,,0,21,,92622,8,,,0,20,,92642,6,,,0,61,,92643,6,,,0,20,,92623,8,,,0,31,,92644,6,,,0
4000001,'S2-2_6',645,,92649,8,,,0,59,,92670,6,,,0,20,,92650,8,,,0,20,,92671,6,,,0,59,,92651,8,,,0,20,,92672,6,,,0,20,,92652,8,,,0,61,,92673,6,,,0,20,,92653,8,,,0,20,,92674,6,,,0,61,,92654,8,,,0,20,,92675,6,,,0,21,,92655,8,,,0,61,,92676,6,,,0,22,,92656,8,,,0,20,,92677,6,,,0,63,,92657,8,,,0,21,,92678,6,,,0,21,,92658,8,,,0,58,,92679,6,,,0,18,,92659,8,,,0,17,,92680,6,,,0,58,,92660,8,,,0,19,,92681,6,,,0,20,,92661,8,,,0,60,,92682,6,,,0,20,,92662,8,,,0,20,,92683,6,,,0,59,,92663,8,,,0,19,,92684,6,,,0,20,,92664,8,,,0,60,,92685,6,,,0,20,,92665,8,,,0,20,,92686,6,,,0,61,,92666,8,,,0,21,,92687,6,,,0,20,,92667,8,,,0,60,,92688,6,,,0,21,,92668,6,,,0,21,,92689,8,,,0,61,,92691,6,,,0,20,,92669,8,,,0,30,,92690,6,,,0
4000001,'S2-3_7',901,,92693,8,,,0,110,,92698,6,,,0,110,,92694,8,,,0,110,,92699,6,,,0,110,,92695,8,,,0,110,,92700,6,,,0,150,,92696,8,,,0,110,,92701,6,,,0,110,,92697,8,,,0,110,,92692,6,,,0
4000001,'S2-4_1',644,,92702,8,,,0,58,,92720,6,,,0,17,,92703,8,,,0,18,,92744,6,,,0,63,,92704,8,,,0,20,,92721,6,,,0,21,,92705,8,,,0,60,,92722,6,,,0,21,,92706,8,,,0,20,,92723,6,,,0,59,,92743,8,,,0,20,,92724,6,,,0,20,,92707,8,,,0,60,,92725,6,,,0,21,,92708,8,,,0,19,,92726,6,,,0,18,,92709,8,,,0,62,,92727,6,,,0,20,,92710,8,,,0,61,,92728,6,,,0,19,,92711,8,,,0,19,,92729,6,,,0,60,,92742,8,,,0,21,,92730,6,,,0,19,,92712,8,,,0,19,,92731,6,,,0,60,,92713,8,,,0,20,,92732,6,,,0,18,,92741,8,,,0,60,,92733,6,,,0,17,,92714,8,,,0,20,,92734,6,,,0,59,,92715,8,,,0,23,,92735,6,,,0,21,,92716,8,,,0,62,,92736,6,,,0,23,,92717,8,,,0,61,,92737,6,,,0,21,,92718,8,,,0,20,,92738,6,,,0,61,,92739,6,,,0,20,,92719,8,,,0,31,,92740,6,,,0
4000001,'S2-4_2',644,,92745,8,,,0,58,,92763,6,,,0,17,,92746,8,,,0,18,,92787,6,,,0,63,,92747,8,,,0,20,,92764,6,,,0,21,,92748,8,,,0,60,,92765,6,,,0,21,,92749,8,,,0,20,,92766,6,,,0,59,,92786,8,,,0,20,,92767,6,,,0,20,,92750,8,,,0,60,,92768,6,,,0,21,,92751,8,,,0,19,,92769,6,,,0,18,,92752,8,,,0,62,,92770,6,,,0,20,,92753,8,,,0,61,,92771,6,,,0,19,,92754,8,,,0,19,,92772,6,,,0,60,,92785,8,,,0,21,,92773,6,,,0,19,,92755,8,,,0,19,,92774,6,,,0,60,,92756,8,,,0,20,,92775,6,,,0,18,,92784,8,,,0,60,,92776,6,,,0,17,,92757,8,,,0,20,,92777,6,,,0,59,,92758,8,,,0,23,,92778,6,,,0,21,,92759,8,,,0,62,,92779,6,,,0,23,,92760,8,,,0,61,,92780,6,,,0,21,,92761,8,,,0,20,,92781,6,,,0,61,,92782,6,,,0,20,,92762,8,,,0,31,,92783,6,,,0
4000001,'S2-4_4',644,,92788,8,,,0,58,,92806,6,,,0,17,,92789,8,,,0,18,,92830,6,,,0,63,,92790,8,,,0,20,,92807,6,,,0,21,,92791,8,,,0,60,,92808,6,,,0,21,,92792,8,,,0,20,,92809,6,,,0,59,,92829,8,,,0,20,,92810,6,,,0,20,,92793,8,,,0,60,,92811,6,,,0,21,,92794,8,,,0,19,,92812,6,,,0,18,,92795,8,,,0,62,,92813,6,,,0,20,,92796,8,,,0,61,,92814,6,,,0,19,,92797,8,,,0,19,,92815,6,,,0,60,,92828,8,,,0,21,,92816,6,,,0,19,,92798,8,,,0,19,,92817,6,,,0,60,,92799,8,,,0,20,,92818,6,,,0,18,,92827,8,,,0,60,,92819,6,,,0,17,,92800,8,,,0,20,,92820,6,,,0,59,,92801,8,,,0,23,,92821,6,,,0,21,,92802,8,,,0,62,,92822,6,,,0,23,,92803,8,,,0,61,,92823,6,,,0,21,,92804,8,,,0,20,,92824,6,,,0,61,,92825,6,,,0,20,,92805,8,,,0,31,,92826,6,,,0
