1601,'S2-0_4',852,,87596,11,,,0,87,,87597,4,,,0,119,,87598,11,,,0,152,,87601,11,,,0,146,,87599,11,,,0,178,,87602,11,,,0,105,,87603,4,,,0,177,,87600,11,,,0
1601,'S2-0_5',852,,87604,11,,,0,87,,87605,4,,,0,119,,87606,11,,,0,152,,87609,11,,,0,146,,87607,11,,,0,178,,87610,11,,,0,105,,87611,4,,,0,177,,87608,11,,,0
1601,'S2-1_3',852,,87612,11,,,0,87,,87613,4,,,0,119,,87614,11,,,0,152,,87617,11,,,0,146,,87615,11,,,0,178,,87618,11,,,0,105,,87619,4,,,0,177,,87616,11,,,0
1601,'S2-2_6',852,,87620,11,,,0,87,,87621,4,,,0,119,,87622,11,,,0,152,,87625,11,,,0,146,,87623,11,,,0,178,,87626,11,,,0,105,,87627,4,,,0,177,,87624,11,,,0
1601,'S2-4_1',852,,87628,11,,,0,87,,87629,4,,,0,119,,87630,11,,,0,152,,87633,11,,,0,146,,87631,11,,,0,178,,87634,11,,,0,105,,87635,4,,,0,177,,87632,11,,,0
1601,'S2-4_2',852,,87636,11,,,0,87,,87637,4,,,0,119,,87638,11,,,0,152,,87641,11,,,0,146,,87639,11,,,0,178,,87642,11,,,0,105,,87643,4,,,0,177,,87640,11,,,0
1601,'S2-4_4',852,,87644,11,,,0,87,,87645,4,,,0,119,,87646,11,,,0,152,,87649,11,,,0,146,,87647,11,,,0,178,,87650,11,,,0,105,,87651,4,,,0,177,,87648,11,,,0
1901,'S2-0_4',1613,,87886,6,0,49,0,19,,87878,22,,,0,20,,87883,11,,,0,61,,87882,6,,,0,19,,87879,22,,,0,70,,87884,11,,,0,29,,87880,22,,,0,70,,87885,11,,,0
1901,'S2-0_5',1613,,87895,6,0,49,0,19,,87887,22,,,0,20,,87892,11,,,0,61,,87891,6,,,0,19,,87888,22,,,0,70,,87893,11,,,0,29,,87889,22,,,0,70,,87894,11,,,0
1901,'S2-1_3',1231,,87899,22,,,0,20,,87901,6,,,0,63,,87900,26,,,0,338,,87896,11,,,0,150,,87897,11,,,0,99,,87898,11,,,0
1901,'S2-4_1',1613,,87910,6,0,49,0,19,,87902,22,,,0,20,,87907,11,,,0,61,,87906,6,,,0,19,,87903,22,,,0,70,,87908,11,,,0,29,,87904,22,,,0,70,,87909,11,,,0
1901,'S2-4_2',1613,,87919,6,0,49,0,19,,87911,22,,,0,20,,87916,11,,,0,61,,87915,6,,,0,19,,87912,22,,,0,70,,87917,11,,,0,29,,87913,22,,,0,70,,87918,11,,,0
1901,'S2-4_4',1613,,87928,6,0,49,0,19,,87920,22,,,0,20,,87925,11,,,0,61,,87924,6,,,0,19,,87921,22,,,0,70,,87926,11,,,0,29,,87922,22,,,0,70,,87927,11,,,0
