2601,'S2-0_4',729,,88503,4,,,0,2,,88516,4,,,0,1,,88501,4,,,0,2,,88494,17,,,0,73,,88504,17,,,0,24,,88506,17,,,0,9,,88502,5,,,0,15,,88505,17,,,0,79,,88495,17,,,0,100,,88496,17,,,0,100,,88513,17,,,0,100,,88497,17,,,0,67,,88514,17,,,0,22,,88515,17,,,0,5,,88517,4,,,0,87,,88498,17,,,0,95,,88499,17,,,0,114,,88508,17,,,0,88,,88509,17,,,0,28,,88510,17,,,0,89,,88511,17,,,0,23,,88512,17,,,0,93,,88507,17,,,0
2601,'S2-0_5',729,,88527,4,,,0,2,,88540,4,,,0,1,,88525,4,,,0,2,,88518,17,,,0,73,,88528,17,,,0,24,,88530,17,,,0,9,,88526,5,,,0,15,,88529,17,,,0,79,,88519,17,,,0,100,,88520,17,,,0,100,,88537,17,,,0,100,,88521,17,,,0,67,,88538,17,,,0,22,,88539,17,,,0,5,,88541,4,,,0,87,,88522,17,,,0,95,,88523,17,,,0,114,,88532,17,,,0,88,,88533,17,,,0,28,,88534,17,,,0,89,,88535,17,,,0,23,,88536,17,,,0,93,,88531,17,,,0
2601,'S2-1_3',729,,88550,4,,,0,2,,88563,4,,,0,1,,88548,4,,,0,2,,88542,17,,,0,73,,88551,17,,,0,24,,88553,17,,,0,9,,88549,5,,,0,15,,88552,17,,,0,79,,88543,17,,,0,100,,88544,17,,,0,100,,88560,17,,,0,100,,88545,17,,,0,67,,88561,17,,,0,22,,88562,17,,,0,92,,88546,17,,,0,95,,88547,17,,,0,114,,88555,17,,,0,88,,88556,17,,,0,28,,88557,17,,,0,89,,88558,17,,,0,23,,88559,17,,,0,93,,88554,17,,,0
2601,'S2-2_6',735,,88564,17,,,0,86,,88567,17,,,0,85,,88568,17,,,0,47,,88569,17,,,0,90,,88570,17,,,0,84,,88571,17,,,0,83,,88572,17,,,0,45,,88573,17,,,0,82,,88574,17,,,0,85,,88575,17,,,0,86,,88576,17,,,0,50,,88577,17,,,0,86,,88578,17,,,0,81,,88579,17,,,0,86,,88580,17,,,0,43,,88566,17,,,0,81,,88565,17,,,0
2601,'S2-4_1',729,,88590,4,,,0,2,,88603,4,,,0,1,,88588,4,,,0,2,,88581,17,,,0,73,,88591,17,,,0,24,,88593,17,,,0,9,,88589,5,,,0,15,,88592,17,,,0,79,,88582,17,,,0,100,,88583,17,,,0,100,,88600,17,,,0,100,,88584,17,,,0,67,,88601,17,,,0,22,,88602,17,,,0,5,,88604,4,,,0,87,,88585,17,,,0,95,,88586,17,,,0,114,,88595,17,,,0,88,,88596,17,,,0,28,,88597,17,,,0,89,,88598,17,,,0,23,,88599,17,,,0,93,,88594,17,,,0
2601,'S2-4_2',729,,88614,4,,,0,2,,88627,4,,,0,1,,88612,4,,,0,2,,88605,17,,,0,73,,88615,17,,,0,24,,88617,17,,,0,9,,88613,5,,,0,15,,88616,17,,,0,79,,88606,17,,,0,100,,88607,17,,,0,100,,88624,17,,,0,100,,88608,17,,,0,67,,88625,17,,,0,22,,88626,17,,,0,5,,88628,4,,,0,87,,88609,17,,,0,95,,88610,17,,,0,114,,88619,17,,,0,88,,88620,17,,,0,28,,88621,17,,,0,89,,88622,17,,,0,23,,88623,17,,,0,93,,88618,17,,,0
2601,'S2-4_4',729,,88638,4,,,0,2,,88651,4,,,0,1,,88636,4,,,0,2,,88629,17,,,0,73,,88639,17,,,0,24,,88641,17,,,0,9,,88637,5,,,0,15,,88640,17,,,0,79,,88630,17,,,0,100,,88631,17,,,0,100,,88648,17,,,0,100,,88632,17,,,0,67,,88649,17,,,0,22,,88650,17,,,0,5,,88652,4,,,0,87,,88633,17,,,0,95,,88634,17,,,0,114,,88643,17,,,0,88,,88644,17,,,0,28,,88645,17,,,0,89,,88646,17,,,0,23,,88647,17,,,0,93,,88642,17,,,0
4000000,'S2-0_4',629,,92238,3,0,45,0,18,,92194,3,0,46,0,65,,92216,3,0,45,0,22,,92195,3,0,46,0,18,,92217,3,0,45,0,59,,92196,3,0,46,0,21,,92218,3,0,45,0,21,,92197,3,0,46,0,59,,92219,3,0,45,0,19,,92198,3,0,46,0,20,,92220,3,0,45,0,60,,92199,3,0,46,0,20,,92221,3,0,45,0,20,,92200,3,0,46,0,60,,92222,3,0,45,0,20,,92201,3,0,46,0,20,,92223,3,0,45,0,60,,92202,3,0,46,0,20,,92224,3,0,45,0,19,,92203,3,0,46,0,59,,92225,3,0,45,0,22,,92204,3,0,46,0,20,,92226,3,0,45,0,60,,92205,3,0,46,0,20,,92227,3,0,45,0,20,,92206,3,0,46,0,60,,92228,3,0,45,0,19,,92207,3,0,46,0,20,,92229,3,0,45,0,62,,92208,3,0,46,0,20,,92230,3,0,45,0,22,,92209,3,0,46,0,61,,92231,3,0,45,0,22,,92210,3,0,46,0,17,,92232,3,0,45,0,60,,92211,3,0,46,0,18,,92233,3,0,45,0,17,,92212,3,0,46,0,60,,92234,3,0,45,0,20,,92213,3,0,46,0,20,,92235,3,0,45,0,60,,92214,3,0,46,0,20,,92215,3,4,,0,20,,92236,3,4,,0,70,,92237,3,4,,0
4000000,'S2-0_5',629,,92283,3,0,45,0,18,,92239,3,0,46,0,65,,92261,3,0,45,0,22,,92240,3,0,46,0,18,,92262,3,0,45,0,59,,92241,3,0,46,0,21,,92263,3,0,45,0,21,,92242,3,0,46,0,59,,92264,3,0,45,0,19,,92243,3,0,46,0,20,,92265,3,0,45,0,60,,92244,3,0,46,0,20,,92266,3,0,45,0,20,,92245,3,0,46,0,60,,92267,3,0,45,0,20,,92246,3,0,46,0,20,,92268,3,0,45,0,60,,92247,3,0,46,0,20,,92269,3,0,45,0,19,,92248,3,0,46,0,59,,92270,3,0,45,0,22,,92249,3,0,46,0,20,,92271,3,0,45,0,60,,92250,3,0,46,0,20,,92272,3,0,45,0,20,,92251,3,0,46,0,60,,92273,3,0,45,0,19,,92252,3,0,46,0,20,,92274,3,0,45,0,62,,92253,3,0,46,0,20,,92275,3,0,45,0,22,,92254,3,0,46,0,61,,92276,3,0,45,0,22,,92255,3,0,46,0,17,,92277,3,0,45,0,60,,92256,3,0,46,0,18,,92278,3,0,45,0,17,,92257,3,0,46,0,60,,92279,3,0,45,0,20,,92258,3,0,46,0,20,,92280,3,0,45,0,60,,92259,3,0,46,0,20,,92260,3,4,,0,20,,92281,3,4,,0,70,,92282,3,4,,0
4000000,'S2-1_3',629,,92328,3,0,45,0,18,,92284,3,0,46,0,65,,92306,3,0,45,0,22,,92285,3,0,46,0,18,,92307,3,0,45,0,59,,92286,3,0,46,0,21,,92308,3,0,45,0,21,,92287,3,0,46,0,59,,92309,3,0,45,0,19,,92288,3,0,46,0,20,,92310,3,0,45,0,60,,92289,3,0,46,0,20,,92311,3,0,45,0,20,,92290,3,0,46,0,60,,92312,3,0,45,0,20,,92291,3,0,46,0,20,,92313,3,0,45,0,60,,92292,3,0,46,0,20,,92314,3,0,45,0,19,,92293,3,0,46,0,59,,92315,3,0,45,0,22,,92294,3,0,46,0,20,,92316,3,0,45,0,60,,92295,3,0,46,0,20,,92317,3,0,45,0,20,,92296,3,0,46,0,60,,92318,3,0,45,0,19,,92297,3,0,46,0,20,,92319,3,0,45,0,62,,92298,3,0,46,0,20,,92320,3,0,45,0,22,,92299,3,0,46,0,61,,92321,3,0,45,0,22,,92300,3,0,46,0,17,,92322,3,0,45,0,60,,92301,3,0,46,0,18,,92323,3,0,45,0,17,,92302,3,0,46,0,60,,92324,3,0,45,0,20,,92303,3,0,46,0,20,,92325,3,0,45,0,60,,92304,3,0,46,0,20,,92305,3,4,,0,20,,92326,3,4,,0,70,,92327,3,4,,0
4000000,'S2-2_6',629,,92373,3,0,46,0,18,,92329,3,0,45,0,62,,92351,3,0,46,0,20,,92330,3,0,45,0,20,,92352,3,0,46,0,61,,92331,3,0,45,0,20,,92353,3,0,46,0,20,,92332,3,0,45,0,60,,92354,3,0,46,0,21,,92333,3,0,45,0,20,,92355,3,0,46,0,61,,92334,3,0,45,0,21,,92356,3,0,46,0,21,,92335,3,0,45,0,61,,92357,3,0,46,0,21,,92336,3,0,45,0,22,,92358,3,0,46,0,60,,92337,3,0,45,0,21,,92359,3,0,45,0,61,,92338,3,0,46,0,21,,92360,3,0,45,0,18,,92339,3,0,46,0,18,,92361,3,0,45,0,58,,92340,3,0,46,0,18,,92362,3,0,45,0,19,,92341,3,0,46,0,60,,92363,3,0,45,0,20,,92342,3,0,46,0,20,,92364,3,0,45,0,60,,92343,3,0,46,0,20,,92365,3,0,45,0,20,,92344,3,0,46,0,60,,92366,3,0,45,0,20,,92345,3,0,46,0,20,,92367,3,0,45,0,60,,92346,3,0,46,0,20,,92368,3,0,45,0,19,,92347,3,0,46,0,60,,92369,3,0,45,0,19,,92348,3,0,46,0,20,,92370,3,0,45,0,60,,92349,3,0,46,0,20,,92371,3,4,,0,20,,92350,3,4,,0,70,,92372,3,4,,0
4000000,'S2-3_7',817,,92374,3,0,46,0,110,,92379,3,0,45,0,110,,92375,3,0,46,0,110,,92380,3,0,45,0,110,,92376,3,0,46,0,150,,92381,3,0,45,0,110,,92377,3,0,46,0,110,,92382,3,0,45,0,110,,92378,3,0,46,0,110,,92383,3,0,45,0,109,,92384,3,4,,0
4000000,'S2-4_1',629,,92429,3,0,45,0,18,,92385,3,0,46,0,65,,92407,3,0,45,0,22,,92386,3,0,46,0,18,,92408,3,0,45,0,59,,92387,3,0,46,0,21,,92409,3,0,45,0,21,,92388,3,0,46,0,59,,92410,3,0,45,0,19,,92389,3,0,46,0,20,,92411,3,0,45,0,60,,92390,3,0,46,0,20,,92412,3,0,45,0,20,,92391,3,0,46,0,60,,92413,3,0,45,0,20,,92392,3,0,46,0,20,,92414,3,0,45,0,60,,92393,3,0,46,0,20,,92415,3,0,45,0,19,,92394,3,0,46,0,59,,92416,3,0,45,0,22,,92395,3,0,46,0,20,,92417,3,0,45,0,60,,92396,3,0,46,0,20,,92418,3,0,45,0,20,,92397,3,0,46,0,60,,92419,3,0,45,0,19,,92398,3,0,46,0,20,,92420,3,0,45,0,62,,92399,3,0,46,0,20,,92421,3,0,45,0,22,,92400,3,0,46,0,61,,92422,3,0,45,0,22,,92401,3,0,46,0,17,,92423,3,0,45,0,60,,92402,3,0,46,0,18,,92424,3,0,45,0,17,,92403,3,0,46,0,60,,92425,3,0,45,0,20,,92404,3,0,46,0,20,,92426,3,0,45,0,60,,92405,3,0,46,0,20,,92406,3,4,,0,20,,92427,3,4,,0,70,,92428,3,4,,0
4000000,'S2-4_2',629,,92474,3,0,45,0,18,,92430,3,0,46,0,65,,92452,3,0,45,0,22,,92431,3,0,46,0,18,,92453,3,0,45,0,59,,92432,3,0,46,0,21,,92454,3,0,45,0,21,,92433,3,0,46,0,59,,92455,3,0,45,0,19,,92434,3,0,46,0,20,,92456,3,0,45,0,60,,92435,3,0,46,0,20,,92457,3,0,45,0,20,,92436,3,0,46,0,60,,92458,3,0,45,0,20,,92437,3,0,46,0,20,,92459,3,0,45,0,60,,92438,3,0,46,0,20,,92460,3,0,45,0,19,,92439,3,0,46,0,59,,92461,3,0,45,0,22,,92440,3,0,46,0,20,,92462,3,0,45,0,60,,92441,3,0,46,0,20,,92463,3,0,45,0,20,,92442,3,0,46,0,60,,92464,3,0,45,0,19,,92443,3,0,46,0,20,,92465,3,0,45,0,62,,92444,3,0,46,0,20,,92466,3,0,45,0,22,,92445,3,0,46,0,61,,92467,3,0,45,0,22,,92446,3,0,46,0,17,,92468,3,0,45,0,60,,92447,3,0,46,0,18,,92469,3,0,45,0,17,,92448,3,0,46,0,60,,92470,3,0,45,0,20,,92449,3,0,46,0,20,,92471,3,0,45,0,60,,92450,3,0,46,0,20,,92451,3,4,,0,20,,92472,3,4,,0,70,,92473,3,4,,0
4000000,'S2-4_4',629,,92519,3,0,45,0,18,,92475,3,0,46,0,65,,92497,3,0,45,0,22,,92476,3,0,46,0,18,,92498,3,0,45,0,59,,92477,3,0,46,0,21,,92499,3,0,45,0,21,,92478,3,0,46,0,59,,92500,3,0,45,0,19,,92479,3,0,46,0,20,,92501,3,0,45,0,60,,92480,3,0,46,0,20,,92502,3,0,45,0,20,,92481,3,0,46,0,60,,92503,3,0,45,0,20,,92482,3,0,46,0,20,,92504,3,0,45,0,60,,92483,3,0,46,0,20,,92505,3,0,45,0,19,,92484,3,0,46,0,59,,92506,3,0,45,0,22,,92485,3,0,46,0,20,,92507,3,0,45,0,60,,92486,3,0,46,0,20,,92508,3,0,45,0,20,,92487,3,0,46,0,60,,92509,3,0,45,0,19,,92488,3,0,46,0,20,,92510,3,0,45,0,62,,92489,3,0,46,0,20,,92511,3,0,45,0,22,,92490,3,0,46,0,61,,92512,3,0,45,0,22,,92491,3,0,46,0,17,,92513,3,0,45,0,60,,92492,3,0,46,0,18,,92514,3,0,45,0,17,,92493,3,0,46,0,60,,92515,3,0,45,0,20,,92494,3,0,46,0,20,,92516,3,0,45,0,60,,92495,3,0,46,0,20,,92496,3,4,,0,20,,92517,3,4,,0,70,,92518,3,4,,0
