2601,'S2-0_4',710,,88494,3,,,0,33,,88504,3,,,0,66,,88506,3,,,0,24,,88505,3,,,0,79,,88495,3,,,0,99,,88496,3,,,0,100,,88513,3,,,0,98,,88497,3,,,0,29,,88514,3,,,0,62,,88515,3,,,0,51,,88498,3,,,0,94,,88499,3,,,0,113,,88508,3,,,0,85,,88509,3,,,0,66,,88510,3,,,0,94,,88511,3,,,0,26,,88512,3,,,0,96,,88507,3,,,0
2601,'S2-0_5',710,,88518,3,,,0,33,,88528,3,,,0,66,,88530,3,,,0,24,,88529,3,,,0,79,,88519,3,,,0,99,,88520,3,,,0,100,,88537,3,,,0,98,,88521,3,,,0,29,,88538,3,,,0,62,,88539,3,,,0,51,,88522,3,,,0,94,,88523,3,,,0,113,,88532,3,,,0,85,,88533,3,,,0,66,,88534,3,,,0,94,,88535,3,,,0,26,,88536,3,,,0,96,,88531,3,,,0
2601,'S2-1_3',710,,88542,3,,,0,33,,88551,3,,,0,66,,88553,3,,,0,24,,88552,3,,,0,79,,88543,3,,,0,99,,88544,3,,,0,100,,88560,3,,,0,98,,88545,3,,,0,29,,88561,3,,,0,62,,88562,3,,,0,51,,88546,3,,,0,94,,88547,3,,,0,113,,88555,3,,,0,85,,88556,3,,,0,66,,88557,3,,,0,94,,88558,3,,,0,26,,88559,3,,,0,96,,88554,3,,,0
2601,'S2-2_6',716,,88564,3,,,0,85,,88567,3,,,0,45,,88568,3,,,0,85,,88569,3,,,0,90,,88570,3,,,0,84,,88571,3,,,0,44,,88572,3,,,0,85,,88573,3,,,0,82,,88574,3,,,0,42,,88575,3,,,0,86,,88576,3,,,0,90,,88577,3,,,0,85,,88578,3,,,0,40,,88579,3,,,0,87,,88580,3,,,0,84,,88566,3,,,0,85,,88565,3,,,0
2601,'S2-4_1',710,,88581,3,,,0,33,,88591,3,,,0,66,,88593,3,,,0,24,,88592,3,,,0,79,,88582,3,,,0,99,,88583,3,,,0,100,,88600,3,,,0,98,,88584,3,,,0,29,,88601,3,,,0,62,,88602,3,,,0,51,,88585,3,,,0,94,,88586,3,,,0,113,,88595,3,,,0,85,,88596,3,,,0,66,,88597,3,,,0,94,,88598,3,,,0,26,,88599,3,,,0,96,,88594,3,,,0
2601,'S2-4_2',710,,88605,3,,,0,33,,88615,3,,,0,66,,88617,3,,,0,24,,88616,3,,,0,79,,88606,3,,,0,99,,88607,3,,,0,100,,88624,3,,,0,98,,88608,3,,,0,29,,88625,3,,,0,62,,88626,3,,,0,51,,88609,3,,,0,94,,88610,3,,,0,113,,88619,3,,,0,85,,88620,3,,,0,66,,88621,3,,,0,94,,88622,3,,,0,26,,88623,3,,,0,96,,88618,3,,,0
2601,'S2-4_4',710,,88629,3,,,0,33,,88639,3,,,0,66,,88641,3,,,0,24,,88640,3,,,0,79,,88630,3,,,0,99,,88631,3,,,0,100,,88648,3,,,0,98,,88632,3,,,0,29,,88649,3,,,0,62,,88650,3,,,0,51,,88633,3,,,0,94,,88634,3,,,0,113,,88643,3,,,0,85,,88644,3,,,0,66,,88645,3,,,0,94,,88646,3,,,0,26,,88647,3,,,0,96,,88642,3,,,0
3000001,'S2-0_4',648,,91893,12,,,0,58,,91852,12,,,0,20,,91853,12,,,0,20,,91854,12,,,0,61,,91855,12,,,0,21,,91856,12,,,0,20,,91857,12,,,0,60,,91858,12,,,0,20,,91859,12,,,0,20,,91860,12,,,0,60,,91861,12,,,0,20,,91862,12,,,0,20,,91863,12,,,0,59,,91864,12,,,0,19,,91865,12,,,0,21,,91866,12,,,0,59,,91867,12,,,0,22,,91868,12,,,0,20,,91869,12,,,0,59,,91870,12,,,0,19,,91871,12,,,0,20,,91872,12,,,0,61,,91873,12,,,0,20,,91874,12,,,0,20,,91875,12,,,0,61,,91876,12,,,0,22,,91877,12,,,0,20,,91878,12,,,0,59,,91879,12,,,0,11,,91894,9,0,11 12,0,8,,91880,12,,,0,11,,91895,9,0,11 12,0,11,,91881,12,,,0,50,,91896,9,0,11 12,0,10,,91882,12,,,0,11,,91897,9,0,11 12,0,10,,91883,12,,,0,10,,91898,9,0,11 12,0,11,,91884,12,,,0,48,,91899,9,0,11 12,0,9,,91885,12,,,0,10,,91900,9,0,11 12,0,8,,91886,12,,,0,22,,91887,12,,,0,60,,91888,12,,,0,22,,91889,12,,,0,26,,91890,12,,,0,69,,91891,12,,,0,32,,91892,12,,,0
3000001,'S2-0_5',648,,91942,12,,,0,58,,91901,12,,,0,20,,91902,12,,,0,20,,91903,12,,,0,61,,91904,12,,,0,21,,91905,12,,,0,20,,91906,12,,,0,60,,91907,12,,,0,20,,91908,12,,,0,20,,91909,12,,,0,60,,91910,12,,,0,20,,91911,12,,,0,20,,91912,12,,,0,59,,91913,12,,,0,19,,91914,12,,,0,21,,91915,12,,,0,59,,91916,12,,,0,22,,91917,12,,,0,20,,91918,12,,,0,59,,91919,12,,,0,19,,91920,12,,,0,20,,91921,12,,,0,61,,91922,12,,,0,20,,91923,12,,,0,20,,91924,12,,,0,61,,91925,12,,,0,22,,91926,12,,,0,20,,91927,12,,,0,59,,91928,12,,,0,11,,91943,9,0,11 12,0,8,,91929,12,,,0,11,,91944,9,0,11 12,0,11,,91930,12,,,0,50,,91945,9,0,11 12,0,10,,91931,12,,,0,11,,91946,9,0,11 12,0,10,,91932,12,,,0,10,,91947,9,0,11 12,0,11,,91933,12,,,0,48,,91948,9,0,11 12,0,9,,91934,12,,,0,10,,91949,9,0,11 12,0,8,,91935,12,,,0,22,,91936,12,,,0,60,,91937,12,,,0,22,,91938,12,,,0,26,,91939,12,,,0,69,,91940,12,,,0,32,,91941,12,,,0
3000001,'S2-1_3',648,,91991,12,,,0,58,,91950,12,,,0,20,,91951,12,,,0,20,,91952,12,,,0,61,,91953,12,,,0,21,,91954,12,,,0,20,,91955,12,,,0,60,,91956,12,,,0,20,,91957,12,,,0,20,,91958,12,,,0,60,,91959,12,,,0,20,,91960,12,,,0,20,,91961,12,,,0,59,,91962,12,,,0,19,,91963,12,,,0,21,,91964,12,,,0,59,,91965,12,,,0,22,,91966,12,,,0,20,,91967,12,,,0,59,,91968,12,,,0,19,,91969,12,,,0,20,,91970,12,,,0,61,,91971,12,,,0,20,,91972,12,,,0,20,,91973,12,,,0,61,,91974,12,,,0,22,,91975,12,,,0,20,,91976,12,,,0,59,,91977,12,,,0,11,,91992,9,0,11 12,0,8,,91978,12,,,0,11,,91993,9,0,11 12,0,11,,91979,12,,,0,50,,91994,9,0,11 12,0,10,,91980,12,,,0,11,,91995,9,0,11 12,0,10,,91981,12,,,0,10,,91996,9,0,11 12,0,11,,91982,12,,,0,48,,91997,9,0,11 12,0,9,,91983,12,,,0,10,,91998,9,0,11 12,0,8,,91984,12,,,0,22,,91985,12,,,0,60,,91986,12,,,0,22,,91987,12,,,0,26,,91988,12,,,0,69,,91989,12,,,0,32,,91990,12,,,0
3000001,'S2-2_6',640,,91999,12,,,0,80,,92000,12,,,0,84,,92001,12,,,0,38,,92002,12,,,0,60,,92003,12,,,0,20,,92004,12,,,0,20,,92005,12,,,0,60,,92006,12,,,0,20,,92007,12,,,0,20,,92008,12,,,0,60,,92009,12,,,0,19,,92010,12,,,0,21,,92011,12,,,0,61,,92012,12,,,0,19,,92013,12,,,0,19,,92014,12,,,0,60,,92015,12,,,0,20,,92016,12,,,0,20,,92017,12,,,0,60,,92018,12,,,0,20,,92019,12,,,0,20,,92020,12,,,0,61,,92021,12,,,0,20,,92022,12,,,0,20,,92023,12,,,0,60,,92024,12,,,0,20,,92025,12,,,0,21,,92026,12,,,0,60,,92027,12,,,0,20,,92028,12,,,0,20,,92029,12,,,0,59,,92030,12,,,0,20,,92031,12,,,0,20,,92032,12,,,0,58,,92033,12,,,0,31,,92035,12,,,0,69,,92036,12,,,0,30,,92034,12,,,0,29,,92037,12,,,0
3000001,'S2-3_7',846,,92038,12,,,0,170,,92046,12,,,0,130,,92045,12,,,0,170,,92044,12,,,0,130,,92041,12,,,0,170,,92042,12,,,0,130,,92043,12,,,0,170,,92040,12,,,0,130,,92039,12,,,0
3000001,'S2-4_1',648,,92088,12,,,0,58,,92047,12,,,0,20,,92048,12,,,0,20,,92049,12,,,0,61,,92050,12,,,0,21,,92051,12,,,0,20,,92052,12,,,0,60,,92053,12,,,0,20,,92054,12,,,0,20,,92055,12,,,0,60,,92056,12,,,0,20,,92057,12,,,0,20,,92058,12,,,0,59,,92059,12,,,0,19,,92060,12,,,0,21,,92061,12,,,0,59,,92062,12,,,0,22,,92063,12,,,0,20,,92064,12,,,0,59,,92065,12,,,0,19,,92066,12,,,0,20,,92067,12,,,0,61,,92068,12,,,0,20,,92069,12,,,0,20,,92070,12,,,0,61,,92071,12,,,0,22,,92072,12,,,0,20,,92073,12,,,0,59,,92074,12,,,0,11,,92089,9,0,11 12,0,8,,92075,12,,,0,11,,92090,9,0,11 12,0,11,,92076,12,,,0,50,,92091,9,0,11 12,0,10,,92077,12,,,0,11,,92092,9,0,11 12,0,10,,92078,12,,,0,10,,92093,9,0,11 12,0,11,,92079,12,,,0,48,,92094,9,0,11 12,0,9,,92080,12,,,0,10,,92095,9,0,11 12,0,8,,92081,12,,,0,22,,92082,12,,,0,60,,92083,12,,,0,22,,92084,12,,,0,26,,92085,12,,,0,69,,92086,12,,,0,32,,92087,12,,,0
3000001,'S2-4_2',648,,92137,12,,,0,58,,92096,12,,,0,20,,92097,12,,,0,20,,92098,12,,,0,61,,92099,12,,,0,21,,92100,12,,,0,20,,92101,12,,,0,60,,92102,12,,,0,20,,92103,12,,,0,20,,92104,12,,,0,60,,92105,12,,,0,20,,92106,12,,,0,20,,92107,12,,,0,59,,92108,12,,,0,19,,92109,12,,,0,21,,92110,12,,,0,59,,92111,12,,,0,22,,92112,12,,,0,20,,92113,12,,,0,59,,92114,12,,,0,19,,92115,12,,,0,20,,92116,12,,,0,61,,92117,12,,,0,20,,92118,12,,,0,20,,92119,12,,,0,61,,92120,12,,,0,22,,92121,12,,,0,20,,92122,12,,,0,59,,92123,12,,,0,11,,92138,9,0,11 12,0,8,,92124,12,,,0,11,,92139,9,0,11 12,0,11,,92125,12,,,0,50,,92140,9,0,11 12,0,10,,92126,12,,,0,11,,92141,9,0,11 12,0,10,,92127,12,,,0,10,,92142,9,0,11 12,0,11,,92128,12,,,0,48,,92143,9,0,11 12,0,9,,92129,12,,,0,10,,92144,9,0,11 12,0,8,,92130,12,,,0,22,,92131,12,,,0,60,,92132,12,,,0,22,,92133,12,,,0,26,,92134,12,,,0,69,,92135,12,,,0,32,,92136,12,,,0
3000001,'S2-4_4',648,,92186,12,,,0,58,,92145,12,,,0,20,,92146,12,,,0,20,,92147,12,,,0,61,,92148,12,,,0,21,,92149,12,,,0,20,,92150,12,,,0,60,,92151,12,,,0,20,,92152,12,,,0,20,,92153,12,,,0,60,,92154,12,,,0,20,,92155,12,,,0,20,,92156,12,,,0,59,,92157,12,,,0,19,,92158,12,,,0,21,,92159,12,,,0,59,,92160,12,,,0,22,,92161,12,,,0,20,,92162,12,,,0,59,,92163,12,,,0,19,,92164,12,,,0,20,,92165,12,,,0,61,,92166,12,,,0,20,,92167,12,,,0,20,,92168,12,,,0,61,,92169,12,,,0,22,,92170,12,,,0,20,,92171,12,,,0,59,,92172,12,,,0,11,,92187,9,0,11 12,0,8,,92173,12,,,0,11,,92188,9,0,11 12,0,11,,92174,12,,,0,50,,92189,9,0,11 12,0,10,,92175,12,,,0,11,,92190,9,0,11 12,0,10,,92176,12,,,0,10,,92191,9,0,11 12,0,11,,92177,12,,,0,48,,92192,9,0,11 12,0,9,,92178,12,,,0,10,,92193,9,0,11 12,0,8,,92179,12,,,0,22,,92180,12,,,0,60,,92181,12,,,0,22,,92182,12,,,0,26,,92183,12,,,0,69,,92184,12,,,0,32,,92185,12,,,0
