900,'S2-0_4',645,,86863,5,,,0,68,,86864,5,,,0,41,,86868,11,,,0,61,,86869,2,,,0,4,,86870,12,,,0,84,,86865,5,,,0,49,,86871,12,,,0,94,,86872,8,0,50,0,93,,86873,8,,,0,105,,86874,8,,,0,70,,86866,5,,,0,130,,86877,13,,,0,84,,86875,8,,,0,110,,86876,8,,,0,72,,86867,5,,,0,130,,86878,13,,,0,78,,86879,5,0,50,0
900,'S2-0_5',645,,86882,5,,,0,68,,86883,5,,,0,41,,86887,11,,,0,61,,86888,2,,,0,4,,86889,12,,,0,84,,86884,5,,,0,49,,86890,12,,,0,94,,86891,8,0,50,0,93,,86892,8,,,0,105,,86893,8,,,0,70,,86885,5,,,0,130,,86896,13,,,0,84,,86894,8,,,0,110,,86895,8,,,0,72,,86886,5,,,0,130,,86897,13,,,0,78,,86898,5,0,50,0
900,'S2-1_3',645,,86901,5,,,0,68,,86902,5,,,0,41,,86906,11,,,0,61,,86907,2,,,0,4,,86908,12,,,0,84,,86903,5,,,0,49,,86909,12,,,0,94,,86910,8,0,50,0,93,,86911,8,,,0,105,,86912,8,,,0,70,,86904,5,,,0,130,,86915,13,,,0,84,,86913,8,,,0,110,,86914,8,,,0,72,,86905,5,,,0,130,,86916,13,,,0,78,,86917,5,0,50,0
900,'S2-2_6',655,,86921,8,,,0,99,,86922,8,,,0,159,,86920,8,0,50,0,126,,86927,2,0,50,0,69,,86923,8,,,0,136,,86929,9,0,50,0,98,,86928,2,0,50,0,90,,86924,8,,,0,90,,86919,2,,,0,98,,86930,2,,,0,135,,86925,9,,,0,94,,86926,8,,,0
900,'S2-4_1',645,,86932,5,,,0,68,,86933,5,,,0,41,,86937,11,,,0,61,,86938,2,,,0,4,,86939,12,,,0,84,,86934,5,,,0,49,,86940,12,,,0,94,,86941,8,0,50,0,93,,86942,8,,,0,105,,86943,8,,,0,70,,86935,5,,,0,130,,86946,13,,,0,84,,86944,8,,,0,110,,86945,8,,,0,72,,86936,5,,,0,130,,86947,13,,,0,78,,86948,5,0,50,0
900,'S2-4_2',645,,86951,5,,,0,68,,86952,5,,,0,41,,86956,11,,,0,61,,86957,2,,,0,4,,86958,12,,,0,84,,86953,5,,,0,49,,86959,12,,,0,94,,86960,8,0,50,0,93,,86961,8,,,0,105,,86962,8,,,0,70,,86954,5,,,0,130,,86965,13,,,0,84,,86963,8,,,0,110,,86964,8,,,0,72,,86955,5,,,0,130,,86966,13,,,0,78,,86967,5,0,50,0
900,'S2-4_4',645,,86970,5,,,0,68,,86971,5,,,0,41,,86975,11,,,0,61,,86976,2,,,0,4,,86977,12,,,0,84,,86972,5,,,0,49,,86978,12,,,0,94,,86979,8,0,50,0,93,,86980,8,,,0,105,,86981,8,,,0,70,,86973,5,,,0,130,,86984,13,,,0,84,,86982,8,,,0,110,,86983,8,,,0,72,,86974,5,,,0,130,,86985,13,,,0,78,,86986,5,0,50,0
1600,'S2-0_4',815,,87526,10,,,0,206,,87531,14,,,0,296,,87533,19,,,0,123,,87529,14,,,0,297,,87535,19,,,0,165,,87532,14,,,0
1600,'S2-0_5',815,,87536,10,,,0,206,,87541,14,,,0,296,,87543,19,,,0,123,,87539,14,,,0,297,,87545,19,,,0,165,,87542,14,,,0
1600,'S2-1_3',815,,87546,10,,,0,206,,87551,14,,,0,296,,87553,19,,,0,123,,87549,14,,,0,297,,87555,19,,,0,165,,87552,14,,,0
1600,'S2-2_6',815,,87556,10,,,0,206,,87561,14,,,0,296,,87563,19,,,0,123,,87559,14,,,0,297,,87565,19,,,0,165,,87562,14,,,0
1600,'S2-4_1',815,,87566,10,,,0,206,,87571,14,,,0,296,,87573,19,,,0,123,,87569,14,,,0,297,,87575,19,,,0,165,,87572,14,,,0
1600,'S2-4_2',815,,87576,10,,,0,206,,87581,14,,,0,296,,87583,19,,,0,123,,87579,14,,,0,297,,87585,19,,,0,165,,87582,14,,,0
1600,'S2-4_4',815,,87586,10,,,0,206,,87591,14,,,0,296,,87593,19,,,0,123,,87589,14,,,0,297,,87595,19,,,0,165,,87592,14,,,0
1900,'S2-0_4',703,,87830,11,,,0,16,,87831,11,,,0,84,,87836,11,,,0,7,,87829,7,0,23 53,0,14,,87835,11,,,0,934,,87832,11,,,0
1900,'S2-0_5',703,,87838,11,,,0,16,,87839,11,,,0,84,,87844,11,,,0,7,,87837,7,0,23 53,0,14,,87843,11,,,0,934,,87840,11,,,0
1900,'S2-1_3',703,,87846,11,,,0,16,,87847,11,,,0,84,,87853,11,,,0,7,,87845,7,0,23 53,0,14,,87852,11,,,0,582,,87851,11,,,0,352,,87848,11,,,0
1900,'S2-4_1',703,,87855,11,,,0,16,,87856,11,,,0,84,,87861,11,,,0,7,,87854,7,0,23 53,0,14,,87860,11,,,0,934,,87857,11,,,0
1900,'S2-4_2',703,,87863,11,,,0,16,,87864,11,,,0,84,,87869,11,,,0,7,,87862,7,0,23 53,0,14,,87868,11,,,0,934,,87865,11,,,0
1900,'S2-4_4',703,,87871,11,,,0,16,,87872,11,,,0,84,,87877,11,,,0,7,,87870,7,0,23 53,0,14,,87876,11,,,0,934,,87873,11,,,0
2900900,'S2-0_4',701,,91467,5,,,0,100,,91468,5,,,0
2900900,'S2-0_5',701,,91469,5,,,0,100,,91470,5,,,0
2900900,'S2-1_3',701,,91471,5,,,0,100,,91472,5,,,0
2900900,'S2-4_1',701,,91473,5,,,0,100,,91474,5,,,0
2900900,'S2-4_2',701,,91475,5,,,0,100,,91476,5,,,0
2900900,'S2-4_4',701,,91477,5,,,0,100,,91478,5,,,0
