600,'S2-0_4',647,,86324,1,,,0,57,,86338,1,0,11 12,0,53,,86325,1,,,0,149,,86326,1,0,11 12,0,102,,86327,1,0,11 12,0,51,,86328,1,0,11 12,0,151,,86329,1,0,11 12,0,106,,86330,1,0,11 12,0,95,,86339,1,0,11 12,0,93,,86331,1,0,11 12,0,54,,86332,1,0,11 12,0,80,,86333,1,0,11 12,0,84,,86334,1,0,11 12,0,78,,86335,1,0,11 12,0,31,,86336,1,0,11 12,0,84,,86337,1,0,11 12,0
600,'S2-0_5',647,,86340,1,,,0,57,,86354,1,0,11 12,0,53,,86341,1,,,0,149,,86342,1,0,11 12,0,102,,86343,1,0,11 12,0,51,,86344,1,0,11 12,0,151,,86345,1,0,11 12,0,106,,86346,1,0,11 12,0,95,,86355,1,0,11 12,0,93,,86347,1,0,11 12,0,54,,86348,1,0,11 12,0,80,,86349,1,0,11 12,0,84,,86350,1,0,11 12,0,78,,86351,1,0,11 12,0,31,,86352,1,0,11 12,0,84,,86353,1,0,11 12,0
600,'S2-1_3',647,,86356,1,,,0,57,,86370,1,0,11 12,0,53,,86357,1,,,0,149,,86358,1,0,11 12,0,102,,86359,1,0,11 12,0,51,,86360,1,0,11 12,0,151,,86361,1,0,11 12,0,106,,86362,1,0,11 12,0,95,,86371,1,0,11 12,0,93,,86363,1,0,11 12,0,54,,86364,1,0,11 12,0,80,,86365,1,0,11 12,0,84,,86366,1,0,11 12,0,78,,86367,1,0,11 12,0,31,,86368,1,0,11 12,0,84,,86369,1,0,11 12,0
600,'S2-2_6',736,,86372,1,0,11 12,0,93,,86374,1,0,11 12,0,90,,86375,1,0,11 12,0,86,,86376,1,0,11 12,0,50,,86377,1,0,11 12,0,91,,86378,1,0,11 12,0,89,,86379,1,0,11 12,0,90,,86380,1,0,11 12,0,87,,86381,1,0,11 12,0,98,,86382,1,0,11 12,0,49,,86383,1,0,11 12,0,90,,86384,1,0,11 12,0,91,,86385,1,0,11 12,0,96,,86386,1,0,11 12,0,83,,86373,1,0,11 12,0
600,'S2-4_1',647,,86387,1,,,0,57,,86401,1,0,11 12,0,53,,86388,1,,,0,149,,86389,1,0,11 12,0,102,,86390,1,0,11 12,0,51,,86391,1,0,11 12,0,151,,86392,1,0,11 12,0,106,,86393,1,0,11 12,0,95,,86402,1,0,11 12,0,93,,86394,1,0,11 12,0,54,,86395,1,0,11 12,0,80,,86396,1,0,11 12,0,84,,86397,1,0,11 12,0,78,,86398,1,0,11 12,0,31,,86399,1,0,11 12,0,84,,86400,1,0,11 12,0
600,'S2-4_2',647,,86403,1,,,0,57,,86417,1,0,11 12,0,53,,86404,1,,,0,149,,86405,1,0,11 12,0,102,,86406,1,0,11 12,0,51,,86407,1,0,11 12,0,151,,86408,1,0,11 12,0,106,,86409,1,0,11 12,0,95,,86418,1,0,11 12,0,93,,86410,1,0,11 12,0,54,,86411,1,0,11 12,0,80,,86412,1,0,11 12,0,84,,86413,1,0,11 12,0,78,,86414,1,0,11 12,0,31,,86415,1,0,11 12,0,84,,86416,1,0,11 12,0
600,'S2-4_4',647,,86419,1,,,0,57,,86433,1,0,11 12,0,53,,86420,1,,,0,149,,86421,1,0,11 12,0,102,,86422,1,0,11 12,0,51,,86423,1,0,11 12,0,151,,86424,1,0,11 12,0,106,,86425,1,0,11 12,0,95,,86434,1,0,11 12,0,93,,86426,1,0,11 12,0,54,,86427,1,0,11 12,0,80,,86428,1,0,11 12,0,84,,86429,1,0,11 12,0,78,,86430,1,0,11 12,0,31,,86431,1,0,11 12,0,84,,86432,1,0,11 12,0
1801,'S2-0_4',652,,87778,3,0,56 2 57,0,68,,87777,3,0,56 2 57,0,25,,87779,3,0,56 2 57,0,63,,87785,3,,,0,900,,87780,3,0,56 2 57,0,30,,87781,3,0,56 2 57,0,74,,87782,3,0,56 2 57,0,31,,87783,3,0,56 2 57,0,64,,87784,3,0,56 2 57,0
1801,'S2-0_5',652,,87787,3,0,56 2 57,0,68,,87786,3,0,56 2 57,0,25,,87788,3,0,56 2 57,0,63,,87794,3,,,0,900,,87789,3,0,56 2 57,0,30,,87790,3,0,56 2 57,0,74,,87791,3,0,56 2 57,0,31,,87792,3,0,56 2 57,0,64,,87793,3,0,56 2 57,0
1801,'S2-1_3',652,,87796,3,0,56 2 57,0,68,,87795,3,0,56 2 57,0,25,,87797,3,0,56 2 57,0,63,,87798,3,0,56 2 57,0,502,,87801,3,0,56 2 57,0,428,,87799,3,0,56 2 57,0,105,,87800,3,0,56 2 57,0
1801,'S2-4_1',652,,87803,3,0,56 2 57,0,68,,87802,3,0,56 2 57,0,25,,87804,3,0,56 2 57,0,63,,87810,3,,,0,900,,87805,3,0,56 2 57,0,30,,87806,3,0,56 2 57,0,74,,87807,3,0,56 2 57,0,31,,87808,3,0,56 2 57,0,64,,87809,3,0,56 2 57,0
1801,'S2-4_2',652,,87812,3,0,56 2 57,0,68,,87811,3,0,56 2 57,0,25,,87813,3,0,56 2 57,0,63,,87819,3,,,0,900,,87814,3,0,56 2 57,0,30,,87815,3,0,56 2 57,0,74,,87816,3,0,56 2 57,0,31,,87817,3,0,56 2 57,0,64,,87818,3,0,56 2 57,0
1801,'S2-4_4',652,,87821,3,0,56 2 57,0,68,,87820,3,0,56 2 57,0,25,,87822,3,0,56 2 57,0,63,,87828,3,,,0,900,,87823,3,0,56 2 57,0,30,,87824,3,0,56 2 57,0,74,,87825,3,0,56 2 57,0,31,,87826,3,0,56 2 57,0,64,,87827,3,0,56 2 57,0
2900600,'S2-0_4',657,,91443,1,,,0,155,,91444,1,,,0
2900600,'S2-0_5',657,,91445,1,,,0,155,,91446,1,,,0
2900600,'S2-1_3',657,,91447,1,,,0,155,,91448,1,,,0
2900600,'S2-4_1',657,,91449,1,,,0,155,,91450,1,,,0
2900600,'S2-4_2',657,,91451,1,,,0,155,,91452,1,,,0
2900600,'S2-4_4',657,,91453,1,,,0,155,,91454,1,,,0
