301,'S2-0_4',718,,85473,10,,,0,22,,85447,10,,,0,74,,85474,10,,,0,33,,85448,10,,,0,70,,85449,10,,,0,31,,85450,10,,,0,72,,85451,10,,,0,32,,85452,10,,,0,73,,85453,10,,,0,33,,85454,10,,,0,72,,85455,10,,,0,71,,85456,10,,,0,33,,85457,10,,,0,72,,85458,10,,,0,30,,85459,10,,,0,70,,85460,10,,,0,27,,85461,10,,,0,67,,85462,10,,,0,31,,85463,10,,,0,70,,85464,10,,,0,30,,85465,10,,,0,70,,85466,10,,,0,26,,85467,10,,,0,24,,85468,10,,,0,64,,85469,10,,,0,29,,85470,10,,,0,68,,85471,10,,,0,30,,85472,10,,,0
301,'S2-0_5',718,,85501,10,,,0,22,,85475,10,,,0,74,,85502,10,,,0,33,,85476,10,,,0,70,,85477,10,,,0,31,,85478,10,,,0,72,,85479,10,,,0,32,,85480,10,,,0,73,,85481,10,,,0,33,,85482,10,,,0,72,,85483,10,,,0,71,,85484,10,,,0,33,,85485,10,,,0,72,,85486,10,,,0,30,,85487,10,,,0,70,,85488,10,,,0,27,,85489,10,,,0,67,,85490,10,,,0,31,,85491,10,,,0,70,,85492,10,,,0,30,,85493,10,,,0,70,,85494,10,,,0,26,,85495,10,,,0,24,,85496,10,,,0,64,,85497,10,,,0,29,,85498,10,,,0,68,,85499,10,,,0,30,,85500,10,,,0
301,'S2-1_3',718,,85529,10,,,0,22,,85503,10,,,0,74,,85530,10,,,0,33,,85504,10,,,0,70,,85505,10,,,0,31,,85506,10,,,0,72,,85507,10,,,0,32,,85508,10,,,0,73,,85509,10,,,0,33,,85510,10,,,0,72,,85511,10,,,0,71,,85512,10,,,0,33,,85513,10,,,0,72,,85514,10,,,0,30,,85515,10,,,0,70,,85516,10,,,0,27,,85517,10,,,0,67,,85518,10,,,0,31,,85519,10,,,0,70,,85520,10,,,0,30,,85521,10,,,0,70,,85522,10,,,0,26,,85523,10,,,0,24,,85524,10,,,0,64,,85525,10,,,0,29,,85526,10,,,0,68,,85527,10,,,0,30,,85528,10,,,0
301,'S2-2_6',726,,85534,10,,,0,31,,85531,10,,,0,70,,85532,10,,,0,30,,85533,10,,,0,70,,85535,10,,,0,30,,85536,10,,,0,71,,85537,10,,,0,29,,85538,10,,,0,71,,85542,10,,,0,30,,85541,10,,,0,69,,85539,10,,,0,29,,85540,10,,,0,69,,85544,10,,,0,29,,85545,10,,,0,70,,85543,10,,,0,31,,85546,10,,,0,70,,85549,10,,,0,32,,85547,10,,,0,73,,85548,10,,,0,71,,85551,10,,,0,32,,85550,10,,,0,70,,85552,10,,,0,32,,85553,10,,,0,69,,85554,10,,,0,29,,85555,10,,,0,69,,85556,10,,,0,30,,85557,10,,,0,23,,85558,10,,,0
301,'S2-3_7',759,,85580,10,,,0,72,,85575,10,,,0,72,,85581,10,,,0,32,,85576,10,,,0,72,,85582,10,,,0,33,,85577,10,,,0,73,,85583,10,,,0,33,,85578,10,,,0,73,,85584,10,,,0,33,,85559,10,,,0,67,,85560,10,,,0,27,,85561,10,,,0,66,,85562,10,,,0,28,,85563,10,,,0,67,,85564,10,,,0,29,,85565,10,,,0,68,,85585,10,,,0,26,,85566,10,,,0,72,,85567,10,,,0,34,,85568,10,,,0,68,,85569,10,,,0,28,,85570,10,,,0,25,,85571,10,,,0,66,,85572,10,,,0,27,,85573,10,,,0,67,,85579,10,,,0,25,,85574,10,,,0
301,'S2-4_1',718,,85612,10,,,0,22,,85586,10,,,0,74,,85613,10,,,0,33,,85587,10,,,0,70,,85588,10,,,0,31,,85589,10,,,0,72,,85590,10,,,0,32,,85591,10,,,0,73,,85592,10,,,0,33,,85593,10,,,0,72,,85594,10,,,0,71,,85595,10,,,0,33,,85596,10,,,0,72,,85597,10,,,0,30,,85598,10,,,0,70,,85599,10,,,0,27,,85600,10,,,0,67,,85601,10,,,0,31,,85602,10,,,0,70,,85603,10,,,0,30,,85604,10,,,0,70,,85605,10,,,0,26,,85606,10,,,0,24,,85607,10,,,0,64,,85608,10,,,0,29,,85609,10,,,0,68,,85610,10,,,0,30,,85611,10,,,0
301,'S2-4_2',718,,85640,10,,,0,22,,85614,10,,,0,74,,85641,10,,,0,33,,85615,10,,,0,70,,85616,10,,,0,31,,85617,10,,,0,72,,85618,10,,,0,32,,85619,10,,,0,73,,85620,10,,,0,33,,85621,10,,,0,72,,85622,10,,,0,71,,85623,10,,,0,33,,85624,10,,,0,72,,85625,10,,,0,30,,85626,10,,,0,70,,85627,10,,,0,27,,85628,10,,,0,67,,85629,10,,,0,31,,85630,10,,,0,70,,85631,10,,,0,30,,85632,10,,,0,70,,85633,10,,,0,26,,85634,10,,,0,24,,85635,10,,,0,64,,85636,10,,,0,29,,85637,10,,,0,68,,85638,10,,,0,30,,85639,10,,,0
301,'S2-4_4',718,,85668,10,,,0,22,,85642,10,,,0,74,,85669,10,,,0,33,,85643,10,,,0,70,,85644,10,,,0,31,,85645,10,,,0,72,,85646,10,,,0,32,,85647,10,,,0,73,,85648,10,,,0,33,,85649,10,,,0,72,,85650,10,,,0,71,,85651,10,,,0,33,,85652,10,,,0,72,,85653,10,,,0,30,,85654,10,,,0,70,,85655,10,,,0,27,,85656,10,,,0,67,,85657,10,,,0,31,,85658,10,,,0,70,,85659,10,,,0,30,,85660,10,,,0,70,,85661,10,,,0,26,,85662,10,,,0,24,,85663,10,,,0,64,,85664,10,,,0,29,,85665,10,,,0,68,,85666,10,,,0,30,,85667,10,,,0
2000001,'S2-0_4',659,,90979,25,,,0,69,,90956,25,,,0,14,,90937,19,,,0,4,,90939,25,,,0,56,,90964,25,,,0,16,,90947,25,,,0,14,,90982,25,,,0,14,,90929,25,,,0,54,,90957,25,,,0,14,,90941,25,,,0,16,,90965,25,,,0,16,,90949,25,,,0,57,,90973,25,,,0,17,,90930,25,,,0,15,,90963,25,,,0,15,,90940,25,,,0,56,,90966,25,,,0,17,,90948,25,,,0,16,,90975,25,,,0,15,,90931,25,,,0,57,,90961,25,,,0,15,,90946,25,,,0,15,,90967,25,,,0,15,,90955,25,,,0,54,,90974,25,,,0,16,,90933,25,,,0,13,,90958,25,,,0,17,,90942,25,,,0,54,,90969,25,,,0,15,,90950,25,,,0,15,,90978,25,,,0,15,,90934,25,,,0,56,,90959,25,,,0,16,,90943,25,,,0,15,,90968,25,,,0,16,,90951,25,,,0,54,,90977,25,,,0,17,,90932,25,,,0,17,,90960,25,,,0,57,,90944,25,,,0,16,,90970,25,,,0,17,,90952,25,,,0,17,,90928,25,,,0,56,,90976,25,,,0,15,,90983,25,,,0,10,,90962,25,,,0,12,,90945,25,,,0,13,,90971,25,,,0,54,,90953,25,,,0,11,,90927,25,,,0,13,,90980,25,,,0,14,,90936,25,,,0,62,,90972,25,,,0,19,,90954,25,,,0,19,,90981,25,,,0,59,,90938,25,,,0
2000001,'S2-0_5',659,,91036,25,,,0,69,,91013,25,,,0,14,,90994,19,,,0,4,,90996,25,,,0,56,,91021,25,,,0,16,,91004,25,,,0,14,,91039,25,,,0,14,,90986,25,,,0,54,,91014,25,,,0,14,,90998,25,,,0,16,,91022,25,,,0,16,,91006,25,,,0,57,,91030,25,,,0,17,,90987,25,,,0,15,,91020,25,,,0,15,,90997,25,,,0,56,,91023,25,,,0,17,,91005,25,,,0,16,,91032,25,,,0,15,,90988,25,,,0,57,,91018,25,,,0,15,,91003,25,,,0,15,,91024,25,,,0,15,,91012,25,,,0,54,,91031,25,,,0,16,,90990,25,,,0,13,,91015,25,,,0,17,,90999,25,,,0,54,,91026,25,,,0,15,,91007,25,,,0,15,,91035,25,,,0,15,,90991,25,,,0,56,,91016,25,,,0,16,,91000,25,,,0,15,,91025,25,,,0,16,,91008,25,,,0,54,,91034,25,,,0,17,,90989,25,,,0,17,,91017,25,,,0,57,,91001,25,,,0,16,,91027,25,,,0,17,,91009,25,,,0,17,,90985,25,,,0,56,,91033,25,,,0,15,,91040,25,,,0,10,,91019,25,,,0,12,,91002,25,,,0,13,,91028,25,,,0,54,,91010,25,,,0,11,,90984,25,,,0,13,,91037,25,,,0,14,,90993,25,,,0,62,,91029,25,,,0,19,,91011,25,,,0,19,,91038,25,,,0,59,,90995,25,,,0
2000001,'S2-1_3',659,,91093,25,,,0,69,,91070,25,,,0,14,,91051,19,,,0,4,,91053,25,,,0,56,,91078,25,,,0,16,,91061,25,,,0,14,,91096,25,,,0,14,,91043,25,,,0,54,,91071,25,,,0,14,,91055,25,,,0,16,,91079,25,,,0,16,,91063,25,,,0,57,,91087,25,,,0,17,,91044,25,,,0,15,,91077,25,,,0,15,,91054,25,,,0,56,,91080,25,,,0,17,,91062,25,,,0,16,,91089,25,,,0,15,,91045,25,,,0,57,,91075,25,,,0,15,,91060,25,,,0,15,,91081,25,,,0,15,,91069,25,,,0,54,,91088,25,,,0,16,,91047,25,,,0,13,,91072,25,,,0,17,,91056,25,,,0,54,,91083,25,,,0,15,,91064,25,,,0,15,,91092,25,,,0,15,,91048,25,,,0,56,,91073,25,,,0,16,,91057,25,,,0,15,,91082,25,,,0,16,,91065,25,,,0,54,,91091,25,,,0,17,,91046,25,,,0,17,,91074,25,,,0,57,,91058,25,,,0,16,,91084,25,,,0,17,,91066,25,,,0,17,,91042,25,,,0,56,,91090,25,,,0,15,,91097,25,,,0,10,,91076,25,,,0,12,,91059,25,,,0,13,,91085,25,,,0,54,,91067,25,,,0,11,,91041,25,,,0,13,,91094,25,,,0,14,,91050,25,,,0,62,,91086,25,,,0,19,,91068,25,,,0,19,,91095,25,,,0,59,,91052,25,,,0
2000001,'S2-2_6',702,,91098,25,,,0,41,,91099,25,,,0,80,,91100,25,,,0,32,,91138,25,,,0,61,,91102,25,,,0,20,,91101,25,,,0,21,,91103,25,,,0,61,,91104,25,,,0,19,,91106,25,,,0,18,,91105,25,,,0,60,,91111,25,,,0,19,,91109,25,,,0,18,,91113,25,,,0,59,,91107,25,,,0,19,,91112,25,,,0,20,,91108,25,,,0,56,,91110,25,,,0,18,,91119,25,,,0,18,,91116,25,,,0,60,,91117,25,,,0,21,,91118,25,,,0,18,,91115,25,,,0,17,,91114,25,,,0,59,,91120,25,,,0,22,,91121,25,,,0,20,,91123,25,,,0,59,,91122,25,,,0,20,,91124,25,,,0,20,,91125,25,,,0,61,,91126,25,,,0,20,,91128,25,,,0,19,,91127,25,,,0,58,,91129,25,,,0,19,,91130,25,,,0,19,,91131,25,,,0,58,,91132,25,,,0,17,,91133,25,,,0,18,,91134,25,,,0,62,,91135,25,,,0,24,,91136,25,,,0,22,,91137,25,,,0
2000001,'S2-3_7',835,,91156,25,,,0,80,,91139,25,,,0,40,,91140,25,,,0,80,,91141,25,,,0,80,,91142,25,,,0,40,,91143,25,,,0,80,,91144,25,,,0,79,,91145,25,,,0,40,,91147,25,,,0,80,,91146,25,,,0,80,,91148,25,,,0,40,,91149,25,,,0,80,,91150,25,,,0,80,,91151,25,,,0,40,,91153,25,,,0,80,,91152,25,,,0,80,,91154,25,,,0,40,,91155,25,,,0
2000001,'S2-4_1',659,,91209,25,,,0,69,,91186,25,,,0,14,,91167,19,,,0,4,,91169,25,,,0,56,,91194,25,,,0,16,,91177,25,,,0,14,,91212,25,,,0,14,,91159,25,,,0,54,,91187,25,,,0,14,,91171,25,,,0,16,,91195,25,,,0,16,,91179,25,,,0,57,,91203,25,,,0,17,,91160,25,,,0,15,,91193,25,,,0,15,,91170,25,,,0,56,,91196,25,,,0,17,,91178,25,,,0,16,,91205,25,,,0,15,,91161,25,,,0,57,,91191,25,,,0,15,,91176,25,,,0,15,,91197,25,,,0,15,,91185,25,,,0,54,,91204,25,,,0,16,,91163,25,,,0,13,,91188,25,,,0,17,,91172,25,,,0,54,,91199,25,,,0,15,,91180,25,,,0,15,,91208,25,,,0,15,,91164,25,,,0,56,,91189,25,,,0,16,,91173,25,,,0,15,,91198,25,,,0,16,,91181,25,,,0,54,,91207,25,,,0,17,,91162,25,,,0,17,,91190,25,,,0,57,,91174,25,,,0,16,,91200,25,,,0,17,,91182,25,,,0,17,,91158,25,,,0,56,,91206,25,,,0,15,,91213,25,,,0,10,,91192,25,,,0,12,,91175,25,,,0,13,,91201,25,,,0,54,,91183,25,,,0,11,,91157,25,,,0,13,,91210,25,,,0,14,,91166,25,,,0,62,,91202,25,,,0,19,,91184,25,,,0,19,,91211,25,,,0,59,,91168,25,,,0
2000001,'S2-4_2',659,,91266,25,,,0,69,,91243,25,,,0,14,,91224,19,,,0,4,,91226,25,,,0,56,,91251,25,,,0,16,,91234,25,,,0,14,,91269,25,,,0,14,,91216,25,,,0,54,,91244,25,,,0,14,,91228,25,,,0,16,,91252,25,,,0,16,,91236,25,,,0,57,,91260,25,,,0,17,,91217,25,,,0,15,,91250,25,,,0,15,,91227,25,,,0,56,,91253,25,,,0,17,,91235,25,,,0,16,,91262,25,,,0,15,,91218,25,,,0,57,,91248,25,,,0,15,,91233,25,,,0,15,,91254,25,,,0,15,,91242,25,,,0,54,,91261,25,,,0,16,,91220,25,,,0,13,,91245,25,,,0,17,,91229,25,,,0,54,,91256,25,,,0,15,,91237,25,,,0,15,,91265,25,,,0,15,,91221,25,,,0,56,,91246,25,,,0,16,,91230,25,,,0,15,,91255,25,,,0,16,,91238,25,,,0,54,,91264,25,,,0,17,,91219,25,,,0,17,,91247,25,,,0,57,,91231,25,,,0,16,,91257,25,,,0,17,,91239,25,,,0,17,,91215,25,,,0,56,,91263,25,,,0,15,,91270,25,,,0,10,,91249,25,,,0,12,,91232,25,,,0,13,,91258,25,,,0,54,,91240,25,,,0,11,,91214,25,,,0,13,,91267,25,,,0,14,,91223,25,,,0,62,,91259,25,,,0,19,,91241,25,,,0,19,,91268,25,,,0,59,,91225,25,,,0
2000001,'S2-4_4',659,,91323,25,,,0,69,,91300,25,,,0,14,,91281,19,,,0,4,,91283,25,,,0,56,,91308,25,,,0,16,,91291,25,,,0,14,,91326,25,,,0,14,,91273,25,,,0,54,,91301,25,,,0,14,,91285,25,,,0,16,,91309,25,,,0,16,,91293,25,,,0,57,,91317,25,,,0,17,,91274,25,,,0,15,,91307,25,,,0,15,,91284,25,,,0,56,,91310,25,,,0,17,,91292,25,,,0,16,,91319,25,,,0,15,,91275,25,,,0,57,,91305,25,,,0,15,,91290,25,,,0,15,,91311,25,,,0,15,,91299,25,,,0,54,,91318,25,,,0,16,,91277,25,,,0,13,,91302,25,,,0,17,,91286,25,,,0,54,,91313,25,,,0,15,,91294,25,,,0,15,,91322,25,,,0,15,,91278,25,,,0,56,,91303,25,,,0,16,,91287,25,,,0,15,,91312,25,,,0,16,,91295,25,,,0,54,,91321,25,,,0,17,,91276,25,,,0,17,,91304,25,,,0,57,,91288,25,,,0,16,,91314,25,,,0,17,,91296,25,,,0,17,,91272,25,,,0,56,,91320,25,,,0,15,,91327,25,,,0,10,,91306,25,,,0,12,,91289,25,,,0,13,,91315,25,,,0,54,,91297,25,,,0,11,,91271,25,,,0,13,,91324,25,,,0,14,,91280,25,,,0,62,,91316,25,,,0,19,,91298,25,,,0,19,,91325,25,,,0,59,,91282,25,,,0
