400,'S2-0_4',935,,85675,12,0,40,0,303,,85696,12,0,40,0,164,,85684,12,0,40,0,104,,85685,12,0,40,0,125,,85686,12,0,40,0,119,,85688,12,0,40,0,164,,85691,12,0,40,0
400,'S2-0_5',935,,85709,12,0,40,0,303,,85730,12,0,40,0,164,,85718,12,0,40,0,104,,85719,12,0,40,0,125,,85720,12,0,40,0,119,,85722,12,0,40,0,164,,85725,12,0,40,0
400,'S2-1_3',935,,85743,12,0,40,0,303,,85763,12,0,40,0,164,,85752,12,0,40,0,104,,85753,12,0,40,0,125,,85754,12,0,40,0,119,,85756,12,0,40,0,164,,85759,12,0,40,0
400,'S2-2_6',835,,85771,12,0,40,0,199,,85772,12,0,40,0,200,,85773,12,0,40,0,200,,85774,12,0,40,0,203,,85775,12,0,40,0,209,,85776,12,0,40,0
400,'S2-3_7',815,,85795,12,0,40,0,125,,85796,12,0,40,0,165,,85797,12,0,40,0,200,,85798,12,0,40,0,126,,85799,12,0,40,0,125,,85800,12,0,40,0,166,,85801,12,0,40,0,125,,85802,12,0,40,0
400,'S2-4_1',935,,85808,12,0,40,0,303,,85829,12,0,40,0,164,,85817,12,0,40,0,104,,85818,12,0,40,0,125,,85819,12,0,40,0,119,,85821,12,0,40,0,164,,85824,12,0,40,0
400,'S2-4_2',935,,85842,12,0,40,0,303,,85863,12,0,40,0,164,,85851,12,0,40,0,104,,85852,12,0,40,0,125,,85853,12,0,40,0,119,,85855,12,0,40,0,164,,85858,12,0,40,0
400,'S2-4_4',935,,85876,12,0,40,0,303,,85897,12,0,40,0,164,,85885,12,0,40,0,104,,85886,12,0,40,0,125,,85887,12,0,40,0,119,,85889,12,0,40,0,164,,85892,12,0,40,0
401,'S2-0_4',841,,85930,51,,,0,296,,85932,49,,,0,118,,85931,51,,,0,101,,85933,49,,,0,180,,85934,49,,,0,274,,85929,52,,,0,145,,85935,49,,,0
401,'S2-0_5',841,,85962,51,,,0,296,,85964,49,,,0,118,,85963,51,,,0,101,,85965,49,,,0,180,,85966,49,,,0,274,,85961,52,,,0,145,,85967,49,,,0
401,'S2-1_3',841,,85994,51,,,0,296,,85996,49,,,0,118,,85995,51,,,0,101,,85997,49,,,0,180,,85998,49,,,0,274,,85993,52,,,0,145,,85999,49,,,0
401,'S2-2_6',741,,86001,49,,,0,189,,86002,49,,,0,202,,86003,49,,,0,201,,86004,49,,,0,199,,86005,49,,,0,206,,86006,49,,,0,272,,86007,49,,,0
401,'S2-3_7',1010,,86025,49,,,0,125,,86026,49,,,0,166,,86027,49,,,0,200,,86028,49,,,0,125,,86029,49,,,0,125,,86030,49,,,0,165,,86031,49,,,0
401,'S2-4_1',841,,86057,51,,,0,296,,86059,49,,,0,118,,86058,51,,,0,101,,86060,49,,,0,180,,86061,49,,,0,274,,86056,52,,,0,145,,86062,49,,,0
401,'S2-4_2',841,,86089,51,,,0,296,,86091,49,,,0,118,,86090,51,,,0,101,,86092,49,,,0,180,,86093,49,,,0,274,,86088,52,,,0,145,,86094,49,,,0
401,'S2-4_4',841,,86121,51,,,0,296,,86123,49,,,0,118,,86122,51,,,0,101,,86124,49,,,0,180,,86125,49,,,0,274,,86120,52,,,0,145,,86126,49,,,0
500,'S2-0_4',654,,86139,4,,,0,61,,86140,18,,,0,41,,86141,4,,,0,76,,86128,18,,,0,104,,86129,18,,,0,100,,86130,18,,,0,105,,86131,18,,,0,101,,86132,18,,,0,84,,86133,18,,,0,94,,86134,18,,,0,100,,86135,18,,,0,102,,86136,18,,,0,106,,86137,18,,,0,103,,86142,18,,,0,99,,86138,18,,,0
500,'S2-0_5',654,,86154,4,,,0,61,,86155,18,,,0,41,,86156,4,,,0,76,,86143,18,,,0,104,,86144,18,,,0,100,,86145,18,,,0,105,,86146,18,,,0,101,,86147,18,,,0,84,,86148,18,,,0,94,,86149,18,,,0,100,,86150,18,,,0,102,,86151,18,,,0,106,,86152,18,,,0,103,,86157,18,,,0,99,,86153,18,,,0
500,'S2-1_3',654,,86169,4,,,0,61,,86170,18,,,0,41,,86171,4,,,0,76,,86158,18,,,0,104,,86159,18,,,0,100,,86160,18,,,0,105,,86161,18,,,0,101,,86162,18,,,0,84,,86163,18,,,0,94,,86164,18,,,0,100,,86165,18,,,0,102,,86166,18,,,0,106,,86167,18,,,0,103,,86172,18,,,0,99,,86168,18,,,0
500,'S2-2_6',730,,86184,18,,,0,98,,86173,18,,,0,100,,86174,18,,,0,100,,86175,18,,,0,100,,86176,18,,,0,96,,86177,18,,,0,98,,86178,18,,,0,100,,86179,18,,,0,100,,86180,18,,,0,100,,86181,18,,,0,100,,86182,18,,,0,193,,86183,18,,,0
500,'S2-4_1',654,,86196,4,,,0,61,,86197,18,,,0,41,,86198,4,,,0,76,,86185,18,,,0,104,,86186,18,,,0,100,,86187,18,,,0,105,,86188,18,,,0,101,,86189,18,,,0,84,,86190,18,,,0,94,,86191,18,,,0,100,,86192,18,,,0,102,,86193,18,,,0,106,,86194,18,,,0,103,,86199,18,,,0,99,,86195,18,,,0
500,'S2-4_2',654,,86211,4,,,0,61,,86212,18,,,0,41,,86213,4,,,0,76,,86200,18,,,0,104,,86201,18,,,0,100,,86202,18,,,0,105,,86203,18,,,0,101,,86204,18,,,0,84,,86205,18,,,0,94,,86206,18,,,0,100,,86207,18,,,0,102,,86208,18,,,0,106,,86209,18,,,0,103,,86214,18,,,0,99,,86210,18,,,0
500,'S2-4_4',654,,86226,4,,,0,61,,86227,18,,,0,41,,86228,4,,,0,76,,86215,18,,,0,104,,86216,18,,,0,100,,86217,18,,,0,105,,86218,18,,,0,101,,86219,18,,,0,84,,86220,18,,,0,94,,86221,18,,,0,100,,86222,18,,,0,102,,86223,18,,,0,106,,86224,18,,,0,103,,86229,18,,,0,99,,86225,18,,,0
