401,'S2-0_4',1331,,85905,4,0,41,0
401,'S2-0_5',1331,,85937,4,0,41,0
401,'S2-1_3',1331,,85969,4,0,41,0
401,'S2-4_1',1331,,86032,4,0,41,0
401,'S2-4_2',1331,,86064,4,0,41,0
401,'S2-4_4',1331,,86096,4,0,41,0
2301,'S2-0_4',706,,88101,4,,,0
2301,'S2-0_5',706,,88104,4,,,0
2301,'S2-1_3',706,,88107,4,,,0
2301,'S2-4_1',706,,88110,4,,,0
2301,'S2-4_2',706,,88113,4,,,0
2301,'S2-4_4',706,,88116,4,,,0
2900401,'S2-0_4',652,,91406,4,,,0,165,,91407,4,,,0
2900401,'S2-0_5',652,,91408,4,,,0,165,,91409,4,,,0
2900401,'S2-1_3',652,,91410,4,,,0,165,,91411,4,,,0
2900401,'S2-4_1',652,,91412,4,,,0,165,,91413,4,,,0
2900401,'S2-4_2',652,,91414,4,,,0,165,,91415,4,,,0
2900401,'S2-4_4',652,,91416,4,,,0,165,,91417,4,,,0
