100,'S2-0_4',705,,84206,6,0,61 8,0,31,,84197,6,,,0,75,,84207,6,0,9 10,0,38,,84198,6,0,61 8,0,156,,84199,6,0,61 8,0,117,,84200,6,0,61 8,0,116,,84201,6,0,61 8,0,89,,84202,6,0,61 8,0,114,,84203,6,0,61 8,0,99,,84208,6,0,61 8,0,102,,84204,6,0,61 8,0,85,,84205,6,0,61 8,0,82,,84195,6,,,0,111,,84196,6,,,0
100,'S2-0_5',705,,84241,6,0,61 8,0,31,,84232,6,,,0,75,,84242,6,0,9 10,0,38,,84233,6,0,61 8,0,156,,84234,6,0,61 8,0,117,,84235,6,0,61 8,0,116,,84236,6,0,61 8,0,89,,84237,6,0,61 8,0,114,,84238,6,0,61 8,0,99,,84243,6,0,61 8,0,102,,84239,6,0,61 8,0,85,,84240,6,0,61 8,0,82,,84230,6,,,0,111,,84231,6,,,0
100,'S2-1_3',705,,84276,6,0,61 8,0,31,,84267,6,,,0,75,,84277,6,0,9 10,0,38,,84268,6,0,61 8,0,156,,84269,6,0,61 8,0,117,,84270,6,0,61 8,0,116,,84271,6,0,61 8,0,89,,84272,6,0,61 8,0,114,,84273,6,0,61 8,0,99,,84278,6,0,61 8,0,102,,84274,6,0,61 8,0,85,,84275,6,0,61 8,0,82,,84265,6,,,0,111,,84266,6,,,0
100,'S2-2_6',655,,84300,6,0,61 8,0,202,,84301,6,0,61 8,0,99,,84302,6,0,61 8,0,102,,84303,6,0,61 8,0,100,,84304,6,0,61 8,0,100,,84305,6,0,61 8,0,99,,84306,6,0,61 8,0,100,,84307,6,0,61 8,0,101,,84308,6,0,61 8,0,144,,84309,6,0,61 8,0,99,,84310,6,0,61 8,0,101,,84311,6,0,61 8,0
100,'S2-3_7',1008,,84328,6,0,61 8,0,210,,84329,6,0,61 8,0,190,,84330,6,0,61 8,0,209,,84331,6,0,61 8,0,212,,84332,6,0,61 8,0
100,'S2-4_1',705,,84344,6,0,61 8,0,31,,84335,6,,,0,75,,84345,6,0,9 10,0,38,,84336,6,0,61 8,0,156,,84337,6,0,61 8,0,117,,84338,6,0,61 8,0,116,,84339,6,0,61 8,0,89,,84340,6,0,61 8,0,114,,84341,6,0,61 8,0,99,,84346,6,0,61 8,0,102,,84342,6,0,61 8,0,85,,84343,6,0,61 8,0,82,,84333,6,,,0,111,,84334,6,,,0
100,'S2-4_2',705,,84379,6,0,61 8,0,31,,84370,6,,,0,75,,84380,6,0,9 10,0,38,,84371,6,0,61 8,0,156,,84372,6,0,61 8,0,117,,84373,6,0,61 8,0,116,,84374,6,0,61 8,0,89,,84375,6,0,61 8,0,114,,84376,6,0,61 8,0,99,,84381,6,0,61 8,0,102,,84377,6,0,61 8,0,85,,84378,6,0,61 8,0,82,,84368,6,,,0,111,,84369,6,,,0
100,'S2-4_4',705,,84414,6,0,61 8,0,31,,84405,6,,,0,75,,84415,6,0,9 10,0,38,,84406,6,0,61 8,0,156,,84407,6,0,61 8,0,117,,84408,6,0,61 8,0,116,,84409,6,0,61 8,0,89,,84410,6,0,61 8,0,114,,84411,6,0,61 8,0,99,,84416,6,0,61 8,0,102,,84412,6,0,61 8,0,85,,84413,6,0,61 8,0,82,,84403,6,,,0,111,,84404,6,,,0
800,'S2-0_4',700,,86712,11,,,0,33,,86713,11,,,0,67,,86714,11,,,0,31,,86715,11,,,0,80,,86716,11,,,0,110,,86717,11,,,0,117,,86718,11,,,0,111,,86719,11,,,0,110,,86720,11,,,0,152,,86722,11,,,0,110,,86721,11,,,0
800,'S2-0_5',700,,86723,11,,,0,33,,86724,11,,,0,67,,86725,11,,,0,31,,86726,11,,,0,80,,86727,11,,,0,110,,86728,11,,,0,117,,86729,11,,,0,111,,86730,11,,,0,110,,86731,11,,,0,152,,86733,11,,,0,110,,86732,11,,,0
800,'S2-1_3',700,,86734,11,,,0,33,,86735,11,,,0,67,,86736,11,,,0,31,,86737,11,,,0,80,,86738,11,,,0,110,,86739,11,,,0,117,,86740,11,,,0,111,,86741,11,,,0,110,,86742,11,,,0,152,,86744,11,,,0,110,,86743,11,,,0
800,'S2-4_1',700,,86745,11,,,0,33,,86746,11,,,0,67,,86747,11,,,0,31,,86748,11,,,0,80,,86749,11,,,0,110,,86750,11,,,0,117,,86751,11,,,0,111,,86752,11,,,0,110,,86753,11,,,0,152,,86755,11,,,0,110,,86754,11,,,0
800,'S2-4_2',700,,86756,11,,,0,33,,86757,11,,,0,67,,86758,11,,,0,31,,86759,11,,,0,80,,86760,11,,,0,110,,86761,11,,,0,117,,86762,11,,,0,111,,86763,11,,,0,110,,86764,11,,,0,152,,86766,11,,,0,110,,86765,11,,,0
800,'S2-4_4',700,,86767,11,,,0,33,,86768,11,,,0,67,,86769,11,,,0,31,,86770,11,,,0,80,,86771,11,,,0,110,,86772,11,,,0,117,,86773,11,,,0,111,,86774,11,,,0,110,,86775,11,,,0,152,,86777,11,,,0,110,,86776,11,,,0
2200,'S2-0_4',703,,88004,7,0,11 15 16,0,20,,88010,7,0,17,0,102,,88005,7,0,11 15 16,0,513,,88007,7,0,42,0,305,,88008,7,0,42,0,63,,88006,7,0,11 15 16,0,37,,88009,7,0,42,0
2200,'S2-0_5',703,,88011,7,0,11 15 16,0,20,,88017,7,0,17,0,102,,88012,7,0,11 15 16,0,513,,88014,7,0,42,0,305,,88015,7,0,42,0,63,,88013,7,0,11 15 16,0,37,,88016,7,0,42,0
2200,'S2-1_3',703,,88018,7,0,11 15 16,0,20,,88022,7,0,17,0,102,,88019,7,0,11 15 16,0,513,,88021,7,0,42,0,368,,88020,7,0,11 15 16,0
2200,'S2-4_1',703,,88023,7,0,11 15 16,0,20,,88029,7,0,17,0,102,,88024,7,0,11 15 16,0,513,,88026,7,0,42,0,305,,88027,7,0,42,0,63,,88025,7,0,11 15 16,0,37,,88028,7,0,42,0
2200,'S2-4_2',703,,88030,7,0,11 15 16,0,20,,88036,7,0,17,0,102,,88031,7,0,11 15 16,0,513,,88033,7,0,42,0,305,,88034,7,0,42,0,63,,88032,7,0,11 15 16,0,37,,88035,7,0,42,0
2200,'S2-4_4',703,,88037,7,0,11 15 16,0,20,,88043,7,0,17,0,102,,88038,7,0,11 15 16,0,513,,88040,7,0,42,0,305,,88041,7,0,42,0,63,,88039,7,0,11 15 16,0,37,,88042,7,0,42,0
