201,'S2-0_4',715,,84946,20,0,20,0,29,,84984,20,0,21,0,57,,84968,8,0,62,0,13,,84949,20,0,21,0,15,,84947,8,0,20,0,20,,84969,20,0,62,0,67,,84950,20,0,21,0,28,,84960,20,0,20,0,81,,84954,20,0,21,0,26,,84961,20,0,62,0,83,,84955,20,0,21,0,74,,84962,20,0,62,0,41,,84951,20,0,20,0,75,,84970,20,0,21,0,20,,84983,20,0,62,0,65,,84963,20,0,21,0,30,,84948,20,0,20,0,65,,84971,20,0,21,0,25,,84952,20,0,62,0,74,,84964,20,0,21,0,39,,84978,20,0,62,0,59,,84972,8,0,21,0,15,,84965,8,0,62,0,13,,84973,20,0,21,0,13,,84953,20,0,62,0,15,,84974,8,0,21,0,56,,84976,8,0,62,0,16,,84975,8,0,21,0,16,,84966,20,0,62,0,60,,84957,20,0,21,0,25,,84967,20,0,62,0,21,,84958,20,0,21,0
201,'S2-0_5',715,,84985,20,0,20,0,29,,85023,20,0,21,0,57,,85007,8,0,62,0,13,,84988,20,0,21,0,15,,84986,8,0,20,0,20,,85008,20,0,62,0,67,,84989,20,0,21,0,28,,84999,20,0,20,0,81,,84993,20,0,21,0,26,,85000,20,0,62,0,83,,84994,20,0,21,0,74,,85001,20,0,62,0,41,,84990,20,0,20,0,75,,85009,20,0,21,0,20,,85022,20,0,62,0,65,,85002,20,0,21,0,30,,84987,20,0,20,0,65,,85010,20,0,21,0,25,,84991,20,0,62,0,74,,85003,20,0,21,0,39,,85017,20,0,62,0,59,,85011,8,0,21,0,15,,85004,8,0,62,0,13,,85012,20,0,21,0,13,,84992,20,0,62,0,15,,85013,8,0,21,0,56,,85015,8,0,62,0,16,,85014,8,0,21,0,16,,85005,20,0,62,0,60,,84996,20,0,21,0,25,,85006,20,0,62,0,21,,84997,20,0,21,0
201,'S2-1_3',715,,85024,20,0,20,0,29,,85063,20,0,21,0,57,,85046,8,0,62,0,13,,85027,20,0,21,0,15,,85025,8,0,20,0,20,,85047,20,0,62,0,67,,85028,20,0,21,0,28,,85038,20,0,20,0,81,,85032,20,0,21,0,26,,85039,20,0,62,0,83,,85033,20,0,21,0,74,,85040,20,0,62,0,41,,85029,20,0,20,0,75,,85048,20,0,21,0,20,,85062,20,0,62,0,65,,85041,20,0,21,0,30,,85026,20,0,20,0,65,,85049,20,0,21,0,25,,85030,20,0,62,0,74,,85042,20,0,21,0,39,,85056,20,0,62,0,59,,85050,8,0,21,0,15,,85043,8,0,62,0,13,,85051,20,0,21,0,13,,85031,20,0,62,0,15,,85052,8,0,21,0,56,,85054,8,0,62,0,16,,85053,8,0,21,0,16,,85044,20,0,62,0,60,,85035,20,0,21,0,25,,85045,20,0,62,0,21,,85036,20,0,21,0
201,'S2-2_6',716,,85064,20,0,20,0,5,,85088,20,0,62,0,25,,85076,8,0,21,0,69,,85065,20,0,21,0,25,,85077,8,0,62,0,66,,85089,20,0,20,0,25,,85066,20,0,20,0,20,,85078,8,0,21,0,55,,85090,20,0,62,0,31,,85067,20,0,20,0,19,,85079,8,0,21,0,60,,85091,20,0,64,0,25,,85068,20,0,20,0,60,,85080,8,0,62,0,20,,85092,20,0,21,0,30,,85069,20,0,21,0,58,,85081,8,0,62,0,20,,85093,20,0,20,0,25,,85070,20,0,21,0,57,,85082,8,0,62,0,25,,85094,20,0,20,0,65,,85071,20,0,62,0,18,,85083,8,0,21,0,22,,85095,20,0,20,0,62,,85072,20,0,62,0,16,,85084,8,0,21,0,24,,85096,20,0,20,0,64,,85073,20,0,21,0,18,,85085,8,0,62,0,20,,85097,20,0,20,0,65,,85074,20,0,21,0,21,,85086,8,0,20,0,20,,85098,20,0,62,0,60,,85075,20,0,21,0,15,,85087,8,0,62,0,15,,85099,20,0,21,0
201,'S2-3_7',841,,85100,8,0,21,0,165,,85101,8,0,21,0,125,,85102,8,0,21,0,125,,85103,8,0,21,0,150,,85104,8,0,21,0,125,,85105,8,0,21,0,125,,85106,8,0,21,0,165,,85107,8,0,21,0
201,'S2-4_1',715,,85108,20,0,20,0,29,,85146,20,0,21,0,57,,85130,8,0,62,0,13,,85111,20,0,21,0,15,,85109,8,0,20,0,20,,85131,20,0,62,0,67,,85112,20,0,21,0,28,,85122,20,0,20,0,81,,85116,20,0,21,0,26,,85123,20,0,62,0,83,,85117,20,0,21,0,74,,85124,20,0,62,0,41,,85113,20,0,20,0,75,,85132,20,0,21,0,20,,85145,20,0,62,0,65,,85125,20,0,21,0,30,,85110,20,0,20,0,65,,85133,20,0,21,0,25,,85114,20,0,62,0,74,,85126,20,0,21,0,39,,85140,20,0,62,0,59,,85134,8,0,21,0,15,,85127,8,0,62,0,13,,85135,20,0,21,0,13,,85115,20,0,62,0,15,,85136,8,0,21,0,56,,85138,8,0,62,0,16,,85137,8,0,21,0,16,,85128,20,0,62,0,60,,85119,20,0,21,0,25,,85129,20,0,62,0,21,,85120,20,0,21,0
201,'S2-4_2',715,,85147,20,0,20,0,29,,85185,20,0,21,0,57,,85169,8,0,62,0,13,,85150,20,0,21,0,15,,85148,8,0,20,0,20,,85170,20,0,62,0,67,,85151,20,0,21,0,28,,85161,20,0,20,0,81,,85155,20,0,21,0,26,,85162,20,0,62,0,83,,85156,20,0,21,0,74,,85163,20,0,62,0,41,,85152,20,0,20,0,75,,85171,20,0,21,0,20,,85184,20,0,62,0,65,,85164,20,0,21,0,30,,85149,20,0,20,0,65,,85172,20,0,21,0,25,,85153,20,0,62,0,74,,85165,20,0,21,0,39,,85179,20,0,62,0,59,,85173,8,0,21,0,15,,85166,8,0,62,0,13,,85174,20,0,21,0,13,,85154,20,0,62,0,15,,85175,8,0,21,0,56,,85177,8,0,62,0,16,,85176,8,0,21,0,16,,85167,20,0,62,0,60,,85158,20,0,21,0,25,,85168,20,0,62,0,21,,85159,20,0,21,0
201,'S2-4_4',715,,85186,20,0,20,0,29,,85224,20,0,21,0,57,,85208,8,0,62,0,13,,85189,20,0,21,0,15,,85187,8,0,20,0,20,,85209,20,0,62,0,67,,85190,20,0,21,0,28,,85200,20,0,20,0,81,,85194,20,0,21,0,26,,85201,20,0,62,0,83,,85195,20,0,21,0,74,,85202,20,0,62,0,41,,85191,20,0,20,0,75,,85210,20,0,21,0,20,,85223,20,0,62,0,65,,85203,20,0,21,0,30,,85188,20,0,20,0,65,,85211,20,0,21,0,25,,85192,20,0,62,0,74,,85204,20,0,21,0,39,,85218,20,0,62,0,59,,85212,8,0,21,0,15,,85205,8,0,62,0,13,,85213,20,0,21,0,13,,85193,20,0,62,0,15,,85214,8,0,21,0,56,,85216,8,0,62,0,16,,85215,8,0,21,0,16,,85206,20,0,62,0,60,,85197,20,0,21,0,25,,85207,20,0,62,0,21,,85198,20,0,21,0
701,'S2-0_4',716,,86635,14,,,0,110,,86636,14,,,0,110,,86637,14,,,0,110,,86638,14,,,0,111,,86639,14,,,0,150,,86640,14,,,0,109,,86641,14,,,0,110,,86642,14,,,0,110,,86643,14,,,0,110,,86644,14,,,0,111,,86645,14,,,0
701,'S2-0_5',716,,86646,14,,,0,110,,86647,14,,,0,110,,86648,14,,,0,110,,86649,14,,,0,111,,86650,14,,,0,150,,86651,14,,,0,109,,86652,14,,,0,110,,86653,14,,,0,110,,86654,14,,,0,110,,86655,14,,,0,111,,86656,14,,,0
701,'S2-1_3',716,,86657,14,,,0,110,,86658,14,,,0,110,,86659,14,,,0,110,,86660,14,,,0,111,,86661,14,,,0,150,,86662,14,,,0,109,,86663,14,,,0,110,,86664,14,,,0,110,,86665,14,,,0,110,,86666,14,,,0,111,,86667,14,,,0
701,'S2-2_6',716,,86670,14,,,0,110,,86671,14,,,0,111,,86672,14,,,0,110,,86673,14,,,0,110,,86674,14,,,0,150,,86675,14,,,0,109,,86676,14,,,0,111,,86677,14,,,0,110,,86678,14,,,0,110,,86668,14,,,0,110,,86669,14,,,0
701,'S2-4_1',716,,86679,14,,,0,110,,86680,14,,,0,110,,86681,14,,,0,110,,86682,14,,,0,111,,86683,14,,,0,150,,86684,14,,,0,109,,86685,14,,,0,110,,86686,14,,,0,110,,86687,14,,,0,110,,86688,14,,,0,111,,86689,14,,,0
701,'S2-4_2',716,,86690,14,,,0,110,,86691,14,,,0,110,,86692,14,,,0,110,,86693,14,,,0,111,,86694,14,,,0,150,,86695,14,,,0,109,,86696,14,,,0,110,,86697,14,,,0,110,,86698,14,,,0,110,,86699,14,,,0,111,,86700,14,,,0
701,'S2-4_4',716,,86701,14,,,0,110,,86702,14,,,0,110,,86703,14,,,0,110,,86704,14,,,0,111,,86705,14,,,0,150,,86706,14,,,0,109,,86707,14,,,0,110,,86708,14,,,0,110,,86709,14,,,0,110,,86710,14,,,0,111,,86711,14,,,0
1501,'S2-0_4',714,,87436,22,,,0,19,,87437,22,,,0,94,,87438,22,,,0,21,,87439,22,,,0,158,,87440,22,,,0,116,,87441,22,,,0,117,,87442,22,,,0,95,,87443,22,,,0,118,,87444,22,,,0,99,,87435,10,,,0,167,,87445,22,,,0,107,,87446,22,,,0,93,,87447,22,,,0
1501,'S2-0_5',714,,87449,22,,,0,19,,87450,22,,,0,94,,87451,22,,,0,21,,87452,22,,,0,158,,87453,22,,,0,116,,87454,22,,,0,117,,87455,22,,,0,95,,87456,22,,,0,118,,87457,22,,,0,99,,87448,10,,,0,167,,87458,22,,,0,107,,87459,22,,,0,93,,87460,22,,,0
1501,'S2-1_3',714,,87462,22,,,0,19,,87463,22,,,0,94,,87464,22,,,0,21,,87465,22,,,0,158,,87466,22,,,0,116,,87467,22,,,0,117,,87468,22,,,0,95,,87469,22,,,0,118,,87470,22,,,0,99,,87461,10,,,0,167,,87471,22,,,0,107,,87472,22,,,0,93,,87473,22,,,0
1501,'S2-2_6',714,,87475,22,,,0,19,,87476,22,,,0,94,,87477,22,,,0,21,,87478,22,,,0,158,,87479,22,,,0,116,,87480,22,,,0,117,,87481,22,,,0,95,,87482,22,,,0,118,,87483,22,,,0,99,,87474,10,,,0,167,,87484,22,,,0,107,,87485,22,,,0,93,,87486,22,,,0
1501,'S2-4_1',714,,87488,22,,,0,19,,87489,22,,,0,94,,87490,22,,,0,21,,87491,22,,,0,158,,87492,22,,,0,116,,87493,22,,,0,117,,87494,22,,,0,95,,87495,22,,,0,118,,87496,22,,,0,99,,87487,10,,,0,167,,87497,22,,,0,107,,87498,22,,,0,93,,87499,22,,,0
1501,'S2-4_2',714,,87501,22,,,0,19,,87502,22,,,0,94,,87503,22,,,0,21,,87504,22,,,0,158,,87505,22,,,0,116,,87506,22,,,0,117,,87507,22,,,0,95,,87508,22,,,0,118,,87509,22,,,0,99,,87500,10,,,0,167,,87510,22,,,0,107,,87511,22,,,0,93,,87512,22,,,0
1501,'S2-4_4',714,,87514,22,,,0,19,,87515,22,,,0,94,,87516,22,,,0,21,,87517,22,,,0,158,,87518,22,,,0,116,,87519,22,,,0,117,,87520,22,,,0,95,,87521,22,,,0,118,,87522,22,,,0,99,,87513,10,,,0,167,,87523,22,,,0,107,,87524,22,,,0,93,,87525,22,,,0
2001,'S2-0_4',718,,87948,18,,,0,121,,87949,18,,,0,79,,87950,18,,,0,894,,87951,18,,,0
2001,'S2-0_5',718,,87952,18,,,0,121,,87953,18,,,0,79,,87954,18,,,0,894,,87955,18,,,0
2001,'S2-1_3',718,,87956,18,,,0,121,,87957,18,,,0,79,,87958,18,,,0,486,,87960,18,,,0,408,,87959,18,,,0
2001,'S2-4_1',718,,87961,18,,,0,121,,87962,18,,,0,79,,87963,18,,,0,894,,87964,18,,,0
2001,'S2-4_2',718,,87965,18,,,0,121,,87966,18,,,0,79,,87967,18,,,0,894,,87968,18,,,0
2001,'S2-4_4',718,,87969,18,,,0,121,,87970,18,,,0,79,,87971,18,,,0,894,,87972,18,,,0
900501,'S2-4_4',2106,,88967,6,,,0,40,,88968,6,,,0,90,,88969,6,,,0,90,,88970,6,,,0,90,,88971,6,,,0,88,,88972,6,,,0,30,,88973,6,,,0,70,,88974,6,,,0
1000001,'S2-0_4',538,,89913,8,,,0,20,,89914,8,,,0,60,,89915,8,,,0,20,,89916,8,,,0,20,,89917,8,,,0,50,,89997,8,,,0,9,,89998,8,,,0,9,,89948,14,,,0,10,,89949,14,,,0,10,,89950,14,,,0,12,,89951,14,,,0,50,,89952,14,,,0,9,,89953,14,,,0,9,,89954,14,,,0,10,,89955,14,,,0,10,,89956,14,,,0,10,,89957,14,,,0,51,,89958,14,,,0,11,,89959,14,,,0,11,,89918,8,,,0,11,,89919,14,,,0,10,,89920,8,,,0,50,,89921,14,,,0,11,,89922,8,,,0,11,,89960,14,,,0,11,,89923,8,,,0,10,,89924,14,,,0,10,,89925,8,,,0,51,,89926,14,,,0,10,,89927,8,,,0,11,,89961,14,,,0,11,,89928,8,,,0,11,,89929,14,,,0,9,,89930,8,,,0,49,,89931,14,,,0,9,,89962,8,,,0,11,,89963,14,,,0,10,,89964,8,,,0,11,,89965,14,,,0,10,,89966,8,,,0,50,,89967,14,,,0,10,,89968,8,,,0,8,,89969,14,,,0,10,,89970,8,,,0,10,,89971,14,,,0,10,,89972,8,,,0,50,,89973,14,,,0,10,,89974,8,,,0,10,,89932,14,,,0,10,,89933,8,,,0,9,,89975,14,,,0,10,,89934,8,,,0,49,,89935,14,,,0,11,,89936,8,,,0,11,,89976,14,,,0,11,,89937,8,,,0,11,,89938,14,,,0,11,,89939,8,,,0,50,,89940,14,,,0,9,,89941,14,,,0,10,,89977,14,,,0,10,,89978,14,,,0,9,,89979,14,,,0,10,,89980,14,,,0,51,,89981,14,,,0,11,,89982,14,,,0,10,,89983,14,,,0,11,,89984,14,,,0,10,,89985,14,,,0,10,,89986,14,,,0,50,,89987,14,,,0,9,,89988,14,,,0,9,,89989,14,,,0,10,,89990,14,,,0,9,,89991,14,,,0,10,,89992,8,,,0,50,,89993,14,,,0,10,,89994,8,,,0,13,,89996,14,,,0,19,,89995,14,,,0,60,,89942,8,,,0,21,,89943,8,,,0,20,,89944,8,,,0,60,,89945,8,,,0,20,,89946,8,,,0,20,,89947,8,,,0
1000001,'S2-0_5',538,,89999,8,,,0,20,,90000,8,,,0,60,,90001,8,,,0,20,,90002,8,,,0,20,,90003,8,,,0,50,,90083,8,,,0,9,,90084,8,,,0,9,,90034,14,,,0,10,,90035,14,,,0,10,,90036,14,,,0,12,,90037,14,,,0,50,,90038,14,,,0,9,,90039,14,,,0,9,,90040,14,,,0,10,,90041,14,,,0,10,,90042,14,,,0,10,,90043,14,,,0,51,,90044,14,,,0,11,,90045,14,,,0,11,,90004,8,,,0,11,,90005,14,,,0,10,,90006,8,,,0,50,,90007,14,,,0,11,,90008,8,,,0,11,,90046,14,,,0,11,,90009,8,,,0,10,,90010,14,,,0,10,,90011,8,,,0,51,,90012,14,,,0,10,,90013,8,,,0,11,,90047,14,,,0,11,,90014,8,,,0,11,,90015,14,,,0,9,,90016,8,,,0,49,,90017,14,,,0,9,,90048,8,,,0,11,,90049,14,,,0,10,,90050,8,,,0,11,,90051,14,,,0,10,,90052,8,,,0,50,,90053,14,,,0,10,,90054,8,,,0,8,,90055,14,,,0,10,,90056,8,,,0,10,,90057,14,,,0,10,,90058,8,,,0,50,,90059,14,,,0,10,,90060,8,,,0,10,,90018,14,,,0,10,,90019,8,,,0,9,,90061,14,,,0,10,,90020,8,,,0,49,,90021,14,,,0,11,,90022,8,,,0,11,,90062,14,,,0,11,,90023,8,,,0,11,,90024,14,,,0,11,,90025,8,,,0,50,,90026,14,,,0,9,,90027,14,,,0,10,,90063,14,,,0,10,,90064,14,,,0,9,,90065,14,,,0,10,,90066,14,,,0,51,,90067,14,,,0,11,,90068,14,,,0,10,,90069,14,,,0,11,,90070,14,,,0,10,,90071,14,,,0,10,,90072,14,,,0,50,,90073,14,,,0,9,,90074,14,,,0,9,,90075,14,,,0,10,,90076,14,,,0,9,,90077,14,,,0,10,,90078,8,,,0,50,,90079,14,,,0,10,,90080,8,,,0,13,,90082,14,,,0,19,,90081,14,,,0,60,,90028,8,,,0,21,,90029,8,,,0,20,,90030,8,,,0,60,,90031,8,,,0,20,,90032,8,,,0,20,,90033,8,,,0
1000001,'S2-1_3',538,,90085,8,,,0,20,,90086,8,,,0,60,,90087,8,,,0,20,,90088,8,,,0,20,,90089,8,,,0,50,,90169,8,,,0,9,,90170,8,,,0,9,,90120,14,,,0,10,,90121,14,,,0,10,,90122,14,,,0,12,,90123,14,,,0,50,,90124,14,,,0,9,,90125,14,,,0,9,,90126,14,,,0,10,,90127,14,,,0,10,,90128,14,,,0,10,,90129,14,,,0,51,,90130,14,,,0,11,,90131,14,,,0,11,,90090,8,,,0,11,,90091,14,,,0,10,,90092,8,,,0,50,,90093,14,,,0,11,,90094,8,,,0,11,,90132,14,,,0,11,,90095,8,,,0,10,,90096,14,,,0,10,,90097,8,,,0,51,,90098,14,,,0,10,,90099,8,,,0,11,,90133,14,,,0,11,,90100,8,,,0,11,,90101,14,,,0,9,,90102,8,,,0,49,,90103,14,,,0,9,,90134,8,,,0,11,,90135,14,,,0,10,,90136,8,,,0,11,,90137,14,,,0,10,,90138,8,,,0,50,,90139,14,,,0,10,,90140,8,,,0,8,,90141,14,,,0,10,,90142,8,,,0,10,,90143,14,,,0,10,,90144,8,,,0,50,,90145,14,,,0,10,,90146,8,,,0,10,,90104,14,,,0,10,,90105,8,,,0,9,,90147,14,,,0,10,,90106,8,,,0,49,,90107,14,,,0,11,,90108,8,,,0,11,,90148,14,,,0,11,,90109,8,,,0,11,,90110,14,,,0,11,,90111,8,,,0,50,,90112,14,,,0,9,,90113,14,,,0,10,,90149,14,,,0,10,,90150,14,,,0,9,,90151,14,,,0,10,,90152,14,,,0,51,,90153,14,,,0,11,,90154,14,,,0,10,,90155,14,,,0,11,,90156,14,,,0,10,,90157,14,,,0,10,,90158,14,,,0,50,,90159,14,,,0,9,,90160,14,,,0,9,,90161,14,,,0,10,,90162,14,,,0,9,,90163,14,,,0,10,,90164,8,,,0,50,,90165,14,,,0,10,,90166,8,,,0,13,,90168,14,,,0,19,,90167,14,,,0,60,,90114,8,,,0,21,,90115,8,,,0,20,,90116,8,,,0,60,,90117,8,,,0,20,,90118,8,,,0,20,,90119,8,,,0
1000001,'S2-2_6',539,,90171,8,,,0,81,,90172,8,,,0,80,,90173,8,,,0,29,,90174,8,,,0,29,,90175,14,,,0,68,,90176,14,,,0,15,,90177,8,,,0,15,,90178,8,,,0,55,,90179,14,,,0,15,,90180,8,,,0,15,,90181,8,,,0,15,,90182,14,,,0,56,,90183,8,,,0,15,,90184,8,,,0,16,,90185,14,,,0,15,,90186,8,,,0,55,,90187,8,,,0,16,,90188,14,,,0,15,,90189,8,,,0,56,,90190,8,,,0,16,,90191,14,,,0,14,,90192,8,,,0,16,,90193,8,,,0,56,,90194,14,,,0,9,,90195,8,,,0,9,,90196,8,,,0,8,,90197,8,,,0,10,,90199,8,,,0,10,,90198,14,,,0,10,,90200,8,,,0,51,,90201,8,,,0,12,,90202,14,,,0,10,,90203,8,,,0,9,,90204,8,,,0,10,,90205,8,,,0,51,,90206,14,,,0,10,,90207,8,,,0,10,,90208,8,,,0,11,,90209,8,,,0,11,,90210,14,,,0,9,,90211,8,,,0,50,,90212,8,,,0,10,,90213,8,,,0,12,,90214,14,,,0,9,,90215,8,,,0,9,,90216,8,,,0,9,,90217,8,,,0,49,,90219,8,,,0,9,,90218,14,,,0,10,,90220,8,,,0,10,,90221,8,,,0,10,,90223,8,,,0,10,,90222,14,,,0,9,,90224,8,,,0,49,,90225,8,,,0,10,,90227,8,,,0,11,,90226,14,,,0,10,,90228,8,,,0,13,,90229,8,,,0,59,,90230,14,,,0,17,,90231,8,,,0,21,,90232,8,,,0,61,,90233,8,,,0,17,,90234,8,,,0,20,,90235,8,,,0,60,,90236,8,,,0,20,,90237,8,,,0,21,,90238,8,,,0
1000001,'S2-3_7',807,,90239,8,,,0,40,,90240,8,,,0,80,,90241,8,,,0,80,,90242,8,,,0,40,,90243,8,,,0,80,,90244,8,,,0,80,,90245,8,,,0,40,,90246,8,,,0,80,,90247,8,,,0,80,,90248,8,,,0,40,,90249,8,,,0,80,,90250,8,,,0,80,,90251,8,,,0,40,,90252,8,,,0,80,,90253,8,,,0,80,,90254,8,,,0,40,,90255,8,,,0,80,,90256,8,,,0
1000001,'S2-4_1',538,,90257,8,,,0,20,,90258,8,,,0,60,,90259,8,,,0,20,,90260,8,,,0,20,,90261,8,,,0,50,,90341,8,,,0,9,,90342,8,,,0,9,,90292,14,,,0,10,,90293,14,,,0,10,,90294,14,,,0,12,,90295,14,,,0,50,,90296,14,,,0,9,,90297,14,,,0,9,,90298,14,,,0,10,,90299,14,,,0,10,,90300,14,,,0,10,,90301,14,,,0,51,,90302,14,,,0,11,,90303,14,,,0,11,,90262,8,,,0,11,,90263,14,,,0,10,,90264,8,,,0,50,,90265,14,,,0,11,,90266,8,,,0,11,,90304,14,,,0,11,,90267,8,,,0,10,,90268,14,,,0,10,,90269,8,,,0,51,,90270,14,,,0,10,,90271,8,,,0,11,,90305,14,,,0,11,,90272,8,,,0,11,,90273,14,,,0,9,,90274,8,,,0,49,,90275,14,,,0,9,,90306,8,,,0,11,,90307,14,,,0,10,,90308,8,,,0,11,,90309,14,,,0,10,,90310,8,,,0,50,,90311,14,,,0,10,,90312,8,,,0,8,,90313,14,,,0,10,,90314,8,,,0,10,,90315,14,,,0,10,,90316,8,,,0,50,,90317,14,,,0,10,,90318,8,,,0,10,,90276,14,,,0,10,,90277,8,,,0,9,,90319,14,,,0,10,,90278,8,,,0,49,,90279,14,,,0,11,,90280,8,,,0,11,,90320,14,,,0,11,,90281,8,,,0,11,,90282,14,,,0,11,,90283,8,,,0,50,,90284,14,,,0,9,,90285,14,,,0,10,,90321,14,,,0,10,,90322,14,,,0,9,,90323,14,,,0,10,,90324,14,,,0,51,,90325,14,,,0,11,,90326,14,,,0,10,,90327,14,,,0,11,,90328,14,,,0,10,,90329,14,,,0,10,,90330,14,,,0,50,,90331,14,,,0,9,,90332,14,,,0,9,,90333,14,,,0,10,,90334,14,,,0,9,,90335,14,,,0,10,,90336,8,,,0,50,,90337,14,,,0,10,,90338,8,,,0,13,,90340,14,,,0,19,,90339,14,,,0,60,,90286,8,,,0,21,,90287,8,,,0,20,,90288,8,,,0,60,,90289,8,,,0,20,,90290,8,,,0,20,,90291,8,,,0
1000001,'S2-4_2',538,,90343,8,,,0,20,,90344,8,,,0,60,,90345,8,,,0,20,,90346,8,,,0,20,,90347,8,,,0,50,,90427,8,,,0,9,,90428,8,,,0,9,,90378,14,,,0,10,,90379,14,,,0,10,,90380,14,,,0,12,,90381,14,,,0,50,,90382,14,,,0,9,,90383,14,,,0,9,,90384,14,,,0,10,,90385,14,,,0,10,,90386,14,,,0,10,,90387,14,,,0,51,,90388,14,,,0,11,,90389,14,,,0,11,,90348,8,,,0,11,,90349,14,,,0,10,,90350,8,,,0,50,,90351,14,,,0,11,,90352,8,,,0,11,,90390,14,,,0,11,,90353,8,,,0,10,,90354,14,,,0,10,,90355,8,,,0,51,,90356,14,,,0,10,,90357,8,,,0,11,,90391,14,,,0,11,,90358,8,,,0,11,,90359,14,,,0,9,,90360,8,,,0,49,,90361,14,,,0,9,,90392,8,,,0,11,,90393,14,,,0,10,,90394,8,,,0,11,,90395,14,,,0,10,,90396,8,,,0,50,,90397,14,,,0,10,,90398,8,,,0,8,,90399,14,,,0,10,,90400,8,,,0,10,,90401,14,,,0,10,,90402,8,,,0,50,,90403,14,,,0,10,,90404,8,,,0,10,,90362,14,,,0,10,,90363,8,,,0,9,,90405,14,,,0,10,,90364,8,,,0,49,,90365,14,,,0,11,,90366,8,,,0,11,,90406,14,,,0,11,,90367,8,,,0,11,,90368,14,,,0,11,,90369,8,,,0,50,,90370,14,,,0,9,,90371,14,,,0,10,,90407,14,,,0,10,,90408,14,,,0,9,,90409,14,,,0,10,,90410,14,,,0,51,,90411,14,,,0,11,,90412,14,,,0,10,,90413,14,,,0,11,,90414,14,,,0,10,,90415,14,,,0,10,,90416,14,,,0,50,,90417,14,,,0,9,,90418,14,,,0,9,,90419,14,,,0,10,,90420,14,,,0,9,,90421,14,,,0,10,,90422,8,,,0,50,,90423,14,,,0,10,,90424,8,,,0,13,,90426,14,,,0,19,,90425,14,,,0,60,,90372,8,,,0,21,,90373,8,,,0,20,,90374,8,,,0,60,,90375,8,,,0,20,,90376,8,,,0,20,,90377,8,,,0
1000001,'S2-4_4',538,,90429,8,,,0,20,,90430,8,,,0,60,,90431,8,,,0,20,,90432,8,,,0,20,,90433,8,,,0,50,,90513,8,,,0,9,,90514,8,,,0,9,,90464,14,,,0,10,,90465,14,,,0,10,,90466,14,,,0,12,,90467,14,,,0,50,,90468,14,,,0,9,,90469,14,,,0,9,,90470,14,,,0,10,,90471,14,,,0,10,,90472,14,,,0,10,,90473,14,,,0,51,,90474,14,,,0,11,,90475,14,,,0,11,,90434,8,,,0,11,,90435,14,,,0,10,,90436,8,,,0,50,,90437,14,,,0,11,,90438,8,,,0,11,,90476,14,,,0,11,,90439,8,,,0,10,,90440,14,,,0,10,,90441,8,,,0,51,,90442,14,,,0,10,,90443,8,,,0,11,,90477,14,,,0,11,,90444,8,,,0,11,,90445,14,,,0,9,,90446,8,,,0,49,,90447,14,,,0,9,,90478,8,,,0,11,,90479,14,,,0,10,,90480,8,,,0,11,,90481,14,,,0,10,,90482,8,,,0,50,,90483,14,,,0,10,,90484,8,,,0,8,,90485,14,,,0,10,,90486,8,,,0,10,,90487,14,,,0,10,,90488,8,,,0,50,,90489,14,,,0,10,,90490,8,,,0,10,,90448,14,,,0,10,,90449,8,,,0,9,,90491,14,,,0,10,,90450,8,,,0,49,,90451,14,,,0,11,,90452,8,,,0,11,,90492,14,,,0,11,,90453,8,,,0,11,,90454,14,,,0,11,,90455,8,,,0,50,,90456,14,,,0,9,,90457,14,,,0,10,,90493,14,,,0,10,,90494,14,,,0,9,,90495,14,,,0,10,,90496,14,,,0,51,,90497,14,,,0,11,,90498,14,,,0,10,,90499,14,,,0,11,,90500,14,,,0,10,,90501,14,,,0,10,,90502,14,,,0,50,,90503,14,,,0,9,,90504,14,,,0,9,,90505,14,,,0,10,,90506,14,,,0,9,,90507,14,,,0,10,,90508,8,,,0,50,,90509,14,,,0,10,,90510,8,,,0,13,,90512,14,,,0,19,,90511,14,,,0,60,,90458,8,,,0,21,,90459,8,,,0,20,,90460,8,,,0,60,,90461,8,,,0,20,,90462,8,,,0,20,,90463,8,,,0
