801,'S2-0_4',838,,86784,6,,,0,108,,86785,6,,,0,110,,86786,6,,,0,159,,86778,6,,,0,111,,86787,6,,,0,112,,86788,6,,,0,112,,86789,6,,,0,75,,86779,6,,,0,75,,86780,6,,,0,30,,86781,6,,,0,75,,86782,6,,,0,35,,86783,6,,,0,71,,86790,6,,,0,34,,86791,6,,,0
801,'S2-0_5',838,,86798,6,,,0,108,,86799,6,,,0,110,,86800,6,,,0,159,,86792,6,,,0,111,,86801,6,,,0,112,,86802,6,,,0,112,,86803,6,,,0,75,,86793,6,,,0,75,,86794,6,,,0,30,,86795,6,,,0,75,,86796,6,,,0,35,,86797,6,,,0,71,,86804,6,,,0,34,,86805,6,,,0
801,'S2-1_3',838,,86812,6,,,0,108,,86813,6,,,0,110,,86814,6,,,0,159,,86806,6,,,0,111,,86815,6,,,0,112,,86816,6,,,0,112,,86817,6,,,0,75,,86807,6,,,0,75,,86808,6,,,0,30,,86809,6,,,0,75,,86810,6,,,0,35,,86811,6,,,0,71,,86818,6,,,0,34,,86819,6,,,0
801,'S2-4_1',838,,86826,6,,,0,108,,86827,6,,,0,110,,86828,6,,,0,159,,86820,6,,,0,111,,86829,6,,,0,112,,86830,6,,,0,112,,86831,6,,,0,75,,86821,6,,,0,75,,86822,6,,,0,30,,86823,6,,,0,75,,86824,6,,,0,35,,86825,6,,,0,71,,86832,6,,,0,34,,86833,6,,,0
801,'S2-4_2',838,,86840,6,,,0,108,,86841,6,,,0,110,,86842,6,,,0,159,,86834,6,,,0,111,,86843,6,,,0,112,,86844,6,,,0,112,,86845,6,,,0,75,,86835,6,,,0,75,,86836,6,,,0,30,,86837,6,,,0,75,,86838,6,,,0,35,,86839,6,,,0,71,,86846,6,,,0,34,,86847,6,,,0
801,'S2-4_4',838,,86854,6,,,0,108,,86855,6,,,0,110,,86856,6,,,0,159,,86848,6,,,0,111,,86857,6,,,0,112,,86858,6,,,0,112,,86859,6,,,0,75,,86849,6,,,0,75,,86850,6,,,0,30,,86851,6,,,0,75,,86852,6,,,0,35,,86853,6,,,0,71,,86860,6,,,0,34,,86861,6,,,0
2201,'S2-0_4',1254,,88044,7,,,0,386,,88045,7,,,0,118,,88046,7,,,0,97,,88047,7,,,0
2201,'S2-0_5',1254,,88051,7,,,0,386,,88052,7,,,0,118,,88053,7,,,0,97,,88054,7,,,0
2201,'S2-1_3',1254,,88058,7,,,0,386,,88059,7,,,0,118,,88060,7,,,0,97,,88061,7,,,0
2201,'S2-4_1',1254,,88063,7,,,0,386,,88064,7,,,0,118,,88065,7,,,0,97,,88066,7,,,0
2201,'S2-4_2',1254,,88070,7,,,0,386,,88071,7,,,0,118,,88072,7,,,0,97,,88073,7,,,0
2201,'S2-4_4',1254,,88077,7,,,0,386,,88078,7,,,0,118,,88079,7,,,0,97,,88080,7,,,0
