401,'S2-0_4',647,,85936,4,0,52,0,60,,85906,11,0,41,0,8,,85923,11,0,41,0,20,,85907,11,0,41,0,12,,85930,11,,,0,69,,85908,11,0,41,0,11,,85909,11,0,41,0,81,,85910,11,0,41,0,34,,85911,11,0,41,0,74,,85912,11,0,41,0,35,,85932,11,,,0,70,,85913,11,0,41,0,28,,85914,11,0,41,0,56,,85931,11,,,0,31,,85927,11,0,41,0,75,,85933,11,,,0,33,,85905,14,0,41,0,77,,85915,11,0,41,0,28,,85934,11,,,0,72,,85916,11,0,41,0,24,,85917,11,0,41,0,13,,85918,11,0,41,0,53,,85928,11,0,41,0,20,,85924,11,0,41,0,16,,85919,11,0,41,0,11,,85925,11,0,41,0,53,,85929,11,,,0,38,,85920,11,0,41,0,61,,85926,11,0,41,0,43,,85921,11,0,41,0,61,,85935,11,,,0
401,'S2-0_5',647,,85968,4,0,52,0,60,,85938,11,0,41,0,8,,85955,11,0,41,0,20,,85939,11,0,41,0,12,,85962,11,,,0,69,,85940,11,0,41,0,11,,85941,11,0,41,0,81,,85942,11,0,41,0,34,,85943,11,0,41,0,74,,85944,11,0,41,0,35,,85964,11,,,0,70,,85945,11,0,41,0,28,,85946,11,0,41,0,56,,85963,11,,,0,31,,85959,11,0,41,0,75,,85965,11,,,0,33,,85937,14,0,41,0,77,,85947,11,0,41,0,28,,85966,11,,,0,72,,85948,11,0,41,0,24,,85949,11,0,41,0,13,,85950,11,0,41,0,53,,85960,11,0,41,0,20,,85956,11,0,41,0,16,,85951,11,0,41,0,11,,85957,11,0,41,0,53,,85961,11,,,0,38,,85952,11,0,41,0,61,,85958,11,0,41,0,43,,85953,11,0,41,0,61,,85967,11,,,0
401,'S2-1_3',647,,86000,4,0,52,0,60,,85970,11,0,41,0,8,,85987,11,0,41,0,20,,85971,11,0,41,0,12,,85994,11,,,0,69,,85972,11,0,41,0,11,,85973,11,0,41,0,81,,85974,11,0,41,0,34,,85975,11,0,41,0,74,,85976,11,0,41,0,35,,85996,11,,,0,70,,85977,11,0,41,0,28,,85978,11,0,41,0,56,,85995,11,,,0,31,,85991,11,0,41,0,75,,85997,11,,,0,33,,85969,14,0,41,0,77,,85979,11,0,41,0,28,,85998,11,,,0,72,,85980,11,0,41,0,24,,85981,11,0,41,0,13,,85982,11,0,41,0,53,,85992,11,0,41,0,20,,85988,11,0,41,0,16,,85983,11,0,41,0,11,,85989,11,0,41,0,53,,85993,11,,,0,38,,85984,11,0,41,0,61,,85990,11,0,41,0,43,,85985,11,0,41,0,61,,85999,11,,,0
401,'S2-2_6',656,,86001,11,,,0,155,,86008,11,0,41,0,35,,86002,11,,,0,69,,86009,11,0,41,0,32,,86010,11,0,41,0,67,,86011,11,0,41,0,32,,86003,11,,,0,69,,86012,11,0,41,0,31,,86013,11,0,41,0,71,,86014,11,0,41,0,30,,86004,11,,,0,69,,86015,11,0,41,0,29,,86016,11,0,41,0,71,,86017,11,0,41,0,31,,86005,11,,,0,68,,86018,11,0,41,0,32,,86019,11,0,41,0,73,,86020,11,0,41,0,31,,86006,11,,,0,71,,86021,11,0,41,0,33,,86022,11,0,41,0,72,,86023,11,0,41,0,31,,86024,11,0,41,0,70,,86007,11,,,0
401,'S2-3_7',933,,86025,11,,,0,125,,86026,11,,,0,165,,86027,11,,,0,201,,86028,11,,,0,125,,86029,11,,,0,165,,86030,11,,,0,125,,86031,11,,,0
401,'S2-4_1',647,,86063,4,0,52,0,60,,86033,11,0,41,0,8,,86050,11,0,41,0,20,,86034,11,0,41,0,12,,86057,11,,,0,69,,86035,11,0,41,0,11,,86036,11,0,41,0,81,,86037,11,0,41,0,34,,86038,11,0,41,0,74,,86039,11,0,41,0,35,,86059,11,,,0,70,,86040,11,0,41,0,28,,86041,11,0,41,0,56,,86058,11,,,0,31,,86054,11,0,41,0,75,,86060,11,,,0,33,,86032,14,0,41,0,77,,86042,11,0,41,0,28,,86061,11,,,0,72,,86043,11,0,41,0,24,,86044,11,0,41,0,13,,86045,11,0,41,0,53,,86055,11,0,41,0,20,,86051,11,0,41,0,16,,86046,11,0,41,0,11,,86052,11,0,41,0,53,,86056,11,,,0,38,,86047,11,0,41,0,61,,86053,11,0,41,0,43,,86048,11,0,41,0,61,,86062,11,,,0
401,'S2-4_2',647,,86095,4,0,52,0,60,,86065,11,0,41,0,8,,86082,11,0,41,0,20,,86066,11,0,41,0,12,,86089,11,,,0,69,,86067,11,0,41,0,11,,86068,11,0,41,0,81,,86069,11,0,41,0,34,,86070,11,0,41,0,74,,86071,11,0,41,0,35,,86091,11,,,0,70,,86072,11,0,41,0,28,,86073,11,0,41,0,56,,86090,11,,,0,31,,86086,11,0,41,0,75,,86092,11,,,0,33,,86064,14,0,41,0,77,,86074,11,0,41,0,28,,86093,11,,,0,72,,86075,11,0,41,0,24,,86076,11,0,41,0,13,,86077,11,0,41,0,53,,86087,11,0,41,0,20,,86083,11,0,41,0,16,,86078,11,0,41,0,11,,86084,11,0,41,0,53,,86088,11,,,0,38,,86079,11,0,41,0,61,,86085,11,0,41,0,43,,86080,11,0,41,0,61,,86094,11,,,0
401,'S2-4_4',647,,86127,4,0,52,0,60,,86097,11,0,41,0,8,,86114,11,0,41,0,20,,86098,11,0,41,0,12,,86121,11,,,0,69,,86099,11,0,41,0,11,,86100,11,0,41,0,81,,86101,11,0,41,0,34,,86102,11,0,41,0,74,,86103,11,0,41,0,35,,86123,11,,,0,70,,86104,11,0,41,0,28,,86105,11,0,41,0,56,,86122,11,,,0,31,,86118,11,0,41,0,75,,86124,11,,,0,33,,86096,14,0,41,0,77,,86106,11,0,41,0,28,,86125,11,,,0,72,,86107,11,0,41,0,24,,86108,11,0,41,0,13,,86109,11,0,41,0,53,,86119,11,0,41,0,20,,86115,11,0,41,0,16,,86110,11,0,41,0,11,,86116,11,0,41,0,53,,86120,11,,,0,38,,86111,11,0,41,0,61,,86117,11,0,41,0,43,,86112,11,0,41,0,61,,86126,11,,,0
2301,'S2-0_4',656,,88103,4,,,0,62,,88102,4,,,0,1,,88101,14,,,0
2301,'S2-0_5',656,,88106,4,,,0,62,,88105,4,,,0,1,,88104,14,,,0
2301,'S2-1_3',656,,88109,4,,,0,62,,88108,4,,,0,1,,88107,14,,,0
2301,'S2-4_1',656,,88112,4,,,0,62,,88111,4,,,0,1,,88110,14,,,0
2301,'S2-4_2',656,,88115,4,,,0,62,,88114,4,,,0,1,,88113,14,,,0
2301,'S2-4_4',656,,88118,4,,,0,62,,88117,4,,,0,1,,88116,14,,,0
2900401,'S2-0_4',658,,91406,6,,,0,165,,91407,6,,,0
2900401,'S2-0_5',658,,91408,6,,,0,165,,91409,6,,,0
2900401,'S2-1_3',658,,91410,6,,,0,165,,91411,6,,,0
2900401,'S2-4_1',658,,91412,6,,,0,165,,91413,6,,,0
2900401,'S2-4_2',658,,91414,6,,,0,165,,91415,6,,,0
2900401,'S2-4_4',658,,91416,6,,,0,165,,91417,6,,,0
