1501,'S2-0_4',659,,87436,13,,,0,58,,87437,13,,,0,95,,87438,13,,,0,21,,87439,13,,,0,117,,87440,13,,,0,156,,87441,13,,,0,118,,87442,13,,,0,94,,87443,13,,,0,118,,87444,13,,,0,99,,87435,1,,,0,123,,87445,13,,,0,150,,87446,13,,,0,95,,87447,13,,,0
1501,'S2-0_5',659,,87449,13,,,0,58,,87450,13,,,0,95,,87451,13,,,0,21,,87452,13,,,0,117,,87453,13,,,0,156,,87454,13,,,0,118,,87455,13,,,0,94,,87456,13,,,0,118,,87457,13,,,0,99,,87448,1,,,0,123,,87458,13,,,0,150,,87459,13,,,0,95,,87460,13,,,0
1501,'S2-1_3',659,,87462,13,,,0,58,,87463,13,,,0,95,,87464,13,,,0,21,,87465,13,,,0,117,,87466,13,,,0,156,,87467,13,,,0,118,,87468,13,,,0,94,,87469,13,,,0,118,,87470,13,,,0,99,,87461,1,,,0,123,,87471,13,,,0,150,,87472,13,,,0,95,,87473,13,,,0
1501,'S2-2_6',659,,87475,13,,,0,58,,87476,13,,,0,95,,87477,13,,,0,21,,87478,13,,,0,117,,87479,13,,,0,156,,87480,13,,,0,118,,87481,13,,,0,94,,87482,13,,,0,118,,87483,13,,,0,99,,87474,1,,,0,123,,87484,13,,,0,150,,87485,13,,,0,95,,87486,13,,,0
1501,'S2-4_1',659,,87488,13,,,0,58,,87489,13,,,0,95,,87490,13,,,0,21,,87491,13,,,0,117,,87492,13,,,0,156,,87493,13,,,0,118,,87494,13,,,0,94,,87495,13,,,0,118,,87496,13,,,0,99,,87487,1,,,0,123,,87497,13,,,0,150,,87498,13,,,0,95,,87499,13,,,0
1501,'S2-4_2',659,,87501,13,,,0,58,,87502,13,,,0,95,,87503,13,,,0,21,,87504,13,,,0,117,,87505,13,,,0,156,,87506,13,,,0,118,,87507,13,,,0,94,,87508,13,,,0,118,,87509,13,,,0,99,,87500,1,,,0,123,,87510,13,,,0,150,,87511,13,,,0,95,,87512,13,,,0
1501,'S2-4_4',659,,87514,13,,,0,58,,87515,13,,,0,95,,87516,13,,,0,21,,87517,13,,,0,117,,87518,13,,,0,156,,87519,13,,,0,118,,87520,13,,,0,94,,87521,13,,,0,118,,87522,13,,,0,99,,87513,1,,,0,123,,87523,13,,,0,150,,87524,13,,,0,95,,87525,13,,,0
2001,'S2-0_4',703,,87948,10,,,0,121,,87949,10,,,0,79,,87950,10,,,0,850,,87951,10,,,0
2001,'S2-0_5',703,,87952,10,,,0,121,,87953,10,,,0,79,,87954,10,,,0,850,,87955,10,,,0
2001,'S2-1_3',703,,87956,10,,,0,121,,87957,10,,,0,79,,87958,10,,,0,445,,87960,10,,,0,405,,87959,10,,,0
2001,'S2-4_1',703,,87961,10,,,0,121,,87962,10,,,0,79,,87963,10,,,0,850,,87964,10,,,0
2001,'S2-4_2',703,,87965,10,,,0,121,,87966,10,,,0,79,,87967,10,,,0,850,,87968,10,,,0
2001,'S2-4_4',703,,87969,10,,,0,121,,87970,10,,,0,79,,87971,10,,,0,850,,87972,10,,,0
