101,'S2-0_4',720,,84438,33,0,6,0,7,,84470,1,0,7,0,3,,84468,27,0,7,0,20,,84439,33,0,6,0,55,,84466,27,0,5,0,15,,84440,33,0,6,0,17,,84469,33,0,5,0,13,,84453,27,0,7,0,65,,84444,27,0,6,0,40,,84454,33,0,5,0,75,,84445,27,0,6,0,80,,84457,27,0,5,0,35,,84446,27,0,6,0,70,,84458,27,0,5,0,20,,84447,27,0,6,0,75,,84459,27,0,5,0,38,,84441,33,0,6,0,67,,84455,33,0,5,0,30,,84448,27,0,6,0,65,,84460,27,0,5,0,35,,84449,27,0,6,0,60,,84461,27,0,5,0,28,,84450,27,0,6,0,12,,84465,1,0,5,0,60,,84451,27,0,6,0,21,,84456,33,0,5,0,19,,84452,27,0,6,0,65,,84462,27,0,5,0,15,,84442,33,0,6,0,17,,84463,27,0,5,0,68,,84443,33,0,6,0,35,,84464,27,0,5,0
101,'S2-0_5',720,,84471,33,0,6,0,7,,84503,1,0,7,0,3,,84501,27,0,7,0,20,,84472,33,0,6,0,55,,84499,27,0,5,0,15,,84473,33,0,6,0,17,,84502,33,0,5,0,13,,84486,27,0,7,0,65,,84477,27,0,6,0,40,,84487,33,0,5,0,75,,84478,27,0,6,0,80,,84490,27,0,5,0,35,,84479,27,0,6,0,70,,84491,27,0,5,0,20,,84480,27,0,6,0,75,,84492,27,0,5,0,38,,84474,33,0,6,0,67,,84488,33,0,5,0,30,,84481,27,0,6,0,65,,84493,27,0,5,0,35,,84482,27,0,6,0,60,,84494,27,0,5,0,28,,84483,27,0,6,0,12,,84498,1,0,5,0,60,,84484,27,0,6,0,21,,84489,33,0,5,0,19,,84485,27,0,6,0,65,,84495,27,0,5,0,15,,84475,33,0,6,0,17,,84496,27,0,5,0,68,,84476,33,0,6,0,35,,84497,27,0,5,0
101,'S2-1_3',720,,84504,33,0,6,0,7,,84536,1,0,7,0,3,,84534,27,0,7,0,20,,84505,33,0,6,0,55,,84532,27,0,5,0,15,,84506,33,0,6,0,17,,84535,33,0,5,0,13,,84519,27,0,7,0,65,,84510,27,0,6,0,40,,84520,33,0,5,0,75,,84511,27,0,6,0,80,,84523,27,0,5,0,35,,84512,27,0,6,0,70,,84524,27,0,5,0,20,,84513,27,0,6,0,75,,84525,27,0,5,0,38,,84507,33,0,6,0,67,,84521,33,0,5,0,30,,84514,27,0,6,0,65,,84526,27,0,5,0,35,,84515,27,0,6,0,60,,84527,27,0,5,0,28,,84516,27,0,6,0,12,,84531,1,0,5,0,60,,84517,27,0,6,0,21,,84522,33,0,5,0,19,,84518,27,0,6,0,65,,84528,27,0,5,0,15,,84508,33,0,6,0,17,,84529,27,0,5,0,68,,84509,33,0,6,0,35,,84530,27,0,5,0
101,'S2-2_6',720,,84537,27,0,5,0,115,,84538,27,0,5,0,105,,84539,27,0,5,0,70,,84550,27,0,6,0,29,,84540,27,0,5,0,71,,84551,27,0,6,0,30,,84541,27,0,5,0,70,,84552,27,0,6,0,30,,84542,27,0,5,0,69,,84553,27,0,6,0,31,,84543,27,0,5,0,69,,84554,27,0,6,0,30,,84544,27,0,5,0,70,,84555,27,0,6,0,30,,84545,27,0,5,0,72,,84556,27,0,6,0,31,,84546,27,0,5,0,69,,84557,27,0,6,0,33,,84547,27,0,5,0,70,,84558,27,0,6,0,35,,84548,27,0,5,0,65,,84559,27,0,6,0,26,,84549,27,0,5,0
101,'S2-3_7',925,,84560,27,0,6,0,105,,84565,27,0,5,0,105,,84561,27,0,6,0,105,,84566,27,0,5,0,105,,84562,27,0,6,0,90,,84567,27,0,5,0,100,,84563,27,0,6,0,105,,84568,27,0,5,0,105,,84564,27,0,6,0,105,,84569,27,0,5,0
101,'S2-4_1',720,,84570,33,0,6,0,7,,84602,1,0,7,0,3,,84600,27,0,7,0,20,,84571,33,0,6,0,55,,84598,27,0,5,0,15,,84572,33,0,6,0,17,,84601,33,0,5,0,13,,84585,27,0,7,0,65,,84576,27,0,6,0,40,,84586,33,0,5,0,75,,84577,27,0,6,0,80,,84589,27,0,5,0,35,,84578,27,0,6,0,70,,84590,27,0,5,0,20,,84579,27,0,6,0,75,,84591,27,0,5,0,38,,84573,33,0,6,0,67,,84587,33,0,5,0,30,,84580,27,0,6,0,65,,84592,27,0,5,0,35,,84581,27,0,6,0,60,,84593,27,0,5,0,28,,84582,27,0,6,0,12,,84597,1,0,5,0,60,,84583,27,0,6,0,21,,84588,33,0,5,0,19,,84584,27,0,6,0,65,,84594,27,0,5,0,15,,84574,33,0,6,0,17,,84595,27,0,5,0,68,,84575,33,0,6,0,35,,84596,27,0,5,0
101,'S2-4_2',720,,84603,33,0,6,0,7,,84635,1,0,7,0,3,,84633,27,0,7,0,20,,84604,33,0,6,0,55,,84631,27,0,5,0,15,,84605,33,0,6,0,17,,84634,33,0,5,0,13,,84618,27,0,7,0,65,,84609,27,0,6,0,40,,84619,33,0,5,0,75,,84610,27,0,6,0,80,,84622,27,0,5,0,35,,84611,27,0,6,0,70,,84623,27,0,5,0,20,,84612,27,0,6,0,75,,84624,27,0,5,0,38,,84606,33,0,6,0,67,,84620,33,0,5,0,30,,84613,27,0,6,0,65,,84625,27,0,5,0,35,,84614,27,0,6,0,60,,84626,27,0,5,0,28,,84615,27,0,6,0,12,,84630,1,0,5,0,60,,84616,27,0,6,0,21,,84621,33,0,5,0,19,,84617,27,0,6,0,65,,84627,27,0,5,0,15,,84607,33,0,6,0,17,,84628,27,0,5,0,68,,84608,33,0,6,0,35,,84629,27,0,5,0
101,'S2-4_4',720,,84636,33,0,6,0,7,,84668,1,0,7,0,3,,84666,27,0,7,0,20,,84637,33,0,6,0,55,,84664,27,0,5,0,15,,84638,33,0,6,0,17,,84667,33,0,5,0,13,,84651,27,0,7,0,65,,84642,27,0,6,0,40,,84652,33,0,5,0,75,,84643,27,0,6,0,80,,84655,27,0,5,0,35,,84644,27,0,6,0,70,,84656,27,0,5,0,20,,84645,27,0,6,0,75,,84657,27,0,5,0,38,,84639,33,0,6,0,67,,84653,33,0,5,0,30,,84646,27,0,6,0,65,,84658,27,0,5,0,35,,84647,27,0,6,0,60,,84659,27,0,5,0,28,,84648,27,0,6,0,12,,84663,1,0,5,0,60,,84649,27,0,6,0,21,,84654,33,0,5,0,19,,84650,27,0,6,0,65,,84660,27,0,5,0,15,,84640,33,0,6,0,17,,84661,27,0,5,0,68,,84641,33,0,6,0,35,,84662,27,0,5,0
201,'S2-0_4',720,,84946,22,0,20,0,17,,84980,1,0,21,0,13,,84984,22,0,21,0,58,,84968,10,0,62,0,12,,84949,22,0,21,0,15,,84947,10,0,20,0,20,,84969,22,0,62,0,67,,84950,22,0,21,0,28,,84960,22,0,20,0,81,,84954,22,0,21,0,26,,84961,22,0,62,0,83,,84955,22,0,21,0,75,,84962,22,0,62,0,20,,84982,1,0,21,0,20,,84951,22,0,20,0,75,,84970,22,0,21,0,20,,84983,22,0,62,0,65,,84963,22,0,21,0,30,,84948,22,0,20,0,65,,84971,22,0,21,0,25,,84952,22,0,62,0,15,,84977,1,0,20,0,60,,84964,22,0,21,0,10,,84979,1,0,62,0,15,,84956,1,0,21,0,15,,84978,22,0,62,0,60,,84972,10,0,21,0,15,,84965,10,0,62,0,12,,84973,22,0,21,0,13,,84953,22,0,62,0,55,,84974,10,0,21,0,15,,84976,10,0,62,0,15,,84975,10,0,21,0,15,,84966,22,0,62,0,60,,84957,22,0,21,0,25,,84967,22,0,62,0,20,,84958,22,0,21,0
201,'S2-0_5',720,,84985,22,0,20,0,17,,85019,1,0,21,0,13,,85023,22,0,21,0,58,,85007,10,0,62,0,12,,84988,22,0,21,0,15,,84986,10,0,20,0,20,,85008,22,0,62,0,67,,84989,22,0,21,0,28,,84999,22,0,20,0,81,,84993,22,0,21,0,26,,85000,22,0,62,0,83,,84994,22,0,21,0,75,,85001,22,0,62,0,20,,85021,1,0,21,0,20,,84990,22,0,20,0,75,,85009,22,0,21,0,20,,85022,22,0,62,0,65,,85002,22,0,21,0,30,,84987,22,0,20,0,65,,85010,22,0,21,0,25,,84991,22,0,62,0,15,,85016,1,0,20,0,60,,85003,22,0,21,0,10,,85018,1,0,62,0,15,,84995,1,0,21,0,15,,85017,22,0,62,0,60,,85011,10,0,21,0,15,,85004,10,0,62,0,12,,85012,22,0,21,0,13,,84992,22,0,62,0,55,,85013,10,0,21,0,15,,85015,10,0,62,0,15,,85014,10,0,21,0,15,,85005,22,0,62,0,60,,84996,22,0,21,0,25,,85006,22,0,62,0,20,,84997,22,0,21,0
201,'S2-1_3',720,,85024,22,0,20,0,17,,85058,1,0,21,0,13,,85063,22,0,21,0,58,,85046,10,0,62,0,12,,85027,22,0,21,0,15,,85025,10,0,20,0,20,,85047,22,0,62,0,67,,85028,22,0,21,0,28,,85038,22,0,20,0,81,,85032,22,0,21,0,26,,85039,22,0,62,0,83,,85033,22,0,21,0,75,,85061,1,0,21,0,20,,85060,1,0,21,0,20,,85029,22,0,20,0,75,,85048,22,0,21,0,20,,85062,22,0,62,0,65,,85041,22,0,21,0,30,,85026,22,0,20,0,65,,85049,22,0,21,0,25,,85030,22,0,62,0,15,,85055,1,0,20,0,60,,85042,22,0,21,0,10,,85057,1,0,62,0,15,,85034,1,0,21,0,15,,85056,22,0,62,0,60,,85050,10,0,21,0,15,,85043,10,0,62,0,12,,85051,22,0,21,0,13,,85031,22,0,62,0,55,,85052,10,0,21,0,15,,85054,10,0,62,0,15,,85053,10,0,21,0,15,,85044,22,0,62,0,60,,85035,22,0,21,0,25,,85045,22,0,62,0,20,,85036,22,0,21,0
201,'S2-2_6',720,,85064,22,0,20,0,5,,85088,22,0,62,0,25,,85076,10,0,21,0,70,,85065,22,0,21,0,25,,85077,10,0,62,0,65,,85089,22,0,20,0,25,,85066,22,0,20,0,20,,85078,10,0,21,0,55,,85090,22,0,62,0,31,,85067,22,0,20,0,59,,85079,10,0,21,0,20,,85091,22,0,64,0,25,,85068,22,0,20,0,60,,85080,10,0,62,0,20,,85092,22,0,21,0,30,,85069,22,0,21,0,58,,85081,10,0,62,0,20,,85093,22,0,20,0,25,,85070,22,0,21,0,57,,85082,10,0,62,0,25,,85094,22,0,20,0,65,,85071,22,0,62,0,18,,85083,10,0,21,0,22,,85095,22,0,20,0,62,,85072,22,0,62,0,16,,85084,10,0,21,0,24,,85096,22,0,20,0,65,,85073,22,0,21,0,18,,85085,10,0,62,0,20,,85097,22,0,20,0,65,,85074,22,0,21,0,20,,85086,10,0,20,0,20,,85098,22,0,62,0,60,,85075,22,0,21,0,15,,85087,10,0,62,0,15,,85099,22,0,21,0
201,'S2-3_7',845,,85100,10,0,21,0,165,,85101,10,0,21,0,125,,85102,10,0,21,0,165,,85103,10,0,21,0,110,,85104,10,0,21,0,125,,85105,10,0,21,0,165,,85106,10,0,21,0,125,,85107,10,0,21,0
201,'S2-4_1',720,,85108,22,0,20,0,17,,85142,1,0,21,0,13,,85146,22,0,21,0,58,,85130,10,0,62,0,12,,85111,22,0,21,0,15,,85109,10,0,20,0,20,,85131,22,0,62,0,67,,85112,22,0,21,0,28,,85122,22,0,20,0,81,,85116,22,0,21,0,26,,85123,22,0,62,0,83,,85117,22,0,21,0,75,,85124,22,0,62,0,20,,85144,1,0,21,0,20,,85113,22,0,20,0,75,,85132,22,0,21,0,20,,85145,22,0,62,0,65,,85125,22,0,21,0,30,,85110,22,0,20,0,65,,85133,22,0,21,0,25,,85114,22,0,62,0,15,,85139,1,0,20,0,60,,85126,22,0,21,0,10,,85141,1,0,62,0,15,,85118,1,0,21,0,15,,85140,22,0,62,0,60,,85134,10,0,21,0,15,,85127,10,0,62,0,12,,85135,22,0,21,0,13,,85115,22,0,62,0,55,,85136,10,0,21,0,15,,85138,10,0,62,0,15,,85137,10,0,21,0,15,,85128,22,0,62,0,60,,85119,22,0,21,0,25,,85129,22,0,62,0,20,,85120,22,0,21,0
201,'S2-4_2',720,,85147,22,0,20,0,17,,85181,1,0,21,0,13,,85185,22,0,21,0,58,,85169,10,0,62,0,12,,85150,22,0,21,0,15,,85148,10,0,20,0,20,,85170,22,0,62,0,67,,85151,22,0,21,0,28,,85161,22,0,20,0,81,,85155,22,0,21,0,26,,85162,22,0,62,0,83,,85156,22,0,21,0,75,,85163,22,0,62,0,20,,85183,1,0,21,0,20,,85152,22,0,20,0,75,,85171,22,0,21,0,20,,85184,22,0,62,0,65,,85164,22,0,21,0,30,,85149,22,0,20,0,65,,85172,22,0,21,0,25,,85153,22,0,62,0,15,,85178,1,0,20,0,60,,85165,22,0,21,0,10,,85180,1,0,62,0,15,,85157,1,0,21,0,15,,85179,22,0,62,0,60,,85173,10,0,21,0,15,,85166,10,0,62,0,12,,85174,22,0,21,0,13,,85154,22,0,62,0,55,,85175,10,0,21,0,15,,85177,10,0,62,0,15,,85176,10,0,21,0,15,,85167,22,0,62,0,60,,85158,22,0,21,0,25,,85168,22,0,62,0,20,,85159,22,0,21,0
201,'S2-4_4',720,,85186,22,0,20,0,17,,85220,1,0,21,0,13,,85224,22,0,21,0,58,,85208,10,0,62,0,12,,85189,22,0,21,0,15,,85187,10,0,20,0,20,,85209,22,0,62,0,67,,85190,22,0,21,0,28,,85200,22,0,20,0,81,,85194,22,0,21,0,26,,85201,22,0,62,0,83,,85195,22,0,21,0,75,,85202,22,0,62,0,20,,85222,1,0,21,0,20,,85191,22,0,20,0,75,,85210,22,0,21,0,20,,85223,22,0,62,0,65,,85203,22,0,21,0,30,,85188,22,0,20,0,65,,85211,22,0,21,0,25,,85192,22,0,62,0,15,,85217,1,0,20,0,60,,85204,22,0,21,0,10,,85219,1,0,62,0,15,,85196,1,0,21,0,15,,85218,22,0,62,0,60,,85212,10,0,21,0,15,,85205,10,0,62,0,12,,85213,22,0,21,0,13,,85193,22,0,62,0,55,,85214,10,0,21,0,15,,85216,10,0,62,0,15,,85215,10,0,21,0,15,,85206,22,0,62,0,60,,85197,22,0,21,0,25,,85207,22,0,62,0,20,,85198,22,0,21,0
301,'S2-0_4',705,,85473,2,,,0,21,,85447,2,,,0,33,,85474,2,,,0,72,,85448,2,,,0,72,,85449,2,,,0,32,,85450,2,,,0,72,,85451,2,,,0,32,,85452,2,,,0,72,,85453,2,,,0,32,,85454,2,,,0,72,,85455,2,,,0,31,,85456,2,,,0,73,,85457,2,,,0,32,,85458,2,,,0,70,,85459,2,,,0,30,,85460,2,,,0,67,,85461,2,,,0,27,,85462,2,,,0,70,,85463,2,,,0,30,,85464,2,,,0,69,,85465,2,,,0,30,,85466,2,,,0,66,,85467,2,,,0,26,,85468,2,,,0,65,,85469,2,,,0,30,,85470,2,,,0,69,,85471,2,,,0,30,,85472,2,,,0
301,'S2-0_5',705,,85501,2,,,0,21,,85475,2,,,0,33,,85502,2,,,0,72,,85476,2,,,0,72,,85477,2,,,0,32,,85478,2,,,0,72,,85479,2,,,0,32,,85480,2,,,0,72,,85481,2,,,0,32,,85482,2,,,0,72,,85483,2,,,0,31,,85484,2,,,0,73,,85485,2,,,0,32,,85486,2,,,0,70,,85487,2,,,0,30,,85488,2,,,0,67,,85489,2,,,0,27,,85490,2,,,0,70,,85491,2,,,0,30,,85492,2,,,0,69,,85493,2,,,0,30,,85494,2,,,0,66,,85495,2,,,0,26,,85496,2,,,0,65,,85497,2,,,0,30,,85498,2,,,0,69,,85499,2,,,0,30,,85500,2,,,0
301,'S2-1_3',705,,85529,2,,,0,21,,85503,2,,,0,33,,85530,2,,,0,72,,85504,2,,,0,72,,85505,2,,,0,32,,85506,2,,,0,72,,85507,2,,,0,32,,85508,2,,,0,72,,85509,2,,,0,32,,85510,2,,,0,72,,85511,2,,,0,31,,85512,2,,,0,73,,85513,2,,,0,32,,85514,2,,,0,70,,85515,2,,,0,30,,85516,2,,,0,67,,85517,2,,,0,27,,85518,2,,,0,70,,85519,2,,,0,30,,85520,2,,,0,69,,85521,2,,,0,30,,85522,2,,,0,66,,85523,2,,,0,26,,85524,2,,,0,65,,85525,2,,,0,30,,85526,2,,,0,69,,85527,2,,,0,30,,85528,2,,,0
301,'S2-2_6',715,,85534,2,,,0,30,,85531,2,,,0,70,,85532,2,,,0,30,,85533,2,,,0,70,,85535,2,,,0,30,,85536,2,,,0,70,,85537,2,,,0,29,,85538,2,,,0,71,,85542,2,,,0,30,,85541,2,,,0,69,,85539,2,,,0,29,,85540,2,,,0,69,,85544,2,,,0,29,,85545,2,,,0,70,,85543,2,,,0,31,,85546,2,,,0,70,,85549,2,,,0,32,,85547,2,,,0,72,,85548,2,,,0,31,,85551,2,,,0,71,,85550,2,,,0,31,,85552,2,,,0,72,,85553,2,,,0,30,,85554,2,,,0,70,,85555,2,,,0,29,,85556,2,,,0,70,,85557,2,,,0,24,,85558,2,,,0
301,'S2-3_7',747,,85580,2,,,0,72,,85575,2,,,0,32,,85581,2,,,0,72,,85576,2,,,0,32,,85582,2,,,0,72,,85577,2,,,0,32,,85583,2,,,0,72,,85578,2,,,0,73,,85584,2,,,0,31,,85559,2,,,0,67,,85560,2,,,0,27,,85561,2,,,0,26,,85562,2,,,0,68,,85563,2,,,0,27,,85564,2,,,0,69,,85565,2,,,0,28,,85585,2,,,0,69,,85566,2,,,0,32,,85567,2,,,0,72,,85568,2,,,0,28,,85569,2,,,0,68,,85570,2,,,0,27,,85571,2,,,0,68,,85572,2,,,0,27,,85573,2,,,0,67,,85579,2,,,0,26,,85574,2,,,0
301,'S2-4_1',705,,85612,2,,,0,21,,85586,2,,,0,33,,85613,2,,,0,72,,85587,2,,,0,72,,85588,2,,,0,32,,85589,2,,,0,72,,85590,2,,,0,32,,85591,2,,,0,72,,85592,2,,,0,32,,85593,2,,,0,72,,85594,2,,,0,31,,85595,2,,,0,73,,85596,2,,,0,32,,85597,2,,,0,70,,85598,2,,,0,30,,85599,2,,,0,67,,85600,2,,,0,27,,85601,2,,,0,70,,85602,2,,,0,30,,85603,2,,,0,69,,85604,2,,,0,30,,85605,2,,,0,66,,85606,2,,,0,26,,85607,2,,,0,65,,85608,2,,,0,30,,85609,2,,,0,69,,85610,2,,,0,30,,85611,2,,,0
301,'S2-4_2',705,,85640,2,,,0,21,,85614,2,,,0,33,,85641,2,,,0,72,,85615,2,,,0,72,,85616,2,,,0,32,,85617,2,,,0,72,,85618,2,,,0,32,,85619,2,,,0,72,,85620,2,,,0,32,,85621,2,,,0,72,,85622,2,,,0,31,,85623,2,,,0,73,,85624,2,,,0,32,,85625,2,,,0,70,,85626,2,,,0,30,,85627,2,,,0,67,,85628,2,,,0,27,,85629,2,,,0,70,,85630,2,,,0,30,,85631,2,,,0,69,,85632,2,,,0,30,,85633,2,,,0,66,,85634,2,,,0,26,,85635,2,,,0,65,,85636,2,,,0,30,,85637,2,,,0,69,,85638,2,,,0,30,,85639,2,,,0
301,'S2-4_4',705,,85668,2,,,0,21,,85642,2,,,0,33,,85669,2,,,0,72,,85643,2,,,0,72,,85644,2,,,0,32,,85645,2,,,0,72,,85646,2,,,0,32,,85647,2,,,0,72,,85648,2,,,0,32,,85649,2,,,0,72,,85650,2,,,0,31,,85651,2,,,0,73,,85652,2,,,0,32,,85653,2,,,0,70,,85654,2,,,0,30,,85655,2,,,0,67,,85656,2,,,0,27,,85657,2,,,0,70,,85658,2,,,0,30,,85659,2,,,0,69,,85660,2,,,0,30,,85661,2,,,0,66,,85662,2,,,0,26,,85663,2,,,0,65,,85664,2,,,0,30,,85665,2,,,0,69,,85666,2,,,0,30,,85667,2,,,0
401,'S2-0_4',724,,85936,31,0,52,0,11,,85906,33,0,41,0,15,,85923,35,0,41,0,55,,85907,33,0,41,0,15,,85930,35,,,0,24,,85908,33,0,41,0,11,,85909,33,0,41,0,78,,85910,33,0,41,0,74,,85911,33,0,41,0,33,,85912,33,0,41,0,75,,85932,33,,,0,29,,85913,33,0,41,0,71,,85914,33,0,41,0,20,,85931,35,,,0,68,,85927,36,0,41,0,32,,85933,33,,,0,73,,85905,36,0,41,0,37,,85915,33,0,41,0,70,,85934,33,,,0,30,,85916,33,0,41,0,65,,85917,33,0,41,0,19,,85918,35,0,41,0,14,,85928,36,0,41,0,62,,85924,33,0,41,0,15,,85919,33,0,41,0,15,,85925,35,0,41,0,11,,85929,36,,,0,69,,85920,33,0,41,0,25,,85926,35,0,41,0,75,,85921,33,0,41,0,20,,85935,33,,,0
401,'S2-0_5',724,,85968,31,0,52,0,11,,85938,33,0,41,0,15,,85955,35,0,41,0,55,,85939,33,0,41,0,15,,85962,35,,,0,24,,85940,33,0,41,0,11,,85941,33,0,41,0,78,,85942,33,0,41,0,74,,85943,33,0,41,0,33,,85944,33,0,41,0,75,,85964,33,,,0,29,,85945,33,0,41,0,71,,85946,33,0,41,0,20,,85963,35,,,0,68,,85959,36,0,41,0,32,,85965,33,,,0,73,,85937,36,0,41,0,37,,85947,33,0,41,0,70,,85966,33,,,0,30,,85948,33,0,41,0,65,,85949,33,0,41,0,19,,85950,35,0,41,0,14,,85960,36,0,41,0,62,,85956,33,0,41,0,15,,85951,33,0,41,0,15,,85957,35,0,41,0,11,,85961,36,,,0,69,,85952,33,0,41,0,25,,85958,35,0,41,0,75,,85953,33,0,41,0,20,,85967,33,,,0
401,'S2-1_3',724,,86000,31,0,52,0,11,,85970,33,0,41,0,15,,85987,35,0,41,0,55,,85971,33,0,41,0,15,,85994,35,,,0,24,,85972,33,0,41,0,11,,85973,33,0,41,0,78,,85974,33,0,41,0,74,,85975,33,0,41,0,33,,85976,33,0,41,0,75,,85996,33,,,0,29,,85977,33,0,41,0,71,,85978,33,0,41,0,20,,85995,35,,,0,68,,85991,36,0,41,0,32,,85997,33,,,0,73,,85969,36,0,41,0,37,,85979,33,0,41,0,70,,85998,33,,,0,30,,85980,33,0,41,0,65,,85981,33,0,41,0,19,,85982,35,0,41,0,14,,85992,36,0,41,0,62,,85988,33,0,41,0,15,,85983,33,0,41,0,15,,85989,35,0,41,0,11,,85993,36,,,0,69,,85984,33,0,41,0,25,,85990,35,0,41,0,75,,85985,33,0,41,0,20,,85999,33,,,0
401,'S2-2_6',720,,86001,33,,,0,117,,86008,33,0,41,0,73,,86002,33,,,0,28,,86009,33,0,41,0,72,,86010,33,0,41,0,28,,86011,33,0,41,0,72,,86003,33,,,0,28,,86012,33,0,41,0,73,,86013,33,0,41,0,30,,86014,33,0,41,0,70,,86004,33,,,0,29,,86015,33,0,41,0,69,,86016,33,0,41,0,31,,86017,33,0,41,0,71,,86005,33,,,0,28,,86018,33,0,41,0,73,,86019,33,0,41,0,33,,86020,33,0,41,0,71,,86006,33,,,0,32,,86021,33,0,41,0,72,,86022,33,0,41,0,31,,86023,33,0,41,0,69,,86024,33,0,41,0,30,,86007,33,,,0
401,'S2-3_7',953,,86025,33,,,0,165,,86026,33,,,0,125,,86027,33,,,0,201,,86028,33,,,0,165,,86029,33,,,0,125,,86030,33,,,0,125,,86031,33,,,0
401,'S2-4_1',724,,86063,31,0,52,0,11,,86033,33,0,41,0,15,,86050,35,0,41,0,55,,86034,33,0,41,0,15,,86057,35,,,0,24,,86035,33,0,41,0,11,,86036,33,0,41,0,78,,86037,33,0,41,0,74,,86038,33,0,41,0,33,,86039,33,0,41,0,75,,86059,33,,,0,29,,86040,33,0,41,0,71,,86041,33,0,41,0,20,,86058,35,,,0,68,,86054,36,0,41,0,32,,86060,33,,,0,73,,86032,36,0,41,0,37,,86042,33,0,41,0,70,,86061,33,,,0,30,,86043,33,0,41,0,65,,86044,33,0,41,0,19,,86045,35,0,41,0,14,,86055,36,0,41,0,62,,86051,33,0,41,0,15,,86046,33,0,41,0,15,,86052,35,0,41,0,11,,86056,36,,,0,69,,86047,33,0,41,0,25,,86053,35,0,41,0,75,,86048,33,0,41,0,20,,86062,33,,,0
401,'S2-4_2',724,,86095,31,0,52,0,11,,86065,33,0,41,0,15,,86082,35,0,41,0,55,,86066,33,0,41,0,15,,86089,35,,,0,24,,86067,33,0,41,0,11,,86068,33,0,41,0,78,,86069,33,0,41,0,74,,86070,33,0,41,0,33,,86071,33,0,41,0,75,,86091,33,,,0,29,,86072,33,0,41,0,71,,86073,33,0,41,0,20,,86090,35,,,0,68,,86086,36,0,41,0,32,,86092,33,,,0,73,,86064,36,0,41,0,37,,86074,33,0,41,0,70,,86093,33,,,0,30,,86075,33,0,41,0,65,,86076,33,0,41,0,19,,86077,35,0,41,0,14,,86087,36,0,41,0,62,,86083,33,0,41,0,15,,86078,33,0,41,0,15,,86084,35,0,41,0,11,,86088,36,,,0,69,,86079,33,0,41,0,25,,86085,35,0,41,0,75,,86080,33,0,41,0,20,,86094,33,,,0
401,'S2-4_4',724,,86127,31,0,52,0,11,,86097,33,0,41,0,15,,86114,35,0,41,0,55,,86098,33,0,41,0,15,,86121,35,,,0,24,,86099,33,0,41,0,11,,86100,33,0,41,0,78,,86101,33,0,41,0,74,,86102,33,0,41,0,33,,86103,33,0,41,0,75,,86123,33,,,0,29,,86104,33,0,41,0,71,,86105,33,0,41,0,20,,86122,35,,,0,68,,86118,36,0,41,0,32,,86124,33,,,0,73,,86096,36,0,41,0,37,,86106,33,0,41,0,70,,86125,33,,,0,30,,86107,33,0,41,0,65,,86108,33,0,41,0,19,,86109,35,0,41,0,14,,86119,36,0,41,0,62,,86115,33,0,41,0,15,,86110,33,0,41,0,15,,86116,35,0,41,0,11,,86120,36,,,0,69,,86111,33,0,41,0,25,,86117,35,0,41,0,75,,86112,33,0,41,0,20,,86126,33,,,0
501,'S2-0_4',920,,86230,5,,,0,104,,86231,5,,,0,100,,86232,5,,,0,86,,86233,5,,,0,95,,86234,5,,,0,98,,86235,5,,,0,102,,86236,5,,,0,100,,86237,5,,,0,25,,86239,5,0,13,0,81,,86238,5,,,0,29,,86240,5,0,13,0,75,,86242,5,,,0,20,,86241,5,0,13,0,110,,86243,5,,,0
501,'S2-0_5',920,,86244,5,,,0,104,,86245,5,,,0,100,,86246,5,,,0,86,,86247,5,,,0,95,,86248,5,,,0,98,,86249,5,,,0,102,,86250,5,,,0,100,,86251,5,,,0,25,,86253,5,0,13,0,81,,86252,5,,,0,29,,86254,5,0,13,0,75,,86256,5,,,0,20,,86255,5,0,13,0,110,,86257,5,,,0
501,'S2-1_3',920,,86258,5,,,0,104,,86259,5,,,0,100,,86260,5,,,0,86,,86261,5,,,0,25,,86267,5,0,13,0,70,,86262,5,,,0,98,,86263,5,,,0,102,,86264,5,,,0,100,,86265,5,,,0,106,,86266,5,,,0,104,,86268,5,,,0,130,,86269,5,,,0
501,'S2-2_6',812,,86270,5,,,0,100,,86271,5,,,0,100,,86272,5,,,0,100,,86273,5,,,0,100,,86274,5,,,0,95,,86275,5,,,0,98,,86276,5,,,0,100,,86277,5,,,0,100,,86278,5,,,0,100,,86279,5,,,0,100,,86280,5,,,0,150,,86281,5,,,0
501,'S2-4_1',920,,86282,5,,,0,104,,86283,5,,,0,100,,86284,5,,,0,86,,86285,5,,,0,95,,86286,5,,,0,98,,86287,5,,,0,102,,86288,5,,,0,100,,86289,5,,,0,25,,86291,5,0,13,0,81,,86290,5,,,0,29,,86292,5,0,13,0,75,,86294,5,,,0,20,,86293,5,0,13,0,110,,86295,5,,,0
501,'S2-4_2',920,,86296,5,,,0,104,,86297,5,,,0,100,,86298,5,,,0,86,,86299,5,,,0,95,,86300,5,,,0,98,,86301,5,,,0,102,,86302,5,,,0,100,,86303,5,,,0,25,,86305,5,0,13,0,81,,86304,5,,,0,29,,86306,5,0,13,0,75,,86308,5,,,0,20,,86307,5,0,13,0,110,,86309,5,,,0
501,'S2-4_4',920,,86310,5,,,0,104,,86311,5,,,0,100,,86312,5,,,0,86,,86313,5,,,0,95,,86314,5,,,0,98,,86315,5,,,0,102,,86316,5,,,0,100,,86317,5,,,0,25,,86319,5,0,13,0,81,,86318,5,,,0,29,,86320,5,0,13,0,75,,86322,5,,,0,20,,86321,5,0,13,0,110,,86323,5,,,0
801,'S2-0_4',825,,86784,1,,,0,110,,86785,1,,,0,110,,86786,1,,,0,157,,86778,1,,,0,111,,86787,1,,,0,111,,86788,1,,,0,112,,86789,1,,,0,75,,86779,1,,,0,35,,86780,1,,,0,70,,86781,1,,,0,34,,86782,1,,,0,75,,86783,1,,,0,75,,86790,1,,,0,35,,86791,1,,,0
801,'S2-0_5',825,,86798,1,,,0,110,,86799,1,,,0,110,,86800,1,,,0,157,,86792,1,,,0,111,,86801,1,,,0,111,,86802,1,,,0,112,,86803,1,,,0,75,,86793,1,,,0,35,,86794,1,,,0,70,,86795,1,,,0,34,,86796,1,,,0,75,,86797,1,,,0,75,,86804,1,,,0,35,,86805,1,,,0
801,'S2-1_3',825,,86812,1,,,0,110,,86813,1,,,0,110,,86814,1,,,0,157,,86806,1,,,0,111,,86815,1,,,0,111,,86816,1,,,0,112,,86817,1,,,0,75,,86807,1,,,0,35,,86808,1,,,0,70,,86809,1,,,0,34,,86810,1,,,0,75,,86811,1,,,0,75,,86818,1,,,0,35,,86819,1,,,0
801,'S2-4_1',825,,86826,1,,,0,110,,86827,1,,,0,110,,86828,1,,,0,157,,86820,1,,,0,111,,86829,1,,,0,111,,86830,1,,,0,112,,86831,1,,,0,75,,86821,1,,,0,35,,86822,1,,,0,70,,86823,1,,,0,34,,86824,1,,,0,75,,86825,1,,,0,75,,86832,1,,,0,35,,86833,1,,,0
801,'S2-4_2',825,,86840,1,,,0,110,,86841,1,,,0,110,,86842,1,,,0,157,,86834,1,,,0,111,,86843,1,,,0,111,,86844,1,,,0,112,,86845,1,,,0,75,,86835,1,,,0,35,,86836,1,,,0,70,,86837,1,,,0,34,,86838,1,,,0,75,,86839,1,,,0,75,,86846,1,,,0,35,,86847,1,,,0
801,'S2-4_4',825,,86854,1,,,0,110,,86855,1,,,0,110,,86856,1,,,0,157,,86848,1,,,0,111,,86857,1,,,0,111,,86858,1,,,0,112,,86859,1,,,0,75,,86849,1,,,0,35,,86850,1,,,0,70,,86851,1,,,0,34,,86852,1,,,0,75,,86853,1,,,0,75,,86860,1,,,0,35,,86861,1,,,0
1000,'S2-0_4',714,,87097,27,,,0,100,,87098,27,,,0,201,,87099,36,,,0,506,,87108,42,,,0,30,,87109,42,,,0,97,,87110,42,,,0,65,,87100,36,,,0,141,,87101,36,,,0
1000,'S2-0_5',714,,87112,27,,,0,100,,87113,27,,,0,201,,87114,36,,,0,506,,87123,42,,,0,30,,87124,42,,,0,97,,87125,42,,,0,65,,87115,36,,,0,141,,87116,36,,,0
1000,'S2-1_3',714,,87127,27,,,0,100,,87128,27,,,0,201,,87129,36,,,0,506,,87138,42,,,0,30,,87139,42,,,0,97,,87140,42,,,0,65,,87130,36,,,0,141,,87131,36,,,0
1000,'S2-2_6',715,,87142,36,,,0,100,,87143,36,,,0,197,,87144,36,,,0,513,,87147,42,,,0,118,,87148,42,,,0,69,,87145,36,,,0,143,,87146,36,,,0
1000,'S2-4_1',714,,87155,27,,,0,100,,87156,27,,,0,201,,87157,36,,,0,506,,87166,42,,,0,30,,87167,42,,,0,97,,87168,42,,,0,65,,87158,36,,,0,141,,87159,36,,,0
1000,'S2-4_2',714,,87170,27,,,0,100,,87171,27,,,0,201,,87172,36,,,0,506,,87181,42,,,0,30,,87182,42,,,0,97,,87183,42,,,0,65,,87173,36,,,0,141,,87174,36,,,0
1000,'S2-4_4',714,,87185,27,,,0,100,,87186,27,,,0,201,,87187,36,,,0,506,,87196,42,,,0,30,,87197,42,,,0,97,,87198,42,,,0,65,,87188,36,,,0,141,,87189,36,,,0
1001,'S2-0_4',744,,87200,2,,,0,99,,87202,2,,,0,85,,87203,2,,,0,125,,87204,2,,,0,303,,87201,2,,,0,261,,87212,2,,,0,123,,87213,2,,,0,90,,87205,2,,,0,107,,87206,2,,,0
1001,'S2-0_5',744,,87214,2,,,0,99,,87216,2,,,0,85,,87217,2,,,0,125,,87218,2,,,0,303,,87215,2,,,0,261,,87226,2,,,0,123,,87227,2,,,0,90,,87219,2,,,0,107,,87220,2,,,0
1001,'S2-1_3',744,,87228,2,,,0,99,,87230,2,,,0,85,,87231,2,,,0,125,,87232,2,,,0,303,,87229,2,,,0,261,,87240,2,,,0,123,,87241,2,,,0,90,,87233,2,,,0,107,,87234,2,,,0
1001,'S2-2_6',742,,87242,2,,,0,103,,87243,2,,,0,203,,87244,2,,,0,308,,87247,2,,,0,265,,87248,2,,,0,117,,87249,2,,,0,91,,87245,2,,,0,107,,87246,2,,,0
1001,'S2-4_1',744,,87254,2,,,0,99,,87256,2,,,0,85,,87257,2,,,0,125,,87258,2,,,0,303,,87255,2,,,0,261,,87266,2,,,0,123,,87267,2,,,0,90,,87259,2,,,0,107,,87260,2,,,0
1001,'S2-4_2',744,,87268,2,,,0,99,,87270,2,,,0,85,,87271,2,,,0,125,,87272,2,,,0,303,,87269,2,,,0,261,,87280,2,,,0,123,,87281,2,,,0,90,,87273,2,,,0,107,,87274,2,,,0
1001,'S2-4_4',744,,87282,2,,,0,99,,87284,2,,,0,85,,87285,2,,,0,125,,87286,2,,,0,303,,87283,2,,,0,261,,87294,2,,,0,123,,87295,2,,,0,90,,87287,2,,,0,107,,87288,2,,,0
1100,'S2-0_4',720,,87296,19,,,0,130,,87297,22,,,0,966,,87298,22,,,0,106,,87299,22,,,0
1100,'S2-0_5',720,,87300,19,,,0,130,,87301,22,,,0,966,,87302,22,,,0,106,,87303,22,,,0
1100,'S2-1_3',720,,87304,19,,,0,130,,87305,22,,,0,966,,87306,22,,,0,106,,87307,22,,,0
1100,'S2-2_6',720,,87308,19,,,0,130,,87309,22,,,0,909,,87310,22,,,0,155,,87311,22,,,0
1100,'S2-4_1',720,,87312,19,,,0,130,,87313,22,,,0,966,,87314,22,,,0,106,,87315,22,,,0
1100,'S2-4_2',720,,87316,19,,,0,130,,87317,22,,,0,966,,87318,22,,,0,106,,87319,22,,,0
1100,'S2-4_4',720,,87320,19,,,0,130,,87321,22,,,0,966,,87322,22,,,0,106,,87323,22,,,0
1101,'S2-0_4',1625,,87324,2,,,0,110,,87325,2,,,0,105,,87326,2,,,0
1101,'S2-0_5',1625,,87327,2,,,0,110,,87328,2,,,0,105,,87329,2,,,0
1101,'S2-1_3',1625,,87330,2,,,0,110,,87331,2,,,0,105,,87332,2,,,0
1101,'S2-2_6',1610,,87333,2,,,0,117,,87334,2,,,0
1101,'S2-4_1',1625,,87335,2,,,0,110,,87336,2,,,0,105,,87337,2,,,0
1101,'S2-4_2',1625,,87338,2,,,0,110,,87339,2,,,0,105,,87340,2,,,0
1101,'S2-4_4',1625,,87341,2,,,0,110,,87342,2,,,0,105,,87343,2,,,0
1501,'S2-0_4',719,,87436,24,,,0,20,,87437,24,,,0,94,,87438,24,,,0,21,,87439,24,,,0,158,,87440,24,,,0,116,,87441,24,,,0,117,,87442,24,,,0,95,,87443,24,,,0,118,,87444,24,,,0,99,,87435,12,,,0,170,,87445,24,,,0,104,,87446,24,,,0,92,,87447,24,,,0
1501,'S2-0_5',719,,87449,24,,,0,20,,87450,24,,,0,94,,87451,24,,,0,21,,87452,24,,,0,158,,87453,24,,,0,116,,87454,24,,,0,117,,87455,24,,,0,95,,87456,24,,,0,118,,87457,24,,,0,99,,87448,12,,,0,170,,87458,24,,,0,104,,87459,24,,,0,92,,87460,24,,,0
1501,'S2-1_3',719,,87462,24,,,0,20,,87463,24,,,0,94,,87464,24,,,0,21,,87465,24,,,0,158,,87466,24,,,0,116,,87467,24,,,0,117,,87468,24,,,0,95,,87469,24,,,0,118,,87470,24,,,0,99,,87461,12,,,0,170,,87471,24,,,0,104,,87472,24,,,0,92,,87473,24,,,0
1501,'S2-2_6',719,,87475,24,,,0,20,,87476,24,,,0,94,,87477,24,,,0,21,,87478,24,,,0,158,,87479,24,,,0,116,,87480,24,,,0,117,,87481,24,,,0,95,,87482,24,,,0,118,,87483,24,,,0,99,,87474,12,,,0,170,,87484,24,,,0,104,,87485,24,,,0,92,,87486,24,,,0
1501,'S2-4_1',719,,87488,24,,,0,20,,87489,24,,,0,94,,87490,24,,,0,21,,87491,24,,,0,158,,87492,24,,,0,116,,87493,24,,,0,117,,87494,24,,,0,95,,87495,24,,,0,118,,87496,24,,,0,99,,87487,12,,,0,170,,87497,24,,,0,104,,87498,24,,,0,92,,87499,24,,,0
1501,'S2-4_2',719,,87501,24,,,0,20,,87502,24,,,0,94,,87503,24,,,0,21,,87504,24,,,0,158,,87505,24,,,0,116,,87506,24,,,0,117,,87507,24,,,0,95,,87508,24,,,0,118,,87509,24,,,0,99,,87500,12,,,0,170,,87510,24,,,0,104,,87511,24,,,0,92,,87512,24,,,0
1501,'S2-4_4',719,,87514,24,,,0,20,,87515,24,,,0,94,,87516,24,,,0,21,,87517,24,,,0,158,,87518,24,,,0,116,,87519,24,,,0,117,,87520,24,,,0,95,,87521,24,,,0,118,,87522,24,,,0,99,,87513,12,,,0,170,,87523,24,,,0,104,,87524,24,,,0,92,,87525,24,,,0
2100,'S2-0_5',1259,,87975,4,0,11 12,0
2101,'S2-0_4',855,,87988,2,,,0
2101,'S2-0_5',855,,87991,2,,,0
2101,'S2-1_3',855,,87994,2,,,0
2101,'S2-4_1',855,,87997,2,,,0
2101,'S2-4_2',855,,88000,2,,,0
2101,'S2-4_4',855,,88003,2,,,0
2201,'S2-0_4',1242,,88044,2,,,0,384,,88045,2,,,0,117,,88046,2,,,0,100,,88047,2,,,0
2201,'S2-0_5',1242,,88051,2,,,0,384,,88052,2,,,0,117,,88053,2,,,0,100,,88054,2,,,0
2201,'S2-1_3',1242,,88058,2,,,0,384,,88059,2,,,0,117,,88060,2,,,0,100,,88061,2,,,0
2201,'S2-4_1',1242,,88063,2,,,0,384,,88064,2,,,0,117,,88065,2,,,0,100,,88066,2,,,0
2201,'S2-4_2',1242,,88070,2,,,0,384,,88071,2,,,0,117,,88072,2,,,0,100,,88073,2,,,0
2201,'S2-4_4',1242,,88077,2,,,0,384,,88078,2,,,0,117,,88079,2,,,0,100,,88080,2,,,0
2301,'S2-0_4',745,,88102,24,,,0,1,,88101,34,,,0
2301,'S2-0_5',745,,88105,24,,,0,1,,88104,34,,,0
2301,'S2-1_3',745,,88108,24,,,0,1,,88107,34,,,0
2301,'S2-4_1',745,,88111,24,,,0,1,,88110,34,,,0
2301,'S2-4_2',745,,88114,24,,,0,1,,88113,34,,,0
2301,'S2-4_4',745,,88117,24,,,0,1,,88116,34,,,0
2601,'S2-0_4',722,,88494,9,,,0,33,,88504,9,,,0,65,,88506,9,,,0,25,,88505,9,,,0,79,,88495,9,,,0,99,,88496,9,,,0,100,,88513,9,,,0,100,,88497,9,,,0,27,,88514,9,,,0,62,,88515,9,,,0,92,,88498,9,,,0,54,,88499,9,,,0,153,,88508,9,,,0,47,,88509,9,,,0,68,,88510,9,,,0,90,,88511,9,,,0,25,,88512,9,,,0,94,,88507,9,,,0
2601,'S2-0_5',722,,88518,9,,,0,33,,88528,9,,,0,65,,88530,9,,,0,25,,88529,9,,,0,79,,88519,9,,,0,99,,88520,9,,,0,100,,88537,9,,,0,100,,88521,9,,,0,27,,88538,9,,,0,62,,88539,9,,,0,92,,88522,9,,,0,54,,88523,9,,,0,153,,88532,9,,,0,47,,88533,9,,,0,68,,88534,9,,,0,90,,88535,9,,,0,25,,88536,9,,,0,94,,88531,9,,,0
2601,'S2-1_3',722,,88542,9,,,0,33,,88551,9,,,0,65,,88553,9,,,0,25,,88552,9,,,0,79,,88543,9,,,0,99,,88544,9,,,0,100,,88560,9,,,0,100,,88545,9,,,0,27,,88561,9,,,0,62,,88562,9,,,0,92,,88546,9,,,0,54,,88547,9,,,0,153,,88555,9,,,0,47,,88556,9,,,0,68,,88557,9,,,0,90,,88558,9,,,0,25,,88559,9,,,0,94,,88554,9,,,0
2601,'S2-2_6',725,,88564,9,,,0,85,,88567,9,,,0,45,,88568,9,,,0,86,,88569,9,,,0,90,,88570,9,,,0,84,,88571,9,,,0,43,,88572,9,,,0,85,,88573,9,,,0,82,,88574,9,,,0,85,,88575,9,,,0,46,,88576,9,,,0,90,,88577,9,,,0,85,,88578,9,,,0,81,,88579,9,,,0,46,,88580,9,,,0,84,,88566,9,,,0,83,,88565,9,,,0
2601,'S2-4_1',722,,88581,9,,,0,33,,88591,9,,,0,65,,88593,9,,,0,25,,88592,9,,,0,79,,88582,9,,,0,99,,88583,9,,,0,100,,88600,9,,,0,100,,88584,9,,,0,27,,88601,9,,,0,62,,88602,9,,,0,92,,88585,9,,,0,54,,88586,9,,,0,153,,88595,9,,,0,47,,88596,9,,,0,68,,88597,9,,,0,90,,88598,9,,,0,25,,88599,9,,,0,94,,88594,9,,,0
2601,'S2-4_2',722,,88605,9,,,0,33,,88615,9,,,0,65,,88617,9,,,0,25,,88616,9,,,0,79,,88606,9,,,0,99,,88607,9,,,0,100,,88624,9,,,0,100,,88608,9,,,0,27,,88625,9,,,0,62,,88626,9,,,0,92,,88609,9,,,0,54,,88610,9,,,0,153,,88619,9,,,0,47,,88620,9,,,0,68,,88621,9,,,0,90,,88622,9,,,0,25,,88623,9,,,0,94,,88618,9,,,0
2601,'S2-4_4',722,,88629,9,,,0,33,,88639,9,,,0,65,,88641,9,,,0,25,,88640,9,,,0,79,,88630,9,,,0,99,,88631,9,,,0,100,,88648,9,,,0,100,,88632,9,,,0,27,,88649,9,,,0,62,,88650,9,,,0,92,,88633,9,,,0,54,,88634,9,,,0,153,,88643,9,,,0,47,,88644,9,,,0,68,,88645,9,,,0,90,,88646,9,,,0,25,,88647,9,,,0,94,,88642,9,,,0
900501,'S2-4_4',2110,,88967,8,,,0,40,,88968,8,,,0,90,,88969,8,,,0,90,,88970,8,,,0,90,,88971,8,,,0,88,,88972,8,,,0,30,,88973,8,,,0,70,,88974,8,,,0
1000001,'S2-0_4',543,,89913,10,,,0,60,,89914,10,,,0,20,,89915,10,,,0,20,,89916,10,,,0,60,,89917,10,,,0,10,,89997,10,,,0,9,,89998,10,,,0,10,,89948,16,,,0,10,,89949,16,,,0,10,,89950,16,,,0,51,,89951,16,,,0,10,,89952,16,,,0,9,,89953,16,,,0,9,,89954,16,,,0,10,,89955,16,,,0,10,,89956,16,,,0,50,,89957,16,,,0,10,,89958,16,,,0,11,,89959,16,,,0,11,,89918,10,,,0,11,,89919,16,,,0,10,,89920,10,,,0,50,,89921,16,,,0,11,,89922,10,,,0,11,,89960,16,,,0,11,,89923,10,,,0,11,,89924,16,,,0,10,,89925,10,,,0,51,,89926,16,,,0,10,,89927,10,,,0,11,,89961,16,,,0,10,,89928,10,,,0,11,,89929,16,,,0,50,,89930,10,,,0,9,,89931,16,,,0,10,,89962,10,,,0,10,,89963,16,,,0,10,,89964,10,,,0,10,,89965,16,,,0,50,,89966,10,,,0,10,,89967,16,,,0,10,,89968,10,,,0,9,,89969,16,,,0,10,,89970,10,,,0,10,,89971,16,,,0,10,,89972,10,,,0,50,,89973,16,,,0,10,,89974,10,,,0,10,,89932,16,,,0,10,,89933,10,,,0,9,,89975,16,,,0,10,,89934,10,,,0,50,,89935,16,,,0,11,,89936,10,,,0,11,,89976,16,,,0,11,,89937,10,,,0,11,,89938,16,,,0,51,,89939,10,,,0,10,,89940,16,,,0,9,,89941,16,,,0,10,,89977,16,,,0,10,,89978,16,,,0,10,,89979,16,,,0,50,,89980,16,,,0,11,,89981,16,,,0,11,,89982,16,,,0,10,,89983,16,,,0,10,,89984,16,,,0,10,,89985,16,,,0,50,,89986,16,,,0,10,,89987,16,,,0,9,,89988,16,,,0,9,,89989,16,,,0,9,,89990,16,,,0,9,,89991,16,,,0,9,,89992,10,,,0,50,,89993,16,,,0,10,,89994,10,,,0,13,,89996,16,,,0,19,,89995,16,,,0,60,,89942,10,,,0,20,,89943,10,,,0,20,,89944,10,,,0,60,,89945,10,,,0,20,,89946,10,,,0,20,,89947,10,,,0
1000001,'S2-0_5',543,,89999,10,,,0,60,,90000,10,,,0,20,,90001,10,,,0,20,,90002,10,,,0,60,,90003,10,,,0,10,,90083,10,,,0,9,,90084,10,,,0,10,,90034,16,,,0,10,,90035,16,,,0,10,,90036,16,,,0,51,,90037,16,,,0,10,,90038,16,,,0,9,,90039,16,,,0,9,,90040,16,,,0,10,,90041,16,,,0,10,,90042,16,,,0,50,,90043,16,,,0,10,,90044,16,,,0,11,,90045,16,,,0,11,,90004,10,,,0,11,,90005,16,,,0,10,,90006,10,,,0,50,,90007,16,,,0,11,,90008,10,,,0,11,,90046,16,,,0,11,,90009,10,,,0,11,,90010,16,,,0,10,,90011,10,,,0,51,,90012,16,,,0,10,,90013,10,,,0,11,,90047,16,,,0,10,,90014,10,,,0,11,,90015,16,,,0,50,,90016,10,,,0,9,,90017,16,,,0,10,,90048,10,,,0,10,,90049,16,,,0,10,,90050,10,,,0,10,,90051,16,,,0,50,,90052,10,,,0,10,,90053,16,,,0,10,,90054,10,,,0,9,,90055,16,,,0,10,,90056,10,,,0,10,,90057,16,,,0,10,,90058,10,,,0,50,,90059,16,,,0,10,,90060,10,,,0,10,,90018,16,,,0,10,,90019,10,,,0,9,,90061,16,,,0,10,,90020,10,,,0,50,,90021,16,,,0,11,,90022,10,,,0,11,,90062,16,,,0,11,,90023,10,,,0,11,,90024,16,,,0,51,,90025,10,,,0,10,,90026,16,,,0,9,,90027,16,,,0,10,,90063,16,,,0,10,,90064,16,,,0,10,,90065,16,,,0,50,,90066,16,,,0,11,,90067,16,,,0,11,,90068,16,,,0,10,,90069,16,,,0,10,,90070,16,,,0,10,,90071,16,,,0,50,,90072,16,,,0,10,,90073,16,,,0,9,,90074,16,,,0,9,,90075,16,,,0,9,,90076,16,,,0,9,,90077,16,,,0,9,,90078,10,,,0,50,,90079,16,,,0,10,,90080,10,,,0,13,,90082,16,,,0,19,,90081,16,,,0,60,,90028,10,,,0,20,,90029,10,,,0,20,,90030,10,,,0,60,,90031,10,,,0,20,,90032,10,,,0,20,,90033,10,,,0
1000001,'S2-1_3',543,,90085,10,,,0,60,,90086,10,,,0,20,,90087,10,,,0,20,,90088,10,,,0,60,,90089,10,,,0,10,,90169,10,,,0,9,,90170,10,,,0,10,,90120,16,,,0,10,,90121,16,,,0,10,,90122,16,,,0,51,,90123,16,,,0,10,,90124,16,,,0,9,,90125,16,,,0,9,,90126,16,,,0,10,,90127,16,,,0,10,,90128,16,,,0,50,,90129,16,,,0,10,,90130,16,,,0,11,,90131,16,,,0,11,,90090,10,,,0,11,,90091,16,,,0,10,,90092,10,,,0,50,,90093,16,,,0,11,,90094,10,,,0,11,,90132,16,,,0,11,,90095,10,,,0,11,,90096,16,,,0,10,,90097,10,,,0,51,,90098,16,,,0,10,,90099,10,,,0,11,,90133,16,,,0,10,,90100,10,,,0,11,,90101,16,,,0,50,,90102,10,,,0,9,,90103,16,,,0,10,,90134,10,,,0,10,,90135,16,,,0,10,,90136,10,,,0,10,,90137,16,,,0,50,,90138,10,,,0,10,,90139,16,,,0,10,,90140,10,,,0,9,,90141,16,,,0,10,,90142,10,,,0,10,,90143,16,,,0,10,,90144,10,,,0,50,,90145,16,,,0,10,,90146,10,,,0,10,,90104,16,,,0,10,,90105,10,,,0,9,,90147,16,,,0,10,,90106,10,,,0,50,,90107,16,,,0,11,,90108,10,,,0,11,,90148,16,,,0,11,,90109,10,,,0,11,,90110,16,,,0,51,,90111,10,,,0,10,,90112,16,,,0,9,,90113,16,,,0,10,,90149,16,,,0,10,,90150,16,,,0,10,,90151,16,,,0,50,,90152,16,,,0,11,,90153,16,,,0,11,,90154,16,,,0,10,,90155,16,,,0,10,,90156,16,,,0,10,,90157,16,,,0,50,,90158,16,,,0,10,,90159,16,,,0,9,,90160,16,,,0,9,,90161,16,,,0,9,,90162,16,,,0,9,,90163,16,,,0,9,,90164,10,,,0,50,,90165,16,,,0,10,,90166,10,,,0,13,,90168,16,,,0,19,,90167,16,,,0,60,,90114,10,,,0,20,,90115,10,,,0,20,,90116,10,,,0,60,,90117,10,,,0,20,,90118,10,,,0,20,,90119,10,,,0
1000001,'S2-2_6',543,,90171,10,,,0,81,,90172,10,,,0,80,,90173,10,,,0,29,,90174,10,,,0,69,,90175,16,,,0,29,,90176,16,,,0,15,,90177,10,,,0,55,,90178,10,,,0,14,,90179,16,,,0,15,,90180,10,,,0,15,,90181,10,,,0,55,,90182,16,,,0,16,,90183,10,,,0,15,,90184,10,,,0,16,,90185,16,,,0,55,,90186,10,,,0,15,,90187,10,,,0,16,,90188,16,,,0,15,,90189,10,,,0,56,,90190,10,,,0,16,,90191,16,,,0,14,,90192,10,,,0,16,,90193,10,,,0,56,,90194,16,,,0,9,,90195,10,,,0,9,,90196,10,,,0,8,,90197,10,,,0,10,,90199,10,,,0,10,,90198,16,,,0,50,,90200,10,,,0,11,,90201,10,,,0,12,,90202,16,,,0,10,,90203,10,,,0,9,,90204,10,,,0,10,,90205,10,,,0,51,,90206,16,,,0,10,,90207,10,,,0,10,,90208,10,,,0,11,,90209,10,,,0,11,,90210,16,,,0,9,,90211,10,,,0,50,,90212,10,,,0,10,,90213,10,,,0,12,,90214,16,,,0,9,,90215,10,,,0,9,,90216,10,,,0,9,,90217,10,,,0,50,,90219,10,,,0,9,,90218,16,,,0,10,,90220,10,,,0,10,,90221,10,,,0,10,,90223,10,,,0,10,,90222,16,,,0,49,,90224,10,,,0,9,,90225,10,,,0,10,,90227,10,,,0,10,,90226,16,,,0,10,,90228,10,,,0,13,,90229,10,,,0,59,,90230,16,,,0,17,,90231,10,,,0,21,,90232,10,,,0,61,,90233,10,,,0,17,,90234,10,,,0,20,,90235,10,,,0,60,,90236,10,,,0,20,,90237,10,,,0,20,,90238,10,,,0
1000001,'S2-3_7',811,,90239,10,,,0,40,,90240,10,,,0,80,,90241,10,,,0,80,,90242,10,,,0,40,,90243,10,,,0,80,,90244,10,,,0,80,,90245,10,,,0,40,,90246,10,,,0,80,,90247,10,,,0,80,,90248,10,,,0,40,,90249,10,,,0,80,,90250,10,,,0,80,,90251,10,,,0,40,,90252,10,,,0,80,,90253,10,,,0,80,,90254,10,,,0,40,,90255,10,,,0,80,,90256,10,,,0
1000001,'S2-4_1',543,,90257,10,,,0,60,,90258,10,,,0,20,,90259,10,,,0,20,,90260,10,,,0,60,,90261,10,,,0,10,,90341,10,,,0,9,,90342,10,,,0,10,,90292,16,,,0,10,,90293,16,,,0,10,,90294,16,,,0,51,,90295,16,,,0,10,,90296,16,,,0,9,,90297,16,,,0,9,,90298,16,,,0,10,,90299,16,,,0,10,,90300,16,,,0,50,,90301,16,,,0,10,,90302,16,,,0,11,,90303,16,,,0,11,,90262,10,,,0,11,,90263,16,,,0,10,,90264,10,,,0,50,,90265,16,,,0,11,,90266,10,,,0,11,,90304,16,,,0,11,,90267,10,,,0,11,,90268,16,,,0,10,,90269,10,,,0,51,,90270,16,,,0,10,,90271,10,,,0,11,,90305,16,,,0,10,,90272,10,,,0,11,,90273,16,,,0,50,,90274,10,,,0,9,,90275,16,,,0,10,,90306,10,,,0,10,,90307,16,,,0,10,,90308,10,,,0,10,,90309,16,,,0,50,,90310,10,,,0,10,,90311,16,,,0,10,,90312,10,,,0,9,,90313,16,,,0,10,,90314,10,,,0,10,,90315,16,,,0,10,,90316,10,,,0,50,,90317,16,,,0,10,,90318,10,,,0,10,,90276,16,,,0,10,,90277,10,,,0,9,,90319,16,,,0,10,,90278,10,,,0,50,,90279,16,,,0,11,,90280,10,,,0,11,,90320,16,,,0,11,,90281,10,,,0,11,,90282,16,,,0,51,,90283,10,,,0,10,,90284,16,,,0,9,,90285,16,,,0,10,,90321,16,,,0,10,,90322,16,,,0,10,,90323,16,,,0,50,,90324,16,,,0,11,,90325,16,,,0,11,,90326,16,,,0,10,,90327,16,,,0,10,,90328,16,,,0,10,,90329,16,,,0,50,,90330,16,,,0,10,,90331,16,,,0,9,,90332,16,,,0,9,,90333,16,,,0,9,,90334,16,,,0,9,,90335,16,,,0,9,,90336,10,,,0,50,,90337,16,,,0,10,,90338,10,,,0,13,,90340,16,,,0,19,,90339,16,,,0,60,,90286,10,,,0,20,,90287,10,,,0,20,,90288,10,,,0,60,,90289,10,,,0,20,,90290,10,,,0,20,,90291,10,,,0
1000001,'S2-4_2',543,,90343,10,,,0,60,,90344,10,,,0,20,,90345,10,,,0,20,,90346,10,,,0,60,,90347,10,,,0,10,,90427,10,,,0,9,,90428,10,,,0,10,,90378,16,,,0,10,,90379,16,,,0,10,,90380,16,,,0,51,,90381,16,,,0,10,,90382,16,,,0,9,,90383,16,,,0,9,,90384,16,,,0,10,,90385,16,,,0,10,,90386,16,,,0,50,,90387,16,,,0,10,,90388,16,,,0,11,,90389,16,,,0,11,,90348,10,,,0,11,,90349,16,,,0,10,,90350,10,,,0,50,,90351,16,,,0,11,,90352,10,,,0,11,,90390,16,,,0,11,,90353,10,,,0,11,,90354,16,,,0,10,,90355,10,,,0,51,,90356,16,,,0,10,,90357,10,,,0,11,,90391,16,,,0,10,,90358,10,,,0,11,,90359,16,,,0,50,,90360,10,,,0,9,,90361,16,,,0,10,,90392,10,,,0,10,,90393,16,,,0,10,,90394,10,,,0,10,,90395,16,,,0,50,,90396,10,,,0,10,,90397,16,,,0,10,,90398,10,,,0,9,,90399,16,,,0,10,,90400,10,,,0,10,,90401,16,,,0,10,,90402,10,,,0,50,,90403,16,,,0,10,,90404,10,,,0,10,,90362,16,,,0,10,,90363,10,,,0,9,,90405,16,,,0,10,,90364,10,,,0,50,,90365,16,,,0,11,,90366,10,,,0,11,,90406,16,,,0,11,,90367,10,,,0,11,,90368,16,,,0,51,,90369,10,,,0,10,,90370,16,,,0,9,,90371,16,,,0,10,,90407,16,,,0,10,,90408,16,,,0,10,,90409,16,,,0,50,,90410,16,,,0,11,,90411,16,,,0,11,,90412,16,,,0,10,,90413,16,,,0,10,,90414,16,,,0,10,,90415,16,,,0,50,,90416,16,,,0,10,,90417,16,,,0,9,,90418,16,,,0,9,,90419,16,,,0,9,,90420,16,,,0,9,,90421,16,,,0,9,,90422,10,,,0,50,,90423,16,,,0,10,,90424,10,,,0,13,,90426,16,,,0,19,,90425,16,,,0,60,,90372,10,,,0,20,,90373,10,,,0,20,,90374,10,,,0,60,,90375,10,,,0,20,,90376,10,,,0,20,,90377,10,,,0
1000001,'S2-4_4',543,,90429,10,,,0,60,,90430,10,,,0,20,,90431,10,,,0,20,,90432,10,,,0,60,,90433,10,,,0,10,,90513,10,,,0,9,,90514,10,,,0,10,,90464,16,,,0,10,,90465,16,,,0,10,,90466,16,,,0,51,,90467,16,,,0,10,,90468,16,,,0,9,,90469,16,,,0,9,,90470,16,,,0,10,,90471,16,,,0,10,,90472,16,,,0,50,,90473,16,,,0,10,,90474,16,,,0,11,,90475,16,,,0,11,,90434,10,,,0,11,,90435,16,,,0,10,,90436,10,,,0,50,,90437,16,,,0,11,,90438,10,,,0,11,,90476,16,,,0,11,,90439,10,,,0,11,,90440,16,,,0,10,,90441,10,,,0,51,,90442,16,,,0,10,,90443,10,,,0,11,,90477,16,,,0,10,,90444,10,,,0,11,,90445,16,,,0,50,,90446,10,,,0,9,,90447,16,,,0,10,,90478,10,,,0,10,,90479,16,,,0,10,,90480,10,,,0,10,,90481,16,,,0,50,,90482,10,,,0,10,,90483,16,,,0,10,,90484,10,,,0,9,,90485,16,,,0,10,,90486,10,,,0,10,,90487,16,,,0,10,,90488,10,,,0,50,,90489,16,,,0,10,,90490,10,,,0,10,,90448,16,,,0,10,,90449,10,,,0,9,,90491,16,,,0,10,,90450,10,,,0,50,,90451,16,,,0,11,,90452,10,,,0,11,,90492,16,,,0,11,,90453,10,,,0,11,,90454,16,,,0,51,,90455,10,,,0,10,,90456,16,,,0,9,,90457,16,,,0,10,,90493,16,,,0,10,,90494,16,,,0,10,,90495,16,,,0,50,,90496,16,,,0,11,,90497,16,,,0,11,,90498,16,,,0,10,,90499,16,,,0,10,,90500,16,,,0,10,,90501,16,,,0,50,,90502,16,,,0,10,,90503,16,,,0,9,,90504,16,,,0,9,,90505,16,,,0,9,,90506,16,,,0,9,,90507,16,,,0,9,,90508,10,,,0,50,,90509,16,,,0,10,,90510,10,,,0,13,,90512,16,,,0,19,,90511,16,,,0,60,,90458,10,,,0,20,,90459,10,,,0,20,,90460,10,,,0,60,,90461,10,,,0,20,,90462,10,,,0,20,,90463,10,,,0
2000001,'S2-0_4',645,,90979,11,,,0,65,,90956,11,,,0,14,,90937,5,,,0,2,,90935,1,0,18 19,0,1,,90939,11,,,0,16,,90964,11,,,0,16,,90947,11,,,0,54,,90982,11,,,0,14,,90929,11,,,0,14,,90957,11,,,0,15,,90941,11,,,0,56,,90965,11,,,0,15,,90949,11,,,0,16,,90973,11,,,0,57,,90930,11,,,0,16,,90963,11,,,0,15,,90940,11,,,0,16,,90966,11,,,0,56,,90948,11,,,0,16,,90975,11,,,0,15,,90931,11,,,0,16,,90961,11,,,0,56,,90946,11,,,0,17,,90967,11,,,0,15,,90955,11,,,0,14,,90974,11,,,0,56,,90933,11,,,0,12,,90958,11,,,0,17,,90942,11,,,0,15,,90969,11,,,0,55,,90950,11,,,0,15,,90978,11,,,0,15,,90934,11,,,0,15,,90959,11,,,0,56,,90943,11,,,0,15,,90968,11,,,0,16,,90951,11,,,0,14,,90977,11,,,0,55,,90932,11,,,0,16,,90960,11,,,0,17,,90944,11,,,0,15,,90970,11,,,0,56,,90952,11,,,0,18,,90928,11,,,0,16,,90976,11,,,0,57,,90983,11,,,0,12,,90962,11,,,0,13,,90945,11,,,0,14,,90971,11,,,0,14,,90953,11,,,0,52,,90927,11,,,0,13,,90980,11,,,0,14,,90936,11,,,0,23,,90972,11,,,0,60,,90954,11,,,0,20,,90981,11,,,0,20,,90938,11,,,0
2000001,'S2-0_5',645,,91036,11,,,0,65,,91013,11,,,0,14,,90994,5,,,0,2,,90992,1,0,18 19,0,1,,90996,11,,,0,16,,91021,11,,,0,16,,91004,11,,,0,54,,91039,11,,,0,14,,90986,11,,,0,14,,91014,11,,,0,15,,90998,11,,,0,56,,91022,11,,,0,15,,91006,11,,,0,16,,91030,11,,,0,57,,90987,11,,,0,16,,91020,11,,,0,15,,90997,11,,,0,16,,91023,11,,,0,56,,91005,11,,,0,16,,91032,11,,,0,15,,90988,11,,,0,16,,91018,11,,,0,56,,91003,11,,,0,17,,91024,11,,,0,15,,91012,11,,,0,14,,91031,11,,,0,56,,90990,11,,,0,12,,91015,11,,,0,17,,90999,11,,,0,15,,91026,11,,,0,55,,91007,11,,,0,15,,91035,11,,,0,15,,90991,11,,,0,15,,91016,11,,,0,56,,91000,11,,,0,15,,91025,11,,,0,16,,91008,11,,,0,14,,91034,11,,,0,55,,90989,11,,,0,16,,91017,11,,,0,17,,91001,11,,,0,15,,91027,11,,,0,56,,91009,11,,,0,18,,90985,11,,,0,16,,91033,11,,,0,57,,91040,11,,,0,12,,91019,11,,,0,13,,91002,11,,,0,14,,91028,11,,,0,14,,91010,11,,,0,52,,90984,11,,,0,13,,91037,11,,,0,14,,90993,11,,,0,23,,91029,11,,,0,60,,91011,11,,,0,20,,91038,11,,,0,20,,90995,11,,,0
2000001,'S2-1_3',645,,91093,11,,,0,65,,91070,11,,,0,14,,91051,5,,,0,2,,91049,1,0,18 19,0,1,,91053,11,,,0,16,,91078,11,,,0,16,,91061,11,,,0,54,,91096,11,,,0,14,,91043,11,,,0,14,,91071,11,,,0,15,,91055,11,,,0,56,,91079,11,,,0,15,,91063,11,,,0,16,,91087,11,,,0,57,,91044,11,,,0,16,,91077,11,,,0,15,,91054,11,,,0,16,,91080,11,,,0,56,,91062,11,,,0,16,,91089,11,,,0,15,,91045,11,,,0,16,,91075,11,,,0,56,,91060,11,,,0,17,,91081,11,,,0,15,,91069,11,,,0,14,,91088,11,,,0,56,,91047,11,,,0,12,,91072,11,,,0,17,,91056,11,,,0,15,,91083,11,,,0,55,,91064,11,,,0,15,,91092,11,,,0,15,,91048,11,,,0,15,,91073,11,,,0,56,,91057,11,,,0,15,,91082,11,,,0,16,,91065,11,,,0,14,,91091,11,,,0,55,,91046,11,,,0,16,,91074,11,,,0,17,,91058,11,,,0,15,,91084,11,,,0,56,,91066,11,,,0,18,,91042,11,,,0,16,,91090,11,,,0,57,,91097,11,,,0,12,,91076,11,,,0,13,,91059,11,,,0,14,,91085,11,,,0,14,,91067,11,,,0,52,,91041,11,,,0,13,,91094,11,,,0,14,,91050,11,,,0,23,,91086,11,,,0,60,,91068,11,,,0,20,,91095,11,,,0,20,,91052,11,,,0
2000001,'S2-2_6',648,,91098,11,,,0,80,,91099,11,,,0,79,,91100,11,,,0,31,,91138,11,,,0,21,,91102,11,,,0,60,,91101,11,,,0,20,,91103,11,,,0,20,,91104,11,,,0,59,,91106,11,,,0,18,,91105,11,,,0,20,,91111,11,,,0,60,,91109,11,,,0,17,,91113,11,,,0,19,,91107,11,,,0,59,,91112,11,,,0,21,,91108,11,,,0,17,,91110,11,,,0,58,,91119,11,,,0,18,,91116,11,,,0,20,,91117,11,,,0,60,,91118,11,,,0,18,,91115,11,,,0,17,,91114,11,,,0,19,,91120,11,,,0,61,,91121,11,,,0,20,,91123,11,,,0,19,,91122,11,,,0,60,,91124,11,,,0,20,,91125,11,,,0,61,,91126,11,,,0,20,,91128,11,,,0,19,,91127,11,,,0,19,,91129,11,,,0,59,,91130,11,,,0,19,,91131,11,,,0,19,,91132,11,,,0,57,,91133,11,,,0,18,,91134,11,,,0,23,,91135,11,,,0,64,,91136,11,,,0,23,,91137,11,,,0
2000001,'S2-3_7',819,,91156,11,,,0,40,,91139,11,,,0,80,,91140,11,,,0,80,,91141,11,,,0,40,,91142,11,,,0,80,,91143,11,,,0,80,,91144,11,,,0,40,,91145,11,,,0,80,,91147,11,,,0,80,,91146,11,,,0,40,,91148,11,,,0,80,,91149,11,,,0,80,,91150,11,,,0,40,,91151,11,,,0,80,,91153,11,,,0,80,,91152,11,,,0,40,,91154,11,,,0,80,,91155,11,,,0
2000001,'S2-4_1',645,,91209,11,,,0,65,,91186,11,,,0,14,,91167,5,,,0,2,,91165,1,0,18 19,0,1,,91169,11,,,0,16,,91194,11,,,0,16,,91177,11,,,0,54,,91212,11,,,0,14,,91159,11,,,0,14,,91187,11,,,0,15,,91171,11,,,0,56,,91195,11,,,0,15,,91179,11,,,0,16,,91203,11,,,0,57,,91160,11,,,0,16,,91193,11,,,0,15,,91170,11,,,0,16,,91196,11,,,0,56,,91178,11,,,0,16,,91205,11,,,0,15,,91161,11,,,0,16,,91191,11,,,0,56,,91176,11,,,0,17,,91197,11,,,0,15,,91185,11,,,0,14,,91204,11,,,0,56,,91163,11,,,0,12,,91188,11,,,0,17,,91172,11,,,0,15,,91199,11,,,0,55,,91180,11,,,0,15,,91208,11,,,0,15,,91164,11,,,0,15,,91189,11,,,0,56,,91173,11,,,0,15,,91198,11,,,0,16,,91181,11,,,0,14,,91207,11,,,0,55,,91162,11,,,0,16,,91190,11,,,0,17,,91174,11,,,0,15,,91200,11,,,0,56,,91182,11,,,0,18,,91158,11,,,0,16,,91206,11,,,0,57,,91213,11,,,0,12,,91192,11,,,0,13,,91175,11,,,0,14,,91201,11,,,0,14,,91183,11,,,0,52,,91157,11,,,0,13,,91210,11,,,0,14,,91166,11,,,0,23,,91202,11,,,0,60,,91184,11,,,0,20,,91211,11,,,0,20,,91168,11,,,0
2000001,'S2-4_2',645,,91266,11,,,0,65,,91243,11,,,0,14,,91224,5,,,0,2,,91222,1,0,18 19,0,1,,91226,11,,,0,16,,91251,11,,,0,16,,91234,11,,,0,54,,91269,11,,,0,14,,91216,11,,,0,14,,91244,11,,,0,15,,91228,11,,,0,56,,91252,11,,,0,15,,91236,11,,,0,16,,91260,11,,,0,57,,91217,11,,,0,16,,91250,11,,,0,15,,91227,11,,,0,16,,91253,11,,,0,56,,91235,11,,,0,16,,91262,11,,,0,15,,91218,11,,,0,16,,91248,11,,,0,56,,91233,11,,,0,17,,91254,11,,,0,15,,91242,11,,,0,14,,91261,11,,,0,56,,91220,11,,,0,12,,91245,11,,,0,17,,91229,11,,,0,15,,91256,11,,,0,55,,91237,11,,,0,15,,91265,11,,,0,15,,91221,11,,,0,15,,91246,11,,,0,56,,91230,11,,,0,15,,91255,11,,,0,16,,91238,11,,,0,14,,91264,11,,,0,55,,91219,11,,,0,16,,91247,11,,,0,17,,91231,11,,,0,15,,91257,11,,,0,56,,91239,11,,,0,18,,91215,11,,,0,16,,91263,11,,,0,57,,91270,11,,,0,12,,91249,11,,,0,13,,91232,11,,,0,14,,91258,11,,,0,14,,91240,11,,,0,52,,91214,11,,,0,13,,91267,11,,,0,14,,91223,11,,,0,23,,91259,11,,,0,60,,91241,11,,,0,20,,91268,11,,,0,20,,91225,11,,,0
2000001,'S2-4_4',645,,91323,11,,,0,65,,91300,11,,,0,14,,91281,5,,,0,2,,91279,1,0,18 19,0,1,,91283,11,,,0,16,,91308,11,,,0,16,,91291,11,,,0,54,,91326,11,,,0,14,,91273,11,,,0,14,,91301,11,,,0,15,,91285,11,,,0,56,,91309,11,,,0,15,,91293,11,,,0,16,,91317,11,,,0,57,,91274,11,,,0,16,,91307,11,,,0,15,,91284,11,,,0,16,,91310,11,,,0,56,,91292,11,,,0,16,,91319,11,,,0,15,,91275,11,,,0,16,,91305,11,,,0,56,,91290,11,,,0,17,,91311,11,,,0,15,,91299,11,,,0,14,,91318,11,,,0,56,,91277,11,,,0,12,,91302,11,,,0,17,,91286,11,,,0,15,,91313,11,,,0,55,,91294,11,,,0,15,,91322,11,,,0,15,,91278,11,,,0,15,,91303,11,,,0,56,,91287,11,,,0,15,,91312,11,,,0,16,,91295,11,,,0,14,,91321,11,,,0,55,,91276,11,,,0,16,,91304,11,,,0,17,,91288,11,,,0,15,,91314,11,,,0,56,,91296,11,,,0,18,,91272,11,,,0,16,,91320,11,,,0,57,,91327,11,,,0,12,,91306,11,,,0,13,,91289,11,,,0,14,,91315,11,,,0,14,,91297,11,,,0,52,,91271,11,,,0,13,,91324,11,,,0,14,,91280,11,,,0,23,,91316,11,,,0,60,,91298,11,,,0,20,,91325,11,,,0,20,,91282,11,,,0
2900301,'S2-0_4',1659,,91370,1,,,0,68,,91371,1,,,0,73,,91372,1,,,0,23,,91373,1,,,0
2900301,'S2-0_5',1659,,91374,1,,,0,68,,91375,1,,,0,73,,91376,1,,,0,23,,91377,1,,,0
2900301,'S2-1_3',1659,,91378,1,,,0,68,,91379,1,,,0,73,,91380,1,,,0,23,,91381,1,,,0
2900301,'S2-4_1',1659,,91382,1,,,0,68,,91383,1,,,0,73,,91384,1,,,0,23,,91385,1,,,0
2900301,'S2-4_2',1659,,91386,1,,,0,68,,91387,1,,,0,73,,91388,1,,,0,23,,91389,1,,,0
2900301,'S2-4_4',1659,,91390,1,,,0,68,,91391,1,,,0,73,,91392,1,,,0,23,,91393,1,,,0
2900501,'S2-0_4',1730,,91430,2,,,0,110,,91431,2,,,0
2900501,'S2-0_5',1730,,91432,2,,,0,110,,91433,2,,,0
2900501,'S2-1_3',1235,,91434,2,,,0,495,,91435,2,,,0,110,,91436,2,,,0
2900501,'S2-4_1',1730,,91437,2,,,0,110,,91438,2,,,0
2900501,'S2-4_2',1730,,91439,2,,,0,110,,91440,2,,,0
2900501,'S2-4_4',1730,,91441,2,,,0,110,,91442,2,,,0
3000001,'S2-0_4',658,,91893,18,,,0,62,,91852,18,,,0,20,,91853,18,,,0,60,,91854,18,,,0,20,,91855,18,,,0,20,,91856,18,,,0,60,,91857,18,,,0,20,,91858,18,,,0,20,,91859,18,,,0,60,,91860,18,,,0,20,,91861,18,,,0,20,,91862,18,,,0,60,,91863,18,,,0,19,,91864,18,,,0,19,,91865,18,,,0,21,,91866,18,,,0,61,,91867,18,,,0,20,,91868,18,,,0,60,,91869,18,,,0,19,,91870,18,,,0,20,,91871,18,,,0,20,,91872,18,,,0,60,,91873,18,,,0,20,,91874,18,,,0,61,,91875,18,,,0,21,,91876,18,,,0,22,,91877,18,,,0,60,,91878,18,,,0,20,,91879,18,,,0,19,,91880,18,,,0,63,,91881,18,,,0,23,,91882,18,,,0,18,,91883,18,,,0,59,,91884,18,,,0,16,,91885,18,,,0,18,,91886,18,,,0,61,,91887,18,,,0,20,,91888,18,,,0,22,,91889,18,,,0,66,,91890,18,,,0,28,,91891,18,,,0,71,,91892,18,,,0
3000001,'S2-0_5',658,,91942,18,,,0,62,,91901,18,,,0,20,,91902,18,,,0,60,,91903,18,,,0,20,,91904,18,,,0,20,,91905,18,,,0,60,,91906,18,,,0,20,,91907,18,,,0,20,,91908,18,,,0,60,,91909,18,,,0,20,,91910,18,,,0,20,,91911,18,,,0,60,,91912,18,,,0,19,,91913,18,,,0,19,,91914,18,,,0,21,,91915,18,,,0,61,,91916,18,,,0,20,,91917,18,,,0,60,,91918,18,,,0,19,,91919,18,,,0,20,,91920,18,,,0,20,,91921,18,,,0,60,,91922,18,,,0,20,,91923,18,,,0,61,,91924,18,,,0,21,,91925,18,,,0,22,,91926,18,,,0,60,,91927,18,,,0,20,,91928,18,,,0,19,,91929,18,,,0,63,,91930,18,,,0,23,,91931,18,,,0,18,,91932,18,,,0,59,,91933,18,,,0,16,,91934,18,,,0,18,,91935,18,,,0,61,,91936,18,,,0,20,,91937,18,,,0,22,,91938,18,,,0,66,,91939,18,,,0,28,,91940,18,,,0,71,,91941,18,,,0
3000001,'S2-1_3',658,,91991,18,,,0,62,,91950,18,,,0,20,,91951,18,,,0,60,,91952,18,,,0,20,,91953,18,,,0,20,,91954,18,,,0,60,,91955,18,,,0,20,,91956,18,,,0,20,,91957,18,,,0,60,,91958,18,,,0,20,,91959,18,,,0,20,,91960,18,,,0,60,,91961,18,,,0,19,,91962,18,,,0,19,,91963,18,,,0,21,,91964,18,,,0,61,,91965,18,,,0,20,,91966,18,,,0,60,,91967,18,,,0,19,,91968,18,,,0,20,,91969,18,,,0,20,,91970,18,,,0,60,,91971,18,,,0,20,,91972,18,,,0,61,,91973,18,,,0,21,,91974,18,,,0,22,,91975,18,,,0,60,,91976,18,,,0,20,,91977,18,,,0,19,,91978,18,,,0,63,,91979,18,,,0,23,,91980,18,,,0,18,,91981,18,,,0,59,,91982,18,,,0,16,,91983,18,,,0,18,,91984,18,,,0,61,,91985,18,,,0,20,,91986,18,,,0,22,,91987,18,,,0,66,,91988,18,,,0,28,,91989,18,,,0,71,,91990,18,,,0
3000001,'S2-2_6',650,,91999,18,,,0,81,,92000,18,,,0,84,,92001,18,,,0,38,,92002,18,,,0,61,,92003,18,,,0,19,,92004,18,,,0,21,,92005,18,,,0,60,,92006,18,,,0,20,,92007,18,,,0,20,,92008,18,,,0,60,,92009,18,,,0,19,,92010,18,,,0,21,,92011,18,,,0,61,,92012,18,,,0,19,,92013,18,,,0,19,,92014,18,,,0,60,,92015,18,,,0,20,,92016,18,,,0,20,,92017,18,,,0,61,,92018,18,,,0,20,,92019,18,,,0,20,,92020,18,,,0,61,,92021,18,,,0,20,,92022,18,,,0,20,,92023,18,,,0,60,,92024,18,,,0,20,,92025,18,,,0,21,,92026,18,,,0,60,,92027,18,,,0,20,,92028,18,,,0,19,,92029,18,,,0,59,,92030,18,,,0,20,,92031,18,,,0,20,,92032,18,,,0,58,,92033,18,,,0,31,,92035,18,,,0,67,,92036,18,,,0,30,,92034,18,,,0,69,,92037,18,,,0
3000001,'S2-3_7',856,,92038,18,,,0,170,,92046,18,,,0,130,,92045,18,,,0,170,,92044,18,,,0,130,,92041,18,,,0,170,,92042,18,,,0,130,,92043,18,,,0,170,,92040,18,,,0,130,,92039,18,,,0
3000001,'S2-4_1',658,,92088,18,,,0,62,,92047,18,,,0,20,,92048,18,,,0,60,,92049,18,,,0,20,,92050,18,,,0,20,,92051,18,,,0,60,,92052,18,,,0,20,,92053,18,,,0,20,,92054,18,,,0,60,,92055,18,,,0,20,,92056,18,,,0,20,,92057,18,,,0,60,,92058,18,,,0,19,,92059,18,,,0,19,,92060,18,,,0,21,,92061,18,,,0,61,,92062,18,,,0,20,,92063,18,,,0,60,,92064,18,,,0,19,,92065,18,,,0,20,,92066,18,,,0,20,,92067,18,,,0,60,,92068,18,,,0,20,,92069,18,,,0,61,,92070,18,,,0,21,,92071,18,,,0,22,,92072,18,,,0,60,,92073,18,,,0,20,,92074,18,,,0,19,,92075,18,,,0,63,,92076,18,,,0,23,,92077,18,,,0,18,,92078,18,,,0,59,,92079,18,,,0,16,,92080,18,,,0,18,,92081,18,,,0,61,,92082,18,,,0,20,,92083,18,,,0,22,,92084,18,,,0,66,,92085,18,,,0,28,,92086,18,,,0,71,,92087,18,,,0
3000001,'S2-4_2',658,,92137,18,,,0,62,,92096,18,,,0,20,,92097,18,,,0,60,,92098,18,,,0,20,,92099,18,,,0,20,,92100,18,,,0,60,,92101,18,,,0,20,,92102,18,,,0,20,,92103,18,,,0,60,,92104,18,,,0,20,,92105,18,,,0,20,,92106,18,,,0,60,,92107,18,,,0,19,,92108,18,,,0,19,,92109,18,,,0,21,,92110,18,,,0,61,,92111,18,,,0,20,,92112,18,,,0,60,,92113,18,,,0,19,,92114,18,,,0,20,,92115,18,,,0,20,,92116,18,,,0,60,,92117,18,,,0,20,,92118,18,,,0,61,,92119,18,,,0,21,,92120,18,,,0,22,,92121,18,,,0,60,,92122,18,,,0,20,,92123,18,,,0,19,,92124,18,,,0,63,,92125,18,,,0,23,,92126,18,,,0,18,,92127,18,,,0,59,,92128,18,,,0,16,,92129,18,,,0,18,,92130,18,,,0,61,,92131,18,,,0,20,,92132,18,,,0,22,,92133,18,,,0,66,,92134,18,,,0,28,,92135,18,,,0,71,,92136,18,,,0
3000001,'S2-4_4',658,,92186,18,,,0,62,,92145,18,,,0,20,,92146,18,,,0,60,,92147,18,,,0,20,,92148,18,,,0,20,,92149,18,,,0,60,,92150,18,,,0,20,,92151,18,,,0,20,,92152,18,,,0,60,,92153,18,,,0,20,,92154,18,,,0,20,,92155,18,,,0,60,,92156,18,,,0,19,,92157,18,,,0,19,,92158,18,,,0,21,,92159,18,,,0,61,,92160,18,,,0,20,,92161,18,,,0,60,,92162,18,,,0,19,,92163,18,,,0,20,,92164,18,,,0,20,,92165,18,,,0,60,,92166,18,,,0,20,,92167,18,,,0,61,,92168,18,,,0,21,,92169,18,,,0,22,,92170,18,,,0,60,,92171,18,,,0,20,,92172,18,,,0,19,,92173,18,,,0,63,,92174,18,,,0,23,,92175,18,,,0,18,,92176,18,,,0,59,,92177,18,,,0,16,,92178,18,,,0,18,,92179,18,,,0,61,,92180,18,,,0,20,,92181,18,,,0,22,,92182,18,,,0,66,,92183,18,,,0,28,,92184,18,,,0,71,,92185,18,,,0
4000000,'S2-0_4',635,,92238,4,0,45,0,18,,92194,4,0,46,0,67,,92216,4,0,45,0,26,,92195,4,0,46,0,56,,92217,4,0,45,0,19,,92196,4,0,46,0,21,,92218,4,0,45,0,61,,92197,4,0,46,0,17,,92219,4,0,45,0,19,,92198,4,0,46,0,19,,92220,4,0,45,0,59,,92199,4,0,46,0,20,,92221,4,0,45,0,20,,92200,4,0,46,0,60,,92222,4,0,45,0,20,,92201,4,0,46,0,20,,92223,4,0,45,0,62,,92202,4,0,46,0,19,,92224,4,0,45,0,18,,92203,4,0,46,0,59,,92225,4,0,45,0,23,,92204,4,0,46,0,21,,92226,4,0,45,0,60,,92205,4,0,46,0,19,,92227,4,0,45,0,20,,92206,4,0,46,0,60,,92228,4,0,45,0,18,,92207,4,0,46,0,21,,92229,4,0,45,0,63,,92208,4,0,46,0,22,,92230,4,0,45,0,63,,92209,4,0,46,0,22,,92231,4,0,45,0,22,,92210,4,0,46,0,57,,92232,4,0,45,0,18,,92211,4,0,46,0,16,,92233,4,0,45,0,15,,92212,4,0,46,0,60,,92234,4,0,45,0,20,,92213,4,0,46,0,20,,92235,4,0,45,0,60,,92214,4,0,46,0
4000000,'S2-0_5',635,,92283,4,0,45,0,18,,92239,4,0,46,0,67,,92261,4,0,45,0,26,,92240,4,0,46,0,56,,92262,4,0,45,0,19,,92241,4,0,46,0,21,,92263,4,0,45,0,61,,92242,4,0,46,0,17,,92264,4,0,45,0,19,,92243,4,0,46,0,19,,92265,4,0,45,0,59,,92244,4,0,46,0,20,,92266,4,0,45,0,20,,92245,4,0,46,0,60,,92267,4,0,45,0,20,,92246,4,0,46,0,20,,92268,4,0,45,0,62,,92247,4,0,46,0,19,,92269,4,0,45,0,18,,92248,4,0,46,0,59,,92270,4,0,45,0,23,,92249,4,0,46,0,21,,92271,4,0,45,0,60,,92250,4,0,46,0,19,,92272,4,0,45,0,20,,92251,4,0,46,0,60,,92273,4,0,45,0,18,,92252,4,0,46,0,21,,92274,4,0,45,0,63,,92253,4,0,46,0,22,,92275,4,0,45,0,63,,92254,4,0,46,0,22,,92276,4,0,45,0,22,,92255,4,0,46,0,57,,92277,4,0,45,0,18,,92256,4,0,46,0,16,,92278,4,0,45,0,15,,92257,4,0,46,0,60,,92279,4,0,45,0,20,,92258,4,0,46,0,20,,92280,4,0,45,0,60,,92259,4,0,46,0
4000000,'S2-1_3',635,,92328,4,0,45,0,18,,92284,4,0,46,0,67,,92306,4,0,45,0,26,,92285,4,0,46,0,56,,92307,4,0,45,0,19,,92286,4,0,46,0,21,,92308,4,0,45,0,61,,92287,4,0,46,0,17,,92309,4,0,45,0,19,,92288,4,0,46,0,19,,92310,4,0,45,0,59,,92289,4,0,46,0,20,,92311,4,0,45,0,20,,92290,4,0,46,0,60,,92312,4,0,45,0,20,,92291,4,0,46,0,20,,92313,4,0,45,0,62,,92292,4,0,46,0,19,,92314,4,0,45,0,18,,92293,4,0,46,0,59,,92315,4,0,45,0,23,,92294,4,0,46,0,21,,92316,4,0,45,0,60,,92295,4,0,46,0,19,,92317,4,0,45,0,20,,92296,4,0,46,0,60,,92318,4,0,45,0,18,,92297,4,0,46,0,21,,92319,4,0,45,0,63,,92298,4,0,46,0,22,,92320,4,0,45,0,63,,92299,4,0,46,0,22,,92321,4,0,45,0,22,,92300,4,0,46,0,57,,92322,4,0,45,0,18,,92301,4,0,46,0,16,,92323,4,0,45,0,15,,92302,4,0,46,0,60,,92324,4,0,45,0,20,,92303,4,0,46,0,20,,92325,4,0,45,0,60,,92304,4,0,46,0
4000000,'S2-2_6',635,,92373,4,0,46,0,18,,92329,4,0,45,0,62,,92351,4,0,46,0,20,,92330,4,0,45,0,20,,92352,4,0,46,0,61,,92331,4,0,45,0,20,,92353,4,0,46,0,20,,92332,4,0,45,0,60,,92354,4,0,46,0,22,,92333,4,0,45,0,19,,92355,4,0,46,0,61,,92334,4,0,45,0,21,,92356,4,0,46,0,61,,92335,4,0,45,0,21,,92357,4,0,46,0,21,,92336,4,0,45,0,62,,92358,4,0,46,0,21,,92337,4,0,45,0,20,,92359,4,0,45,0,61,,92338,4,0,46,0,21,,92360,4,0,45,0,18,,92339,4,0,46,0,59,,92361,4,0,45,0,18,,92340,4,0,46,0,18,,92362,4,0,45,0,19,,92341,4,0,46,0,60,,92363,4,0,45,0,20,,92342,4,0,46,0,20,,92364,4,0,45,0,60,,92343,4,0,46,0,20,,92365,4,0,45,0,61,,92344,4,0,46,0,20,,92366,4,0,45,0,20,,92345,4,0,46,0,19,,92367,4,0,45,0,60,,92346,4,0,46,0,19,,92368,4,0,45,0,19,,92347,4,0,46,0,60,,92369,4,0,45,0,19,,92348,4,0,46,0,20,,92370,4,0,45,0,60,,92349,4,0,46,0
4000000,'S2-3_7',822,,92374,4,0,46,0,110,,92379,4,0,45,0,110,,92375,4,0,46,0,110,,92380,4,0,45,0,150,,92376,4,0,46,0,110,,92381,4,0,45,0,110,,92377,4,0,46,0,110,,92382,4,0,45,0,110,,92378,4,0,46,0,110,,92383,4,0,45,0
4000000,'S2-4_1',635,,92429,4,0,45,0,18,,92385,4,0,46,0,67,,92407,4,0,45,0,26,,92386,4,0,46,0,56,,92408,4,0,45,0,19,,92387,4,0,46,0,21,,92409,4,0,45,0,61,,92388,4,0,46,0,17,,92410,4,0,45,0,19,,92389,4,0,46,0,19,,92411,4,0,45,0,59,,92390,4,0,46,0,20,,92412,4,0,45,0,20,,92391,4,0,46,0,60,,92413,4,0,45,0,20,,92392,4,0,46,0,20,,92414,4,0,45,0,62,,92393,4,0,46,0,19,,92415,4,0,45,0,18,,92394,4,0,46,0,59,,92416,4,0,45,0,23,,92395,4,0,46,0,21,,92417,4,0,45,0,60,,92396,4,0,46,0,19,,92418,4,0,45,0,20,,92397,4,0,46,0,60,,92419,4,0,45,0,18,,92398,4,0,46,0,21,,92420,4,0,45,0,63,,92399,4,0,46,0,22,,92421,4,0,45,0,63,,92400,4,0,46,0,22,,92422,4,0,45,0,22,,92401,4,0,46,0,57,,92423,4,0,45,0,18,,92402,4,0,46,0,16,,92424,4,0,45,0,15,,92403,4,0,46,0,60,,92425,4,0,45,0,20,,92404,4,0,46,0,20,,92426,4,0,45,0,60,,92405,4,0,46,0
4000000,'S2-4_2',635,,92474,4,0,45,0,18,,92430,4,0,46,0,67,,92452,4,0,45,0,26,,92431,4,0,46,0,56,,92453,4,0,45,0,19,,92432,4,0,46,0,21,,92454,4,0,45,0,61,,92433,4,0,46,0,17,,92455,4,0,45,0,19,,92434,4,0,46,0,19,,92456,4,0,45,0,59,,92435,4,0,46,0,20,,92457,4,0,45,0,20,,92436,4,0,46,0,60,,92458,4,0,45,0,20,,92437,4,0,46,0,20,,92459,4,0,45,0,62,,92438,4,0,46,0,19,,92460,4,0,45,0,18,,92439,4,0,46,0,59,,92461,4,0,45,0,23,,92440,4,0,46,0,21,,92462,4,0,45,0,60,,92441,4,0,46,0,19,,92463,4,0,45,0,20,,92442,4,0,46,0,60,,92464,4,0,45,0,18,,92443,4,0,46,0,21,,92465,4,0,45,0,63,,92444,4,0,46,0,22,,92466,4,0,45,0,63,,92445,4,0,46,0,22,,92467,4,0,45,0,22,,92446,4,0,46,0,57,,92468,4,0,45,0,18,,92447,4,0,46,0,16,,92469,4,0,45,0,15,,92448,4,0,46,0,60,,92470,4,0,45,0,20,,92449,4,0,46,0,20,,92471,4,0,45,0,60,,92450,4,0,46,0
4000000,'S2-4_4',635,,92519,4,0,45,0,18,,92475,4,0,46,0,67,,92497,4,0,45,0,26,,92476,4,0,46,0,56,,92498,4,0,45,0,19,,92477,4,0,46,0,21,,92499,4,0,45,0,61,,92478,4,0,46,0,17,,92500,4,0,45,0,19,,92479,4,0,46,0,19,,92501,4,0,45,0,59,,92480,4,0,46,0,20,,92502,4,0,45,0,20,,92481,4,0,46,0,60,,92503,4,0,45,0,20,,92482,4,0,46,0,20,,92504,4,0,45,0,62,,92483,4,0,46,0,19,,92505,4,0,45,0,18,,92484,4,0,46,0,59,,92506,4,0,45,0,23,,92485,4,0,46,0,21,,92507,4,0,45,0,60,,92486,4,0,46,0,19,,92508,4,0,45,0,20,,92487,4,0,46,0,60,,92509,4,0,45,0,18,,92488,4,0,46,0,21,,92510,4,0,45,0,63,,92489,4,0,46,0,22,,92511,4,0,45,0,63,,92490,4,0,46,0,22,,92512,4,0,45,0,22,,92491,4,0,46,0,57,,92513,4,0,45,0,18,,92492,4,0,46,0,16,,92514,4,0,45,0,15,,92493,4,0,46,0,60,,92515,4,0,45,0,20,,92494,4,0,46,0,20,,92516,4,0,45,0,60,,92495,4,0,46,0
4000001,'S2-0_4',700,,92520,19,,,0,20,,92538,17,,,0,20,,92521,19,,,0,60,,92562,17,,,0,20,,92522,19,,,0,20,,92539,17,,,0,60,,92523,19,,,0,20,,92540,17,,,0,20,,92524,19,,,0,60,,92541,17,,,0,20,,92561,19,,,0,20,,92542,17,,,0,60,,92525,19,,,0,20,,92543,17,,,0,20,,92526,19,,,0,60,,92544,17,,,0,20,,92527,19,,,0,20,,92545,17,,,0,60,,92528,19,,,0,20,,92546,17,,,0,20,,92529,19,,,0,60,,92547,17,,,0,20,,92560,19,,,0,20,,92548,17,,,0,60,,92530,19,,,0,20,,92549,17,,,0,20,,92531,19,,,0,60,,92550,17,,,0,20,,92559,19,,,0,20,,92551,17,,,0,60,,92532,19,,,0,22,,92552,17,,,0,18,,92533,19,,,0,60,,92553,17,,,0,20,,92534,19,,,0,20,,92554,17,,,0,60,,92535,19,,,0,20,,92555,17,,,0,20,,92536,19,,,0,60,,92556,17,,,0,20,,92557,17,,,0,20,,92537,19,,,0,70,,92558,17,,,0
4000001,'S2-0_5',700,,92563,19,,,0,20,,92581,17,,,0,20,,92564,19,,,0,60,,92605,17,,,0,20,,92565,19,,,0,20,,92582,17,,,0,60,,92566,19,,,0,20,,92583,17,,,0,20,,92567,19,,,0,60,,92584,17,,,0,20,,92604,19,,,0,20,,92585,17,,,0,60,,92568,19,,,0,20,,92586,17,,,0,20,,92569,19,,,0,60,,92587,17,,,0,20,,92570,19,,,0,20,,92588,17,,,0,60,,92571,19,,,0,20,,92589,17,,,0,20,,92572,19,,,0,60,,92590,17,,,0,20,,92603,19,,,0,20,,92591,17,,,0,60,,92573,19,,,0,20,,92592,17,,,0,20,,92574,19,,,0,60,,92593,17,,,0,20,,92602,19,,,0,20,,92594,17,,,0,60,,92575,19,,,0,22,,92595,17,,,0,18,,92576,19,,,0,60,,92596,17,,,0,20,,92577,19,,,0,20,,92597,17,,,0,60,,92578,19,,,0,20,,92598,17,,,0,20,,92579,19,,,0,60,,92599,17,,,0,20,,92600,17,,,0,20,,92580,19,,,0,70,,92601,17,,,0
4000001,'S2-1_3',700,,92606,19,,,0,20,,92624,17,,,0,20,,92607,19,,,0,60,,92648,17,,,0,20,,92608,19,,,0,20,,92625,17,,,0,60,,92609,19,,,0,20,,92626,17,,,0,20,,92610,19,,,0,60,,92627,17,,,0,20,,92647,19,,,0,20,,92628,17,,,0,60,,92611,19,,,0,20,,92629,17,,,0,20,,92612,19,,,0,60,,92630,17,,,0,20,,92613,19,,,0,20,,92631,17,,,0,60,,92614,19,,,0,20,,92632,17,,,0,20,,92615,19,,,0,60,,92633,17,,,0,20,,92646,19,,,0,20,,92634,17,,,0,60,,92616,19,,,0,20,,92635,17,,,0,20,,92617,19,,,0,60,,92636,17,,,0,20,,92645,19,,,0,20,,92637,17,,,0,60,,92618,19,,,0,22,,92638,17,,,0,18,,92619,19,,,0,60,,92639,17,,,0,20,,92620,19,,,0,20,,92640,17,,,0,60,,92621,19,,,0,20,,92641,17,,,0,20,,92622,19,,,0,60,,92642,17,,,0,20,,92643,17,,,0,20,,92623,19,,,0,70,,92644,17,,,0
4000001,'S2-2_6',659,,92649,19,,,0,60,,92670,17,,,0,20,,92650,19,,,0,20,,92671,17,,,0,60,,92651,19,,,0,20,,92672,17,,,0,20,,92652,19,,,0,61,,92673,17,,,0,20,,92653,19,,,0,61,,92674,17,,,0,21,,92654,19,,,0,21,,92675,17,,,0,61,,92655,19,,,0,21,,92676,17,,,0,22,,92656,19,,,0,60,,92677,17,,,0,21,,92657,19,,,0,21,,92678,17,,,0,61,,92658,19,,,0,18,,92679,17,,,0,18,,92659,19,,,0,58,,92680,17,,,0,18,,92660,19,,,0,19,,92681,17,,,0,60,,92661,19,,,0,20,,92682,17,,,0,20,,92662,19,,,0,60,,92683,17,,,0,20,,92663,19,,,0,19,,92684,17,,,0,60,,92664,19,,,0,20,,92685,17,,,0,20,,92665,19,,,0,60,,92686,17,,,0,21,,92666,19,,,0,20,,92687,17,,,0,60,,92667,19,,,0,20,,92688,17,,,0,20,,92668,17,,,0,60,,92689,19,,,0,20,,92691,17,,,0,20,,92669,19,,,0,70,,92690,17,,,0
4000001,'S2-3_7',915,,92693,19,,,0,110,,92698,17,,,0,110,,92694,19,,,0,110,,92699,17,,,0,110,,92695,19,,,0,150,,92700,17,,,0,110,,92696,19,,,0,110,,92701,17,,,0,110,,92697,19,,,0,110,,92692,17,,,0
4000001,'S2-4_1',700,,92702,19,,,0,20,,92720,17,,,0,20,,92703,19,,,0,60,,92744,17,,,0,20,,92704,19,,,0,20,,92721,17,,,0,60,,92705,19,,,0,20,,92722,17,,,0,20,,92706,19,,,0,60,,92723,17,,,0,20,,92743,19,,,0,20,,92724,17,,,0,60,,92707,19,,,0,20,,92725,17,,,0,20,,92708,19,,,0,60,,92726,17,,,0,20,,92709,19,,,0,20,,92727,17,,,0,60,,92710,19,,,0,20,,92728,17,,,0,20,,92711,19,,,0,60,,92729,17,,,0,20,,92742,19,,,0,20,,92730,17,,,0,60,,92712,19,,,0,20,,92731,17,,,0,20,,92713,19,,,0,60,,92732,17,,,0,20,,92741,19,,,0,20,,92733,17,,,0,60,,92714,19,,,0,22,,92734,17,,,0,18,,92715,19,,,0,60,,92735,17,,,0,20,,92716,19,,,0,20,,92736,17,,,0,60,,92717,19,,,0,20,,92737,17,,,0,20,,92718,19,,,0,60,,92738,17,,,0,20,,92739,17,,,0,20,,92719,19,,,0,70,,92740,17,,,0
4000001,'S2-4_2',700,,92745,19,,,0,20,,92763,17,,,0,20,,92746,19,,,0,60,,92787,17,,,0,20,,92747,19,,,0,20,,92764,17,,,0,60,,92748,19,,,0,20,,92765,17,,,0,20,,92749,19,,,0,60,,92766,17,,,0,20,,92786,19,,,0,20,,92767,17,,,0,60,,92750,19,,,0,20,,92768,17,,,0,20,,92751,19,,,0,60,,92769,17,,,0,20,,92752,19,,,0,20,,92770,17,,,0,60,,92753,19,,,0,20,,92771,17,,,0,20,,92754,19,,,0,60,,92772,17,,,0,20,,92785,19,,,0,20,,92773,17,,,0,60,,92755,19,,,0,20,,92774,17,,,0,20,,92756,19,,,0,60,,92775,17,,,0,20,,92784,19,,,0,20,,92776,17,,,0,60,,92757,19,,,0,22,,92777,17,,,0,18,,92758,19,,,0,60,,92778,17,,,0,20,,92759,19,,,0,20,,92779,17,,,0,60,,92760,19,,,0,20,,92780,17,,,0,20,,92761,19,,,0,60,,92781,17,,,0,20,,92782,17,,,0,20,,92762,19,,,0,70,,92783,17,,,0
4000001,'S2-4_4',700,,92788,19,,,0,20,,92806,17,,,0,20,,92789,19,,,0,60,,92830,17,,,0,20,,92790,19,,,0,20,,92807,17,,,0,60,,92791,19,,,0,20,,92808,17,,,0,20,,92792,19,,,0,60,,92809,17,,,0,20,,92829,19,,,0,20,,92810,17,,,0,60,,92793,19,,,0,20,,92811,17,,,0,20,,92794,19,,,0,60,,92812,17,,,0,20,,92795,19,,,0,20,,92813,17,,,0,60,,92796,19,,,0,20,,92814,17,,,0,20,,92797,19,,,0,60,,92815,17,,,0,20,,92828,19,,,0,20,,92816,17,,,0,60,,92798,19,,,0,20,,92817,17,,,0,20,,92799,19,,,0,60,,92818,17,,,0,20,,92827,19,,,0,20,,92819,17,,,0,60,,92800,19,,,0,22,,92820,17,,,0,18,,92801,19,,,0,60,,92821,17,,,0,20,,92802,19,,,0,20,,92822,17,,,0,60,,92803,19,,,0,20,,92823,17,,,0,20,,92804,19,,,0,60,,92824,17,,,0,20,,92825,17,,,0,20,,92805,19,,,0,70,,92826,17,,,0
