401,'S2-0_4',851,,85930,55,,,0,297,,85932,53,,,0,157,,85931,55,,,0,101,,85933,53,,,0,140,,85934,53,,,0,275,,85929,56,,,0,185,,85935,53,,,0
401,'S2-0_5',851,,85962,55,,,0,297,,85964,53,,,0,157,,85963,55,,,0,101,,85965,53,,,0,140,,85966,53,,,0,275,,85961,56,,,0,185,,85967,53,,,0
401,'S2-1_3',851,,85994,55,,,0,297,,85996,53,,,0,157,,85995,55,,,0,101,,85997,53,,,0,140,,85998,53,,,0,275,,85993,56,,,0,185,,85999,53,,,0
401,'S2-2_6',750,,86001,53,,,0,189,,86002,53,,,0,202,,86003,53,,,0,201,,86004,53,,,0,199,,86005,53,,,0,206,,86006,53,,,0,272,,86007,53,,,0
401,'S2-3_7',1021,,86025,53,,,0,125,,86026,53,,,0,166,,86027,53,,,0,200,,86028,53,,,0,125,,86029,53,,,0,165,,86030,53,,,0,125,,86031,53,,,0
401,'S2-4_1',851,,86057,55,,,0,297,,86059,53,,,0,157,,86058,55,,,0,101,,86060,53,,,0,140,,86061,53,,,0,275,,86056,56,,,0,185,,86062,53,,,0
401,'S2-4_2',851,,86089,55,,,0,297,,86091,53,,,0,157,,86090,55,,,0,101,,86092,53,,,0,140,,86093,53,,,0,275,,86088,56,,,0,185,,86094,53,,,0
401,'S2-4_4',851,,86121,55,,,0,297,,86123,53,,,0,157,,86122,55,,,0,101,,86124,53,,,0,140,,86125,53,,,0,275,,86120,56,,,0,185,,86126,53,,,0
2901201,'S2-0_4',1703,,91504,7,,,0,105,,91505,7,,,0,100,,91503,7,,,0
2901201,'S2-0_5',1703,,91507,7,,,0,105,,91508,7,,,0,100,,91506,7,,,0
2901201,'S2-1_3',1308,,91510,7,,,0,395,,91511,7,,,0,105,,91512,7,,,0,100,,91509,7,,,0
2901201,'S2-4_1',1703,,91514,7,,,0,105,,91515,7,,,0,100,,91513,7,,,0
2901201,'S2-4_2',1703,,91517,7,,,0,105,,91518,7,,,0,100,,91516,7,,,0
2901201,'S2-4_4',1703,,91520,7,,,0,105,,91521,7,,,0,100,,91519,7,,,0
