400,'S2-0_4',758,,85698,1,0,23 51,0,52,,85670,34,0,40,0,27,,85695,34,0,40,0,14,,85672,34,0,40,0,53,,85673,34,0,40,0,30,,85674,34,0,40,0,79,,85675,46,0,40,0,31,,85676,34,0,40,0,71,,85677,34,0,40,0,36,,85678,34,0,40,0,77,,85679,34,0,40,0,21,,85699,34,,,0,95,,85680,34,0,40,0,67,,85681,34,0,40,0,30,,85684,46,0,40,0,75,,85682,34,0,40,0,30,,85685,46,0,40,0,79,,85683,34,0,40,0,101,,85686,46,0,40,0,16,,85687,34,0,40,0,67,,85689,34,0,40,0,24,,85692,18,0,40,0,17,,85700,34,,,0,75,,85690,34,0,40,0,23,,85691,46,0,40,0
400,'S2-0_5',758,,85732,1,0,23 51,0,52,,85704,34,0,40,0,27,,85729,34,0,40,0,14,,85706,34,0,40,0,53,,85707,34,0,40,0,30,,85708,34,0,40,0,79,,85709,46,0,40,0,31,,85710,34,0,40,0,71,,85711,34,0,40,0,36,,85712,34,0,40,0,77,,85713,34,0,40,0,21,,85733,34,,,0,95,,85714,34,0,40,0,67,,85715,34,0,40,0,30,,85718,46,0,40,0,75,,85716,34,0,40,0,30,,85719,46,0,40,0,79,,85717,34,0,40,0,101,,85720,46,0,40,0,16,,85721,34,0,40,0,67,,85723,34,0,40,0,24,,85726,18,0,40,0,17,,85734,34,,,0,75,,85724,34,0,40,0,23,,85725,46,0,40,0
400,'S2-1_3',758,,85765,1,0,23 51,0,52,,85738,34,0,40,0,27,,85762,34,0,40,0,14,,85740,34,0,40,0,53,,85741,34,0,40,0,30,,85742,34,0,40,0,79,,85743,46,0,40,0,31,,85744,34,0,40,0,71,,85745,34,0,40,0,36,,85746,34,0,40,0,77,,85747,34,0,40,0,21,,85766,34,,,0,95,,85748,34,0,40,0,67,,85749,34,0,40,0,30,,85752,46,0,40,0,75,,85750,34,0,40,0,30,,85753,46,0,40,0,79,,85751,34,0,40,0,101,,85754,46,0,40,0,16,,85755,34,0,40,0,67,,85757,34,0,40,0,24,,85756,46,0,40,0,17,,85767,34,,,0,75,,85758,34,0,40,0,23,,85759,46,0,40,0
400,'S2-2_6',734,,85777,34,0,40,0,105,,85778,34,0,40,0,73,,85771,46,0,40,0,27,,85779,34,0,40,0,72,,85780,34,0,40,0,30,,85781,34,0,40,0,71,,85772,46,0,40,0,31,,85782,34,0,40,0,69,,85784,34,0,40,0,30,,85783,34,0,40,0,69,,85773,46,0,40,0,31,,85785,34,0,40,0,70,,85786,34,0,40,0,29,,85787,34,0,40,0,73,,85774,46,0,40,0,32,,85788,34,0,40,0,70,,85789,34,0,40,0,30,,85790,34,0,40,0,73,,85775,46,0,40,0,33,,85791,34,0,40,0,70,,85792,34,0,40,0,31,,85793,34,0,40,0,69,,85776,46,0,40,0,31,,85794,34,0,40,0
400,'S2-3_7',848,,85795,46,0,40,0,165,,85796,46,0,40,0,125,,85797,46,0,40,0,200,,85798,46,0,40,0,166,,85799,46,0,40,0,125,,85800,46,0,40,0,126,,85801,46,0,40,0,164,,85802,46,0,40,0
400,'S2-4_1',758,,85831,1,0,23 51,0,52,,85803,34,0,40,0,27,,85828,34,0,40,0,14,,85805,34,0,40,0,53,,85806,34,0,40,0,30,,85807,34,0,40,0,79,,85808,46,0,40,0,31,,85809,34,0,40,0,71,,85810,34,0,40,0,36,,85811,34,0,40,0,77,,85812,34,0,40,0,21,,85832,34,,,0,95,,85813,34,0,40,0,67,,85814,34,0,40,0,30,,85817,46,0,40,0,75,,85815,34,0,40,0,30,,85818,46,0,40,0,79,,85816,34,0,40,0,101,,85819,46,0,40,0,16,,85820,34,0,40,0,67,,85822,34,0,40,0,24,,85825,18,0,40,0,17,,85833,34,,,0,75,,85823,34,0,40,0,23,,85824,46,0,40,0
400,'S2-4_2',758,,85865,1,0,23 51,0,52,,85837,34,0,40,0,27,,85862,34,0,40,0,14,,85839,34,0,40,0,53,,85840,34,0,40,0,30,,85841,34,0,40,0,79,,85842,46,0,40,0,31,,85843,34,0,40,0,71,,85844,34,0,40,0,36,,85845,34,0,40,0,77,,85846,34,0,40,0,21,,85866,34,,,0,95,,85847,34,0,40,0,67,,85848,34,0,40,0,30,,85851,46,0,40,0,75,,85849,34,0,40,0,30,,85852,46,0,40,0,79,,85850,34,0,40,0,101,,85853,46,0,40,0,16,,85854,34,0,40,0,67,,85856,34,0,40,0,24,,85859,18,0,40,0,17,,85867,34,,,0,75,,85857,34,0,40,0,23,,85858,46,0,40,0
400,'S2-4_4',758,,85899,1,0,23 51,0,52,,85871,34,0,40,0,27,,85896,34,0,40,0,14,,85873,34,0,40,0,53,,85874,34,0,40,0,30,,85875,34,0,40,0,79,,85876,46,0,40,0,31,,85877,34,0,40,0,71,,85878,34,0,40,0,36,,85879,34,0,40,0,77,,85880,34,0,40,0,21,,85900,34,,,0,95,,85881,34,0,40,0,67,,85882,34,0,40,0,30,,85885,46,0,40,0,75,,85883,34,0,40,0,30,,85886,46,0,40,0,79,,85884,34,0,40,0,101,,85887,46,0,40,0,16,,85888,34,0,40,0,67,,85890,34,0,40,0,24,,85893,18,0,40,0,17,,85901,34,,,0,75,,85891,34,0,40,0,23,,85892,46,0,40,0
2300,'S2-0_4',1615,,88084,15,,,0,104,,88085,15,,,0,97,,88086,15,,,0
2300,'S2-0_5',1615,,88087,15,,,0,104,,88088,15,,,0,97,,88089,15,,,0
2300,'S2-1_3',1221,,88091,15,,,0,3,,88090,15,,,0
2300,'S2-4_1',1615,,88092,15,,,0,104,,88093,15,,,0,97,,88094,15,,,0
2300,'S2-4_2',1615,,88095,15,,,0,104,,88096,15,,,0,97,,88097,15,,,0
2300,'S2-4_4',1615,,88098,15,,,0,104,,88099,15,,,0,97,,88100,15,,,0
