400,'S2-0_4',801,,85694,51,4,,0,21,,85701,54,4,,0,6,,85670,50,4,,0,16,,85671,51,4,,0,10,,85695,50,4,,0,54,,85672,50,4,,0,13,,85673,50,4,,0,30,,85674,50,4,,0,79,,85675,62,4,,0,71,,85676,50,4,,0,32,,85677,50,4,,0,76,,85678,50,4,,0,37,,85679,50,4,,0,65,,85699,53,,,0,26,,85696,63,4,,0,65,,85680,50,4,,0,26,,85681,50,4,,0,30,,85684,62,4,,0,76,,85682,50,4,,0,70,,85685,62,4,,0,40,,85683,50,4,,0,80,,85702,54,4,,0,22,,85686,62,4,,0,7,,85697,35,4,,0,48,,85687,50,4,,0,21,,85703,54,,,0,5,,85689,50,4,,0,23,,85692,34,4,,0,61,,85700,53,,,0,30,,85690,50,4,,0,63,,85691,62,4,,0
400,'S2-0_5',801,,85728,51,4,,0,21,,85735,54,4,,0,6,,85704,50,4,,0,16,,85705,51,4,,0,10,,85729,50,4,,0,54,,85706,50,4,,0,13,,85707,50,4,,0,30,,85708,50,4,,0,79,,85709,62,4,,0,71,,85710,50,4,,0,32,,85711,50,4,,0,76,,85712,50,4,,0,37,,85713,50,4,,0,65,,85733,53,,,0,26,,85730,63,4,,0,65,,85714,50,4,,0,26,,85715,50,4,,0,30,,85718,62,4,,0,76,,85716,50,4,,0,70,,85719,62,4,,0,40,,85717,50,4,,0,80,,85736,54,4,,0,22,,85720,62,4,,0,7,,85731,35,4,,0,48,,85721,50,4,,0,21,,85737,54,,,0,5,,85723,50,4,,0,23,,85726,34,4,,0,61,,85734,53,,,0,30,,85724,50,4,,0,63,,85725,62,4,,0
400,'S2-1_3',801,,85761,51,4,,0,21,,85768,54,4,,0,6,,85738,50,4,,0,16,,85739,51,4,,0,10,,85762,50,4,,0,54,,85740,50,4,,0,13,,85741,50,4,,0,30,,85742,50,4,,0,79,,85743,62,4,,0,71,,85744,50,4,,0,32,,85745,50,4,,0,76,,85746,50,4,,0,37,,85747,50,4,,0,65,,85766,53,,,0,26,,85763,63,4,,0,65,,85748,50,4,,0,26,,85749,50,4,,0,30,,85752,62,4,,0,76,,85750,50,4,,0,70,,85753,62,4,,0,40,,85751,50,4,,0,80,,85769,54,4,,0,22,,85754,62,4,,0,7,,85764,35,4,,0,48,,85755,50,4,,0,21,,85770,54,,,0,5,,85757,50,4,,0,23,,85756,62,4,,0,61,,85767,53,,,0,30,,85758,50,4,,0,63,,85759,62,4,,0
400,'S2-2_6',752,,85777,50,4,,0,104,,85778,50,4,,0,72,,85771,62,4,,0,27,,85779,50,4,,0,72,,85780,50,4,,0,30,,85781,50,4,,0,71,,85772,62,4,,0,31,,85782,50,4,,0,70,,85784,50,4,,0,29,,85783,50,4,,0,69,,85773,62,4,,0,30,,85785,50,4,,0,71,,85786,50,4,,0,29,,85787,50,4,,0,72,,85774,62,4,,0,73,,85788,50,4,,0,31,,85789,50,4,,0,71,,85790,50,4,,0,33,,85775,62,4,,0,72,,85791,50,4,,0,30,,85792,50,4,,0,71,,85793,50,4,,0,29,,85776,62,4,,0,70,,85794,50,4,,0
400,'S2-3_7',904,,85795,62,4,,0,125,,85796,62,4,,0,125,,85797,62,4,,0,200,,85798,62,4,,0,166,,85799,62,4,,0,125,,85800,62,4,,0,166,,85801,62,4,,0,124,,85802,62,4,,0
400,'S2-4_1',801,,85827,51,4,,0,21,,85834,54,4,,0,6,,85803,50,4,,0,16,,85804,51,4,,0,10,,85828,50,4,,0,54,,85805,50,4,,0,13,,85806,50,4,,0,30,,85807,50,4,,0,79,,85808,62,4,,0,71,,85809,50,4,,0,32,,85810,50,4,,0,76,,85811,50,4,,0,37,,85812,50,4,,0,65,,85832,53,,,0,26,,85829,63,4,,0,65,,85813,50,4,,0,26,,85814,50,4,,0,30,,85817,62,4,,0,76,,85815,50,4,,0,70,,85818,62,4,,0,40,,85816,50,4,,0,80,,85835,54,4,,0,22,,85819,62,4,,0,7,,85830,35,4,,0,48,,85820,50,4,,0,21,,85836,54,,,0,5,,85822,50,4,,0,23,,85825,34,4,,0,61,,85833,53,,,0,30,,85823,50,4,,0,63,,85824,62,4,,0
400,'S2-4_2',801,,85861,51,4,,0,21,,85868,54,4,,0,6,,85837,50,4,,0,16,,85838,51,4,,0,10,,85862,50,4,,0,54,,85839,50,4,,0,13,,85840,50,4,,0,30,,85841,50,4,,0,79,,85842,62,4,,0,71,,85843,50,4,,0,32,,85844,50,4,,0,76,,85845,50,4,,0,37,,85846,50,4,,0,65,,85866,53,,,0,26,,85863,63,4,,0,65,,85847,50,4,,0,26,,85848,50,4,,0,30,,85851,62,4,,0,76,,85849,50,4,,0,70,,85852,62,4,,0,40,,85850,50,4,,0,80,,85869,54,4,,0,22,,85853,62,4,,0,7,,85864,35,4,,0,48,,85854,50,4,,0,21,,85870,54,,,0,5,,85856,50,4,,0,23,,85859,34,4,,0,61,,85867,53,,,0,30,,85857,50,4,,0,63,,85858,62,4,,0
400,'S2-4_4',801,,85895,51,4,,0,21,,85902,54,4,,0,6,,85871,50,4,,0,16,,85872,51,4,,0,10,,85896,50,4,,0,54,,85873,50,4,,0,13,,85874,50,4,,0,30,,85875,50,4,,0,79,,85876,62,4,,0,71,,85877,50,4,,0,32,,85878,50,4,,0,76,,85879,50,4,,0,37,,85880,50,4,,0,65,,85900,53,,,0,26,,85897,63,4,,0,65,,85881,50,4,,0,26,,85882,50,4,,0,30,,85885,62,4,,0,76,,85883,50,4,,0,70,,85886,62,4,,0,40,,85884,50,4,,0,80,,85903,54,4,,0,22,,85887,62,4,,0,7,,85898,35,4,,0,48,,85888,50,4,,0,21,,85904,54,,,0,5,,85890,50,4,,0,23,,85893,34,4,,0,61,,85901,53,,,0,30,,85891,50,4,,0,63,,85892,62,4,,0
401,'S2-0_4',636,,85922,1,0,41,0,19,,85906,1,0,41,0,48,,85923,1,0,41,0,21,,85907,1,0,41,0,12,,85930,1,,,0,68,,85908,1,0,41,0,11,,85909,1,0,41,0,40,,85910,1,0,41,0,76,,85911,1,0,41,0,74,,85912,1,0,41,0,35,,85932,1,,,0,71,,85913,1,0,41,0,28,,85914,1,0,41,0,15,,85931,1,,,0,71,,85927,1,0,41,0,75,,85933,1,,,0,110,,85915,1,0,41,0,28,,85934,1,,,0,72,,85916,1,0,41,0,25,,85917,1,0,41,0,13,,85918,1,0,41,0,53,,85928,1,0,41,0,19,,85924,1,0,41,0,16,,85919,1,0,41,0,11,,85925,1,0,41,0,53,,85929,1,,,0,38,,85920,1,0,41,0,21,,85926,1,0,41,0,84,,85921,1,0,41,0,61,,85935,1,,,0
401,'S2-0_5',636,,85954,1,0,41,0,19,,85938,1,0,41,0,48,,85955,1,0,41,0,21,,85939,1,0,41,0,12,,85962,1,,,0,68,,85940,1,0,41,0,11,,85941,1,0,41,0,40,,85942,1,0,41,0,76,,85943,1,0,41,0,74,,85944,1,0,41,0,35,,85964,1,,,0,71,,85945,1,0,41,0,28,,85946,1,0,41,0,15,,85963,1,,,0,71,,85959,1,0,41,0,75,,85965,1,,,0,110,,85947,1,0,41,0,28,,85966,1,,,0,72,,85948,1,0,41,0,25,,85949,1,0,41,0,13,,85950,1,0,41,0,53,,85960,1,0,41,0,19,,85956,1,0,41,0,16,,85951,1,0,41,0,11,,85957,1,0,41,0,53,,85961,1,,,0,38,,85952,1,0,41,0,21,,85958,1,0,41,0,84,,85953,1,0,41,0,61,,85967,1,,,0
401,'S2-1_3',636,,85986,1,0,41,0,19,,85970,1,0,41,0,48,,85987,1,0,41,0,21,,85971,1,0,41,0,12,,85994,1,,,0,68,,85972,1,0,41,0,11,,85973,1,0,41,0,40,,85974,1,0,41,0,76,,85975,1,0,41,0,74,,85976,1,0,41,0,35,,85996,1,,,0,71,,85977,1,0,41,0,28,,85978,1,0,41,0,15,,85995,1,,,0,71,,85991,1,0,41,0,75,,85997,1,,,0,110,,85979,1,0,41,0,28,,85998,1,,,0,72,,85980,1,0,41,0,25,,85981,1,0,41,0,13,,85982,1,0,41,0,53,,85992,1,0,41,0,19,,85988,1,0,41,0,16,,85983,1,0,41,0,11,,85989,1,0,41,0,53,,85993,1,,,0,38,,85984,1,0,41,0,21,,85990,1,0,41,0,84,,85985,1,0,41,0,61,,85999,1,,,0
401,'S2-2_6',646,,86001,1,,,0,154,,86008,1,0,41,0,35,,86002,1,,,0,69,,86009,1,0,41,0,32,,86010,1,0,41,0,67,,86011,1,0,41,0,32,,86003,1,,,0,70,,86012,1,0,41,0,31,,86013,1,0,41,0,71,,86014,1,0,41,0,30,,86004,1,,,0,69,,86015,1,0,41,0,29,,86016,1,0,41,0,70,,86017,1,0,41,0,31,,86005,1,,,0,69,,86018,1,0,41,0,32,,86019,1,0,41,0,73,,86020,1,0,41,0,31,,86006,1,,,0,71,,86021,1,0,41,0,33,,86022,1,0,41,0,72,,86023,1,0,41,0,31,,86024,1,0,41,0,70,,86007,1,,,0
401,'S2-3_7',925,,86025,1,,,0,125,,86026,1,,,0,165,,86027,1,,,0,200,,86028,1,,,0,125,,86029,1,,,0,165,,86030,1,,,0,125,,86031,1,,,0
401,'S2-4_1',636,,86049,1,0,41,0,19,,86033,1,0,41,0,48,,86050,1,0,41,0,21,,86034,1,0,41,0,12,,86057,1,,,0,68,,86035,1,0,41,0,11,,86036,1,0,41,0,40,,86037,1,0,41,0,76,,86038,1,0,41,0,74,,86039,1,0,41,0,35,,86059,1,,,0,71,,86040,1,0,41,0,28,,86041,1,0,41,0,15,,86058,1,,,0,71,,86054,1,0,41,0,75,,86060,1,,,0,110,,86042,1,0,41,0,28,,86061,1,,,0,72,,86043,1,0,41,0,25,,86044,1,0,41,0,13,,86045,1,0,41,0,53,,86055,1,0,41,0,19,,86051,1,0,41,0,16,,86046,1,0,41,0,11,,86052,1,0,41,0,53,,86056,1,,,0,38,,86047,1,0,41,0,21,,86053,1,0,41,0,84,,86048,1,0,41,0,61,,86062,1,,,0
401,'S2-4_2',636,,86081,1,0,41,0,19,,86065,1,0,41,0,48,,86082,1,0,41,0,21,,86066,1,0,41,0,12,,86089,1,,,0,68,,86067,1,0,41,0,11,,86068,1,0,41,0,40,,86069,1,0,41,0,76,,86070,1,0,41,0,74,,86071,1,0,41,0,35,,86091,1,,,0,71,,86072,1,0,41,0,28,,86073,1,0,41,0,15,,86090,1,,,0,71,,86086,1,0,41,0,75,,86092,1,,,0,110,,86074,1,0,41,0,28,,86093,1,,,0,72,,86075,1,0,41,0,25,,86076,1,0,41,0,13,,86077,1,0,41,0,53,,86087,1,0,41,0,19,,86083,1,0,41,0,16,,86078,1,0,41,0,11,,86084,1,0,41,0,53,,86088,1,,,0,38,,86079,1,0,41,0,21,,86085,1,0,41,0,84,,86080,1,0,41,0,61,,86094,1,,,0
401,'S2-4_4',636,,86113,1,0,41,0,19,,86097,1,0,41,0,48,,86114,1,0,41,0,21,,86098,1,0,41,0,12,,86121,1,,,0,68,,86099,1,0,41,0,11,,86100,1,0,41,0,40,,86101,1,0,41,0,76,,86102,1,0,41,0,74,,86103,1,0,41,0,35,,86123,1,,,0,71,,86104,1,0,41,0,28,,86105,1,0,41,0,15,,86122,1,,,0,71,,86118,1,0,41,0,75,,86124,1,,,0,110,,86106,1,0,41,0,28,,86125,1,,,0,72,,86107,1,0,41,0,25,,86108,1,0,41,0,13,,86109,1,0,41,0,53,,86119,1,0,41,0,19,,86115,1,0,41,0,16,,86110,1,0,41,0,11,,86116,1,0,41,0,53,,86120,1,,,0,38,,86111,1,0,41,0,21,,86117,1,0,41,0,84,,86112,1,0,41,0,61,,86126,1,,,0
2300,'S2-0_4',1635,,88084,31,,,0,105,,88085,31,,,0,95,,88086,31,,,0
2300,'S2-0_5',1635,,88087,31,,,0,105,,88088,31,,,0,95,,88089,31,,,0
2300,'S2-1_3',1238,,88091,31,,,0,3,,88090,31,,,0
2300,'S2-4_1',1635,,88092,31,,,0,105,,88093,31,,,0,95,,88094,31,,,0
2300,'S2-4_2',1635,,88095,31,,,0,105,,88096,31,,,0,95,,88097,31,,,0
2300,'S2-4_4',1635,,88098,31,,,0,105,,88099,31,,,0,95,,88100,31,,,0
2900400,'S2-0_4',1708,,91394,10,,,0,100,,91395,10,,,0
2900400,'S2-0_5',1708,,91396,10,,,0,100,,91397,10,,,0
2900400,'S2-1_3',1708,,91398,10,,,0,100,,91399,10,,,0
2900400,'S2-4_1',1708,,91400,10,,,0,100,,91401,10,,,0
2900400,'S2-4_2',1708,,91402,10,,,0,100,,91403,10,,,0
2900400,'S2-4_4',1708,,91404,10,,,0,100,,91405,10,,,0
