900,'S2-0_4',636,,86863,2,,,0,68,,86864,2,,,0,41,,86868,8,,,0,65,,86870,9,,,0,44,,86865,2,,,0,89,,86871,9,,,0,94,,86872,5,0,50,0,93,,86873,5,,,0,105,,86874,5,,,0,70,,86866,2,,,0,130,,86877,10,,,0,84,,86875,5,,,0,110,,86876,5,,,0,72,,86867,2,,,0,130,,86878,10,,,0,78,,86879,2,0,50,0
900,'S2-0_5',636,,86882,2,,,0,68,,86883,2,,,0,41,,86887,8,,,0,65,,86889,9,,,0,44,,86884,2,,,0,89,,86890,9,,,0,94,,86891,5,0,50,0,93,,86892,5,,,0,105,,86893,5,,,0,70,,86885,2,,,0,130,,86896,10,,,0,84,,86894,5,,,0,110,,86895,5,,,0,72,,86886,2,,,0,130,,86897,10,,,0,78,,86898,2,0,50,0
900,'S2-1_3',636,,86901,2,,,0,68,,86902,2,,,0,41,,86906,8,,,0,65,,86908,9,,,0,44,,86903,2,,,0,89,,86909,9,,,0,94,,86910,5,0,50,0,93,,86911,5,,,0,105,,86912,5,,,0,70,,86904,2,,,0,130,,86915,10,,,0,84,,86913,5,,,0,110,,86914,5,,,0,72,,86905,2,,,0,130,,86916,10,,,0,78,,86917,2,0,50,0
900,'S2-2_6',646,,86921,5,,,0,98,,86922,5,,,0,158,,86920,5,0,50,0,156,,86923,5,,,0,176,,86929,6,0,50,0,188,,86924,5,,,0,323,,86925,6,,,0,94,,86926,5,,,0
900,'S2-4_1',636,,86932,2,,,0,68,,86933,2,,,0,41,,86937,8,,,0,65,,86939,9,,,0,44,,86934,2,,,0,89,,86940,9,,,0,94,,86941,5,0,50,0,93,,86942,5,,,0,105,,86943,5,,,0,70,,86935,2,,,0,130,,86946,10,,,0,84,,86944,5,,,0,110,,86945,5,,,0,72,,86936,2,,,0,130,,86947,10,,,0,78,,86948,2,0,50,0
900,'S2-4_2',636,,86951,2,,,0,68,,86952,2,,,0,41,,86956,8,,,0,65,,86958,9,,,0,44,,86953,2,,,0,89,,86959,9,,,0,94,,86960,5,0,50,0,93,,86961,5,,,0,105,,86962,5,,,0,70,,86954,2,,,0,130,,86965,10,,,0,84,,86963,5,,,0,110,,86964,5,,,0,72,,86955,2,,,0,130,,86966,10,,,0,78,,86967,2,0,50,0
900,'S2-4_4',636,,86970,2,,,0,68,,86971,2,,,0,41,,86975,8,,,0,65,,86977,9,,,0,44,,86972,2,,,0,89,,86978,9,,,0,94,,86979,5,0,50,0,93,,86980,5,,,0,105,,86981,5,,,0,70,,86973,2,,,0,130,,86984,10,,,0,84,,86982,5,,,0,110,,86983,5,,,0,72,,86974,2,,,0,130,,86985,10,,,0,78,,86986,2,0,50,0
2900900,'S2-0_4',652,,91467,2,,,0,100,,91468,2,,,0
2900900,'S2-0_5',652,,91469,2,,,0,100,,91470,2,,,0
2900900,'S2-1_3',652,,91471,2,,,0,100,,91472,2,,,0
2900900,'S2-4_1',652,,91473,2,,,0,100,,91474,2,,,0
2900900,'S2-4_2',652,,91475,2,,,0,100,,91476,2,,,0
2900900,'S2-4_4',652,,91477,2,,,0,100,,91478,2,,,0
