100,'S2-0_4',701,,84206,3,0,61 8,0,31,,84197,3,,,0,75,,84207,3,0,9 10,0,38,,84198,3,0,61 8,0,156,,84199,3,0,61 8,0,117,,84200,3,0,61 8,0,116,,84201,3,0,61 8,0,89,,84202,3,0,61 8,0,114,,84203,3,0,61 8,0,99,,84208,3,0,61 8,0,102,,84204,3,0,61 8,0,85,,84205,3,0,61 8,0,82,,84195,3,,,0,111,,84196,3,,,0
100,'S2-0_5',701,,84241,3,0,61 8,0,31,,84232,3,,,0,75,,84242,3,0,9 10,0,38,,84233,3,0,61 8,0,156,,84234,3,0,61 8,0,117,,84235,3,0,61 8,0,116,,84236,3,0,61 8,0,89,,84237,3,0,61 8,0,114,,84238,3,0,61 8,0,99,,84243,3,0,61 8,0,102,,84239,3,0,61 8,0,85,,84240,3,0,61 8,0,82,,84230,3,,,0,111,,84231,3,,,0
100,'S2-1_3',701,,84276,3,0,61 8,0,31,,84267,3,,,0,75,,84277,3,0,9 10,0,38,,84268,3,0,61 8,0,156,,84269,3,0,61 8,0,117,,84270,3,0,61 8,0,116,,84271,3,0,61 8,0,89,,84272,3,0,61 8,0,114,,84273,3,0,61 8,0,99,,84278,3,0,61 8,0,102,,84274,3,0,61 8,0,85,,84275,3,0,61 8,0,82,,84265,3,,,0,111,,84266,3,,,0
100,'S2-2_6',652,,84300,3,0,61 8,0,202,,84301,3,0,61 8,0,99,,84302,3,0,61 8,0,102,,84303,3,0,61 8,0,100,,84304,3,0,61 8,0,100,,84305,3,0,61 8,0,99,,84306,3,0,61 8,0,100,,84307,3,0,61 8,0,101,,84308,3,0,61 8,0,104,,84309,3,0,61 8,0,99,,84310,3,0,61 8,0,142,,84311,3,0,61 8,0
100,'S2-3_7',1005,,84328,3,0,61 8,0,210,,84329,3,0,61 8,0,190,,84330,3,0,61 8,0,209,,84331,3,0,61 8,0,212,,84332,3,0,61 8,0
100,'S2-4_1',701,,84344,3,0,61 8,0,31,,84335,3,,,0,75,,84345,3,0,9 10,0,38,,84336,3,0,61 8,0,156,,84337,3,0,61 8,0,117,,84338,3,0,61 8,0,116,,84339,3,0,61 8,0,89,,84340,3,0,61 8,0,114,,84341,3,0,61 8,0,99,,84346,3,0,61 8,0,102,,84342,3,0,61 8,0,85,,84343,3,0,61 8,0,82,,84333,3,,,0,111,,84334,3,,,0
100,'S2-4_2',701,,84379,3,0,61 8,0,31,,84370,3,,,0,75,,84380,3,0,9 10,0,38,,84371,3,0,61 8,0,156,,84372,3,0,61 8,0,117,,84373,3,0,61 8,0,116,,84374,3,0,61 8,0,89,,84375,3,0,61 8,0,114,,84376,3,0,61 8,0,99,,84381,3,0,61 8,0,102,,84377,3,0,61 8,0,85,,84378,3,0,61 8,0,82,,84368,3,,,0,111,,84369,3,,,0
100,'S2-4_4',701,,84414,3,0,61 8,0,31,,84405,3,,,0,75,,84415,3,0,9 10,0,38,,84406,3,0,61 8,0,156,,84407,3,0,61 8,0,117,,84408,3,0,61 8,0,116,,84409,3,0,61 8,0,89,,84410,3,0,61 8,0,114,,84411,3,0,61 8,0,99,,84416,3,0,61 8,0,102,,84412,3,0,61 8,0,85,,84413,3,0,61 8,0,82,,84403,3,,,0,111,,84404,3,,,0
800,'S2-0_4',654,,86712,6,,,0,73,,86713,6,,,0,28,,86714,6,,,0,71,,86715,6,,,0,80,,86716,6,,,0,110,,86717,6,,,0,117,,86718,6,,,0,111,,86719,6,,,0,110,,86720,6,,,0,152,,86722,6,,,0,110,,86721,6,,,0
800,'S2-0_5',654,,86723,6,,,0,73,,86724,6,,,0,28,,86725,6,,,0,71,,86726,6,,,0,80,,86727,6,,,0,110,,86728,6,,,0,117,,86729,6,,,0,111,,86730,6,,,0,110,,86731,6,,,0,152,,86733,6,,,0,110,,86732,6,,,0
800,'S2-1_3',654,,86734,6,,,0,73,,86735,6,,,0,28,,86736,6,,,0,71,,86737,6,,,0,80,,86738,6,,,0,110,,86739,6,,,0,117,,86740,6,,,0,111,,86741,6,,,0,110,,86742,6,,,0,152,,86744,6,,,0,110,,86743,6,,,0
800,'S2-4_1',654,,86745,6,,,0,73,,86746,6,,,0,28,,86747,6,,,0,71,,86748,6,,,0,80,,86749,6,,,0,110,,86750,6,,,0,117,,86751,6,,,0,111,,86752,6,,,0,110,,86753,6,,,0,152,,86755,6,,,0,110,,86754,6,,,0
800,'S2-4_2',654,,86756,6,,,0,73,,86757,6,,,0,28,,86758,6,,,0,71,,86759,6,,,0,80,,86760,6,,,0,110,,86761,6,,,0,117,,86762,6,,,0,111,,86763,6,,,0,110,,86764,6,,,0,152,,86766,6,,,0,110,,86765,6,,,0
800,'S2-4_4',654,,86767,6,,,0,73,,86768,6,,,0,28,,86769,6,,,0,71,,86770,6,,,0,80,,86771,6,,,0,110,,86772,6,,,0,117,,86773,6,,,0,111,,86774,6,,,0,110,,86775,6,,,0,152,,86777,6,,,0,110,,86776,6,,,0
