401,'0_6',750,,65084,54,,,0,195,,65081,54,,,0,201,,65077,54,,,0,203,,65091,54,,,0,196,,65079,54,,,0,195,,65085,54,,,0,90,,65090,54,,,0,184,,65080,54,,,0
401,'1_7',1021,,65093,54,,,0,125,,65094,54,,,0,166,,65095,54,,,0,200,,65096,54,,,0,125,,65097,54,,,0,165,,65098,54,,,0,125,,65099,54,,,0
401,'5_1',750,,74188,62,,,0,195,,74201,54,,,0,201,,74196,54,,,0,207,,74193,57,,,0,192,,74198,54,,,0,98,,74186,54,,,0,93,,74190,56,,,0,106,,74203,57,,,0,170,,74199,54,,,0
401,'5_2',750,,75558,62,,,0,195,,75571,54,,,0,201,,75566,54,,,0,207,,75563,57,,,0,192,,75568,54,,,0,98,,75556,54,,,0,93,,75560,56,,,0,106,,75573,57,,,0,170,,75569,54,,,0
401,'5_3',750,,75584,62,,,0,195,,75597,54,,,0,201,,75592,54,,,0,207,,75589,57,,,0,192,,75594,54,,,0,98,,75582,54,,,0,93,,75586,56,,,0,106,,75599,57,,,0,170,,75595,54,,,0
401,'5_4',750,,75610,62,,,0,195,,75623,54,,,0,201,,75618,54,,,0,207,,75615,57,,,0,192,,75620,54,,,0,98,,75608,54,,,0,93,,75612,56,,,0,106,,75625,57,,,0,170,,75621,54,,,0
401,'5_5',750,,78043,62,,,0,195,,78056,54,,,0,201,,78051,54,,,0,207,,78048,57,,,0,192,,78053,54,,,0,98,,78041,54,,,0,93,,78045,56,,,0,106,,78058,57,,,0,170,,78054,54,,,0
2901201,'5_1',1657,,74758,9,,,0,144,,74759,9,,,0,100,,74760,9,,,0
2901201,'5_2',1657,,77288,9,,,0,144,,77289,9,,,0,100,,77290,9,,,0
2901201,'5_3',1657,,77291,9,,,0,144,,77292,9,,,0,100,,77293,9,,,0
2901201,'5_4',1657,,77294,9,,,0,144,,77295,9,,,0,100,,77296,9,,,0
2901201,'5_5',1657,,78614,9,,,0,144,,78615,9,,,0,100,,78616,9,,,0
