600,'S2-0_4',714,,86324,23,,,0,20,,86338,23,0,11 12,0,93,,86325,23,,,0,111,,86326,23,0,11 12,0,100,,86327,23,0,11 12,0,91,,86328,23,0,11 12,0,110,,86329,23,0,11 12,0,107,,86330,23,0,11 12,0,97,,86339,23,0,11 12,0,92,,86331,23,0,11 12,0,96,,86332,23,0,11 12,0,83,,86333,23,0,11 12,0,42,,86334,23,0,11 12,0,73,,86335,23,0,11 12,0,71,,86336,23,0,11 12,0,40,,86337,23,0,11 12,0
600,'S2-0_5',714,,86340,23,,,0,20,,86354,23,0,11 12,0,93,,86341,23,,,0,111,,86342,23,0,11 12,0,100,,86343,23,0,11 12,0,91,,86344,23,0,11 12,0,110,,86345,23,0,11 12,0,107,,86346,23,0,11 12,0,97,,86355,23,0,11 12,0,92,,86347,23,0,11 12,0,96,,86348,23,0,11 12,0,83,,86349,23,0,11 12,0,42,,86350,23,0,11 12,0,73,,86351,23,0,11 12,0,71,,86352,23,0,11 12,0,40,,86353,23,0,11 12,0
600,'S2-1_3',714,,86356,23,,,0,20,,86370,23,0,11 12,0,93,,86357,23,,,0,111,,86358,23,0,11 12,0,100,,86359,23,0,11 12,0,91,,86360,23,0,11 12,0,110,,86361,23,0,11 12,0,107,,86362,23,0,11 12,0,97,,86371,23,0,11 12,0,92,,86363,23,0,11 12,0,96,,86364,23,0,11 12,0,83,,86365,23,0,11 12,0,42,,86366,23,0,11 12,0,73,,86367,23,0,11 12,0,71,,86368,23,0,11 12,0,40,,86369,23,0,11 12,0
600,'S2-2_6',802,,86372,23,0,11 12,0,54,,86374,23,0,11 12,0,93,,86375,23,0,11 12,0,87,,86376,23,0,11 12,0,90,,86377,23,0,11 12,0,88,,86378,23,0,11 12,0,88,,86379,23,0,11 12,0,50,,86380,23,0,11 12,0,87,,86381,23,0,11 12,0,99,,86382,23,0,11 12,0,90,,86383,23,0,11 12,0,91,,86384,23,0,11 12,0,90,,86385,23,0,11 12,0,94,,86386,23,0,11 12,0,41,,86373,23,0,11 12,0
600,'S2-4_1',714,,86387,23,,,0,20,,86401,23,0,11 12,0,93,,86388,23,,,0,111,,86389,23,0,11 12,0,100,,86390,23,0,11 12,0,91,,86391,23,0,11 12,0,110,,86392,23,0,11 12,0,107,,86393,23,0,11 12,0,97,,86402,23,0,11 12,0,92,,86394,23,0,11 12,0,96,,86395,23,0,11 12,0,83,,86396,23,0,11 12,0,42,,86397,23,0,11 12,0,73,,86398,23,0,11 12,0,71,,86399,23,0,11 12,0,40,,86400,23,0,11 12,0
600,'S2-4_2',714,,86403,23,,,0,20,,86417,23,0,11 12,0,93,,86404,23,,,0,111,,86405,23,0,11 12,0,100,,86406,23,0,11 12,0,91,,86407,23,0,11 12,0,110,,86408,23,0,11 12,0,107,,86409,23,0,11 12,0,97,,86418,23,0,11 12,0,92,,86410,23,0,11 12,0,96,,86411,23,0,11 12,0,83,,86412,23,0,11 12,0,42,,86413,23,0,11 12,0,73,,86414,23,0,11 12,0,71,,86415,23,0,11 12,0,40,,86416,23,0,11 12,0
600,'S2-4_4',714,,86419,23,,,0,20,,86433,23,0,11 12,0,93,,86420,23,,,0,111,,86421,23,0,11 12,0,100,,86422,23,0,11 12,0,91,,86423,23,0,11 12,0,110,,86424,23,0,11 12,0,107,,86425,23,0,11 12,0,97,,86434,23,0,11 12,0,92,,86426,23,0,11 12,0,96,,86427,23,0,11 12,0,83,,86428,23,0,11 12,0,42,,86429,23,0,11 12,0,73,,86430,23,0,11 12,0,71,,86431,23,0,11 12,0,40,,86432,23,0,11 12,0
900,'S2-0_4',711,,86863,24,,,0,28,,86864,24,,,0,81,,86868,30,,,0,21,,86869,21,,,0,4,,86870,31,,,0,84,,86865,24,,,0,90,,86871,31,,,0,189,,86873,27,,,0,102,,86874,27,,,0,31,,86866,24,,,0,172,,86877,32,,,0,45,,86875,27,,,0,151,,86876,27,,,0,30,,86867,24,,,0,166,,86878,32,,,0
900,'S2-0_5',711,,86882,24,,,0,28,,86883,24,,,0,81,,86887,30,,,0,21,,86888,21,,,0,4,,86889,31,,,0,84,,86884,24,,,0,90,,86890,31,,,0,189,,86892,27,,,0,102,,86893,27,,,0,31,,86885,24,,,0,172,,86896,32,,,0,45,,86894,27,,,0,151,,86895,27,,,0,30,,86886,24,,,0,166,,86897,32,,,0
900,'S2-1_3',711,,86901,24,,,0,28,,86902,24,,,0,81,,86906,30,,,0,21,,86907,21,,,0,4,,86908,31,,,0,84,,86903,24,,,0,90,,86909,31,,,0,189,,86911,27,,,0,102,,86912,27,,,0,31,,86904,24,,,0,172,,86915,32,,,0,45,,86913,27,,,0,151,,86914,27,,,0,30,,86905,24,,,0,166,,86916,32,,,0
900,'S2-2_6',718,,86921,27,,,0,100,,86922,27,,,0,315,,86923,27,,,0,324,,86924,27,,,0,90,,86919,21,,,0,98,,86930,21,,,0,174,,86925,28,,,0,92,,86926,27,,,0
900,'S2-4_1',711,,86932,24,,,0,28,,86933,24,,,0,81,,86937,30,,,0,21,,86938,21,,,0,4,,86939,31,,,0,84,,86934,24,,,0,90,,86940,31,,,0,189,,86942,27,,,0,102,,86943,27,,,0,31,,86935,24,,,0,172,,86946,32,,,0,45,,86944,27,,,0,151,,86945,27,,,0,30,,86936,24,,,0,166,,86947,32,,,0
900,'S2-4_2',711,,86951,24,,,0,28,,86952,24,,,0,81,,86956,30,,,0,21,,86957,21,,,0,4,,86958,31,,,0,84,,86953,24,,,0,90,,86959,31,,,0,189,,86961,27,,,0,102,,86962,27,,,0,31,,86954,24,,,0,172,,86965,32,,,0,45,,86963,27,,,0,151,,86964,27,,,0,30,,86955,24,,,0,166,,86966,32,,,0
900,'S2-4_4',711,,86970,24,,,0,28,,86971,24,,,0,81,,86975,30,,,0,21,,86976,21,,,0,4,,86977,31,,,0,84,,86972,24,,,0,90,,86978,31,,,0,189,,86980,27,,,0,102,,86981,27,,,0,31,,86973,24,,,0,172,,86984,32,,,0,45,,86982,27,,,0,151,,86983,27,,,0,30,,86974,24,,,0,166,,86985,32,,,0
1900,'S2-0_4',740,,87831,26,,,0,105,,87835,26,,,0,973,,87832,26,,,0
1900,'S2-0_5',740,,87839,26,,,0,105,,87843,26,,,0,973,,87840,26,,,0
1900,'S2-1_3',740,,87847,26,,,0,105,,87852,26,,,0,583,,87851,26,,,0,390,,87848,26,,,0
1900,'S2-4_1',740,,87856,26,,,0,105,,87860,26,,,0,973,,87857,26,,,0
1900,'S2-4_2',740,,87864,26,,,0,105,,87868,26,,,0,973,,87865,26,,,0
1900,'S2-4_4',740,,87872,26,,,0,105,,87876,26,,,0,973,,87873,26,,,0
2600,'S2-0_4',654,,88333,6,,,0,51,,88344,6,,,0,45,,88345,6,,,0,56,,88346,6,,,0,44,,88347,6,,,0,69,,88348,6,,,0,96,,88334,6,,,0,99,,88335,6,,,0,93,,88351,6,0,47,0,3,,88356,6,0,47,0,2,,88336,6,,,0,27,,88337,6,,,0,69,,88352,6,,,0,95,,88353,6,,,0,111,,88338,6,,,0,26,,88343,6,0,48,0,19,,88339,6,,,0,65,,88349,6,,,0,31,,88350,6,,,0,60,,88340,6,,,0,10,,88354,6,0,48,0,19,,88341,6,,,0,74,,88342,6,,,0,30,,88355,6,,,0
2600,'S2-0_5',654,,88357,6,,,0,51,,88368,6,,,0,45,,88369,6,,,0,56,,88370,6,,,0,44,,88371,6,,,0,69,,88372,6,,,0,96,,88358,6,,,0,99,,88359,6,,,0,93,,88375,6,0,47,0,3,,88380,6,0,47,0,2,,88360,6,,,0,27,,88361,6,,,0,69,,88376,6,,,0,95,,88377,6,,,0,111,,88362,6,,,0,26,,88367,6,0,48,0,19,,88363,6,,,0,65,,88373,6,,,0,31,,88374,6,,,0,60,,88364,6,,,0,10,,88378,6,0,48,0,19,,88365,6,,,0,74,,88366,6,,,0,30,,88379,6,,,0
2600,'S2-1_3',654,,88381,6,,,0,51,,88392,6,,,0,45,,88393,6,,,0,56,,88394,6,,,0,44,,88395,6,,,0,69,,88396,6,,,0,96,,88382,6,,,0,99,,88383,6,,,0,93,,88399,6,0,47,0,3,,88403,6,0,47,0,2,,88384,6,,,0,27,,88385,6,,,0,69,,88400,6,,,0,95,,88401,6,,,0,111,,88386,6,,,0,45,,88387,6,,,0,65,,88397,6,,,0,31,,88398,6,,,0,60,,88388,6,,,0,29,,88389,6,,,0,74,,88390,6,,,0,30,,88402,6,,,0
2600,'S2-2_6',716,,88404,6,,,0,85,,88405,6,,,0,44,,88406,6,,,0,85,,88407,6,,,0,84,,88408,6,,,0,90,,88409,6,,,0,44,,88410,6,,,0,82,,88411,6,,,0,84,,88412,6,,,0,45,,88413,6,,,0,83,,88414,6,,,0,86,,88415,6,,,0,90,,88416,6,,,0,87,,88417,6,,,0,43,,88418,6,,,0,85,,88419,6,,,0,84,,88420,6,,,0
2600,'S2-4_1',654,,88421,6,,,0,51,,88432,6,,,0,45,,88433,6,,,0,56,,88434,6,,,0,44,,88435,6,,,0,69,,88436,6,,,0,96,,88422,6,,,0,99,,88423,6,,,0,93,,88439,6,0,47,0,3,,88444,6,0,47,0,2,,88424,6,,,0,27,,88425,6,,,0,69,,88440,6,,,0,95,,88441,6,,,0,111,,88426,6,,,0,26,,88431,6,0,48,0,19,,88427,6,,,0,65,,88437,6,,,0,31,,88438,6,,,0,60,,88428,6,,,0,10,,88442,6,0,48,0,19,,88429,6,,,0,74,,88430,6,,,0,30,,88443,6,,,0
2600,'S2-4_2',654,,88445,6,,,0,51,,88456,6,,,0,45,,88457,6,,,0,56,,88458,6,,,0,44,,88459,6,,,0,69,,88460,6,,,0,96,,88446,6,,,0,99,,88447,6,,,0,93,,88463,6,0,47,0,3,,88468,6,0,47,0,2,,88448,6,,,0,27,,88449,6,,,0,69,,88464,6,,,0,95,,88465,6,,,0,111,,88450,6,,,0,26,,88469,6,0,48,0,19,,88451,6,,,0,65,,88461,6,,,0,31,,88462,6,,,0,60,,88452,6,,,0,10,,88466,6,0,48,0,19,,88453,6,,,0,74,,88454,6,,,0,30,,88467,6,,,0
2600,'S2-4_4',654,,88470,6,,,0,51,,88481,6,,,0,45,,88482,6,,,0,56,,88483,6,,,0,44,,88484,6,,,0,69,,88485,6,,,0,96,,88471,6,,,0,99,,88472,6,,,0,93,,88488,6,0,47,0,3,,88493,6,0,47,0,2,,88473,6,,,0,27,,88474,6,,,0,69,,88489,6,,,0,95,,88490,6,,,0,111,,88475,6,,,0,26,,88480,6,0,48,0,19,,88476,6,,,0,65,,88486,6,,,0,31,,88487,6,,,0,60,,88477,6,,,0,10,,88491,6,0,48,0,19,,88478,6,,,0,74,,88479,6,,,0,30,,88492,6,,,0
