700,'S2-0_4',729,,86558,20,,,0,110,,86560,20,,,0,111,,86561,20,,,0,150,,86562,20,,,0,110,,86563,20,,,0,110,,86564,20,,,0,110,,86565,20,,,0,110,,86566,20,,,0,113,,86567,20,,,0,149,,86568,20,,,0,106,,86559,20,,,0
700,'S2-0_5',729,,86569,20,,,0,110,,86571,20,,,0,111,,86572,20,,,0,150,,86573,20,,,0,110,,86574,20,,,0,110,,86575,20,,,0,110,,86576,20,,,0,110,,86577,20,,,0,113,,86578,20,,,0,149,,86579,20,,,0,106,,86570,20,,,0
700,'S2-1_3',729,,86580,20,,,0,110,,86582,20,,,0,111,,86583,20,,,0,150,,86584,20,,,0,110,,86585,20,,,0,110,,86586,20,,,0,110,,86587,20,,,0,110,,86588,20,,,0,113,,86589,20,,,0,149,,86590,20,,,0,106,,86581,20,,,0
700,'S2-2_6',728,,86593,20,,,0,110,,86594,20,,,0,111,,86595,20,,,0,110,,86596,20,,,0,150,,86597,20,,,0,110,,86598,20,,,0,110,,86599,20,,,0,110,,86600,20,,,0,110,,86601,20,,,0,110,,86591,20,,,0,149,,86592,20,,,0
700,'S2-4_1',729,,86602,20,,,0,110,,86604,20,,,0,111,,86605,20,,,0,150,,86606,20,,,0,110,,86607,20,,,0,110,,86608,20,,,0,110,,86609,20,,,0,110,,86610,20,,,0,113,,86611,20,,,0,149,,86612,20,,,0,106,,86603,20,,,0
700,'S2-4_2',729,,86613,20,,,0,110,,86615,20,,,0,111,,86616,20,,,0,150,,86617,20,,,0,110,,86618,20,,,0,110,,86619,20,,,0,110,,86620,20,,,0,110,,86621,20,,,0,113,,86622,20,,,0,149,,86623,20,,,0,106,,86614,20,,,0
700,'S2-4_4',729,,86624,20,,,0,110,,86626,20,,,0,111,,86627,20,,,0,150,,86628,20,,,0,110,,86629,20,,,0,110,,86630,20,,,0,110,,86631,20,,,0,110,,86632,20,,,0,113,,86633,20,,,0,149,,86634,20,,,0,106,,86625,20,,,0
2400,'S2-0_4',740,,88119,16,,,0,868,,88120,11,,,0,103,,88121,11,,,0,95,,88122,11,,,0
2400,'S2-0_5',740,,88123,16,,,0,868,,88124,11,,,0,103,,88125,11,,,0,95,,88126,11,,,0
2400,'S2-1_3',740,,88127,16,,,0,490,,88128,11,,,0
2400,'S2-4_1',740,,88129,16,,,0,868,,88130,11,,,0,103,,88131,11,,,0,95,,88132,11,,,0
2400,'S2-4_2',740,,88133,16,,,0,868,,88134,11,,,0,103,,88135,11,,,0,95,,88136,11,,,0
2400,'S2-4_4',740,,88137,16,,,0,868,,88138,11,,,0,103,,88139,11,,,0,95,,88140,11,,,0
