1500,'S2-0_4',746,,87345,21,,,0,61,,87346,21,,,0,114,,87347,21,,,0,117,,87348,21,,,0,118,,87349,21,,,0,80,,87350,21,,,0,75,,87351,21,,,0,97,,87352,21,,,0,222,,87353,21,,,0,109,,87354,21,,,0,98,,87355,21,,,0,110,,87356,21,,,0
1500,'S2-0_5',746,,87358,21,,,0,61,,87359,21,,,0,114,,87360,21,,,0,117,,87361,21,,,0,118,,87362,21,,,0,80,,87363,21,,,0,75,,87364,21,,,0,97,,87365,21,,,0,222,,87366,21,,,0,109,,87367,21,,,0,98,,87368,21,,,0,110,,87369,21,,,0
1500,'S2-1_3',746,,87371,21,,,0,61,,87372,21,,,0,114,,87373,21,,,0,117,,87374,21,,,0,118,,87375,21,,,0,80,,87376,21,,,0,75,,87377,21,,,0,97,,87378,21,,,0,222,,87379,21,,,0,109,,87380,21,,,0,98,,87381,21,,,0,110,,87382,21,,,0
1500,'S2-2_6',746,,87384,21,,,0,61,,87385,21,,,0,114,,87386,21,,,0,117,,87387,21,,,0,118,,87388,21,,,0,80,,87389,21,,,0,75,,87390,21,,,0,97,,87391,21,,,0,222,,87392,21,,,0,109,,87393,21,,,0,98,,87394,21,,,0,110,,87395,21,,,0
1500,'S2-4_1',746,,87397,21,,,0,61,,87398,21,,,0,114,,87399,21,,,0,117,,87400,21,,,0,118,,87401,21,,,0,80,,87402,21,,,0,75,,87403,21,,,0,97,,87404,21,,,0,222,,87405,21,,,0,109,,87406,21,,,0,98,,87407,21,,,0,110,,87408,21,,,0
1500,'S2-4_2',746,,87410,21,,,0,61,,87411,21,,,0,114,,87412,21,,,0,117,,87413,21,,,0,118,,87414,21,,,0,80,,87415,21,,,0,75,,87416,21,,,0,97,,87417,21,,,0,222,,87418,21,,,0,109,,87419,21,,,0,98,,87420,21,,,0,110,,87421,21,,,0
1500,'S2-4_4',746,,87423,21,,,0,61,,87424,21,,,0,114,,87425,21,,,0,117,,87426,21,,,0,118,,87427,21,,,0,80,,87428,21,,,0,75,,87429,21,,,0,97,,87430,21,,,0,222,,87431,21,,,0,109,,87432,21,,,0,98,,87433,21,,,0,110,,87434,21,,,0
1501,'S2-0_4',656,,87436,11,,,0,58,,87437,11,,,0,95,,87438,11,,,0,21,,87439,11,,,0,117,,87440,11,,,0,156,,87441,11,,,0,118,,87442,11,,,0,94,,87443,11,,,0,118,,87444,11,,,0,222,,87445,11,,,0,150,,87446,11,,,0,95,,87447,11,,,0
1501,'S2-0_5',656,,87449,11,,,0,58,,87450,11,,,0,95,,87451,11,,,0,21,,87452,11,,,0,117,,87453,11,,,0,156,,87454,11,,,0,118,,87455,11,,,0,94,,87456,11,,,0,118,,87457,11,,,0,222,,87458,11,,,0,150,,87459,11,,,0,95,,87460,11,,,0
1501,'S2-1_3',656,,87462,11,,,0,58,,87463,11,,,0,95,,87464,11,,,0,21,,87465,11,,,0,117,,87466,11,,,0,156,,87467,11,,,0,118,,87468,11,,,0,94,,87469,11,,,0,118,,87470,11,,,0,222,,87471,11,,,0,150,,87472,11,,,0,95,,87473,11,,,0
1501,'S2-2_6',656,,87475,11,,,0,58,,87476,11,,,0,95,,87477,11,,,0,21,,87478,11,,,0,117,,87479,11,,,0,156,,87480,11,,,0,118,,87481,11,,,0,94,,87482,11,,,0,118,,87483,11,,,0,222,,87484,11,,,0,150,,87485,11,,,0,95,,87486,11,,,0
1501,'S2-4_1',656,,87488,11,,,0,58,,87489,11,,,0,95,,87490,11,,,0,21,,87491,11,,,0,117,,87492,11,,,0,156,,87493,11,,,0,118,,87494,11,,,0,94,,87495,11,,,0,118,,87496,11,,,0,222,,87497,11,,,0,150,,87498,11,,,0,95,,87499,11,,,0
1501,'S2-4_2',656,,87501,11,,,0,58,,87502,11,,,0,95,,87503,11,,,0,21,,87504,11,,,0,117,,87505,11,,,0,156,,87506,11,,,0,118,,87507,11,,,0,94,,87508,11,,,0,118,,87509,11,,,0,222,,87510,11,,,0,150,,87511,11,,,0,95,,87512,11,,,0
1501,'S2-4_4',656,,87514,11,,,0,58,,87515,11,,,0,95,,87516,11,,,0,21,,87517,11,,,0,117,,87518,11,,,0,156,,87519,11,,,0,118,,87520,11,,,0,94,,87521,11,,,0,118,,87522,11,,,0,222,,87523,11,,,0,150,,87524,11,,,0,95,,87525,11,,,0
