700,'S2-0_4',726,,86558,16,,,0,110,,86560,16,,,0,110,,86561,16,,,0,110,,86562,16,,,0,150,,86563,16,,,0,110,,86564,16,,,0,110,,86565,16,,,0,110,,86566,16,,,0,112,,86567,16,,,0,109,,86568,16,,,0,148,,86559,16,,,0
700,'S2-0_5',726,,86569,16,,,0,110,,86571,16,,,0,110,,86572,16,,,0,110,,86573,16,,,0,150,,86574,16,,,0,110,,86575,16,,,0,110,,86576,16,,,0,110,,86577,16,,,0,112,,86578,16,,,0,109,,86579,16,,,0,148,,86570,16,,,0
700,'S2-1_3',726,,86580,16,,,0,110,,86582,16,,,0,110,,86583,16,,,0,110,,86584,16,,,0,150,,86585,16,,,0,110,,86586,16,,,0,110,,86587,16,,,0,110,,86588,16,,,0,112,,86589,16,,,0,109,,86590,16,,,0,148,,86581,16,,,0
700,'S2-2_6',725,,86593,16,,,0,110,,86594,16,,,0,110,,86595,16,,,0,110,,86596,16,,,0,150,,86597,16,,,0,110,,86598,16,,,0,110,,86599,16,,,0,110,,86600,16,,,0,110,,86601,16,,,0,110,,86591,16,,,0,150,,86592,16,,,0
700,'S2-4_1',726,,86602,16,,,0,110,,86604,16,,,0,110,,86605,16,,,0,110,,86606,16,,,0,150,,86607,16,,,0,110,,86608,16,,,0,110,,86609,16,,,0,110,,86610,16,,,0,112,,86611,16,,,0,109,,86612,16,,,0,148,,86603,16,,,0
700,'S2-4_2',726,,86613,16,,,0,110,,86615,16,,,0,110,,86616,16,,,0,110,,86617,16,,,0,150,,86618,16,,,0,110,,86619,16,,,0,110,,86620,16,,,0,110,,86621,16,,,0,112,,86622,16,,,0,109,,86623,16,,,0,148,,86614,16,,,0
700,'S2-4_4',726,,86624,16,,,0,110,,86626,16,,,0,110,,86627,16,,,0,110,,86628,16,,,0,150,,86629,16,,,0,110,,86630,16,,,0,110,,86631,16,,,0,110,,86632,16,,,0,112,,86633,16,,,0,109,,86634,16,,,0,148,,86625,16,,,0
900300,'S2-0_4',725,,88653,4,4,,0,20,,88654,4,4,,0,65,,88655,4,4,,0,30,,88656,4,4,,0,70,,88657,4,4,,0,30,,88658,4,4,,0,70,,88659,4,4,,0,30,,88660,4,4,,0,70,,88661,4,4,,0,30,,88662,4,4,,0,70,,88663,4,4,,0,30,,88664,4,4,,0,70,,88665,4,4,,0,30,,88666,4,4,,0,70,,88667,4,4,,0,30,,88668,4,4,,0,70,,88669,4,4,,0,30,,88670,4,4,,0,70,,88671,4,4,,0,30,,88672,4,4,,0,70,,88673,4,4,,0,30,,88674,4,4,,0,70,,88675,4,4,,0,30,,88676,4,4,,0,60,,88677,4,4,,0
900300,'S2-0_5',725,,88679,4,4,,0,20,,88680,4,4,,0,65,,88681,4,4,,0,30,,88682,4,4,,0,70,,88683,4,4,,0,30,,88684,4,4,,0,70,,88685,4,4,,0,30,,88686,4,4,,0,70,,88687,4,4,,0,30,,88688,4,4,,0,70,,88689,4,4,,0,30,,88690,4,4,,0,70,,88691,4,4,,0,30,,88692,4,4,,0,70,,88693,4,4,,0,30,,88694,4,4,,0,70,,88695,4,4,,0,30,,88696,4,4,,0,70,,88697,4,4,,0,30,,88698,4,4,,0,70,,88699,4,4,,0,30,,88700,4,4,,0,70,,88701,4,4,,0,30,,88702,4,4,,0,60,,88703,4,4,,0
900300,'S2-1_3',725,,88705,4,4,,0,20,,88706,4,4,,0,65,,88707,4,4,,0,30,,88708,4,4,,0,70,,88709,4,4,,0,30,,88710,4,4,,0,70,,88711,4,4,,0,30,,88712,4,4,,0,70,,88713,4,4,,0,30,,88714,4,4,,0,70,,88715,4,4,,0,30,,88716,4,4,,0,70,,88717,4,4,,0,30,,88718,4,4,,0,70,,88719,4,4,,0,30,,88720,4,4,,0,70,,88721,4,4,,0,30,,88722,4,4,,0,70,,88723,4,4,,0,30,,88724,4,4,,0,70,,88725,4,4,,0,30,,88726,4,4,,0,70,,88727,4,4,,0,30,,88728,4,4,,0,60,,88729,4,4,,0
900300,'S2-4_1',725,,88731,4,4,,0,20,,88732,4,4,,0,65,,88733,4,4,,0,30,,88734,4,4,,0,70,,88735,4,4,,0,30,,88736,4,4,,0,70,,88737,4,4,,0,30,,88738,4,4,,0,70,,88739,4,4,,0,30,,88740,4,4,,0,70,,88741,4,4,,0,30,,88742,4,4,,0,70,,88743,4,4,,0,30,,88744,4,4,,0,70,,88745,4,4,,0,30,,88746,4,4,,0,70,,88747,4,4,,0,30,,88748,4,4,,0,70,,88749,4,4,,0,30,,88750,4,4,,0,70,,88751,4,4,,0,30,,88752,4,4,,0,70,,88753,4,4,,0,30,,88754,4,4,,0,60,,88755,4,4,,0
900300,'S2-4_2',725,,88757,4,4,,0,20,,88758,4,4,,0,65,,88759,4,4,,0,30,,88760,4,4,,0,70,,88761,4,4,,0,30,,88762,4,4,,0,70,,88763,4,4,,0,30,,88764,4,4,,0,70,,88765,4,4,,0,30,,88766,4,4,,0,70,,88767,4,4,,0,30,,88768,4,4,,0,70,,88769,4,4,,0,30,,88770,4,4,,0,70,,88771,4,4,,0,30,,88772,4,4,,0,70,,88773,4,4,,0,30,,88774,4,4,,0,70,,88775,4,4,,0,30,,88776,4,4,,0,70,,88777,4,4,,0,30,,88778,4,4,,0,70,,88779,4,4,,0,30,,88780,4,4,,0,60,,88781,4,4,,0
900300,'S2-4_4',725,,88783,4,4,,0,20,,88784,4,4,,0,65,,88785,4,4,,0,30,,88786,4,4,,0,70,,88787,4,4,,0,30,,88788,4,4,,0,70,,88789,4,4,,0,30,,88790,4,4,,0,70,,88791,4,4,,0,30,,88792,4,4,,0,70,,88793,4,4,,0,30,,88794,4,4,,0,70,,88795,4,4,,0,30,,88796,4,4,,0,70,,88797,4,4,,0,30,,88798,4,4,,0,70,,88799,4,4,,0,30,,88800,4,4,,0,70,,88801,4,4,,0,30,,88802,4,4,,0,70,,88803,4,4,,0,30,,88804,4,4,,0,70,,88805,4,4,,0,30,,88806,4,4,,0,60,,88807,4,4,,0
900301,'S2-0_4',725,,88809,1,,,0,20,,88810,1,,,0,65,,88811,1,,,0,30,,88812,1,,,0,70,,88813,1,,,0,30,,88814,1,,,0,70,,88815,1,,,0,30,,88816,1,,,0,70,,88817,1,,,0,30,,88818,1,,,0,70,,88819,1,,,0,30,,88820,1,,,0,70,,88821,1,,,0,30,,88822,1,,,0,70,,88823,1,,,0,30,,88824,1,,,0,70,,88825,1,,,0,30,,88826,1,,,0,70,,88827,1,,,0,30,,88828,1,,,0,70,,88829,1,,,0,30,,88830,1,,,0,70,,88831,1,,,0,30,,88832,1,,,0,60,,88833,1,,,0
900301,'S2-0_5',725,,88834,1,,,0,20,,88835,1,,,0,65,,88836,1,,,0,30,,88837,1,,,0,70,,88838,1,,,0,30,,88839,1,,,0,70,,88840,1,,,0,30,,88841,1,,,0,70,,88842,1,,,0,30,,88843,1,,,0,70,,88844,1,,,0,30,,88845,1,,,0,70,,88846,1,,,0,30,,88847,1,,,0,70,,88848,1,,,0,30,,88849,1,,,0,70,,88850,1,,,0,30,,88851,1,,,0,70,,88852,1,,,0,30,,88853,1,,,0,70,,88854,1,,,0,30,,88855,1,,,0,70,,88856,1,,,0,30,,88857,1,,,0,60,,88858,1,,,0
900301,'S2-1_3',725,,88859,1,,,0,20,,88860,1,,,0,65,,88861,1,,,0,30,,88862,1,,,0,70,,88863,1,,,0,30,,88864,1,,,0,70,,88865,1,,,0,30,,88866,1,,,0,70,,88867,1,,,0,30,,88868,1,,,0,70,,88869,1,,,0,30,,88870,1,,,0,70,,88871,1,,,0,30,,88872,1,,,0,70,,88873,1,,,0,30,,88874,1,,,0,70,,88875,1,,,0,30,,88876,1,,,0,70,,88877,1,,,0,30,,88878,1,,,0,70,,88879,1,,,0,30,,88880,1,,,0,70,,88881,1,,,0,30,,88882,1,,,0,60,,88883,1,,,0
900301,'S2-4_1',725,,88884,1,,,0,20,,88885,1,,,0,65,,88886,1,,,0,30,,88887,1,,,0,70,,88888,1,,,0,30,,88889,1,,,0,70,,88890,1,,,0,30,,88891,1,,,0,70,,88892,1,,,0,30,,88893,1,,,0,70,,88894,1,,,0,30,,88895,1,,,0,70,,88896,1,,,0,30,,88897,1,,,0,70,,88898,1,,,0,30,,88899,1,,,0,70,,88900,1,,,0,30,,88901,1,,,0,70,,88902,1,,,0,30,,88903,1,,,0,70,,88904,1,,,0,30,,88905,1,,,0,70,,88906,1,,,0,30,,88907,1,,,0,60,,88908,1,,,0
900301,'S2-4_2',725,,88909,1,,,0,20,,88910,1,,,0,65,,88911,1,,,0,30,,88912,1,,,0,70,,88913,1,,,0,30,,88914,1,,,0,70,,88915,1,,,0,30,,88916,1,,,0,70,,88917,1,,,0,30,,88918,1,,,0,70,,88919,1,,,0,30,,88920,1,,,0,70,,88921,1,,,0,30,,88922,1,,,0,70,,88923,1,,,0,30,,88924,1,,,0,70,,88925,1,,,0,30,,88926,1,,,0,70,,88927,1,,,0,30,,88928,1,,,0,70,,88929,1,,,0,30,,88930,1,,,0,70,,88931,1,,,0,30,,88932,1,,,0,60,,88933,1,,,0
900301,'S2-4_4',725,,88934,1,,,0,20,,88935,1,,,0,65,,88936,1,,,0,30,,88937,1,,,0,70,,88938,1,,,0,30,,88939,1,,,0,70,,88940,1,,,0,30,,88941,1,,,0,70,,88942,1,,,0,30,,88943,1,,,0,70,,88944,1,,,0,30,,88945,1,,,0,70,,88946,1,,,0,30,,88947,1,,,0,70,,88948,1,,,0,30,,88949,1,,,0,70,,88950,1,,,0,30,,88951,1,,,0,70,,88952,1,,,0,30,,88953,1,,,0,70,,88954,1,,,0,30,,88955,1,,,0,70,,88956,1,,,0,30,,88957,1,,,0,60,,88958,1,,,0
901500,'S2-0_4',843,,89087,5,,,0,60,,89088,5,,,0,20,,89089,5,,,0,20,,89090,5,,,0,60,,89091,5,,,0,20,,89092,5,,,0,20,,89093,5,,,0,60,,89094,5,,,0,20,,89095,5,,,0,20,,89096,5,,,0,60,,89097,5,,,0,20,,89098,5,,,0,20,,89099,5,,,0,60,,89100,5,,,0,20,,89101,5,,,0,20,,89102,5,,,0,60,,89103,5,,,0,20,,89104,5,,,0,20,,89105,5,,,0,80,,89106,5,,,0,20,,89107,5,,,0,60,,89108,5,,,0,20,,89109,5,,,0,20,,89110,5,,,0,60,,89111,5,,,0,20,,89112,5,,,0,20,,89113,5,,,0,60,,89114,5,,,0,20,,89115,5,,,0,20,,89116,5,,,0,60,,89117,5,,,0,20,,89118,5,,,0
901500,'S2-0_5',843,,89119,5,,,0,60,,89120,5,,,0,20,,89121,5,,,0,20,,89122,5,,,0,60,,89123,5,,,0,20,,89124,5,,,0,20,,89125,5,,,0,60,,89126,5,,,0,20,,89127,5,,,0,20,,89128,5,,,0,60,,89129,5,,,0,20,,89130,5,,,0,20,,89131,5,,,0,60,,89132,5,,,0,20,,89133,5,,,0,20,,89134,5,,,0,60,,89135,5,,,0,20,,89136,5,,,0,20,,89137,5,,,0,80,,89138,5,,,0,20,,89139,5,,,0,60,,89140,5,,,0,20,,89141,5,,,0,20,,89142,5,,,0,60,,89143,5,,,0,20,,89144,5,,,0,20,,89145,5,,,0,60,,89146,5,,,0,20,,89147,5,,,0,20,,89148,5,,,0,60,,89149,5,,,0,20,,89150,5,,,0
901500,'S2-1_3',843,,89151,5,,,0,60,,89152,5,,,0,20,,89153,5,,,0,20,,89154,5,,,0,60,,89155,5,,,0,20,,89156,5,,,0,20,,89157,5,,,0,60,,89158,5,,,0,20,,89159,5,,,0,20,,89160,5,,,0,60,,89161,5,,,0,20,,89162,5,,,0,20,,89163,5,,,0,60,,89164,5,,,0,20,,89165,5,,,0,20,,89166,5,,,0,60,,89167,5,,,0,20,,89168,5,,,0,20,,89169,5,,,0,80,,89170,5,,,0,20,,89171,5,,,0,60,,89172,5,,,0,20,,89173,5,,,0,20,,89174,5,,,0,60,,89175,5,,,0,20,,89176,5,,,0,20,,89177,5,,,0,60,,89178,5,,,0,20,,89179,5,,,0,20,,89180,5,,,0,60,,89181,5,,,0,20,,89182,5,,,0
901500,'S2-2_6',843,,89183,5,,,0,60,,89184,5,,,0,20,,89185,5,,,0,20,,89186,5,,,0,60,,89187,5,,,0,20,,89188,5,,,0,20,,89189,5,,,0,60,,89190,5,,,0,20,,89191,5,,,0,20,,89192,5,,,0,60,,89193,5,,,0,20,,89194,5,,,0,20,,89195,5,,,0,60,,89196,5,,,0,20,,89197,5,,,0,20,,89198,5,,,0,60,,89199,5,,,0,20,,89200,5,,,0,20,,89201,5,,,0,80,,89202,5,,,0,20,,89203,5,,,0,60,,89204,5,,,0,20,,89205,5,,,0,20,,89206,5,,,0,60,,89207,5,,,0,20,,89208,5,,,0,20,,89209,5,,,0,60,,89210,5,,,0,20,,89211,5,,,0,20,,89212,5,,,0,60,,89213,5,,,0,20,,89214,5,,,0
901500,'S2-4_1',843,,89215,5,,,0,60,,89216,5,,,0,20,,89217,5,,,0,20,,89218,5,,,0,60,,89219,5,,,0,20,,89220,5,,,0,20,,89221,5,,,0,60,,89222,5,,,0,20,,89223,5,,,0,20,,89224,5,,,0,60,,89225,5,,,0,20,,89226,5,,,0,20,,89227,5,,,0,60,,89228,5,,,0,20,,89229,5,,,0,20,,89230,5,,,0,60,,89231,5,,,0,20,,89232,5,,,0,20,,89233,5,,,0,80,,89234,5,,,0,20,,89235,5,,,0,60,,89236,5,,,0,20,,89237,5,,,0,20,,89238,5,,,0,60,,89239,5,,,0,20,,89240,5,,,0,20,,89241,5,,,0,60,,89242,5,,,0,20,,89243,5,,,0,20,,89244,5,,,0,60,,89245,5,,,0,20,,89246,5,,,0
901500,'S2-4_2',843,,89247,5,,,0,60,,89248,5,,,0,20,,89249,5,,,0,20,,89250,5,,,0,60,,89251,5,,,0,20,,89252,5,,,0,20,,89253,5,,,0,60,,89254,5,,,0,20,,89255,5,,,0,20,,89256,5,,,0,60,,89257,5,,,0,20,,89258,5,,,0,20,,89259,5,,,0,60,,89260,5,,,0,20,,89261,5,,,0,20,,89262,5,,,0,60,,89263,5,,,0,20,,89264,5,,,0,20,,89265,5,,,0,80,,89266,5,,,0,20,,89267,5,,,0,60,,89268,5,,,0,20,,89269,5,,,0,20,,89270,5,,,0,60,,89271,5,,,0,20,,89272,5,,,0,20,,89273,5,,,0,60,,89274,5,,,0,20,,89275,5,,,0,20,,89276,5,,,0,60,,89277,5,,,0,20,,89278,5,,,0
901500,'S2-4_4',843,,89279,5,,,0,60,,89280,5,,,0,20,,89281,5,,,0,20,,89282,5,,,0,60,,89283,5,,,0,20,,89284,5,,,0,20,,89285,5,,,0,60,,89286,5,,,0,20,,89287,5,,,0,20,,89288,5,,,0,60,,89289,5,,,0,20,,89290,5,,,0,20,,89291,5,,,0,60,,89292,5,,,0,20,,89293,5,,,0,20,,89294,5,,,0,60,,89295,5,,,0,20,,89296,5,,,0,20,,89297,5,,,0,80,,89298,5,,,0,20,,89299,5,,,0,60,,89300,5,,,0,20,,89301,5,,,0,20,,89302,5,,,0,60,,89303,5,,,0,20,,89304,5,,,0,20,,89305,5,,,0,60,,89306,5,,,0,20,,89307,5,,,0,20,,89308,5,,,0,60,,89309,5,,,0,20,,89310,5,,,0
