400,'S2-0_4',924,,85675,7,0,40,0,303,,85696,7,0,40,0,124,,85684,7,0,40,0,104,,85685,7,0,40,0,165,,85686,7,0,40,0,119,,85688,7,0,40,0,164,,85691,7,0,40,0
400,'S2-0_5',924,,85709,7,0,40,0,303,,85730,7,0,40,0,124,,85718,7,0,40,0,104,,85719,7,0,40,0,165,,85720,7,0,40,0,119,,85722,7,0,40,0,164,,85725,7,0,40,0
400,'S2-1_3',924,,85743,7,0,40,0,303,,85763,7,0,40,0,124,,85752,7,0,40,0,104,,85753,7,0,40,0,165,,85754,7,0,40,0,119,,85756,7,0,40,0,164,,85759,7,0,40,0
400,'S2-2_6',826,,85771,7,0,40,0,198,,85772,7,0,40,0,200,,85773,7,0,40,0,201,,85774,7,0,40,0,202,,85775,7,0,40,0,209,,85776,7,0,40,0
400,'S2-3_7',807,,85795,7,0,40,0,125,,85796,7,0,40,0,125,,85797,7,0,40,0,200,,85798,7,0,40,0,165,,85799,7,0,40,0,125,,85800,7,0,40,0,166,,85801,7,0,40,0,125,,85802,7,0,40,0
400,'S2-4_1',924,,85808,7,0,40,0,303,,85829,7,0,40,0,124,,85817,7,0,40,0,104,,85818,7,0,40,0,165,,85819,7,0,40,0,119,,85821,7,0,40,0,164,,85824,7,0,40,0
400,'S2-4_2',924,,85842,7,0,40,0,303,,85863,7,0,40,0,124,,85851,7,0,40,0,104,,85852,7,0,40,0,165,,85853,7,0,40,0,119,,85855,7,0,40,0,164,,85858,7,0,40,0
400,'S2-4_4',924,,85876,7,0,40,0,303,,85897,7,0,40,0,124,,85885,7,0,40,0,104,,85886,7,0,40,0,165,,85887,7,0,40,0,119,,85889,7,0,40,0,164,,85892,7,0,40,0
2901200,'S2-0_4',643,,91492,7,,,0,104,,91491,7,,,0
2901200,'S2-0_5',643,,91494,7,,,0,104,,91493,7,,,0
2901200,'S2-1_3',643,,91496,7,,,0,104,,91495,7,,,0
2901200,'S2-4_1',643,,91498,7,,,0,104,,91497,7,,,0
2901200,'S2-4_2',643,,91500,7,,,0,104,,91499,7,,,0
2901200,'S2-4_4',643,,91502,7,,,0,104,,91501,7,,,0
