401,'S2-0_4',638,,85922,3,0,41,0,19,,85906,3,0,41,0,48,,85923,3,0,41,0,21,,85907,3,0,41,0,12,,85930,3,,,0,68,,85908,3,0,41,0,11,,85909,3,0,41,0,41,,85910,3,0,41,0,75,,85911,3,0,41,0,74,,85912,3,0,41,0,35,,85932,3,,,0,71,,85913,3,0,41,0,28,,85914,3,0,41,0,15,,85931,3,,,0,71,,85927,3,0,41,0,75,,85933,3,,,0,33,,85905,6,0,41,0,77,,85915,3,0,41,0,28,,85934,3,,,0,72,,85916,3,0,41,0,25,,85917,3,0,41,0,13,,85918,3,0,41,0,53,,85928,3,0,41,0,19,,85924,3,0,41,0,16,,85919,3,0,41,0,11,,85925,3,0,41,0,53,,85929,3,,,0,38,,85920,3,0,41,0,61,,85926,3,0,41,0,44,,85921,3,0,41,0,61,,85935,3,,,0
401,'S2-0_5',638,,85954,3,0,41,0,19,,85938,3,0,41,0,48,,85955,3,0,41,0,21,,85939,3,0,41,0,12,,85962,3,,,0,68,,85940,3,0,41,0,11,,85941,3,0,41,0,41,,85942,3,0,41,0,75,,85943,3,0,41,0,74,,85944,3,0,41,0,35,,85964,3,,,0,71,,85945,3,0,41,0,28,,85946,3,0,41,0,15,,85963,3,,,0,71,,85959,3,0,41,0,75,,85965,3,,,0,33,,85937,6,0,41,0,77,,85947,3,0,41,0,28,,85966,3,,,0,72,,85948,3,0,41,0,25,,85949,3,0,41,0,13,,85950,3,0,41,0,53,,85960,3,0,41,0,19,,85956,3,0,41,0,16,,85951,3,0,41,0,11,,85957,3,0,41,0,53,,85961,3,,,0,38,,85952,3,0,41,0,61,,85958,3,0,41,0,44,,85953,3,0,41,0,61,,85967,3,,,0
401,'S2-1_3',638,,85986,3,0,41,0,19,,85970,3,0,41,0,48,,85987,3,0,41,0,21,,85971,3,0,41,0,12,,85994,3,,,0,68,,85972,3,0,41,0,11,,85973,3,0,41,0,41,,85974,3,0,41,0,75,,85975,3,0,41,0,74,,85976,3,0,41,0,35,,85996,3,,,0,71,,85977,3,0,41,0,28,,85978,3,0,41,0,15,,85995,3,,,0,71,,85991,3,0,41,0,75,,85997,3,,,0,33,,85969,6,0,41,0,77,,85979,3,0,41,0,28,,85998,3,,,0,72,,85980,3,0,41,0,25,,85981,3,0,41,0,13,,85982,3,0,41,0,53,,85992,3,0,41,0,19,,85988,3,0,41,0,16,,85983,3,0,41,0,11,,85989,3,0,41,0,53,,85993,3,,,0,38,,85984,3,0,41,0,61,,85990,3,0,41,0,44,,85985,3,0,41,0,61,,85999,3,,,0
401,'S2-2_6',648,,86001,3,,,0,154,,86008,3,0,41,0,35,,86002,3,,,0,69,,86009,3,0,41,0,32,,86010,3,0,41,0,67,,86011,3,0,41,0,32,,86003,3,,,0,70,,86012,3,0,41,0,31,,86013,3,0,41,0,71,,86014,3,0,41,0,30,,86004,3,,,0,69,,86015,3,0,41,0,29,,86016,3,0,41,0,70,,86017,3,0,41,0,31,,86005,3,,,0,69,,86018,3,0,41,0,32,,86019,3,0,41,0,73,,86020,3,0,41,0,31,,86006,3,,,0,71,,86021,3,0,41,0,33,,86022,3,0,41,0,72,,86023,3,0,41,0,31,,86024,3,0,41,0,70,,86007,3,,,0
401,'S2-3_7',926,,86025,3,,,0,125,,86026,3,,,0,165,,86027,3,,,0,201,,86028,3,,,0,125,,86029,3,,,0,165,,86030,3,,,0,125,,86031,3,,,0
401,'S2-4_1',638,,86049,3,0,41,0,19,,86033,3,0,41,0,48,,86050,3,0,41,0,21,,86034,3,0,41,0,12,,86057,3,,,0,68,,86035,3,0,41,0,11,,86036,3,0,41,0,41,,86037,3,0,41,0,75,,86038,3,0,41,0,74,,86039,3,0,41,0,35,,86059,3,,,0,71,,86040,3,0,41,0,28,,86041,3,0,41,0,15,,86058,3,,,0,71,,86054,3,0,41,0,75,,86060,3,,,0,33,,86032,6,0,41,0,77,,86042,3,0,41,0,28,,86061,3,,,0,72,,86043,3,0,41,0,25,,86044,3,0,41,0,13,,86045,3,0,41,0,53,,86055,3,0,41,0,19,,86051,3,0,41,0,16,,86046,3,0,41,0,11,,86052,3,0,41,0,53,,86056,3,,,0,38,,86047,3,0,41,0,61,,86053,3,0,41,0,44,,86048,3,0,41,0,61,,86062,3,,,0
401,'S2-4_2',638,,86081,3,0,41,0,19,,86065,3,0,41,0,48,,86082,3,0,41,0,21,,86066,3,0,41,0,12,,86089,3,,,0,68,,86067,3,0,41,0,11,,86068,3,0,41,0,41,,86069,3,0,41,0,75,,86070,3,0,41,0,74,,86071,3,0,41,0,35,,86091,3,,,0,71,,86072,3,0,41,0,28,,86073,3,0,41,0,15,,86090,3,,,0,71,,86086,3,0,41,0,75,,86092,3,,,0,33,,86064,6,0,41,0,77,,86074,3,0,41,0,28,,86093,3,,,0,72,,86075,3,0,41,0,25,,86076,3,0,41,0,13,,86077,3,0,41,0,53,,86087,3,0,41,0,19,,86083,3,0,41,0,16,,86078,3,0,41,0,11,,86084,3,0,41,0,53,,86088,3,,,0,38,,86079,3,0,41,0,61,,86085,3,0,41,0,44,,86080,3,0,41,0,61,,86094,3,,,0
401,'S2-4_4',638,,86113,3,0,41,0,19,,86097,3,0,41,0,48,,86114,3,0,41,0,21,,86098,3,0,41,0,12,,86121,3,,,0,68,,86099,3,0,41,0,11,,86100,3,0,41,0,41,,86101,3,0,41,0,75,,86102,3,0,41,0,74,,86103,3,0,41,0,35,,86123,3,,,0,71,,86104,3,0,41,0,28,,86105,3,0,41,0,15,,86122,3,,,0,71,,86118,3,0,41,0,75,,86124,3,,,0,33,,86096,6,0,41,0,77,,86106,3,0,41,0,28,,86125,3,,,0,72,,86107,3,0,41,0,25,,86108,3,0,41,0,13,,86109,3,0,41,0,53,,86119,3,0,41,0,19,,86115,3,0,41,0,16,,86110,3,0,41,0,11,,86116,3,0,41,0,53,,86120,3,,,0,38,,86111,3,0,41,0,61,,86117,3,0,41,0,44,,86112,3,0,41,0,61,,86126,3,,,0
2301,'S2-0_4',709,,88101,6,,,0
2301,'S2-0_5',709,,88104,6,,,0
2301,'S2-1_3',709,,88107,6,,,0
2301,'S2-4_1',709,,88110,6,,,0
2301,'S2-4_2',709,,88113,6,,,0
2301,'S2-4_4',709,,88116,6,,,0
2900400,'S2-0_4',1705,,91394,8,,,0,100,,91395,8,,,0
2900400,'S2-0_5',1705,,91396,8,,,0,100,,91397,8,,,0
2900400,'S2-1_3',1705,,91398,8,,,0,100,,91399,8,,,0
2900400,'S2-4_1',1705,,91400,8,,,0,100,,91401,8,,,0
2900400,'S2-4_2',1705,,91402,8,,,0,100,,91403,8,,,0
2900400,'S2-4_4',1705,,91404,8,,,0,100,,91405,8,,,0
