200,'S2-0_4',723,,84669,24,0,35 37,0,5,,84701,27,0,38,0,20,,84702,27,0,38,0,60,,84696,15,0,34,0,15,,84676,27,0,35 37,0,15,,84703,24,0,38,0,84,,84697,15,0,34,0,15,,84680,24,0,35 37,0,90,,84683,24,0,34,0,29,,84671,27,0,35 37,0,80,,84684,24,0,34,0,75,,84691,15,0,35 37,0,26,,84681,27,0,34,0,20,,84692,24,0,35 37,0,65,,84686,15,0,34,0,25,,84672,24,0,35 37,0,70,,84685,27,0,34,0,30,,84693,24,0,35 37,0,70,,84682,24,0,34,0,25,,84699,27,0,38,0,67,,84694,24,0,35 37,0,18,,84700,24,0,34,0,15,,84704,15,0,38,0,71,,84673,15,0,35 37,0,10,,84705,24,0,38,0,10,,84687,27,0,34,0,14,,84677,24,0,38,0,61,,84695,27,0,35 37,0,14,,84678,24,0,38,0,15,,84688,27,0,34,0,15,,84706,24,0,38,0,60,,84679,27,0,38,0,15,,84674,24,0,35 37,0,10,,84689,27,0,34,0
200,'S2-0_5',723,,84708,24,0,35 37,0,5,,84740,27,0,38,0,20,,84741,27,0,38,0,60,,84735,15,0,34,0,15,,84715,27,0,35 37,0,15,,84742,24,0,38,0,84,,84736,15,0,34,0,15,,84719,24,0,35 37,0,90,,84722,24,0,34,0,29,,84710,27,0,35 37,0,80,,84723,24,0,34,0,75,,84730,15,0,35 37,0,26,,84720,27,0,34,0,20,,84731,24,0,35 37,0,65,,84725,15,0,34,0,25,,84711,24,0,35 37,0,70,,84724,27,0,34,0,30,,84732,24,0,35 37,0,70,,84721,24,0,34,0,25,,84738,27,0,38,0,67,,84733,24,0,35 37,0,18,,84739,24,0,34,0,15,,84743,15,0,38,0,71,,84712,15,0,35 37,0,10,,84744,24,0,38,0,10,,84726,27,0,34,0,14,,84716,24,0,38,0,61,,84734,27,0,35 37,0,14,,84717,24,0,38,0,15,,84727,27,0,34,0,15,,84745,24,0,38,0,60,,84718,27,0,38,0,15,,84713,24,0,35 37,0,10,,84728,27,0,34,0
200,'S2-1_3',723,,84747,24,0,35 37,0,5,,84779,27,0,38,0,20,,84780,27,0,38,0,60,,84774,15,0,34,0,15,,84754,27,0,35 37,0,15,,84781,24,0,38,0,84,,84775,15,0,34,0,15,,84758,24,0,35 37,0,90,,84761,24,0,34,0,29,,84749,27,0,35 37,0,80,,84762,24,0,34,0,75,,84769,15,0,35 37,0,26,,84759,27,0,34,0,20,,84770,24,0,35 37,0,65,,84764,15,0,34,0,25,,84750,24,0,35 37,0,70,,84763,27,0,34,0,30,,84771,24,0,35 37,0,70,,84760,24,0,34,0,25,,84777,27,0,38,0,67,,84772,24,0,35 37,0,18,,84778,24,0,34,0,15,,84782,15,0,38,0,71,,84751,15,0,35 37,0,10,,84783,24,0,38,0,10,,84765,27,0,34,0,14,,84755,24,0,38,0,61,,84773,27,0,35 37,0,14,,84756,24,0,38,0,15,,84766,27,0,34,0,15,,84784,24,0,38,0,60,,84757,27,0,38,0,15,,84752,24,0,35 37,0,10,,84767,27,0,34,0
200,'S2-2_6',717,,84786,27,0,34,0,30,,84797,24,0,35 37,0,61,,84809,15,0,38,0,20,,84787,27,0,34,0,25,,84798,24,0,35 37,0,60,,84810,27,0,38,0,20,,84788,24,0,34,0,24,,84799,15,0,35 37,0,60,,84811,15,0,38,0,21,,84789,27,0,34,0,65,,84800,24,0,35 37,0,22,,84812,15,0,38,0,23,,84790,27,0,34,0,64,,84801,24,0,35 37,0,20,,84813,15,0,38,0,20,,84791,25,0,34,0,60,,84802,15,0,35 37,0,20,,84814,24,0,38,0,21,,84792,27,0,34,0,60,,84803,24,0,35 37,0,21,,84815,15,0,38,0,21,,84793,27,0,34,0,61,,84804,24,0,35 37,0,21,,84816,15,0,38,0,63,,84794,27,0,34,0,27,,84805,24,0,35 37,0,18,,84817,15,0,38,0,59,,84795,27,0,34,0,25,,84806,24,0,35 37,0,18,,84818,15,0,38,0,57,,84796,27,0,34,0,20,,84820,24,0,35 37,0,25,,84819,15,0,38,0,66,,84807,27,0,35 37,0,23,,84808,24,0,34,0
200,'S2-3_7',942,,84821,24,0,38,0,165,,84822,24,0,38,0,125,,84823,24,0,38,0,110,,84824,24,0,38,0,165,,84825,24,0,38,0,125,,84826,24,0,38,0,125,,84827,24,0,38,0,165,,84828,24,0,38,0
200,'S2-4_1',723,,84829,24,0,35 37,0,5,,84861,27,0,38,0,20,,84862,27,0,38,0,60,,84856,15,0,34,0,15,,84836,27,0,35 37,0,15,,84863,24,0,38,0,84,,84857,15,0,34,0,15,,84840,24,0,35 37,0,90,,84843,24,0,34,0,29,,84831,27,0,35 37,0,80,,84844,24,0,34,0,75,,84851,15,0,35 37,0,26,,84841,27,0,34,0,20,,84852,24,0,35 37,0,65,,84846,15,0,34,0,25,,84832,24,0,35 37,0,70,,84845,27,0,34,0,30,,84853,24,0,35 37,0,70,,84842,24,0,34,0,25,,84859,27,0,38,0,67,,84854,24,0,35 37,0,18,,84860,24,0,34,0,15,,84864,15,0,38,0,71,,84833,15,0,35 37,0,10,,84865,24,0,38,0,10,,84847,27,0,34,0,14,,84837,24,0,38,0,61,,84855,27,0,35 37,0,14,,84838,24,0,38,0,15,,84848,27,0,34,0,15,,84866,24,0,38,0,60,,84839,27,0,38,0,15,,84834,24,0,35 37,0,10,,84849,27,0,34,0
200,'S2-4_2',723,,84868,24,0,35 37,0,5,,84900,27,0,38,0,20,,84901,27,0,38,0,60,,84895,15,0,34,0,15,,84875,27,0,35 37,0,15,,84902,24,0,38,0,84,,84896,15,0,34,0,15,,84879,24,0,35 37,0,90,,84882,24,0,34,0,29,,84870,27,0,35 37,0,80,,84883,24,0,34,0,75,,84890,15,0,35 37,0,26,,84880,27,0,34,0,20,,84891,24,0,35 37,0,65,,84885,15,0,34,0,25,,84871,24,0,35 37,0,70,,84884,27,0,34,0,30,,84892,24,0,35 37,0,70,,84881,24,0,34,0,25,,84898,27,0,38,0,67,,84893,24,0,35 37,0,18,,84899,24,0,34,0,15,,84903,15,0,38,0,71,,84872,15,0,35 37,0,10,,84904,24,0,38,0,10,,84886,27,0,34,0,14,,84876,24,0,38,0,61,,84894,27,0,35 37,0,14,,84877,24,0,38,0,15,,84887,27,0,34,0,15,,84905,24,0,38,0,60,,84878,27,0,38,0,15,,84873,24,0,35 37,0,10,,84888,27,0,34,0
200,'S2-4_4',723,,84907,24,0,35 37,0,5,,84939,27,0,38,0,20,,84940,27,0,38,0,60,,84934,15,0,34,0,15,,84914,27,0,35 37,0,15,,84941,24,0,38,0,84,,84935,15,0,34,0,15,,84918,24,0,35 37,0,90,,84921,24,0,34,0,29,,84909,27,0,35 37,0,80,,84922,24,0,34,0,75,,84929,15,0,35 37,0,26,,84919,27,0,34,0,20,,84930,24,0,35 37,0,65,,84924,15,0,34,0,25,,84910,24,0,35 37,0,70,,84923,27,0,34,0,30,,84931,24,0,35 37,0,70,,84920,24,0,34,0,25,,84937,27,0,38,0,67,,84932,24,0,35 37,0,18,,84938,24,0,34,0,15,,84942,15,0,38,0,71,,84911,15,0,35 37,0,10,,84943,24,0,38,0,10,,84925,27,0,34,0,14,,84915,24,0,38,0,61,,84933,27,0,35 37,0,14,,84916,24,0,38,0,15,,84926,27,0,34,0,15,,84944,24,0,38,0,60,,84917,27,0,38,0,15,,84912,24,0,35 37,0,10,,84927,27,0,34,0
1500,'S2-0_4',729,,87345,5,,,0,21,,87346,5,,,0,154,,87347,5,,,0,117,,87348,5,,,0,116,,87349,5,,,0,80,,87350,5,,,0,37,,87351,5,,,0,95,,87352,5,,,0,158,,87344,5,0,44,0,100,,87353,5,,,0,108,,87354,5,,,0,99,,87355,5,,,0,118,,87356,5,,,0
1500,'S2-0_5',729,,87358,5,,,0,21,,87359,5,,,0,154,,87360,5,,,0,117,,87361,5,,,0,116,,87362,5,,,0,80,,87363,5,,,0,37,,87364,5,,,0,95,,87365,5,,,0,158,,87357,5,0,44,0,100,,87366,5,,,0,108,,87367,5,,,0,99,,87368,5,,,0,118,,87369,5,,,0
1500,'S2-1_3',729,,87371,5,,,0,21,,87372,5,,,0,154,,87373,5,,,0,117,,87374,5,,,0,116,,87375,5,,,0,80,,87376,5,,,0,37,,87377,5,,,0,95,,87378,5,,,0,158,,87370,5,0,44,0,100,,87379,5,,,0,108,,87380,5,,,0,99,,87381,5,,,0,118,,87382,5,,,0
1500,'S2-2_6',729,,87384,5,,,0,21,,87385,5,,,0,154,,87386,5,,,0,117,,87387,5,,,0,116,,87388,5,,,0,80,,87389,5,,,0,37,,87390,5,,,0,95,,87391,5,,,0,158,,87383,5,0,44,0,100,,87392,5,,,0,108,,87393,5,,,0,99,,87394,5,,,0,118,,87395,5,,,0
1500,'S2-4_1',729,,87397,5,,,0,21,,87398,5,,,0,154,,87399,5,,,0,117,,87400,5,,,0,116,,87401,5,,,0,80,,87402,5,,,0,37,,87403,5,,,0,95,,87404,5,,,0,158,,87396,5,0,44,0,100,,87405,5,,,0,108,,87406,5,,,0,99,,87407,5,,,0,118,,87408,5,,,0
1500,'S2-4_2',729,,87410,5,,,0,21,,87411,5,,,0,154,,87412,5,,,0,117,,87413,5,,,0,116,,87414,5,,,0,80,,87415,5,,,0,37,,87416,5,,,0,95,,87417,5,,,0,158,,87409,5,0,44,0,100,,87418,5,,,0,108,,87419,5,,,0,99,,87420,5,,,0,118,,87421,5,,,0
1500,'S2-4_4',729,,87423,5,,,0,21,,87424,5,,,0,154,,87425,5,,,0,117,,87426,5,,,0,116,,87427,5,,,0,80,,87428,5,,,0,37,,87429,5,,,0,95,,87430,5,,,0,158,,87422,5,0,44,0,100,,87431,5,,,0,108,,87432,5,,,0,99,,87433,5,,,0,118,,87434,5,,,0
2000,'S2-0_4',1636,,87929,3,,,0,105,,87930,3,,,0,100,,87931,3,,,0
2000,'S2-0_5',1636,,87932,3,,,0,105,,87933,3,,,0,100,,87934,3,,,0
2000,'S2-1_3',1241,,87938,3,,,0,395,,87935,3,,,0,105,,87936,3,,,0,100,,87937,3,,,0
2000,'S2-4_1',1636,,87939,3,,,0,105,,87940,3,,,0,100,,87941,3,,,0
2000,'S2-4_2',1636,,87942,3,,,0,105,,87943,3,,,0,100,,87944,3,,,0
2000,'S2-4_4',1636,,87945,3,,,0,105,,87946,3,,,0,100,,87947,3,,,0
900500,'S2-4_4',2121,,88959,6,,,0,90,,88960,6,,,0,90,,88961,6,,,0,50,,88962,6,,,0,88,,88963,6,,,0,82,,88964,6,,,0,30,,88965,6,,,0,70,,88966,6,,,0
1000000,'S2-0_4',552,,89311,19,0,31 33,0,60,,89312,19,0,31 33,0,20,,89393,19,0,31 33,0,20,,89394,19,,,0,54,,89396,19,,,0,12,,89392,19,,,0,10,,89345,19,,,0,6,,89390,5,,,0,3,,89346,19,,,0,10,,89347,19,,,0,10,,89348,19,,,0,50,,89349,19,,,0,11,,89350,19,,,0,10,,89351,19,,,0,10,,89352,19,,,0,9,,89395,19,,,0,9,,89313,19,0,31 33,0,49,,89314,19,,,0,10,,89315,19,0,31 33,0,10,,89316,19,,,0,11,,89317,19,0,31 33,0,10,,89353,19,,,0,11,,89318,19,0,31 33,0,51,,89319,19,,,0,10,,89320,19,0,31 33,0,11,,89321,19,,,0,11,,89322,19,0,31 33,0,10,,89323,19,,,0,51,,89325,19,0,31 33,0,10,,89324,19,,,0,11,,89355,19,0,31 33,0,12,,89354,19,,,0,11,,89356,19,0,31 33,0,11,,89357,19,,,0,51,,89358,19,0,31 33,0,10,,89359,19,,,0,10,,89360,19,0,31 33,0,11,,89361,19,,,0,10,,89362,19,0,31 33,0,10,,89363,19,,,0,50,,89364,19,0,31 33,0,10,,89365,19,,,0,9,,89366,19,0,31 33,0,10,,89367,19,,,0,10,,89326,19,0,31 33,0,11,,89327,19,,,0,50,,89368,19,0,31 33,0,10,,89328,19,,,0,9,,89329,19,0,31 33,0,11,,89330,19,,,0,10,,89369,19,0,31 33,0,11,,89331,19,,,0,50,,89332,19,0,31 33,0,10,,89333,19,,,0,10,,89334,19,0,31 33,0,11,,89370,19,,,0,11,,89371,19,,,0,50,,89372,19,,,0,10,,89373,19,,,0,10,,89374,19,,,0,10,,89375,19,,,0,10,,89376,19,,,0,11,,89377,19,,,0,51,,89378,19,,,0,10,,89379,19,,,0,10,,89380,19,,,0,10,,89381,19,,,0,9,,89382,19,,,0,8,,89383,19,,,0,9,,89384,19,,,0,50,,89385,19,,,0,10,,89386,19,0,31 33,0,9,,89387,19,,,0,8,,89391,19,0,31 33,0,9,,89335,19,0,31 33,0,10,,89388,19,,,0,50,,89336,19,0,31 33,0,10,,89389,19,,,0,9,,89337,19,0,31 33,0,19,,89338,19,0,31 33,0,59,,89339,19,0,31 33,0,18,,89340,19,0,31 33,0,20,,89341,19,0,31 33,0,60,,89342,19,0,31 33,0,20,,89343,19,0,31 33,0,20,,89344,19,0,31 33,0
1000000,'S2-0_5',552,,89397,19,0,31 33,0,60,,89398,19,0,31 33,0,20,,89479,19,0,31 33,0,20,,89480,19,,,0,54,,89482,19,,,0,12,,89478,19,,,0,10,,89431,19,,,0,6,,89476,5,,,0,3,,89432,19,,,0,10,,89433,19,,,0,10,,89434,19,,,0,50,,89435,19,,,0,11,,89436,19,,,0,10,,89437,19,,,0,10,,89438,19,,,0,9,,89481,19,,,0,9,,89399,19,0,31 33,0,49,,89400,19,,,0,10,,89401,19,0,31 33,0,10,,89402,19,,,0,11,,89403,19,0,31 33,0,10,,89439,19,,,0,11,,89404,19,0,31 33,0,51,,89405,19,,,0,10,,89406,19,0,31 33,0,11,,89407,19,,,0,11,,89408,19,0,31 33,0,10,,89409,19,,,0,51,,89411,19,0,31 33,0,10,,89410,19,,,0,11,,89441,19,0,31 33,0,12,,89440,19,,,0,11,,89442,19,0,31 33,0,11,,89443,19,,,0,51,,89444,19,0,31 33,0,10,,89445,19,,,0,10,,89446,19,0,31 33,0,11,,89447,19,,,0,10,,89448,19,0,31 33,0,10,,89449,19,,,0,50,,89450,19,0,31 33,0,10,,89451,19,,,0,9,,89452,19,0,31 33,0,10,,89453,19,,,0,10,,89412,19,0,31 33,0,11,,89413,19,,,0,50,,89454,19,0,31 33,0,10,,89414,19,,,0,9,,89415,19,0,31 33,0,11,,89416,19,,,0,10,,89455,19,0,31 33,0,11,,89417,19,,,0,50,,89418,19,0,31 33,0,10,,89419,19,,,0,10,,89420,19,0,31 33,0,11,,89456,19,,,0,11,,89457,19,,,0,50,,89458,19,,,0,10,,89459,19,,,0,10,,89460,19,,,0,10,,89461,19,,,0,10,,89462,19,,,0,11,,89463,19,,,0,51,,89464,19,,,0,10,,89465,19,,,0,10,,89466,19,,,0,10,,89467,19,,,0,9,,89468,19,,,0,8,,89469,19,,,0,9,,89470,19,,,0,50,,89471,19,,,0,10,,89472,19,0,31 33,0,9,,89473,19,,,0,8,,89477,19,0,31 33,0,9,,89421,19,0,31 33,0,10,,89474,19,,,0,50,,89422,19,0,31 33,0,10,,89475,19,,,0,9,,89423,19,0,31 33,0,19,,89424,19,0,31 33,0,59,,89425,19,0,31 33,0,18,,89426,19,0,31 33,0,20,,89427,19,0,31 33,0,60,,89428,19,0,31 33,0,20,,89429,19,0,31 33,0,20,,89430,19,0,31 33,0
1000000,'S2-1_3',552,,89483,19,0,31 33,0,60,,89484,19,0,31 33,0,20,,89565,19,0,31 33,0,20,,89566,19,,,0,54,,89568,19,,,0,12,,89564,19,,,0,10,,89517,19,,,0,6,,89562,5,,,0,3,,89518,19,,,0,10,,89519,19,,,0,10,,89520,19,,,0,50,,89521,19,,,0,11,,89522,19,,,0,10,,89523,19,,,0,10,,89524,19,,,0,9,,89567,19,,,0,9,,89485,19,0,31 33,0,49,,89486,19,,,0,10,,89487,19,0,31 33,0,10,,89488,19,,,0,11,,89489,19,0,31 33,0,10,,89525,19,,,0,11,,89490,19,0,31 33,0,51,,89491,19,,,0,10,,89492,19,0,31 33,0,11,,89493,19,,,0,11,,89494,19,0,31 33,0,10,,89495,19,,,0,51,,89497,19,0,31 33,0,10,,89496,19,,,0,11,,89527,19,0,31 33,0,12,,89526,19,,,0,11,,89528,19,0,31 33,0,11,,89529,19,,,0,51,,89530,19,0,31 33,0,10,,89531,19,,,0,10,,89532,19,0,31 33,0,11,,89533,19,,,0,10,,89534,19,0,31 33,0,10,,89535,19,,,0,50,,89536,19,0,31 33,0,10,,89537,19,,,0,9,,89538,19,0,31 33,0,10,,89539,19,,,0,10,,89498,19,0,31 33,0,11,,89499,19,,,0,50,,89540,19,0,31 33,0,10,,89500,19,,,0,9,,89501,19,0,31 33,0,11,,89502,19,,,0,10,,89541,19,0,31 33,0,11,,89503,19,,,0,50,,89504,19,0,31 33,0,10,,89505,19,,,0,10,,89506,19,0,31 33,0,11,,89542,19,,,0,11,,89543,19,,,0,50,,89544,19,,,0,10,,89545,19,,,0,10,,89546,19,,,0,10,,89547,19,,,0,10,,89548,19,,,0,11,,89549,19,,,0,51,,89550,19,,,0,10,,89551,19,,,0,10,,89552,19,,,0,10,,89553,19,,,0,9,,89554,19,,,0,8,,89555,19,,,0,9,,89556,19,,,0,50,,89557,19,,,0,10,,89558,19,0,31 33,0,9,,89559,19,,,0,8,,89563,19,0,31 33,0,9,,89507,19,0,31 33,0,10,,89560,19,,,0,50,,89508,19,0,31 33,0,10,,89561,19,,,0,9,,89509,19,0,31 33,0,19,,89510,19,0,31 33,0,59,,89511,19,0,31 33,0,18,,89512,19,0,31 33,0,20,,89513,19,0,31 33,0,60,,89514,19,0,31 33,0,20,,89515,19,0,31 33,0,20,,89516,19,0,31 33,0
1000000,'S2-2_6',547,,89569,19,0,31 33,0,80,,89570,19,0,31 33,0,82,,89571,19,,,0,42,,89572,19,,,0,71,,89573,19,0,31 33,0,15,,89574,19,,,0,16,,89575,19,0,31 33,0,55,,89576,19,0,31 33,0,14,,89577,19,,,0,15,,89578,19,0,31 33,0,16,,89636,19,0,31 33,0,55,,89579,19,,,0,17,,89580,19,0,31 33,0,16,,89581,19,0,31 33,0,14,,89582,19,,,0,56,,89583,19,0,31 33,0,15,,89584,19,0,31 33,0,16,,89585,19,,,0,15,,89586,19,0,31 33,0,55,,89587,19,0,31 33,0,16,,89588,19,,,0,14,,89589,19,0,31 33,0,14,,89590,19,0,31 33,0,55,,89591,19,,,0,14,,89592,19,0,31 33,0,10,,89593,19,0,31 33,0,12,,89594,19,,,0,12,,89595,19,0,31 33,0,50,,89596,19,0,31 33,0,9,,89597,19,0,31 33,0,9,,89598,19,,,0,10,,89599,19,0,31 33,0,11,,89600,19,0,31 33,0,11,,89601,19,0,31 33,0,50,,89602,19,,,0,12,,89603,19,0,31 33,0,9,,89604,19,0,31 33,0,9,,89605,19,0,31 33,0,10,,89606,19,,,0,51,,89607,19,0,31 33,0,10,,89608,19,0,31 33,0,10,,89609,19,0,31 33,0,11,,89610,19,,,0,11,,89611,19,0,31 33,0,9,,89612,19,0,31 33,0,51,,89613,19,0,31 33,0,11,,89614,19,,,0,13,,89615,19,0,31 33,0,9,,89616,19,0,31 33,0,9,,89617,19,0,31 33,0,10,,89618,19,,,0,48,,89619,19,0,31 33,0,9,,89620,19,0,31 33,0,9,,89621,19,0,31 33,0,8,,89623,19,0,31 33,0,10,,89622,19,,,0,9,,89624,19,0,31 33,0,8,,89625,19,0,31 33,0,49,,89627,19,0,31 33,0,10,,89626,19,0,31 33,0,11,,89628,19,0,31 33,0,21,,89629,19,0,31 33,0,57,,89630,19,0,31 33,0,20,,89631,19,0,31 33,0,19,,89632,19,0,31 33,0,59,,89633,19,0,31 33,0,19,,89634,19,0,31 33,0,19,,89635,19,0,31 33,0
1000000,'S2-3_7',821,,89637,19,0,31 33,0,80,,89638,19,0,31 33,0,40,,89639,19,0,31 33,0,80,,89640,19,0,31 33,0,80,,89641,19,0,31 33,0,40,,89642,19,0,31 33,0,80,,89643,19,0,31 33,0,80,,89644,19,0,31 33,0,40,,89645,19,0,31 33,0,80,,89646,19,0,31 33,0,80,,89647,19,0,31 33,0,40,,89648,19,0,31 33,0,80,,89649,19,0,31 33,0,80,,89650,19,0,31 33,0,40,,89651,19,0,31 33,0,80,,89652,19,0,31 33,0,80,,89653,19,0,31 33,0,40,,89654,19,0,31 33,0
1000000,'S2-4_1',552,,89655,19,0,31 33,0,60,,89656,19,0,31 33,0,20,,89737,19,0,31 33,0,20,,89738,19,,,0,54,,89740,19,,,0,12,,89736,19,,,0,10,,89689,19,,,0,6,,89734,5,,,0,3,,89690,19,,,0,10,,89691,19,,,0,10,,89692,19,,,0,50,,89693,19,,,0,11,,89694,19,,,0,10,,89695,19,,,0,10,,89696,19,,,0,9,,89739,19,,,0,9,,89657,19,0,31 33,0,49,,89658,19,,,0,10,,89659,19,0,31 33,0,10,,89660,19,,,0,11,,89661,19,0,31 33,0,10,,89697,19,,,0,11,,89662,19,0,31 33,0,51,,89663,19,,,0,10,,89664,19,0,31 33,0,11,,89665,19,,,0,11,,89666,19,0,31 33,0,10,,89667,19,,,0,51,,89669,19,0,31 33,0,10,,89668,19,,,0,11,,89699,19,0,31 33,0,12,,89698,19,,,0,11,,89700,19,0,31 33,0,11,,89701,19,,,0,51,,89702,19,0,31 33,0,10,,89703,19,,,0,10,,89704,19,0,31 33,0,11,,89705,19,,,0,10,,89706,19,0,31 33,0,10,,89707,19,,,0,50,,89708,19,0,31 33,0,10,,89709,19,,,0,9,,89710,19,0,31 33,0,10,,89711,19,,,0,10,,89670,19,0,31 33,0,11,,89671,19,,,0,50,,89712,19,0,31 33,0,10,,89672,19,,,0,9,,89673,19,0,31 33,0,11,,89674,19,,,0,10,,89713,19,0,31 33,0,11,,89675,19,,,0,50,,89676,19,0,31 33,0,10,,89677,19,,,0,10,,89678,19,0,31 33,0,11,,89714,19,,,0,11,,89715,19,,,0,50,,89716,19,,,0,10,,89717,19,,,0,10,,89718,19,,,0,10,,89719,19,,,0,10,,89720,19,,,0,11,,89721,19,,,0,51,,89722,19,,,0,10,,89723,19,,,0,10,,89724,19,,,0,10,,89725,19,,,0,9,,89726,19,,,0,8,,89727,19,,,0,9,,89728,19,,,0,50,,89729,19,,,0,10,,89730,19,0,31 33,0,9,,89731,19,,,0,8,,89735,19,0,31 33,0,9,,89679,19,0,31 33,0,10,,89732,19,,,0,50,,89680,19,0,31 33,0,10,,89733,19,,,0,9,,89681,19,0,31 33,0,19,,89682,19,0,31 33,0,59,,89683,19,0,31 33,0,18,,89684,19,0,31 33,0,20,,89685,19,0,31 33,0,60,,89686,19,0,31 33,0,20,,89687,19,0,31 33,0,20,,89688,19,0,31 33,0
1000000,'S2-4_2',552,,89741,19,0,31 33,0,60,,89742,19,0,31 33,0,20,,89823,19,0,31 33,0,20,,89824,19,,,0,54,,89826,19,,,0,12,,89822,19,,,0,10,,89775,19,,,0,6,,89820,5,,,0,3,,89776,19,,,0,10,,89777,19,,,0,10,,89778,19,,,0,50,,89779,19,,,0,11,,89780,19,,,0,10,,89781,19,,,0,10,,89782,19,,,0,9,,89825,19,,,0,9,,89743,19,0,31 33,0,49,,89744,19,,,0,10,,89745,19,0,31 33,0,10,,89746,19,,,0,11,,89747,19,0,31 33,0,10,,89783,19,,,0,11,,89748,19,0,31 33,0,51,,89749,19,,,0,10,,89750,19,0,31 33,0,11,,89751,19,,,0,11,,89752,19,0,31 33,0,10,,89753,19,,,0,51,,89755,19,0,31 33,0,10,,89754,19,,,0,11,,89785,19,0,31 33,0,12,,89784,19,,,0,11,,89786,19,0,31 33,0,11,,89787,19,,,0,51,,89788,19,0,31 33,0,10,,89789,19,,,0,10,,89790,19,0,31 33,0,11,,89791,19,,,0,10,,89792,19,0,31 33,0,10,,89793,19,,,0,50,,89794,19,0,31 33,0,10,,89795,19,,,0,9,,89796,19,0,31 33,0,10,,89797,19,,,0,10,,89756,19,0,31 33,0,11,,89757,19,,,0,50,,89798,19,0,31 33,0,10,,89758,19,,,0,9,,89759,19,0,31 33,0,11,,89760,19,,,0,10,,89799,19,0,31 33,0,11,,89761,19,,,0,50,,89762,19,0,31 33,0,10,,89763,19,,,0,10,,89764,19,0,31 33,0,11,,89800,19,,,0,11,,89801,19,,,0,50,,89802,19,,,0,10,,89803,19,,,0,10,,89804,19,,,0,10,,89805,19,,,0,10,,89806,19,,,0,11,,89807,19,,,0,51,,89808,19,,,0,10,,89809,19,,,0,10,,89810,19,,,0,10,,89811,19,,,0,9,,89812,19,,,0,8,,89813,19,,,0,9,,89814,19,,,0,50,,89815,19,,,0,10,,89816,19,0,31 33,0,9,,89817,19,,,0,8,,89821,19,0,31 33,0,9,,89765,19,0,31 33,0,10,,89818,19,,,0,50,,89766,19,0,31 33,0,10,,89819,19,,,0,9,,89767,19,0,31 33,0,19,,89768,19,0,31 33,0,59,,89769,19,0,31 33,0,18,,89770,19,0,31 33,0,20,,89771,19,0,31 33,0,60,,89772,19,0,31 33,0,20,,89773,19,0,31 33,0,20,,89774,19,0,31 33,0
1000000,'S2-4_4',552,,89827,19,0,31 33,0,60,,89828,19,0,31 33,0,20,,89909,19,0,31 33,0,20,,89910,19,,,0,54,,89912,19,,,0,12,,89908,19,,,0,10,,89861,19,,,0,6,,89906,5,,,0,3,,89862,19,,,0,10,,89863,19,,,0,10,,89864,19,,,0,50,,89865,19,,,0,11,,89866,19,,,0,10,,89867,19,,,0,10,,89868,19,,,0,9,,89911,19,,,0,9,,89829,19,0,31 33,0,49,,89830,19,,,0,10,,89831,19,0,31 33,0,10,,89832,19,,,0,11,,89833,19,0,31 33,0,10,,89869,19,,,0,11,,89834,19,0,31 33,0,51,,89835,19,,,0,10,,89836,19,0,31 33,0,11,,89837,19,,,0,11,,89838,19,0,31 33,0,10,,89839,19,,,0,51,,89841,19,0,31 33,0,10,,89840,19,,,0,11,,89871,19,0,31 33,0,12,,89870,19,,,0,11,,89872,19,0,31 33,0,11,,89873,19,,,0,51,,89874,19,0,31 33,0,10,,89875,19,,,0,10,,89876,19,0,31 33,0,11,,89877,19,,,0,10,,89878,19,0,31 33,0,10,,89879,19,,,0,50,,89880,19,0,31 33,0,10,,89881,19,,,0,9,,89882,19,0,31 33,0,10,,89883,19,,,0,10,,89842,19,0,31 33,0,11,,89843,19,,,0,50,,89884,19,0,31 33,0,10,,89844,19,,,0,9,,89845,19,0,31 33,0,11,,89846,19,,,0,10,,89885,19,0,31 33,0,11,,89847,19,,,0,50,,89848,19,0,31 33,0,10,,89849,19,,,0,10,,89850,19,0,31 33,0,11,,89886,19,,,0,11,,89887,19,,,0,50,,89888,19,,,0,10,,89889,19,,,0,10,,89890,19,,,0,10,,89891,19,,,0,10,,89892,19,,,0,11,,89893,19,,,0,51,,89894,19,,,0,10,,89895,19,,,0,10,,89896,19,,,0,10,,89897,19,,,0,9,,89898,19,,,0,8,,89899,19,,,0,9,,89900,19,,,0,50,,89901,19,,,0,10,,89902,19,0,31 33,0,9,,89903,19,,,0,8,,89907,19,0,31 33,0,9,,89851,19,0,31 33,0,10,,89904,19,,,0,50,,89852,19,0,31 33,0,10,,89905,19,,,0,9,,89853,19,0,31 33,0,19,,89854,19,0,31 33,0,59,,89855,19,0,31 33,0,18,,89856,19,0,31 33,0,20,,89857,19,0,31 33,0,60,,89858,19,0,31 33,0,20,,89859,19,0,31 33,0,20,,89860,19,0,31 33,0
