401,'S2-0_4',657,,85936,12,0,52,0,55,,85906,16,0,41,0,8,,85923,16,0,41,0,20,,85907,16,0,41,0,12,,85930,16,,,0,69,,85908,16,0,41,0,11,,85909,16,0,41,0,81,,85910,16,0,41,0,34,,85911,16,0,41,0,73,,85912,16,0,41,0,35,,85932,16,,,0,70,,85913,16,0,41,0,28,,85914,16,0,41,0,56,,85931,16,,,0,34,,85927,19,0,41,0,72,,85933,16,,,0,33,,85905,19,0,41,0,77,,85915,16,0,41,0,28,,85934,16,,,0,72,,85916,16,0,41,0,24,,85917,16,0,41,0,53,,85918,16,0,41,0,17,,85928,19,0,41,0,16,,85924,16,0,41,0,16,,85919,16,0,41,0,51,,85925,16,0,41,0,17,,85929,19,,,0,34,,85920,16,0,41,0,61,,85926,16,0,41,0,43,,85921,16,0,41,0,60,,85935,16,,,0
401,'S2-0_5',657,,85968,12,0,52,0,55,,85938,16,0,41,0,8,,85955,16,0,41,0,20,,85939,16,0,41,0,12,,85962,16,,,0,69,,85940,16,0,41,0,11,,85941,16,0,41,0,81,,85942,16,0,41,0,34,,85943,16,0,41,0,73,,85944,16,0,41,0,35,,85964,16,,,0,70,,85945,16,0,41,0,28,,85946,16,0,41,0,56,,85963,16,,,0,34,,85959,19,0,41,0,72,,85965,16,,,0,33,,85937,19,0,41,0,77,,85947,16,0,41,0,28,,85966,16,,,0,72,,85948,16,0,41,0,24,,85949,16,0,41,0,53,,85950,16,0,41,0,17,,85960,19,0,41,0,16,,85956,16,0,41,0,16,,85951,16,0,41,0,51,,85957,16,0,41,0,17,,85961,19,,,0,34,,85952,16,0,41,0,61,,85958,16,0,41,0,43,,85953,16,0,41,0,60,,85967,16,,,0
401,'S2-1_3',657,,86000,12,0,52,0,55,,85970,16,0,41,0,8,,85987,16,0,41,0,20,,85971,16,0,41,0,12,,85994,16,,,0,69,,85972,16,0,41,0,11,,85973,16,0,41,0,81,,85974,16,0,41,0,34,,85975,16,0,41,0,73,,85976,16,0,41,0,35,,85996,16,,,0,70,,85977,16,0,41,0,28,,85978,16,0,41,0,56,,85995,16,,,0,34,,85991,19,0,41,0,72,,85997,16,,,0,33,,85969,19,0,41,0,77,,85979,16,0,41,0,28,,85998,16,,,0,72,,85980,16,0,41,0,24,,85981,16,0,41,0,53,,85982,16,0,41,0,17,,85992,19,0,41,0,16,,85988,16,0,41,0,16,,85983,16,0,41,0,51,,85989,16,0,41,0,17,,85993,19,,,0,34,,85984,16,0,41,0,61,,85990,16,0,41,0,43,,85985,16,0,41,0,60,,85999,16,,,0
401,'S2-2_6',700,,86001,16,,,0,116,,86008,16,0,41,0,34,,86002,16,,,0,69,,86009,16,0,41,0,32,,86010,16,0,41,0,67,,86011,16,0,41,0,32,,86003,16,,,0,69,,86012,16,0,41,0,31,,86013,16,0,41,0,71,,86014,16,0,41,0,30,,86004,16,,,0,69,,86015,16,0,41,0,29,,86016,16,0,41,0,71,,86017,16,0,41,0,31,,86005,16,,,0,68,,86018,16,0,41,0,32,,86019,16,0,41,0,73,,86020,16,0,41,0,31,,86006,16,,,0,71,,86021,16,0,41,0,33,,86022,16,0,41,0,72,,86023,16,0,41,0,71,,86024,16,0,41,0,30,,86007,16,,,0
401,'S2-3_7',937,,86025,16,,,0,165,,86026,16,,,0,125,,86027,16,,,0,201,,86028,16,,,0,125,,86029,16,,,0,165,,86030,16,,,0,125,,86031,16,,,0
401,'S2-4_1',657,,86063,12,0,52,0,55,,86033,16,0,41,0,8,,86050,16,0,41,0,20,,86034,16,0,41,0,12,,86057,16,,,0,69,,86035,16,0,41,0,11,,86036,16,0,41,0,81,,86037,16,0,41,0,34,,86038,16,0,41,0,73,,86039,16,0,41,0,35,,86059,16,,,0,70,,86040,16,0,41,0,28,,86041,16,0,41,0,56,,86058,16,,,0,34,,86054,19,0,41,0,72,,86060,16,,,0,33,,86032,19,0,41,0,77,,86042,16,0,41,0,28,,86061,16,,,0,72,,86043,16,0,41,0,24,,86044,16,0,41,0,53,,86045,16,0,41,0,17,,86055,19,0,41,0,16,,86051,16,0,41,0,16,,86046,16,0,41,0,51,,86052,16,0,41,0,17,,86056,19,,,0,34,,86047,16,0,41,0,61,,86053,16,0,41,0,43,,86048,16,0,41,0,60,,86062,16,,,0
401,'S2-4_2',657,,86095,12,0,52,0,55,,86065,16,0,41,0,8,,86082,16,0,41,0,20,,86066,16,0,41,0,12,,86089,16,,,0,69,,86067,16,0,41,0,11,,86068,16,0,41,0,81,,86069,16,0,41,0,34,,86070,16,0,41,0,73,,86071,16,0,41,0,35,,86091,16,,,0,70,,86072,16,0,41,0,28,,86073,16,0,41,0,56,,86090,16,,,0,34,,86086,19,0,41,0,72,,86092,16,,,0,33,,86064,19,0,41,0,77,,86074,16,0,41,0,28,,86093,16,,,0,72,,86075,16,0,41,0,24,,86076,16,0,41,0,53,,86077,16,0,41,0,17,,86087,19,0,41,0,16,,86083,16,0,41,0,16,,86078,16,0,41,0,51,,86084,16,0,41,0,17,,86088,19,,,0,34,,86079,16,0,41,0,61,,86085,16,0,41,0,43,,86080,16,0,41,0,60,,86094,16,,,0
401,'S2-4_4',657,,86127,12,0,52,0,55,,86097,16,0,41,0,8,,86114,16,0,41,0,20,,86098,16,0,41,0,12,,86121,16,,,0,69,,86099,16,0,41,0,11,,86100,16,0,41,0,81,,86101,16,0,41,0,34,,86102,16,0,41,0,73,,86103,16,0,41,0,35,,86123,16,,,0,70,,86104,16,0,41,0,28,,86105,16,0,41,0,56,,86122,16,,,0,34,,86118,19,0,41,0,72,,86124,16,,,0,33,,86096,19,0,41,0,77,,86106,16,0,41,0,28,,86125,16,,,0,72,,86107,16,0,41,0,24,,86108,16,0,41,0,53,,86109,16,0,41,0,17,,86119,19,0,41,0,16,,86115,16,0,41,0,16,,86110,16,0,41,0,51,,86116,16,0,41,0,17,,86120,19,,,0,34,,86111,16,0,41,0,61,,86117,16,0,41,0,43,,86112,16,0,41,0,60,,86126,16,,,0
2301,'S2-0_4',701,,88103,9,,,0,22,,88102,9,,,0,1,,88101,19,,,0
2301,'S2-0_5',701,,88106,9,,,0,22,,88105,9,,,0,1,,88104,19,,,0
2301,'S2-1_3',701,,88109,9,,,0,22,,88108,9,,,0,1,,88107,19,,,0
2301,'S2-4_1',701,,88112,9,,,0,22,,88111,9,,,0,1,,88110,19,,,0
2301,'S2-4_2',701,,88115,9,,,0,22,,88114,9,,,0,1,,88113,19,,,0
2301,'S2-4_4',701,,88118,9,,,0,22,,88117,9,,,0,1,,88116,19,,,0
2900401,'S2-0_4',703,,91406,11,,,0,125,,91407,11,,,0
2900401,'S2-0_5',703,,91408,11,,,0,125,,91409,11,,,0
2900401,'S2-1_3',703,,91410,11,,,0,125,,91411,11,,,0
2900401,'S2-4_1',703,,91412,11,,,0,125,,91413,11,,,0
2900401,'S2-4_2',703,,91414,11,,,0,125,,91415,11,,,0
2900401,'S2-4_4',703,,91416,11,,,0,125,,91417,11,,,0
