400,'S2-0_4',752,,85694,44,0,40,0,59,,85698,13,0,23 51,0,2,,85701,47,0,40,0,6,,85670,43,0,40,0,16,,85671,44,0,40,0,10,,85695,43,0,40,0,14,,85672,43,0,40,0,53,,85673,43,0,40,0,30,,85674,43,0,40,0,79,,85675,55,0,40,0,31,,85676,43,0,40,0,71,,85677,43,0,40,0,36,,85678,43,0,40,0,77,,85679,43,0,40,0,65,,85699,46,,,0,26,,85696,56,0,40,0,25,,85680,43,0,40,0,66,,85681,43,0,40,0,30,,85684,55,0,40,0,76,,85682,43,0,40,0,30,,85685,55,0,40,0,79,,85683,43,0,40,0,80,,85702,47,0,40,0,22,,85686,55,0,40,0,8,,85697,28,0,40,0,8,,85687,43,0,40,0,61,,85703,47,,,0,5,,85689,43,0,40,0,23,,85692,27,0,40,0,61,,85700,46,,,0,31,,85690,43,0,40,0,23,,85691,55,0,40,0
400,'S2-0_5',752,,85728,44,0,40,0,59,,85732,13,0,23 51,0,2,,85735,47,0,40,0,6,,85704,43,0,40,0,16,,85705,44,0,40,0,10,,85729,43,0,40,0,14,,85706,43,0,40,0,53,,85707,43,0,40,0,30,,85708,43,0,40,0,79,,85709,55,0,40,0,31,,85710,43,0,40,0,71,,85711,43,0,40,0,36,,85712,43,0,40,0,77,,85713,43,0,40,0,65,,85733,46,,,0,26,,85730,56,0,40,0,25,,85714,43,0,40,0,66,,85715,43,0,40,0,30,,85718,55,0,40,0,76,,85716,43,0,40,0,30,,85719,55,0,40,0,79,,85717,43,0,40,0,80,,85736,47,0,40,0,22,,85720,55,0,40,0,8,,85731,28,0,40,0,8,,85721,43,0,40,0,61,,85737,47,,,0,5,,85723,43,0,40,0,23,,85726,27,0,40,0,61,,85734,46,,,0,31,,85724,43,0,40,0,23,,85725,55,0,40,0
400,'S2-1_3',752,,85761,44,0,40,0,59,,85765,13,0,23 51,0,2,,85768,47,0,40,0,6,,85738,43,0,40,0,16,,85739,44,0,40,0,10,,85762,43,0,40,0,14,,85740,43,0,40,0,53,,85741,43,0,40,0,30,,85742,43,0,40,0,79,,85743,55,0,40,0,31,,85744,43,0,40,0,71,,85745,43,0,40,0,36,,85746,43,0,40,0,77,,85747,43,0,40,0,65,,85766,46,,,0,26,,85763,56,0,40,0,25,,85748,43,0,40,0,66,,85749,43,0,40,0,30,,85752,55,0,40,0,76,,85750,43,0,40,0,30,,85753,55,0,40,0,79,,85751,43,0,40,0,80,,85769,47,0,40,0,22,,85754,55,0,40,0,8,,85764,28,0,40,0,8,,85755,43,0,40,0,61,,85770,47,,,0,5,,85757,43,0,40,0,23,,85756,55,0,40,0,61,,85767,46,,,0,31,,85758,43,0,40,0,23,,85759,55,0,40,0
400,'S2-2_6',741,,85777,43,0,40,0,105,,85778,43,0,40,0,72,,85771,55,0,40,0,27,,85779,43,0,40,0,72,,85780,43,0,40,0,30,,85781,43,0,40,0,71,,85772,55,0,40,0,31,,85782,43,0,40,0,70,,85784,43,0,40,0,29,,85783,43,0,40,0,69,,85773,55,0,40,0,31,,85785,43,0,40,0,70,,85786,43,0,40,0,29,,85787,43,0,40,0,73,,85774,55,0,40,0,33,,85788,43,0,40,0,70,,85789,43,0,40,0,31,,85790,43,0,40,0,73,,85775,55,0,40,0,32,,85791,43,0,40,0,70,,85792,43,0,40,0,71,,85793,43,0,40,0,29,,85776,55,0,40,0,71,,85794,43,0,40,0
400,'S2-3_7',855,,85795,55,0,40,0,165,,85796,55,0,40,0,125,,85797,55,0,40,0,200,,85798,55,0,40,0,166,,85799,55,0,40,0,125,,85800,55,0,40,0,166,,85801,55,0,40,0,124,,85802,55,0,40,0
400,'S2-4_1',752,,85827,44,0,40,0,59,,85831,13,0,23 51,0,2,,85834,47,0,40,0,6,,85803,43,0,40,0,16,,85804,44,0,40,0,10,,85828,43,0,40,0,14,,85805,43,0,40,0,53,,85806,43,0,40,0,30,,85807,43,0,40,0,79,,85808,55,0,40,0,31,,85809,43,0,40,0,71,,85810,43,0,40,0,36,,85811,43,0,40,0,77,,85812,43,0,40,0,65,,85832,46,,,0,26,,85829,56,0,40,0,25,,85813,43,0,40,0,66,,85814,43,0,40,0,30,,85817,55,0,40,0,76,,85815,43,0,40,0,30,,85818,55,0,40,0,79,,85816,43,0,40,0,80,,85835,47,0,40,0,22,,85819,55,0,40,0,8,,85830,28,0,40,0,8,,85820,43,0,40,0,61,,85836,47,,,0,5,,85822,43,0,40,0,23,,85825,27,0,40,0,61,,85833,46,,,0,31,,85823,43,0,40,0,23,,85824,55,0,40,0
400,'S2-4_2',752,,85861,44,0,40,0,59,,85865,13,0,23 51,0,2,,85868,47,0,40,0,6,,85837,43,0,40,0,16,,85838,44,0,40,0,10,,85862,43,0,40,0,14,,85839,43,0,40,0,53,,85840,43,0,40,0,30,,85841,43,0,40,0,79,,85842,55,0,40,0,31,,85843,43,0,40,0,71,,85844,43,0,40,0,36,,85845,43,0,40,0,77,,85846,43,0,40,0,65,,85866,46,,,0,26,,85863,56,0,40,0,25,,85847,43,0,40,0,66,,85848,43,0,40,0,30,,85851,55,0,40,0,76,,85849,43,0,40,0,30,,85852,55,0,40,0,79,,85850,43,0,40,0,80,,85869,47,0,40,0,22,,85853,55,0,40,0,8,,85864,28,0,40,0,8,,85854,43,0,40,0,61,,85870,47,,,0,5,,85856,43,0,40,0,23,,85859,27,0,40,0,61,,85867,46,,,0,31,,85857,43,0,40,0,23,,85858,55,0,40,0
400,'S2-4_4',752,,85895,44,0,40,0,59,,85899,13,0,23 51,0,2,,85902,47,0,40,0,6,,85871,43,0,40,0,16,,85872,44,0,40,0,10,,85896,43,0,40,0,14,,85873,43,0,40,0,53,,85874,43,0,40,0,30,,85875,43,0,40,0,79,,85876,55,0,40,0,31,,85877,43,0,40,0,71,,85878,43,0,40,0,36,,85879,43,0,40,0,77,,85880,43,0,40,0,65,,85900,46,,,0,26,,85897,56,0,40,0,25,,85881,43,0,40,0,66,,85882,43,0,40,0,30,,85885,55,0,40,0,76,,85883,43,0,40,0,30,,85886,55,0,40,0,79,,85884,43,0,40,0,80,,85903,47,0,40,0,22,,85887,55,0,40,0,8,,85898,28,0,40,0,8,,85888,43,0,40,0,61,,85904,47,,,0,5,,85890,43,0,40,0,23,,85893,27,0,40,0,61,,85901,46,,,0,31,,85891,43,0,40,0,23,,85892,55,0,40,0
2300,'S2-0_4',1624,,88084,24,,,0,105,,88085,24,,,0,95,,88086,24,,,0
2300,'S2-0_5',1624,,88087,24,,,0,105,,88088,24,,,0,95,,88089,24,,,0
2300,'S2-1_3',1228,,88091,24,,,0,3,,88090,24,,,0
2300,'S2-4_1',1624,,88092,24,,,0,105,,88093,24,,,0,95,,88094,24,,,0
2300,'S2-4_2',1624,,88095,24,,,0,105,,88096,24,,,0,95,,88097,24,,,0
2300,'S2-4_4',1624,,88098,24,,,0,105,,88099,24,,,0,95,,88100,24,,,0
