1600,'S2-0_4',758,,87526,1,,,0,542,,87533,10,,,0,22,,87534,10,4,,0,398,,87535,10,,,0
1600,'S2-0_5',758,,87536,1,,,0,542,,87543,10,,,0,22,,87544,10,4,,0,398,,87545,10,,,0
1600,'S2-1_3',758,,87546,1,,,0,542,,87553,10,,,0,22,,87554,10,4,,0,398,,87555,10,,,0
1600,'S2-2_6',758,,87556,1,,,0,542,,87563,10,,,0,22,,87564,10,4,,0,398,,87565,10,,,0
1600,'S2-4_1',758,,87566,1,,,0,542,,87573,10,,,0,22,,87574,10,4,,0,398,,87575,10,,,0
1600,'S2-4_2',758,,87576,1,,,0,542,,87583,10,,,0,22,,87584,10,4,,0,398,,87585,10,,,0
1600,'S2-4_4',758,,87586,1,,,0,542,,87593,10,,,0,22,,87594,10,4,,0,398,,87595,10,,,0
1601,'S2-0_4',1220,,87601,15,,,0
1601,'S2-0_5',1220,,87609,15,,,0
1601,'S2-1_3',1220,,87617,15,,,0
1601,'S2-2_6',1220,,87625,15,,,0
1601,'S2-4_1',1220,,87633,15,,,0
1601,'S2-4_2',1220,,87641,15,,,0
1601,'S2-4_4',1220,,87649,15,,,0
2100,'S2-0_4',1640,,87973,1,,,0
2100,'S2-0_5',1240,,87975,1,0,11 12,0
2100,'S2-1_3',1640,,87978,1,,,0
2100,'S2-4_1',1640,,87980,1,,,0
2100,'S2-4_2',1640,,87982,1,,,0
2100,'S2-4_4',1640,,87984,1,,,0
2101,'S2-0_4',757,,87987,9,4,,0,158,,87988,6,4,,0
2101,'S2-0_5',757,,87990,9,4,,0,158,,87991,6,4,,0
2101,'S2-1_3',757,,87993,9,4,,0,158,,87994,6,4,,0
2101,'S2-4_1',757,,87996,9,4,,0,158,,87997,6,4,,0
2101,'S2-4_2',757,,87999,9,4,,0,158,,88000,6,4,,0
2101,'S2-4_4',757,,88002,9,4,,0,158,,88003,6,4,,0
