101,'S2-0_4',746,,84438,49,0,6,0,9,,84467,43,0,5,0,59,,84439,49,0,6,0,14,,84466,43,0,5,0,15,,84440,49,0,6,0,57,,84469,49,0,5,0,37,,84444,43,0,6,0,82,,84454,49,0,5,0,35,,84445,43,0,6,0,81,,84457,43,0,5,0,73,,84446,43,0,6,0,29,,84458,43,0,5,0,20,,84447,43,0,6,0,75,,84459,43,0,5,0,79,,84441,49,0,6,0,28,,84455,49,0,5,0,69,,84448,43,0,6,0,25,,84460,43,0,5,0,75,,84449,43,0,6,0,22,,84461,43,0,5,0,29,,84450,43,0,6,0,53,,84465,17,0,5,0,21,,84451,43,0,6,0,21,,84456,49,0,5,0,59,,84452,43,0,6,0,21,,84462,43,0,5,0,12,,84442,49,0,6,0,56,,84463,43,0,5,0,28,,84443,49,0,6,0,75,,84464,43,0,5,0
101,'S2-0_5',746,,84471,49,0,6,0,9,,84500,43,0,5,0,59,,84472,49,0,6,0,14,,84499,43,0,5,0,15,,84473,49,0,6,0,57,,84502,49,0,5,0,37,,84477,43,0,6,0,82,,84487,49,0,5,0,35,,84478,43,0,6,0,81,,84490,43,0,5,0,73,,84479,43,0,6,0,29,,84491,43,0,5,0,20,,84480,43,0,6,0,75,,84492,43,0,5,0,79,,84474,49,0,6,0,28,,84488,49,0,5,0,69,,84481,43,0,6,0,25,,84493,43,0,5,0,75,,84482,43,0,6,0,22,,84494,43,0,5,0,29,,84483,43,0,6,0,53,,84498,17,0,5,0,21,,84484,43,0,6,0,21,,84489,49,0,5,0,59,,84485,43,0,6,0,21,,84495,43,0,5,0,12,,84475,49,0,6,0,56,,84496,43,0,5,0,28,,84476,49,0,6,0,75,,84497,43,0,5,0
101,'S2-1_3',746,,84504,49,0,6,0,9,,84533,43,0,5,0,59,,84505,49,0,6,0,14,,84532,43,0,5,0,15,,84506,49,0,6,0,57,,84535,49,0,5,0,37,,84510,43,0,6,0,82,,84520,49,0,5,0,35,,84511,43,0,6,0,81,,84523,43,0,5,0,73,,84512,43,0,6,0,29,,84524,43,0,5,0,20,,84513,43,0,6,0,75,,84525,43,0,5,0,79,,84507,49,0,6,0,28,,84521,49,0,5,0,69,,84514,43,0,6,0,25,,84526,43,0,5,0,75,,84515,43,0,6,0,22,,84527,43,0,5,0,29,,84516,43,0,6,0,53,,84531,17,0,5,0,21,,84517,43,0,6,0,21,,84522,49,0,5,0,59,,84518,43,0,6,0,21,,84528,43,0,5,0,12,,84508,49,0,6,0,56,,84529,43,0,5,0,28,,84509,49,0,6,0,75,,84530,43,0,5,0
101,'S2-2_6',738,,84537,43,0,5,0,118,,84538,43,0,5,0,146,,84539,43,0,5,0,30,,84550,43,0,6,0,69,,84540,43,0,5,0,31,,84551,43,0,6,0,69,,84541,43,0,5,0,29,,84552,43,0,6,0,70,,84542,43,0,5,0,29,,84553,43,0,6,0,71,,84543,43,0,5,0,29,,84554,43,0,6,0,71,,84544,43,0,5,0,30,,84555,43,0,6,0,71,,84545,43,0,5,0,32,,84556,43,0,6,0,72,,84546,43,0,5,0,31,,84557,43,0,6,0,71,,84547,43,0,5,0,29,,84558,43,0,6,0,73,,84548,43,0,5,0,23,,84559,43,0,6,0,25,,84549,43,0,5,0
101,'S2-3_7',944,,84560,43,0,6,0,105,,84565,43,0,5,0,105,,84561,43,0,6,0,105,,84566,43,0,5,0,145,,84562,43,0,6,0,50,,84567,43,0,5,0,100,,84563,43,0,6,0,105,,84568,43,0,5,0,145,,84564,43,0,6,0,105,,84569,43,0,5,0
101,'S2-4_1',746,,84570,49,0,6,0,9,,84599,43,0,5,0,59,,84571,49,0,6,0,14,,84598,43,0,5,0,15,,84572,49,0,6,0,57,,84601,49,0,5,0,37,,84576,43,0,6,0,82,,84586,49,0,5,0,35,,84577,43,0,6,0,81,,84589,43,0,5,0,73,,84578,43,0,6,0,29,,84590,43,0,5,0,20,,84579,43,0,6,0,75,,84591,43,0,5,0,79,,84573,49,0,6,0,28,,84587,49,0,5,0,69,,84580,43,0,6,0,25,,84592,43,0,5,0,75,,84581,43,0,6,0,22,,84593,43,0,5,0,29,,84582,43,0,6,0,53,,84597,17,0,5,0,21,,84583,43,0,6,0,21,,84588,49,0,5,0,59,,84584,43,0,6,0,21,,84594,43,0,5,0,12,,84574,49,0,6,0,56,,84595,43,0,5,0,28,,84575,49,0,6,0,75,,84596,43,0,5,0
101,'S2-4_2',746,,84603,49,0,6,0,9,,84632,43,0,5,0,59,,84604,49,0,6,0,14,,84631,43,0,5,0,15,,84605,49,0,6,0,57,,84634,49,0,5,0,37,,84609,43,0,6,0,82,,84619,49,0,5,0,35,,84610,43,0,6,0,81,,84622,43,0,5,0,73,,84611,43,0,6,0,29,,84623,43,0,5,0,20,,84612,43,0,6,0,75,,84624,43,0,5,0,79,,84606,49,0,6,0,28,,84620,49,0,5,0,69,,84613,43,0,6,0,25,,84625,43,0,5,0,75,,84614,43,0,6,0,22,,84626,43,0,5,0,29,,84615,43,0,6,0,53,,84630,17,0,5,0,21,,84616,43,0,6,0,21,,84621,49,0,5,0,59,,84617,43,0,6,0,21,,84627,43,0,5,0,12,,84607,49,0,6,0,56,,84628,43,0,5,0,28,,84608,49,0,6,0,75,,84629,43,0,5,0
101,'S2-4_4',746,,84636,49,0,6,0,9,,84665,43,0,5,0,59,,84637,49,0,6,0,14,,84664,43,0,5,0,15,,84638,49,0,6,0,57,,84667,49,0,5,0,37,,84642,43,0,6,0,82,,84652,49,0,5,0,35,,84643,43,0,6,0,81,,84655,43,0,5,0,73,,84644,43,0,6,0,29,,84656,43,0,5,0,20,,84645,43,0,6,0,75,,84657,43,0,5,0,79,,84639,49,0,6,0,28,,84653,49,0,5,0,69,,84646,43,0,6,0,25,,84658,43,0,5,0,75,,84647,43,0,6,0,22,,84659,43,0,5,0,29,,84648,43,0,6,0,53,,84663,17,0,5,0,21,,84649,43,0,6,0,21,,84654,49,0,5,0,59,,84650,43,0,6,0,21,,84660,43,0,5,0,12,,84640,49,0,6,0,56,,84661,43,0,5,0,28,,84641,49,0,6,0,75,,84662,43,0,5,0
2201,'S2-0_4',1258,,88044,11,,,0,364,,88048,7,,,0,22,,88045,11,,,0,78,,88049,7,,,0,80,,88046,11,,,0,20,,88050,7,,,0,36,,88047,11,,,0
2201,'S2-0_5',1258,,88051,11,,,0,364,,88055,7,,,0,22,,88052,11,,,0,78,,88056,7,,,0,80,,88053,11,,,0,20,,88057,7,,,0,36,,88054,11,,,0
2201,'S2-1_3',1223,,88062,7,,,0,35,,88058,11,,,0,386,,88059,11,,,0,158,,88060,11,,,0,56,,88061,11,,,0
2201,'S2-4_1',1258,,88063,11,,,0,364,,88067,7,,,0,22,,88064,11,,,0,78,,88068,7,,,0,80,,88065,11,,,0,20,,88069,7,,,0,36,,88066,11,,,0
2201,'S2-4_2',1258,,88070,11,,,0,364,,88074,7,,,0,22,,88071,11,,,0,78,,88075,7,,,0,80,,88072,11,,,0,20,,88076,7,,,0,36,,88073,11,,,0
2201,'S2-4_4',1258,,88077,11,,,0,364,,88081,7,,,0,22,,88078,11,,,0,78,,88082,7,,,0,80,,88079,11,,,0,20,,88083,7,,,0,36,,88080,11,,,0
