401,'S2-0_4',853,,85930,59,,,0,297,,85932,57,,,0,157,,85931,59,,,0,101,,85933,57,,,0,140,,85934,57,,,0,275,,85929,60,,,0,185,,85935,57,,,0
401,'S2-0_5',853,,85962,59,,,0,297,,85964,57,,,0,157,,85963,59,,,0,101,,85965,57,,,0,140,,85966,57,,,0,275,,85961,60,,,0,185,,85967,57,,,0
401,'S2-1_3',853,,85994,59,,,0,297,,85996,57,,,0,157,,85995,59,,,0,101,,85997,57,,,0,140,,85998,57,,,0,275,,85993,60,,,0,185,,85999,57,,,0
401,'S2-2_6',752,,86001,57,,,0,189,,86002,57,,,0,202,,86003,57,,,0,201,,86004,57,,,0,199,,86005,57,,,0,206,,86006,57,,,0,272,,86007,57,,,0
401,'S2-3_7',1023,,86025,57,,,0,125,,86026,57,,,0,166,,86027,57,,,0,200,,86028,57,,,0,125,,86029,57,,,0,165,,86030,57,,,0,125,,86031,57,,,0
401,'S2-4_1',853,,86057,59,,,0,297,,86059,57,,,0,157,,86058,59,,,0,101,,86060,57,,,0,140,,86061,57,,,0,275,,86056,60,,,0,185,,86062,57,,,0
401,'S2-4_2',853,,86089,59,,,0,297,,86091,57,,,0,157,,86090,59,,,0,101,,86092,57,,,0,140,,86093,57,,,0,275,,86088,60,,,0,185,,86094,57,,,0
401,'S2-4_4',853,,86121,59,,,0,297,,86123,57,,,0,157,,86122,59,,,0,101,,86124,57,,,0,140,,86125,57,,,0,275,,86120,60,,,0,185,,86126,57,,,0
2901201,'S2-0_4',1705,,91504,11,,,0,105,,91505,11,,,0,100,,91503,11,,,0
2901201,'S2-0_5',1705,,91507,11,,,0,105,,91508,11,,,0,100,,91506,11,,,0
2901201,'S2-1_3',1310,,91510,11,,,0,395,,91511,11,,,0,105,,91512,11,,,0,100,,91509,11,,,0
2901201,'S2-4_1',1705,,91514,11,,,0,105,,91515,11,,,0,100,,91513,11,,,0
2901201,'S2-4_2',1705,,91517,11,,,0,105,,91518,11,,,0,100,,91516,11,,,0
2901201,'S2-4_4',1705,,91520,11,,,0,105,,91521,11,,,0,100,,91519,11,,,0
