501,'S2-0_4',950,,86230,34,,,0,106,,86231,34,,,0,101,,86232,34,,,0,85,,86233,34,,,0,94,,86234,34,,,0,98,,86235,34,,,0,103,,86236,34,,,0,103,,86237,34,,,0,107,,86238,34,,,0,101,,86242,34,,,0,165,,86243,34,,,0
501,'S2-0_5',950,,86244,34,,,0,106,,86245,34,,,0,101,,86246,34,,,0,85,,86247,34,,,0,94,,86248,34,,,0,98,,86249,34,,,0,103,,86250,34,,,0,103,,86251,34,,,0,107,,86252,34,,,0,101,,86256,34,,,0,165,,86257,34,,,0
501,'S2-1_3',950,,86258,34,,,0,106,,86259,34,,,0,101,,86260,34,,,0,85,,86261,34,,,0,94,,86262,34,,,0,98,,86263,34,,,0,103,,86264,34,,,0,103,,86265,34,,,0,107,,86266,34,,,0,101,,86268,34,,,0,165,,86269,34,,,0
501,'S2-2_6',841,,86270,34,,,0,101,,86271,34,,,0,101,,86272,34,,,0,100,,86273,34,,,0,99,,86274,34,,,0,94,,86275,34,,,0,99,,86276,34,,,0,101,,86277,34,,,0,99,,86278,34,,,0,104,,86279,34,,,0,98,,86280,34,,,0,185,,86281,34,,,0
501,'S2-4_1',950,,86282,34,,,0,106,,86283,34,,,0,101,,86284,34,,,0,85,,86285,34,,,0,94,,86286,34,,,0,98,,86287,34,,,0,103,,86288,34,,,0,103,,86289,34,,,0,107,,86290,34,,,0,101,,86294,34,,,0,165,,86295,34,,,0
501,'S2-4_2',950,,86296,34,,,0,106,,86297,34,,,0,101,,86298,34,,,0,85,,86299,34,,,0,94,,86300,34,,,0,98,,86301,34,,,0,103,,86302,34,,,0,103,,86303,34,,,0,107,,86304,34,,,0,101,,86308,34,,,0,165,,86309,34,,,0
501,'S2-4_4',950,,86310,34,,,0,106,,86311,34,,,0,101,,86312,34,,,0,85,,86313,34,,,0,94,,86314,34,,,0,98,,86315,34,,,0,103,,86316,34,,,0,103,,86317,34,,,0,107,,86318,34,,,0,101,,86322,34,,,0,165,,86323,34,,,0
2900501,'S2-0_4',1749,,91430,7,,,0,110,,91431,7,,,0
2900501,'S2-0_5',1749,,91432,7,,,0,110,,91433,7,,,0
2900501,'S2-1_3',1254,,91434,7,,,0,495,,91435,7,,,0,110,,91436,7,,,0
2900501,'S2-4_1',1749,,91437,7,,,0,110,,91438,7,,,0
2900501,'S2-4_2',1749,,91439,7,,,0,110,,91440,7,,,0
2900501,'S2-4_4',1749,,91441,7,,,0,110,,91442,7,,,0
