901,'S2-0_4',745,,86988,10,0,26,0,66,,86989,10,0,27 63,0,102,,86994,10,0,23 24,0,192,,86995,10,0,23 24,0,107,,86990,10,0,27 63,0,139,,86996,10,0,23 24,0,151,,86997,10,0,23 24,0,110,,86991,10,0,27 63,0,100,,86992,10,0,27 63,0,100,,86993,10,0,27 63,0,127,,87003,10,,,0
901,'S2-0_5',745,,87004,10,0,26,0,66,,87005,10,0,27 63,0,102,,87010,10,0,23 24,0,192,,87011,10,0,23 24,0,107,,87006,10,0,27 63,0,139,,87012,10,0,23 24,0,151,,87013,10,0,23 24,0,110,,87007,10,0,27 63,0,100,,87008,10,0,27 63,0,100,,87009,10,0,27 63,0,127,,87019,10,,,0
901,'S2-1_3',745,,87020,10,0,26,0,66,,87021,10,0,27 63,0,102,,87026,10,0,23 24,0,192,,87027,10,0,23 24,0,107,,87022,10,0,27 63,0,139,,87028,10,0,23 24,0,151,,87029,10,0,23 24,0,110,,87023,10,0,27 63,0,100,,87024,10,0,27 63,0,100,,87025,10,0,27 63,0,127,,87035,10,,,0
901,'S2-2_6',744,,87036,10,0,23 24,0,99,,87048,10,0,25,0,367,,87046,10,0,25,0,319,,87044,10,0,25,0,82,,87037,10,0,23 24,0,103,,87038,10,0,23 24,0,135,,87039,10,0,23 24,0,90,,87040,10,0,23 24,0
901,'S2-4_1',745,,87049,10,0,26,0,66,,87050,10,0,27 63,0,102,,87055,10,0,23 24,0,192,,87056,10,0,23 24,0,107,,87051,10,0,27 63,0,139,,87057,10,0,23 24,0,151,,87058,10,0,23 24,0,110,,87052,10,0,27 63,0,100,,87053,10,0,27 63,0,100,,87054,10,0,27 63,0,127,,87064,10,,,0
901,'S2-4_2',745,,87065,10,0,26,0,66,,87066,10,0,27 63,0,102,,87071,10,0,23 24,0,192,,87072,10,0,23 24,0,107,,87067,10,0,27 63,0,139,,87073,10,0,23 24,0,151,,87074,10,0,23 24,0,110,,87068,10,0,27 63,0,100,,87069,10,0,27 63,0,100,,87070,10,0,27 63,0,127,,87080,10,,,0
901,'S2-4_4',745,,87081,10,0,26,0,66,,87082,10,0,27 63,0,102,,87087,10,0,23 24,0,192,,87088,10,0,23 24,0,107,,87083,10,0,27 63,0,139,,87089,10,0,23 24,0,151,,87090,10,0,23 24,0,110,,87084,10,0,27 63,0,100,,87085,10,0,27 63,0,100,,87086,10,0,27 63,0,127,,87096,10,,,0
1001,'S2-0_4',752,,87200,5,,,0,99,,87202,5,,,0,85,,87203,5,,,0,79,,87207,3,,,0,86,,87204,5,,,0,50,,87208,3,,,0,85,,87209,3,,,0,69,,87210,3,,,0,99,,87201,5,,,0,37,,87211,3,,,0,184,,87212,5,,,0,321,,87206,5,,,0
1001,'S2-0_5',752,,87214,5,,,0,99,,87216,5,,,0,85,,87217,5,,,0,79,,87221,3,,,0,86,,87218,5,,,0,50,,87222,3,,,0,85,,87223,3,,,0,69,,87224,3,,,0,99,,87215,5,,,0,37,,87225,3,,,0,184,,87226,5,,,0,321,,87220,5,,,0
1001,'S2-1_3',752,,87228,5,,,0,99,,87230,5,,,0,85,,87231,5,,,0,79,,87235,3,,,0,86,,87232,5,,,0,50,,87236,3,,,0,85,,87237,3,,,0,69,,87238,3,,,0,99,,87229,5,,,0,37,,87239,3,,,0,184,,87240,5,,,0,321,,87234,5,,,0
1001,'S2-2_6',750,,87242,5,,,0,103,,87243,5,,,0,101,,87250,3,,,0,102,,87244,5,,,0,100,,87251,3,,,0,85,,87252,3,,,0,163,,87247,5,,,0,38,,87253,3,,,0,187,,87248,5,,,0,118,,87249,5,,,0,91,,87245,5,,,0,107,,87246,5,,,0
1001,'S2-4_1',752,,87254,5,,,0,99,,87256,5,,,0,85,,87257,5,,,0,79,,87261,3,,,0,86,,87258,5,,,0,50,,87262,3,,,0,85,,87263,3,,,0,69,,87264,3,,,0,99,,87255,5,,,0,37,,87265,3,,,0,184,,87266,5,,,0,321,,87260,5,,,0
1001,'S2-4_2',752,,87268,5,,,0,99,,87270,5,,,0,85,,87271,5,,,0,79,,87275,3,,,0,86,,87272,5,,,0,50,,87276,3,,,0,85,,87277,3,,,0,69,,87278,3,,,0,99,,87269,5,,,0,37,,87279,3,,,0,184,,87280,5,,,0,321,,87274,5,,,0
1001,'S2-4_4',752,,87282,5,,,0,99,,87284,5,,,0,85,,87285,5,,,0,79,,87289,3,,,0,86,,87286,5,,,0,50,,87290,3,,,0,85,,87291,3,,,0,69,,87292,3,,,0,99,,87283,5,,,0,37,,87293,3,,,0,184,,87294,5,,,0,321,,87288,5,,,0
1901,'S2-0_4',1612,,87878,10,,,0,100,,87879,10,,,0,100,,87880,10,,,0
1901,'S2-0_5',1612,,87887,10,,,0,100,,87888,10,,,0,100,,87889,10,,,0
1901,'S2-1_3',1212,,87899,10,,,0,34,,87900,10,,,0
1901,'S2-4_1',1612,,87902,10,,,0,100,,87903,10,,,0,100,,87904,10,,,0
1901,'S2-4_2',1612,,87911,10,,,0,100,,87912,10,,,0,100,,87913,10,,,0
1901,'S2-4_4',1612,,87920,10,,,0,100,,87921,10,,,0,100,,87922,10,,,0
1000001,'S2-0_4',553,,89913,21,,,0,60,,89914,21,,,0,20,,89915,21,,,0,20,,89916,21,,,0,62,,89917,21,,,0,10,,89997,21,,,0,11,,89998,21,,,0,10,,89948,27,,,0,10,,89949,27,,,0,50,,89950,27,,,0,11,,89951,27,,,0,10,,89952,27,,,0,9,,89953,27,,,0,10,,89954,27,,,0,10,,89955,27,,,0,50,,89956,27,,,0,10,,89957,27,,,0,10,,89958,27,,,0,11,,89959,27,,,0,11,,89918,21,,,0,11,,89919,27,,,0,50,,89920,21,,,0,10,,89921,27,,,0,11,,89922,21,,,0,11,,89960,27,,,0,11,,89923,21,,,0,51,,89924,27,,,0,10,,89925,21,,,0,11,,89926,27,,,0,10,,89927,21,,,0,11,,89961,27,,,0,11,,89928,21,,,0,51,,89929,27,,,0,10,,89930,21,,,0,9,,89931,27,,,0,9,,89962,21,,,0,10,,89963,27,,,0,10,,89964,21,,,0,50,,89965,27,,,0,10,,89966,21,,,0,10,,89967,27,,,0,10,,89968,21,,,0,9,,89969,27,,,0,10,,89970,21,,,0,51,,89971,27,,,0,10,,89972,21,,,0,10,,89973,27,,,0,10,,89974,21,,,0,10,,89932,27,,,0,10,,89933,21,,,0,49,,89975,27,,,0,10,,89934,21,,,0,9,,89935,27,,,0,11,,89936,21,,,0,11,,89976,27,,,0,12,,89937,21,,,0,51,,89938,27,,,0,11,,89939,21,,,0,10,,89940,27,,,0,9,,89941,27,,,0,10,,89977,27,,,0,10,,89978,27,,,0,50,,89979,27,,,0,11,,89980,27,,,0,11,,89981,27,,,0,11,,89982,27,,,0,10,,89983,27,,,0,50,,89984,27,,,0,9,,89985,27,,,0,10,,89986,27,,,0,10,,89987,27,,,0,8,,89988,27,,,0,9,,89989,27,,,0,9,,89990,27,,,0,48,,89991,27,,,0,9,,89992,21,,,0,9,,89993,27,,,0,10,,89994,21,,,0,12,,89996,27,,,0,59,,89995,27,,,0,20,,89942,21,,,0,20,,89943,21,,,0,60,,89944,21,,,0,20,,89945,21,,,0,19,,89946,21,,,0,60,,89947,21,,,0
1000001,'S2-0_5',553,,89999,21,,,0,60,,90000,21,,,0,20,,90001,21,,,0,20,,90002,21,,,0,62,,90003,21,,,0,10,,90083,21,,,0,11,,90084,21,,,0,10,,90034,27,,,0,10,,90035,27,,,0,50,,90036,27,,,0,11,,90037,27,,,0,10,,90038,27,,,0,9,,90039,27,,,0,10,,90040,27,,,0,10,,90041,27,,,0,50,,90042,27,,,0,10,,90043,27,,,0,10,,90044,27,,,0,11,,90045,27,,,0,11,,90004,21,,,0,11,,90005,27,,,0,50,,90006,21,,,0,10,,90007,27,,,0,11,,90008,21,,,0,11,,90046,27,,,0,11,,90009,21,,,0,51,,90010,27,,,0,10,,90011,21,,,0,11,,90012,27,,,0,10,,90013,21,,,0,11,,90047,27,,,0,11,,90014,21,,,0,51,,90015,27,,,0,10,,90016,21,,,0,9,,90017,27,,,0,9,,90048,21,,,0,10,,90049,27,,,0,10,,90050,21,,,0,50,,90051,27,,,0,10,,90052,21,,,0,10,,90053,27,,,0,10,,90054,21,,,0,9,,90055,27,,,0,10,,90056,21,,,0,51,,90057,27,,,0,10,,90058,21,,,0,10,,90059,27,,,0,10,,90060,21,,,0,10,,90018,27,,,0,10,,90019,21,,,0,49,,90061,27,,,0,10,,90020,21,,,0,9,,90021,27,,,0,11,,90022,21,,,0,11,,90062,27,,,0,12,,90023,21,,,0,51,,90024,27,,,0,11,,90025,21,,,0,10,,90026,27,,,0,9,,90027,27,,,0,10,,90063,27,,,0,10,,90064,27,,,0,50,,90065,27,,,0,11,,90066,27,,,0,11,,90067,27,,,0,11,,90068,27,,,0,10,,90069,27,,,0,50,,90070,27,,,0,9,,90071,27,,,0,10,,90072,27,,,0,10,,90073,27,,,0,8,,90074,27,,,0,9,,90075,27,,,0,9,,90076,27,,,0,48,,90077,27,,,0,9,,90078,21,,,0,9,,90079,27,,,0,10,,90080,21,,,0,12,,90082,27,,,0,59,,90081,27,,,0,20,,90028,21,,,0,20,,90029,21,,,0,60,,90030,21,,,0,20,,90031,21,,,0,19,,90032,21,,,0,60,,90033,21,,,0
1000001,'S2-1_3',553,,90085,21,,,0,60,,90086,21,,,0,20,,90087,21,,,0,20,,90088,21,,,0,62,,90089,21,,,0,10,,90169,21,,,0,11,,90170,21,,,0,10,,90120,27,,,0,10,,90121,27,,,0,50,,90122,27,,,0,11,,90123,27,,,0,10,,90124,27,,,0,9,,90125,27,,,0,10,,90126,27,,,0,10,,90127,27,,,0,50,,90128,27,,,0,10,,90129,27,,,0,10,,90130,27,,,0,11,,90131,27,,,0,11,,90090,21,,,0,11,,90091,27,,,0,50,,90092,21,,,0,10,,90093,27,,,0,11,,90094,21,,,0,11,,90132,27,,,0,11,,90095,21,,,0,51,,90096,27,,,0,10,,90097,21,,,0,11,,90098,27,,,0,10,,90099,21,,,0,11,,90133,27,,,0,11,,90100,21,,,0,51,,90101,27,,,0,10,,90102,21,,,0,9,,90103,27,,,0,9,,90134,21,,,0,10,,90135,27,,,0,10,,90136,21,,,0,50,,90137,27,,,0,10,,90138,21,,,0,10,,90139,27,,,0,10,,90140,21,,,0,9,,90141,27,,,0,10,,90142,21,,,0,51,,90143,27,,,0,10,,90144,21,,,0,10,,90145,27,,,0,10,,90146,21,,,0,10,,90104,27,,,0,10,,90105,21,,,0,49,,90147,27,,,0,10,,90106,21,,,0,9,,90107,27,,,0,11,,90108,21,,,0,11,,90148,27,,,0,12,,90109,21,,,0,51,,90110,27,,,0,11,,90111,21,,,0,10,,90112,27,,,0,9,,90113,27,,,0,10,,90149,27,,,0,10,,90150,27,,,0,50,,90151,27,,,0,11,,90152,27,,,0,11,,90153,27,,,0,11,,90154,27,,,0,10,,90155,27,,,0,50,,90156,27,,,0,9,,90157,27,,,0,10,,90158,27,,,0,10,,90159,27,,,0,8,,90160,27,,,0,9,,90161,27,,,0,9,,90162,27,,,0,48,,90163,27,,,0,9,,90164,21,,,0,9,,90165,27,,,0,10,,90166,21,,,0,12,,90168,27,,,0,59,,90167,27,,,0,20,,90114,21,,,0,20,,90115,21,,,0,60,,90116,21,,,0,20,,90117,21,,,0,19,,90118,21,,,0,60,,90119,21,,,0
1000001,'S2-2_6',553,,90171,21,,,0,82,,90172,21,,,0,81,,90173,21,,,0,30,,90174,21,,,0,69,,90175,27,,,0,29,,90176,27,,,0,15,,90177,21,,,0,55,,90178,21,,,0,15,,90179,27,,,0,16,,90180,21,,,0,55,,90181,21,,,0,15,,90182,27,,,0,16,,90183,21,,,0,15,,90184,21,,,0,56,,90185,27,,,0,15,,90186,21,,,0,15,,90187,21,,,0,16,,90188,27,,,0,54,,90189,21,,,0,16,,90190,21,,,0,15,,90191,27,,,0,14,,90192,21,,,0,57,,90193,21,,,0,16,,90194,27,,,0,9,,90195,21,,,0,9,,90196,21,,,0,9,,90197,21,,,0,10,,90199,21,,,0,50,,90198,27,,,0,10,,90200,21,,,0,11,,90201,21,,,0,12,,90202,27,,,0,10,,90203,21,,,0,9,,90204,21,,,0,50,,90205,21,,,0,11,,90206,27,,,0,10,,90207,21,,,0,10,,90208,21,,,0,11,,90209,21,,,0,51,,90210,27,,,0,9,,90211,21,,,0,10,,90212,21,,,0,10,,90213,21,,,0,12,,90214,27,,,0,9,,90215,21,,,0,49,,90216,21,,,0,10,,90217,21,,,0,10,,90219,21,,,0,9,,90218,27,,,0,10,,90220,21,,,0,9,,90221,21,,,0,10,,90223,21,,,0,49,,90222,27,,,0,9,,90224,21,,,0,9,,90225,21,,,0,9,,90227,21,,,0,10,,90226,27,,,0,10,,90228,21,,,0,53,,90229,21,,,0,19,,90230,27,,,0,17,,90231,21,,,0,61,,90232,21,,,0,21,,90233,21,,,0,16,,90234,21,,,0,59,,90235,21,,,0,20,,90236,21,,,0,20,,90237,21,,,0,60,,90238,21,,,0
1000001,'S2-3_7',824,,90239,21,,,0,80,,90240,21,,,0,40,,90241,21,,,0,80,,90242,21,,,0,80,,90243,21,,,0,40,,90244,21,,,0,80,,90245,21,,,0,80,,90246,21,,,0,40,,90247,21,,,0,80,,90248,21,,,0,80,,90249,21,,,0,40,,90250,21,,,0,80,,90251,21,,,0,80,,90252,21,,,0,40,,90253,21,,,0,80,,90254,21,,,0,80,,90255,21,,,0,40,,90256,21,,,0
1000001,'S2-4_1',553,,90257,21,,,0,60,,90258,21,,,0,20,,90259,21,,,0,20,,90260,21,,,0,62,,90261,21,,,0,10,,90341,21,,,0,11,,90342,21,,,0,10,,90292,27,,,0,10,,90293,27,,,0,50,,90294,27,,,0,11,,90295,27,,,0,10,,90296,27,,,0,9,,90297,27,,,0,10,,90298,27,,,0,10,,90299,27,,,0,50,,90300,27,,,0,10,,90301,27,,,0,10,,90302,27,,,0,11,,90303,27,,,0,11,,90262,21,,,0,11,,90263,27,,,0,50,,90264,21,,,0,10,,90265,27,,,0,11,,90266,21,,,0,11,,90304,27,,,0,11,,90267,21,,,0,51,,90268,27,,,0,10,,90269,21,,,0,11,,90270,27,,,0,10,,90271,21,,,0,11,,90305,27,,,0,11,,90272,21,,,0,51,,90273,27,,,0,10,,90274,21,,,0,9,,90275,27,,,0,9,,90306,21,,,0,10,,90307,27,,,0,10,,90308,21,,,0,50,,90309,27,,,0,10,,90310,21,,,0,10,,90311,27,,,0,10,,90312,21,,,0,9,,90313,27,,,0,10,,90314,21,,,0,51,,90315,27,,,0,10,,90316,21,,,0,10,,90317,27,,,0,10,,90318,21,,,0,10,,90276,27,,,0,10,,90277,21,,,0,49,,90319,27,,,0,10,,90278,21,,,0,9,,90279,27,,,0,11,,90280,21,,,0,11,,90320,27,,,0,12,,90281,21,,,0,51,,90282,27,,,0,11,,90283,21,,,0,10,,90284,27,,,0,9,,90285,27,,,0,10,,90321,27,,,0,10,,90322,27,,,0,50,,90323,27,,,0,11,,90324,27,,,0,11,,90325,27,,,0,11,,90326,27,,,0,10,,90327,27,,,0,50,,90328,27,,,0,9,,90329,27,,,0,10,,90330,27,,,0,10,,90331,27,,,0,8,,90332,27,,,0,9,,90333,27,,,0,9,,90334,27,,,0,48,,90335,27,,,0,9,,90336,21,,,0,9,,90337,27,,,0,10,,90338,21,,,0,12,,90340,27,,,0,59,,90339,27,,,0,20,,90286,21,,,0,20,,90287,21,,,0,60,,90288,21,,,0,20,,90289,21,,,0,19,,90290,21,,,0,60,,90291,21,,,0
1000001,'S2-4_2',553,,90343,21,,,0,60,,90344,21,,,0,20,,90345,21,,,0,20,,90346,21,,,0,62,,90347,21,,,0,10,,90427,21,,,0,11,,90428,21,,,0,10,,90378,27,,,0,10,,90379,27,,,0,50,,90380,27,,,0,11,,90381,27,,,0,10,,90382,27,,,0,9,,90383,27,,,0,10,,90384,27,,,0,10,,90385,27,,,0,50,,90386,27,,,0,10,,90387,27,,,0,10,,90388,27,,,0,11,,90389,27,,,0,11,,90348,21,,,0,11,,90349,27,,,0,50,,90350,21,,,0,10,,90351,27,,,0,11,,90352,21,,,0,11,,90390,27,,,0,11,,90353,21,,,0,51,,90354,27,,,0,10,,90355,21,,,0,11,,90356,27,,,0,10,,90357,21,,,0,11,,90391,27,,,0,11,,90358,21,,,0,51,,90359,27,,,0,10,,90360,21,,,0,9,,90361,27,,,0,9,,90392,21,,,0,10,,90393,27,,,0,10,,90394,21,,,0,50,,90395,27,,,0,10,,90396,21,,,0,10,,90397,27,,,0,10,,90398,21,,,0,9,,90399,27,,,0,10,,90400,21,,,0,51,,90401,27,,,0,10,,90402,21,,,0,10,,90403,27,,,0,10,,90404,21,,,0,10,,90362,27,,,0,10,,90363,21,,,0,49,,90405,27,,,0,10,,90364,21,,,0,9,,90365,27,,,0,11,,90366,21,,,0,11,,90406,27,,,0,12,,90367,21,,,0,51,,90368,27,,,0,11,,90369,21,,,0,10,,90370,27,,,0,9,,90371,27,,,0,10,,90407,27,,,0,10,,90408,27,,,0,50,,90409,27,,,0,11,,90410,27,,,0,11,,90411,27,,,0,11,,90412,27,,,0,10,,90413,27,,,0,50,,90414,27,,,0,9,,90415,27,,,0,10,,90416,27,,,0,10,,90417,27,,,0,8,,90418,27,,,0,9,,90419,27,,,0,9,,90420,27,,,0,48,,90421,27,,,0,9,,90422,21,,,0,9,,90423,27,,,0,10,,90424,21,,,0,12,,90426,27,,,0,59,,90425,27,,,0,20,,90372,21,,,0,20,,90373,21,,,0,60,,90374,21,,,0,20,,90375,21,,,0,19,,90376,21,,,0,60,,90377,21,,,0
1000001,'S2-4_4',553,,90429,21,,,0,60,,90430,21,,,0,20,,90431,21,,,0,20,,90432,21,,,0,62,,90433,21,,,0,10,,90513,21,,,0,11,,90514,21,,,0,10,,90464,27,,,0,10,,90465,27,,,0,50,,90466,27,,,0,11,,90467,27,,,0,10,,90468,27,,,0,9,,90469,27,,,0,10,,90470,27,,,0,10,,90471,27,,,0,50,,90472,27,,,0,10,,90473,27,,,0,10,,90474,27,,,0,11,,90475,27,,,0,11,,90434,21,,,0,11,,90435,27,,,0,50,,90436,21,,,0,10,,90437,27,,,0,11,,90438,21,,,0,11,,90476,27,,,0,11,,90439,21,,,0,51,,90440,27,,,0,10,,90441,21,,,0,11,,90442,27,,,0,10,,90443,21,,,0,11,,90477,27,,,0,11,,90444,21,,,0,51,,90445,27,,,0,10,,90446,21,,,0,9,,90447,27,,,0,9,,90478,21,,,0,10,,90479,27,,,0,10,,90480,21,,,0,50,,90481,27,,,0,10,,90482,21,,,0,10,,90483,27,,,0,10,,90484,21,,,0,9,,90485,27,,,0,10,,90486,21,,,0,51,,90487,27,,,0,10,,90488,21,,,0,10,,90489,27,,,0,10,,90490,21,,,0,10,,90448,27,,,0,10,,90449,21,,,0,49,,90491,27,,,0,10,,90450,21,,,0,9,,90451,27,,,0,11,,90452,21,,,0,11,,90492,27,,,0,12,,90453,21,,,0,51,,90454,27,,,0,11,,90455,21,,,0,10,,90456,27,,,0,9,,90457,27,,,0,10,,90493,27,,,0,10,,90494,27,,,0,50,,90495,27,,,0,11,,90496,27,,,0,11,,90497,27,,,0,11,,90498,27,,,0,10,,90499,27,,,0,50,,90500,27,,,0,9,,90501,27,,,0,10,,90502,27,,,0,10,,90503,27,,,0,8,,90504,27,,,0,9,,90505,27,,,0,9,,90506,27,,,0,48,,90507,27,,,0,9,,90508,21,,,0,9,,90509,27,,,0,10,,90510,21,,,0,12,,90512,27,,,0,59,,90511,27,,,0,20,,90458,21,,,0,20,,90459,21,,,0,60,,90460,21,,,0,20,,90461,21,,,0,19,,90462,21,,,0,60,,90463,21,,,0
