701,'S2-0_4',709,,86635,9,,,0,110,,86636,9,,,0,110,,86637,9,,,0,110,,86638,9,,,0,111,,86639,9,,,0,150,,86640,9,,,0,109,,86641,9,,,0,108,,86642,9,,,0,110,,86643,9,,,0,110,,86644,9,,,0,113,,86645,9,,,0
701,'S2-0_5',709,,86646,9,,,0,110,,86647,9,,,0,110,,86648,9,,,0,110,,86649,9,,,0,111,,86650,9,,,0,150,,86651,9,,,0,109,,86652,9,,,0,108,,86653,9,,,0,110,,86654,9,,,0,110,,86655,9,,,0,113,,86656,9,,,0
701,'S2-1_3',709,,86657,9,,,0,110,,86658,9,,,0,110,,86659,9,,,0,110,,86660,9,,,0,111,,86661,9,,,0,150,,86662,9,,,0,109,,86663,9,,,0,108,,86664,9,,,0,110,,86665,9,,,0,110,,86666,9,,,0,113,,86667,9,,,0
701,'S2-2_6',709,,86670,9,,,0,110,,86671,9,,,0,111,,86672,9,,,0,110,,86673,9,,,0,111,,86674,9,,,0,149,,86675,9,,,0,110,,86676,9,,,0,111,,86677,9,,,0,109,,86678,9,,,0,110,,86668,9,,,0,111,,86669,9,,,0
701,'S2-4_1',709,,86679,9,,,0,110,,86680,9,,,0,110,,86681,9,,,0,110,,86682,9,,,0,111,,86683,9,,,0,150,,86684,9,,,0,109,,86685,9,,,0,108,,86686,9,,,0,110,,86687,9,,,0,110,,86688,9,,,0,113,,86689,9,,,0
701,'S2-4_2',709,,86690,9,,,0,110,,86691,9,,,0,110,,86692,9,,,0,110,,86693,9,,,0,111,,86694,9,,,0,150,,86695,9,,,0,109,,86696,9,,,0,108,,86697,9,,,0,110,,86698,9,,,0,110,,86699,9,,,0,113,,86700,9,,,0
701,'S2-4_4',709,,86701,9,,,0,110,,86702,9,,,0,110,,86703,9,,,0,110,,86704,9,,,0,111,,86705,9,,,0,150,,86706,9,,,0,109,,86707,9,,,0,108,,86708,9,,,0,110,,86709,9,,,0,110,,86710,9,,,0,113,,86711,9,,,0
2401,'S2-0_4',733,,88141,13,0,18 19,0,895,,88142,11,,,0,104,,88143,11,,,0
2401,'S2-0_5',733,,88144,13,0,18 19,0,895,,88145,11,,,0,104,,88146,11,,,0
2401,'S2-1_3',733,,88147,13,0,18 19,0
2401,'S2-4_1',733,,88148,13,0,18 19,0,895,,88149,11,,,0,104,,88150,11,,,0
2401,'S2-4_2',733,,88151,13,0,18 19,0,895,,88152,11,,,0,104,,88153,11,,,0
2401,'S2-4_4',733,,88154,13,0,18 19,0,895,,88155,11,,,0,104,,88156,11,,,0
