1000,'S2-0_4',919,,87111,30,0,18 30,0,186,,87102,30,0,18 30,0,47,,87103,30,0,18 30,0,77,,87104,30,0,18 30,0,80,,87105,30,0,18 30,0,99,,87106,30,0,18 30,0,39,,87108,30,,,0,70,,87109,30,,,0,96,,87110,30,,,0,335,,87107,30,0,18 30,0
1000,'S2-0_5',919,,87126,30,0,18 30,0,186,,87117,30,0,18 30,0,47,,87118,30,0,18 30,0,77,,87119,30,0,18 30,0,80,,87120,30,0,18 30,0,99,,87121,30,0,18 30,0,39,,87123,30,,,0,70,,87124,30,,,0,96,,87125,30,,,0,335,,87122,30,0,18 30,0
1000,'S2-1_3',919,,87141,30,0,18 30,0,186,,87132,30,0,18 30,0,47,,87133,30,0,18 30,0,77,,87134,30,0,18 30,0,80,,87135,30,0,18 30,0,99,,87136,30,0,18 30,0,39,,87138,30,,,0,70,,87139,30,,,0,96,,87140,30,,,0,335,,87137,30,0,18 30,0
1000,'S2-2_6',917,,87149,30,0,18 30,0,184,,87150,30,0,18 30,0,101,,87151,30,0,18 30,0,101,,87152,30,0,18 30,0,101,,87153,30,0,18 30,0,52,,87147,30,,,0,155,,87148,30,,,0,337,,87154,30,0,18 30,0
1000,'S2-4_1',919,,87169,30,0,18 30,0,186,,87160,30,0,18 30,0,47,,87161,30,0,18 30,0,77,,87162,30,0,18 30,0,80,,87163,30,0,18 30,0,99,,87164,30,0,18 30,0,39,,87166,30,,,0,70,,87167,30,,,0,96,,87168,30,,,0,335,,87165,30,0,18 30,0
1000,'S2-4_2',919,,87184,30,0,18 30,0,186,,87175,30,0,18 30,0,47,,87176,30,0,18 30,0,77,,87177,30,0,18 30,0,80,,87178,30,0,18 30,0,99,,87179,30,0,18 30,0,39,,87181,30,,,0,70,,87182,30,,,0,96,,87183,30,,,0,335,,87180,30,0,18 30,0
1000,'S2-4_4',919,,87199,30,0,18 30,0,186,,87190,30,0,18 30,0,47,,87191,30,0,18 30,0,77,,87192,30,0,18 30,0,80,,87193,30,0,18 30,0,99,,87194,30,0,18 30,0,39,,87196,30,,,0,70,,87197,30,,,0,96,,87198,30,,,0,335,,87195,30,0,18 30,0
1100,'S2-0_4',825,,87297,16,,,0,922,,87298,16,,,0,111,,87299,16,,,0
1100,'S2-0_5',825,,87301,16,,,0,922,,87302,16,,,0,111,,87303,16,,,0
1100,'S2-1_3',825,,87305,16,,,0,922,,87306,16,,,0,111,,87307,16,,,0
1100,'S2-2_6',825,,87309,16,,,0,905,,87310,16,,,0,119,,87311,16,,,0
1100,'S2-4_1',825,,87313,16,,,0,922,,87314,16,,,0,111,,87315,16,,,0
1100,'S2-4_2',825,,87317,16,,,0,922,,87318,16,,,0,111,,87319,16,,,0
1100,'S2-4_4',825,,87321,16,,,0,922,,87322,16,,,0,111,,87323,16,,,0
1601,'S2-0_4',904,,87596,17,,,0,47,,87597,10,,,0,159,,87598,17,,,0,125,,87601,22,,,0,174,,87599,17,,,0,138,,87602,17,,,0,107,,87603,10,,,0,175,,87600,17,,,0
1601,'S2-0_5',904,,87604,17,,,0,47,,87605,10,,,0,159,,87606,17,,,0,125,,87609,22,,,0,174,,87607,17,,,0,138,,87610,17,,,0,107,,87611,10,,,0,175,,87608,17,,,0
1601,'S2-1_3',904,,87612,17,,,0,47,,87613,10,,,0,159,,87614,17,,,0,125,,87617,22,,,0,174,,87615,17,,,0,138,,87618,17,,,0,107,,87619,10,,,0,175,,87616,17,,,0
1601,'S2-2_6',904,,87620,17,,,0,47,,87621,10,,,0,159,,87622,17,,,0,125,,87625,22,,,0,174,,87623,17,,,0,138,,87626,17,,,0,107,,87627,10,,,0,175,,87624,17,,,0
1601,'S2-4_1',904,,87628,17,,,0,47,,87629,10,,,0,159,,87630,17,,,0,125,,87633,22,,,0,174,,87631,17,,,0,138,,87634,17,,,0,107,,87635,10,,,0,175,,87632,17,,,0
1601,'S2-4_2',904,,87636,17,,,0,47,,87637,10,,,0,159,,87638,17,,,0,125,,87641,22,,,0,174,,87639,17,,,0,138,,87642,17,,,0,107,,87643,10,,,0,175,,87640,17,,,0
1601,'S2-4_4',904,,87644,17,,,0,47,,87645,10,,,0,159,,87646,17,,,0,125,,87649,22,,,0,174,,87647,17,,,0,138,,87650,17,,,0,107,,87651,10,,,0,175,,87648,17,,,0
