500,'S2-0_4',705,,86140,12,,,0,118,,86128,12,,,0,105,,86129,12,,,0,99,,86130,12,,,0,105,,86131,12,,,0,101,,86132,12,,,0,84,,86133,12,,,0,94,,86134,12,,,0,100,,86135,12,,,0,102,,86136,12,,,0,106,,86137,12,,,0,103,,86142,12,,,0,100,,86138,12,,,0
500,'S2-0_5',705,,86155,12,,,0,118,,86143,12,,,0,105,,86144,12,,,0,99,,86145,12,,,0,105,,86146,12,,,0,101,,86147,12,,,0,84,,86148,12,,,0,94,,86149,12,,,0,100,,86150,12,,,0,102,,86151,12,,,0,106,,86152,12,,,0,103,,86157,12,,,0,100,,86153,12,,,0
500,'S2-1_3',705,,86170,12,,,0,118,,86158,12,,,0,105,,86159,12,,,0,99,,86160,12,,,0,105,,86161,12,,,0,101,,86162,12,,,0,84,,86163,12,,,0,94,,86164,12,,,0,100,,86165,12,,,0,102,,86166,12,,,0,106,,86167,12,,,0,103,,86172,12,,,0,100,,86168,12,,,0
500,'S2-2_6',723,,86184,12,,,0,98,,86173,12,,,0,99,,86174,12,,,0,101,,86175,12,,,0,100,,86176,12,,,0,96,,86177,12,,,0,98,,86178,12,,,0,100,,86179,12,,,0,99,,86180,12,,,0,101,,86181,12,,,0,100,,86182,12,,,0,193,,86183,12,,,0
500,'S2-4_1',705,,86197,12,,,0,118,,86185,12,,,0,105,,86186,12,,,0,99,,86187,12,,,0,105,,86188,12,,,0,101,,86189,12,,,0,84,,86190,12,,,0,94,,86191,12,,,0,100,,86192,12,,,0,102,,86193,12,,,0,106,,86194,12,,,0,103,,86199,12,,,0,100,,86195,12,,,0
500,'S2-4_2',705,,86212,12,,,0,118,,86200,12,,,0,105,,86201,12,,,0,99,,86202,12,,,0,105,,86203,12,,,0,101,,86204,12,,,0,84,,86205,12,,,0,94,,86206,12,,,0,100,,86207,12,,,0,102,,86208,12,,,0,106,,86209,12,,,0,103,,86214,12,,,0,100,,86210,12,,,0
500,'S2-4_4',705,,86227,12,,,0,118,,86215,12,,,0,105,,86216,12,,,0,99,,86217,12,,,0,105,,86218,12,,,0,101,,86219,12,,,0,84,,86220,12,,,0,94,,86221,12,,,0,100,,86222,12,,,0,102,,86223,12,,,0,106,,86224,12,,,0,103,,86229,12,,,0,100,,86225,12,,,0
2900500,'S2-0_4',658,,91418,12,,,0,145,,91419,12,,,0
2900500,'S2-0_5',658,,91420,12,,,0,145,,91421,12,,,0
2900500,'S2-1_3',658,,91422,12,,,0,145,,91423,12,,,0
2900500,'S2-4_1',658,,91424,12,,,0,145,,91425,12,,,0
2900500,'S2-4_2',658,,91426,12,,,0,145,,91427,12,,,0
2900500,'S2-4_4',658,,91428,12,,,0,145,,91429,12,,,0
