901,'S2-0_4',749,,86988,14,0,26,0,66,,86989,14,0,27 63,0,103,,86994,14,0,23 24,0,193,,86995,14,0,23 24,0,106,,86990,14,0,27 63,0,141,,86996,14,0,23 24,0,152,,86997,14,0,23 24,0,109,,86991,14,0,27 63,0,101,,86992,14,0,27 63,0,96,,86993,14,0,27 63,0,126,,87003,14,,,0
901,'S2-0_5',749,,87004,14,0,26,0,66,,87005,14,0,27 63,0,103,,87010,14,0,23 24,0,193,,87011,14,0,23 24,0,106,,87006,14,0,27 63,0,141,,87012,14,0,23 24,0,152,,87013,14,0,23 24,0,109,,87007,14,0,27 63,0,101,,87008,14,0,27 63,0,96,,87009,14,0,27 63,0,126,,87019,14,,,0
901,'S2-1_3',749,,87020,14,0,26,0,66,,87021,14,0,27 63,0,103,,87026,14,0,23 24,0,193,,87027,14,0,23 24,0,106,,87022,14,0,27 63,0,141,,87028,14,0,23 24,0,152,,87029,14,0,23 24,0,109,,87023,14,0,27 63,0,101,,87024,14,0,27 63,0,96,,87025,14,0,27 63,0,126,,87035,14,,,0
901,'S2-2_6',747,,87036,14,0,23 24,0,99,,87048,14,0,25,0,367,,87046,14,0,25,0,319,,87044,14,0,25,0,82,,87037,14,0,23 24,0,105,,87038,14,0,23 24,0,133,,87039,14,0,23 24,0,90,,87040,14,0,23 24,0
901,'S2-4_1',749,,87049,14,0,26,0,66,,87050,14,0,27 63,0,103,,87055,14,0,23 24,0,193,,87056,14,0,23 24,0,106,,87051,14,0,27 63,0,141,,87057,14,0,23 24,0,152,,87058,14,0,23 24,0,109,,87052,14,0,27 63,0,101,,87053,14,0,27 63,0,96,,87054,14,0,27 63,0,126,,87064,14,,,0
901,'S2-4_2',749,,87065,14,0,26,0,66,,87066,14,0,27 63,0,103,,87071,14,0,23 24,0,193,,87072,14,0,23 24,0,106,,87067,14,0,27 63,0,141,,87073,14,0,23 24,0,152,,87074,14,0,23 24,0,109,,87068,14,0,27 63,0,101,,87069,14,0,27 63,0,96,,87070,14,0,27 63,0,126,,87080,14,,,0
901,'S2-4_4',749,,87081,14,0,26,0,66,,87082,14,0,27 63,0,103,,87087,14,0,23 24,0,193,,87088,14,0,23 24,0,106,,87083,14,0,27 63,0,141,,87089,14,0,23 24,0,152,,87090,14,0,23 24,0,109,,87084,14,0,27 63,0,101,,87085,14,0,27 63,0,96,,87086,14,0,27 63,0,126,,87096,14,,,0
1001,'S2-0_4',756,,87200,9,,,0,100,,87202,9,,,0,86,,87203,9,,,0,79,,87207,7,,,0,86,,87204,9,,,0,50,,87208,7,,,0,82,,87209,7,,,0,71,,87210,7,,,0,101,,87201,9,,,0,38,,87211,7,,,0,183,,87212,9,,,0,317,,87206,9,,,0
1001,'S2-0_5',756,,87214,9,,,0,100,,87216,9,,,0,86,,87217,9,,,0,79,,87221,7,,,0,86,,87218,9,,,0,50,,87222,7,,,0,82,,87223,7,,,0,71,,87224,7,,,0,101,,87215,9,,,0,38,,87225,7,,,0,183,,87226,9,,,0,317,,87220,9,,,0
1001,'S2-1_3',756,,87228,9,,,0,100,,87230,9,,,0,86,,87231,9,,,0,79,,87235,7,,,0,86,,87232,9,,,0,50,,87236,7,,,0,82,,87237,7,,,0,71,,87238,7,,,0,101,,87229,9,,,0,38,,87239,7,,,0,183,,87240,9,,,0,317,,87234,9,,,0
1001,'S2-2_6',753,,87242,9,,,0,103,,87243,9,,,0,101,,87250,7,,,0,102,,87244,9,,,0,100,,87251,7,,,0,85,,87252,7,,,0,164,,87247,9,,,0,38,,87253,7,,,0,187,,87248,9,,,0,118,,87249,9,,,0,90,,87245,9,,,0,107,,87246,9,,,0
1001,'S2-4_1',756,,87254,9,,,0,100,,87256,9,,,0,86,,87257,9,,,0,79,,87261,7,,,0,86,,87258,9,,,0,50,,87262,7,,,0,82,,87263,7,,,0,71,,87264,7,,,0,101,,87255,9,,,0,38,,87265,7,,,0,183,,87266,9,,,0,317,,87260,9,,,0
1001,'S2-4_2',756,,87268,9,,,0,100,,87270,9,,,0,86,,87271,9,,,0,79,,87275,7,,,0,86,,87272,9,,,0,50,,87276,7,,,0,82,,87277,7,,,0,71,,87278,7,,,0,101,,87269,9,,,0,38,,87279,7,,,0,183,,87280,9,,,0,317,,87274,9,,,0
1001,'S2-4_4',756,,87282,9,,,0,100,,87284,9,,,0,86,,87285,9,,,0,79,,87289,7,,,0,86,,87286,9,,,0,50,,87290,7,,,0,82,,87291,7,,,0,71,,87292,7,,,0,101,,87283,9,,,0,38,,87293,7,,,0,183,,87294,9,,,0,317,,87288,9,,,0
1101,'S2-0_4',1632,,87324,3,,,0,112,,87325,3,,,0,103,,87326,3,,,0
1101,'S2-0_5',1632,,87327,3,,,0,112,,87328,3,,,0,103,,87329,3,,,0
1101,'S2-1_3',1632,,87330,3,,,0,112,,87331,3,,,0,103,,87332,3,,,0
1101,'S2-2_6',1617,,87333,3,,,0,119,,87334,3,,,0
1101,'S2-4_1',1632,,87335,3,,,0,112,,87336,3,,,0,103,,87337,3,,,0
1101,'S2-4_2',1632,,87338,3,,,0,112,,87339,3,,,0,103,,87340,3,,,0
1101,'S2-4_4',1632,,87341,3,,,0,112,,87342,3,,,0,103,,87343,3,,,0
1901,'S2-0_4',1617,,87878,13,,,0,100,,87879,13,,,0,99,,87880,13,,,0
1901,'S2-0_5',1617,,87887,13,,,0,100,,87888,13,,,0,99,,87889,13,,,0
1901,'S2-1_3',1216,,87899,13,,,0,34,,87900,13,,,0
1901,'S2-4_1',1617,,87902,13,,,0,100,,87903,13,,,0,99,,87904,13,,,0
1901,'S2-4_2',1617,,87911,13,,,0,100,,87912,13,,,0,99,,87913,13,,,0
1901,'S2-4_4',1617,,87920,13,,,0,100,,87921,13,,,0,99,,87922,13,,,0
1000001,'S2-0_4',556,,89913,25,,,0,60,,89914,25,,,0,20,,89915,25,,,0,21,,89916,25,,,0,62,,89917,25,,,0,10,,89997,25,,,0,10,,89998,25,,,0,11,,89948,31,,,0,50,,89949,31,,,0,9,,89950,31,,,0,11,,89951,31,,,0,10,,89952,31,,,0,10,,89953,31,,,0,10,,89954,31,,,0,50,,89955,31,,,0,10,,89956,31,,,0,9,,89957,31,,,0,10,,89958,31,,,0,12,,89959,31,,,0,12,,89918,25,,,0,51,,89919,31,,,0,10,,89920,25,,,0,9,,89921,31,,,0,11,,89922,25,,,0,11,,89960,31,,,0,11,,89923,25,,,0,51,,89924,31,,,0,10,,89925,25,,,0,11,,89926,31,,,0,10,,89927,25,,,0,11,,89961,31,,,0,52,,89928,25,,,0,11,,89929,31,,,0,10,,89930,25,,,0,8,,89931,31,,,0,9,,89962,25,,,0,10,,89963,31,,,0,10,,89964,25,,,0,50,,89965,31,,,0,10,,89966,25,,,0,10,,89967,31,,,0,10,,89968,25,,,0,9,,89969,31,,,0,10,,89970,25,,,0,51,,89971,31,,,0,10,,89972,25,,,0,10,,89973,31,,,0,10,,89974,25,,,0,11,,89932,31,,,0,50,,89933,25,,,0,9,,89975,31,,,0,10,,89934,25,,,0,9,,89935,31,,,0,11,,89936,25,,,0,11,,89976,31,,,0,52,,89937,25,,,0,12,,89938,31,,,0,11,,89939,25,,,0,10,,89940,31,,,0,9,,89941,31,,,0,10,,89977,31,,,0,52,,89978,31,,,0,11,,89979,31,,,0,12,,89980,31,,,0,11,,89981,31,,,0,8,,89982,31,,,0,9,,89983,31,,,0,49,,89984,31,,,0,8,,89985,31,,,0,10,,89986,31,,,0,9,,89987,31,,,0,8,,89988,31,,,0,9,,89989,31,,,0,9,,89990,31,,,0,48,,89991,31,,,0,9,,89992,25,,,0,9,,89993,31,,,0,10,,89994,25,,,0,12,,89996,31,,,0,59,,89995,31,,,0,20,,89942,25,,,0,20,,89943,25,,,0,60,,89944,25,,,0,20,,89945,25,,,0,19,,89946,25,,,0,60,,89947,25,,,0
1000001,'S2-0_5',556,,89999,25,,,0,60,,90000,25,,,0,20,,90001,25,,,0,21,,90002,25,,,0,62,,90003,25,,,0,10,,90083,25,,,0,10,,90084,25,,,0,11,,90034,31,,,0,50,,90035,31,,,0,9,,90036,31,,,0,11,,90037,31,,,0,10,,90038,31,,,0,10,,90039,31,,,0,10,,90040,31,,,0,50,,90041,31,,,0,10,,90042,31,,,0,9,,90043,31,,,0,10,,90044,31,,,0,12,,90045,31,,,0,12,,90004,25,,,0,51,,90005,31,,,0,10,,90006,25,,,0,9,,90007,31,,,0,11,,90008,25,,,0,11,,90046,31,,,0,11,,90009,25,,,0,51,,90010,31,,,0,10,,90011,25,,,0,11,,90012,31,,,0,10,,90013,25,,,0,11,,90047,31,,,0,52,,90014,25,,,0,11,,90015,31,,,0,10,,90016,25,,,0,8,,90017,31,,,0,9,,90048,25,,,0,10,,90049,31,,,0,10,,90050,25,,,0,50,,90051,31,,,0,10,,90052,25,,,0,10,,90053,31,,,0,10,,90054,25,,,0,9,,90055,31,,,0,10,,90056,25,,,0,51,,90057,31,,,0,10,,90058,25,,,0,10,,90059,31,,,0,10,,90060,25,,,0,11,,90018,31,,,0,50,,90019,25,,,0,9,,90061,31,,,0,10,,90020,25,,,0,9,,90021,31,,,0,11,,90022,25,,,0,11,,90062,31,,,0,52,,90023,25,,,0,12,,90024,31,,,0,11,,90025,25,,,0,10,,90026,31,,,0,9,,90027,31,,,0,10,,90063,31,,,0,52,,90064,31,,,0,11,,90065,31,,,0,12,,90066,31,,,0,11,,90067,31,,,0,8,,90068,31,,,0,9,,90069,31,,,0,49,,90070,31,,,0,8,,90071,31,,,0,10,,90072,31,,,0,9,,90073,31,,,0,8,,90074,31,,,0,9,,90075,31,,,0,9,,90076,31,,,0,48,,90077,31,,,0,9,,90078,25,,,0,9,,90079,31,,,0,10,,90080,25,,,0,12,,90082,31,,,0,59,,90081,31,,,0,20,,90028,25,,,0,20,,90029,25,,,0,60,,90030,25,,,0,20,,90031,25,,,0,19,,90032,25,,,0,60,,90033,25,,,0
1000001,'S2-1_3',556,,90085,25,,,0,60,,90086,25,,,0,20,,90087,25,,,0,21,,90088,25,,,0,62,,90089,25,,,0,10,,90169,25,,,0,10,,90170,25,,,0,11,,90120,31,,,0,50,,90121,31,,,0,9,,90122,31,,,0,11,,90123,31,,,0,10,,90124,31,,,0,10,,90125,31,,,0,10,,90126,31,,,0,50,,90127,31,,,0,10,,90128,31,,,0,9,,90129,31,,,0,10,,90130,31,,,0,12,,90131,31,,,0,12,,90090,25,,,0,51,,90091,31,,,0,10,,90092,25,,,0,9,,90093,31,,,0,11,,90094,25,,,0,11,,90132,31,,,0,11,,90095,25,,,0,51,,90096,31,,,0,10,,90097,25,,,0,11,,90098,31,,,0,10,,90099,25,,,0,11,,90133,31,,,0,52,,90100,25,,,0,11,,90101,31,,,0,10,,90102,25,,,0,8,,90103,31,,,0,9,,90134,25,,,0,10,,90135,31,,,0,10,,90136,25,,,0,50,,90137,31,,,0,10,,90138,25,,,0,10,,90139,31,,,0,10,,90140,25,,,0,9,,90141,31,,,0,10,,90142,25,,,0,51,,90143,31,,,0,10,,90144,25,,,0,10,,90145,31,,,0,10,,90146,25,,,0,11,,90104,31,,,0,50,,90105,25,,,0,9,,90147,31,,,0,10,,90106,25,,,0,9,,90107,31,,,0,11,,90108,25,,,0,11,,90148,31,,,0,52,,90109,25,,,0,12,,90110,31,,,0,11,,90111,25,,,0,10,,90112,31,,,0,9,,90113,31,,,0,10,,90149,31,,,0,52,,90150,31,,,0,11,,90151,31,,,0,12,,90152,31,,,0,11,,90153,31,,,0,8,,90154,31,,,0,9,,90155,31,,,0,49,,90156,31,,,0,8,,90157,31,,,0,10,,90158,31,,,0,9,,90159,31,,,0,8,,90160,31,,,0,9,,90161,31,,,0,9,,90162,31,,,0,48,,90163,31,,,0,9,,90164,25,,,0,9,,90165,31,,,0,10,,90166,25,,,0,12,,90168,31,,,0,59,,90167,31,,,0,20,,90114,25,,,0,20,,90115,25,,,0,60,,90116,25,,,0,20,,90117,25,,,0,19,,90118,25,,,0,60,,90119,25,,,0
1000001,'S2-2_6',556,,90171,25,,,0,82,,90172,25,,,0,81,,90173,25,,,0,30,,90174,25,,,0,70,,90175,31,,,0,29,,90176,31,,,0,54,,90177,25,,,0,16,,90178,25,,,0,15,,90179,31,,,0,16,,90180,25,,,0,55,,90181,25,,,0,15,,90182,31,,,0,16,,90183,25,,,0,15,,90184,25,,,0,56,,90185,31,,,0,15,,90186,25,,,0,15,,90187,25,,,0,16,,90188,31,,,0,54,,90189,25,,,0,16,,90190,25,,,0,15,,90191,31,,,0,14,,90192,25,,,0,57,,90193,25,,,0,16,,90194,31,,,0,9,,90195,25,,,0,9,,90196,25,,,0,9,,90197,25,,,0,50,,90199,25,,,0,10,,90198,31,,,0,10,,90200,25,,,0,11,,90201,25,,,0,12,,90202,31,,,0,9,,90203,25,,,0,49,,90204,25,,,0,10,,90205,25,,,0,11,,90206,31,,,0,10,,90207,25,,,0,10,,90208,25,,,0,11,,90209,25,,,0,51,,90210,31,,,0,9,,90211,25,,,0,10,,90212,25,,,0,11,,90213,25,,,0,13,,90214,31,,,0,9,,90215,25,,,0,49,,90216,25,,,0,10,,90217,25,,,0,9,,90219,25,,,0,9,,90218,31,,,0,10,,90220,25,,,0,9,,90221,25,,,0,50,,90223,25,,,0,9,,90222,31,,,0,9,,90224,25,,,0,9,,90225,25,,,0,9,,90227,25,,,0,10,,90226,31,,,0,10,,90228,25,,,0,53,,90229,25,,,0,18,,90230,31,,,0,17,,90231,25,,,0,61,,90232,25,,,0,21,,90233,25,,,0,16,,90234,25,,,0,59,,90235,25,,,0,20,,90236,25,,,0,20,,90237,25,,,0,60,,90238,25,,,0
1000001,'S2-3_7',827,,90239,25,,,0,80,,90240,25,,,0,40,,90241,25,,,0,80,,90242,25,,,0,80,,90243,25,,,0,40,,90244,25,,,0,80,,90245,25,,,0,80,,90246,25,,,0,40,,90247,25,,,0,80,,90248,25,,,0,80,,90249,25,,,0,40,,90250,25,,,0,80,,90251,25,,,0,80,,90252,25,,,0,40,,90253,25,,,0,80,,90254,25,,,0,80,,90255,25,,,0,40,,90256,25,,,0
1000001,'S2-4_1',556,,90257,25,,,0,60,,90258,25,,,0,20,,90259,25,,,0,21,,90260,25,,,0,62,,90261,25,,,0,10,,90341,25,,,0,10,,90342,25,,,0,11,,90292,31,,,0,50,,90293,31,,,0,9,,90294,31,,,0,11,,90295,31,,,0,10,,90296,31,,,0,10,,90297,31,,,0,10,,90298,31,,,0,50,,90299,31,,,0,10,,90300,31,,,0,9,,90301,31,,,0,10,,90302,31,,,0,12,,90303,31,,,0,12,,90262,25,,,0,51,,90263,31,,,0,10,,90264,25,,,0,9,,90265,31,,,0,11,,90266,25,,,0,11,,90304,31,,,0,11,,90267,25,,,0,51,,90268,31,,,0,10,,90269,25,,,0,11,,90270,31,,,0,10,,90271,25,,,0,11,,90305,31,,,0,52,,90272,25,,,0,11,,90273,31,,,0,10,,90274,25,,,0,8,,90275,31,,,0,9,,90306,25,,,0,10,,90307,31,,,0,10,,90308,25,,,0,50,,90309,31,,,0,10,,90310,25,,,0,10,,90311,31,,,0,10,,90312,25,,,0,9,,90313,31,,,0,10,,90314,25,,,0,51,,90315,31,,,0,10,,90316,25,,,0,10,,90317,31,,,0,10,,90318,25,,,0,11,,90276,31,,,0,50,,90277,25,,,0,9,,90319,31,,,0,10,,90278,25,,,0,9,,90279,31,,,0,11,,90280,25,,,0,11,,90320,31,,,0,52,,90281,25,,,0,12,,90282,31,,,0,11,,90283,25,,,0,10,,90284,31,,,0,9,,90285,31,,,0,10,,90321,31,,,0,52,,90322,31,,,0,11,,90323,31,,,0,12,,90324,31,,,0,11,,90325,31,,,0,8,,90326,31,,,0,9,,90327,31,,,0,49,,90328,31,,,0,8,,90329,31,,,0,10,,90330,31,,,0,9,,90331,31,,,0,8,,90332,31,,,0,9,,90333,31,,,0,9,,90334,31,,,0,48,,90335,31,,,0,9,,90336,25,,,0,9,,90337,31,,,0,10,,90338,25,,,0,12,,90340,31,,,0,59,,90339,31,,,0,20,,90286,25,,,0,20,,90287,25,,,0,60,,90288,25,,,0,20,,90289,25,,,0,19,,90290,25,,,0,60,,90291,25,,,0
1000001,'S2-4_2',556,,90343,25,,,0,60,,90344,25,,,0,20,,90345,25,,,0,21,,90346,25,,,0,62,,90347,25,,,0,10,,90427,25,,,0,10,,90428,25,,,0,11,,90378,31,,,0,50,,90379,31,,,0,9,,90380,31,,,0,11,,90381,31,,,0,10,,90382,31,,,0,10,,90383,31,,,0,10,,90384,31,,,0,50,,90385,31,,,0,10,,90386,31,,,0,9,,90387,31,,,0,10,,90388,31,,,0,12,,90389,31,,,0,12,,90348,25,,,0,51,,90349,31,,,0,10,,90350,25,,,0,9,,90351,31,,,0,11,,90352,25,,,0,11,,90390,31,,,0,11,,90353,25,,,0,51,,90354,31,,,0,10,,90355,25,,,0,11,,90356,31,,,0,10,,90357,25,,,0,11,,90391,31,,,0,52,,90358,25,,,0,11,,90359,31,,,0,10,,90360,25,,,0,8,,90361,31,,,0,9,,90392,25,,,0,10,,90393,31,,,0,10,,90394,25,,,0,50,,90395,31,,,0,10,,90396,25,,,0,10,,90397,31,,,0,10,,90398,25,,,0,9,,90399,31,,,0,10,,90400,25,,,0,51,,90401,31,,,0,10,,90402,25,,,0,10,,90403,31,,,0,10,,90404,25,,,0,11,,90362,31,,,0,50,,90363,25,,,0,9,,90405,31,,,0,10,,90364,25,,,0,9,,90365,31,,,0,11,,90366,25,,,0,11,,90406,31,,,0,52,,90367,25,,,0,12,,90368,31,,,0,11,,90369,25,,,0,10,,90370,31,,,0,9,,90371,31,,,0,10,,90407,31,,,0,52,,90408,31,,,0,11,,90409,31,,,0,12,,90410,31,,,0,11,,90411,31,,,0,8,,90412,31,,,0,9,,90413,31,,,0,49,,90414,31,,,0,8,,90415,31,,,0,10,,90416,31,,,0,9,,90417,31,,,0,8,,90418,31,,,0,9,,90419,31,,,0,9,,90420,31,,,0,48,,90421,31,,,0,9,,90422,25,,,0,9,,90423,31,,,0,10,,90424,25,,,0,12,,90426,31,,,0,59,,90425,31,,,0,20,,90372,25,,,0,20,,90373,25,,,0,60,,90374,25,,,0,20,,90375,25,,,0,19,,90376,25,,,0,60,,90377,25,,,0
1000001,'S2-4_4',556,,90429,25,,,0,60,,90430,25,,,0,20,,90431,25,,,0,21,,90432,25,,,0,62,,90433,25,,,0,10,,90513,25,,,0,10,,90514,25,,,0,11,,90464,31,,,0,50,,90465,31,,,0,9,,90466,31,,,0,11,,90467,31,,,0,10,,90468,31,,,0,10,,90469,31,,,0,10,,90470,31,,,0,50,,90471,31,,,0,10,,90472,31,,,0,9,,90473,31,,,0,10,,90474,31,,,0,12,,90475,31,,,0,12,,90434,25,,,0,51,,90435,31,,,0,10,,90436,25,,,0,9,,90437,31,,,0,11,,90438,25,,,0,11,,90476,31,,,0,11,,90439,25,,,0,51,,90440,31,,,0,10,,90441,25,,,0,11,,90442,31,,,0,10,,90443,25,,,0,11,,90477,31,,,0,52,,90444,25,,,0,11,,90445,31,,,0,10,,90446,25,,,0,8,,90447,31,,,0,9,,90478,25,,,0,10,,90479,31,,,0,10,,90480,25,,,0,50,,90481,31,,,0,10,,90482,25,,,0,10,,90483,31,,,0,10,,90484,25,,,0,9,,90485,31,,,0,10,,90486,25,,,0,51,,90487,31,,,0,10,,90488,25,,,0,10,,90489,31,,,0,10,,90490,25,,,0,11,,90448,31,,,0,50,,90449,25,,,0,9,,90491,31,,,0,10,,90450,25,,,0,9,,90451,31,,,0,11,,90452,25,,,0,11,,90492,31,,,0,52,,90453,25,,,0,12,,90454,31,,,0,11,,90455,25,,,0,10,,90456,31,,,0,9,,90457,31,,,0,10,,90493,31,,,0,52,,90494,31,,,0,11,,90495,31,,,0,12,,90496,31,,,0,11,,90497,31,,,0,8,,90498,31,,,0,9,,90499,31,,,0,49,,90500,31,,,0,8,,90501,31,,,0,10,,90502,31,,,0,9,,90503,31,,,0,8,,90504,31,,,0,9,,90505,31,,,0,9,,90506,31,,,0,48,,90507,31,,,0,9,,90508,25,,,0,9,,90509,31,,,0,10,,90510,25,,,0,12,,90512,31,,,0,59,,90511,31,,,0,20,,90458,25,,,0,20,,90459,25,,,0,60,,90460,25,,,0,20,,90461,25,,,0,19,,90462,25,,,0,60,,90463,25,,,0
