901,'S2-0_4',837,,86988,28,0,26,0,170,,86994,28,0,23 24,0,95,,86998,13,0,23 24,0,98,,86995,28,0,23 24,0,121,,86999,14,,,0,126,,86996,28,0,23 24,0,112,,86997,28,0,23 24,0,149,,87002,14,,,0,111,,87000,6,,,0,95,,87001,6,,,0,114,,87003,28,,,0
901,'S2-0_5',837,,87004,28,0,26,0,170,,87010,28,0,23 24,0,95,,87014,13,0,23 24,0,98,,87011,28,0,23 24,0,121,,87015,14,,,0,126,,87012,28,0,23 24,0,112,,87013,28,0,23 24,0,149,,87018,14,,,0,111,,87016,6,,,0,95,,87017,6,,,0,114,,87019,28,,,0
901,'S2-1_3',837,,87020,28,0,26,0,170,,87026,28,0,23 24,0,95,,87030,13,0,23 24,0,98,,87027,28,0,23 24,0,121,,87031,14,,,0,126,,87028,28,0,23 24,0,112,,87029,28,0,23 24,0,149,,87034,14,,,0,111,,87032,6,,,0,95,,87033,6,,,0,114,,87035,28,,,0
901,'S2-2_6',831,,87036,28,0,23 24,0,193,,87041,14,0,23 24,0,126,,87042,14,0,23 24,0,192,,87043,14,0,23 24,0,360,,87037,28,0,23 24,0,102,,87038,28,0,23 24,0,131,,87039,28,0,23 24,0,88,,87040,28,0,23 24,0
901,'S2-4_1',837,,87049,28,0,26,0,170,,87055,28,0,23 24,0,95,,87059,13,0,23 24,0,98,,87056,28,0,23 24,0,121,,87060,14,,,0,126,,87057,28,0,23 24,0,112,,87058,28,0,23 24,0,149,,87063,14,,,0,111,,87061,6,,,0,95,,87062,6,,,0,114,,87064,28,,,0
901,'S2-4_2',837,,87065,28,0,26,0,170,,87071,28,0,23 24,0,95,,87075,13,0,23 24,0,98,,87072,28,0,23 24,0,121,,87076,14,,,0,126,,87073,28,0,23 24,0,112,,87074,28,0,23 24,0,149,,87079,14,,,0,111,,87077,6,,,0,95,,87078,6,,,0,114,,87080,28,,,0
901,'S2-4_4',837,,87081,28,0,26,0,170,,87087,28,0,23 24,0,95,,87091,13,0,23 24,0,98,,87088,28,0,23 24,0,121,,87092,14,,,0,126,,87089,28,0,23 24,0,112,,87090,28,0,23 24,0,149,,87095,14,,,0,111,,87093,6,,,0,95,,87094,6,,,0,114,,87096,28,,,0
1701,'S2-0_4',653,,87683,1,,,0,90,,87688,1,,,0,1076,,87684,1,,,0,95,,87685,1,,,0
1701,'S2-0_5',653,,87689,1,,,0,90,,87694,1,,,0,1076,,87690,1,,,0,95,,87691,1,,,0
1701,'S2-1_3',653,,87695,1,,,0,90,,87700,1,,,0,582,,87699,1,,,0,494,,87696,1,,,0,95,,87697,1,,,0
1701,'S2-4_1',653,,87701,1,,,0,90,,87706,1,,,0,1076,,87702,1,,,0,95,,87703,1,,,0
1701,'S2-4_2',653,,87707,1,,,0,90,,87712,1,,,0,1076,,87708,1,,,0,95,,87709,1,,,0
1701,'S2-4_4',653,,87713,1,,,0,90,,87718,1,,,0,1076,,87714,1,,,0,95,,87715,1,,,0
