2200,'S2-0_4',745,,88010,14,0,17,0
2200,'S2-0_5',745,,88017,14,0,17,0
2200,'S2-1_3',745,,88022,14,0,17,0
2200,'S2-4_1',745,,88029,14,0,17,0
2200,'S2-4_2',745,,88036,14,0,17,0
2200,'S2-4_4',745,,88043,14,0,17,0
2400,'S2-0_4',735,,88119,11,,,0,868,,88120,6,,,0,103,,88121,6,,,0,95,,88122,6,,,0
2400,'S2-0_5',735,,88123,11,,,0,868,,88124,6,,,0,103,,88125,6,,,0,95,,88126,6,,,0
2400,'S2-1_3',735,,88127,11,,,0,490,,88128,6,,,0
2400,'S2-4_1',735,,88129,11,,,0,868,,88130,6,,,0,103,,88131,6,,,0,95,,88132,6,,,0
2400,'S2-4_2',735,,88133,11,,,0,868,,88134,6,,,0,103,,88135,6,,,0,95,,88136,6,,,0
2400,'S2-4_4',735,,88137,11,,,0,868,,88138,6,,,0,103,,88139,6,,,0,95,,88140,6,,,0
2000000,'S2-0_4',645,,90554,8,,,0,62,,90536,8,,,0,16,,90564,8,,,0,15,,90520,8,,,0,15,,90547,8,,,0,55,,90529,8,,,0,15,,90556,8,,,0,15,,90539,8,,,0,16,,90567,8,,,0,56,,90521,8,,,0,16,,90552,8,,,0,15,,90530,8,,,0,16,,90557,8,,,0,55,,90537,8,,,0,16,,90565,8,,,0,16,,90522,8,,,0,56,,90553,8,,,0,15,,90531,8,,,0,16,,90558,8,,,0,17,,90538,8,,,0,54,,90568,8,,,0,18,,90523,8,,,0,13,,90546,8,,,0,16,,90532,8,,,0,55,,90555,8,,,0,15,,90540,8,,,0,15,,90566,8,,,0,15,,90525,8,,,0,55,,90548,8,,,0,15,,90535,8,,,0,15,,90560,8,,,0,15,,90541,8,,,0,54,,90569,8,,,0,15,,90526,8,,,0,15,,90549,8,,,0,16,,90534,8,,,0,7,,90517,6,0,9 10,0,48,,90559,8,,,0,14,,90542,8,,,0,16,,90518,8,,,0,14,,90570,8,,,0,55,,90516,6,0,9 10,0,3,,90524,8,,,0,14,,90551,8,,,0,17,,90533,8,,,0,15,,90561,8,,,0,50,,90573,6,0,9 10,0,6,,90544,8,,,0,13,,90519,8,,,0,14,,90571,8,,,0,16,,90527,8,,,0,55,,90550,8,,,0,14,,90562,8,,,0,19,,90543,8,,,0,62,,90572,8,,,0,20,,90528,8,,,0,19,,90563,8,,,0,61,,90545,8,,,0
2000000,'S2-0_5',645,,90613,8,,,0,62,,90595,8,,,0,16,,90623,8,,,0,15,,90579,8,,,0,15,,90606,8,,,0,55,,90588,8,,,0,15,,90615,8,,,0,15,,90598,8,,,0,16,,90626,8,,,0,56,,90580,8,,,0,16,,90611,8,,,0,15,,90589,8,,,0,16,,90616,8,,,0,55,,90596,8,,,0,16,,90624,8,,,0,16,,90581,8,,,0,56,,90612,8,,,0,15,,90590,8,,,0,16,,90617,8,,,0,17,,90597,8,,,0,54,,90627,8,,,0,18,,90582,8,,,0,13,,90605,8,,,0,16,,90591,8,,,0,55,,90614,8,,,0,15,,90599,8,,,0,15,,90625,8,,,0,15,,90584,8,,,0,55,,90607,8,,,0,15,,90594,8,,,0,15,,90619,8,,,0,15,,90600,8,,,0,54,,90628,8,,,0,15,,90585,8,,,0,15,,90608,8,,,0,16,,90593,8,,,0,7,,90576,6,0,9 10,0,48,,90618,8,,,0,14,,90601,8,,,0,16,,90577,8,,,0,14,,90629,8,,,0,55,,90575,6,0,9 10,0,3,,90583,8,,,0,14,,90610,8,,,0,17,,90592,8,,,0,15,,90620,8,,,0,50,,90632,6,0,9 10,0,6,,90603,8,,,0,13,,90578,8,,,0,14,,90630,8,,,0,16,,90586,8,,,0,55,,90609,8,,,0,14,,90621,8,,,0,19,,90602,8,,,0,62,,90631,8,,,0,20,,90587,8,,,0,19,,90622,8,,,0,61,,90604,8,,,0
2000000,'S2-1_3',645,,90671,8,,,0,62,,90653,8,,,0,16,,90681,8,,,0,15,,90637,8,,,0,15,,90664,8,,,0,55,,90646,8,,,0,15,,90673,8,,,0,15,,90656,8,,,0,16,,90684,8,,,0,56,,90638,8,,,0,16,,90669,8,,,0,15,,90647,8,,,0,16,,90674,8,,,0,55,,90654,8,,,0,16,,90682,8,,,0,16,,90639,8,,,0,56,,90670,8,,,0,15,,90648,8,,,0,16,,90675,8,,,0,17,,90655,8,,,0,54,,90685,8,,,0,10,,90690,6,0,9 10,0,3,,90634,6,0,9 10,0,2,,90633,6,0,9 10,0,3,,90640,8,,,0,13,,90663,8,,,0,16,,90649,8,,,0,55,,90672,8,,,0,15,,90657,8,,,0,15,,90683,8,,,0,15,,90642,8,,,0,55,,90665,8,,,0,15,,90652,8,,,0,15,,90677,8,,,0,15,,90658,8,,,0,54,,90686,8,,,0,15,,90643,8,,,0,15,,90666,8,,,0,16,,90651,8,,,0,55,,90676,8,,,0,14,,90659,8,,,0,16,,90635,8,,,0,14,,90687,8,,,0,58,,90641,8,,,0,14,,90668,8,,,0,17,,90650,8,,,0,15,,90678,8,,,0,56,,90661,8,,,0,13,,90636,8,,,0,14,,90688,8,,,0,16,,90644,8,,,0,55,,90667,8,,,0,14,,90679,8,,,0,19,,90660,8,,,0,62,,90689,8,,,0,20,,90645,8,,,0,19,,90680,8,,,0,61,,90662,8,,,0
2000000,'S2-2_6',642,,90691,8,,,0,81,,90692,8,,,0,79,,90693,8,,,0,29,,90694,8,,,0,20,,90695,8,,,0,60,,90696,8,,,0,18,,90697,8,,,0,18,,90698,8,,,0,59,,90699,8,,,0,20,,90700,8,,,0,19,,90701,8,,,0,59,,90702,8,,,0,19,,90703,8,,,0,20,,90704,8,,,0,58,,90705,8,,,0,19,,90706,8,,,0,18,,90707,8,,,0,19,,90708,8,,,0,59,,90709,8,,,0,19,,90710,8,,,0,18,,90711,8,,,0,59,,90712,8,,,0,20,,90713,8,,,0,20,,90714,8,,,0,59,,90715,8,,,0,19,,90716,8,,,0,20,,90717,8,,,0,60,,90718,8,,,0,20,,90719,8,,,0,20,,90720,8,,,0,59,,90721,8,,,0,20,,90722,8,,,0,20,,90723,8,,,0,60,,90724,8,,,0,19,,90725,8,,,0,20,,90726,8,,,0,64,,90727,8,,,0,25,,90728,8,,,0,65,,90729,8,,,0,25,,90730,8,,,0,25,,90731,8,,,0
2000000,'S2-3_7',818,,90732,8,,,0,40,,90733,8,,,0,80,,90734,8,,,0,80,,90735,8,,,0,40,,90736,8,,,0,80,,90737,8,,,0,80,,90738,8,,,0,40,,90739,8,,,0,80,,90740,8,,,0,80,,90741,8,,,0,40,,90742,8,,,0,80,,90743,8,,,0,80,,90744,8,,,0,40,,90745,8,,,0,80,,90746,8,,,0,80,,90747,8,,,0,40,,90748,8,,,0,80,,90749,8,,,0
2000000,'S2-4_1',645,,90789,8,,,0,62,,90771,8,,,0,16,,90799,8,,,0,15,,90755,8,,,0,15,,90782,8,,,0,55,,90764,8,,,0,15,,90791,8,,,0,15,,90774,8,,,0,16,,90802,8,,,0,56,,90756,8,,,0,16,,90787,8,,,0,15,,90765,8,,,0,16,,90792,8,,,0,55,,90772,8,,,0,16,,90800,8,,,0,16,,90757,8,,,0,56,,90788,8,,,0,15,,90766,8,,,0,16,,90793,8,,,0,17,,90773,8,,,0,54,,90803,8,,,0,18,,90758,8,,,0,13,,90781,8,,,0,16,,90767,8,,,0,55,,90790,8,,,0,15,,90775,8,,,0,15,,90801,8,,,0,15,,90760,8,,,0,55,,90783,8,,,0,15,,90770,8,,,0,15,,90795,8,,,0,15,,90776,8,,,0,54,,90804,8,,,0,15,,90761,8,,,0,15,,90784,8,,,0,16,,90769,8,,,0,7,,90752,6,0,9 10,0,48,,90794,8,,,0,14,,90777,8,,,0,16,,90753,8,,,0,14,,90805,8,,,0,55,,90751,6,0,9 10,0,3,,90759,8,,,0,14,,90786,8,,,0,17,,90768,8,,,0,15,,90796,8,,,0,50,,90808,6,0,9 10,0,6,,90779,8,,,0,13,,90754,8,,,0,14,,90806,8,,,0,16,,90762,8,,,0,55,,90785,8,,,0,14,,90797,8,,,0,19,,90778,8,,,0,62,,90807,8,,,0,20,,90763,8,,,0,19,,90798,8,,,0,61,,90780,8,,,0
2000000,'S2-4_2',645,,90848,8,,,0,62,,90830,8,,,0,16,,90858,8,,,0,15,,90814,8,,,0,15,,90841,8,,,0,55,,90823,8,,,0,15,,90850,8,,,0,15,,90833,8,,,0,16,,90861,8,,,0,56,,90815,8,,,0,16,,90846,8,,,0,15,,90824,8,,,0,16,,90851,8,,,0,55,,90831,8,,,0,16,,90859,8,,,0,16,,90816,8,,,0,56,,90847,8,,,0,15,,90825,8,,,0,16,,90852,8,,,0,17,,90832,8,,,0,54,,90862,8,,,0,18,,90817,8,,,0,13,,90840,8,,,0,16,,90826,8,,,0,55,,90849,8,,,0,15,,90834,8,,,0,15,,90860,8,,,0,15,,90819,8,,,0,55,,90842,8,,,0,15,,90829,8,,,0,15,,90854,8,,,0,15,,90835,8,,,0,54,,90863,8,,,0,15,,90820,8,,,0,15,,90843,8,,,0,16,,90828,8,,,0,7,,90811,6,0,9 10,0,48,,90853,8,,,0,14,,90836,8,,,0,16,,90812,8,,,0,14,,90864,8,,,0,55,,90810,6,0,9 10,0,3,,90818,8,,,0,14,,90845,8,,,0,17,,90827,8,,,0,15,,90855,8,,,0,50,,90867,6,0,9 10,0,6,,90838,8,,,0,13,,90813,8,,,0,14,,90865,8,,,0,16,,90821,8,,,0,55,,90844,8,,,0,14,,90856,8,,,0,19,,90837,8,,,0,62,,90866,8,,,0,20,,90822,8,,,0,19,,90857,8,,,0,61,,90839,8,,,0
2000000,'S2-4_4',645,,90907,8,,,0,62,,90889,8,,,0,16,,90917,8,,,0,15,,90873,8,,,0,15,,90900,8,,,0,55,,90882,8,,,0,15,,90909,8,,,0,15,,90892,8,,,0,16,,90920,8,,,0,56,,90874,8,,,0,16,,90905,8,,,0,15,,90883,8,,,0,16,,90910,8,,,0,55,,90890,8,,,0,16,,90918,8,,,0,16,,90875,8,,,0,56,,90906,8,,,0,15,,90884,8,,,0,16,,90911,8,,,0,17,,90891,8,,,0,54,,90921,8,,,0,18,,90876,8,,,0,13,,90899,8,,,0,16,,90885,8,,,0,55,,90908,8,,,0,15,,90893,8,,,0,15,,90919,8,,,0,15,,90878,8,,,0,55,,90901,8,,,0,15,,90888,8,,,0,15,,90913,8,,,0,15,,90894,8,,,0,54,,90922,8,,,0,15,,90879,8,,,0,15,,90902,8,,,0,16,,90887,8,,,0,7,,90870,6,0,9 10,0,48,,90912,8,,,0,14,,90895,8,,,0,16,,90871,8,,,0,14,,90923,8,,,0,55,,90869,6,0,9 10,0,3,,90877,8,,,0,14,,90904,8,,,0,17,,90886,8,,,0,15,,90914,8,,,0,50,,90926,6,0,9 10,0,6,,90897,8,,,0,13,,90872,8,,,0,14,,90924,8,,,0,16,,90880,8,,,0,55,,90903,8,,,0,14,,90915,8,,,0,19,,90896,8,,,0,62,,90925,8,,,0,20,,90881,8,,,0,19,,90916,8,,,0,61,,90898,8,,,0
