2500,'S2-0_4',750,,88157,13,,,0,70,,88158,13,,,0,81,,88159,13,,,0,112,,88160,13,,,0,113,,88161,13,,,0,130,,88162,13,,,0,156,,88163,13,,,0,116,,88164,13,,,0,86,,88165,13,,,0,90,,88166,13,,,0,105,,88167,13,,,0,42,,88168,13,,,0,151,,88169,13,,,0
2500,'S2-0_5',750,,88170,13,,,0,70,,88171,13,,,0,81,,88172,13,,,0,112,,88173,13,,,0,113,,88174,13,,,0,130,,88175,13,,,0,156,,88176,13,,,0,116,,88177,13,,,0,86,,88178,13,,,0,90,,88179,13,,,0,105,,88180,13,,,0,42,,88181,13,,,0,151,,88182,13,,,0
2500,'S2-1_3',750,,88183,13,,,0,70,,88184,13,,,0,81,,88185,13,,,0,112,,88186,13,,,0,113,,88187,13,,,0,130,,88188,13,,,0,156,,88189,13,,,0,116,,88190,13,,,0,86,,88191,13,,,0,90,,88192,13,,,0,105,,88193,13,,,0,42,,88194,13,,,0,151,,88195,13,,,0
2500,'S2-2_6',747,,88196,13,,,0,153,,88197,13,,,0,127,,88198,13,,,0,114,,88199,13,,,0,168,,88200,13,,,0,113,,88201,13,,,0,131,,88202,13,,,0,159,,88203,13,,,0,121,,88204,13,,,0,114,,88205,13,,,0
2500,'S2-4_1',750,,88206,13,,,0,70,,88207,13,,,0,81,,88208,13,,,0,112,,88209,13,,,0,113,,88210,13,,,0,130,,88211,13,,,0,156,,88212,13,,,0,116,,88213,13,,,0,86,,88214,13,,,0,90,,88215,13,,,0,105,,88216,13,,,0,42,,88217,13,,,0,151,,88218,13,,,0
2500,'S2-4_2',750,,88219,13,,,0,70,,88220,13,,,0,81,,88221,13,,,0,112,,88222,13,,,0,113,,88223,13,,,0,130,,88224,13,,,0,156,,88225,13,,,0,116,,88226,13,,,0,86,,88227,13,,,0,90,,88228,13,,,0,105,,88229,13,,,0,42,,88230,13,,,0,151,,88231,13,,,0
2500,'S2-4_4',750,,88232,13,,,0,70,,88233,13,,,0,81,,88234,13,,,0,112,,88235,13,,,0,113,,88236,13,,,0,130,,88237,13,,,0,156,,88238,13,,,0,116,,88239,13,,,0,86,,88240,13,,,0,90,,88241,13,,,0,105,,88242,13,,,0,42,,88243,13,,,0,151,,88244,13,,,0
4000000,'S2-0_4',648,,92238,13,0,45,0,58,,92194,13,0,46,0,28,,92216,13,0,45,0,68,,92195,13,0,46,0,15,,92217,13,0,45,0,19,,92196,13,0,46,0,22,,92218,13,0,45,0,61,,92197,13,0,46,0,16,,92219,13,0,45,0,20,,92198,13,0,46,0,59,,92220,13,0,45,0,19,,92199,13,0,46,0,20,,92221,13,0,45,0,61,,92200,13,0,46,0,20,,92222,13,0,45,0,19,,92201,13,0,46,0,65,,92223,13,0,45,0,18,,92202,13,0,46,0,18,,92224,13,0,45,0,58,,92203,13,0,46,0,20,,92225,13,0,45,0,23,,92204,13,0,46,0,61,,92226,13,0,45,0,20,,92205,13,0,46,0,19,,92227,13,0,45,0,61,,92206,13,0,46,0,22,,92228,13,0,45,0,18,,92207,13,0,46,0,62,,92229,13,0,45,0,22,,92208,13,0,46,0,62,,92230,13,0,45,0,30,,92209,13,0,46,0,18,,92231,13,0,45,0,58,,92210,13,0,46,0,16,,92232,13,0,45,0,17,,92211,13,0,46,0,15,,92233,13,0,45,0,55,,92212,13,0,46,0,19,,92234,13,0,45,0,19,,92213,13,0,46,0,60,,92235,13,0,45,0,19,,92214,13,0,46,0
4000000,'S2-0_5',648,,92283,13,0,45,0,58,,92239,13,0,46,0,28,,92261,13,0,45,0,68,,92240,13,0,46,0,15,,92262,13,0,45,0,19,,92241,13,0,46,0,22,,92263,13,0,45,0,61,,92242,13,0,46,0,16,,92264,13,0,45,0,20,,92243,13,0,46,0,59,,92265,13,0,45,0,19,,92244,13,0,46,0,20,,92266,13,0,45,0,61,,92245,13,0,46,0,20,,92267,13,0,45,0,19,,92246,13,0,46,0,65,,92268,13,0,45,0,18,,92247,13,0,46,0,18,,92269,13,0,45,0,58,,92248,13,0,46,0,20,,92270,13,0,45,0,23,,92249,13,0,46,0,61,,92271,13,0,45,0,20,,92250,13,0,46,0,19,,92272,13,0,45,0,61,,92251,13,0,46,0,22,,92273,13,0,45,0,18,,92252,13,0,46,0,62,,92274,13,0,45,0,22,,92253,13,0,46,0,62,,92275,13,0,45,0,30,,92254,13,0,46,0,18,,92276,13,0,45,0,58,,92255,13,0,46,0,16,,92277,13,0,45,0,17,,92256,13,0,46,0,15,,92278,13,0,45,0,55,,92257,13,0,46,0,19,,92279,13,0,45,0,19,,92258,13,0,46,0,60,,92280,13,0,45,0,19,,92259,13,0,46,0
4000000,'S2-1_3',648,,92328,13,0,45,0,58,,92284,13,0,46,0,28,,92306,13,0,45,0,68,,92285,13,0,46,0,15,,92307,13,0,45,0,19,,92286,13,0,46,0,22,,92308,13,0,45,0,61,,92287,13,0,46,0,16,,92309,13,0,45,0,20,,92288,13,0,46,0,59,,92310,13,0,45,0,19,,92289,13,0,46,0,20,,92311,13,0,45,0,61,,92290,13,0,46,0,20,,92312,13,0,45,0,19,,92291,13,0,46,0,65,,92313,13,0,45,0,18,,92292,13,0,46,0,18,,92314,13,0,45,0,58,,92293,13,0,46,0,20,,92315,13,0,45,0,23,,92294,13,0,46,0,61,,92316,13,0,45,0,20,,92295,13,0,46,0,19,,92317,13,0,45,0,61,,92296,13,0,46,0,22,,92318,13,0,45,0,18,,92297,13,0,46,0,62,,92319,13,0,45,0,22,,92298,13,0,46,0,62,,92320,13,0,45,0,30,,92299,13,0,46,0,18,,92321,13,0,45,0,58,,92300,13,0,46,0,16,,92322,13,0,45,0,17,,92301,13,0,46,0,15,,92323,13,0,45,0,55,,92302,13,0,46,0,19,,92324,13,0,45,0,19,,92303,13,0,46,0,60,,92325,13,0,45,0,19,,92304,13,0,46,0
4000000,'S2-2_6',648,,92373,13,0,46,0,58,,92329,13,0,45,0,23,,92351,13,0,46,0,20,,92330,13,0,45,0,60,,92352,13,0,46,0,21,,92331,13,0,45,0,20,,92353,13,0,46,0,60,,92332,13,0,45,0,21,,92354,13,0,46,0,22,,92333,13,0,45,0,59,,92355,13,0,46,0,21,,92334,13,0,45,0,22,,92356,13,0,46,0,61,,92335,13,0,45,0,21,,92357,13,0,46,0,21,,92336,13,0,45,0,62,,92358,13,0,46,0,20,,92337,13,0,45,0,19,,92359,13,0,45,0,61,,92338,13,0,46,0,21,,92360,13,0,45,0,18,,92339,13,0,46,0,59,,92361,13,0,45,0,18,,92340,13,0,46,0,19,,92362,13,0,45,0,60,,92341,13,0,46,0,20,,92363,13,0,45,0,20,,92342,13,0,46,0,60,,92364,13,0,45,0,22,,92343,13,0,46,0,21,,92365,13,0,45,0,61,,92344,13,0,46,0,19,,92366,13,0,45,0,20,,92345,13,0,46,0,58,,92367,13,0,45,0,19,,92346,13,0,46,0,18,,92368,13,0,45,0,58,,92347,13,0,46,0,20,,92369,13,0,45,0,19,,92348,13,0,46,0,60,,92370,13,0,45,0,19,,92349,13,0,46,0
4000000,'S2-3_7',836,,92374,13,0,46,0,110,,92379,13,0,45,0,110,,92375,13,0,46,0,150,,92380,13,0,45,0,110,,92376,13,0,46,0,110,,92381,13,0,45,0,110,,92377,13,0,46,0,110,,92382,13,0,45,0,110,,92378,13,0,46,0,150,,92383,13,0,45,0
4000000,'S2-4_1',648,,92429,13,0,45,0,58,,92385,13,0,46,0,28,,92407,13,0,45,0,68,,92386,13,0,46,0,15,,92408,13,0,45,0,19,,92387,13,0,46,0,22,,92409,13,0,45,0,61,,92388,13,0,46,0,16,,92410,13,0,45,0,20,,92389,13,0,46,0,59,,92411,13,0,45,0,19,,92390,13,0,46,0,20,,92412,13,0,45,0,61,,92391,13,0,46,0,20,,92413,13,0,45,0,19,,92392,13,0,46,0,65,,92414,13,0,45,0,18,,92393,13,0,46,0,18,,92415,13,0,45,0,58,,92394,13,0,46,0,20,,92416,13,0,45,0,23,,92395,13,0,46,0,61,,92417,13,0,45,0,20,,92396,13,0,46,0,19,,92418,13,0,45,0,61,,92397,13,0,46,0,22,,92419,13,0,45,0,18,,92398,13,0,46,0,62,,92420,13,0,45,0,22,,92399,13,0,46,0,62,,92421,13,0,45,0,30,,92400,13,0,46,0,18,,92422,13,0,45,0,58,,92401,13,0,46,0,16,,92423,13,0,45,0,17,,92402,13,0,46,0,15,,92424,13,0,45,0,55,,92403,13,0,46,0,19,,92425,13,0,45,0,19,,92404,13,0,46,0,60,,92426,13,0,45,0,19,,92405,13,0,46,0
4000000,'S2-4_2',648,,92474,13,0,45,0,58,,92430,13,0,46,0,28,,92452,13,0,45,0,68,,92431,13,0,46,0,15,,92453,13,0,45,0,19,,92432,13,0,46,0,22,,92454,13,0,45,0,61,,92433,13,0,46,0,16,,92455,13,0,45,0,20,,92434,13,0,46,0,59,,92456,13,0,45,0,19,,92435,13,0,46,0,20,,92457,13,0,45,0,61,,92436,13,0,46,0,20,,92458,13,0,45,0,19,,92437,13,0,46,0,65,,92459,13,0,45,0,18,,92438,13,0,46,0,18,,92460,13,0,45,0,58,,92439,13,0,46,0,20,,92461,13,0,45,0,23,,92440,13,0,46,0,61,,92462,13,0,45,0,20,,92441,13,0,46,0,19,,92463,13,0,45,0,61,,92442,13,0,46,0,22,,92464,13,0,45,0,18,,92443,13,0,46,0,62,,92465,13,0,45,0,22,,92444,13,0,46,0,62,,92466,13,0,45,0,30,,92445,13,0,46,0,18,,92467,13,0,45,0,58,,92446,13,0,46,0,16,,92468,13,0,45,0,17,,92447,13,0,46,0,15,,92469,13,0,45,0,55,,92448,13,0,46,0,19,,92470,13,0,45,0,19,,92449,13,0,46,0,60,,92471,13,0,45,0,19,,92450,13,0,46,0
4000000,'S2-4_4',648,,92519,13,0,45,0,58,,92475,13,0,46,0,28,,92497,13,0,45,0,68,,92476,13,0,46,0,15,,92498,13,0,45,0,19,,92477,13,0,46,0,22,,92499,13,0,45,0,61,,92478,13,0,46,0,16,,92500,13,0,45,0,20,,92479,13,0,46,0,59,,92501,13,0,45,0,19,,92480,13,0,46,0,20,,92502,13,0,45,0,61,,92481,13,0,46,0,20,,92503,13,0,45,0,19,,92482,13,0,46,0,65,,92504,13,0,45,0,18,,92483,13,0,46,0,18,,92505,13,0,45,0,58,,92484,13,0,46,0,20,,92506,13,0,45,0,23,,92485,13,0,46,0,61,,92507,13,0,45,0,20,,92486,13,0,46,0,19,,92508,13,0,45,0,61,,92487,13,0,46,0,22,,92509,13,0,45,0,18,,92488,13,0,46,0,62,,92510,13,0,45,0,22,,92489,13,0,46,0,62,,92511,13,0,45,0,30,,92490,13,0,46,0,18,,92512,13,0,45,0,58,,92491,13,0,46,0,16,,92513,13,0,45,0,17,,92492,13,0,46,0,15,,92514,13,0,45,0,55,,92493,13,0,46,0,19,,92515,13,0,45,0,19,,92494,13,0,46,0,60,,92516,13,0,45,0,19,,92495,13,0,46,0
