501,'S2-0_4',926,,86230,10,,,0,105,,86231,10,,,0,100,,86232,10,,,0,86,,86233,10,,,0,95,,86234,10,,,0,98,,86235,10,,,0,102,,86236,10,,,0,101,,86237,10,,,0,25,,86239,10,0,13,0,81,,86238,10,,,0,29,,86240,10,0,13,0,75,,86242,10,,,0,19,,86241,10,0,13,0,109,,86243,10,,,0
501,'S2-0_5',926,,86244,10,,,0,105,,86245,10,,,0,100,,86246,10,,,0,86,,86247,10,,,0,95,,86248,10,,,0,98,,86249,10,,,0,102,,86250,10,,,0,101,,86251,10,,,0,25,,86253,10,0,13,0,81,,86252,10,,,0,29,,86254,10,0,13,0,75,,86256,10,,,0,19,,86255,10,0,13,0,109,,86257,10,,,0
501,'S2-1_3',926,,86258,10,,,0,105,,86259,10,,,0,100,,86260,10,,,0,86,,86261,10,,,0,25,,86267,10,0,13,0,70,,86262,10,,,0,98,,86263,10,,,0,102,,86264,10,,,0,101,,86265,10,,,0,106,,86266,10,,,0,104,,86268,10,,,0,128,,86269,10,,,0
501,'S2-2_6',818,,86270,10,,,0,101,,86271,10,,,0,100,,86272,10,,,0,100,,86273,10,,,0,100,,86274,10,,,0,94,,86275,10,,,0,99,,86276,10,,,0,100,,86277,10,,,0,100,,86278,10,,,0,101,,86279,10,,,0,99,,86280,10,,,0,189,,86281,10,,,0
501,'S2-4_1',926,,86282,10,,,0,105,,86283,10,,,0,100,,86284,10,,,0,86,,86285,10,,,0,95,,86286,10,,,0,98,,86287,10,,,0,102,,86288,10,,,0,101,,86289,10,,,0,25,,86291,10,0,13,0,81,,86290,10,,,0,29,,86292,10,0,13,0,75,,86294,10,,,0,19,,86293,10,0,13,0,109,,86295,10,,,0
501,'S2-4_2',926,,86296,10,,,0,105,,86297,10,,,0,100,,86298,10,,,0,86,,86299,10,,,0,95,,86300,10,,,0,98,,86301,10,,,0,102,,86302,10,,,0,101,,86303,10,,,0,25,,86305,10,0,13,0,81,,86304,10,,,0,29,,86306,10,0,13,0,75,,86308,10,,,0,19,,86307,10,0,13,0,109,,86309,10,,,0
501,'S2-4_4',926,,86310,10,,,0,105,,86311,10,,,0,100,,86312,10,,,0,86,,86313,10,,,0,95,,86314,10,,,0,98,,86315,10,,,0,102,,86316,10,,,0,101,,86317,10,,,0,25,,86319,10,0,13,0,81,,86318,10,,,0,29,,86320,10,0,13,0,75,,86322,10,,,0,19,,86321,10,0,13,0,109,,86323,10,,,0
1000001,'S2-0_4',549,,89913,15,,,0,60,,89914,15,,,0,20,,89915,15,,,0,20,,89916,15,,,0,60,,89917,15,,,0,10,,89997,15,,,0,10,,89998,15,,,0,10,,89948,21,,,0,10,,89949,21,,,0,10,,89950,21,,,0,51,,89951,21,,,0,10,,89952,21,,,0,9,,89953,21,,,0,10,,89954,21,,,0,10,,89955,21,,,0,10,,89956,21,,,0,50,,89957,21,,,0,10,,89958,21,,,0,11,,89959,21,,,0,11,,89918,15,,,0,11,,89919,21,,,0,50,,89920,15,,,0,10,,89921,21,,,0,11,,89922,15,,,0,11,,89960,21,,,0,11,,89923,15,,,0,11,,89924,21,,,0,50,,89925,15,,,0,11,,89926,21,,,0,10,,89927,15,,,0,11,,89961,21,,,0,10,,89928,15,,,0,11,,89929,21,,,0,50,,89930,15,,,0,9,,89931,21,,,0,10,,89962,15,,,0,10,,89963,21,,,0,10,,89964,15,,,0,10,,89965,21,,,0,50,,89966,15,,,0,10,,89967,21,,,0,10,,89968,15,,,0,9,,89969,21,,,0,10,,89970,15,,,0,10,,89971,21,,,0,50,,89972,15,,,0,10,,89973,21,,,0,10,,89974,15,,,0,10,,89932,21,,,0,10,,89933,15,,,0,9,,89975,21,,,0,50,,89934,15,,,0,10,,89935,21,,,0,11,,89936,15,,,0,11,,89976,21,,,0,11,,89937,15,,,0,51,,89938,21,,,0,11,,89939,15,,,0,10,,89940,21,,,0,9,,89941,21,,,0,10,,89977,21,,,0,10,,89978,21,,,0,50,,89979,21,,,0,11,,89980,21,,,0,11,,89981,21,,,0,11,,89982,21,,,0,10,,89983,21,,,0,10,,89984,21,,,0,50,,89985,21,,,0,10,,89986,21,,,0,10,,89987,21,,,0,8,,89988,21,,,0,9,,89989,21,,,0,9,,89990,21,,,0,8,,89991,21,,,0,49,,89992,15,,,0,9,,89993,21,,,0,10,,89994,15,,,0,13,,89996,21,,,0,19,,89995,21,,,0,60,,89942,15,,,0,20,,89943,15,,,0,20,,89944,15,,,0,60,,89945,15,,,0,20,,89946,15,,,0,20,,89947,15,,,0
1000001,'S2-0_5',549,,89999,15,,,0,60,,90000,15,,,0,20,,90001,15,,,0,20,,90002,15,,,0,60,,90003,15,,,0,10,,90083,15,,,0,10,,90084,15,,,0,10,,90034,21,,,0,10,,90035,21,,,0,10,,90036,21,,,0,51,,90037,21,,,0,10,,90038,21,,,0,9,,90039,21,,,0,10,,90040,21,,,0,10,,90041,21,,,0,10,,90042,21,,,0,50,,90043,21,,,0,10,,90044,21,,,0,11,,90045,21,,,0,11,,90004,15,,,0,11,,90005,21,,,0,50,,90006,15,,,0,10,,90007,21,,,0,11,,90008,15,,,0,11,,90046,21,,,0,11,,90009,15,,,0,11,,90010,21,,,0,50,,90011,15,,,0,11,,90012,21,,,0,10,,90013,15,,,0,11,,90047,21,,,0,10,,90014,15,,,0,11,,90015,21,,,0,50,,90016,15,,,0,9,,90017,21,,,0,10,,90048,15,,,0,10,,90049,21,,,0,10,,90050,15,,,0,10,,90051,21,,,0,50,,90052,15,,,0,10,,90053,21,,,0,10,,90054,15,,,0,9,,90055,21,,,0,10,,90056,15,,,0,10,,90057,21,,,0,50,,90058,15,,,0,10,,90059,21,,,0,10,,90060,15,,,0,10,,90018,21,,,0,10,,90019,15,,,0,9,,90061,21,,,0,50,,90020,15,,,0,10,,90021,21,,,0,11,,90022,15,,,0,11,,90062,21,,,0,11,,90023,15,,,0,51,,90024,21,,,0,11,,90025,15,,,0,10,,90026,21,,,0,9,,90027,21,,,0,10,,90063,21,,,0,10,,90064,21,,,0,50,,90065,21,,,0,11,,90066,21,,,0,11,,90067,21,,,0,11,,90068,21,,,0,10,,90069,21,,,0,10,,90070,21,,,0,50,,90071,21,,,0,10,,90072,21,,,0,10,,90073,21,,,0,8,,90074,21,,,0,9,,90075,21,,,0,9,,90076,21,,,0,8,,90077,21,,,0,49,,90078,15,,,0,9,,90079,21,,,0,10,,90080,15,,,0,13,,90082,21,,,0,19,,90081,21,,,0,60,,90028,15,,,0,20,,90029,15,,,0,20,,90030,15,,,0,60,,90031,15,,,0,20,,90032,15,,,0,20,,90033,15,,,0
1000001,'S2-1_3',549,,90085,15,,,0,60,,90086,15,,,0,20,,90087,15,,,0,20,,90088,15,,,0,60,,90089,15,,,0,10,,90169,15,,,0,10,,90170,15,,,0,10,,90120,21,,,0,10,,90121,21,,,0,10,,90122,21,,,0,51,,90123,21,,,0,10,,90124,21,,,0,9,,90125,21,,,0,10,,90126,21,,,0,10,,90127,21,,,0,10,,90128,21,,,0,50,,90129,21,,,0,10,,90130,21,,,0,11,,90131,21,,,0,11,,90090,15,,,0,11,,90091,21,,,0,50,,90092,15,,,0,10,,90093,21,,,0,11,,90094,15,,,0,11,,90132,21,,,0,11,,90095,15,,,0,11,,90096,21,,,0,50,,90097,15,,,0,11,,90098,21,,,0,10,,90099,15,,,0,11,,90133,21,,,0,10,,90100,15,,,0,11,,90101,21,,,0,50,,90102,15,,,0,9,,90103,21,,,0,10,,90134,15,,,0,10,,90135,21,,,0,10,,90136,15,,,0,10,,90137,21,,,0,50,,90138,15,,,0,10,,90139,21,,,0,10,,90140,15,,,0,9,,90141,21,,,0,10,,90142,15,,,0,10,,90143,21,,,0,50,,90144,15,,,0,10,,90145,21,,,0,10,,90146,15,,,0,10,,90104,21,,,0,10,,90105,15,,,0,9,,90147,21,,,0,50,,90106,15,,,0,10,,90107,21,,,0,11,,90108,15,,,0,11,,90148,21,,,0,11,,90109,15,,,0,51,,90110,21,,,0,11,,90111,15,,,0,10,,90112,21,,,0,9,,90113,21,,,0,10,,90149,21,,,0,10,,90150,21,,,0,50,,90151,21,,,0,11,,90152,21,,,0,11,,90153,21,,,0,11,,90154,21,,,0,10,,90155,21,,,0,10,,90156,21,,,0,50,,90157,21,,,0,10,,90158,21,,,0,10,,90159,21,,,0,8,,90160,21,,,0,9,,90161,21,,,0,9,,90162,21,,,0,8,,90163,21,,,0,49,,90164,15,,,0,9,,90165,21,,,0,10,,90166,15,,,0,13,,90168,21,,,0,19,,90167,21,,,0,60,,90114,15,,,0,20,,90115,15,,,0,20,,90116,15,,,0,60,,90117,15,,,0,20,,90118,15,,,0,20,,90119,15,,,0
1000001,'S2-2_6',549,,90171,15,,,0,81,,90172,15,,,0,80,,90173,15,,,0,30,,90174,15,,,0,69,,90175,21,,,0,29,,90176,21,,,0,15,,90177,15,,,0,55,,90178,15,,,0,15,,90179,21,,,0,15,,90180,15,,,0,15,,90181,15,,,0,55,,90182,21,,,0,16,,90183,15,,,0,15,,90184,15,,,0,16,,90185,21,,,0,55,,90186,15,,,0,15,,90187,15,,,0,16,,90188,21,,,0,15,,90189,15,,,0,56,,90190,15,,,0,15,,90191,21,,,0,14,,90192,15,,,0,16,,90193,15,,,0,56,,90194,21,,,0,9,,90195,15,,,0,10,,90196,15,,,0,8,,90197,15,,,0,10,,90199,15,,,0,50,,90198,21,,,0,10,,90200,15,,,0,11,,90201,15,,,0,12,,90202,21,,,0,10,,90203,15,,,0,9,,90204,15,,,0,50,,90205,15,,,0,11,,90206,21,,,0,10,,90207,15,,,0,10,,90208,15,,,0,11,,90209,15,,,0,11,,90210,21,,,0,49,,90211,15,,,0,10,,90212,15,,,0,10,,90213,15,,,0,12,,90214,21,,,0,9,,90215,15,,,0,9,,90216,15,,,0,49,,90217,15,,,0,10,,90219,15,,,0,9,,90218,21,,,0,10,,90220,15,,,0,10,,90221,15,,,0,10,,90223,15,,,0,50,,90222,21,,,0,9,,90224,15,,,0,9,,90225,15,,,0,9,,90227,15,,,0,10,,90226,21,,,0,10,,90228,15,,,0,53,,90229,15,,,0,19,,90230,21,,,0,17,,90231,15,,,0,21,,90232,15,,,0,61,,90233,15,,,0,17,,90234,15,,,0,19,,90235,15,,,0,60,,90236,15,,,0,20,,90237,15,,,0,20,,90238,15,,,0
1000001,'S2-3_7',818,,90239,15,,,0,40,,90240,15,,,0,80,,90241,15,,,0,80,,90242,15,,,0,40,,90243,15,,,0,80,,90244,15,,,0,80,,90245,15,,,0,40,,90246,15,,,0,80,,90247,15,,,0,80,,90248,15,,,0,40,,90249,15,,,0,80,,90250,15,,,0,80,,90251,15,,,0,40,,90252,15,,,0,80,,90253,15,,,0,80,,90254,15,,,0,40,,90255,15,,,0,80,,90256,15,,,0
1000001,'S2-4_1',549,,90257,15,,,0,60,,90258,15,,,0,20,,90259,15,,,0,20,,90260,15,,,0,60,,90261,15,,,0,10,,90341,15,,,0,10,,90342,15,,,0,10,,90292,21,,,0,10,,90293,21,,,0,10,,90294,21,,,0,51,,90295,21,,,0,10,,90296,21,,,0,9,,90297,21,,,0,10,,90298,21,,,0,10,,90299,21,,,0,10,,90300,21,,,0,50,,90301,21,,,0,10,,90302,21,,,0,11,,90303,21,,,0,11,,90262,15,,,0,11,,90263,21,,,0,50,,90264,15,,,0,10,,90265,21,,,0,11,,90266,15,,,0,11,,90304,21,,,0,11,,90267,15,,,0,11,,90268,21,,,0,50,,90269,15,,,0,11,,90270,21,,,0,10,,90271,15,,,0,11,,90305,21,,,0,10,,90272,15,,,0,11,,90273,21,,,0,50,,90274,15,,,0,9,,90275,21,,,0,10,,90306,15,,,0,10,,90307,21,,,0,10,,90308,15,,,0,10,,90309,21,,,0,50,,90310,15,,,0,10,,90311,21,,,0,10,,90312,15,,,0,9,,90313,21,,,0,10,,90314,15,,,0,10,,90315,21,,,0,50,,90316,15,,,0,10,,90317,21,,,0,10,,90318,15,,,0,10,,90276,21,,,0,10,,90277,15,,,0,9,,90319,21,,,0,50,,90278,15,,,0,10,,90279,21,,,0,11,,90280,15,,,0,11,,90320,21,,,0,11,,90281,15,,,0,51,,90282,21,,,0,11,,90283,15,,,0,10,,90284,21,,,0,9,,90285,21,,,0,10,,90321,21,,,0,10,,90322,21,,,0,50,,90323,21,,,0,11,,90324,21,,,0,11,,90325,21,,,0,11,,90326,21,,,0,10,,90327,21,,,0,10,,90328,21,,,0,50,,90329,21,,,0,10,,90330,21,,,0,10,,90331,21,,,0,8,,90332,21,,,0,9,,90333,21,,,0,9,,90334,21,,,0,8,,90335,21,,,0,49,,90336,15,,,0,9,,90337,21,,,0,10,,90338,15,,,0,13,,90340,21,,,0,19,,90339,21,,,0,60,,90286,15,,,0,20,,90287,15,,,0,20,,90288,15,,,0,60,,90289,15,,,0,20,,90290,15,,,0,20,,90291,15,,,0
1000001,'S2-4_2',549,,90343,15,,,0,60,,90344,15,,,0,20,,90345,15,,,0,20,,90346,15,,,0,60,,90347,15,,,0,10,,90427,15,,,0,10,,90428,15,,,0,10,,90378,21,,,0,10,,90379,21,,,0,10,,90380,21,,,0,51,,90381,21,,,0,10,,90382,21,,,0,9,,90383,21,,,0,10,,90384,21,,,0,10,,90385,21,,,0,10,,90386,21,,,0,50,,90387,21,,,0,10,,90388,21,,,0,11,,90389,21,,,0,11,,90348,15,,,0,11,,90349,21,,,0,50,,90350,15,,,0,10,,90351,21,,,0,11,,90352,15,,,0,11,,90390,21,,,0,11,,90353,15,,,0,11,,90354,21,,,0,50,,90355,15,,,0,11,,90356,21,,,0,10,,90357,15,,,0,11,,90391,21,,,0,10,,90358,15,,,0,11,,90359,21,,,0,50,,90360,15,,,0,9,,90361,21,,,0,10,,90392,15,,,0,10,,90393,21,,,0,10,,90394,15,,,0,10,,90395,21,,,0,50,,90396,15,,,0,10,,90397,21,,,0,10,,90398,15,,,0,9,,90399,21,,,0,10,,90400,15,,,0,10,,90401,21,,,0,50,,90402,15,,,0,10,,90403,21,,,0,10,,90404,15,,,0,10,,90362,21,,,0,10,,90363,15,,,0,9,,90405,21,,,0,50,,90364,15,,,0,10,,90365,21,,,0,11,,90366,15,,,0,11,,90406,21,,,0,11,,90367,15,,,0,51,,90368,21,,,0,11,,90369,15,,,0,10,,90370,21,,,0,9,,90371,21,,,0,10,,90407,21,,,0,10,,90408,21,,,0,50,,90409,21,,,0,11,,90410,21,,,0,11,,90411,21,,,0,11,,90412,21,,,0,10,,90413,21,,,0,10,,90414,21,,,0,50,,90415,21,,,0,10,,90416,21,,,0,10,,90417,21,,,0,8,,90418,21,,,0,9,,90419,21,,,0,9,,90420,21,,,0,8,,90421,21,,,0,49,,90422,15,,,0,9,,90423,21,,,0,10,,90424,15,,,0,13,,90426,21,,,0,19,,90425,21,,,0,60,,90372,15,,,0,20,,90373,15,,,0,20,,90374,15,,,0,60,,90375,15,,,0,20,,90376,15,,,0,20,,90377,15,,,0
1000001,'S2-4_4',549,,90429,15,,,0,60,,90430,15,,,0,20,,90431,15,,,0,20,,90432,15,,,0,60,,90433,15,,,0,10,,90513,15,,,0,10,,90514,15,,,0,10,,90464,21,,,0,10,,90465,21,,,0,10,,90466,21,,,0,51,,90467,21,,,0,10,,90468,21,,,0,9,,90469,21,,,0,10,,90470,21,,,0,10,,90471,21,,,0,10,,90472,21,,,0,50,,90473,21,,,0,10,,90474,21,,,0,11,,90475,21,,,0,11,,90434,15,,,0,11,,90435,21,,,0,50,,90436,15,,,0,10,,90437,21,,,0,11,,90438,15,,,0,11,,90476,21,,,0,11,,90439,15,,,0,11,,90440,21,,,0,50,,90441,15,,,0,11,,90442,21,,,0,10,,90443,15,,,0,11,,90477,21,,,0,10,,90444,15,,,0,11,,90445,21,,,0,50,,90446,15,,,0,9,,90447,21,,,0,10,,90478,15,,,0,10,,90479,21,,,0,10,,90480,15,,,0,10,,90481,21,,,0,50,,90482,15,,,0,10,,90483,21,,,0,10,,90484,15,,,0,9,,90485,21,,,0,10,,90486,15,,,0,10,,90487,21,,,0,50,,90488,15,,,0,10,,90489,21,,,0,10,,90490,15,,,0,10,,90448,21,,,0,10,,90449,15,,,0,9,,90491,21,,,0,50,,90450,15,,,0,10,,90451,21,,,0,11,,90452,15,,,0,11,,90492,21,,,0,11,,90453,15,,,0,51,,90454,21,,,0,11,,90455,15,,,0,10,,90456,21,,,0,9,,90457,21,,,0,10,,90493,21,,,0,10,,90494,21,,,0,50,,90495,21,,,0,11,,90496,21,,,0,11,,90497,21,,,0,11,,90498,21,,,0,10,,90499,21,,,0,10,,90500,21,,,0,50,,90501,21,,,0,10,,90502,21,,,0,10,,90503,21,,,0,8,,90504,21,,,0,9,,90505,21,,,0,9,,90506,21,,,0,8,,90507,21,,,0,49,,90508,15,,,0,9,,90509,21,,,0,10,,90510,15,,,0,13,,90512,21,,,0,19,,90511,21,,,0,60,,90458,15,,,0,20,,90459,15,,,0,20,,90460,15,,,0,60,,90461,15,,,0,20,,90462,15,,,0,20,,90463,15,,,0
