1000,'0_6',556,,66740,4,,,0,103,,66741,4,,,0,94,,66742,4,,,0,100,,66750,4,,,0,83,,66753,5,,,0,117,,66743,4,,,0,148,,66754,5,,,0,57,,66744,4,,,0,95,,66755,5,,,0,96,,66751,4,,,0,98,,66745,4,,,0,73,,66746,5,,,0,116,,66748,4,,,0,92,,66752,4,,,0,103,,66749,5,,,0,102,,66747,4,,,0
1000,'1_7',1046,,66756,5,,,0,360,,66757,5,,,0,410,,66758,5,,,0,307,,66759,4,,,0
1000,'5_1',613,,74341,4,,,0,97,,74342,4,,,0,120,,74343,4,0,18 30,0,88,,74344,5,,,0,102,,74349,4,0,18 30,0,97,,74345,5,0,18 30,0,112,,74350,4,0,18 30,0,105,,74351,4,0,18 30,0,103,,74346,5,,,0,93,,74352,4,,,0,115,,74347,5,,,0,106,,74353,4,,,0,160,,74348,5,0,18 30,0
1000,'5_2',613,,76037,4,,,0,97,,76038,4,,,0,120,,76039,4,0,18 30,0,88,,76040,5,,,0,102,,76045,4,0,18 30,0,97,,76041,5,0,18 30,0,112,,76046,4,0,18 30,0,105,,76047,4,0,18 30,0,103,,76042,5,,,0,93,,76048,4,,,0,115,,76043,5,,,0,106,,76049,4,,,0,160,,76044,5,0,18 30,0
1000,'5_3',613,,76050,4,,,0,97,,76051,4,,,0,120,,76052,4,0,18 30,0,88,,76053,5,,,0,102,,76058,4,0,18 30,0,97,,76054,5,0,18 30,0,112,,76059,4,0,18 30,0,105,,76060,4,0,18 30,0,103,,76055,5,,,0,93,,76061,4,,,0,115,,76056,5,,,0,106,,76062,4,,,0,160,,76057,5,0,18 30,0
1000,'5_4',613,,76063,4,,,0,97,,76064,4,,,0,120,,76065,4,0,18 30,0,88,,76066,5,,,0,102,,76071,4,0,18 30,0,97,,76067,5,0,18 30,0,112,,76072,4,0,18 30,0,105,,76073,4,0,18 30,0,103,,76068,5,,,0,93,,76074,4,,,0,115,,76069,5,,,0,106,,76075,4,,,0,160,,76070,5,0,18 30,0
1000,'5_5',613,,78196,4,,,0,97,,78197,4,,,0,120,,78198,4,0,18 30,0,88,,78199,5,,,0,102,,78204,4,0,18 30,0,97,,78200,5,0,18 30,0,112,,78205,4,0,18 30,0,105,,78206,4,0,18 30,0,103,,78201,5,,,0,93,,78207,4,,,0,115,,78202,5,,,0,106,,78208,4,,,0,160,,78203,5,0,18 30,0
2901000,'0_6',753,,71037,4,,,0,100,,71039,4,,,0,200,,71038,4,,,0,175,,71044,4,,,0,30,,71041,4,,,0,95,,71040,4,,,0,96,,71042,4,,,0,98,,71043,4,,,0,157,,71046,4,,,0,99,,71045,4,,,0
2901000,'5_1',834,,74744,4,,,0,298,,74745,4,,,0,208,,74746,4,,,0,94,,74747,4,,,0,192,,74748,4,,,0,199,,74749,4,,,0,183,,74750,4,,,0
2901000,'5_2',834,,77246,4,,,0,298,,77247,4,,,0,208,,77248,4,,,0,94,,77249,4,,,0,192,,77250,4,,,0,199,,77251,4,,,0,183,,77252,4,,,0
2901000,'5_3',834,,77253,4,,,0,298,,77254,4,,,0,208,,77255,4,,,0,94,,77256,4,,,0,192,,77257,4,,,0,199,,77258,4,,,0,183,,77259,4,,,0
2901000,'5_4',834,,77260,4,,,0,298,,77261,4,,,0,208,,77262,4,,,0,94,,77263,4,,,0,192,,77264,4,,,0,199,,77265,4,,,0,183,,77266,4,,,0
2901000,'5_5',834,,78600,4,,,0,298,,78601,4,,,0,208,,78602,4,,,0,94,,78603,4,,,0,192,,78604,4,,,0,199,,78605,4,,,0,183,,78606,4,,,0
