401,'S2-0_4',707,,85936,20,0,52,0,11,,85906,22,0,41,0,14,,85923,24,0,41,0,15,,85907,22,0,41,0,57,,85930,24,,,0,24,,85908,22,0,41,0,11,,85909,22,0,41,0,80,,85910,22,0,41,0,33,,85911,22,0,41,0,73,,85912,22,0,41,0,75,,85932,22,,,0,30,,85913,22,0,41,0,28,,85914,22,0,41,0,62,,85931,24,,,0,29,,85927,25,0,41,0,72,,85933,22,,,0,33,,85905,25,0,41,0,77,,85915,22,0,41,0,27,,85934,22,,,0,72,,85916,22,0,41,0,25,,85917,22,0,41,0,58,,85918,24,0,41,0,13,,85928,25,0,41,0,19,,85924,22,0,41,0,56,,85919,22,0,41,0,14,,85925,24,0,41,0,11,,85929,25,,,0,33,,85920,22,0,41,0,65,,85926,24,0,41,0,78,,85921,22,0,41,0,20,,85935,22,,,0
401,'S2-0_5',707,,85968,20,0,52,0,11,,85938,22,0,41,0,14,,85955,24,0,41,0,15,,85939,22,0,41,0,57,,85962,24,,,0,24,,85940,22,0,41,0,11,,85941,22,0,41,0,80,,85942,22,0,41,0,33,,85943,22,0,41,0,73,,85944,22,0,41,0,75,,85964,22,,,0,30,,85945,22,0,41,0,28,,85946,22,0,41,0,62,,85963,24,,,0,29,,85959,25,0,41,0,72,,85965,22,,,0,33,,85937,25,0,41,0,77,,85947,22,0,41,0,27,,85966,22,,,0,72,,85948,22,0,41,0,25,,85949,22,0,41,0,58,,85950,24,0,41,0,13,,85960,25,0,41,0,19,,85956,22,0,41,0,56,,85951,22,0,41,0,14,,85957,24,0,41,0,11,,85961,25,,,0,33,,85952,22,0,41,0,65,,85958,24,0,41,0,78,,85953,22,0,41,0,20,,85967,22,,,0
401,'S2-1_3',707,,86000,20,0,52,0,11,,85970,22,0,41,0,14,,85987,24,0,41,0,15,,85971,22,0,41,0,57,,85994,24,,,0,24,,85972,22,0,41,0,11,,85973,22,0,41,0,80,,85974,22,0,41,0,33,,85975,22,0,41,0,73,,85976,22,0,41,0,75,,85996,22,,,0,30,,85977,22,0,41,0,28,,85978,22,0,41,0,62,,85995,24,,,0,29,,85991,25,0,41,0,72,,85997,22,,,0,33,,85969,25,0,41,0,77,,85979,22,0,41,0,27,,85998,22,,,0,72,,85980,22,0,41,0,25,,85981,22,0,41,0,58,,85982,24,0,41,0,13,,85992,25,0,41,0,19,,85988,22,0,41,0,56,,85983,22,0,41,0,14,,85989,24,0,41,0,11,,85993,25,,,0,33,,85984,22,0,41,0,65,,85990,24,0,41,0,78,,85985,22,0,41,0,20,,85999,22,,,0
401,'S2-2_6',706,,86001,22,,,0,116,,86008,22,0,41,0,33,,86002,22,,,0,68,,86009,22,0,41,0,32,,86010,22,0,41,0,68,,86011,22,0,41,0,32,,86003,22,,,0,69,,86012,22,0,41,0,32,,86013,22,0,41,0,70,,86014,22,0,41,0,30,,86004,22,,,0,69,,86015,22,0,41,0,29,,86016,22,0,41,0,71,,86017,22,0,41,0,31,,86005,22,,,0,68,,86018,22,0,41,0,32,,86019,22,0,41,0,73,,86020,22,0,41,0,71,,86006,22,,,0,32,,86021,22,0,41,0,72,,86022,22,0,41,0,32,,86023,22,0,41,0,71,,86024,22,0,41,0,30,,86007,22,,,0
401,'S2-3_7',941,,86025,22,,,0,165,,86026,22,,,0,125,,86027,22,,,0,201,,86028,22,,,0,125,,86029,22,,,0,165,,86030,22,,,0,125,,86031,22,,,0
401,'S2-4_1',707,,86063,20,0,52,0,11,,86033,22,0,41,0,14,,86050,24,0,41,0,15,,86034,22,0,41,0,57,,86057,24,,,0,24,,86035,22,0,41,0,11,,86036,22,0,41,0,80,,86037,22,0,41,0,33,,86038,22,0,41,0,73,,86039,22,0,41,0,75,,86059,22,,,0,30,,86040,22,0,41,0,28,,86041,22,0,41,0,62,,86058,24,,,0,29,,86054,25,0,41,0,72,,86060,22,,,0,33,,86032,25,0,41,0,77,,86042,22,0,41,0,27,,86061,22,,,0,72,,86043,22,0,41,0,25,,86044,22,0,41,0,58,,86045,24,0,41,0,13,,86055,25,0,41,0,19,,86051,22,0,41,0,56,,86046,22,0,41,0,14,,86052,24,0,41,0,11,,86056,25,,,0,33,,86047,22,0,41,0,65,,86053,24,0,41,0,78,,86048,22,0,41,0,20,,86062,22,,,0
401,'S2-4_2',707,,86095,20,0,52,0,11,,86065,22,0,41,0,14,,86082,24,0,41,0,15,,86066,22,0,41,0,57,,86089,24,,,0,24,,86067,22,0,41,0,11,,86068,22,0,41,0,80,,86069,22,0,41,0,33,,86070,22,0,41,0,73,,86071,22,0,41,0,75,,86091,22,,,0,30,,86072,22,0,41,0,28,,86073,22,0,41,0,62,,86090,24,,,0,29,,86086,25,0,41,0,72,,86092,22,,,0,33,,86064,25,0,41,0,77,,86074,22,0,41,0,27,,86093,22,,,0,72,,86075,22,0,41,0,25,,86076,22,0,41,0,58,,86077,24,0,41,0,13,,86087,25,0,41,0,19,,86083,22,0,41,0,56,,86078,22,0,41,0,14,,86084,24,0,41,0,11,,86088,25,,,0,33,,86079,22,0,41,0,65,,86085,24,0,41,0,78,,86080,22,0,41,0,20,,86094,22,,,0
401,'S2-4_4',707,,86127,20,0,52,0,11,,86097,22,0,41,0,14,,86114,24,0,41,0,15,,86098,22,0,41,0,57,,86121,24,,,0,24,,86099,22,0,41,0,11,,86100,22,0,41,0,80,,86101,22,0,41,0,33,,86102,22,0,41,0,73,,86103,22,0,41,0,75,,86123,22,,,0,30,,86104,22,0,41,0,28,,86105,22,0,41,0,62,,86122,24,,,0,29,,86118,25,0,41,0,72,,86124,22,,,0,33,,86096,25,0,41,0,77,,86106,22,0,41,0,27,,86125,22,,,0,72,,86107,22,0,41,0,25,,86108,22,0,41,0,58,,86109,24,0,41,0,13,,86119,25,0,41,0,19,,86115,22,0,41,0,56,,86110,22,0,41,0,14,,86116,24,0,41,0,11,,86120,25,,,0,33,,86111,22,0,41,0,65,,86117,24,0,41,0,78,,86112,22,0,41,0,20,,86126,22,,,0
2301,'S2-0_4',706,,88103,15,,,0,23,,88102,15,,,0,1,,88101,25,,,0
2301,'S2-0_5',706,,88106,15,,,0,23,,88105,15,,,0,1,,88104,25,,,0
2301,'S2-1_3',706,,88109,15,,,0,23,,88108,15,,,0,1,,88107,25,,,0
2301,'S2-4_1',706,,88112,15,,,0,23,,88111,15,,,0,1,,88110,25,,,0
2301,'S2-4_2',706,,88115,15,,,0,23,,88114,15,,,0,1,,88113,25,,,0
2301,'S2-4_4',706,,88118,15,,,0,23,,88117,15,,,0,1,,88116,25,,,0
