900600,'S2-0_4',905,,88975,30,4,,0,130,,88977,30,4,,0,165,,88978,30,4,,0,135,,88979,30,4,,0,120,,88980,30,4,,0,175,,88981,30,4,,0,170,,88982,30,4,,0,129,,88976,30,4,,0
900600,'S2-0_5',905,,88983,30,4,,0,130,,88985,30,4,,0,165,,88986,30,4,,0,135,,88987,30,4,,0,120,,88988,30,4,,0,175,,88989,30,4,,0,170,,88990,30,4,,0,129,,88984,30,4,,0
900600,'S2-1_3',905,,88991,30,4,,0,130,,88993,30,4,,0,165,,88994,30,4,,0,135,,88995,30,4,,0,120,,88996,30,4,,0,175,,88997,30,4,,0,170,,88998,30,4,,0,129,,88992,30,4,,0
900600,'S2-2_6',905,,88999,30,4,,0,130,,89001,30,4,,0,165,,89002,30,4,,0,135,,89003,30,4,,0,120,,89004,30,4,,0,175,,89005,30,4,,0,170,,89006,30,4,,0,129,,89000,30,4,,0
900600,'S2-4_1',905,,89007,30,4,,0,130,,89009,30,4,,0,165,,89010,30,4,,0,135,,89011,30,4,,0,120,,89012,30,4,,0,175,,89013,30,4,,0,170,,89014,30,4,,0,129,,89008,30,4,,0
900600,'S2-4_2',905,,89015,30,4,,0,130,,89017,30,4,,0,165,,89018,30,4,,0,135,,89019,30,4,,0,120,,89020,30,4,,0,175,,89021,30,4,,0,170,,89022,30,4,,0,129,,89016,30,4,,0
900600,'S2-4_4',905,,89023,30,4,,0,130,,89025,30,4,,0,165,,89026,30,4,,0,135,,89027,30,4,,0,120,,89028,30,4,,0,175,,89029,30,4,,0,170,,89030,30,4,,0,129,,89024,30,4,,0
900601,'S2-0_4',745,,89031,1,,,0,170,,89032,1,,,0,130,,89033,1,,,0,175,,89034,1,,,0,120,,89035,1,,,0,175,,89036,1,,,0,125,,89037,1,,,0,170,,89038,1,,,0
900601,'S2-0_5',745,,89039,1,,,0,170,,89040,1,,,0,130,,89041,1,,,0,175,,89042,1,,,0,120,,89043,1,,,0,175,,89044,1,,,0,125,,89045,1,,,0,170,,89046,1,,,0
900601,'S2-1_3',745,,89047,1,,,0,170,,89048,1,,,0,130,,89049,1,,,0,175,,89050,1,,,0,120,,89051,1,,,0,175,,89052,1,,,0,125,,89053,1,,,0,170,,89054,1,,,0
900601,'S2-2_6',745,,89055,1,,,0,170,,89056,1,,,0,130,,89057,1,,,0,175,,89058,1,,,0,120,,89059,1,,,0,175,,89060,1,,,0,125,,89061,1,,,0,170,,89062,1,,,0
900601,'S2-4_1',745,,89063,1,,,0,170,,89064,1,,,0,130,,89065,1,,,0,175,,89066,1,,,0,120,,89067,1,,,0,175,,89068,1,,,0,125,,89069,1,,,0,170,,89070,1,,,0
900601,'S2-4_2',745,,89071,1,,,0,170,,89072,1,,,0,130,,89073,1,,,0,175,,89074,1,,,0,120,,89075,1,,,0,175,,89076,1,,,0,125,,89077,1,,,0,170,,89078,1,,,0
900601,'S2-4_4',745,,89079,1,,,0,170,,89080,1,,,0,130,,89081,1,,,0,175,,89082,1,,,0,120,,89083,1,,,0,175,,89084,1,,,0,125,,89085,1,,,0,170,,89086,1,,,0
