400,'S2-0_4',923,,85675,6,0,40,0,303,,85696,6,0,40,0,124,,85684,6,0,40,0,104,,85685,6,0,40,0,165,,85686,6,0,40,0,119,,85688,6,0,40,0,164,,85691,6,0,40,0
400,'S2-0_5',923,,85709,6,0,40,0,303,,85730,6,0,40,0,124,,85718,6,0,40,0,104,,85719,6,0,40,0,165,,85720,6,0,40,0,119,,85722,6,0,40,0,164,,85725,6,0,40,0
400,'S2-1_3',923,,85743,6,0,40,0,303,,85763,6,0,40,0,124,,85752,6,0,40,0,104,,85753,6,0,40,0,165,,85754,6,0,40,0,119,,85756,6,0,40,0,164,,85759,6,0,40,0
400,'S2-2_6',825,,85771,6,0,40,0,198,,85772,6,0,40,0,200,,85773,6,0,40,0,201,,85774,6,0,40,0,202,,85775,6,0,40,0,209,,85776,6,0,40,0
400,'S2-3_7',806,,85795,6,0,40,0,125,,85796,6,0,40,0,125,,85797,6,0,40,0,200,,85798,6,0,40,0,165,,85799,6,0,40,0,125,,85800,6,0,40,0,166,,85801,6,0,40,0,125,,85802,6,0,40,0
400,'S2-4_1',923,,85808,6,0,40,0,303,,85829,6,0,40,0,124,,85817,6,0,40,0,104,,85818,6,0,40,0,165,,85819,6,0,40,0,119,,85821,6,0,40,0,164,,85824,6,0,40,0
400,'S2-4_2',923,,85842,6,0,40,0,303,,85863,6,0,40,0,124,,85851,6,0,40,0,104,,85852,6,0,40,0,165,,85853,6,0,40,0,119,,85855,6,0,40,0,164,,85858,6,0,40,0
400,'S2-4_4',923,,85876,6,0,40,0,303,,85897,6,0,40,0,124,,85885,6,0,40,0,104,,85886,6,0,40,0,165,,85887,6,0,40,0,119,,85889,6,0,40,0,164,,85892,6,0,40,0
2901200,'S2-0_4',642,,91492,6,,,0,104,,91491,6,,,0
2901200,'S2-0_5',642,,91494,6,,,0,104,,91493,6,,,0
2901200,'S2-1_3',642,,91496,6,,,0,104,,91495,6,,,0
2901200,'S2-4_1',642,,91498,6,,,0,104,,91497,6,,,0
2901200,'S2-4_2',642,,91500,6,,,0,104,,91499,6,,,0
2901200,'S2-4_4',642,,91502,6,,,0,104,,91501,6,,,0
