700,'S2-0_4',736,,86558,26,,,0,110,,86560,26,,,0,111,,86561,26,,,0,150,,86562,26,,,0,110,,86563,26,,,0,110,,86564,26,,,0,110,,86565,26,,,0,110,,86566,26,,,0,153,,86567,26,,,0,110,,86568,26,,,0,105,,86559,26,,,0
700,'S2-0_5',736,,86569,26,,,0,110,,86571,26,,,0,111,,86572,26,,,0,150,,86573,26,,,0,110,,86574,26,,,0,110,,86575,26,,,0,110,,86576,26,,,0,110,,86577,26,,,0,153,,86578,26,,,0,110,,86579,26,,,0,105,,86570,26,,,0
700,'S2-1_3',736,,86580,26,,,0,110,,86582,26,,,0,111,,86583,26,,,0,150,,86584,26,,,0,110,,86585,26,,,0,110,,86586,26,,,0,110,,86587,26,,,0,110,,86588,26,,,0,153,,86589,26,,,0,110,,86590,26,,,0,105,,86581,26,,,0
700,'S2-2_6',734,,86593,26,,,0,110,,86594,26,,,0,112,,86595,26,,,0,150,,86596,26,,,0,110,,86597,26,,,0,110,,86598,26,,,0,111,,86599,26,,,0,109,,86600,26,,,0,111,,86601,26,,,0,150,,86591,26,,,0,107,,86592,26,,,0
700,'S2-4_1',736,,86602,26,,,0,110,,86604,26,,,0,111,,86605,26,,,0,150,,86606,26,,,0,110,,86607,26,,,0,110,,86608,26,,,0,110,,86609,26,,,0,110,,86610,26,,,0,153,,86611,26,,,0,110,,86612,26,,,0,105,,86603,26,,,0
700,'S2-4_2',736,,86613,26,,,0,110,,86615,26,,,0,111,,86616,26,,,0,150,,86617,26,,,0,110,,86618,26,,,0,110,,86619,26,,,0,110,,86620,26,,,0,110,,86621,26,,,0,153,,86622,26,,,0,110,,86623,26,,,0,105,,86614,26,,,0
700,'S2-4_4',736,,86624,26,,,0,110,,86626,26,,,0,111,,86627,26,,,0,150,,86628,26,,,0,110,,86629,26,,,0,110,,86630,26,,,0,110,,86631,26,,,0,110,,86632,26,,,0,153,,86633,26,,,0,110,,86634,26,,,0,105,,86625,26,,,0
2400,'S2-0_4',746,,88119,22,,,0,868,,88120,17,,,0,104,,88121,17,,,0,94,,88122,17,,,0
2400,'S2-0_5',746,,88123,22,,,0,868,,88124,17,,,0,104,,88125,17,,,0,94,,88126,17,,,0
2400,'S2-1_3',746,,88127,22,,,0,490,,88128,17,,,0
2400,'S2-4_1',746,,88129,22,,,0,868,,88130,17,,,0,104,,88131,17,,,0,94,,88132,17,,,0
2400,'S2-4_2',746,,88133,22,,,0,868,,88134,17,,,0,104,,88135,17,,,0,94,,88136,17,,,0
2400,'S2-4_4',746,,88137,22,,,0,868,,88138,17,,,0,104,,88139,17,,,0,94,,88140,17,,,0
900500,'S2-4_4',2137,,88959,17,,,0,90,,88960,17,,,0,90,,88961,17,,,0,90,,88962,17,,,0,48,,88963,17,,,0
