400,'S2-0_4',915,,85675,1,0,40,0,304,,85696,1,0,40,0,124,,85684,1,0,40,0,104,,85685,1,0,40,0,165,,85686,1,0,40,0,119,,85688,1,0,40,0,124,,85691,1,0,40,0
400,'S2-0_5',915,,85709,1,0,40,0,304,,85730,1,0,40,0,124,,85718,1,0,40,0,104,,85719,1,0,40,0,165,,85720,1,0,40,0,119,,85722,1,0,40,0,124,,85725,1,0,40,0
400,'S2-1_3',915,,85743,1,0,40,0,304,,85763,1,0,40,0,124,,85752,1,0,40,0,104,,85753,1,0,40,0,165,,85754,1,0,40,0,119,,85756,1,0,40,0,124,,85759,1,0,40,0
400,'S2-2_6',818,,85771,1,0,40,0,196,,85772,1,0,40,0,202,,85773,1,0,40,0,201,,85774,1,0,40,0,202,,85775,1,0,40,0,209,,85776,1,0,40,0
400,'S2-3_7',800,,85795,1,0,40,0,125,,85796,1,0,40,0,125,,85797,1,0,40,0,200,,85798,1,0,40,0,165,,85799,1,0,40,0,125,,85800,1,0,40,0,165,,85801,1,0,40,0,125,,85802,1,0,40,0
400,'S2-4_1',915,,85808,1,0,40,0,304,,85829,1,0,40,0,124,,85817,1,0,40,0,104,,85818,1,0,40,0,165,,85819,1,0,40,0,119,,85821,1,0,40,0,124,,85824,1,0,40,0
400,'S2-4_2',915,,85842,1,0,40,0,304,,85863,1,0,40,0,124,,85851,1,0,40,0,104,,85852,1,0,40,0,165,,85853,1,0,40,0,119,,85855,1,0,40,0,124,,85858,1,0,40,0
400,'S2-4_4',915,,85876,1,0,40,0,304,,85897,1,0,40,0,124,,85885,1,0,40,0,104,,85886,1,0,40,0,165,,85887,1,0,40,0,119,,85889,1,0,40,0,124,,85892,1,0,40,0
2901200,'S2-0_4',633,,91492,1,,,0,104,,91491,1,,,0
2901200,'S2-0_5',633,,91494,1,,,0,104,,91493,1,,,0
2901200,'S2-1_3',633,,91496,1,,,0,104,,91495,1,,,0
2901200,'S2-4_1',633,,91498,1,,,0,104,,91497,1,,,0
2901200,'S2-4_2',633,,91500,1,,,0,104,,91499,1,,,0
2901200,'S2-4_4',633,,91502,1,,,0,104,,91501,1,,,0
