400,'S2-0_4',726,,85693,21,0,43,0,15,,85701,21,0,40,0,15,,85670,21,0,40,0,54,,85671,21,0,40,0,15,,85695,21,0,40,0,15,,85672,21,0,40,0,13,,85673,21,0,40,0,71,,85674,21,0,40,0,79,,85675,33,0,40,0,31,,85676,21,0,40,0,71,,85677,21,0,40,0,36,,85678,21,0,40,0,75,,85679,21,0,40,0,24,,85699,21,,,0,65,,85696,33,0,40,0,29,,85680,21,0,40,0,66,,85681,21,0,40,0,30,,85684,33,0,40,0,75,,85682,21,0,40,0,30,,85685,33,0,40,0,75,,85683,21,0,40,0,28,,85702,21,0,40,0,67,,85686,33,0,40,0,5,,85697,5,0,40,0,15,,85687,21,0,40,0,15,,85703,21,,,0,15,,85689,21,0,40,0,65,,85692,5,0,40,0,20,,85700,21,,,0,75,,85690,21,0,40,0,24,,85691,33,0,40,0
400,'S2-0_5',726,,85727,21,0,43,0,15,,85735,21,0,40,0,15,,85704,21,0,40,0,54,,85705,21,0,40,0,15,,85729,21,0,40,0,15,,85706,21,0,40,0,13,,85707,21,0,40,0,71,,85708,21,0,40,0,79,,85709,33,0,40,0,31,,85710,21,0,40,0,71,,85711,21,0,40,0,36,,85712,21,0,40,0,75,,85713,21,0,40,0,24,,85733,21,,,0,65,,85730,33,0,40,0,29,,85714,21,0,40,0,66,,85715,21,0,40,0,30,,85718,33,0,40,0,75,,85716,21,0,40,0,30,,85719,33,0,40,0,75,,85717,21,0,40,0,28,,85736,21,0,40,0,67,,85720,33,0,40,0,5,,85731,5,0,40,0,15,,85721,21,0,40,0,15,,85737,21,,,0,15,,85723,21,0,40,0,65,,85726,5,0,40,0,20,,85734,21,,,0,75,,85724,21,0,40,0,24,,85725,33,0,40,0
400,'S2-1_3',726,,85760,21,0,43,0,15,,85768,21,0,40,0,15,,85738,21,0,40,0,54,,85739,21,0,40,0,15,,85762,21,0,40,0,15,,85740,21,0,40,0,13,,85741,21,0,40,0,71,,85742,21,0,40,0,79,,85743,33,0,40,0,31,,85744,21,0,40,0,71,,85745,21,0,40,0,36,,85746,21,0,40,0,75,,85747,21,0,40,0,24,,85766,21,,,0,65,,85763,33,0,40,0,29,,85748,21,0,40,0,66,,85749,21,0,40,0,30,,85752,33,0,40,0,75,,85750,21,0,40,0,30,,85753,33,0,40,0,75,,85751,21,0,40,0,28,,85769,21,0,40,0,67,,85754,33,0,40,0,5,,85764,5,0,40,0,15,,85755,21,0,40,0,15,,85770,21,,,0,15,,85757,21,0,40,0,65,,85756,33,0,40,0,20,,85767,21,,,0,75,,85758,21,0,40,0,24,,85759,33,0,40,0
400,'S2-2_6',725,,85777,21,0,40,0,104,,85778,21,0,40,0,74,,85771,33,0,40,0,27,,85779,21,0,40,0,72,,85780,21,0,40,0,30,,85781,21,0,40,0,70,,85772,33,0,40,0,31,,85782,21,0,40,0,69,,85784,21,0,40,0,31,,85783,21,0,40,0,69,,85773,33,0,40,0,30,,85785,21,0,40,0,71,,85786,21,0,40,0,29,,85787,21,0,40,0,72,,85774,33,0,40,0,32,,85788,21,0,40,0,69,,85789,21,0,40,0,30,,85790,21,0,40,0,72,,85775,33,0,40,0,35,,85791,21,0,40,0,71,,85792,21,0,40,0,32,,85793,21,0,40,0,69,,85776,33,0,40,0,31,,85794,21,0,40,0
400,'S2-3_7',839,,85795,33,0,40,0,165,,85796,33,0,40,0,125,,85797,33,0,40,0,200,,85798,33,0,40,0,126,,85799,33,0,40,0,165,,85800,33,0,40,0,126,,85801,33,0,40,0,165,,85802,33,0,40,0
400,'S2-4_1',726,,85826,21,0,43,0,15,,85834,21,0,40,0,15,,85803,21,0,40,0,54,,85804,21,0,40,0,15,,85828,21,0,40,0,15,,85805,21,0,40,0,13,,85806,21,0,40,0,71,,85807,21,0,40,0,79,,85808,33,0,40,0,31,,85809,21,0,40,0,71,,85810,21,0,40,0,36,,85811,21,0,40,0,75,,85812,21,0,40,0,24,,85832,21,,,0,65,,85829,33,0,40,0,29,,85813,21,0,40,0,66,,85814,21,0,40,0,30,,85817,33,0,40,0,75,,85815,21,0,40,0,30,,85818,33,0,40,0,75,,85816,21,0,40,0,28,,85835,21,0,40,0,67,,85819,33,0,40,0,5,,85830,5,0,40,0,15,,85820,21,0,40,0,15,,85836,21,,,0,15,,85822,21,0,40,0,65,,85825,5,0,40,0,20,,85833,21,,,0,75,,85823,21,0,40,0,24,,85824,33,0,40,0
400,'S2-4_2',726,,85860,21,0,43,0,15,,85868,21,0,40,0,15,,85837,21,0,40,0,54,,85838,21,0,40,0,15,,85862,21,0,40,0,15,,85839,21,0,40,0,13,,85840,21,0,40,0,71,,85841,21,0,40,0,79,,85842,33,0,40,0,31,,85843,21,0,40,0,71,,85844,21,0,40,0,36,,85845,21,0,40,0,75,,85846,21,0,40,0,24,,85866,21,,,0,65,,85863,33,0,40,0,29,,85847,21,0,40,0,66,,85848,21,0,40,0,30,,85851,33,0,40,0,75,,85849,21,0,40,0,30,,85852,33,0,40,0,75,,85850,21,0,40,0,28,,85869,21,0,40,0,67,,85853,33,0,40,0,5,,85864,5,0,40,0,15,,85854,21,0,40,0,15,,85870,21,,,0,15,,85856,21,0,40,0,65,,85859,5,0,40,0,20,,85867,21,,,0,75,,85857,21,0,40,0,24,,85858,33,0,40,0
400,'S2-4_4',726,,85894,21,0,43,0,15,,85902,21,0,40,0,15,,85871,21,0,40,0,54,,85872,21,0,40,0,15,,85896,21,0,40,0,15,,85873,21,0,40,0,13,,85874,21,0,40,0,71,,85875,21,0,40,0,79,,85876,33,0,40,0,31,,85877,21,0,40,0,71,,85878,21,0,40,0,36,,85879,21,0,40,0,75,,85880,21,0,40,0,24,,85900,21,,,0,65,,85897,33,0,40,0,29,,85881,21,0,40,0,66,,85882,21,0,40,0,30,,85885,33,0,40,0,75,,85883,21,0,40,0,30,,85886,33,0,40,0,75,,85884,21,0,40,0,28,,85903,21,0,40,0,67,,85887,33,0,40,0,5,,85898,5,0,40,0,15,,85888,21,0,40,0,15,,85904,21,,,0,15,,85890,21,0,40,0,65,,85893,5,0,40,0,20,,85901,21,,,0,75,,85891,21,0,40,0,24,,85892,33,0,40,0
500,'S2-0_4',725,,86139,27,,,0,20,,86140,41,,,0,80,,86141,27,,,0,76,,86128,41,,,0,104,,86129,41,,,0,100,,86130,41,,,0,105,,86131,41,,,0,100,,86132,41,,,0,44,,86133,41,,,0,94,,86134,41,,,0,100,,86135,41,,,0,103,,86136,41,,,0,107,,86137,41,,,0,100,,86142,41,,,0,98,,86138,41,,,0
500,'S2-0_5',725,,86154,27,,,0,20,,86155,41,,,0,80,,86156,27,,,0,76,,86143,41,,,0,104,,86144,41,,,0,100,,86145,41,,,0,105,,86146,41,,,0,100,,86147,41,,,0,44,,86148,41,,,0,94,,86149,41,,,0,100,,86150,41,,,0,103,,86151,41,,,0,107,,86152,41,,,0,100,,86157,41,,,0,98,,86153,41,,,0
500,'S2-1_3',725,,86169,27,,,0,20,,86170,41,,,0,80,,86171,27,,,0,76,,86158,41,,,0,104,,86159,41,,,0,100,,86160,41,,,0,105,,86161,41,,,0,100,,86162,41,,,0,44,,86163,41,,,0,94,,86164,41,,,0,100,,86165,41,,,0,103,,86166,41,,,0,107,,86167,41,,,0,100,,86172,41,,,0,98,,86168,41,,,0
500,'S2-2_6',755,,86184,41,,,0,100,,86173,41,,,0,100,,86174,41,,,0,100,,86175,41,,,0,99,,86176,41,,,0,96,,86177,41,,,0,98,,86178,41,,,0,100,,86179,41,,,0,100,,86180,41,,,0,100,,86181,41,,,0,100,,86182,41,,,0,191,,86183,41,,,0
500,'S2-4_1',725,,86196,27,,,0,20,,86197,41,,,0,80,,86198,27,,,0,76,,86185,41,,,0,104,,86186,41,,,0,100,,86187,41,,,0,105,,86188,41,,,0,100,,86189,41,,,0,44,,86190,41,,,0,94,,86191,41,,,0,100,,86192,41,,,0,103,,86193,41,,,0,107,,86194,41,,,0,100,,86199,41,,,0,98,,86195,41,,,0
500,'S2-4_2',725,,86211,27,,,0,20,,86212,41,,,0,80,,86213,27,,,0,76,,86200,41,,,0,104,,86201,41,,,0,100,,86202,41,,,0,105,,86203,41,,,0,100,,86204,41,,,0,44,,86205,41,,,0,94,,86206,41,,,0,100,,86207,41,,,0,103,,86208,41,,,0,107,,86209,41,,,0,100,,86214,41,,,0,98,,86210,41,,,0
500,'S2-4_4',725,,86226,27,,,0,20,,86227,41,,,0,80,,86228,27,,,0,76,,86215,41,,,0,104,,86216,41,,,0,100,,86217,41,,,0,105,,86218,41,,,0,100,,86219,41,,,0,44,,86220,41,,,0,94,,86221,41,,,0,100,,86222,41,,,0,103,,86223,41,,,0,107,,86224,41,,,0,100,,86229,41,,,0,98,,86225,41,,,0
600,'S2-0_4',728,,86324,29,,,0,24,,86338,29,0,11 12,0,93,,86325,29,,,0,106,,86326,29,0,11 12,0,100,,86327,29,0,11 12,0,89,,86328,29,0,11 12,0,110,,86329,29,0,11 12,0,150,,86330,29,0,11 12,0,56,,86339,29,0,11 12,0,91,,86331,29,0,11 12,0,101,,86332,29,0,11 12,0,89,,86333,29,0,11 12,0,79,,86334,29,0,11 12,0,27,,86335,29,0,11 12,0,68,,86336,29,0,11 12,0,39,,86337,29,0,11 12,0
600,'S2-0_5',728,,86340,29,,,0,24,,86354,29,0,11 12,0,93,,86341,29,,,0,106,,86342,29,0,11 12,0,100,,86343,29,0,11 12,0,89,,86344,29,0,11 12,0,110,,86345,29,0,11 12,0,150,,86346,29,0,11 12,0,56,,86355,29,0,11 12,0,91,,86347,29,0,11 12,0,101,,86348,29,0,11 12,0,89,,86349,29,0,11 12,0,79,,86350,29,0,11 12,0,27,,86351,29,0,11 12,0,68,,86352,29,0,11 12,0,39,,86353,29,0,11 12,0
600,'S2-1_3',728,,86356,29,,,0,24,,86370,29,0,11 12,0,93,,86357,29,,,0,106,,86358,29,0,11 12,0,100,,86359,29,0,11 12,0,89,,86360,29,0,11 12,0,110,,86361,29,0,11 12,0,150,,86362,29,0,11 12,0,56,,86371,29,0,11 12,0,91,,86363,29,0,11 12,0,101,,86364,29,0,11 12,0,89,,86365,29,0,11 12,0,79,,86366,29,0,11 12,0,27,,86367,29,0,11 12,0,68,,86368,29,0,11 12,0,39,,86369,29,0,11 12,0
600,'S2-2_6',813,,86372,29,0,11 12,0,94,,86374,29,0,11 12,0,93,,86375,29,0,11 12,0,48,,86376,29,0,11 12,0,89,,86377,29,0,11 12,0,88,,86378,29,0,11 12,0,88,,86379,29,0,11 12,0,90,,86380,29,0,11 12,0,48,,86381,29,0,11 12,0,99,,86382,29,0,11 12,0,91,,86383,29,0,11 12,0,92,,86384,29,0,11 12,0,90,,86385,29,0,11 12,0,91,,86386,29,0,11 12,0,40,,86373,29,0,11 12,0
600,'S2-4_1',728,,86387,29,,,0,24,,86401,29,0,11 12,0,93,,86388,29,,,0,106,,86389,29,0,11 12,0,100,,86390,29,0,11 12,0,89,,86391,29,0,11 12,0,110,,86392,29,0,11 12,0,150,,86393,29,0,11 12,0,56,,86402,29,0,11 12,0,91,,86394,29,0,11 12,0,101,,86395,29,0,11 12,0,89,,86396,29,0,11 12,0,79,,86397,29,0,11 12,0,27,,86398,29,0,11 12,0,68,,86399,29,0,11 12,0,39,,86400,29,0,11 12,0
600,'S2-4_2',728,,86403,29,,,0,24,,86417,29,0,11 12,0,93,,86404,29,,,0,106,,86405,29,0,11 12,0,100,,86406,29,0,11 12,0,89,,86407,29,0,11 12,0,110,,86408,29,0,11 12,0,150,,86409,29,0,11 12,0,56,,86418,29,0,11 12,0,91,,86410,29,0,11 12,0,101,,86411,29,0,11 12,0,89,,86412,29,0,11 12,0,79,,86413,29,0,11 12,0,27,,86414,29,0,11 12,0,68,,86415,29,0,11 12,0,39,,86416,29,0,11 12,0
600,'S2-4_4',728,,86419,29,,,0,24,,86433,29,0,11 12,0,93,,86420,29,,,0,106,,86421,29,0,11 12,0,100,,86422,29,0,11 12,0,89,,86423,29,0,11 12,0,110,,86424,29,0,11 12,0,150,,86425,29,0,11 12,0,56,,86434,29,0,11 12,0,91,,86426,29,0,11 12,0,101,,86427,29,0,11 12,0,89,,86428,29,0,11 12,0,79,,86429,29,0,11 12,0,27,,86430,29,0,11 12,0,68,,86431,29,0,11 12,0,39,,86432,29,0,11 12,0
2500,'S2-0_4',734,,88157,5,,,0,72,,88158,5,,,0,40,,88159,5,,,0,112,,88160,5,,,0,152,,88161,5,,,0,131,,88162,5,,,0,116,,88163,5,,,0,156,,88164,5,,,0,44,,88165,5,,,0,85,,88166,5,,,0,109,,88167,5,,,0,85,,88168,5,,,0,112,,88169,5,,,0
2500,'S2-0_5',734,,88170,5,,,0,72,,88171,5,,,0,40,,88172,5,,,0,112,,88173,5,,,0,152,,88174,5,,,0,131,,88175,5,,,0,116,,88176,5,,,0,156,,88177,5,,,0,44,,88178,5,,,0,85,,88179,5,,,0,109,,88180,5,,,0,85,,88181,5,,,0,112,,88182,5,,,0
2500,'S2-1_3',734,,88183,5,,,0,72,,88184,5,,,0,40,,88185,5,,,0,112,,88186,5,,,0,152,,88187,5,,,0,131,,88188,5,,,0,116,,88189,5,,,0,156,,88190,5,,,0,44,,88191,5,,,0,85,,88192,5,,,0,109,,88193,5,,,0,85,,88194,5,,,0,112,,88195,5,,,0
2500,'S2-2_6',735,,88196,5,,,0,112,,88197,5,,,0,167,,88198,5,,,0,113,,88199,5,,,0,128,,88200,5,,,0,152,,88201,5,,,0,132,,88202,5,,,0,120,,88203,5,,,0,161,,88204,5,,,0,115,,88205,5,,,0
2500,'S2-4_1',734,,88206,5,,,0,72,,88207,5,,,0,40,,88208,5,,,0,112,,88209,5,,,0,152,,88210,5,,,0,131,,88211,5,,,0,116,,88212,5,,,0,156,,88213,5,,,0,44,,88214,5,,,0,85,,88215,5,,,0,109,,88216,5,,,0,85,,88217,5,,,0,112,,88218,5,,,0
2500,'S2-4_2',734,,88219,5,,,0,72,,88220,5,,,0,40,,88221,5,,,0,112,,88222,5,,,0,152,,88223,5,,,0,131,,88224,5,,,0,116,,88225,5,,,0,156,,88226,5,,,0,44,,88227,5,,,0,85,,88228,5,,,0,109,,88229,5,,,0,85,,88230,5,,,0,112,,88231,5,,,0
2500,'S2-4_4',734,,88232,5,,,0,72,,88233,5,,,0,40,,88234,5,,,0,112,,88235,5,,,0,152,,88236,5,,,0,131,,88237,5,,,0,116,,88238,5,,,0,156,,88239,5,,,0,44,,88240,5,,,0,85,,88241,5,,,0,109,,88242,5,,,0,85,,88243,5,,,0,112,,88244,5,,,0
2600,'S2-0_4',714,,88333,20,,,0,13,,88344,20,,,0,83,,88345,20,,,0,17,,88346,20,,,0,84,,88347,20,,,0,29,,88348,20,,,0,95,,88334,20,,,0,99,,88335,20,,,0,97,,88336,20,,,0,28,,88337,20,,,0,70,,88352,20,,,0,95,,88353,20,,,0,111,,88338,20,,,0,85,,88339,20,,,0,25,,88349,20,,,0,71,,88350,20,,,0,21,,88340,20,,,0,68,,88341,20,,,0,32,,88342,20,,,0,68,,88355,20,,,0
2600,'S2-0_5',714,,88357,20,,,0,13,,88368,20,,,0,83,,88369,20,,,0,17,,88370,20,,,0,84,,88371,20,,,0,29,,88372,20,,,0,95,,88358,20,,,0,99,,88359,20,,,0,97,,88360,20,,,0,28,,88361,20,,,0,70,,88376,20,,,0,95,,88377,20,,,0,111,,88362,20,,,0,85,,88363,20,,,0,25,,88373,20,,,0,71,,88374,20,,,0,21,,88364,20,,,0,68,,88365,20,,,0,32,,88366,20,,,0,68,,88379,20,,,0
2600,'S2-1_3',714,,88381,20,,,0,13,,88392,20,,,0,83,,88393,20,,,0,17,,88394,20,,,0,84,,88395,20,,,0,29,,88396,20,,,0,95,,88382,20,,,0,99,,88383,20,,,0,97,,88384,20,,,0,28,,88385,20,,,0,70,,88400,20,,,0,95,,88401,20,,,0,111,,88386,20,,,0,85,,88387,20,,,0,25,,88397,20,,,0,71,,88398,20,,,0,21,,88388,20,,,0,68,,88389,20,,,0,32,,88390,20,,,0,68,,88402,20,,,0
2600,'S2-2_6',735,,88404,20,,,0,85,,88405,20,,,0,85,,88406,20,,,0,45,,88407,20,,,0,84,,88408,20,,,0,90,,88409,20,,,0,84,,88410,20,,,0,42,,88411,20,,,0,85,,88412,20,,,0,85,,88413,20,,,0,83,,88414,20,,,0,45,,88415,20,,,0,90,,88416,20,,,0,86,,88417,20,,,0,83,,88418,20,,,0,45,,88419,20,,,0,82,,88420,20,,,0
2600,'S2-4_1',714,,88421,20,,,0,13,,88432,20,,,0,83,,88433,20,,,0,17,,88434,20,,,0,84,,88435,20,,,0,29,,88436,20,,,0,95,,88422,20,,,0,99,,88423,20,,,0,97,,88424,20,,,0,28,,88425,20,,,0,70,,88440,20,,,0,95,,88441,20,,,0,111,,88426,20,,,0,85,,88427,20,,,0,25,,88437,20,,,0,71,,88438,20,,,0,21,,88428,20,,,0,68,,88429,20,,,0,32,,88430,20,,,0,68,,88443,20,,,0
2600,'S2-4_2',714,,88445,20,,,0,13,,88456,20,,,0,83,,88457,20,,,0,17,,88458,20,,,0,84,,88459,20,,,0,29,,88460,20,,,0,95,,88446,20,,,0,99,,88447,20,,,0,97,,88448,20,,,0,28,,88449,20,,,0,70,,88464,20,,,0,95,,88465,20,,,0,111,,88450,20,,,0,85,,88451,20,,,0,25,,88461,20,,,0,71,,88462,20,,,0,21,,88452,20,,,0,68,,88453,20,,,0,32,,88454,20,,,0,68,,88467,20,,,0
2600,'S2-4_4',714,,88470,20,,,0,13,,88481,20,,,0,83,,88482,20,,,0,17,,88483,20,,,0,84,,88484,20,,,0,29,,88485,20,,,0,95,,88471,20,,,0,99,,88472,20,,,0,97,,88473,20,,,0,28,,88474,20,,,0,70,,88489,20,,,0,95,,88490,20,,,0,111,,88475,20,,,0,85,,88476,20,,,0,25,,88486,20,,,0,71,,88487,20,,,0,21,,88477,20,,,0,68,,88478,20,,,0,32,,88479,20,,,0,68,,88492,20,,,0
2000000,'S2-0_4',659,,90554,19,,,0,65,,90536,19,,,0,17,,90564,19,,,0,15,,90520,19,,,0,54,,90547,19,,,0,15,,90529,19,,,0,15,,90556,19,,,0,15,,90539,19,,,0,56,,90567,19,,,0,16,,90521,19,,,0,16,,90552,19,,,0,16,,90530,19,,,0,56,,90557,19,,,0,16,,90537,19,,,0,16,,90565,19,,,0,56,,90522,19,,,0,16,,90553,19,,,0,15,,90531,19,,,0,16,,90558,19,,,0,56,,90538,19,,,0,15,,90568,19,,,0,17,,90523,19,,,0,12,,90546,19,,,0,56,,90532,19,,,0,15,,90555,19,,,0,15,,90540,19,,,0,15,,90566,19,,,0,55,,90525,19,,,0,15,,90548,19,,,0,15,,90535,19,,,0,15,,90560,19,,,0,55,,90541,19,,,0,15,,90569,19,,,0,15,,90526,19,,,0,15,,90549,19,,,0,56,,90534,19,,,0,15,,90559,19,,,0,15,,90542,19,,,0,16,,90518,19,,,0,56,,90570,19,,,0,18,,90524,19,,,0,14,,90551,19,,,0,16,,90533,19,,,0,55,,90561,19,,,0,15,,90544,19,,,0,13,,90519,19,,,0,13,,90571,19,,,0,54,,90527,19,,,0,14,,90550,19,,,0,13,,90562,19,,,0,19,,90543,19,,,0,61,,90572,19,,,0,20,,90528,19,,,0,19,,90563,19,,,0,60,,90545,19,,,0
2000000,'S2-0_5',659,,90613,19,,,0,65,,90595,19,,,0,17,,90623,19,,,0,15,,90579,19,,,0,54,,90606,19,,,0,15,,90588,19,,,0,15,,90615,19,,,0,15,,90598,19,,,0,56,,90626,19,,,0,16,,90580,19,,,0,16,,90611,19,,,0,16,,90589,19,,,0,56,,90616,19,,,0,16,,90596,19,,,0,16,,90624,19,,,0,56,,90581,19,,,0,16,,90612,19,,,0,15,,90590,19,,,0,16,,90617,19,,,0,56,,90597,19,,,0,15,,90627,19,,,0,17,,90582,19,,,0,12,,90605,19,,,0,56,,90591,19,,,0,15,,90614,19,,,0,15,,90599,19,,,0,15,,90625,19,,,0,55,,90584,19,,,0,15,,90607,19,,,0,15,,90594,19,,,0,15,,90619,19,,,0,55,,90600,19,,,0,15,,90628,19,,,0,15,,90585,19,,,0,15,,90608,19,,,0,56,,90593,19,,,0,15,,90618,19,,,0,15,,90601,19,,,0,16,,90577,19,,,0,56,,90629,19,,,0,18,,90583,19,,,0,14,,90610,19,,,0,16,,90592,19,,,0,55,,90620,19,,,0,15,,90603,19,,,0,13,,90578,19,,,0,13,,90630,19,,,0,54,,90586,19,,,0,14,,90609,19,,,0,13,,90621,19,,,0,19,,90602,19,,,0,61,,90631,19,,,0,20,,90587,19,,,0,19,,90622,19,,,0,60,,90604,19,,,0
2000000,'S2-1_3',659,,90671,19,,,0,65,,90653,19,,,0,17,,90681,19,,,0,15,,90637,19,,,0,54,,90664,19,,,0,15,,90646,19,,,0,15,,90673,19,,,0,15,,90656,19,,,0,56,,90684,19,,,0,16,,90638,19,,,0,16,,90669,19,,,0,16,,90647,19,,,0,56,,90674,19,,,0,16,,90654,19,,,0,16,,90682,19,,,0,56,,90639,19,,,0,16,,90670,19,,,0,15,,90648,19,,,0,16,,90675,19,,,0,56,,90655,19,,,0,15,,90685,19,,,0,17,,90640,19,,,0,12,,90663,19,,,0,56,,90649,19,,,0,15,,90672,19,,,0,15,,90657,19,,,0,15,,90683,19,,,0,55,,90642,19,,,0,15,,90665,19,,,0,15,,90652,19,,,0,15,,90677,19,,,0,55,,90658,19,,,0,15,,90686,19,,,0,15,,90643,19,,,0,15,,90666,19,,,0,56,,90651,19,,,0,15,,90676,19,,,0,15,,90659,19,,,0,16,,90635,19,,,0,56,,90687,19,,,0,18,,90641,19,,,0,14,,90668,19,,,0,16,,90650,19,,,0,55,,90678,19,,,0,15,,90661,19,,,0,13,,90636,19,,,0,13,,90688,19,,,0,54,,90644,19,,,0,14,,90667,19,,,0,13,,90679,19,,,0,19,,90660,19,,,0,61,,90689,19,,,0,20,,90645,19,,,0,19,,90680,19,,,0,60,,90662,19,,,0
2000000,'S2-2_6',656,,90691,19,,,0,82,,90692,19,,,0,79,,90693,19,,,0,30,,90694,19,,,0,60,,90695,19,,,0,20,,90696,19,,,0,19,,90697,19,,,0,58,,90698,19,,,0,20,,90699,19,,,0,20,,90700,19,,,0,58,,90701,19,,,0,19,,90702,19,,,0,19,,90703,19,,,0,60,,90704,19,,,0,18,,90705,19,,,0,19,,90706,19,,,0,18,,90707,19,,,0,59,,90708,19,,,0,19,,90709,19,,,0,19,,90710,19,,,0,58,,90711,19,,,0,19,,90712,19,,,0,20,,90713,19,,,0,60,,90714,19,,,0,19,,90715,19,,,0,19,,90716,19,,,0,60,,90717,19,,,0,20,,90718,19,,,0,20,,90719,19,,,0,60,,90720,19,,,0,19,,90721,19,,,0,20,,90722,19,,,0,60,,90723,19,,,0,20,,90724,19,,,0,18,,90725,19,,,0,60,,90726,19,,,0,24,,90727,19,,,0,24,,90728,19,,,0,64,,90729,19,,,0,24,,90730,19,,,0,65,,90731,19,,,0
2000000,'S2-3_7',833,,90732,19,,,0,80,,90733,19,,,0,40,,90734,19,,,0,80,,90735,19,,,0,80,,90736,19,,,0,40,,90737,19,,,0,80,,90738,19,,,0,80,,90739,19,,,0,40,,90740,19,,,0,80,,90741,19,,,0,80,,90742,19,,,0,40,,90743,19,,,0,80,,90744,19,,,0,80,,90745,19,,,0,40,,90746,19,,,0,80,,90747,19,,,0,80,,90748,19,,,0,40,,90749,19,,,0
2000000,'S2-4_1',659,,90789,19,,,0,65,,90771,19,,,0,17,,90799,19,,,0,15,,90755,19,,,0,54,,90782,19,,,0,15,,90764,19,,,0,15,,90791,19,,,0,15,,90774,19,,,0,56,,90802,19,,,0,16,,90756,19,,,0,16,,90787,19,,,0,16,,90765,19,,,0,56,,90792,19,,,0,16,,90772,19,,,0,16,,90800,19,,,0,56,,90757,19,,,0,16,,90788,19,,,0,15,,90766,19,,,0,16,,90793,19,,,0,56,,90773,19,,,0,15,,90803,19,,,0,17,,90758,19,,,0,12,,90781,19,,,0,56,,90767,19,,,0,15,,90790,19,,,0,15,,90775,19,,,0,15,,90801,19,,,0,55,,90760,19,,,0,15,,90783,19,,,0,15,,90770,19,,,0,15,,90795,19,,,0,55,,90776,19,,,0,15,,90804,19,,,0,15,,90761,19,,,0,15,,90784,19,,,0,56,,90769,19,,,0,15,,90794,19,,,0,15,,90777,19,,,0,16,,90753,19,,,0,56,,90805,19,,,0,18,,90759,19,,,0,14,,90786,19,,,0,16,,90768,19,,,0,55,,90796,19,,,0,15,,90779,19,,,0,13,,90754,19,,,0,13,,90806,19,,,0,54,,90762,19,,,0,14,,90785,19,,,0,13,,90797,19,,,0,19,,90778,19,,,0,61,,90807,19,,,0,20,,90763,19,,,0,19,,90798,19,,,0,60,,90780,19,,,0
2000000,'S2-4_2',659,,90848,19,,,0,65,,90830,19,,,0,17,,90858,19,,,0,15,,90814,19,,,0,54,,90841,19,,,0,15,,90823,19,,,0,15,,90850,19,,,0,15,,90833,19,,,0,56,,90861,19,,,0,16,,90815,19,,,0,16,,90846,19,,,0,16,,90824,19,,,0,56,,90851,19,,,0,16,,90831,19,,,0,16,,90859,19,,,0,56,,90816,19,,,0,16,,90847,19,,,0,15,,90825,19,,,0,16,,90852,19,,,0,56,,90832,19,,,0,15,,90862,19,,,0,17,,90817,19,,,0,12,,90840,19,,,0,56,,90826,19,,,0,15,,90849,19,,,0,15,,90834,19,,,0,15,,90860,19,,,0,55,,90819,19,,,0,15,,90842,19,,,0,15,,90829,19,,,0,15,,90854,19,,,0,55,,90835,19,,,0,15,,90863,19,,,0,15,,90820,19,,,0,15,,90843,19,,,0,56,,90828,19,,,0,15,,90853,19,,,0,15,,90836,19,,,0,16,,90812,19,,,0,56,,90864,19,,,0,18,,90818,19,,,0,14,,90845,19,,,0,16,,90827,19,,,0,55,,90855,19,,,0,15,,90838,19,,,0,13,,90813,19,,,0,13,,90865,19,,,0,54,,90821,19,,,0,14,,90844,19,,,0,13,,90856,19,,,0,19,,90837,19,,,0,61,,90866,19,,,0,20,,90822,19,,,0,19,,90857,19,,,0,60,,90839,19,,,0
2000000,'S2-4_4',659,,90907,19,,,0,65,,90889,19,,,0,17,,90917,19,,,0,15,,90873,19,,,0,54,,90900,19,,,0,15,,90882,19,,,0,15,,90909,19,,,0,15,,90892,19,,,0,56,,90920,19,,,0,16,,90874,19,,,0,16,,90905,19,,,0,16,,90883,19,,,0,56,,90910,19,,,0,16,,90890,19,,,0,16,,90918,19,,,0,56,,90875,19,,,0,16,,90906,19,,,0,15,,90884,19,,,0,16,,90911,19,,,0,56,,90891,19,,,0,15,,90921,19,,,0,17,,90876,19,,,0,12,,90899,19,,,0,56,,90885,19,,,0,15,,90908,19,,,0,15,,90893,19,,,0,15,,90919,19,,,0,55,,90878,19,,,0,15,,90901,19,,,0,15,,90888,19,,,0,15,,90913,19,,,0,55,,90894,19,,,0,15,,90922,19,,,0,15,,90879,19,,,0,15,,90902,19,,,0,56,,90887,19,,,0,15,,90912,19,,,0,15,,90895,19,,,0,16,,90871,19,,,0,56,,90923,19,,,0,18,,90877,19,,,0,14,,90904,19,,,0,16,,90886,19,,,0,55,,90914,19,,,0,15,,90897,19,,,0,13,,90872,19,,,0,13,,90924,19,,,0,54,,90880,19,,,0,14,,90903,19,,,0,13,,90915,19,,,0,19,,90896,19,,,0,61,,90925,19,,,0,20,,90881,19,,,0,19,,90916,19,,,0,60,,90898,19,,,0
3000000,'S2-0_4',644,,91563,15,,,0,59,,91562,15,,,0,23,,91522,15,,,0,20,,91523,15,,,0,60,,91524,15,,,0,19,,91525,15,,,0,20,,91526,15,,,0,62,,91527,15,,,0,20,,91528,15,,,0,20,,91529,15,,,0,60,,91530,15,,,0,19,,91531,15,,,0,21,,91532,15,,,0,60,,91533,15,,,0,20,,91534,15,,,0,20,,91535,15,,,0,60,,91536,15,,,0,21,,91537,15,,,0,20,,91538,15,,,0,59,,91539,15,,,0,20,,91540,15,,,0,19,,91541,15,,,0,60,,91542,15,,,0,21,,91543,15,,,0,20,,91544,15,,,0,60,,91545,15,,,0,20,,91546,15,,,0,19,,91547,15,,,0,59,,91548,15,,,0,17,,91549,15,,,0,19,,91550,15,,,0,18,,91551,15,,,0,61,,91552,15,,,0,21,,91553,15,,,0,61,,91554,15,,,0,21,,91555,15,,,0,21,,91556,15,,,0,60,,91557,15,,,0,20,,91558,15,,,0,28,,91559,15,,,0,73,,91560,15,,,0,32,,91561,15,,,0
3000000,'S2-0_5',644,,91609,15,,,0,59,,91608,15,,,0,23,,91568,15,,,0,20,,91569,15,,,0,60,,91570,15,,,0,19,,91571,15,,,0,20,,91572,15,,,0,62,,91573,15,,,0,20,,91574,15,,,0,20,,91575,15,,,0,60,,91576,15,,,0,19,,91577,15,,,0,21,,91578,15,,,0,60,,91579,15,,,0,20,,91580,15,,,0,20,,91581,15,,,0,60,,91582,15,,,0,21,,91583,15,,,0,20,,91584,15,,,0,59,,91585,15,,,0,20,,91586,15,,,0,19,,91587,15,,,0,60,,91588,15,,,0,21,,91589,15,,,0,20,,91590,15,,,0,60,,91591,15,,,0,20,,91592,15,,,0,19,,91593,15,,,0,59,,91594,15,,,0,17,,91595,15,,,0,19,,91596,15,,,0,18,,91597,15,,,0,61,,91598,15,,,0,21,,91599,15,,,0,61,,91600,15,,,0,21,,91601,15,,,0,21,,91602,15,,,0,60,,91603,15,,,0,20,,91604,15,,,0,28,,91605,15,,,0,73,,91606,15,,,0,32,,91607,15,,,0
3000000,'S2-1_3',644,,91655,15,,,0,59,,91654,15,,,0,23,,91614,15,,,0,20,,91615,15,,,0,60,,91616,15,,,0,19,,91617,15,,,0,20,,91618,15,,,0,62,,91619,15,,,0,20,,91620,15,,,0,20,,91621,15,,,0,60,,91622,15,,,0,19,,91623,15,,,0,21,,91624,15,,,0,60,,91625,15,,,0,20,,91626,15,,,0,20,,91627,15,,,0,60,,91628,15,,,0,21,,91629,15,,,0,20,,91630,15,,,0,59,,91631,15,,,0,20,,91632,15,,,0,19,,91633,15,,,0,60,,91634,15,,,0,21,,91635,15,,,0,20,,91636,15,,,0,60,,91637,15,,,0,20,,91638,15,,,0,19,,91639,15,,,0,59,,91640,15,,,0,17,,91641,15,,,0,19,,91642,15,,,0,18,,91643,15,,,0,61,,91644,15,,,0,21,,91645,15,,,0,61,,91646,15,,,0,21,,91647,15,,,0,21,,91648,15,,,0,60,,91649,15,,,0,20,,91650,15,,,0,28,,91651,15,,,0,73,,91652,15,,,0,32,,91653,15,,,0
3000000,'S2-2_6',648,,91660,15,,,0,82,,91661,15,,,0,81,,91662,15,,,0,30,,91663,15,,,0,60,,91664,15,,,0,20,,91665,15,,,0,21,,91666,15,,,0,60,,91667,15,,,0,20,,91668,15,,,0,20,,91669,15,,,0,60,,91670,15,,,0,19,,91671,15,,,0,20,,91672,15,,,0,60,,91673,15,,,0,20,,91674,15,,,0,19,,91675,15,,,0,60,,91676,15,,,0,20,,91677,15,,,0,20,,91678,15,,,0,60,,91679,15,,,0,21,,91680,15,,,0,20,,91681,15,,,0,60,,91682,15,,,0,20,,91683,15,,,0,20,,91684,15,,,0,60,,91685,15,,,0,20,,91686,15,,,0,20,,91687,15,,,0,60,,91688,15,,,0,20,,91689,15,,,0,20,,91690,15,,,0,60,,91691,15,,,0,19,,91692,15,,,0,20,,91693,15,,,0,19,,91694,15,,,0,70,,91695,15,,,0,30,,91696,15,,,0,69,,91697,15,,,0,29,,91698,15,,,0
3000000,'S2-3_7',809,,91700,15,,,0,130,,91701,15,,,0,170,,91708,15,,,0,130,,91707,15,,,0,170,,91706,15,,,0,130,,91704,15,,,0,170,,91705,15,,,0,129,,91703,15,,,0,170,,91702,15,,,0
3000000,'S2-4_1',644,,91755,15,,,0,59,,91754,15,,,0,23,,91714,15,,,0,20,,91715,15,,,0,60,,91716,15,,,0,19,,91717,15,,,0,20,,91718,15,,,0,62,,91719,15,,,0,20,,91720,15,,,0,20,,91721,15,,,0,60,,91722,15,,,0,19,,91723,15,,,0,21,,91724,15,,,0,60,,91725,15,,,0,20,,91726,15,,,0,20,,91727,15,,,0,60,,91728,15,,,0,21,,91729,15,,,0,20,,91730,15,,,0,59,,91731,15,,,0,20,,91732,15,,,0,19,,91733,15,,,0,60,,91734,15,,,0,21,,91735,15,,,0,20,,91736,15,,,0,60,,91737,15,,,0,20,,91738,15,,,0,19,,91739,15,,,0,59,,91740,15,,,0,17,,91741,15,,,0,19,,91742,15,,,0,18,,91743,15,,,0,61,,91744,15,,,0,21,,91745,15,,,0,61,,91746,15,,,0,21,,91747,15,,,0,21,,91748,15,,,0,60,,91749,15,,,0,20,,91750,15,,,0,28,,91751,15,,,0,73,,91752,15,,,0,32,,91753,15,,,0
3000000,'S2-4_2',644,,91801,15,,,0,59,,91800,15,,,0,23,,91760,15,,,0,20,,91761,15,,,0,60,,91762,15,,,0,19,,91763,15,,,0,20,,91764,15,,,0,62,,91765,15,,,0,20,,91766,15,,,0,20,,91767,15,,,0,60,,91768,15,,,0,19,,91769,15,,,0,21,,91770,15,,,0,60,,91771,15,,,0,20,,91772,15,,,0,20,,91773,15,,,0,60,,91774,15,,,0,21,,91775,15,,,0,20,,91776,15,,,0,59,,91777,15,,,0,20,,91778,15,,,0,19,,91779,15,,,0,60,,91780,15,,,0,21,,91781,15,,,0,20,,91782,15,,,0,60,,91783,15,,,0,20,,91784,15,,,0,19,,91785,15,,,0,59,,91786,15,,,0,17,,91787,15,,,0,19,,91788,15,,,0,18,,91789,15,,,0,61,,91790,15,,,0,21,,91791,15,,,0,61,,91792,15,,,0,21,,91793,15,,,0,21,,91794,15,,,0,60,,91795,15,,,0,20,,91796,15,,,0,28,,91797,15,,,0,73,,91798,15,,,0,32,,91799,15,,,0
3000000,'S2-4_4',644,,91847,15,,,0,59,,91846,15,,,0,23,,91806,15,,,0,20,,91807,15,,,0,60,,91808,15,,,0,19,,91809,15,,,0,20,,91810,15,,,0,62,,91811,15,,,0,20,,91812,15,,,0,20,,91813,15,,,0,60,,91814,15,,,0,19,,91815,15,,,0,21,,91816,15,,,0,60,,91817,15,,,0,20,,91818,15,,,0,20,,91819,15,,,0,60,,91820,15,,,0,21,,91821,15,,,0,20,,91822,15,,,0,59,,91823,15,,,0,20,,91824,15,,,0,19,,91825,15,,,0,60,,91826,15,,,0,21,,91827,15,,,0,20,,91828,15,,,0,60,,91829,15,,,0,20,,91830,15,,,0,19,,91831,15,,,0,59,,91832,15,,,0,17,,91833,15,,,0,19,,91834,15,,,0,18,,91835,15,,,0,61,,91836,15,,,0,21,,91837,15,,,0,61,,91838,15,,,0,21,,91839,15,,,0,21,,91840,15,,,0,60,,91841,15,,,0,20,,91842,15,,,0,28,,91843,15,,,0,73,,91844,15,,,0,32,,91845,15,,,0
