401,'S2-0_4',709,,85936,24,0,52,0,11,,85906,26,0,41,0,15,,85923,28,0,41,0,16,,85907,26,0,41,0,56,,85930,28,,,0,24,,85908,26,0,41,0,11,,85909,26,0,41,0,79,,85910,26,0,41,0,33,,85911,26,0,41,0,73,,85912,26,0,41,0,75,,85932,26,,,0,30,,85913,26,0,41,0,69,,85914,26,0,41,0,21,,85931,28,,,0,29,,85927,29,0,41,0,72,,85933,26,,,0,33,,85905,29,0,41,0,77,,85915,26,0,41,0,68,,85934,26,,,0,31,,85916,26,0,41,0,25,,85917,26,0,41,0,58,,85918,28,0,41,0,14,,85928,29,0,41,0,21,,85924,26,0,41,0,55,,85919,26,0,41,0,14,,85925,28,0,41,0,11,,85929,29,,,0,72,,85920,26,0,41,0,25,,85926,28,0,41,0,77,,85921,26,0,41,0,20,,85935,26,,,0
401,'S2-0_5',709,,85968,24,0,52,0,11,,85938,26,0,41,0,15,,85955,28,0,41,0,16,,85939,26,0,41,0,56,,85962,28,,,0,24,,85940,26,0,41,0,11,,85941,26,0,41,0,79,,85942,26,0,41,0,33,,85943,26,0,41,0,73,,85944,26,0,41,0,75,,85964,26,,,0,30,,85945,26,0,41,0,69,,85946,26,0,41,0,21,,85963,28,,,0,29,,85959,29,0,41,0,72,,85965,26,,,0,33,,85937,29,0,41,0,77,,85947,26,0,41,0,68,,85966,26,,,0,31,,85948,26,0,41,0,25,,85949,26,0,41,0,58,,85950,28,0,41,0,14,,85960,29,0,41,0,21,,85956,26,0,41,0,55,,85951,26,0,41,0,14,,85957,28,0,41,0,11,,85961,29,,,0,72,,85952,26,0,41,0,25,,85958,28,0,41,0,77,,85953,26,0,41,0,20,,85967,26,,,0
401,'S2-1_3',709,,86000,24,0,52,0,11,,85970,26,0,41,0,15,,85987,28,0,41,0,16,,85971,26,0,41,0,56,,85994,28,,,0,24,,85972,26,0,41,0,11,,85973,26,0,41,0,79,,85974,26,0,41,0,33,,85975,26,0,41,0,73,,85976,26,0,41,0,75,,85996,26,,,0,30,,85977,26,0,41,0,69,,85978,26,0,41,0,21,,85995,28,,,0,29,,85991,29,0,41,0,72,,85997,26,,,0,33,,85969,29,0,41,0,77,,85979,26,0,41,0,68,,85998,26,,,0,31,,85980,26,0,41,0,25,,85981,26,0,41,0,58,,85982,28,0,41,0,14,,85992,29,0,41,0,21,,85988,26,0,41,0,55,,85983,26,0,41,0,14,,85989,28,0,41,0,11,,85993,29,,,0,72,,85984,26,0,41,0,25,,85990,28,0,41,0,77,,85985,26,0,41,0,20,,85999,26,,,0
401,'S2-2_6',708,,86001,26,,,0,116,,86008,26,0,41,0,33,,86002,26,,,0,68,,86009,26,0,41,0,32,,86010,26,0,41,0,68,,86011,26,0,41,0,32,,86003,26,,,0,69,,86012,26,0,41,0,32,,86013,26,0,41,0,70,,86014,26,0,41,0,30,,86004,26,,,0,69,,86015,26,0,41,0,29,,86016,26,0,41,0,71,,86017,26,0,41,0,31,,86005,26,,,0,68,,86018,26,0,41,0,33,,86019,26,0,41,0,73,,86020,26,0,41,0,71,,86006,26,,,0,32,,86021,26,0,41,0,72,,86022,26,0,41,0,31,,86023,26,0,41,0,71,,86024,26,0,41,0,30,,86007,26,,,0
401,'S2-3_7',943,,86025,26,,,0,165,,86026,26,,,0,125,,86027,26,,,0,201,,86028,26,,,0,125,,86029,26,,,0,165,,86030,26,,,0,125,,86031,26,,,0
401,'S2-4_1',709,,86063,24,0,52,0,11,,86033,26,0,41,0,15,,86050,28,0,41,0,16,,86034,26,0,41,0,56,,86057,28,,,0,24,,86035,26,0,41,0,11,,86036,26,0,41,0,79,,86037,26,0,41,0,33,,86038,26,0,41,0,73,,86039,26,0,41,0,75,,86059,26,,,0,30,,86040,26,0,41,0,69,,86041,26,0,41,0,21,,86058,28,,,0,29,,86054,29,0,41,0,72,,86060,26,,,0,33,,86032,29,0,41,0,77,,86042,26,0,41,0,68,,86061,26,,,0,31,,86043,26,0,41,0,25,,86044,26,0,41,0,58,,86045,28,0,41,0,14,,86055,29,0,41,0,21,,86051,26,0,41,0,55,,86046,26,0,41,0,14,,86052,28,0,41,0,11,,86056,29,,,0,72,,86047,26,0,41,0,25,,86053,28,0,41,0,77,,86048,26,0,41,0,20,,86062,26,,,0
401,'S2-4_2',709,,86095,24,0,52,0,11,,86065,26,0,41,0,15,,86082,28,0,41,0,16,,86066,26,0,41,0,56,,86089,28,,,0,24,,86067,26,0,41,0,11,,86068,26,0,41,0,79,,86069,26,0,41,0,33,,86070,26,0,41,0,73,,86071,26,0,41,0,75,,86091,26,,,0,30,,86072,26,0,41,0,69,,86073,26,0,41,0,21,,86090,28,,,0,29,,86086,29,0,41,0,72,,86092,26,,,0,33,,86064,29,0,41,0,77,,86074,26,0,41,0,68,,86093,26,,,0,31,,86075,26,0,41,0,25,,86076,26,0,41,0,58,,86077,28,0,41,0,14,,86087,29,0,41,0,21,,86083,26,0,41,0,55,,86078,26,0,41,0,14,,86084,28,0,41,0,11,,86088,29,,,0,72,,86079,26,0,41,0,25,,86085,28,0,41,0,77,,86080,26,0,41,0,20,,86094,26,,,0
401,'S2-4_4',709,,86127,24,0,52,0,11,,86097,26,0,41,0,15,,86114,28,0,41,0,16,,86098,26,0,41,0,56,,86121,28,,,0,24,,86099,26,0,41,0,11,,86100,26,0,41,0,79,,86101,26,0,41,0,33,,86102,26,0,41,0,73,,86103,26,0,41,0,75,,86123,26,,,0,30,,86104,26,0,41,0,69,,86105,26,0,41,0,21,,86122,28,,,0,29,,86118,29,0,41,0,72,,86124,26,,,0,33,,86096,29,0,41,0,77,,86106,26,0,41,0,68,,86125,26,,,0,31,,86107,26,0,41,0,25,,86108,26,0,41,0,58,,86109,28,0,41,0,14,,86119,29,0,41,0,21,,86115,26,0,41,0,55,,86110,26,0,41,0,14,,86116,28,0,41,0,11,,86120,29,,,0,72,,86111,26,0,41,0,25,,86117,28,0,41,0,77,,86112,26,0,41,0,20,,86126,26,,,0
2301,'S2-0_4',709,,88103,19,,,0,23,,88102,19,,,0,1,,88101,29,,,0
2301,'S2-0_5',709,,88106,19,,,0,23,,88105,19,,,0,1,,88104,29,,,0
2301,'S2-1_3',709,,88109,19,,,0,23,,88108,19,,,0,1,,88107,29,,,0
2301,'S2-4_1',709,,88112,19,,,0,23,,88111,19,,,0,1,,88110,29,,,0
2301,'S2-4_2',709,,88115,19,,,0,23,,88114,19,,,0,1,,88113,29,,,0
2301,'S2-4_4',709,,88118,19,,,0,23,,88117,19,,,0,1,,88116,29,,,0
