2401,'S2-0_4',1620,,88142,4,,,0,104,,88143,4,,,0
2401,'S2-0_5',1620,,88145,4,,,0,104,,88146,4,,,0
2401,'S2-4_1',1620,,88149,4,,,0,104,,88150,4,,,0
2401,'S2-4_2',1620,,88152,4,,,0,104,,88153,4,,,0
2401,'S2-4_4',1620,,88155,4,,,0,104,,88156,4,,,0
1000001,'S2-0_4',534,,89913,4,,,0,20,,89914,4,,,0,59,,89915,4,,,0,20,,89916,4,,,0,20,,89917,4,,,0,49,,89997,4,,,0,9,,89998,4,,,0,9,,89948,10,,,0,9,,89949,10,,,0,9,,89950,10,,,0,11,,89951,10,,,0,10,,89952,10,,,0,50,,89953,10,,,0,10,,89954,10,,,0,11,,89955,10,,,0,10,,89956,10,,,0,10,,89957,10,,,0,51,,89958,10,,,0,11,,89959,10,,,0,11,,89918,4,,,0,11,,89919,10,,,0,10,,89920,4,,,0,10,,89921,10,,,0,51,,89922,4,,,0,11,,89960,10,,,0,11,,89923,4,,,0,10,,89924,10,,,0,10,,89925,4,,,0,11,,89926,10,,,0,50,,89927,4,,,0,11,,89961,10,,,0,11,,89928,4,,,0,11,,89929,10,,,0,9,,89930,4,,,0,8,,89931,10,,,0,49,,89962,4,,,0,11,,89963,10,,,0,11,,89964,4,,,0,11,,89965,10,,,0,10,,89966,4,,,0,50,,89967,10,,,0,10,,89968,4,,,0,8,,89969,10,,,0,10,,89970,4,,,0,10,,89971,10,,,0,10,,89972,4,,,0,10,,89973,10,,,0,50,,89974,4,,,0,10,,89932,10,,,0,10,,89933,4,,,0,9,,89975,10,,,0,10,,89934,4,,,0,9,,89935,10,,,0,51,,89936,4,,,0,11,,89976,10,,,0,11,,89937,4,,,0,11,,89938,10,,,0,10,,89939,4,,,0,50,,89940,10,,,0,8,,89941,10,,,0,10,,89977,10,,,0,10,,89978,10,,,0,9,,89979,10,,,0,10,,89980,10,,,0,9,,89981,10,,,0,48,,89982,10,,,0,10,,89983,10,,,0,12,,89984,10,,,0,11,,89985,10,,,0,12,,89986,10,,,0,10,,89987,10,,,0,50,,89988,10,,,0,10,,89989,10,,,0,11,,89990,10,,,0,10,,89991,10,,,0,10,,89992,4,,,0,50,,89993,10,,,0,10,,89994,4,,,0,13,,89996,10,,,0,19,,89995,10,,,0,60,,89942,4,,,0,21,,89943,4,,,0,20,,89944,4,,,0,61,,89945,4,,,0,20,,89946,4,,,0,20,,89947,4,,,0
1000001,'S2-0_5',534,,89999,4,,,0,20,,90000,4,,,0,59,,90001,4,,,0,20,,90002,4,,,0,20,,90003,4,,,0,49,,90083,4,,,0,9,,90084,4,,,0,9,,90034,10,,,0,9,,90035,10,,,0,9,,90036,10,,,0,11,,90037,10,,,0,10,,90038,10,,,0,50,,90039,10,,,0,10,,90040,10,,,0,11,,90041,10,,,0,10,,90042,10,,,0,10,,90043,10,,,0,51,,90044,10,,,0,11,,90045,10,,,0,11,,90004,4,,,0,11,,90005,10,,,0,10,,90006,4,,,0,10,,90007,10,,,0,51,,90008,4,,,0,11,,90046,10,,,0,11,,90009,4,,,0,10,,90010,10,,,0,10,,90011,4,,,0,11,,90012,10,,,0,50,,90013,4,,,0,11,,90047,10,,,0,11,,90014,4,,,0,11,,90015,10,,,0,9,,90016,4,,,0,8,,90017,10,,,0,49,,90048,4,,,0,11,,90049,10,,,0,11,,90050,4,,,0,11,,90051,10,,,0,10,,90052,4,,,0,50,,90053,10,,,0,10,,90054,4,,,0,8,,90055,10,,,0,10,,90056,4,,,0,10,,90057,10,,,0,10,,90058,4,,,0,10,,90059,10,,,0,50,,90060,4,,,0,10,,90018,10,,,0,10,,90019,4,,,0,9,,90061,10,,,0,10,,90020,4,,,0,9,,90021,10,,,0,51,,90022,4,,,0,11,,90062,10,,,0,11,,90023,4,,,0,11,,90024,10,,,0,10,,90025,4,,,0,50,,90026,10,,,0,8,,90027,10,,,0,10,,90063,10,,,0,10,,90064,10,,,0,9,,90065,10,,,0,10,,90066,10,,,0,9,,90067,10,,,0,48,,90068,10,,,0,10,,90069,10,,,0,12,,90070,10,,,0,11,,90071,10,,,0,12,,90072,10,,,0,10,,90073,10,,,0,50,,90074,10,,,0,10,,90075,10,,,0,11,,90076,10,,,0,10,,90077,10,,,0,10,,90078,4,,,0,50,,90079,10,,,0,10,,90080,4,,,0,13,,90082,10,,,0,19,,90081,10,,,0,60,,90028,4,,,0,21,,90029,4,,,0,20,,90030,4,,,0,61,,90031,4,,,0,20,,90032,4,,,0,20,,90033,4,,,0
1000001,'S2-1_3',534,,90085,4,,,0,20,,90086,4,,,0,59,,90087,4,,,0,20,,90088,4,,,0,20,,90089,4,,,0,49,,90169,4,,,0,9,,90170,4,,,0,9,,90120,10,,,0,9,,90121,10,,,0,9,,90122,10,,,0,11,,90123,10,,,0,10,,90124,10,,,0,50,,90125,10,,,0,10,,90126,10,,,0,11,,90127,10,,,0,10,,90128,10,,,0,10,,90129,10,,,0,51,,90130,10,,,0,11,,90131,10,,,0,11,,90090,4,,,0,11,,90091,10,,,0,10,,90092,4,,,0,10,,90093,10,,,0,51,,90094,4,,,0,11,,90132,10,,,0,11,,90095,4,,,0,10,,90096,10,,,0,10,,90097,4,,,0,11,,90098,10,,,0,50,,90099,4,,,0,11,,90133,10,,,0,11,,90100,4,,,0,11,,90101,10,,,0,9,,90102,4,,,0,8,,90103,10,,,0,49,,90134,4,,,0,11,,90135,10,,,0,11,,90136,4,,,0,11,,90137,10,,,0,10,,90138,4,,,0,50,,90139,10,,,0,10,,90140,4,,,0,8,,90141,10,,,0,10,,90142,4,,,0,10,,90143,10,,,0,10,,90144,4,,,0,10,,90145,10,,,0,50,,90146,4,,,0,10,,90104,10,,,0,10,,90105,4,,,0,9,,90147,10,,,0,10,,90106,4,,,0,9,,90107,10,,,0,51,,90108,4,,,0,11,,90148,10,,,0,11,,90109,4,,,0,11,,90110,10,,,0,10,,90111,4,,,0,50,,90112,10,,,0,8,,90113,10,,,0,10,,90149,10,,,0,10,,90150,10,,,0,9,,90151,10,,,0,10,,90152,10,,,0,9,,90153,10,,,0,48,,90154,10,,,0,10,,90155,10,,,0,12,,90156,10,,,0,11,,90157,10,,,0,12,,90158,10,,,0,10,,90159,10,,,0,50,,90160,10,,,0,10,,90161,10,,,0,11,,90162,10,,,0,10,,90163,10,,,0,10,,90164,4,,,0,50,,90165,10,,,0,10,,90166,4,,,0,13,,90168,10,,,0,19,,90167,10,,,0,60,,90114,4,,,0,21,,90115,4,,,0,20,,90116,4,,,0,61,,90117,4,,,0,20,,90118,4,,,0,20,,90119,4,,,0
1000001,'S2-2_6',535,,90171,4,,,0,81,,90172,4,,,0,39,,90173,4,,,0,69,,90174,4,,,0,29,,90175,10,,,0,68,,90176,10,,,0,15,,90177,4,,,0,15,,90178,4,,,0,55,,90179,10,,,0,15,,90180,4,,,0,15,,90181,4,,,0,14,,90182,10,,,0,56,,90183,4,,,0,15,,90184,4,,,0,16,,90185,10,,,0,15,,90186,4,,,0,55,,90187,4,,,0,16,,90188,10,,,0,15,,90189,4,,,0,16,,90190,4,,,0,56,,90191,10,,,0,15,,90192,4,,,0,16,,90193,4,,,0,15,,90194,10,,,0,49,,90195,4,,,0,9,,90196,4,,,0,8,,90197,4,,,0,10,,90199,4,,,0,10,,90198,10,,,0,10,,90200,4,,,0,51,,90201,4,,,0,12,,90202,10,,,0,10,,90203,4,,,0,9,,90204,4,,,0,10,,90205,4,,,0,11,,90206,10,,,0,50,,90207,4,,,0,10,,90208,4,,,0,11,,90209,4,,,0,11,,90210,10,,,0,9,,90211,4,,,0,10,,90212,4,,,0,50,,90213,4,,,0,12,,90214,10,,,0,9,,90215,4,,,0,9,,90216,4,,,0,9,,90217,4,,,0,9,,90219,4,,,0,49,,90218,10,,,0,10,,90220,4,,,0,10,,90221,4,,,0,10,,90223,4,,,0,10,,90222,10,,,0,9,,90224,4,,,0,49,,90225,4,,,0,10,,90227,4,,,0,12,,90226,10,,,0,10,,90228,4,,,0,13,,90229,4,,,0,59,,90230,10,,,0,17,,90231,4,,,0,21,,90232,4,,,0,61,,90233,4,,,0,17,,90234,4,,,0,21,,90235,4,,,0,60,,90236,4,,,0,20,,90237,4,,,0,21,,90238,4,,,0
1000001,'S2-3_7',803,,90239,4,,,0,40,,90240,4,,,0,80,,90241,4,,,0,80,,90242,4,,,0,40,,90243,4,,,0,80,,90244,4,,,0,80,,90245,4,,,0,40,,90246,4,,,0,80,,90247,4,,,0,80,,90248,4,,,0,40,,90249,4,,,0,80,,90250,4,,,0,80,,90251,4,,,0,40,,90252,4,,,0,80,,90253,4,,,0,80,,90254,4,,,0,40,,90255,4,,,0,80,,90256,4,,,0
1000001,'S2-4_1',534,,90257,4,,,0,20,,90258,4,,,0,59,,90259,4,,,0,20,,90260,4,,,0,20,,90261,4,,,0,49,,90341,4,,,0,9,,90342,4,,,0,9,,90292,10,,,0,9,,90293,10,,,0,9,,90294,10,,,0,11,,90295,10,,,0,10,,90296,10,,,0,50,,90297,10,,,0,10,,90298,10,,,0,11,,90299,10,,,0,10,,90300,10,,,0,10,,90301,10,,,0,51,,90302,10,,,0,11,,90303,10,,,0,11,,90262,4,,,0,11,,90263,10,,,0,10,,90264,4,,,0,10,,90265,10,,,0,51,,90266,4,,,0,11,,90304,10,,,0,11,,90267,4,,,0,10,,90268,10,,,0,10,,90269,4,,,0,11,,90270,10,,,0,50,,90271,4,,,0,11,,90305,10,,,0,11,,90272,4,,,0,11,,90273,10,,,0,9,,90274,4,,,0,8,,90275,10,,,0,49,,90306,4,,,0,11,,90307,10,,,0,11,,90308,4,,,0,11,,90309,10,,,0,10,,90310,4,,,0,50,,90311,10,,,0,10,,90312,4,,,0,8,,90313,10,,,0,10,,90314,4,,,0,10,,90315,10,,,0,10,,90316,4,,,0,10,,90317,10,,,0,50,,90318,4,,,0,10,,90276,10,,,0,10,,90277,4,,,0,9,,90319,10,,,0,10,,90278,4,,,0,9,,90279,10,,,0,51,,90280,4,,,0,11,,90320,10,,,0,11,,90281,4,,,0,11,,90282,10,,,0,10,,90283,4,,,0,50,,90284,10,,,0,8,,90285,10,,,0,10,,90321,10,,,0,10,,90322,10,,,0,9,,90323,10,,,0,10,,90324,10,,,0,9,,90325,10,,,0,48,,90326,10,,,0,10,,90327,10,,,0,12,,90328,10,,,0,11,,90329,10,,,0,12,,90330,10,,,0,10,,90331,10,,,0,50,,90332,10,,,0,10,,90333,10,,,0,11,,90334,10,,,0,10,,90335,10,,,0,10,,90336,4,,,0,50,,90337,10,,,0,10,,90338,4,,,0,13,,90340,10,,,0,19,,90339,10,,,0,60,,90286,4,,,0,21,,90287,4,,,0,20,,90288,4,,,0,61,,90289,4,,,0,20,,90290,4,,,0,20,,90291,4,,,0
1000001,'S2-4_2',534,,90343,4,,,0,20,,90344,4,,,0,59,,90345,4,,,0,20,,90346,4,,,0,20,,90347,4,,,0,49,,90427,4,,,0,9,,90428,4,,,0,9,,90378,10,,,0,9,,90379,10,,,0,9,,90380,10,,,0,11,,90381,10,,,0,10,,90382,10,,,0,50,,90383,10,,,0,10,,90384,10,,,0,11,,90385,10,,,0,10,,90386,10,,,0,10,,90387,10,,,0,51,,90388,10,,,0,11,,90389,10,,,0,11,,90348,4,,,0,11,,90349,10,,,0,10,,90350,4,,,0,10,,90351,10,,,0,51,,90352,4,,,0,11,,90390,10,,,0,11,,90353,4,,,0,10,,90354,10,,,0,10,,90355,4,,,0,11,,90356,10,,,0,50,,90357,4,,,0,11,,90391,10,,,0,11,,90358,4,,,0,11,,90359,10,,,0,9,,90360,4,,,0,8,,90361,10,,,0,49,,90392,4,,,0,11,,90393,10,,,0,11,,90394,4,,,0,11,,90395,10,,,0,10,,90396,4,,,0,50,,90397,10,,,0,10,,90398,4,,,0,8,,90399,10,,,0,10,,90400,4,,,0,10,,90401,10,,,0,10,,90402,4,,,0,10,,90403,10,,,0,50,,90404,4,,,0,10,,90362,10,,,0,10,,90363,4,,,0,9,,90405,10,,,0,10,,90364,4,,,0,9,,90365,10,,,0,51,,90366,4,,,0,11,,90406,10,,,0,11,,90367,4,,,0,11,,90368,10,,,0,10,,90369,4,,,0,50,,90370,10,,,0,8,,90371,10,,,0,10,,90407,10,,,0,10,,90408,10,,,0,9,,90409,10,,,0,10,,90410,10,,,0,9,,90411,10,,,0,48,,90412,10,,,0,10,,90413,10,,,0,12,,90414,10,,,0,11,,90415,10,,,0,12,,90416,10,,,0,10,,90417,10,,,0,50,,90418,10,,,0,10,,90419,10,,,0,11,,90420,10,,,0,10,,90421,10,,,0,10,,90422,4,,,0,50,,90423,10,,,0,10,,90424,4,,,0,13,,90426,10,,,0,19,,90425,10,,,0,60,,90372,4,,,0,21,,90373,4,,,0,20,,90374,4,,,0,61,,90375,4,,,0,20,,90376,4,,,0,20,,90377,4,,,0
1000001,'S2-4_4',534,,90429,4,,,0,20,,90430,4,,,0,59,,90431,4,,,0,20,,90432,4,,,0,20,,90433,4,,,0,49,,90513,4,,,0,9,,90514,4,,,0,9,,90464,10,,,0,9,,90465,10,,,0,9,,90466,10,,,0,11,,90467,10,,,0,10,,90468,10,,,0,50,,90469,10,,,0,10,,90470,10,,,0,11,,90471,10,,,0,10,,90472,10,,,0,10,,90473,10,,,0,51,,90474,10,,,0,11,,90475,10,,,0,11,,90434,4,,,0,11,,90435,10,,,0,10,,90436,4,,,0,10,,90437,10,,,0,51,,90438,4,,,0,11,,90476,10,,,0,11,,90439,4,,,0,10,,90440,10,,,0,10,,90441,4,,,0,11,,90442,10,,,0,50,,90443,4,,,0,11,,90477,10,,,0,11,,90444,4,,,0,11,,90445,10,,,0,9,,90446,4,,,0,8,,90447,10,,,0,49,,90478,4,,,0,11,,90479,10,,,0,11,,90480,4,,,0,11,,90481,10,,,0,10,,90482,4,,,0,50,,90483,10,,,0,10,,90484,4,,,0,8,,90485,10,,,0,10,,90486,4,,,0,10,,90487,10,,,0,10,,90488,4,,,0,10,,90489,10,,,0,50,,90490,4,,,0,10,,90448,10,,,0,10,,90449,4,,,0,9,,90491,10,,,0,10,,90450,4,,,0,9,,90451,10,,,0,51,,90452,4,,,0,11,,90492,10,,,0,11,,90453,4,,,0,11,,90454,10,,,0,10,,90455,4,,,0,50,,90456,10,,,0,8,,90457,10,,,0,10,,90493,10,,,0,10,,90494,10,,,0,9,,90495,10,,,0,10,,90496,10,,,0,9,,90497,10,,,0,48,,90498,10,,,0,10,,90499,10,,,0,12,,90500,10,,,0,11,,90501,10,,,0,12,,90502,10,,,0,10,,90503,10,,,0,50,,90504,10,,,0,10,,90505,10,,,0,11,,90506,10,,,0,10,,90507,10,,,0,10,,90508,4,,,0,50,,90509,10,,,0,10,,90510,4,,,0,13,,90512,10,,,0,19,,90511,10,,,0,60,,90458,4,,,0,21,,90459,4,,,0,20,,90460,4,,,0,61,,90461,4,,,0,20,,90462,4,,,0,20,,90463,4,,,0
3000000,'S2-0_4',658,,91563,27,,,0,60,,91562,27,,,0,26,,91522,27,,,0,60,,91523,27,,,0,17,,91524,27,,,0,21,,91525,27,,,0,60,,91526,27,,,0,22,,91527,27,,,0,19,,91528,27,,,0,60,,91529,27,,,0,21,,91530,27,,,0,17,,91531,27,,,0,62,,91532,27,,,0,20,,91533,27,,,0,19,,91534,27,,,0,62,,91535,27,,,0,21,,91536,27,,,0,19,,91537,27,,,0,60,,91538,27,,,0,19,,91539,27,,,0,21,,91540,27,,,0,59,,91541,27,,,0,19,,91542,27,,,0,21,,91543,27,,,0,60,,91544,27,,,0,22,,91545,27,,,0,19,,91546,27,,,0,59,,91547,27,,,0,22,,91548,27,,,0,16,,91549,27,,,0,60,,91550,27,,,0,26,,91551,27,,,0,18,,91552,27,,,0,59,,91553,27,,,0,18,,91554,27,,,0,18,,91555,27,,,0,19,,91556,27,,,0,60,,91557,27,,,0,19,,91558,27,,,0,69,,91559,27,,,0,32,,91560,27,,,0,72,,91561,27,,,0
3000000,'S2-0_5',658,,91609,27,,,0,60,,91608,27,,,0,26,,91568,27,,,0,60,,91569,27,,,0,17,,91570,27,,,0,21,,91571,27,,,0,60,,91572,27,,,0,22,,91573,27,,,0,19,,91574,27,,,0,60,,91575,27,,,0,21,,91576,27,,,0,17,,91577,27,,,0,62,,91578,27,,,0,20,,91579,27,,,0,19,,91580,27,,,0,62,,91581,27,,,0,21,,91582,27,,,0,19,,91583,27,,,0,60,,91584,27,,,0,19,,91585,27,,,0,21,,91586,27,,,0,59,,91587,27,,,0,19,,91588,27,,,0,21,,91589,27,,,0,60,,91590,27,,,0,22,,91591,27,,,0,19,,91592,27,,,0,59,,91593,27,,,0,22,,91594,27,,,0,16,,91595,27,,,0,60,,91596,27,,,0,26,,91597,27,,,0,18,,91598,27,,,0,59,,91599,27,,,0,18,,91600,27,,,0,18,,91601,27,,,0,19,,91602,27,,,0,60,,91603,27,,,0,19,,91604,27,,,0,69,,91605,27,,,0,32,,91606,27,,,0,72,,91607,27,,,0
3000000,'S2-1_3',658,,91655,27,,,0,60,,91654,27,,,0,26,,91614,27,,,0,60,,91615,27,,,0,17,,91616,27,,,0,21,,91617,27,,,0,60,,91618,27,,,0,22,,91619,27,,,0,19,,91620,27,,,0,60,,91621,27,,,0,21,,91622,27,,,0,17,,91623,27,,,0,62,,91624,27,,,0,20,,91625,27,,,0,19,,91626,27,,,0,62,,91627,27,,,0,21,,91628,27,,,0,19,,91629,27,,,0,60,,91630,27,,,0,19,,91631,27,,,0,21,,91632,27,,,0,59,,91633,27,,,0,19,,91634,27,,,0,21,,91635,27,,,0,60,,91636,27,,,0,22,,91637,27,,,0,19,,91638,27,,,0,59,,91639,27,,,0,22,,91640,27,,,0,16,,91641,27,,,0,60,,91642,27,,,0,26,,91643,27,,,0,18,,91644,27,,,0,59,,91645,27,,,0,18,,91646,27,,,0,18,,91647,27,,,0,19,,91648,27,,,0,60,,91649,27,,,0,19,,91650,27,,,0,69,,91651,27,,,0,32,,91652,27,,,0,72,,91653,27,,,0
3000000,'S2-2_6',700,,91660,27,,,0,44,,91661,27,,,0,82,,91662,27,,,0,30,,91663,27,,,0,60,,91664,27,,,0,20,,91665,27,,,0,21,,91666,27,,,0,60,,91667,27,,,0,20,,91668,27,,,0,20,,91669,27,,,0,61,,91670,27,,,0,19,,91671,27,,,0,20,,91672,27,,,0,61,,91673,27,,,0,19,,91674,27,,,0,19,,91675,27,,,0,59,,91676,27,,,0,20,,91677,27,,,0,21,,91678,27,,,0,59,,91679,27,,,0,21,,91680,27,,,0,20,,91681,27,,,0,61,,91682,27,,,0,20,,91683,27,,,0,20,,91684,27,,,0,60,,91685,27,,,0,20,,91686,27,,,0,21,,91687,27,,,0,60,,91688,27,,,0,20,,91689,27,,,0,20,,91690,27,,,0,60,,91691,27,,,0,19,,91692,27,,,0,18,,91693,27,,,0,59,,91694,27,,,0,30,,91695,27,,,0,69,,91696,27,,,0,29,,91697,27,,,0,69,,91698,27,,,0
3000000,'S2-3_7',822,,91700,27,,,0,130,,91701,27,,,0,170,,91708,27,,,0,130,,91707,27,,,0,170,,91706,27,,,0,130,,91704,27,,,0,170,,91705,27,,,0,129,,91703,27,,,0,170,,91702,27,,,0
3000000,'S2-4_1',658,,91755,27,,,0,60,,91754,27,,,0,26,,91714,27,,,0,60,,91715,27,,,0,17,,91716,27,,,0,21,,91717,27,,,0,60,,91718,27,,,0,22,,91719,27,,,0,19,,91720,27,,,0,60,,91721,27,,,0,21,,91722,27,,,0,17,,91723,27,,,0,62,,91724,27,,,0,20,,91725,27,,,0,19,,91726,27,,,0,62,,91727,27,,,0,21,,91728,27,,,0,19,,91729,27,,,0,60,,91730,27,,,0,19,,91731,27,,,0,21,,91732,27,,,0,59,,91733,27,,,0,19,,91734,27,,,0,21,,91735,27,,,0,60,,91736,27,,,0,22,,91737,27,,,0,19,,91738,27,,,0,59,,91739,27,,,0,22,,91740,27,,,0,16,,91741,27,,,0,60,,91742,27,,,0,26,,91743,27,,,0,18,,91744,27,,,0,59,,91745,27,,,0,18,,91746,27,,,0,18,,91747,27,,,0,19,,91748,27,,,0,60,,91749,27,,,0,19,,91750,27,,,0,69,,91751,27,,,0,32,,91752,27,,,0,72,,91753,27,,,0
3000000,'S2-4_2',658,,91801,27,,,0,60,,91800,27,,,0,26,,91760,27,,,0,60,,91761,27,,,0,17,,91762,27,,,0,21,,91763,27,,,0,60,,91764,27,,,0,22,,91765,27,,,0,19,,91766,27,,,0,60,,91767,27,,,0,21,,91768,27,,,0,17,,91769,27,,,0,62,,91770,27,,,0,20,,91771,27,,,0,19,,91772,27,,,0,62,,91773,27,,,0,21,,91774,27,,,0,19,,91775,27,,,0,60,,91776,27,,,0,19,,91777,27,,,0,21,,91778,27,,,0,59,,91779,27,,,0,19,,91780,27,,,0,21,,91781,27,,,0,60,,91782,27,,,0,22,,91783,27,,,0,19,,91784,27,,,0,59,,91785,27,,,0,22,,91786,27,,,0,16,,91787,27,,,0,60,,91788,27,,,0,26,,91789,27,,,0,18,,91790,27,,,0,59,,91791,27,,,0,18,,91792,27,,,0,18,,91793,27,,,0,19,,91794,27,,,0,60,,91795,27,,,0,19,,91796,27,,,0,69,,91797,27,,,0,32,,91798,27,,,0,72,,91799,27,,,0
3000000,'S2-4_4',658,,91847,27,,,0,60,,91846,27,,,0,26,,91806,27,,,0,60,,91807,27,,,0,17,,91808,27,,,0,21,,91809,27,,,0,60,,91810,27,,,0,22,,91811,27,,,0,19,,91812,27,,,0,60,,91813,27,,,0,21,,91814,27,,,0,17,,91815,27,,,0,62,,91816,27,,,0,20,,91817,27,,,0,19,,91818,27,,,0,62,,91819,27,,,0,21,,91820,27,,,0,19,,91821,27,,,0,60,,91822,27,,,0,19,,91823,27,,,0,21,,91824,27,,,0,59,,91825,27,,,0,19,,91826,27,,,0,21,,91827,27,,,0,60,,91828,27,,,0,22,,91829,27,,,0,19,,91830,27,,,0,59,,91831,27,,,0,22,,91832,27,,,0,16,,91833,27,,,0,60,,91834,27,,,0,26,,91835,27,,,0,18,,91836,27,,,0,59,,91837,27,,,0,18,,91838,27,,,0,18,,91839,27,,,0,19,,91840,27,,,0,60,,91841,27,,,0,19,,91842,27,,,0,69,,91843,27,,,0,32,,91844,27,,,0,72,,91845,27,,,0
