901,'S2-0_4',749,,86988,13,0,26,0,66,,86989,13,0,27 63,0,102,,86994,13,0,23 24,0,193,,86995,13,0,23 24,0,106,,86990,13,0,27 63,0,141,,86996,13,0,23 24,0,152,,86997,13,0,23 24,0,109,,86991,13,0,27 63,0,101,,86992,13,0,27 63,0,97,,86993,13,0,27 63,0,126,,87003,13,,,0
901,'S2-0_5',749,,87004,13,0,26,0,66,,87005,13,0,27 63,0,102,,87010,13,0,23 24,0,193,,87011,13,0,23 24,0,106,,87006,13,0,27 63,0,141,,87012,13,0,23 24,0,152,,87013,13,0,23 24,0,109,,87007,13,0,27 63,0,101,,87008,13,0,27 63,0,97,,87009,13,0,27 63,0,126,,87019,13,,,0
901,'S2-1_3',749,,87020,13,0,26,0,66,,87021,13,0,27 63,0,102,,87026,13,0,23 24,0,193,,87027,13,0,23 24,0,106,,87022,13,0,27 63,0,141,,87028,13,0,23 24,0,152,,87029,13,0,23 24,0,109,,87023,13,0,27 63,0,101,,87024,13,0,27 63,0,97,,87025,13,0,27 63,0,126,,87035,13,,,0
901,'S2-2_6',747,,87036,13,0,23 24,0,99,,87048,13,0,25,0,367,,87046,13,0,25,0,319,,87044,13,0,25,0,82,,87037,13,0,23 24,0,104,,87038,13,0,23 24,0,134,,87039,13,0,23 24,0,90,,87040,13,0,23 24,0
901,'S2-4_1',749,,87049,13,0,26,0,66,,87050,13,0,27 63,0,102,,87055,13,0,23 24,0,193,,87056,13,0,23 24,0,106,,87051,13,0,27 63,0,141,,87057,13,0,23 24,0,152,,87058,13,0,23 24,0,109,,87052,13,0,27 63,0,101,,87053,13,0,27 63,0,97,,87054,13,0,27 63,0,126,,87064,13,,,0
901,'S2-4_2',749,,87065,13,0,26,0,66,,87066,13,0,27 63,0,102,,87071,13,0,23 24,0,193,,87072,13,0,23 24,0,106,,87067,13,0,27 63,0,141,,87073,13,0,23 24,0,152,,87074,13,0,23 24,0,109,,87068,13,0,27 63,0,101,,87069,13,0,27 63,0,97,,87070,13,0,27 63,0,126,,87080,13,,,0
901,'S2-4_4',749,,87081,13,0,26,0,66,,87082,13,0,27 63,0,102,,87087,13,0,23 24,0,193,,87088,13,0,23 24,0,106,,87083,13,0,27 63,0,141,,87089,13,0,23 24,0,152,,87090,13,0,23 24,0,109,,87084,13,0,27 63,0,101,,87085,13,0,27 63,0,97,,87086,13,0,27 63,0,126,,87096,13,,,0
1001,'S2-0_4',756,,87200,8,,,0,99,,87202,8,,,0,86,,87203,8,,,0,79,,87207,6,,,0,86,,87204,8,,,0,50,,87208,6,,,0,83,,87209,6,,,0,70,,87210,6,,,0,101,,87201,8,,,0,38,,87211,6,,,0,183,,87212,8,,,0,318,,87206,8,,,0
1001,'S2-0_5',756,,87214,8,,,0,99,,87216,8,,,0,86,,87217,8,,,0,79,,87221,6,,,0,86,,87218,8,,,0,50,,87222,6,,,0,83,,87223,6,,,0,70,,87224,6,,,0,101,,87215,8,,,0,38,,87225,6,,,0,183,,87226,8,,,0,318,,87220,8,,,0
1001,'S2-1_3',756,,87228,8,,,0,99,,87230,8,,,0,86,,87231,8,,,0,79,,87235,6,,,0,86,,87232,8,,,0,50,,87236,6,,,0,83,,87237,6,,,0,70,,87238,6,,,0,101,,87229,8,,,0,38,,87239,6,,,0,183,,87240,8,,,0,318,,87234,8,,,0
1001,'S2-2_6',753,,87242,8,,,0,103,,87243,8,,,0,101,,87250,6,,,0,102,,87244,8,,,0,100,,87251,6,,,0,85,,87252,6,,,0,164,,87247,8,,,0,38,,87253,6,,,0,187,,87248,8,,,0,118,,87249,8,,,0,90,,87245,8,,,0,107,,87246,8,,,0
1001,'S2-4_1',756,,87254,8,,,0,99,,87256,8,,,0,86,,87257,8,,,0,79,,87261,6,,,0,86,,87258,8,,,0,50,,87262,6,,,0,83,,87263,6,,,0,70,,87264,6,,,0,101,,87255,8,,,0,38,,87265,6,,,0,183,,87266,8,,,0,318,,87260,8,,,0
1001,'S2-4_2',756,,87268,8,,,0,99,,87270,8,,,0,86,,87271,8,,,0,79,,87275,6,,,0,86,,87272,8,,,0,50,,87276,6,,,0,83,,87277,6,,,0,70,,87278,6,,,0,101,,87269,8,,,0,38,,87279,6,,,0,183,,87280,8,,,0,318,,87274,8,,,0
1001,'S2-4_4',756,,87282,8,,,0,99,,87284,8,,,0,86,,87285,8,,,0,79,,87289,6,,,0,86,,87286,8,,,0,50,,87290,6,,,0,83,,87291,6,,,0,70,,87292,6,,,0,101,,87283,8,,,0,38,,87293,6,,,0,183,,87294,8,,,0,318,,87288,8,,,0
1000001,'S2-0_4',556,,89913,24,,,0,60,,89914,24,,,0,20,,89915,24,,,0,20,,89916,24,,,0,62,,89917,24,,,0,10,,89997,24,,,0,11,,89998,24,,,0,10,,89948,30,,,0,10,,89949,30,,,0,50,,89950,30,,,0,11,,89951,30,,,0,10,,89952,30,,,0,9,,89953,30,,,0,10,,89954,30,,,0,10,,89955,30,,,0,50,,89956,30,,,0,10,,89957,30,,,0,10,,89958,30,,,0,12,,89959,30,,,0,11,,89918,24,,,0,51,,89919,30,,,0,10,,89920,24,,,0,9,,89921,30,,,0,11,,89922,24,,,0,11,,89960,30,,,0,11,,89923,24,,,0,51,,89924,30,,,0,10,,89925,24,,,0,11,,89926,30,,,0,10,,89927,24,,,0,11,,89961,30,,,0,52,,89928,24,,,0,11,,89929,30,,,0,10,,89930,24,,,0,8,,89931,30,,,0,9,,89962,24,,,0,10,,89963,30,,,0,10,,89964,24,,,0,50,,89965,30,,,0,10,,89966,24,,,0,10,,89967,30,,,0,10,,89968,24,,,0,9,,89969,30,,,0,10,,89970,24,,,0,51,,89971,30,,,0,10,,89972,24,,,0,10,,89973,30,,,0,10,,89974,24,,,0,11,,89932,30,,,0,10,,89933,24,,,0,49,,89975,30,,,0,10,,89934,24,,,0,9,,89935,30,,,0,11,,89936,24,,,0,11,,89976,30,,,0,52,,89937,24,,,0,12,,89938,30,,,0,11,,89939,24,,,0,10,,89940,30,,,0,9,,89941,30,,,0,10,,89977,30,,,0,52,,89978,30,,,0,11,,89979,30,,,0,12,,89980,30,,,0,11,,89981,30,,,0,8,,89982,30,,,0,10,,89983,30,,,0,49,,89984,30,,,0,8,,89985,30,,,0,10,,89986,30,,,0,9,,89987,30,,,0,8,,89988,30,,,0,9,,89989,30,,,0,9,,89990,30,,,0,48,,89991,30,,,0,9,,89992,24,,,0,9,,89993,30,,,0,10,,89994,24,,,0,12,,89996,30,,,0,59,,89995,30,,,0,20,,89942,24,,,0,20,,89943,24,,,0,60,,89944,24,,,0,20,,89945,24,,,0,19,,89946,24,,,0,60,,89947,24,,,0
1000001,'S2-0_5',556,,89999,24,,,0,60,,90000,24,,,0,20,,90001,24,,,0,20,,90002,24,,,0,62,,90003,24,,,0,10,,90083,24,,,0,11,,90084,24,,,0,10,,90034,30,,,0,10,,90035,30,,,0,50,,90036,30,,,0,11,,90037,30,,,0,10,,90038,30,,,0,9,,90039,30,,,0,10,,90040,30,,,0,10,,90041,30,,,0,50,,90042,30,,,0,10,,90043,30,,,0,10,,90044,30,,,0,12,,90045,30,,,0,11,,90004,24,,,0,51,,90005,30,,,0,10,,90006,24,,,0,9,,90007,30,,,0,11,,90008,24,,,0,11,,90046,30,,,0,11,,90009,24,,,0,51,,90010,30,,,0,10,,90011,24,,,0,11,,90012,30,,,0,10,,90013,24,,,0,11,,90047,30,,,0,52,,90014,24,,,0,11,,90015,30,,,0,10,,90016,24,,,0,8,,90017,30,,,0,9,,90048,24,,,0,10,,90049,30,,,0,10,,90050,24,,,0,50,,90051,30,,,0,10,,90052,24,,,0,10,,90053,30,,,0,10,,90054,24,,,0,9,,90055,30,,,0,10,,90056,24,,,0,51,,90057,30,,,0,10,,90058,24,,,0,10,,90059,30,,,0,10,,90060,24,,,0,11,,90018,30,,,0,10,,90019,24,,,0,49,,90061,30,,,0,10,,90020,24,,,0,9,,90021,30,,,0,11,,90022,24,,,0,11,,90062,30,,,0,52,,90023,24,,,0,12,,90024,30,,,0,11,,90025,24,,,0,10,,90026,30,,,0,9,,90027,30,,,0,10,,90063,30,,,0,52,,90064,30,,,0,11,,90065,30,,,0,12,,90066,30,,,0,11,,90067,30,,,0,8,,90068,30,,,0,10,,90069,30,,,0,49,,90070,30,,,0,8,,90071,30,,,0,10,,90072,30,,,0,9,,90073,30,,,0,8,,90074,30,,,0,9,,90075,30,,,0,9,,90076,30,,,0,48,,90077,30,,,0,9,,90078,24,,,0,9,,90079,30,,,0,10,,90080,24,,,0,12,,90082,30,,,0,59,,90081,30,,,0,20,,90028,24,,,0,20,,90029,24,,,0,60,,90030,24,,,0,20,,90031,24,,,0,19,,90032,24,,,0,60,,90033,24,,,0
1000001,'S2-1_3',556,,90085,24,,,0,60,,90086,24,,,0,20,,90087,24,,,0,20,,90088,24,,,0,62,,90089,24,,,0,10,,90169,24,,,0,11,,90170,24,,,0,10,,90120,30,,,0,10,,90121,30,,,0,50,,90122,30,,,0,11,,90123,30,,,0,10,,90124,30,,,0,9,,90125,30,,,0,10,,90126,30,,,0,10,,90127,30,,,0,50,,90128,30,,,0,10,,90129,30,,,0,10,,90130,30,,,0,12,,90131,30,,,0,11,,90090,24,,,0,51,,90091,30,,,0,10,,90092,24,,,0,9,,90093,30,,,0,11,,90094,24,,,0,11,,90132,30,,,0,11,,90095,24,,,0,51,,90096,30,,,0,10,,90097,24,,,0,11,,90098,30,,,0,10,,90099,24,,,0,11,,90133,30,,,0,52,,90100,24,,,0,11,,90101,30,,,0,10,,90102,24,,,0,8,,90103,30,,,0,9,,90134,24,,,0,10,,90135,30,,,0,10,,90136,24,,,0,50,,90137,30,,,0,10,,90138,24,,,0,10,,90139,30,,,0,10,,90140,24,,,0,9,,90141,30,,,0,10,,90142,24,,,0,51,,90143,30,,,0,10,,90144,24,,,0,10,,90145,30,,,0,10,,90146,24,,,0,11,,90104,30,,,0,10,,90105,24,,,0,49,,90147,30,,,0,10,,90106,24,,,0,9,,90107,30,,,0,11,,90108,24,,,0,11,,90148,30,,,0,52,,90109,24,,,0,12,,90110,30,,,0,11,,90111,24,,,0,10,,90112,30,,,0,9,,90113,30,,,0,10,,90149,30,,,0,52,,90150,30,,,0,11,,90151,30,,,0,12,,90152,30,,,0,11,,90153,30,,,0,8,,90154,30,,,0,10,,90155,30,,,0,49,,90156,30,,,0,8,,90157,30,,,0,10,,90158,30,,,0,9,,90159,30,,,0,8,,90160,30,,,0,9,,90161,30,,,0,9,,90162,30,,,0,48,,90163,30,,,0,9,,90164,24,,,0,9,,90165,30,,,0,10,,90166,24,,,0,12,,90168,30,,,0,59,,90167,30,,,0,20,,90114,24,,,0,20,,90115,24,,,0,60,,90116,24,,,0,20,,90117,24,,,0,19,,90118,24,,,0,60,,90119,24,,,0
1000001,'S2-2_6',556,,90171,24,,,0,82,,90172,24,,,0,81,,90173,24,,,0,30,,90174,24,,,0,69,,90175,30,,,0,29,,90176,30,,,0,55,,90177,24,,,0,16,,90178,24,,,0,15,,90179,30,,,0,16,,90180,24,,,0,55,,90181,24,,,0,15,,90182,30,,,0,16,,90183,24,,,0,14,,90184,24,,,0,56,,90185,30,,,0,15,,90186,24,,,0,15,,90187,24,,,0,16,,90188,30,,,0,54,,90189,24,,,0,16,,90190,24,,,0,15,,90191,30,,,0,14,,90192,24,,,0,57,,90193,24,,,0,16,,90194,30,,,0,9,,90195,24,,,0,10,,90196,24,,,0,9,,90197,24,,,0,50,,90199,24,,,0,10,,90198,30,,,0,10,,90200,24,,,0,11,,90201,24,,,0,12,,90202,30,,,0,9,,90203,24,,,0,49,,90204,24,,,0,10,,90205,24,,,0,11,,90206,30,,,0,10,,90207,24,,,0,10,,90208,24,,,0,11,,90209,24,,,0,51,,90210,30,,,0,9,,90211,24,,,0,10,,90212,24,,,0,10,,90213,24,,,0,13,,90214,30,,,0,9,,90215,24,,,0,49,,90216,24,,,0,10,,90217,24,,,0,9,,90219,24,,,0,9,,90218,30,,,0,10,,90220,24,,,0,9,,90221,24,,,0,50,,90223,24,,,0,9,,90222,30,,,0,9,,90224,24,,,0,9,,90225,24,,,0,9,,90227,24,,,0,10,,90226,30,,,0,10,,90228,24,,,0,53,,90229,24,,,0,19,,90230,30,,,0,17,,90231,24,,,0,61,,90232,24,,,0,21,,90233,24,,,0,16,,90234,24,,,0,59,,90235,24,,,0,20,,90236,24,,,0,20,,90237,24,,,0,60,,90238,24,,,0
1000001,'S2-3_7',827,,90239,24,,,0,80,,90240,24,,,0,40,,90241,24,,,0,80,,90242,24,,,0,80,,90243,24,,,0,40,,90244,24,,,0,80,,90245,24,,,0,80,,90246,24,,,0,40,,90247,24,,,0,80,,90248,24,,,0,80,,90249,24,,,0,40,,90250,24,,,0,80,,90251,24,,,0,80,,90252,24,,,0,40,,90253,24,,,0,80,,90254,24,,,0,80,,90255,24,,,0,40,,90256,24,,,0
1000001,'S2-4_1',556,,90257,24,,,0,60,,90258,24,,,0,20,,90259,24,,,0,20,,90260,24,,,0,62,,90261,24,,,0,10,,90341,24,,,0,11,,90342,24,,,0,10,,90292,30,,,0,10,,90293,30,,,0,50,,90294,30,,,0,11,,90295,30,,,0,10,,90296,30,,,0,9,,90297,30,,,0,10,,90298,30,,,0,10,,90299,30,,,0,50,,90300,30,,,0,10,,90301,30,,,0,10,,90302,30,,,0,12,,90303,30,,,0,11,,90262,24,,,0,51,,90263,30,,,0,10,,90264,24,,,0,9,,90265,30,,,0,11,,90266,24,,,0,11,,90304,30,,,0,11,,90267,24,,,0,51,,90268,30,,,0,10,,90269,24,,,0,11,,90270,30,,,0,10,,90271,24,,,0,11,,90305,30,,,0,52,,90272,24,,,0,11,,90273,30,,,0,10,,90274,24,,,0,8,,90275,30,,,0,9,,90306,24,,,0,10,,90307,30,,,0,10,,90308,24,,,0,50,,90309,30,,,0,10,,90310,24,,,0,10,,90311,30,,,0,10,,90312,24,,,0,9,,90313,30,,,0,10,,90314,24,,,0,51,,90315,30,,,0,10,,90316,24,,,0,10,,90317,30,,,0,10,,90318,24,,,0,11,,90276,30,,,0,10,,90277,24,,,0,49,,90319,30,,,0,10,,90278,24,,,0,9,,90279,30,,,0,11,,90280,24,,,0,11,,90320,30,,,0,52,,90281,24,,,0,12,,90282,30,,,0,11,,90283,24,,,0,10,,90284,30,,,0,9,,90285,30,,,0,10,,90321,30,,,0,52,,90322,30,,,0,11,,90323,30,,,0,12,,90324,30,,,0,11,,90325,30,,,0,8,,90326,30,,,0,10,,90327,30,,,0,49,,90328,30,,,0,8,,90329,30,,,0,10,,90330,30,,,0,9,,90331,30,,,0,8,,90332,30,,,0,9,,90333,30,,,0,9,,90334,30,,,0,48,,90335,30,,,0,9,,90336,24,,,0,9,,90337,30,,,0,10,,90338,24,,,0,12,,90340,30,,,0,59,,90339,30,,,0,20,,90286,24,,,0,20,,90287,24,,,0,60,,90288,24,,,0,20,,90289,24,,,0,19,,90290,24,,,0,60,,90291,24,,,0
1000001,'S2-4_2',556,,90343,24,,,0,60,,90344,24,,,0,20,,90345,24,,,0,20,,90346,24,,,0,62,,90347,24,,,0,10,,90427,24,,,0,11,,90428,24,,,0,10,,90378,30,,,0,10,,90379,30,,,0,50,,90380,30,,,0,11,,90381,30,,,0,10,,90382,30,,,0,9,,90383,30,,,0,10,,90384,30,,,0,10,,90385,30,,,0,50,,90386,30,,,0,10,,90387,30,,,0,10,,90388,30,,,0,12,,90389,30,,,0,11,,90348,24,,,0,51,,90349,30,,,0,10,,90350,24,,,0,9,,90351,30,,,0,11,,90352,24,,,0,11,,90390,30,,,0,11,,90353,24,,,0,51,,90354,30,,,0,10,,90355,24,,,0,11,,90356,30,,,0,10,,90357,24,,,0,11,,90391,30,,,0,52,,90358,24,,,0,11,,90359,30,,,0,10,,90360,24,,,0,8,,90361,30,,,0,9,,90392,24,,,0,10,,90393,30,,,0,10,,90394,24,,,0,50,,90395,30,,,0,10,,90396,24,,,0,10,,90397,30,,,0,10,,90398,24,,,0,9,,90399,30,,,0,10,,90400,24,,,0,51,,90401,30,,,0,10,,90402,24,,,0,10,,90403,30,,,0,10,,90404,24,,,0,11,,90362,30,,,0,10,,90363,24,,,0,49,,90405,30,,,0,10,,90364,24,,,0,9,,90365,30,,,0,11,,90366,24,,,0,11,,90406,30,,,0,52,,90367,24,,,0,12,,90368,30,,,0,11,,90369,24,,,0,10,,90370,30,,,0,9,,90371,30,,,0,10,,90407,30,,,0,52,,90408,30,,,0,11,,90409,30,,,0,12,,90410,30,,,0,11,,90411,30,,,0,8,,90412,30,,,0,10,,90413,30,,,0,49,,90414,30,,,0,8,,90415,30,,,0,10,,90416,30,,,0,9,,90417,30,,,0,8,,90418,30,,,0,9,,90419,30,,,0,9,,90420,30,,,0,48,,90421,30,,,0,9,,90422,24,,,0,9,,90423,30,,,0,10,,90424,24,,,0,12,,90426,30,,,0,59,,90425,30,,,0,20,,90372,24,,,0,20,,90373,24,,,0,60,,90374,24,,,0,20,,90375,24,,,0,19,,90376,24,,,0,60,,90377,24,,,0
1000001,'S2-4_4',556,,90429,24,,,0,60,,90430,24,,,0,20,,90431,24,,,0,20,,90432,24,,,0,62,,90433,24,,,0,10,,90513,24,,,0,11,,90514,24,,,0,10,,90464,30,,,0,10,,90465,30,,,0,50,,90466,30,,,0,11,,90467,30,,,0,10,,90468,30,,,0,9,,90469,30,,,0,10,,90470,30,,,0,10,,90471,30,,,0,50,,90472,30,,,0,10,,90473,30,,,0,10,,90474,30,,,0,12,,90475,30,,,0,11,,90434,24,,,0,51,,90435,30,,,0,10,,90436,24,,,0,9,,90437,30,,,0,11,,90438,24,,,0,11,,90476,30,,,0,11,,90439,24,,,0,51,,90440,30,,,0,10,,90441,24,,,0,11,,90442,30,,,0,10,,90443,24,,,0,11,,90477,30,,,0,52,,90444,24,,,0,11,,90445,30,,,0,10,,90446,24,,,0,8,,90447,30,,,0,9,,90478,24,,,0,10,,90479,30,,,0,10,,90480,24,,,0,50,,90481,30,,,0,10,,90482,24,,,0,10,,90483,30,,,0,10,,90484,24,,,0,9,,90485,30,,,0,10,,90486,24,,,0,51,,90487,30,,,0,10,,90488,24,,,0,10,,90489,30,,,0,10,,90490,24,,,0,11,,90448,30,,,0,10,,90449,24,,,0,49,,90491,30,,,0,10,,90450,24,,,0,9,,90451,30,,,0,11,,90452,24,,,0,11,,90492,30,,,0,52,,90453,24,,,0,12,,90454,30,,,0,11,,90455,24,,,0,10,,90456,30,,,0,9,,90457,30,,,0,10,,90493,30,,,0,52,,90494,30,,,0,11,,90495,30,,,0,12,,90496,30,,,0,11,,90497,30,,,0,8,,90498,30,,,0,10,,90499,30,,,0,49,,90500,30,,,0,8,,90501,30,,,0,10,,90502,30,,,0,9,,90503,30,,,0,8,,90504,30,,,0,9,,90505,30,,,0,9,,90506,30,,,0,48,,90507,30,,,0,9,,90508,24,,,0,9,,90509,30,,,0,10,,90510,24,,,0,12,,90512,30,,,0,59,,90511,30,,,0,20,,90458,24,,,0,20,,90459,24,,,0,60,,90460,24,,,0,20,,90461,24,,,0,19,,90462,24,,,0,60,,90463,24,,,0
