401,'S2-0_4',705,,85936,17,0,52,0,11,,85906,19,0,41,0,13,,85923,21,0,41,0,15,,85907,19,0,41,0,57,,85930,21,,,0,24,,85908,19,0,41,0,11,,85909,19,0,41,0,81,,85910,19,0,41,0,33,,85911,19,0,41,0,73,,85912,19,0,41,0,35,,85932,19,,,0,70,,85913,19,0,41,0,28,,85914,19,0,41,0,61,,85931,21,,,0,30,,85927,22,0,41,0,71,,85933,19,,,0,33,,85905,22,0,41,0,77,,85915,19,0,41,0,28,,85934,19,,,0,72,,85916,19,0,41,0,24,,85917,19,0,41,0,58,,85918,21,0,41,0,13,,85928,22,0,41,0,17,,85924,19,0,41,0,16,,85919,19,0,41,0,54,,85925,21,0,41,0,13,,85929,22,,,0,33,,85920,19,0,41,0,65,,85926,21,0,41,0,79,,85921,19,0,41,0,20,,85935,19,,,0
401,'S2-0_5',705,,85968,17,0,52,0,11,,85938,19,0,41,0,13,,85955,21,0,41,0,15,,85939,19,0,41,0,57,,85962,21,,,0,24,,85940,19,0,41,0,11,,85941,19,0,41,0,81,,85942,19,0,41,0,33,,85943,19,0,41,0,73,,85944,19,0,41,0,35,,85964,19,,,0,70,,85945,19,0,41,0,28,,85946,19,0,41,0,61,,85963,21,,,0,30,,85959,22,0,41,0,71,,85965,19,,,0,33,,85937,22,0,41,0,77,,85947,19,0,41,0,28,,85966,19,,,0,72,,85948,19,0,41,0,24,,85949,19,0,41,0,58,,85950,21,0,41,0,13,,85960,22,0,41,0,17,,85956,19,0,41,0,16,,85951,19,0,41,0,54,,85957,21,0,41,0,13,,85961,22,,,0,33,,85952,19,0,41,0,65,,85958,21,0,41,0,79,,85953,19,0,41,0,20,,85967,19,,,0
401,'S2-1_3',705,,86000,17,0,52,0,11,,85970,19,0,41,0,13,,85987,21,0,41,0,15,,85971,19,0,41,0,57,,85994,21,,,0,24,,85972,19,0,41,0,11,,85973,19,0,41,0,81,,85974,19,0,41,0,33,,85975,19,0,41,0,73,,85976,19,0,41,0,35,,85996,19,,,0,70,,85977,19,0,41,0,28,,85978,19,0,41,0,61,,85995,21,,,0,30,,85991,22,0,41,0,71,,85997,19,,,0,33,,85969,22,0,41,0,77,,85979,19,0,41,0,28,,85998,19,,,0,72,,85980,19,0,41,0,24,,85981,19,0,41,0,58,,85982,21,0,41,0,13,,85992,22,0,41,0,17,,85988,19,0,41,0,16,,85983,19,0,41,0,54,,85989,21,0,41,0,13,,85993,22,,,0,33,,85984,19,0,41,0,65,,85990,21,0,41,0,79,,85985,19,0,41,0,20,,85999,19,,,0
401,'S2-2_6',704,,86001,19,,,0,116,,86008,19,0,41,0,33,,86002,19,,,0,69,,86009,19,0,41,0,32,,86010,19,0,41,0,67,,86011,19,0,41,0,32,,86003,19,,,0,69,,86012,19,0,41,0,31,,86013,19,0,41,0,71,,86014,19,0,41,0,30,,86004,19,,,0,69,,86015,19,0,41,0,29,,86016,19,0,41,0,71,,86017,19,0,41,0,31,,86005,19,,,0,68,,86018,19,0,41,0,32,,86019,19,0,41,0,73,,86020,19,0,41,0,31,,86006,19,,,0,71,,86021,19,0,41,0,73,,86022,19,0,41,0,32,,86023,19,0,41,0,71,,86024,19,0,41,0,30,,86007,19,,,0
401,'S2-3_7',940,,86025,19,,,0,165,,86026,19,,,0,125,,86027,19,,,0,201,,86028,19,,,0,125,,86029,19,,,0,165,,86030,19,,,0,125,,86031,19,,,0
401,'S2-4_1',705,,86063,17,0,52,0,11,,86033,19,0,41,0,13,,86050,21,0,41,0,15,,86034,19,0,41,0,57,,86057,21,,,0,24,,86035,19,0,41,0,11,,86036,19,0,41,0,81,,86037,19,0,41,0,33,,86038,19,0,41,0,73,,86039,19,0,41,0,35,,86059,19,,,0,70,,86040,19,0,41,0,28,,86041,19,0,41,0,61,,86058,21,,,0,30,,86054,22,0,41,0,71,,86060,19,,,0,33,,86032,22,0,41,0,77,,86042,19,0,41,0,28,,86061,19,,,0,72,,86043,19,0,41,0,24,,86044,19,0,41,0,58,,86045,21,0,41,0,13,,86055,22,0,41,0,17,,86051,19,0,41,0,16,,86046,19,0,41,0,54,,86052,21,0,41,0,13,,86056,22,,,0,33,,86047,19,0,41,0,65,,86053,21,0,41,0,79,,86048,19,0,41,0,20,,86062,19,,,0
401,'S2-4_2',705,,86095,17,0,52,0,11,,86065,19,0,41,0,13,,86082,21,0,41,0,15,,86066,19,0,41,0,57,,86089,21,,,0,24,,86067,19,0,41,0,11,,86068,19,0,41,0,81,,86069,19,0,41,0,33,,86070,19,0,41,0,73,,86071,19,0,41,0,35,,86091,19,,,0,70,,86072,19,0,41,0,28,,86073,19,0,41,0,61,,86090,21,,,0,30,,86086,22,0,41,0,71,,86092,19,,,0,33,,86064,22,0,41,0,77,,86074,19,0,41,0,28,,86093,19,,,0,72,,86075,19,0,41,0,24,,86076,19,0,41,0,58,,86077,21,0,41,0,13,,86087,22,0,41,0,17,,86083,19,0,41,0,16,,86078,19,0,41,0,54,,86084,21,0,41,0,13,,86088,22,,,0,33,,86079,19,0,41,0,65,,86085,21,0,41,0,79,,86080,19,0,41,0,20,,86094,19,,,0
401,'S2-4_4',705,,86127,17,0,52,0,11,,86097,19,0,41,0,13,,86114,21,0,41,0,15,,86098,19,0,41,0,57,,86121,21,,,0,24,,86099,19,0,41,0,11,,86100,19,0,41,0,81,,86101,19,0,41,0,33,,86102,19,0,41,0,73,,86103,19,0,41,0,35,,86123,19,,,0,70,,86104,19,0,41,0,28,,86105,19,0,41,0,61,,86122,21,,,0,30,,86118,22,0,41,0,71,,86124,19,,,0,33,,86096,22,0,41,0,77,,86106,19,0,41,0,28,,86125,19,,,0,72,,86107,19,0,41,0,24,,86108,19,0,41,0,58,,86109,21,0,41,0,13,,86119,22,0,41,0,17,,86115,19,0,41,0,16,,86110,19,0,41,0,54,,86116,21,0,41,0,13,,86120,22,,,0,33,,86111,19,0,41,0,65,,86117,21,0,41,0,79,,86112,19,0,41,0,20,,86126,19,,,0
2301,'S2-0_4',705,,88103,12,,,0,22,,88102,12,,,0,1,,88101,22,,,0
2301,'S2-0_5',705,,88106,12,,,0,22,,88105,12,,,0,1,,88104,22,,,0
2301,'S2-1_3',705,,88109,12,,,0,22,,88108,12,,,0,1,,88107,22,,,0
2301,'S2-4_1',705,,88112,12,,,0,22,,88111,12,,,0,1,,88110,22,,,0
2301,'S2-4_2',705,,88115,12,,,0,22,,88114,12,,,0,1,,88113,22,,,0
2301,'S2-4_4',705,,88118,12,,,0,22,,88117,12,,,0,1,,88116,22,,,0
