300,'S2-0_4',710,,85225,28,,,0,25,,85226,28,,,0,71,,85227,28,,,0,24,,85228,28,,,0,25,,85229,28,,,0,70,,85230,28,,,0,32,,85231,28,,,0,72,,85232,28,,,0,71,,85233,28,,,0,32,,85234,28,,,0,72,,85235,28,,,0,32,,85236,28,,,0,72,,85237,28,,,0,33,,85238,28,,,0,72,,85239,28,,,0,33,,85240,28,,,0,72,,85241,28,,,0,33,,85242,28,,,0,70,,85244,28,,,0,27,,85245,28,,,0,68,,85246,28,,,0,28,,85247,28,,,0,69,,85248,28,,,0,30,,85252,28,,,0,71,,85249,28,,,0,31,,85250,28,,,0,73,,85251,28,,,0,30,,85243,28,,,0
300,'S2-0_5',710,,85253,28,,,0,25,,85254,28,,,0,71,,85255,28,,,0,24,,85256,28,,,0,25,,85257,28,,,0,70,,85258,28,,,0,32,,85259,28,,,0,72,,85260,28,,,0,71,,85261,28,,,0,32,,85262,28,,,0,72,,85263,28,,,0,32,,85264,28,,,0,72,,85265,28,,,0,33,,85266,28,,,0,72,,85267,28,,,0,33,,85268,28,,,0,72,,85269,28,,,0,33,,85270,28,,,0,70,,85272,28,,,0,27,,85273,28,,,0,68,,85274,28,,,0,28,,85275,28,,,0,69,,85276,28,,,0,30,,85280,28,,,0,71,,85277,28,,,0,31,,85278,28,,,0,73,,85279,28,,,0,30,,85271,28,,,0
300,'S2-1_3',710,,85281,28,,,0,25,,85282,28,,,0,71,,85283,28,,,0,24,,85284,28,,,0,25,,85285,28,,,0,70,,85286,28,,,0,32,,85287,28,,,0,72,,85288,28,,,0,71,,85289,28,,,0,32,,85290,28,,,0,72,,85291,28,,,0,32,,85292,28,,,0,72,,85293,28,,,0,33,,85294,28,,,0,72,,85295,28,,,0,33,,85296,28,,,0,72,,85297,28,,,0,33,,85298,28,,,0,70,,85300,28,,,0,27,,85301,28,,,0,68,,85302,28,,,0,28,,85303,28,,,0,69,,85304,28,,,0,30,,85308,28,,,0,71,,85305,28,,,0,31,,85306,28,,,0,73,,85307,28,,,0,30,,85299,28,,,0
300,'S2-2_6',710,,85309,28,,,0,30,,85311,28,,,0,70,,85312,28,,,0,30,,85310,28,,,0,70,,85314,28,,,0,29,,85315,28,,,0,69,,85313,28,,,0,31,,85316,28,,,0,70,,85317,28,,,0,30,,85320,28,,,0,69,,85319,28,,,0,29,,85318,28,,,0,68,,85322,28,,,0,30,,85321,28,,,0,70,,85323,28,,,0,29,,85324,28,,,0,72,,85325,28,,,0,32,,85326,28,,,0,71,,85327,28,,,0,31,,85328,28,,,0,72,,85329,28,,,0,32,,85330,28,,,0,70,,85331,28,,,0,31,,85336,28,,,0,71,,85332,28,,,0,30,,85333,28,,,0,64,,85334,28,,,0,30,,85335,28,,,0
300,'S2-3_7',915,,85359,28,,,0,33,,85360,28,,,0,75,,85361,28,,,0,34,,85362,28,,,0,72,,85353,28,,,0,72,,85358,28,,,0,33,,85357,28,,,0,73,,85356,28,,,0,32,,85355,28,,,0,72,,85337,28,,,0,28,,85338,28,,,0,69,,85339,28,,,0,28,,85340,28,,,0,68,,85341,28,,,0,29,,85342,28,,,0,72,,85343,28,,,0,28,,85344,28,,,0,67,,85345,28,,,0,28,,85346,28,,,0,29,,85347,28,,,0,67,,85348,28,,,0,26,,85349,28,,,0,65,,85350,28,,,0,23,,85351,28,,,0,64,,85354,28,,,0,25,,85352,28,,,0
300,'S2-4_1',710,,85363,28,,,0,25,,85364,28,,,0,71,,85365,28,,,0,24,,85366,28,,,0,25,,85367,28,,,0,70,,85368,28,,,0,32,,85369,28,,,0,72,,85370,28,,,0,71,,85371,28,,,0,32,,85372,28,,,0,72,,85373,28,,,0,32,,85374,28,,,0,72,,85375,28,,,0,33,,85376,28,,,0,72,,85377,28,,,0,33,,85378,28,,,0,72,,85379,28,,,0,33,,85380,28,,,0,70,,85382,28,,,0,27,,85383,28,,,0,68,,85384,28,,,0,28,,85385,28,,,0,69,,85386,28,,,0,30,,85390,28,,,0,71,,85387,28,,,0,31,,85388,28,,,0,73,,85389,28,,,0,30,,85381,28,,,0
300,'S2-4_2',710,,85391,28,,,0,25,,85392,28,,,0,71,,85393,28,,,0,24,,85394,28,,,0,25,,85395,28,,,0,70,,85396,28,,,0,32,,85397,28,,,0,72,,85398,28,,,0,71,,85399,28,,,0,32,,85400,28,,,0,72,,85401,28,,,0,32,,85402,28,,,0,72,,85403,28,,,0,33,,85404,28,,,0,72,,85405,28,,,0,33,,85406,28,,,0,72,,85407,28,,,0,33,,85408,28,,,0,70,,85410,28,,,0,27,,85411,28,,,0,68,,85412,28,,,0,28,,85413,28,,,0,69,,85414,28,,,0,30,,85418,28,,,0,71,,85415,28,,,0,31,,85416,28,,,0,73,,85417,28,,,0,30,,85409,28,,,0
300,'S2-4_4',710,,85419,28,,,0,25,,85420,28,,,0,71,,85421,28,,,0,24,,85422,28,,,0,25,,85423,28,,,0,70,,85424,28,,,0,32,,85425,28,,,0,72,,85426,28,,,0,71,,85427,28,,,0,32,,85428,28,,,0,72,,85429,28,,,0,32,,85430,28,,,0,72,,85431,28,,,0,33,,85432,28,,,0,72,,85433,28,,,0,33,,85434,28,,,0,72,,85435,28,,,0,33,,85436,28,,,0,70,,85438,28,,,0,27,,85439,28,,,0,68,,85440,28,,,0,28,,85441,28,,,0,69,,85442,28,,,0,30,,85446,28,,,0,71,,85443,28,,,0,31,,85444,28,,,0,73,,85445,28,,,0,30,,85437,28,,,0
800,'S2-0_4',706,,86712,17,,,0,33,,86713,17,,,0,67,,86714,17,,,0,31,,86715,17,,,0,80,,86716,17,,,0,110,,86717,17,,,0,117,,86718,17,,,0,111,,86719,17,,,0,150,,86720,17,,,0,112,,86722,17,,,0,110,,86721,17,,,0
800,'S2-0_5',706,,86723,17,,,0,33,,86724,17,,,0,67,,86725,17,,,0,31,,86726,17,,,0,80,,86727,17,,,0,110,,86728,17,,,0,117,,86729,17,,,0,111,,86730,17,,,0,150,,86731,17,,,0,112,,86733,17,,,0,110,,86732,17,,,0
800,'S2-1_3',706,,86734,17,,,0,33,,86735,17,,,0,67,,86736,17,,,0,31,,86737,17,,,0,80,,86738,17,,,0,110,,86739,17,,,0,117,,86740,17,,,0,111,,86741,17,,,0,150,,86742,17,,,0,112,,86744,17,,,0,110,,86743,17,,,0
800,'S2-4_1',706,,86745,17,,,0,33,,86746,17,,,0,67,,86747,17,,,0,31,,86748,17,,,0,80,,86749,17,,,0,110,,86750,17,,,0,117,,86751,17,,,0,111,,86752,17,,,0,150,,86753,17,,,0,112,,86755,17,,,0,110,,86754,17,,,0
800,'S2-4_2',706,,86756,17,,,0,33,,86757,17,,,0,67,,86758,17,,,0,31,,86759,17,,,0,80,,86760,17,,,0,110,,86761,17,,,0,117,,86762,17,,,0,111,,86763,17,,,0,150,,86764,17,,,0,112,,86766,17,,,0,110,,86765,17,,,0
800,'S2-4_4',706,,86767,17,,,0,33,,86768,17,,,0,67,,86769,17,,,0,31,,86770,17,,,0,80,,86771,17,,,0,110,,86772,17,,,0,117,,86773,17,,,0,111,,86774,17,,,0,150,,86775,17,,,0,112,,86777,17,,,0,110,,86776,17,,,0
2200,'S2-0_4',711,,88004,13,0,11 15 16,0,122,,88005,13,0,11 15 16,0,881,,88006,13,0,11 15 16,0
2200,'S2-0_5',711,,88011,13,0,11 15 16,0,122,,88012,13,0,11 15 16,0,881,,88013,13,0,11 15 16,0
2200,'S2-1_3',711,,88018,13,0,11 15 16,0,122,,88019,13,0,11 15 16,0,881,,88020,13,0,11 15 16,0
2200,'S2-4_1',711,,88023,13,0,11 15 16,0,122,,88024,13,0,11 15 16,0,881,,88025,13,0,11 15 16,0
2200,'S2-4_2',711,,88030,13,0,11 15 16,0,122,,88031,13,0,11 15 16,0,881,,88032,13,0,11 15 16,0
2200,'S2-4_4',711,,88037,13,0,11 15 16,0,122,,88038,13,0,11 15 16,0,881,,88039,13,0,11 15 16,0
2000000,'S2-0_4',638,,90554,2,,,0,21,,90536,2,,,0,56,,90564,2,,,0,14,,90520,2,,,0,13,,90547,2,,,0,16,,90529,2,,,0,56,,90556,2,,,0,15,,90539,2,,,0,16,,90567,2,,,0,57,,90521,2,,,0,16,,90552,2,,,0,15,,90530,2,,,0,16,,90557,2,,,0,55,,90537,2,,,0,16,,90565,2,,,0,16,,90522,2,,,0,16,,90553,2,,,0,55,,90531,2,,,0,15,,90558,2,,,0,17,,90538,2,,,0,14,,90568,2,,,0,56,,90523,2,,,0,15,,90546,2,,,0,17,,90532,2,,,0,15,,90555,2,,,0,55,,90540,2,,,0,15,,90566,2,,,0,15,,90525,2,,,0,15,,90548,2,,,0,55,,90535,2,,,0,15,,90560,2,,,0,15,,90541,2,,,0,14,,90569,2,,,0,55,,90526,2,,,0,15,,90549,2,,,0,15,,90534,2,,,0,15,,90559,2,,,0,54,,90542,2,,,0,16,,90518,2,,,0,12,,90570,2,,,0,18,,90524,2,,,0,54,,90551,2,,,0,18,,90533,2,,,0,15,,90561,2,,,0,15,,90544,2,,,0,56,,90519,2,,,0,15,,90571,2,,,0,16,,90527,2,,,0,56,,90550,2,,,0,14,,90562,2,,,0,19,,90543,2,,,0,22,,90572,2,,,0,61,,90528,2,,,0,19,,90563,2,,,0,21,,90545,2,,,0
2000000,'S2-0_5',638,,90613,2,,,0,21,,90595,2,,,0,56,,90623,2,,,0,14,,90579,2,,,0,13,,90606,2,,,0,16,,90588,2,,,0,56,,90615,2,,,0,15,,90598,2,,,0,16,,90626,2,,,0,57,,90580,2,,,0,16,,90611,2,,,0,15,,90589,2,,,0,16,,90616,2,,,0,55,,90596,2,,,0,16,,90624,2,,,0,16,,90581,2,,,0,16,,90612,2,,,0,55,,90590,2,,,0,15,,90617,2,,,0,17,,90597,2,,,0,14,,90627,2,,,0,56,,90582,2,,,0,15,,90605,2,,,0,17,,90591,2,,,0,15,,90614,2,,,0,55,,90599,2,,,0,15,,90625,2,,,0,15,,90584,2,,,0,15,,90607,2,,,0,55,,90594,2,,,0,15,,90619,2,,,0,15,,90600,2,,,0,14,,90628,2,,,0,55,,90585,2,,,0,15,,90608,2,,,0,15,,90593,2,,,0,15,,90618,2,,,0,54,,90601,2,,,0,16,,90577,2,,,0,12,,90629,2,,,0,18,,90583,2,,,0,54,,90610,2,,,0,18,,90592,2,,,0,15,,90620,2,,,0,15,,90603,2,,,0,56,,90578,2,,,0,15,,90630,2,,,0,16,,90586,2,,,0,56,,90609,2,,,0,14,,90621,2,,,0,19,,90602,2,,,0,22,,90631,2,,,0,61,,90587,2,,,0,19,,90622,2,,,0,21,,90604,2,,,0
2000000,'S2-1_3',638,,90671,2,,,0,21,,90653,2,,,0,56,,90681,2,,,0,14,,90637,2,,,0,13,,90664,2,,,0,16,,90646,2,,,0,56,,90673,2,,,0,15,,90656,2,,,0,16,,90684,2,,,0,57,,90638,2,,,0,16,,90669,2,,,0,15,,90647,2,,,0,16,,90674,2,,,0,55,,90654,2,,,0,16,,90682,2,,,0,16,,90639,2,,,0,16,,90670,2,,,0,55,,90648,2,,,0,15,,90675,2,,,0,17,,90655,2,,,0,14,,90685,2,,,0,56,,90640,2,,,0,15,,90663,2,,,0,17,,90649,2,,,0,15,,90672,2,,,0,55,,90657,2,,,0,15,,90683,2,,,0,15,,90642,2,,,0,15,,90665,2,,,0,55,,90652,2,,,0,15,,90677,2,,,0,15,,90658,2,,,0,14,,90686,2,,,0,55,,90643,2,,,0,15,,90666,2,,,0,15,,90651,2,,,0,15,,90676,2,,,0,54,,90659,2,,,0,16,,90635,2,,,0,12,,90687,2,,,0,18,,90641,2,,,0,54,,90668,2,,,0,18,,90650,2,,,0,15,,90678,2,,,0,15,,90661,2,,,0,56,,90636,2,,,0,15,,90688,2,,,0,16,,90644,2,,,0,56,,90667,2,,,0,14,,90679,2,,,0,19,,90660,2,,,0,22,,90689,2,,,0,61,,90645,2,,,0,19,,90680,2,,,0,21,,90662,2,,,0
2000000,'S2-2_6',636,,90691,2,,,0,80,,90692,2,,,0,39,,90693,2,,,0,68,,90694,2,,,0,21,,90695,2,,,0,60,,90696,2,,,0,17,,90697,2,,,0,18,,90698,2,,,0,19,,90699,2,,,0,60,,90700,2,,,0,19,,90701,2,,,0,19,,90702,2,,,0,59,,90703,2,,,0,20,,90704,2,,,0,19,,90705,2,,,0,59,,90706,2,,,0,18,,90707,2,,,0,19,,90708,2,,,0,59,,90709,2,,,0,19,,90710,2,,,0,18,,90711,2,,,0,59,,90712,2,,,0,20,,90713,2,,,0,20,,90714,2,,,0,59,,90715,2,,,0,19,,90716,2,,,0,20,,90717,2,,,0,60,,90718,2,,,0,20,,90719,2,,,0,20,,90720,2,,,0,59,,90721,2,,,0,20,,90722,2,,,0,20,,90723,2,,,0,60,,90724,2,,,0,19,,90725,2,,,0,20,,90726,2,,,0,65,,90727,2,,,0,25,,90728,2,,,0,25,,90729,2,,,0,65,,90730,2,,,0,25,,90731,2,,,0
2000000,'S2-3_7',812,,90732,2,,,0,40,,90733,2,,,0,80,,90734,2,,,0,80,,90735,2,,,0,40,,90736,2,,,0,80,,90737,2,,,0,80,,90738,2,,,0,40,,90739,2,,,0,80,,90740,2,,,0,80,,90741,2,,,0,40,,90742,2,,,0,80,,90743,2,,,0,80,,90744,2,,,0,40,,90745,2,,,0,80,,90746,2,,,0,80,,90747,2,,,0,40,,90748,2,,,0,80,,90749,2,,,0
2000000,'S2-4_1',638,,90789,2,,,0,21,,90771,2,,,0,56,,90799,2,,,0,14,,90755,2,,,0,13,,90782,2,,,0,16,,90764,2,,,0,56,,90791,2,,,0,15,,90774,2,,,0,16,,90802,2,,,0,57,,90756,2,,,0,16,,90787,2,,,0,15,,90765,2,,,0,16,,90792,2,,,0,55,,90772,2,,,0,16,,90800,2,,,0,16,,90757,2,,,0,16,,90788,2,,,0,55,,90766,2,,,0,15,,90793,2,,,0,17,,90773,2,,,0,14,,90803,2,,,0,56,,90758,2,,,0,15,,90781,2,,,0,17,,90767,2,,,0,15,,90790,2,,,0,55,,90775,2,,,0,15,,90801,2,,,0,15,,90760,2,,,0,15,,90783,2,,,0,55,,90770,2,,,0,15,,90795,2,,,0,15,,90776,2,,,0,14,,90804,2,,,0,55,,90761,2,,,0,15,,90784,2,,,0,15,,90769,2,,,0,15,,90794,2,,,0,54,,90777,2,,,0,16,,90753,2,,,0,12,,90805,2,,,0,18,,90759,2,,,0,54,,90786,2,,,0,18,,90768,2,,,0,15,,90796,2,,,0,15,,90779,2,,,0,56,,90754,2,,,0,15,,90806,2,,,0,16,,90762,2,,,0,56,,90785,2,,,0,14,,90797,2,,,0,19,,90778,2,,,0,22,,90807,2,,,0,61,,90763,2,,,0,19,,90798,2,,,0,21,,90780,2,,,0
2000000,'S2-4_2',638,,90848,2,,,0,21,,90830,2,,,0,56,,90858,2,,,0,14,,90814,2,,,0,13,,90841,2,,,0,16,,90823,2,,,0,56,,90850,2,,,0,15,,90833,2,,,0,16,,90861,2,,,0,57,,90815,2,,,0,16,,90846,2,,,0,15,,90824,2,,,0,16,,90851,2,,,0,55,,90831,2,,,0,16,,90859,2,,,0,16,,90816,2,,,0,16,,90847,2,,,0,55,,90825,2,,,0,15,,90852,2,,,0,17,,90832,2,,,0,14,,90862,2,,,0,56,,90817,2,,,0,15,,90840,2,,,0,17,,90826,2,,,0,15,,90849,2,,,0,55,,90834,2,,,0,15,,90860,2,,,0,15,,90819,2,,,0,15,,90842,2,,,0,55,,90829,2,,,0,15,,90854,2,,,0,15,,90835,2,,,0,14,,90863,2,,,0,55,,90820,2,,,0,15,,90843,2,,,0,15,,90828,2,,,0,15,,90853,2,,,0,54,,90836,2,,,0,16,,90812,2,,,0,12,,90864,2,,,0,18,,90818,2,,,0,54,,90845,2,,,0,18,,90827,2,,,0,15,,90855,2,,,0,15,,90838,2,,,0,56,,90813,2,,,0,15,,90865,2,,,0,16,,90821,2,,,0,56,,90844,2,,,0,14,,90856,2,,,0,19,,90837,2,,,0,22,,90866,2,,,0,61,,90822,2,,,0,19,,90857,2,,,0,21,,90839,2,,,0
2000000,'S2-4_4',638,,90907,2,,,0,21,,90889,2,,,0,56,,90917,2,,,0,14,,90873,2,,,0,13,,90900,2,,,0,16,,90882,2,,,0,56,,90909,2,,,0,15,,90892,2,,,0,16,,90920,2,,,0,57,,90874,2,,,0,16,,90905,2,,,0,15,,90883,2,,,0,16,,90910,2,,,0,55,,90890,2,,,0,16,,90918,2,,,0,16,,90875,2,,,0,16,,90906,2,,,0,55,,90884,2,,,0,15,,90911,2,,,0,17,,90891,2,,,0,14,,90921,2,,,0,56,,90876,2,,,0,15,,90899,2,,,0,17,,90885,2,,,0,15,,90908,2,,,0,55,,90893,2,,,0,15,,90919,2,,,0,15,,90878,2,,,0,15,,90901,2,,,0,55,,90888,2,,,0,15,,90913,2,,,0,15,,90894,2,,,0,14,,90922,2,,,0,55,,90879,2,,,0,15,,90902,2,,,0,15,,90887,2,,,0,15,,90912,2,,,0,54,,90895,2,,,0,16,,90871,2,,,0,12,,90923,2,,,0,18,,90877,2,,,0,54,,90904,2,,,0,18,,90886,2,,,0,15,,90914,2,,,0,15,,90897,2,,,0,56,,90872,2,,,0,15,,90924,2,,,0,16,,90880,2,,,0,56,,90903,2,,,0,14,,90915,2,,,0,19,,90896,2,,,0,22,,90925,2,,,0,61,,90881,2,,,0,19,,90916,2,,,0,21,,90898,2,,,0
