900,'S2-0_4',650,,86863,9,,,0,68,,86864,9,,,0,41,,86868,15,,,0,61,,86869,6,,,0,4,,86870,16,,,0,84,,86865,9,,,0,49,,86871,16,,,0,94,,86872,12,0,50,0,93,,86873,12,,,0,105,,86874,12,,,0,70,,86866,9,,,0,130,,86877,17,,,0,84,,86875,12,,,0,110,,86876,12,,,0,72,,86867,9,,,0,130,,86878,17,,,0,78,,86879,9,0,50,0
900,'S2-0_5',650,,86882,9,,,0,68,,86883,9,,,0,41,,86887,15,,,0,61,,86888,6,,,0,4,,86889,16,,,0,84,,86884,9,,,0,49,,86890,16,,,0,94,,86891,12,0,50,0,93,,86892,12,,,0,105,,86893,12,,,0,70,,86885,9,,,0,130,,86896,17,,,0,84,,86894,12,,,0,110,,86895,12,,,0,72,,86886,9,,,0,130,,86897,17,,,0,78,,86898,9,0,50,0
900,'S2-1_3',650,,86901,9,,,0,68,,86902,9,,,0,41,,86906,15,,,0,61,,86907,6,,,0,4,,86908,16,,,0,84,,86903,9,,,0,49,,86909,16,,,0,94,,86910,12,0,50,0,93,,86911,12,,,0,105,,86912,12,,,0,70,,86904,9,,,0,130,,86915,17,,,0,84,,86913,12,,,0,110,,86914,12,,,0,72,,86905,9,,,0,130,,86916,17,,,0,78,,86917,9,0,50,0
900,'S2-2_6',700,,86921,12,,,0,59,,86922,12,,,0,158,,86920,12,0,50,0,126,,86927,6,0,50,0,70,,86923,12,,,0,137,,86929,13,0,50,0,97,,86928,6,0,50,0,90,,86924,12,,,0,89,,86919,6,,,0,98,,86930,6,,,0,135,,86925,13,,,0,94,,86926,12,,,0
900,'S2-4_1',650,,86932,9,,,0,68,,86933,9,,,0,41,,86937,15,,,0,61,,86938,6,,,0,4,,86939,16,,,0,84,,86934,9,,,0,49,,86940,16,,,0,94,,86941,12,0,50,0,93,,86942,12,,,0,105,,86943,12,,,0,70,,86935,9,,,0,130,,86946,17,,,0,84,,86944,12,,,0,110,,86945,12,,,0,72,,86936,9,,,0,130,,86947,17,,,0,78,,86948,9,0,50,0
900,'S2-4_2',650,,86951,9,,,0,68,,86952,9,,,0,41,,86956,15,,,0,61,,86957,6,,,0,4,,86958,16,,,0,84,,86953,9,,,0,49,,86959,16,,,0,94,,86960,12,0,50,0,93,,86961,12,,,0,105,,86962,12,,,0,70,,86954,9,,,0,130,,86965,17,,,0,84,,86963,12,,,0,110,,86964,12,,,0,72,,86955,9,,,0,130,,86966,17,,,0,78,,86967,9,0,50,0
900,'S2-4_4',650,,86970,9,,,0,68,,86971,9,,,0,41,,86975,15,,,0,61,,86976,6,,,0,4,,86977,16,,,0,84,,86972,9,,,0,49,,86978,16,,,0,94,,86979,12,0,50,0,93,,86980,12,,,0,105,,86981,12,,,0,70,,86973,9,,,0,130,,86984,17,,,0,84,,86982,12,,,0,110,,86983,12,,,0,72,,86974,9,,,0,130,,86985,17,,,0,78,,86986,9,0,50,0
1600,'S2-0_4',818,,87526,14,,,0,206,,87531,18,,,0,296,,87533,23,,,0,123,,87529,18,,,0,297,,87535,23,,,0,165,,87532,18,,,0
1600,'S2-0_5',818,,87536,14,,,0,206,,87541,18,,,0,296,,87543,23,,,0,123,,87539,18,,,0,297,,87545,23,,,0,165,,87542,18,,,0
1600,'S2-1_3',818,,87546,14,,,0,206,,87551,18,,,0,296,,87553,23,,,0,123,,87549,18,,,0,297,,87555,23,,,0,165,,87552,18,,,0
1600,'S2-2_6',818,,87556,14,,,0,206,,87561,18,,,0,296,,87563,23,,,0,123,,87559,18,,,0,297,,87565,23,,,0,165,,87562,18,,,0
1600,'S2-4_1',818,,87566,14,,,0,206,,87571,18,,,0,296,,87573,23,,,0,123,,87569,18,,,0,297,,87575,23,,,0,165,,87572,18,,,0
1600,'S2-4_2',818,,87576,14,,,0,206,,87581,18,,,0,296,,87583,23,,,0,123,,87579,18,,,0,297,,87585,23,,,0,165,,87582,18,,,0
1600,'S2-4_4',818,,87586,14,,,0,206,,87591,18,,,0,296,,87593,23,,,0,123,,87589,18,,,0,297,,87595,23,,,0,165,,87592,18,,,0
