700,'S2-0_4',733,,86558,24,,,0,110,,86560,24,,,0,112,,86561,24,,,0,150,,86562,24,,,0,110,,86563,24,,,0,110,,86564,24,,,0,110,,86565,24,,,0,110,,86566,24,,,0,113,,86567,24,,,0,150,,86568,24,,,0,104,,86559,24,,,0
700,'S2-0_5',733,,86569,24,,,0,110,,86571,24,,,0,112,,86572,24,,,0,150,,86573,24,,,0,110,,86574,24,,,0,110,,86575,24,,,0,110,,86576,24,,,0,110,,86577,24,,,0,113,,86578,24,,,0,150,,86579,24,,,0,104,,86570,24,,,0
700,'S2-1_3',733,,86580,24,,,0,110,,86582,24,,,0,112,,86583,24,,,0,150,,86584,24,,,0,110,,86585,24,,,0,110,,86586,24,,,0,110,,86587,24,,,0,110,,86588,24,,,0,113,,86589,24,,,0,150,,86590,24,,,0,104,,86581,24,,,0
700,'S2-2_6',731,,86593,24,,,0,110,,86594,24,,,0,112,,86595,24,,,0,150,,86596,24,,,0,110,,86597,24,,,0,110,,86598,24,,,0,111,,86599,24,,,0,109,,86600,24,,,0,111,,86601,24,,,0,150,,86591,24,,,0,107,,86592,24,,,0
700,'S2-4_1',733,,86602,24,,,0,110,,86604,24,,,0,112,,86605,24,,,0,150,,86606,24,,,0,110,,86607,24,,,0,110,,86608,24,,,0,110,,86609,24,,,0,110,,86610,24,,,0,113,,86611,24,,,0,150,,86612,24,,,0,104,,86603,24,,,0
700,'S2-4_2',733,,86613,24,,,0,110,,86615,24,,,0,112,,86616,24,,,0,150,,86617,24,,,0,110,,86618,24,,,0,110,,86619,24,,,0,110,,86620,24,,,0,110,,86621,24,,,0,113,,86622,24,,,0,150,,86623,24,,,0,104,,86614,24,,,0
700,'S2-4_4',733,,86624,24,,,0,110,,86626,24,,,0,112,,86627,24,,,0,150,,86628,24,,,0,110,,86629,24,,,0,110,,86630,24,,,0,110,,86631,24,,,0,110,,86632,24,,,0,113,,86633,24,,,0,150,,86634,24,,,0,104,,86625,24,,,0
2400,'S2-0_4',743,,88119,20,,,0,868,,88120,15,,,0,104,,88121,15,,,0,94,,88122,15,,,0
2400,'S2-0_5',743,,88123,20,,,0,868,,88124,15,,,0,104,,88125,15,,,0,94,,88126,15,,,0
2400,'S2-1_3',743,,88127,20,,,0,490,,88128,15,,,0
2400,'S2-4_1',743,,88129,20,,,0,868,,88130,15,,,0,104,,88131,15,,,0,94,,88132,15,,,0
2400,'S2-4_2',743,,88133,20,,,0,868,,88134,15,,,0,104,,88135,15,,,0,94,,88136,15,,,0
2400,'S2-4_4',743,,88137,20,,,0,868,,88138,15,,,0,104,,88139,15,,,0,94,,88140,15,,,0
