500,'S2-0_4',653,,86140,4,,,0,160,,86128,4,,,0,105,,86129,4,,,0,100,,86130,4,,,0,105,,86131,4,,,0,101,,86132,4,,,0,84,,86133,4,,,0,94,,86134,4,,,0,100,,86135,4,,,0,101,,86136,4,,,0,106,,86137,4,,,0,104,,86142,4,,,0,100,,86138,4,,,0
500,'S2-0_5',653,,86155,4,,,0,160,,86143,4,,,0,105,,86144,4,,,0,100,,86145,4,,,0,105,,86146,4,,,0,101,,86147,4,,,0,84,,86148,4,,,0,94,,86149,4,,,0,100,,86150,4,,,0,101,,86151,4,,,0,106,,86152,4,,,0,104,,86157,4,,,0,100,,86153,4,,,0
500,'S2-1_3',653,,86170,4,,,0,160,,86158,4,,,0,105,,86159,4,,,0,100,,86160,4,,,0,105,,86161,4,,,0,101,,86162,4,,,0,84,,86163,4,,,0,94,,86164,4,,,0,100,,86165,4,,,0,101,,86166,4,,,0,106,,86167,4,,,0,104,,86172,4,,,0,100,,86168,4,,,0
500,'S2-2_6',713,,86184,4,,,0,98,,86173,4,,,0,99,,86174,4,,,0,101,,86175,4,,,0,100,,86176,4,,,0,96,,86177,4,,,0,98,,86178,4,,,0,100,,86179,4,,,0,99,,86180,4,,,0,101,,86181,4,,,0,100,,86182,4,,,0,153,,86183,4,,,0
500,'S2-4_1',653,,86197,4,,,0,160,,86185,4,,,0,105,,86186,4,,,0,100,,86187,4,,,0,105,,86188,4,,,0,101,,86189,4,,,0,84,,86190,4,,,0,94,,86191,4,,,0,100,,86192,4,,,0,101,,86193,4,,,0,106,,86194,4,,,0,104,,86199,4,,,0,100,,86195,4,,,0
500,'S2-4_2',653,,86212,4,,,0,160,,86200,4,,,0,105,,86201,4,,,0,100,,86202,4,,,0,105,,86203,4,,,0,101,,86204,4,,,0,84,,86205,4,,,0,94,,86206,4,,,0,100,,86207,4,,,0,101,,86208,4,,,0,106,,86209,4,,,0,104,,86214,4,,,0,100,,86210,4,,,0
500,'S2-4_4',653,,86227,4,,,0,160,,86215,4,,,0,105,,86216,4,,,0,100,,86217,4,,,0,105,,86218,4,,,0,101,,86219,4,,,0,84,,86220,4,,,0,94,,86221,4,,,0,100,,86222,4,,,0,101,,86223,4,,,0,106,,86224,4,,,0,104,,86229,4,,,0,100,,86225,4,,,0
2900500,'S2-0_4',646,,91418,4,,,0,107,,91419,4,,,0
2900500,'S2-0_5',646,,91420,4,,,0,107,,91421,4,,,0
2900500,'S2-1_3',646,,91422,4,,,0,107,,91423,4,,,0
2900500,'S2-4_1',646,,91424,4,,,0,107,,91425,4,,,0
2900500,'S2-4_2',646,,91426,4,,,0,107,,91427,4,,,0
2900500,'S2-4_4',646,,91428,4,,,0,107,,91429,4,,,0
