400,'S2-0_4',758,,85694,48,0,40,0,61,,85701,51,0,40,0,6,,85670,47,0,40,0,16,,85671,48,0,40,0,10,,85695,47,0,40,0,54,,85672,47,0,40,0,13,,85673,47,0,40,0,30,,85674,47,0,40,0,79,,85675,59,0,40,0,31,,85676,47,0,40,0,71,,85677,47,0,40,0,76,,85678,47,0,40,0,37,,85679,47,0,40,0,65,,85699,50,,,0,26,,85696,60,0,40,0,25,,85680,47,0,40,0,66,,85681,47,0,40,0,30,,85684,59,0,40,0,76,,85682,47,0,40,0,70,,85685,59,0,40,0,40,,85683,47,0,40,0,80,,85702,51,0,40,0,22,,85686,59,0,40,0,7,,85697,32,0,40,0,8,,85687,47,0,40,0,61,,85703,51,,,0,5,,85689,47,0,40,0,23,,85692,31,0,40,0,61,,85700,50,,,0,30,,85690,47,0,40,0,63,,85691,59,0,40,0
400,'S2-0_5',758,,85728,48,0,40,0,61,,85735,51,0,40,0,6,,85704,47,0,40,0,16,,85705,48,0,40,0,10,,85729,47,0,40,0,54,,85706,47,0,40,0,13,,85707,47,0,40,0,30,,85708,47,0,40,0,79,,85709,59,0,40,0,31,,85710,47,0,40,0,71,,85711,47,0,40,0,76,,85712,47,0,40,0,37,,85713,47,0,40,0,65,,85733,50,,,0,26,,85730,60,0,40,0,25,,85714,47,0,40,0,66,,85715,47,0,40,0,30,,85718,59,0,40,0,76,,85716,47,0,40,0,70,,85719,59,0,40,0,40,,85717,47,0,40,0,80,,85736,51,0,40,0,22,,85720,59,0,40,0,7,,85731,32,0,40,0,8,,85721,47,0,40,0,61,,85737,51,,,0,5,,85723,47,0,40,0,23,,85726,31,0,40,0,61,,85734,50,,,0,30,,85724,47,0,40,0,63,,85725,59,0,40,0
400,'S2-1_3',758,,85761,48,0,40,0,61,,85768,51,0,40,0,6,,85738,47,0,40,0,16,,85739,48,0,40,0,10,,85762,47,0,40,0,54,,85740,47,0,40,0,13,,85741,47,0,40,0,30,,85742,47,0,40,0,79,,85743,59,0,40,0,31,,85744,47,0,40,0,71,,85745,47,0,40,0,76,,85746,47,0,40,0,37,,85747,47,0,40,0,65,,85766,50,,,0,26,,85763,60,0,40,0,25,,85748,47,0,40,0,66,,85749,47,0,40,0,30,,85752,59,0,40,0,76,,85750,47,0,40,0,70,,85753,59,0,40,0,40,,85751,47,0,40,0,80,,85769,51,0,40,0,22,,85754,59,0,40,0,7,,85764,32,0,40,0,8,,85755,47,0,40,0,61,,85770,51,,,0,5,,85757,47,0,40,0,23,,85756,59,0,40,0,61,,85767,50,,,0,30,,85758,47,0,40,0,63,,85759,59,0,40,0
400,'S2-2_6',748,,85777,47,0,40,0,104,,85778,47,0,40,0,72,,85771,59,0,40,0,27,,85779,47,0,40,0,72,,85780,47,0,40,0,30,,85781,47,0,40,0,71,,85772,59,0,40,0,31,,85782,47,0,40,0,70,,85784,47,0,40,0,29,,85783,47,0,40,0,69,,85773,59,0,40,0,31,,85785,47,0,40,0,70,,85786,47,0,40,0,29,,85787,47,0,40,0,73,,85774,59,0,40,0,33,,85788,47,0,40,0,70,,85789,47,0,40,0,71,,85790,47,0,40,0,33,,85775,59,0,40,0,72,,85791,47,0,40,0,30,,85792,47,0,40,0,71,,85793,47,0,40,0,29,,85776,59,0,40,0,71,,85794,47,0,40,0
400,'S2-3_7',901,,85795,59,0,40,0,125,,85796,59,0,40,0,125,,85797,59,0,40,0,200,,85798,59,0,40,0,166,,85799,59,0,40,0,125,,85800,59,0,40,0,166,,85801,59,0,40,0,124,,85802,59,0,40,0
400,'S2-4_1',758,,85827,48,0,40,0,61,,85834,51,0,40,0,6,,85803,47,0,40,0,16,,85804,48,0,40,0,10,,85828,47,0,40,0,54,,85805,47,0,40,0,13,,85806,47,0,40,0,30,,85807,47,0,40,0,79,,85808,59,0,40,0,31,,85809,47,0,40,0,71,,85810,47,0,40,0,76,,85811,47,0,40,0,37,,85812,47,0,40,0,65,,85832,50,,,0,26,,85829,60,0,40,0,25,,85813,47,0,40,0,66,,85814,47,0,40,0,30,,85817,59,0,40,0,76,,85815,47,0,40,0,70,,85818,59,0,40,0,40,,85816,47,0,40,0,80,,85835,51,0,40,0,22,,85819,59,0,40,0,7,,85830,32,0,40,0,8,,85820,47,0,40,0,61,,85836,51,,,0,5,,85822,47,0,40,0,23,,85825,31,0,40,0,61,,85833,50,,,0,30,,85823,47,0,40,0,63,,85824,59,0,40,0
400,'S2-4_2',758,,85861,48,0,40,0,61,,85868,51,0,40,0,6,,85837,47,0,40,0,16,,85838,48,0,40,0,10,,85862,47,0,40,0,54,,85839,47,0,40,0,13,,85840,47,0,40,0,30,,85841,47,0,40,0,79,,85842,59,0,40,0,31,,85843,47,0,40,0,71,,85844,47,0,40,0,76,,85845,47,0,40,0,37,,85846,47,0,40,0,65,,85866,50,,,0,26,,85863,60,0,40,0,25,,85847,47,0,40,0,66,,85848,47,0,40,0,30,,85851,59,0,40,0,76,,85849,47,0,40,0,70,,85852,59,0,40,0,40,,85850,47,0,40,0,80,,85869,51,0,40,0,22,,85853,59,0,40,0,7,,85864,32,0,40,0,8,,85854,47,0,40,0,61,,85870,51,,,0,5,,85856,47,0,40,0,23,,85859,31,0,40,0,61,,85867,50,,,0,30,,85857,47,0,40,0,63,,85858,59,0,40,0
400,'S2-4_4',758,,85895,48,0,40,0,61,,85902,51,0,40,0,6,,85871,47,0,40,0,16,,85872,48,0,40,0,10,,85896,47,0,40,0,54,,85873,47,0,40,0,13,,85874,47,0,40,0,30,,85875,47,0,40,0,79,,85876,59,0,40,0,31,,85877,47,0,40,0,71,,85878,47,0,40,0,76,,85879,47,0,40,0,37,,85880,47,0,40,0,65,,85900,50,,,0,26,,85897,60,0,40,0,25,,85881,47,0,40,0,66,,85882,47,0,40,0,30,,85885,59,0,40,0,76,,85883,47,0,40,0,70,,85886,59,0,40,0,40,,85884,47,0,40,0,80,,85903,51,0,40,0,22,,85887,59,0,40,0,7,,85898,32,0,40,0,8,,85888,47,0,40,0,61,,85904,51,,,0,5,,85890,47,0,40,0,23,,85893,31,0,40,0,61,,85901,50,,,0,30,,85891,47,0,40,0,63,,85892,59,0,40,0
2300,'S2-0_4',1631,,88084,28,,,0,105,,88085,28,,,0,95,,88086,28,,,0
2300,'S2-0_5',1631,,88087,28,,,0,105,,88088,28,,,0,95,,88089,28,,,0
2300,'S2-1_3',1234,,88091,28,,,0,3,,88090,28,,,0
2300,'S2-4_1',1631,,88092,28,,,0,105,,88093,28,,,0,95,,88094,28,,,0
2300,'S2-4_2',1631,,88095,28,,,0,105,,88096,28,,,0,95,,88097,28,,,0
2300,'S2-4_4',1631,,88098,28,,,0,105,,88099,28,,,0,95,,88100,28,,,0
