301,'S2-0_4',740,,85473,28,,,0,61,,85447,28,,,0,34,,85474,28,,,0,73,,85448,28,,,0,30,,85449,28,,,0,71,,85450,28,,,0,32,,85451,28,,,0,72,,85452,28,,,0,33,,85453,28,,,0,74,,85454,28,,,0,31,,85455,28,,,0,71,,85456,28,,,0,33,,85457,28,,,0,72,,85458,28,,,0,31,,85459,28,,,0,71,,85460,28,,,0,27,,85461,28,,,0,68,,85462,28,,,0,31,,85463,28,,,0,70,,85464,28,,,0,30,,85465,28,,,0,70,,85466,28,,,0,23,,85467,28,,,0,62,,85468,28,,,0,23,,85469,28,,,0,69,,85470,28,,,0,28,,85471,28,,,0,70,,85472,28,,,0
301,'S2-0_5',740,,85501,28,,,0,61,,85475,28,,,0,34,,85502,28,,,0,73,,85476,28,,,0,30,,85477,28,,,0,71,,85478,28,,,0,32,,85479,28,,,0,72,,85480,28,,,0,33,,85481,28,,,0,74,,85482,28,,,0,31,,85483,28,,,0,71,,85484,28,,,0,33,,85485,28,,,0,72,,85486,28,,,0,31,,85487,28,,,0,71,,85488,28,,,0,27,,85489,28,,,0,68,,85490,28,,,0,31,,85491,28,,,0,70,,85492,28,,,0,30,,85493,28,,,0,70,,85494,28,,,0,23,,85495,28,,,0,62,,85496,28,,,0,23,,85497,28,,,0,69,,85498,28,,,0,28,,85499,28,,,0,70,,85500,28,,,0
301,'S2-1_3',740,,85529,28,,,0,61,,85503,28,,,0,34,,85530,28,,,0,73,,85504,28,,,0,30,,85505,28,,,0,71,,85506,28,,,0,32,,85507,28,,,0,72,,85508,28,,,0,33,,85509,28,,,0,74,,85510,28,,,0,31,,85511,28,,,0,71,,85512,28,,,0,33,,85513,28,,,0,72,,85514,28,,,0,31,,85515,28,,,0,71,,85516,28,,,0,27,,85517,28,,,0,68,,85518,28,,,0,31,,85519,28,,,0,70,,85520,28,,,0,30,,85521,28,,,0,70,,85522,28,,,0,23,,85523,28,,,0,62,,85524,28,,,0,23,,85525,28,,,0,69,,85526,28,,,0,28,,85527,28,,,0,70,,85528,28,,,0
301,'S2-2_6',745,,85534,28,,,0,71,,85531,28,,,0,31,,85532,28,,,0,70,,85533,28,,,0,31,,85535,28,,,0,70,,85536,28,,,0,31,,85537,28,,,0,70,,85538,28,,,0,31,,85542,28,,,0,69,,85541,28,,,0,28,,85539,28,,,0,69,,85540,28,,,0,29,,85544,28,,,0,71,,85545,28,,,0,30,,85543,28,,,0,71,,85546,28,,,0,30,,85549,28,,,0,72,,85547,28,,,0,33,,85548,28,,,0,71,,85551,28,,,0,31,,85550,28,,,0,70,,85552,28,,,0,32,,85553,28,,,0,67,,85554,28,,,0,28,,85555,28,,,0,69,,85556,28,,,0,30,,85557,28,,,0,63,,85558,28,,,0
301,'S2-3_7',819,,85580,28,,,0,33,,85575,28,,,0,72,,85581,28,,,0,33,,85576,28,,,0,73,,85582,28,,,0,72,,85577,28,,,0,33,,85583,28,,,0,72,,85578,28,,,0,32,,85584,28,,,0,73,,85559,28,,,0,27,,85560,28,,,0,69,,85561,28,,,0,26,,85562,28,,,0,68,,85563,28,,,0,27,,85564,28,,,0,29,,85565,28,,,0,68,,85585,28,,,0,26,,85566,28,,,0,72,,85567,28,,,0,34,,85568,28,,,0,68,,85569,28,,,0,27,,85570,28,,,0,65,,85571,28,,,0,25,,85572,28,,,0,66,,85573,28,,,0,27,,85579,28,,,0,65,,85574,28,,,0
301,'S2-4_1',740,,85612,28,,,0,61,,85586,28,,,0,34,,85613,28,,,0,73,,85587,28,,,0,30,,85588,28,,,0,71,,85589,28,,,0,32,,85590,28,,,0,72,,85591,28,,,0,33,,85592,28,,,0,74,,85593,28,,,0,31,,85594,28,,,0,71,,85595,28,,,0,33,,85596,28,,,0,72,,85597,28,,,0,31,,85598,28,,,0,71,,85599,28,,,0,27,,85600,28,,,0,68,,85601,28,,,0,31,,85602,28,,,0,70,,85603,28,,,0,30,,85604,28,,,0,70,,85605,28,,,0,23,,85606,28,,,0,62,,85607,28,,,0,23,,85608,28,,,0,69,,85609,28,,,0,28,,85610,28,,,0,70,,85611,28,,,0
301,'S2-4_2',740,,85640,28,,,0,61,,85614,28,,,0,34,,85641,28,,,0,73,,85615,28,,,0,30,,85616,28,,,0,71,,85617,28,,,0,32,,85618,28,,,0,72,,85619,28,,,0,33,,85620,28,,,0,74,,85621,28,,,0,31,,85622,28,,,0,71,,85623,28,,,0,33,,85624,28,,,0,72,,85625,28,,,0,31,,85626,28,,,0,71,,85627,28,,,0,27,,85628,28,,,0,68,,85629,28,,,0,31,,85630,28,,,0,70,,85631,28,,,0,30,,85632,28,,,0,70,,85633,28,,,0,23,,85634,28,,,0,62,,85635,28,,,0,23,,85636,28,,,0,69,,85637,28,,,0,28,,85638,28,,,0,70,,85639,28,,,0
301,'S2-4_4',740,,85668,28,,,0,61,,85642,28,,,0,34,,85669,28,,,0,73,,85643,28,,,0,30,,85644,28,,,0,71,,85645,28,,,0,32,,85646,28,,,0,72,,85647,28,,,0,33,,85648,28,,,0,74,,85649,28,,,0,31,,85650,28,,,0,71,,85651,28,,,0,33,,85652,28,,,0,72,,85653,28,,,0,31,,85654,28,,,0,71,,85655,28,,,0,27,,85656,28,,,0,68,,85657,28,,,0,31,,85658,28,,,0,70,,85659,28,,,0,30,,85660,28,,,0,70,,85661,28,,,0,23,,85662,28,,,0,62,,85663,28,,,0,23,,85664,28,,,0,69,,85665,28,,,0,28,,85666,28,,,0,70,,85667,28,,,0
2900301,'S2-0_4',1732,,91370,14,,,0,68,,91371,14,,,0,33,,91372,14,,,0,20,,91373,14,,,0
2900301,'S2-0_5',1732,,91374,14,,,0,68,,91375,14,,,0,33,,91376,14,,,0,20,,91377,14,,,0
2900301,'S2-1_3',1732,,91378,14,,,0,68,,91379,14,,,0,33,,91380,14,,,0,20,,91381,14,,,0
2900301,'S2-4_1',1732,,91382,14,,,0,68,,91383,14,,,0,33,,91384,14,,,0,20,,91385,14,,,0
2900301,'S2-4_2',1732,,91386,14,,,0,68,,91387,14,,,0,33,,91388,14,,,0,20,,91389,14,,,0
2900301,'S2-4_4',1732,,91390,14,,,0,68,,91391,14,,,0,33,,91392,14,,,0,20,,91393,14,,,0
