400,'S2-0_4',745,,85694,36,0,40,0,14,,85698,2,0,23 51,0,42,,85701,36,0,40,0,10,,85670,35,0,40,0,17,,85671,36,0,40,0,10,,85695,35,0,40,0,14,,85672,35,0,40,0,53,,85673,35,0,40,0,30,,85674,35,0,40,0,79,,85675,47,0,40,0,31,,85676,35,0,40,0,71,,85677,35,0,40,0,36,,85678,35,0,40,0,77,,85679,35,0,40,0,21,,85699,35,,,0,70,,85696,48,0,40,0,25,,85680,35,0,40,0,66,,85681,35,0,40,0,30,,85684,47,0,40,0,76,,85682,35,0,40,0,30,,85685,47,0,40,0,79,,85683,35,0,40,0,75,,85702,36,0,40,0,26,,85686,47,0,40,0,9,,85697,20,0,40,0,7,,85687,35,0,40,0,58,,85703,36,,,0,9,,85689,35,0,40,0,24,,85692,19,0,40,0,17,,85700,35,,,0,75,,85690,35,0,40,0,23,,85691,47,0,40,0
400,'S2-0_5',745,,85728,36,0,40,0,14,,85732,2,0,23 51,0,42,,85735,36,0,40,0,10,,85704,35,0,40,0,17,,85705,36,0,40,0,10,,85729,35,0,40,0,14,,85706,35,0,40,0,53,,85707,35,0,40,0,30,,85708,35,0,40,0,79,,85709,47,0,40,0,31,,85710,35,0,40,0,71,,85711,35,0,40,0,36,,85712,35,0,40,0,77,,85713,35,0,40,0,21,,85733,35,,,0,70,,85730,48,0,40,0,25,,85714,35,0,40,0,66,,85715,35,0,40,0,30,,85718,47,0,40,0,76,,85716,35,0,40,0,30,,85719,47,0,40,0,79,,85717,35,0,40,0,75,,85736,36,0,40,0,26,,85720,47,0,40,0,9,,85731,20,0,40,0,7,,85721,35,0,40,0,58,,85737,36,,,0,9,,85723,35,0,40,0,24,,85726,19,0,40,0,17,,85734,35,,,0,75,,85724,35,0,40,0,23,,85725,47,0,40,0
400,'S2-1_3',745,,85761,36,0,40,0,14,,85765,2,0,23 51,0,42,,85768,36,0,40,0,10,,85738,35,0,40,0,17,,85739,36,0,40,0,10,,85762,35,0,40,0,14,,85740,35,0,40,0,53,,85741,35,0,40,0,30,,85742,35,0,40,0,79,,85743,47,0,40,0,31,,85744,35,0,40,0,71,,85745,35,0,40,0,36,,85746,35,0,40,0,77,,85747,35,0,40,0,21,,85766,35,,,0,70,,85763,48,0,40,0,25,,85748,35,0,40,0,66,,85749,35,0,40,0,30,,85752,47,0,40,0,76,,85750,35,0,40,0,30,,85753,47,0,40,0,79,,85751,35,0,40,0,75,,85769,36,0,40,0,26,,85754,47,0,40,0,9,,85764,20,0,40,0,7,,85755,35,0,40,0,58,,85770,36,,,0,9,,85757,35,0,40,0,24,,85756,47,0,40,0,17,,85767,35,,,0,75,,85758,35,0,40,0,23,,85759,47,0,40,0
400,'S2-2_6',735,,85777,35,0,40,0,105,,85778,35,0,40,0,72,,85771,47,0,40,0,27,,85779,35,0,40,0,72,,85780,35,0,40,0,30,,85781,35,0,40,0,71,,85772,47,0,40,0,31,,85782,35,0,40,0,70,,85784,35,0,40,0,29,,85783,35,0,40,0,69,,85773,47,0,40,0,31,,85785,35,0,40,0,70,,85786,35,0,40,0,29,,85787,35,0,40,0,73,,85774,47,0,40,0,33,,85788,35,0,40,0,70,,85789,35,0,40,0,30,,85790,35,0,40,0,73,,85775,47,0,40,0,33,,85791,35,0,40,0,70,,85792,35,0,40,0,31,,85793,35,0,40,0,69,,85776,47,0,40,0,31,,85794,35,0,40,0
400,'S2-3_7',849,,85795,47,0,40,0,165,,85796,47,0,40,0,125,,85797,47,0,40,0,200,,85798,47,0,40,0,166,,85799,47,0,40,0,125,,85800,47,0,40,0,126,,85801,47,0,40,0,164,,85802,47,0,40,0
400,'S2-4_1',745,,85827,36,0,40,0,14,,85831,2,0,23 51,0,42,,85834,36,0,40,0,10,,85803,35,0,40,0,17,,85804,36,0,40,0,10,,85828,35,0,40,0,14,,85805,35,0,40,0,53,,85806,35,0,40,0,30,,85807,35,0,40,0,79,,85808,47,0,40,0,31,,85809,35,0,40,0,71,,85810,35,0,40,0,36,,85811,35,0,40,0,77,,85812,35,0,40,0,21,,85832,35,,,0,70,,85829,48,0,40,0,25,,85813,35,0,40,0,66,,85814,35,0,40,0,30,,85817,47,0,40,0,76,,85815,35,0,40,0,30,,85818,47,0,40,0,79,,85816,35,0,40,0,75,,85835,36,0,40,0,26,,85819,47,0,40,0,9,,85830,20,0,40,0,7,,85820,35,0,40,0,58,,85836,36,,,0,9,,85822,35,0,40,0,24,,85825,19,0,40,0,17,,85833,35,,,0,75,,85823,35,0,40,0,23,,85824,47,0,40,0
400,'S2-4_2',745,,85861,36,0,40,0,14,,85865,2,0,23 51,0,42,,85868,36,0,40,0,10,,85837,35,0,40,0,17,,85838,36,0,40,0,10,,85862,35,0,40,0,14,,85839,35,0,40,0,53,,85840,35,0,40,0,30,,85841,35,0,40,0,79,,85842,47,0,40,0,31,,85843,35,0,40,0,71,,85844,35,0,40,0,36,,85845,35,0,40,0,77,,85846,35,0,40,0,21,,85866,35,,,0,70,,85863,48,0,40,0,25,,85847,35,0,40,0,66,,85848,35,0,40,0,30,,85851,47,0,40,0,76,,85849,35,0,40,0,30,,85852,47,0,40,0,79,,85850,35,0,40,0,75,,85869,36,0,40,0,26,,85853,47,0,40,0,9,,85864,20,0,40,0,7,,85854,35,0,40,0,58,,85870,36,,,0,9,,85856,35,0,40,0,24,,85859,19,0,40,0,17,,85867,35,,,0,75,,85857,35,0,40,0,23,,85858,47,0,40,0
400,'S2-4_4',745,,85895,36,0,40,0,14,,85899,2,0,23 51,0,42,,85902,36,0,40,0,10,,85871,35,0,40,0,17,,85872,36,0,40,0,10,,85896,35,0,40,0,14,,85873,35,0,40,0,53,,85874,35,0,40,0,30,,85875,35,0,40,0,79,,85876,47,0,40,0,31,,85877,35,0,40,0,71,,85878,35,0,40,0,36,,85879,35,0,40,0,77,,85880,35,0,40,0,21,,85900,35,,,0,70,,85897,48,0,40,0,25,,85881,35,0,40,0,66,,85882,35,0,40,0,30,,85885,47,0,40,0,76,,85883,35,0,40,0,30,,85886,47,0,40,0,79,,85884,35,0,40,0,75,,85903,36,0,40,0,26,,85887,47,0,40,0,9,,85898,20,0,40,0,7,,85888,35,0,40,0,58,,85904,36,,,0,9,,85890,35,0,40,0,24,,85893,19,0,40,0,17,,85901,35,,,0,75,,85891,35,0,40,0,23,,85892,47,0,40,0
2300,'S2-0_4',1616,,88084,16,,,0,104,,88085,16,,,0,97,,88086,16,,,0
2300,'S2-0_5',1616,,88087,16,,,0,104,,88088,16,,,0,97,,88089,16,,,0
2300,'S2-1_3',1222,,88091,16,,,0,3,,88090,16,,,0
2300,'S2-4_1',1616,,88092,16,,,0,104,,88093,16,,,0,97,,88094,16,,,0
2300,'S2-4_2',1616,,88095,16,,,0,104,,88096,16,,,0,97,,88097,16,,,0
2300,'S2-4_4',1616,,88098,16,,,0,104,,88099,16,,,0,97,,88100,16,,,0
