301,'S2-0_4',727,,85473,17,,,0,21,,85447,17,,,0,74,,85474,17,,,0,33,,85448,17,,,0,70,,85449,17,,,0,31,,85450,17,,,0,72,,85451,17,,,0,72,,85452,17,,,0,33,,85453,17,,,0,73,,85454,17,,,0,32,,85455,17,,,0,71,,85456,17,,,0,33,,85457,17,,,0,72,,85458,17,,,0,31,,85459,17,,,0,70,,85460,17,,,0,27,,85461,17,,,0,67,,85462,17,,,0,31,,85463,17,,,0,70,,85464,17,,,0,30,,85465,17,,,0,70,,85466,17,,,0,25,,85467,17,,,0,24,,85468,17,,,0,64,,85469,17,,,0,29,,85470,17,,,0,68,,85471,17,,,0,30,,85472,17,,,0
301,'S2-0_5',727,,85501,17,,,0,21,,85475,17,,,0,74,,85502,17,,,0,33,,85476,17,,,0,70,,85477,17,,,0,31,,85478,17,,,0,72,,85479,17,,,0,72,,85480,17,,,0,33,,85481,17,,,0,73,,85482,17,,,0,32,,85483,17,,,0,71,,85484,17,,,0,33,,85485,17,,,0,72,,85486,17,,,0,31,,85487,17,,,0,70,,85488,17,,,0,27,,85489,17,,,0,67,,85490,17,,,0,31,,85491,17,,,0,70,,85492,17,,,0,30,,85493,17,,,0,70,,85494,17,,,0,25,,85495,17,,,0,24,,85496,17,,,0,64,,85497,17,,,0,29,,85498,17,,,0,68,,85499,17,,,0,30,,85500,17,,,0
301,'S2-1_3',727,,85529,17,,,0,21,,85503,17,,,0,74,,85530,17,,,0,33,,85504,17,,,0,70,,85505,17,,,0,31,,85506,17,,,0,72,,85507,17,,,0,72,,85508,17,,,0,33,,85509,17,,,0,73,,85510,17,,,0,32,,85511,17,,,0,71,,85512,17,,,0,33,,85513,17,,,0,72,,85514,17,,,0,31,,85515,17,,,0,70,,85516,17,,,0,27,,85517,17,,,0,67,,85518,17,,,0,31,,85519,17,,,0,70,,85520,17,,,0,30,,85521,17,,,0,70,,85522,17,,,0,25,,85523,17,,,0,24,,85524,17,,,0,64,,85525,17,,,0,29,,85526,17,,,0,68,,85527,17,,,0,30,,85528,17,,,0
301,'S2-2_6',733,,85534,17,,,0,71,,85531,17,,,0,30,,85532,17,,,0,70,,85533,17,,,0,31,,85535,17,,,0,70,,85536,17,,,0,31,,85537,17,,,0,70,,85538,17,,,0,31,,85542,17,,,0,69,,85541,17,,,0,29,,85539,17,,,0,69,,85540,17,,,0,29,,85544,17,,,0,70,,85545,17,,,0,30,,85543,17,,,0,71,,85546,17,,,0,30,,85549,17,,,0,72,,85547,17,,,0,33,,85548,17,,,0,71,,85551,17,,,0,32,,85550,17,,,0,70,,85552,17,,,0,32,,85553,17,,,0,68,,85554,17,,,0,29,,85555,17,,,0,69,,85556,17,,,0,30,,85557,17,,,0,63,,85558,17,,,0
301,'S2-3_7',807,,85580,17,,,0,32,,85575,17,,,0,72,,85581,17,,,0,33,,85576,17,,,0,72,,85582,17,,,0,33,,85577,17,,,0,73,,85583,17,,,0,32,,85578,17,,,0,73,,85584,17,,,0,73,,85559,17,,,0,27,,85560,17,,,0,28,,85561,17,,,0,66,,85562,17,,,0,28,,85563,17,,,0,67,,85564,17,,,0,29,,85565,17,,,0,68,,85585,17,,,0,26,,85566,17,,,0,72,,85567,17,,,0,34,,85568,17,,,0,68,,85569,17,,,0,28,,85570,17,,,0,65,,85571,17,,,0,25,,85572,17,,,0,27,,85573,17,,,0,67,,85579,17,,,0,25,,85574,17,,,0
301,'S2-4_1',727,,85612,17,,,0,21,,85586,17,,,0,74,,85613,17,,,0,33,,85587,17,,,0,70,,85588,17,,,0,31,,85589,17,,,0,72,,85590,17,,,0,72,,85591,17,,,0,33,,85592,17,,,0,73,,85593,17,,,0,32,,85594,17,,,0,71,,85595,17,,,0,33,,85596,17,,,0,72,,85597,17,,,0,31,,85598,17,,,0,70,,85599,17,,,0,27,,85600,17,,,0,67,,85601,17,,,0,31,,85602,17,,,0,70,,85603,17,,,0,30,,85604,17,,,0,70,,85605,17,,,0,25,,85606,17,,,0,24,,85607,17,,,0,64,,85608,17,,,0,29,,85609,17,,,0,68,,85610,17,,,0,30,,85611,17,,,0
301,'S2-4_2',727,,85640,17,,,0,21,,85614,17,,,0,74,,85641,17,,,0,33,,85615,17,,,0,70,,85616,17,,,0,31,,85617,17,,,0,72,,85618,17,,,0,72,,85619,17,,,0,33,,85620,17,,,0,73,,85621,17,,,0,32,,85622,17,,,0,71,,85623,17,,,0,33,,85624,17,,,0,72,,85625,17,,,0,31,,85626,17,,,0,70,,85627,17,,,0,27,,85628,17,,,0,67,,85629,17,,,0,31,,85630,17,,,0,70,,85631,17,,,0,30,,85632,17,,,0,70,,85633,17,,,0,25,,85634,17,,,0,24,,85635,17,,,0,64,,85636,17,,,0,29,,85637,17,,,0,68,,85638,17,,,0,30,,85639,17,,,0
301,'S2-4_4',727,,85668,17,,,0,21,,85642,17,,,0,74,,85669,17,,,0,33,,85643,17,,,0,70,,85644,17,,,0,31,,85645,17,,,0,72,,85646,17,,,0,72,,85647,17,,,0,33,,85648,17,,,0,73,,85649,17,,,0,32,,85650,17,,,0,71,,85651,17,,,0,33,,85652,17,,,0,72,,85653,17,,,0,31,,85654,17,,,0,70,,85655,17,,,0,27,,85656,17,,,0,67,,85657,17,,,0,31,,85658,17,,,0,70,,85659,17,,,0,30,,85660,17,,,0,70,,85661,17,,,0,25,,85662,17,,,0,24,,85663,17,,,0,64,,85664,17,,,0,29,,85665,17,,,0,68,,85666,17,,,0,30,,85667,17,,,0
2900301,'S2-0_4',1716,,91370,3,,,0,28,,91371,3,,,0,73,,91372,3,,,0,23,,91373,3,,,0
2900301,'S2-0_5',1716,,91374,3,,,0,28,,91375,3,,,0,73,,91376,3,,,0,23,,91377,3,,,0
2900301,'S2-1_3',1716,,91378,3,,,0,28,,91379,3,,,0,73,,91380,3,,,0,23,,91381,3,,,0
2900301,'S2-4_1',1716,,91382,3,,,0,28,,91383,3,,,0,73,,91384,3,,,0,23,,91385,3,,,0
2900301,'S2-4_2',1716,,91386,3,,,0,28,,91387,3,,,0,73,,91388,3,,,0,23,,91389,3,,,0
2900301,'S2-4_4',1716,,91390,3,,,0,28,,91391,3,,,0,73,,91392,3,,,0,23,,91393,3,,,0
