500,'S2-0_4',709,,86139,18,,,0,21,,86140,32,,,0,81,,86141,18,,,0,36,,86128,32,,,0,104,,86129,32,,,0,100,,86130,32,,,0,105,,86131,32,,,0,100,,86132,32,,,0,84,,86133,32,,,0,94,,86134,32,,,0,100,,86135,32,,,0,102,,86136,32,,,0,107,,86137,32,,,0,102,,86142,32,,,0,99,,86138,32,,,0
500,'S2-0_5',709,,86154,18,,,0,21,,86155,32,,,0,81,,86156,18,,,0,36,,86143,32,,,0,104,,86144,32,,,0,100,,86145,32,,,0,105,,86146,32,,,0,100,,86147,32,,,0,84,,86148,32,,,0,94,,86149,32,,,0,100,,86150,32,,,0,102,,86151,32,,,0,107,,86152,32,,,0,102,,86157,32,,,0,99,,86153,32,,,0
500,'S2-1_3',709,,86169,18,,,0,21,,86170,32,,,0,81,,86171,18,,,0,36,,86158,32,,,0,104,,86159,32,,,0,100,,86160,32,,,0,105,,86161,32,,,0,100,,86162,32,,,0,84,,86163,32,,,0,94,,86164,32,,,0,100,,86165,32,,,0,102,,86166,32,,,0,107,,86167,32,,,0,102,,86172,32,,,0,99,,86168,32,,,0
500,'S2-2_6',743,,86184,32,,,0,99,,86173,32,,,0,99,,86174,32,,,0,100,,86175,32,,,0,99,,86176,32,,,0,96,,86177,32,,,0,98,,86178,32,,,0,100,,86179,32,,,0,100,,86180,32,,,0,100,,86181,32,,,0,100,,86182,32,,,0,192,,86183,32,,,0
500,'S2-4_1',709,,86196,18,,,0,21,,86197,32,,,0,81,,86198,18,,,0,36,,86185,32,,,0,104,,86186,32,,,0,100,,86187,32,,,0,105,,86188,32,,,0,100,,86189,32,,,0,84,,86190,32,,,0,94,,86191,32,,,0,100,,86192,32,,,0,102,,86193,32,,,0,107,,86194,32,,,0,102,,86199,32,,,0,99,,86195,32,,,0
500,'S2-4_2',709,,86211,18,,,0,21,,86212,32,,,0,81,,86213,18,,,0,36,,86200,32,,,0,104,,86201,32,,,0,100,,86202,32,,,0,105,,86203,32,,,0,100,,86204,32,,,0,84,,86205,32,,,0,94,,86206,32,,,0,100,,86207,32,,,0,102,,86208,32,,,0,107,,86209,32,,,0,102,,86214,32,,,0,99,,86210,32,,,0
500,'S2-4_4',709,,86226,18,,,0,21,,86227,32,,,0,81,,86228,18,,,0,36,,86215,32,,,0,104,,86216,32,,,0,100,,86217,32,,,0,105,,86218,32,,,0,100,,86219,32,,,0,84,,86220,32,,,0,94,,86221,32,,,0,100,,86222,32,,,0,102,,86223,32,,,0,107,,86224,32,,,0,102,,86229,32,,,0,99,,86225,32,,,0
1000000,'S2-0_4',541,,89311,12,0,31 33,0,60,,89312,12,0,31 33,0,20,,89393,12,0,31 33,0,19,,89394,12,,,0,14,,89396,12,,,0,50,,89392,12,,,0,9,,89345,12,,,0,8,,89346,12,,,0,12,,89347,12,,,0,11,,89348,12,,,0,10,,89349,12,,,0,51,,89350,12,,,0,10,,89351,12,,,0,10,,89352,12,,,0,8,,89395,12,,,0,9,,89313,12,0,31 33,0,9,,89314,12,,,0,50,,89315,12,0,31 33,0,10,,89316,12,,,0,11,,89317,12,0,31 33,0,10,,89353,12,,,0,11,,89318,12,0,31 33,0,11,,89319,12,,,0,51,,89320,12,0,31 33,0,11,,89321,12,,,0,11,,89322,12,0,31 33,0,10,,89323,12,,,0,11,,89325,12,0,31 33,0,10,,89324,12,,,0,51,,89355,12,0,31 33,0,12,,89354,12,,,0,11,,89356,12,0,31 33,0,11,,89357,12,,,0,10,,89358,12,0,31 33,0,50,,89359,12,,,0,10,,89360,12,0,31 33,0,11,,89361,12,,,0,11,,89362,12,0,31 33,0,10,,89363,12,,,0,10,,89364,12,0,31 33,0,50,,89365,12,,,0,9,,89366,12,0,31 33,0,10,,89367,12,,,0,10,,89326,12,0,31 33,0,11,,89327,12,,,0,9,,89368,12,0,31 33,0,50,,89328,12,,,0,9,,89329,12,0,31 33,0,11,,89330,12,,,0,10,,89369,12,0,31 33,0,11,,89331,12,,,0,10,,89332,12,0,31 33,0,50,,89333,12,,,0,10,,89334,12,0,31 33,0,11,,89370,12,,,0,11,,89371,12,,,0,10,,89372,12,,,0,10,,89373,12,,,0,49,,89374,12,,,0,11,,89375,12,,,0,10,,89376,12,,,0,11,,89377,12,,,0,9,,89378,12,,,0,9,,89379,12,,,0,50,,89380,12,,,0,10,,89381,12,,,0,9,,89382,12,,,0,10,,89383,12,,,0,9,,89384,12,,,0,10,,89385,12,,,0,50,,89386,12,0,31 33,0,10,,89387,12,,,0,8,,89391,12,0,31 33,0,10,,89335,12,0,31 33,0,11,,89388,12,,,0,10,,89336,12,0,31 33,0,50,,89389,12,,,0,9,,89337,12,0,31 33,0,19,,89338,12,0,31 33,0,19,,89339,12,0,31 33,0,58,,89340,12,0,31 33,0,21,,89341,12,0,31 33,0,21,,89342,12,0,31 33,0,60,,89343,12,0,31 33,0,20,,89344,12,0,31 33,0
1000000,'S2-0_5',541,,89397,12,0,31 33,0,60,,89398,12,0,31 33,0,20,,89479,12,0,31 33,0,19,,89480,12,,,0,14,,89482,12,,,0,50,,89478,12,,,0,9,,89431,12,,,0,8,,89432,12,,,0,12,,89433,12,,,0,11,,89434,12,,,0,10,,89435,12,,,0,51,,89436,12,,,0,10,,89437,12,,,0,10,,89438,12,,,0,8,,89481,12,,,0,9,,89399,12,0,31 33,0,9,,89400,12,,,0,50,,89401,12,0,31 33,0,10,,89402,12,,,0,11,,89403,12,0,31 33,0,10,,89439,12,,,0,11,,89404,12,0,31 33,0,11,,89405,12,,,0,51,,89406,12,0,31 33,0,11,,89407,12,,,0,11,,89408,12,0,31 33,0,10,,89409,12,,,0,11,,89411,12,0,31 33,0,10,,89410,12,,,0,51,,89441,12,0,31 33,0,12,,89440,12,,,0,11,,89442,12,0,31 33,0,11,,89443,12,,,0,10,,89444,12,0,31 33,0,50,,89445,12,,,0,10,,89446,12,0,31 33,0,11,,89447,12,,,0,11,,89448,12,0,31 33,0,10,,89449,12,,,0,10,,89450,12,0,31 33,0,50,,89451,12,,,0,9,,89452,12,0,31 33,0,10,,89453,12,,,0,10,,89412,12,0,31 33,0,11,,89413,12,,,0,9,,89454,12,0,31 33,0,50,,89414,12,,,0,9,,89415,12,0,31 33,0,11,,89416,12,,,0,10,,89455,12,0,31 33,0,11,,89417,12,,,0,10,,89418,12,0,31 33,0,50,,89419,12,,,0,10,,89420,12,0,31 33,0,11,,89456,12,,,0,11,,89457,12,,,0,10,,89458,12,,,0,10,,89459,12,,,0,49,,89460,12,,,0,11,,89461,12,,,0,10,,89462,12,,,0,11,,89463,12,,,0,9,,89464,12,,,0,9,,89465,12,,,0,50,,89466,12,,,0,10,,89467,12,,,0,9,,89468,12,,,0,10,,89469,12,,,0,9,,89470,12,,,0,10,,89471,12,,,0,50,,89472,12,0,31 33,0,10,,89473,12,,,0,8,,89477,12,0,31 33,0,10,,89421,12,0,31 33,0,11,,89474,12,,,0,10,,89422,12,0,31 33,0,50,,89475,12,,,0,9,,89423,12,0,31 33,0,19,,89424,12,0,31 33,0,19,,89425,12,0,31 33,0,58,,89426,12,0,31 33,0,21,,89427,12,0,31 33,0,21,,89428,12,0,31 33,0,60,,89429,12,0,31 33,0,20,,89430,12,0,31 33,0
1000000,'S2-1_3',541,,89483,12,0,31 33,0,60,,89484,12,0,31 33,0,20,,89565,12,0,31 33,0,19,,89566,12,,,0,14,,89568,12,,,0,50,,89564,12,,,0,9,,89517,12,,,0,8,,89518,12,,,0,12,,89519,12,,,0,11,,89520,12,,,0,10,,89521,12,,,0,51,,89522,12,,,0,10,,89523,12,,,0,10,,89524,12,,,0,8,,89567,12,,,0,9,,89485,12,0,31 33,0,9,,89486,12,,,0,50,,89487,12,0,31 33,0,10,,89488,12,,,0,11,,89489,12,0,31 33,0,10,,89525,12,,,0,11,,89490,12,0,31 33,0,11,,89491,12,,,0,51,,89492,12,0,31 33,0,11,,89493,12,,,0,11,,89494,12,0,31 33,0,10,,89495,12,,,0,11,,89497,12,0,31 33,0,10,,89496,12,,,0,51,,89527,12,0,31 33,0,12,,89526,12,,,0,11,,89528,12,0,31 33,0,11,,89529,12,,,0,10,,89530,12,0,31 33,0,50,,89531,12,,,0,10,,89532,12,0,31 33,0,11,,89533,12,,,0,11,,89534,12,0,31 33,0,10,,89535,12,,,0,10,,89536,12,0,31 33,0,50,,89537,12,,,0,9,,89538,12,0,31 33,0,10,,89539,12,,,0,10,,89498,12,0,31 33,0,11,,89499,12,,,0,9,,89540,12,0,31 33,0,50,,89500,12,,,0,9,,89501,12,0,31 33,0,11,,89502,12,,,0,10,,89541,12,0,31 33,0,11,,89503,12,,,0,10,,89504,12,0,31 33,0,50,,89505,12,,,0,10,,89506,12,0,31 33,0,11,,89542,12,,,0,11,,89543,12,,,0,10,,89544,12,,,0,10,,89545,12,,,0,49,,89546,12,,,0,11,,89547,12,,,0,10,,89548,12,,,0,11,,89549,12,,,0,9,,89550,12,,,0,9,,89551,12,,,0,50,,89552,12,,,0,10,,89553,12,,,0,9,,89554,12,,,0,10,,89555,12,,,0,9,,89556,12,,,0,10,,89557,12,,,0,50,,89558,12,0,31 33,0,10,,89559,12,,,0,8,,89563,12,0,31 33,0,10,,89507,12,0,31 33,0,11,,89560,12,,,0,10,,89508,12,0,31 33,0,50,,89561,12,,,0,9,,89509,12,0,31 33,0,19,,89510,12,0,31 33,0,19,,89511,12,0,31 33,0,58,,89512,12,0,31 33,0,21,,89513,12,0,31 33,0,21,,89514,12,0,31 33,0,60,,89515,12,0,31 33,0,20,,89516,12,0,31 33,0
1000000,'S2-2_6',537,,89569,12,0,31 33,0,80,,89570,12,0,31 33,0,42,,89571,12,,,0,81,,89572,12,,,0,70,,89573,12,0,31 33,0,15,,89574,12,,,0,16,,89575,12,0,31 33,0,15,,89576,12,0,31 33,0,53,,89577,12,,,0,15,,89578,12,0,31 33,0,16,,89636,12,0,31 33,0,16,,89579,12,,,0,56,,89580,12,0,31 33,0,16,,89581,12,0,31 33,0,14,,89582,12,,,0,16,,89583,12,0,31 33,0,55,,89584,12,0,31 33,0,16,,89585,12,,,0,15,,89586,12,0,31 33,0,15,,89587,12,0,31 33,0,56,,89588,12,,,0,14,,89589,12,0,31 33,0,15,,89590,12,0,31 33,0,15,,89591,12,,,0,54,,89592,12,0,31 33,0,10,,89593,12,0,31 33,0,11,,89594,12,,,0,12,,89595,12,0,31 33,0,10,,89596,12,0,31 33,0,49,,89597,12,0,31 33,0,9,,89598,12,,,0,10,,89599,12,0,31 33,0,11,,89600,12,0,31 33,0,10,,89601,12,0,31 33,0,10,,89602,12,,,0,52,,89603,12,0,31 33,0,9,,89604,12,0,31 33,0,9,,89605,12,0,31 33,0,10,,89606,12,,,0,11,,89607,12,0,31 33,0,10,,89608,12,0,31 33,0,50,,89609,12,0,31 33,0,11,,89610,12,,,0,11,,89611,12,0,31 33,0,9,,89612,12,0,31 33,0,11,,89613,12,0,31 33,0,11,,89614,12,,,0,53,,89615,12,0,31 33,0,9,,89616,12,0,31 33,0,9,,89617,12,0,31 33,0,10,,89618,12,,,0,8,,89619,12,0,31 33,0,9,,89620,12,0,31 33,0,50,,89621,12,0,31 33,0,8,,89623,12,0,31 33,0,10,,89622,12,,,0,9,,89624,12,0,31 33,0,9,,89625,12,0,31 33,0,9,,89627,12,0,31 33,0,50,,89626,12,0,31 33,0,11,,89628,12,0,31 33,0,21,,89629,12,0,31 33,0,17,,89630,12,0,31 33,0,60,,89631,12,0,31 33,0,20,,89632,12,0,31 33,0,20,,89633,12,0,31 33,0,59,,89634,12,0,31 33,0,19,,89635,12,0,31 33,0
1000000,'S2-3_7',810,,89637,12,0,31 33,0,40,,89638,12,0,31 33,0,80,,89639,12,0,31 33,0,80,,89640,12,0,31 33,0,40,,89641,12,0,31 33,0,80,,89642,12,0,31 33,0,80,,89643,12,0,31 33,0,40,,89644,12,0,31 33,0,80,,89645,12,0,31 33,0,80,,89646,12,0,31 33,0,40,,89647,12,0,31 33,0,80,,89648,12,0,31 33,0,80,,89649,12,0,31 33,0,40,,89650,12,0,31 33,0,80,,89651,12,0,31 33,0,80,,89652,12,0,31 33,0,40,,89653,12,0,31 33,0,80,,89654,12,0,31 33,0
1000000,'S2-4_1',541,,89655,12,0,31 33,0,60,,89656,12,0,31 33,0,20,,89737,12,0,31 33,0,19,,89738,12,,,0,14,,89740,12,,,0,50,,89736,12,,,0,9,,89689,12,,,0,8,,89690,12,,,0,12,,89691,12,,,0,11,,89692,12,,,0,10,,89693,12,,,0,51,,89694,12,,,0,10,,89695,12,,,0,10,,89696,12,,,0,8,,89739,12,,,0,9,,89657,12,0,31 33,0,9,,89658,12,,,0,50,,89659,12,0,31 33,0,10,,89660,12,,,0,11,,89661,12,0,31 33,0,10,,89697,12,,,0,11,,89662,12,0,31 33,0,11,,89663,12,,,0,51,,89664,12,0,31 33,0,11,,89665,12,,,0,11,,89666,12,0,31 33,0,10,,89667,12,,,0,11,,89669,12,0,31 33,0,10,,89668,12,,,0,51,,89699,12,0,31 33,0,12,,89698,12,,,0,11,,89700,12,0,31 33,0,11,,89701,12,,,0,10,,89702,12,0,31 33,0,50,,89703,12,,,0,10,,89704,12,0,31 33,0,11,,89705,12,,,0,11,,89706,12,0,31 33,0,10,,89707,12,,,0,10,,89708,12,0,31 33,0,50,,89709,12,,,0,9,,89710,12,0,31 33,0,10,,89711,12,,,0,10,,89670,12,0,31 33,0,11,,89671,12,,,0,9,,89712,12,0,31 33,0,50,,89672,12,,,0,9,,89673,12,0,31 33,0,11,,89674,12,,,0,10,,89713,12,0,31 33,0,11,,89675,12,,,0,10,,89676,12,0,31 33,0,50,,89677,12,,,0,10,,89678,12,0,31 33,0,11,,89714,12,,,0,11,,89715,12,,,0,10,,89716,12,,,0,10,,89717,12,,,0,49,,89718,12,,,0,11,,89719,12,,,0,10,,89720,12,,,0,11,,89721,12,,,0,9,,89722,12,,,0,9,,89723,12,,,0,50,,89724,12,,,0,10,,89725,12,,,0,9,,89726,12,,,0,10,,89727,12,,,0,9,,89728,12,,,0,10,,89729,12,,,0,50,,89730,12,0,31 33,0,10,,89731,12,,,0,8,,89735,12,0,31 33,0,10,,89679,12,0,31 33,0,11,,89732,12,,,0,10,,89680,12,0,31 33,0,50,,89733,12,,,0,9,,89681,12,0,31 33,0,19,,89682,12,0,31 33,0,19,,89683,12,0,31 33,0,58,,89684,12,0,31 33,0,21,,89685,12,0,31 33,0,21,,89686,12,0,31 33,0,60,,89687,12,0,31 33,0,20,,89688,12,0,31 33,0
1000000,'S2-4_2',541,,89741,12,0,31 33,0,60,,89742,12,0,31 33,0,20,,89823,12,0,31 33,0,19,,89824,12,,,0,14,,89826,12,,,0,50,,89822,12,,,0,9,,89775,12,,,0,8,,89776,12,,,0,12,,89777,12,,,0,11,,89778,12,,,0,10,,89779,12,,,0,51,,89780,12,,,0,10,,89781,12,,,0,10,,89782,12,,,0,8,,89825,12,,,0,9,,89743,12,0,31 33,0,9,,89744,12,,,0,50,,89745,12,0,31 33,0,10,,89746,12,,,0,11,,89747,12,0,31 33,0,10,,89783,12,,,0,11,,89748,12,0,31 33,0,11,,89749,12,,,0,51,,89750,12,0,31 33,0,11,,89751,12,,,0,11,,89752,12,0,31 33,0,10,,89753,12,,,0,11,,89755,12,0,31 33,0,10,,89754,12,,,0,51,,89785,12,0,31 33,0,12,,89784,12,,,0,11,,89786,12,0,31 33,0,11,,89787,12,,,0,10,,89788,12,0,31 33,0,50,,89789,12,,,0,10,,89790,12,0,31 33,0,11,,89791,12,,,0,11,,89792,12,0,31 33,0,10,,89793,12,,,0,10,,89794,12,0,31 33,0,50,,89795,12,,,0,9,,89796,12,0,31 33,0,10,,89797,12,,,0,10,,89756,12,0,31 33,0,11,,89757,12,,,0,9,,89798,12,0,31 33,0,50,,89758,12,,,0,9,,89759,12,0,31 33,0,11,,89760,12,,,0,10,,89799,12,0,31 33,0,11,,89761,12,,,0,10,,89762,12,0,31 33,0,50,,89763,12,,,0,10,,89764,12,0,31 33,0,11,,89800,12,,,0,11,,89801,12,,,0,10,,89802,12,,,0,10,,89803,12,,,0,49,,89804,12,,,0,11,,89805,12,,,0,10,,89806,12,,,0,11,,89807,12,,,0,9,,89808,12,,,0,9,,89809,12,,,0,50,,89810,12,,,0,10,,89811,12,,,0,9,,89812,12,,,0,10,,89813,12,,,0,9,,89814,12,,,0,10,,89815,12,,,0,50,,89816,12,0,31 33,0,10,,89817,12,,,0,8,,89821,12,0,31 33,0,10,,89765,12,0,31 33,0,11,,89818,12,,,0,10,,89766,12,0,31 33,0,50,,89819,12,,,0,9,,89767,12,0,31 33,0,19,,89768,12,0,31 33,0,19,,89769,12,0,31 33,0,58,,89770,12,0,31 33,0,21,,89771,12,0,31 33,0,21,,89772,12,0,31 33,0,60,,89773,12,0,31 33,0,20,,89774,12,0,31 33,0
1000000,'S2-4_4',541,,89827,12,0,31 33,0,60,,89828,12,0,31 33,0,20,,89909,12,0,31 33,0,19,,89910,12,,,0,14,,89912,12,,,0,50,,89908,12,,,0,9,,89861,12,,,0,8,,89862,12,,,0,12,,89863,12,,,0,11,,89864,12,,,0,10,,89865,12,,,0,51,,89866,12,,,0,10,,89867,12,,,0,10,,89868,12,,,0,8,,89911,12,,,0,9,,89829,12,0,31 33,0,9,,89830,12,,,0,50,,89831,12,0,31 33,0,10,,89832,12,,,0,11,,89833,12,0,31 33,0,10,,89869,12,,,0,11,,89834,12,0,31 33,0,11,,89835,12,,,0,51,,89836,12,0,31 33,0,11,,89837,12,,,0,11,,89838,12,0,31 33,0,10,,89839,12,,,0,11,,89841,12,0,31 33,0,10,,89840,12,,,0,51,,89871,12,0,31 33,0,12,,89870,12,,,0,11,,89872,12,0,31 33,0,11,,89873,12,,,0,10,,89874,12,0,31 33,0,50,,89875,12,,,0,10,,89876,12,0,31 33,0,11,,89877,12,,,0,11,,89878,12,0,31 33,0,10,,89879,12,,,0,10,,89880,12,0,31 33,0,50,,89881,12,,,0,9,,89882,12,0,31 33,0,10,,89883,12,,,0,10,,89842,12,0,31 33,0,11,,89843,12,,,0,9,,89884,12,0,31 33,0,50,,89844,12,,,0,9,,89845,12,0,31 33,0,11,,89846,12,,,0,10,,89885,12,0,31 33,0,11,,89847,12,,,0,10,,89848,12,0,31 33,0,50,,89849,12,,,0,10,,89850,12,0,31 33,0,11,,89886,12,,,0,11,,89887,12,,,0,10,,89888,12,,,0,10,,89889,12,,,0,49,,89890,12,,,0,11,,89891,12,,,0,10,,89892,12,,,0,11,,89893,12,,,0,9,,89894,12,,,0,9,,89895,12,,,0,50,,89896,12,,,0,10,,89897,12,,,0,9,,89898,12,,,0,10,,89899,12,,,0,9,,89900,12,,,0,10,,89901,12,,,0,50,,89902,12,0,31 33,0,10,,89903,12,,,0,8,,89907,12,0,31 33,0,10,,89851,12,0,31 33,0,11,,89904,12,,,0,10,,89852,12,0,31 33,0,50,,89905,12,,,0,9,,89853,12,0,31 33,0,19,,89854,12,0,31 33,0,19,,89855,12,0,31 33,0,58,,89856,12,0,31 33,0,21,,89857,12,0,31 33,0,21,,89858,12,0,31 33,0,60,,89859,12,0,31 33,0,20,,89860,12,0,31 33,0
