401,'S2-0_4',707,,85936,21,0,52,0,11,,85906,23,0,41,0,14,,85923,25,0,41,0,16,,85907,23,0,41,0,57,,85930,25,,,0,24,,85908,23,0,41,0,11,,85909,23,0,41,0,79,,85910,23,0,41,0,33,,85911,23,0,41,0,73,,85912,23,0,41,0,75,,85932,23,,,0,30,,85913,23,0,41,0,28,,85914,23,0,41,0,62,,85931,25,,,0,29,,85927,26,0,41,0,72,,85933,23,,,0,33,,85905,26,0,41,0,77,,85915,23,0,41,0,27,,85934,23,,,0,72,,85916,23,0,41,0,25,,85917,23,0,41,0,58,,85918,25,0,41,0,13,,85928,26,0,41,0,20,,85924,23,0,41,0,55,,85919,23,0,41,0,14,,85925,25,0,41,0,12,,85929,26,,,0,32,,85920,23,0,41,0,65,,85926,25,0,41,0,78,,85921,23,0,41,0,20,,85935,23,,,0
401,'S2-0_5',707,,85968,21,0,52,0,11,,85938,23,0,41,0,14,,85955,25,0,41,0,16,,85939,23,0,41,0,57,,85962,25,,,0,24,,85940,23,0,41,0,11,,85941,23,0,41,0,79,,85942,23,0,41,0,33,,85943,23,0,41,0,73,,85944,23,0,41,0,75,,85964,23,,,0,30,,85945,23,0,41,0,28,,85946,23,0,41,0,62,,85963,25,,,0,29,,85959,26,0,41,0,72,,85965,23,,,0,33,,85937,26,0,41,0,77,,85947,23,0,41,0,27,,85966,23,,,0,72,,85948,23,0,41,0,25,,85949,23,0,41,0,58,,85950,25,0,41,0,13,,85960,26,0,41,0,20,,85956,23,0,41,0,55,,85951,23,0,41,0,14,,85957,25,0,41,0,12,,85961,26,,,0,32,,85952,23,0,41,0,65,,85958,25,0,41,0,78,,85953,23,0,41,0,20,,85967,23,,,0
401,'S2-1_3',707,,86000,21,0,52,0,11,,85970,23,0,41,0,14,,85987,25,0,41,0,16,,85971,23,0,41,0,57,,85994,25,,,0,24,,85972,23,0,41,0,11,,85973,23,0,41,0,79,,85974,23,0,41,0,33,,85975,23,0,41,0,73,,85976,23,0,41,0,75,,85996,23,,,0,30,,85977,23,0,41,0,28,,85978,23,0,41,0,62,,85995,25,,,0,29,,85991,26,0,41,0,72,,85997,23,,,0,33,,85969,26,0,41,0,77,,85979,23,0,41,0,27,,85998,23,,,0,72,,85980,23,0,41,0,25,,85981,23,0,41,0,58,,85982,25,0,41,0,13,,85992,26,0,41,0,20,,85988,23,0,41,0,55,,85983,23,0,41,0,14,,85989,25,0,41,0,12,,85993,26,,,0,32,,85984,23,0,41,0,65,,85990,25,0,41,0,78,,85985,23,0,41,0,20,,85999,23,,,0
401,'S2-2_6',706,,86001,23,,,0,116,,86008,23,0,41,0,33,,86002,23,,,0,69,,86009,23,0,41,0,32,,86010,23,0,41,0,67,,86011,23,0,41,0,32,,86003,23,,,0,69,,86012,23,0,41,0,32,,86013,23,0,41,0,70,,86014,23,0,41,0,30,,86004,23,,,0,69,,86015,23,0,41,0,29,,86016,23,0,41,0,71,,86017,23,0,41,0,31,,86005,23,,,0,68,,86018,23,0,41,0,32,,86019,23,0,41,0,73,,86020,23,0,41,0,71,,86006,23,,,0,32,,86021,23,0,41,0,72,,86022,23,0,41,0,32,,86023,23,0,41,0,71,,86024,23,0,41,0,30,,86007,23,,,0
401,'S2-3_7',942,,86025,23,,,0,165,,86026,23,,,0,125,,86027,23,,,0,201,,86028,23,,,0,125,,86029,23,,,0,165,,86030,23,,,0,125,,86031,23,,,0
401,'S2-4_1',707,,86063,21,0,52,0,11,,86033,23,0,41,0,14,,86050,25,0,41,0,16,,86034,23,0,41,0,57,,86057,25,,,0,24,,86035,23,0,41,0,11,,86036,23,0,41,0,79,,86037,23,0,41,0,33,,86038,23,0,41,0,73,,86039,23,0,41,0,75,,86059,23,,,0,30,,86040,23,0,41,0,28,,86041,23,0,41,0,62,,86058,25,,,0,29,,86054,26,0,41,0,72,,86060,23,,,0,33,,86032,26,0,41,0,77,,86042,23,0,41,0,27,,86061,23,,,0,72,,86043,23,0,41,0,25,,86044,23,0,41,0,58,,86045,25,0,41,0,13,,86055,26,0,41,0,20,,86051,23,0,41,0,55,,86046,23,0,41,0,14,,86052,25,0,41,0,12,,86056,26,,,0,32,,86047,23,0,41,0,65,,86053,25,0,41,0,78,,86048,23,0,41,0,20,,86062,23,,,0
401,'S2-4_2',707,,86095,21,0,52,0,11,,86065,23,0,41,0,14,,86082,25,0,41,0,16,,86066,23,0,41,0,57,,86089,25,,,0,24,,86067,23,0,41,0,11,,86068,23,0,41,0,79,,86069,23,0,41,0,33,,86070,23,0,41,0,73,,86071,23,0,41,0,75,,86091,23,,,0,30,,86072,23,0,41,0,28,,86073,23,0,41,0,62,,86090,25,,,0,29,,86086,26,0,41,0,72,,86092,23,,,0,33,,86064,26,0,41,0,77,,86074,23,0,41,0,27,,86093,23,,,0,72,,86075,23,0,41,0,25,,86076,23,0,41,0,58,,86077,25,0,41,0,13,,86087,26,0,41,0,20,,86083,23,0,41,0,55,,86078,23,0,41,0,14,,86084,25,0,41,0,12,,86088,26,,,0,32,,86079,23,0,41,0,65,,86085,25,0,41,0,78,,86080,23,0,41,0,20,,86094,23,,,0
401,'S2-4_4',707,,86127,21,0,52,0,11,,86097,23,0,41,0,14,,86114,25,0,41,0,16,,86098,23,0,41,0,57,,86121,25,,,0,24,,86099,23,0,41,0,11,,86100,23,0,41,0,79,,86101,23,0,41,0,33,,86102,23,0,41,0,73,,86103,23,0,41,0,75,,86123,23,,,0,30,,86104,23,0,41,0,28,,86105,23,0,41,0,62,,86122,25,,,0,29,,86118,26,0,41,0,72,,86124,23,,,0,33,,86096,26,0,41,0,77,,86106,23,0,41,0,27,,86125,23,,,0,72,,86107,23,0,41,0,25,,86108,23,0,41,0,58,,86109,25,0,41,0,13,,86119,26,0,41,0,20,,86115,23,0,41,0,55,,86110,23,0,41,0,14,,86116,25,0,41,0,12,,86120,26,,,0,32,,86111,23,0,41,0,65,,86117,25,0,41,0,78,,86112,23,0,41,0,20,,86126,23,,,0
2301,'S2-0_4',707,,88103,16,,,0,22,,88102,16,,,0,1,,88101,26,,,0
2301,'S2-0_5',707,,88106,16,,,0,22,,88105,16,,,0,1,,88104,26,,,0
2301,'S2-1_3',707,,88109,16,,,0,22,,88108,16,,,0,1,,88107,26,,,0
2301,'S2-4_1',707,,88112,16,,,0,22,,88111,16,,,0,1,,88110,26,,,0
2301,'S2-4_2',707,,88115,16,,,0,22,,88114,16,,,0,1,,88113,26,,,0
2301,'S2-4_4',707,,88118,16,,,0,22,,88117,16,,,0,1,,88116,26,,,0
