100,'S2-0_4',723,,84209,29,0,61 8,0,14,,84206,29,0,61 8,0,16,,84210,29,0,61 8,0,54,,84197,29,,,0,16,,84216,29,0,61 8,0,30,,84211,29,0,61 8,0,67,,84198,29,0,61 8,0,38,,84212,29,0,61 8,0,78,,84199,29,0,61 8,0,80,,84213,29,0,61 8,0,38,,84200,29,0,61 8,0,59,,84217,29,,,0,24,,84218,29,,,0,71,,84201,29,0,61 8,0,25,,84214,29,0,61 8,0,25,,84202,29,0,61 8,0,75,,84215,29,0,61 8,0,80,,84203,29,0,61 8,0,24,,84219,29,,,0,76,,84208,29,0,61 8,0,20,,84220,29,,,0,13,,84225,6,0,61 8,0,62,,84221,29,,,0,10,,84204,29,0,61 8,0,13,,84228,13,,,0,7,,84222,29,,,0,21,,84205,29,0,61 8,0,54,,84223,29,,,0,6,,84229,13,,,0,19,,84195,29,,,0,75,,84224,29,0,61 8,0,34,,84196,29,,,0
100,'S2-0_5',723,,84244,29,0,61 8,0,14,,84241,29,0,61 8,0,16,,84245,29,0,61 8,0,54,,84232,29,,,0,16,,84251,29,0,61 8,0,30,,84246,29,0,61 8,0,67,,84233,29,0,61 8,0,38,,84247,29,0,61 8,0,78,,84234,29,0,61 8,0,80,,84248,29,0,61 8,0,38,,84235,29,0,61 8,0,59,,84252,29,,,0,24,,84253,29,,,0,71,,84236,29,0,61 8,0,25,,84249,29,0,61 8,0,25,,84237,29,0,61 8,0,75,,84250,29,0,61 8,0,80,,84238,29,0,61 8,0,24,,84254,29,,,0,76,,84243,29,0,61 8,0,20,,84255,29,,,0,13,,84260,6,0,61 8,0,62,,84256,29,,,0,10,,84239,29,0,61 8,0,13,,84263,13,,,0,7,,84257,29,,,0,21,,84240,29,0,61 8,0,54,,84258,29,,,0,6,,84264,13,,,0,19,,84230,29,,,0,75,,84259,29,0,61 8,0,34,,84231,29,,,0
100,'S2-1_3',723,,84279,29,0,61 8,0,14,,84276,29,0,61 8,0,16,,84280,29,0,61 8,0,54,,84267,29,,,0,16,,84286,29,0,61 8,0,30,,84281,29,0,61 8,0,67,,84268,29,0,61 8,0,38,,84282,29,0,61 8,0,78,,84269,29,0,61 8,0,80,,84283,29,0,61 8,0,38,,84270,29,0,61 8,0,59,,84287,29,,,0,21,,84298,6,,,0,3,,84288,29,,,0,71,,84271,29,0,61 8,0,25,,84284,29,0,61 8,0,25,,84272,29,0,61 8,0,75,,84285,29,0,61 8,0,80,,84273,29,0,61 8,0,24,,84289,29,,,0,76,,84278,29,0,61 8,0,20,,84290,29,,,0,13,,84295,6,0,61 8,0,62,,84291,29,,,0,10,,84274,29,0,61 8,0,20,,84292,29,,,0,21,,84275,29,0,61 8,0,54,,84293,29,,,0,25,,84265,29,,,0,75,,84294,29,0,61 8,0,34,,84266,29,,,0
100,'S2-2_6',723,,84300,29,0,61 8,0,110,,84312,29,0,61 8,0,95,,84301,29,0,61 8,0,31,,84313,29,0,61 8,0,70,,84302,29,0,61 8,0,72,,84314,29,0,61 8,0,30,,84303,29,0,61 8,0,69,,84315,29,0,61 8,0,31,,84304,29,0,61 8,0,28,,84316,29,0,61 8,0,70,,84305,29,0,61 8,0,30,,84317,29,0,61 8,0,70,,84306,29,0,61 8,0,71,,84318,29,0,61 8,0,29,,84307,29,0,61 8,0,71,,84319,29,0,61 8,0,31,,84308,29,0,61 8,0,71,,84320,29,0,61 8,0,33,,84309,29,0,61 8,0,68,,84321,29,0,61 8,0,30,,84310,29,0,61 8,0,71,,84322,29,0,61 8,0,29,,84311,29,0,61 8,0
100,'S2-3_7',927,,84323,29,0,61 8,0,105,,84328,29,0,61 8,0,106,,84324,29,0,61 8,0,104,,84329,29,0,61 8,0,90,,84325,29,0,61 8,0,100,,84330,29,0,61 8,0,105,,84326,29,0,61 8,0,105,,84331,29,0,61 8,0,105,,84327,29,0,61 8,0,105,,84332,29,0,61 8,0
100,'S2-4_1',723,,84347,29,0,61 8,0,14,,84344,29,0,61 8,0,16,,84348,29,0,61 8,0,54,,84335,29,,,0,16,,84354,29,0,61 8,0,30,,84349,29,0,61 8,0,67,,84336,29,0,61 8,0,38,,84350,29,0,61 8,0,78,,84337,29,0,61 8,0,80,,84351,29,0,61 8,0,38,,84338,29,0,61 8,0,59,,84355,29,,,0,24,,84356,29,,,0,71,,84339,29,0,61 8,0,25,,84352,29,0,61 8,0,25,,84340,29,0,61 8,0,75,,84353,29,0,61 8,0,80,,84341,29,0,61 8,0,24,,84357,29,,,0,76,,84346,29,0,61 8,0,20,,84358,29,,,0,13,,84363,6,0,61 8,0,62,,84359,29,,,0,10,,84342,29,0,61 8,0,13,,84366,13,,,0,7,,84360,29,,,0,21,,84343,29,0,61 8,0,54,,84361,29,,,0,6,,84367,13,,,0,19,,84333,29,,,0,75,,84362,29,0,61 8,0,34,,84334,29,,,0
100,'S2-4_2',723,,84382,29,0,61 8,0,14,,84379,29,0,61 8,0,16,,84383,29,0,61 8,0,54,,84370,29,,,0,16,,84389,29,0,61 8,0,30,,84384,29,0,61 8,0,67,,84371,29,0,61 8,0,38,,84385,29,0,61 8,0,78,,84372,29,0,61 8,0,80,,84386,29,0,61 8,0,38,,84373,29,0,61 8,0,59,,84390,29,,,0,24,,84391,29,,,0,71,,84374,29,0,61 8,0,25,,84387,29,0,61 8,0,25,,84375,29,0,61 8,0,75,,84388,29,0,61 8,0,80,,84376,29,0,61 8,0,24,,84392,29,,,0,76,,84381,29,0,61 8,0,20,,84393,29,,,0,13,,84398,6,0,61 8,0,62,,84394,29,,,0,10,,84377,29,0,61 8,0,13,,84401,13,,,0,7,,84395,29,,,0,21,,84378,29,0,61 8,0,54,,84396,29,,,0,6,,84402,13,,,0,19,,84368,29,,,0,75,,84397,29,0,61 8,0,34,,84369,29,,,0
100,'S2-4_4',723,,84417,29,0,61 8,0,14,,84414,29,0,61 8,0,16,,84418,29,0,61 8,0,54,,84405,29,,,0,16,,84424,29,0,61 8,0,30,,84419,29,0,61 8,0,67,,84406,29,0,61 8,0,38,,84420,29,0,61 8,0,78,,84407,29,0,61 8,0,80,,84421,29,0,61 8,0,38,,84408,29,0,61 8,0,59,,84425,29,,,0,24,,84426,29,,,0,71,,84409,29,0,61 8,0,25,,84422,29,0,61 8,0,25,,84410,29,0,61 8,0,75,,84423,29,0,61 8,0,80,,84411,29,0,61 8,0,24,,84427,29,,,0,76,,84416,29,0,61 8,0,20,,84428,29,,,0,13,,84433,6,0,61 8,0,62,,84429,29,,,0,10,,84412,29,0,61 8,0,13,,84436,13,,,0,7,,84430,29,,,0,21,,84413,29,0,61 8,0,54,,84431,29,,,0,6,,84437,13,,,0,19,,84403,29,,,0,75,,84432,29,0,61 8,0,34,,84404,29,,,0
400,'S2-0_4',724,,85693,20,0,43,0,15,,85701,20,0,40,0,15,,85670,20,0,40,0,54,,85671,20,0,40,0,15,,85695,20,0,40,0,15,,85672,20,0,40,0,13,,85673,20,0,40,0,71,,85674,20,0,40,0,79,,85675,32,0,40,0,31,,85676,20,0,40,0,71,,85677,20,0,40,0,36,,85678,20,0,40,0,75,,85679,20,0,40,0,24,,85699,20,,,0,65,,85696,32,0,40,0,29,,85680,20,0,40,0,26,,85681,20,0,40,0,70,,85684,32,0,40,0,75,,85682,20,0,40,0,30,,85685,32,0,40,0,75,,85683,20,0,40,0,28,,85702,20,0,40,0,67,,85686,32,0,40,0,5,,85697,4,0,40,0,15,,85687,20,0,40,0,15,,85703,20,,,0,15,,85689,20,0,40,0,65,,85692,4,0,40,0,20,,85700,20,,,0,75,,85690,20,0,40,0,24,,85691,32,0,40,0
400,'S2-0_5',724,,85727,20,0,43,0,15,,85735,20,0,40,0,15,,85704,20,0,40,0,54,,85705,20,0,40,0,15,,85729,20,0,40,0,15,,85706,20,0,40,0,13,,85707,20,0,40,0,71,,85708,20,0,40,0,79,,85709,32,0,40,0,31,,85710,20,0,40,0,71,,85711,20,0,40,0,36,,85712,20,0,40,0,75,,85713,20,0,40,0,24,,85733,20,,,0,65,,85730,32,0,40,0,29,,85714,20,0,40,0,26,,85715,20,0,40,0,70,,85718,32,0,40,0,75,,85716,20,0,40,0,30,,85719,32,0,40,0,75,,85717,20,0,40,0,28,,85736,20,0,40,0,67,,85720,32,0,40,0,5,,85731,4,0,40,0,15,,85721,20,0,40,0,15,,85737,20,,,0,15,,85723,20,0,40,0,65,,85726,4,0,40,0,20,,85734,20,,,0,75,,85724,20,0,40,0,24,,85725,32,0,40,0
400,'S2-1_3',724,,85760,20,0,43,0,15,,85768,20,0,40,0,15,,85738,20,0,40,0,54,,85739,20,0,40,0,15,,85762,20,0,40,0,15,,85740,20,0,40,0,13,,85741,20,0,40,0,71,,85742,20,0,40,0,79,,85743,32,0,40,0,31,,85744,20,0,40,0,71,,85745,20,0,40,0,36,,85746,20,0,40,0,75,,85747,20,0,40,0,24,,85766,20,,,0,65,,85763,32,0,40,0,29,,85748,20,0,40,0,26,,85749,20,0,40,0,70,,85752,32,0,40,0,75,,85750,20,0,40,0,30,,85753,32,0,40,0,75,,85751,20,0,40,0,28,,85769,20,0,40,0,67,,85754,32,0,40,0,5,,85764,4,0,40,0,15,,85755,20,0,40,0,15,,85770,20,,,0,15,,85757,20,0,40,0,65,,85756,32,0,40,0,20,,85767,20,,,0,75,,85758,20,0,40,0,24,,85759,32,0,40,0
400,'S2-2_6',723,,85777,20,0,40,0,104,,85778,20,0,40,0,74,,85771,32,0,40,0,27,,85779,20,0,40,0,72,,85780,20,0,40,0,30,,85781,20,0,40,0,70,,85772,32,0,40,0,31,,85782,20,0,40,0,69,,85784,20,0,40,0,31,,85783,20,0,40,0,69,,85773,32,0,40,0,30,,85785,20,0,40,0,71,,85786,20,0,40,0,29,,85787,20,0,40,0,72,,85774,32,0,40,0,32,,85788,20,0,40,0,69,,85789,20,0,40,0,30,,85790,20,0,40,0,72,,85775,32,0,40,0,35,,85791,20,0,40,0,71,,85792,20,0,40,0,32,,85793,20,0,40,0,69,,85776,32,0,40,0,31,,85794,20,0,40,0
400,'S2-3_7',837,,85795,32,0,40,0,165,,85796,32,0,40,0,125,,85797,32,0,40,0,200,,85798,32,0,40,0,126,,85799,32,0,40,0,165,,85800,32,0,40,0,126,,85801,32,0,40,0,165,,85802,32,0,40,0
400,'S2-4_1',724,,85826,20,0,43,0,15,,85834,20,0,40,0,15,,85803,20,0,40,0,54,,85804,20,0,40,0,15,,85828,20,0,40,0,15,,85805,20,0,40,0,13,,85806,20,0,40,0,71,,85807,20,0,40,0,79,,85808,32,0,40,0,31,,85809,20,0,40,0,71,,85810,20,0,40,0,36,,85811,20,0,40,0,75,,85812,20,0,40,0,24,,85832,20,,,0,65,,85829,32,0,40,0,29,,85813,20,0,40,0,26,,85814,20,0,40,0,70,,85817,32,0,40,0,75,,85815,20,0,40,0,30,,85818,32,0,40,0,75,,85816,20,0,40,0,28,,85835,20,0,40,0,67,,85819,32,0,40,0,5,,85830,4,0,40,0,15,,85820,20,0,40,0,15,,85836,20,,,0,15,,85822,20,0,40,0,65,,85825,4,0,40,0,20,,85833,20,,,0,75,,85823,20,0,40,0,24,,85824,32,0,40,0
400,'S2-4_2',724,,85860,20,0,43,0,15,,85868,20,0,40,0,15,,85837,20,0,40,0,54,,85838,20,0,40,0,15,,85862,20,0,40,0,15,,85839,20,0,40,0,13,,85840,20,0,40,0,71,,85841,20,0,40,0,79,,85842,32,0,40,0,31,,85843,20,0,40,0,71,,85844,20,0,40,0,36,,85845,20,0,40,0,75,,85846,20,0,40,0,24,,85866,20,,,0,65,,85863,32,0,40,0,29,,85847,20,0,40,0,26,,85848,20,0,40,0,70,,85851,32,0,40,0,75,,85849,20,0,40,0,30,,85852,32,0,40,0,75,,85850,20,0,40,0,28,,85869,20,0,40,0,67,,85853,32,0,40,0,5,,85864,4,0,40,0,15,,85854,20,0,40,0,15,,85870,20,,,0,15,,85856,20,0,40,0,65,,85859,4,0,40,0,20,,85867,20,,,0,75,,85857,20,0,40,0,24,,85858,32,0,40,0
400,'S2-4_4',724,,85894,20,0,43,0,15,,85902,20,0,40,0,15,,85871,20,0,40,0,54,,85872,20,0,40,0,15,,85896,20,0,40,0,15,,85873,20,0,40,0,13,,85874,20,0,40,0,71,,85875,20,0,40,0,79,,85876,32,0,40,0,31,,85877,20,0,40,0,71,,85878,20,0,40,0,36,,85879,20,0,40,0,75,,85880,20,0,40,0,24,,85900,20,,,0,65,,85897,32,0,40,0,29,,85881,20,0,40,0,26,,85882,20,0,40,0,70,,85885,32,0,40,0,75,,85883,20,0,40,0,30,,85886,32,0,40,0,75,,85884,20,0,40,0,28,,85903,20,0,40,0,67,,85887,32,0,40,0,5,,85898,4,0,40,0,15,,85888,20,0,40,0,15,,85904,20,,,0,15,,85890,20,0,40,0,65,,85893,4,0,40,0,20,,85901,20,,,0,75,,85891,20,0,40,0,24,,85892,32,0,40,0
500,'S2-0_4',723,,86139,26,,,0,20,,86140,40,,,0,80,,86141,26,,,0,36,,86128,40,,,0,144,,86129,40,,,0,100,,86130,40,,,0,105,,86131,40,,,0,100,,86132,40,,,0,44,,86133,40,,,0,94,,86134,40,,,0,100,,86135,40,,,0,103,,86136,40,,,0,107,,86137,40,,,0,100,,86142,40,,,0,98,,86138,40,,,0
500,'S2-0_5',723,,86154,26,,,0,20,,86155,40,,,0,80,,86156,26,,,0,36,,86143,40,,,0,144,,86144,40,,,0,100,,86145,40,,,0,105,,86146,40,,,0,100,,86147,40,,,0,44,,86148,40,,,0,94,,86149,40,,,0,100,,86150,40,,,0,103,,86151,40,,,0,107,,86152,40,,,0,100,,86157,40,,,0,98,,86153,40,,,0
500,'S2-1_3',723,,86169,26,,,0,20,,86170,40,,,0,80,,86171,26,,,0,36,,86158,40,,,0,144,,86159,40,,,0,100,,86160,40,,,0,105,,86161,40,,,0,100,,86162,40,,,0,44,,86163,40,,,0,94,,86164,40,,,0,100,,86165,40,,,0,103,,86166,40,,,0,107,,86167,40,,,0,100,,86172,40,,,0,98,,86168,40,,,0
500,'S2-2_6',753,,86184,40,,,0,100,,86173,40,,,0,100,,86174,40,,,0,100,,86175,40,,,0,99,,86176,40,,,0,96,,86177,40,,,0,98,,86178,40,,,0,100,,86179,40,,,0,100,,86180,40,,,0,100,,86181,40,,,0,100,,86182,40,,,0,191,,86183,40,,,0
500,'S2-4_1',723,,86196,26,,,0,20,,86197,40,,,0,80,,86198,26,,,0,36,,86185,40,,,0,144,,86186,40,,,0,100,,86187,40,,,0,105,,86188,40,,,0,100,,86189,40,,,0,44,,86190,40,,,0,94,,86191,40,,,0,100,,86192,40,,,0,103,,86193,40,,,0,107,,86194,40,,,0,100,,86199,40,,,0,98,,86195,40,,,0
500,'S2-4_2',723,,86211,26,,,0,20,,86212,40,,,0,80,,86213,26,,,0,36,,86200,40,,,0,144,,86201,40,,,0,100,,86202,40,,,0,105,,86203,40,,,0,100,,86204,40,,,0,44,,86205,40,,,0,94,,86206,40,,,0,100,,86207,40,,,0,103,,86208,40,,,0,107,,86209,40,,,0,100,,86214,40,,,0,98,,86210,40,,,0
500,'S2-4_4',723,,86226,26,,,0,20,,86227,40,,,0,80,,86228,26,,,0,36,,86215,40,,,0,144,,86216,40,,,0,100,,86217,40,,,0,105,,86218,40,,,0,100,,86219,40,,,0,44,,86220,40,,,0,94,,86221,40,,,0,100,,86222,40,,,0,103,,86223,40,,,0,107,,86224,40,,,0,100,,86229,40,,,0,98,,86225,40,,,0
600,'S2-0_4',726,,86324,28,,,0,24,,86338,28,0,11 12,0,93,,86325,28,,,0,106,,86326,28,0,11 12,0,100,,86327,28,0,11 12,0,89,,86328,28,0,11 12,0,110,,86329,28,0,11 12,0,110,,86330,28,0,11 12,0,96,,86339,28,0,11 12,0,91,,86331,28,0,11 12,0,101,,86332,28,0,11 12,0,89,,86333,28,0,11 12,0,79,,86334,28,0,11 12,0,27,,86335,28,0,11 12,0,68,,86336,28,0,11 12,0,39,,86337,28,0,11 12,0
600,'S2-0_5',726,,86340,28,,,0,24,,86354,28,0,11 12,0,93,,86341,28,,,0,106,,86342,28,0,11 12,0,100,,86343,28,0,11 12,0,89,,86344,28,0,11 12,0,110,,86345,28,0,11 12,0,110,,86346,28,0,11 12,0,96,,86355,28,0,11 12,0,91,,86347,28,0,11 12,0,101,,86348,28,0,11 12,0,89,,86349,28,0,11 12,0,79,,86350,28,0,11 12,0,27,,86351,28,0,11 12,0,68,,86352,28,0,11 12,0,39,,86353,28,0,11 12,0
600,'S2-1_3',726,,86356,28,,,0,24,,86370,28,0,11 12,0,93,,86357,28,,,0,106,,86358,28,0,11 12,0,100,,86359,28,0,11 12,0,89,,86360,28,0,11 12,0,110,,86361,28,0,11 12,0,110,,86362,28,0,11 12,0,96,,86371,28,0,11 12,0,91,,86363,28,0,11 12,0,101,,86364,28,0,11 12,0,89,,86365,28,0,11 12,0,79,,86366,28,0,11 12,0,27,,86367,28,0,11 12,0,68,,86368,28,0,11 12,0,39,,86369,28,0,11 12,0
600,'S2-2_6',811,,86372,28,0,11 12,0,94,,86374,28,0,11 12,0,53,,86375,28,0,11 12,0,88,,86376,28,0,11 12,0,89,,86377,28,0,11 12,0,88,,86378,28,0,11 12,0,88,,86379,28,0,11 12,0,90,,86380,28,0,11 12,0,48,,86381,28,0,11 12,0,99,,86382,28,0,11 12,0,91,,86383,28,0,11 12,0,92,,86384,28,0,11 12,0,90,,86385,28,0,11 12,0,91,,86386,28,0,11 12,0,40,,86373,28,0,11 12,0
600,'S2-4_1',726,,86387,28,,,0,24,,86401,28,0,11 12,0,93,,86388,28,,,0,106,,86389,28,0,11 12,0,100,,86390,28,0,11 12,0,89,,86391,28,0,11 12,0,110,,86392,28,0,11 12,0,110,,86393,28,0,11 12,0,96,,86402,28,0,11 12,0,91,,86394,28,0,11 12,0,101,,86395,28,0,11 12,0,89,,86396,28,0,11 12,0,79,,86397,28,0,11 12,0,27,,86398,28,0,11 12,0,68,,86399,28,0,11 12,0,39,,86400,28,0,11 12,0
600,'S2-4_2',726,,86403,28,,,0,24,,86417,28,0,11 12,0,93,,86404,28,,,0,106,,86405,28,0,11 12,0,100,,86406,28,0,11 12,0,89,,86407,28,0,11 12,0,110,,86408,28,0,11 12,0,110,,86409,28,0,11 12,0,96,,86418,28,0,11 12,0,91,,86410,28,0,11 12,0,101,,86411,28,0,11 12,0,89,,86412,28,0,11 12,0,79,,86413,28,0,11 12,0,27,,86414,28,0,11 12,0,68,,86415,28,0,11 12,0,39,,86416,28,0,11 12,0
600,'S2-4_4',726,,86419,28,,,0,24,,86433,28,0,11 12,0,93,,86420,28,,,0,106,,86421,28,0,11 12,0,100,,86422,28,0,11 12,0,89,,86423,28,0,11 12,0,110,,86424,28,0,11 12,0,110,,86425,28,0,11 12,0,96,,86434,28,0,11 12,0,91,,86426,28,0,11 12,0,101,,86427,28,0,11 12,0,89,,86428,28,0,11 12,0,79,,86429,28,0,11 12,0,27,,86430,28,0,11 12,0,68,,86431,28,0,11 12,0,39,,86432,28,0,11 12,0
2500,'S2-0_4',732,,88157,4,,,0,72,,88158,4,,,0,40,,88159,4,,,0,112,,88160,4,,,0,152,,88161,4,,,0,131,,88162,4,,,0,116,,88163,4,,,0,156,,88164,4,,,0,44,,88165,4,,,0,85,,88166,4,,,0,109,,88167,4,,,0,85,,88168,4,,,0,112,,88169,4,,,0
2500,'S2-0_5',732,,88170,4,,,0,72,,88171,4,,,0,40,,88172,4,,,0,112,,88173,4,,,0,152,,88174,4,,,0,131,,88175,4,,,0,116,,88176,4,,,0,156,,88177,4,,,0,44,,88178,4,,,0,85,,88179,4,,,0,109,,88180,4,,,0,85,,88181,4,,,0,112,,88182,4,,,0
2500,'S2-1_3',732,,88183,4,,,0,72,,88184,4,,,0,40,,88185,4,,,0,112,,88186,4,,,0,152,,88187,4,,,0,131,,88188,4,,,0,116,,88189,4,,,0,156,,88190,4,,,0,44,,88191,4,,,0,85,,88192,4,,,0,109,,88193,4,,,0,85,,88194,4,,,0,112,,88195,4,,,0
2500,'S2-2_6',733,,88196,4,,,0,112,,88197,4,,,0,167,,88198,4,,,0,113,,88199,4,,,0,128,,88200,4,,,0,152,,88201,4,,,0,132,,88202,4,,,0,120,,88203,4,,,0,161,,88204,4,,,0,115,,88205,4,,,0
2500,'S2-4_1',732,,88206,4,,,0,72,,88207,4,,,0,40,,88208,4,,,0,112,,88209,4,,,0,152,,88210,4,,,0,131,,88211,4,,,0,116,,88212,4,,,0,156,,88213,4,,,0,44,,88214,4,,,0,85,,88215,4,,,0,109,,88216,4,,,0,85,,88217,4,,,0,112,,88218,4,,,0
2500,'S2-4_2',732,,88219,4,,,0,72,,88220,4,,,0,40,,88221,4,,,0,112,,88222,4,,,0,152,,88223,4,,,0,131,,88224,4,,,0,116,,88225,4,,,0,156,,88226,4,,,0,44,,88227,4,,,0,85,,88228,4,,,0,109,,88229,4,,,0,85,,88230,4,,,0,112,,88231,4,,,0
2500,'S2-4_4',732,,88232,4,,,0,72,,88233,4,,,0,40,,88234,4,,,0,112,,88235,4,,,0,152,,88236,4,,,0,131,,88237,4,,,0,116,,88238,4,,,0,156,,88239,4,,,0,44,,88240,4,,,0,85,,88241,4,,,0,109,,88242,4,,,0,85,,88243,4,,,0,112,,88244,4,,,0
2600,'S2-0_4',712,,88333,19,,,0,13,,88344,19,,,0,83,,88345,19,,,0,17,,88346,19,,,0,84,,88347,19,,,0,29,,88348,19,,,0,95,,88334,19,,,0,99,,88335,19,,,0,97,,88336,19,,,0,28,,88337,19,,,0,70,,88352,19,,,0,95,,88353,19,,,0,111,,88338,19,,,0,85,,88339,19,,,0,25,,88349,19,,,0,71,,88350,19,,,0,21,,88340,19,,,0,68,,88341,19,,,0,32,,88342,19,,,0,68,,88355,19,,,0
2600,'S2-0_5',712,,88357,19,,,0,13,,88368,19,,,0,83,,88369,19,,,0,17,,88370,19,,,0,84,,88371,19,,,0,29,,88372,19,,,0,95,,88358,19,,,0,99,,88359,19,,,0,97,,88360,19,,,0,28,,88361,19,,,0,70,,88376,19,,,0,95,,88377,19,,,0,111,,88362,19,,,0,85,,88363,19,,,0,25,,88373,19,,,0,71,,88374,19,,,0,21,,88364,19,,,0,68,,88365,19,,,0,32,,88366,19,,,0,68,,88379,19,,,0
2600,'S2-1_3',712,,88381,19,,,0,13,,88392,19,,,0,83,,88393,19,,,0,17,,88394,19,,,0,84,,88395,19,,,0,29,,88396,19,,,0,95,,88382,19,,,0,99,,88383,19,,,0,97,,88384,19,,,0,28,,88385,19,,,0,70,,88400,19,,,0,95,,88401,19,,,0,111,,88386,19,,,0,85,,88387,19,,,0,25,,88397,19,,,0,71,,88398,19,,,0,21,,88388,19,,,0,68,,88389,19,,,0,32,,88390,19,,,0,68,,88402,19,,,0
2600,'S2-2_6',733,,88404,19,,,0,85,,88405,19,,,0,85,,88406,19,,,0,45,,88407,19,,,0,84,,88408,19,,,0,90,,88409,19,,,0,84,,88410,19,,,0,42,,88411,19,,,0,85,,88412,19,,,0,85,,88413,19,,,0,83,,88414,19,,,0,45,,88415,19,,,0,90,,88416,19,,,0,86,,88417,19,,,0,83,,88418,19,,,0,45,,88419,19,,,0,82,,88420,19,,,0
2600,'S2-4_1',712,,88421,19,,,0,13,,88432,19,,,0,83,,88433,19,,,0,17,,88434,19,,,0,84,,88435,19,,,0,29,,88436,19,,,0,95,,88422,19,,,0,99,,88423,19,,,0,97,,88424,19,,,0,28,,88425,19,,,0,70,,88440,19,,,0,95,,88441,19,,,0,111,,88426,19,,,0,85,,88427,19,,,0,25,,88437,19,,,0,71,,88438,19,,,0,21,,88428,19,,,0,68,,88429,19,,,0,32,,88430,19,,,0,68,,88443,19,,,0
2600,'S2-4_2',712,,88445,19,,,0,13,,88456,19,,,0,83,,88457,19,,,0,17,,88458,19,,,0,84,,88459,19,,,0,29,,88460,19,,,0,95,,88446,19,,,0,99,,88447,19,,,0,97,,88448,19,,,0,28,,88449,19,,,0,70,,88464,19,,,0,95,,88465,19,,,0,111,,88450,19,,,0,85,,88451,19,,,0,25,,88461,19,,,0,71,,88462,19,,,0,21,,88452,19,,,0,68,,88453,19,,,0,32,,88454,19,,,0,68,,88467,19,,,0
2600,'S2-4_4',712,,88470,19,,,0,13,,88481,19,,,0,83,,88482,19,,,0,17,,88483,19,,,0,84,,88484,19,,,0,29,,88485,19,,,0,95,,88471,19,,,0,99,,88472,19,,,0,97,,88473,19,,,0,28,,88474,19,,,0,70,,88489,19,,,0,95,,88490,19,,,0,111,,88475,19,,,0,85,,88476,19,,,0,25,,88486,19,,,0,71,,88487,19,,,0,21,,88477,19,,,0,68,,88478,19,,,0,32,,88479,19,,,0,68,,88492,19,,,0
2000000,'S2-0_4',657,,90554,18,,,0,65,,90536,18,,,0,17,,90564,18,,,0,15,,90520,18,,,0,54,,90547,18,,,0,15,,90529,18,,,0,15,,90556,18,,,0,15,,90539,18,,,0,56,,90567,18,,,0,16,,90521,18,,,0,16,,90552,18,,,0,16,,90530,18,,,0,56,,90557,18,,,0,16,,90537,18,,,0,16,,90565,18,,,0,56,,90522,18,,,0,16,,90553,18,,,0,15,,90531,18,,,0,16,,90558,18,,,0,56,,90538,18,,,0,15,,90568,18,,,0,17,,90523,18,,,0,12,,90546,18,,,0,56,,90532,18,,,0,15,,90555,18,,,0,15,,90540,18,,,0,15,,90566,18,,,0,55,,90525,18,,,0,15,,90548,18,,,0,15,,90535,18,,,0,15,,90560,18,,,0,55,,90541,18,,,0,15,,90569,18,,,0,15,,90526,18,,,0,15,,90549,18,,,0,56,,90534,18,,,0,15,,90559,18,,,0,15,,90542,18,,,0,16,,90518,18,,,0,56,,90570,18,,,0,18,,90524,18,,,0,14,,90551,18,,,0,16,,90533,18,,,0,55,,90561,18,,,0,15,,90544,18,,,0,13,,90519,18,,,0,13,,90571,18,,,0,54,,90527,18,,,0,14,,90550,18,,,0,13,,90562,18,,,0,19,,90543,18,,,0,61,,90572,18,,,0,20,,90528,18,,,0,19,,90563,18,,,0,60,,90545,18,,,0
2000000,'S2-0_5',657,,90613,18,,,0,65,,90595,18,,,0,17,,90623,18,,,0,15,,90579,18,,,0,54,,90606,18,,,0,15,,90588,18,,,0,15,,90615,18,,,0,15,,90598,18,,,0,56,,90626,18,,,0,16,,90580,18,,,0,16,,90611,18,,,0,16,,90589,18,,,0,56,,90616,18,,,0,16,,90596,18,,,0,16,,90624,18,,,0,56,,90581,18,,,0,16,,90612,18,,,0,15,,90590,18,,,0,16,,90617,18,,,0,56,,90597,18,,,0,15,,90627,18,,,0,17,,90582,18,,,0,12,,90605,18,,,0,56,,90591,18,,,0,15,,90614,18,,,0,15,,90599,18,,,0,15,,90625,18,,,0,55,,90584,18,,,0,15,,90607,18,,,0,15,,90594,18,,,0,15,,90619,18,,,0,55,,90600,18,,,0,15,,90628,18,,,0,15,,90585,18,,,0,15,,90608,18,,,0,56,,90593,18,,,0,15,,90618,18,,,0,15,,90601,18,,,0,16,,90577,18,,,0,56,,90629,18,,,0,18,,90583,18,,,0,14,,90610,18,,,0,16,,90592,18,,,0,55,,90620,18,,,0,15,,90603,18,,,0,13,,90578,18,,,0,13,,90630,18,,,0,54,,90586,18,,,0,14,,90609,18,,,0,13,,90621,18,,,0,19,,90602,18,,,0,61,,90631,18,,,0,20,,90587,18,,,0,19,,90622,18,,,0,60,,90604,18,,,0
2000000,'S2-1_3',657,,90671,18,,,0,65,,90653,18,,,0,17,,90681,18,,,0,15,,90637,18,,,0,54,,90664,18,,,0,15,,90646,18,,,0,15,,90673,18,,,0,15,,90656,18,,,0,56,,90684,18,,,0,16,,90638,18,,,0,16,,90669,18,,,0,16,,90647,18,,,0,56,,90674,18,,,0,16,,90654,18,,,0,16,,90682,18,,,0,56,,90639,18,,,0,16,,90670,18,,,0,15,,90648,18,,,0,16,,90675,18,,,0,56,,90655,18,,,0,15,,90685,18,,,0,17,,90640,18,,,0,12,,90663,18,,,0,56,,90649,18,,,0,15,,90672,18,,,0,15,,90657,18,,,0,15,,90683,18,,,0,55,,90642,18,,,0,15,,90665,18,,,0,15,,90652,18,,,0,15,,90677,18,,,0,55,,90658,18,,,0,15,,90686,18,,,0,15,,90643,18,,,0,15,,90666,18,,,0,56,,90651,18,,,0,15,,90676,18,,,0,15,,90659,18,,,0,16,,90635,18,,,0,56,,90687,18,,,0,18,,90641,18,,,0,14,,90668,18,,,0,16,,90650,18,,,0,55,,90678,18,,,0,15,,90661,18,,,0,13,,90636,18,,,0,13,,90688,18,,,0,54,,90644,18,,,0,14,,90667,18,,,0,13,,90679,18,,,0,19,,90660,18,,,0,61,,90689,18,,,0,20,,90645,18,,,0,19,,90680,18,,,0,60,,90662,18,,,0
2000000,'S2-2_6',654,,90691,18,,,0,82,,90692,18,,,0,79,,90693,18,,,0,30,,90694,18,,,0,60,,90695,18,,,0,20,,90696,18,,,0,19,,90697,18,,,0,58,,90698,18,,,0,20,,90699,18,,,0,20,,90700,18,,,0,58,,90701,18,,,0,19,,90702,18,,,0,19,,90703,18,,,0,20,,90704,18,,,0,58,,90705,18,,,0,19,,90706,18,,,0,18,,90707,18,,,0,59,,90708,18,,,0,19,,90709,18,,,0,19,,90710,18,,,0,58,,90711,18,,,0,19,,90712,18,,,0,20,,90713,18,,,0,60,,90714,18,,,0,19,,90715,18,,,0,19,,90716,18,,,0,60,,90717,18,,,0,20,,90718,18,,,0,20,,90719,18,,,0,60,,90720,18,,,0,19,,90721,18,,,0,20,,90722,18,,,0,60,,90723,18,,,0,20,,90724,18,,,0,18,,90725,18,,,0,60,,90726,18,,,0,24,,90727,18,,,0,24,,90728,18,,,0,64,,90729,18,,,0,24,,90730,18,,,0,65,,90731,18,,,0
2000000,'S2-3_7',831,,90732,18,,,0,80,,90733,18,,,0,40,,90734,18,,,0,80,,90735,18,,,0,80,,90736,18,,,0,40,,90737,18,,,0,80,,90738,18,,,0,80,,90739,18,,,0,40,,90740,18,,,0,80,,90741,18,,,0,80,,90742,18,,,0,40,,90743,18,,,0,80,,90744,18,,,0,80,,90745,18,,,0,40,,90746,18,,,0,80,,90747,18,,,0,80,,90748,18,,,0,40,,90749,18,,,0
2000000,'S2-4_1',657,,90789,18,,,0,65,,90771,18,,,0,17,,90799,18,,,0,15,,90755,18,,,0,54,,90782,18,,,0,15,,90764,18,,,0,15,,90791,18,,,0,15,,90774,18,,,0,56,,90802,18,,,0,16,,90756,18,,,0,16,,90787,18,,,0,16,,90765,18,,,0,56,,90792,18,,,0,16,,90772,18,,,0,16,,90800,18,,,0,56,,90757,18,,,0,16,,90788,18,,,0,15,,90766,18,,,0,16,,90793,18,,,0,56,,90773,18,,,0,15,,90803,18,,,0,17,,90758,18,,,0,12,,90781,18,,,0,56,,90767,18,,,0,15,,90790,18,,,0,15,,90775,18,,,0,15,,90801,18,,,0,55,,90760,18,,,0,15,,90783,18,,,0,15,,90770,18,,,0,15,,90795,18,,,0,55,,90776,18,,,0,15,,90804,18,,,0,15,,90761,18,,,0,15,,90784,18,,,0,56,,90769,18,,,0,15,,90794,18,,,0,15,,90777,18,,,0,16,,90753,18,,,0,56,,90805,18,,,0,18,,90759,18,,,0,14,,90786,18,,,0,16,,90768,18,,,0,55,,90796,18,,,0,15,,90779,18,,,0,13,,90754,18,,,0,13,,90806,18,,,0,54,,90762,18,,,0,14,,90785,18,,,0,13,,90797,18,,,0,19,,90778,18,,,0,61,,90807,18,,,0,20,,90763,18,,,0,19,,90798,18,,,0,60,,90780,18,,,0
2000000,'S2-4_2',657,,90848,18,,,0,65,,90830,18,,,0,17,,90858,18,,,0,15,,90814,18,,,0,54,,90841,18,,,0,15,,90823,18,,,0,15,,90850,18,,,0,15,,90833,18,,,0,56,,90861,18,,,0,16,,90815,18,,,0,16,,90846,18,,,0,16,,90824,18,,,0,56,,90851,18,,,0,16,,90831,18,,,0,16,,90859,18,,,0,56,,90816,18,,,0,16,,90847,18,,,0,15,,90825,18,,,0,16,,90852,18,,,0,56,,90832,18,,,0,15,,90862,18,,,0,17,,90817,18,,,0,12,,90840,18,,,0,56,,90826,18,,,0,15,,90849,18,,,0,15,,90834,18,,,0,15,,90860,18,,,0,55,,90819,18,,,0,15,,90842,18,,,0,15,,90829,18,,,0,15,,90854,18,,,0,55,,90835,18,,,0,15,,90863,18,,,0,15,,90820,18,,,0,15,,90843,18,,,0,56,,90828,18,,,0,15,,90853,18,,,0,15,,90836,18,,,0,16,,90812,18,,,0,56,,90864,18,,,0,18,,90818,18,,,0,14,,90845,18,,,0,16,,90827,18,,,0,55,,90855,18,,,0,15,,90838,18,,,0,13,,90813,18,,,0,13,,90865,18,,,0,54,,90821,18,,,0,14,,90844,18,,,0,13,,90856,18,,,0,19,,90837,18,,,0,61,,90866,18,,,0,20,,90822,18,,,0,19,,90857,18,,,0,60,,90839,18,,,0
2000000,'S2-4_4',657,,90907,18,,,0,65,,90889,18,,,0,17,,90917,18,,,0,15,,90873,18,,,0,54,,90900,18,,,0,15,,90882,18,,,0,15,,90909,18,,,0,15,,90892,18,,,0,56,,90920,18,,,0,16,,90874,18,,,0,16,,90905,18,,,0,16,,90883,18,,,0,56,,90910,18,,,0,16,,90890,18,,,0,16,,90918,18,,,0,56,,90875,18,,,0,16,,90906,18,,,0,15,,90884,18,,,0,16,,90911,18,,,0,56,,90891,18,,,0,15,,90921,18,,,0,17,,90876,18,,,0,12,,90899,18,,,0,56,,90885,18,,,0,15,,90908,18,,,0,15,,90893,18,,,0,15,,90919,18,,,0,55,,90878,18,,,0,15,,90901,18,,,0,15,,90888,18,,,0,15,,90913,18,,,0,55,,90894,18,,,0,15,,90922,18,,,0,15,,90879,18,,,0,15,,90902,18,,,0,56,,90887,18,,,0,15,,90912,18,,,0,15,,90895,18,,,0,16,,90871,18,,,0,56,,90923,18,,,0,18,,90877,18,,,0,14,,90904,18,,,0,16,,90886,18,,,0,55,,90914,18,,,0,15,,90897,18,,,0,13,,90872,18,,,0,13,,90924,18,,,0,54,,90880,18,,,0,14,,90903,18,,,0,13,,90915,18,,,0,19,,90896,18,,,0,61,,90925,18,,,0,20,,90881,18,,,0,19,,90916,18,,,0,60,,90898,18,,,0
3000000,'S2-0_4',642,,91563,14,,,0,59,,91562,14,,,0,23,,91522,14,,,0,20,,91523,14,,,0,60,,91524,14,,,0,19,,91525,14,,,0,20,,91526,14,,,0,62,,91527,14,,,0,20,,91528,14,,,0,20,,91529,14,,,0,60,,91530,14,,,0,19,,91531,14,,,0,21,,91532,14,,,0,60,,91533,14,,,0,20,,91534,14,,,0,20,,91535,14,,,0,60,,91536,14,,,0,21,,91537,14,,,0,20,,91538,14,,,0,59,,91539,14,,,0,20,,91540,14,,,0,19,,91541,14,,,0,60,,91542,14,,,0,21,,91543,14,,,0,20,,91544,14,,,0,60,,91545,14,,,0,20,,91546,14,,,0,19,,91547,14,,,0,59,,91548,14,,,0,17,,91549,14,,,0,19,,91550,14,,,0,18,,91551,14,,,0,61,,91552,14,,,0,21,,91553,14,,,0,61,,91554,14,,,0,21,,91555,14,,,0,21,,91556,14,,,0,60,,91557,14,,,0,20,,91558,14,,,0,28,,91559,14,,,0,73,,91560,14,,,0,32,,91561,14,,,0
3000000,'S2-0_5',642,,91609,14,,,0,59,,91608,14,,,0,23,,91568,14,,,0,20,,91569,14,,,0,60,,91570,14,,,0,19,,91571,14,,,0,20,,91572,14,,,0,62,,91573,14,,,0,20,,91574,14,,,0,20,,91575,14,,,0,60,,91576,14,,,0,19,,91577,14,,,0,21,,91578,14,,,0,60,,91579,14,,,0,20,,91580,14,,,0,20,,91581,14,,,0,60,,91582,14,,,0,21,,91583,14,,,0,20,,91584,14,,,0,59,,91585,14,,,0,20,,91586,14,,,0,19,,91587,14,,,0,60,,91588,14,,,0,21,,91589,14,,,0,20,,91590,14,,,0,60,,91591,14,,,0,20,,91592,14,,,0,19,,91593,14,,,0,59,,91594,14,,,0,17,,91595,14,,,0,19,,91596,14,,,0,18,,91597,14,,,0,61,,91598,14,,,0,21,,91599,14,,,0,61,,91600,14,,,0,21,,91601,14,,,0,21,,91602,14,,,0,60,,91603,14,,,0,20,,91604,14,,,0,28,,91605,14,,,0,73,,91606,14,,,0,32,,91607,14,,,0
3000000,'S2-1_3',642,,91655,14,,,0,59,,91654,14,,,0,23,,91614,14,,,0,20,,91615,14,,,0,60,,91616,14,,,0,19,,91617,14,,,0,20,,91618,14,,,0,62,,91619,14,,,0,20,,91620,14,,,0,20,,91621,14,,,0,60,,91622,14,,,0,19,,91623,14,,,0,21,,91624,14,,,0,60,,91625,14,,,0,20,,91626,14,,,0,20,,91627,14,,,0,60,,91628,14,,,0,21,,91629,14,,,0,20,,91630,14,,,0,59,,91631,14,,,0,20,,91632,14,,,0,19,,91633,14,,,0,60,,91634,14,,,0,21,,91635,14,,,0,20,,91636,14,,,0,60,,91637,14,,,0,20,,91638,14,,,0,19,,91639,14,,,0,59,,91640,14,,,0,17,,91641,14,,,0,19,,91642,14,,,0,18,,91643,14,,,0,61,,91644,14,,,0,21,,91645,14,,,0,61,,91646,14,,,0,21,,91647,14,,,0,21,,91648,14,,,0,60,,91649,14,,,0,20,,91650,14,,,0,28,,91651,14,,,0,73,,91652,14,,,0,32,,91653,14,,,0
3000000,'S2-2_6',646,,91660,14,,,0,82,,91661,14,,,0,81,,91662,14,,,0,30,,91663,14,,,0,20,,91664,14,,,0,60,,91665,14,,,0,21,,91666,14,,,0,60,,91667,14,,,0,20,,91668,14,,,0,20,,91669,14,,,0,60,,91670,14,,,0,19,,91671,14,,,0,20,,91672,14,,,0,20,,91673,14,,,0,60,,91674,14,,,0,19,,91675,14,,,0,20,,91676,14,,,0,60,,91677,14,,,0,20,,91678,14,,,0,20,,91679,14,,,0,61,,91680,14,,,0,20,,91681,14,,,0,20,,91682,14,,,0,60,,91683,14,,,0,20,,91684,14,,,0,20,,91685,14,,,0,60,,91686,14,,,0,20,,91687,14,,,0,20,,91688,14,,,0,60,,91689,14,,,0,20,,91690,14,,,0,20,,91691,14,,,0,59,,91692,14,,,0,20,,91693,14,,,0,19,,91694,14,,,0,70,,91695,14,,,0,30,,91696,14,,,0,69,,91697,14,,,0,29,,91698,14,,,0
3000000,'S2-3_7',807,,91700,14,,,0,130,,91701,14,,,0,170,,91708,14,,,0,130,,91707,14,,,0,170,,91706,14,,,0,130,,91704,14,,,0,170,,91705,14,,,0,129,,91703,14,,,0,170,,91702,14,,,0
3000000,'S2-4_1',642,,91755,14,,,0,59,,91754,14,,,0,23,,91714,14,,,0,20,,91715,14,,,0,60,,91716,14,,,0,19,,91717,14,,,0,20,,91718,14,,,0,62,,91719,14,,,0,20,,91720,14,,,0,20,,91721,14,,,0,60,,91722,14,,,0,19,,91723,14,,,0,21,,91724,14,,,0,60,,91725,14,,,0,20,,91726,14,,,0,20,,91727,14,,,0,60,,91728,14,,,0,21,,91729,14,,,0,20,,91730,14,,,0,59,,91731,14,,,0,20,,91732,14,,,0,19,,91733,14,,,0,60,,91734,14,,,0,21,,91735,14,,,0,20,,91736,14,,,0,60,,91737,14,,,0,20,,91738,14,,,0,19,,91739,14,,,0,59,,91740,14,,,0,17,,91741,14,,,0,19,,91742,14,,,0,18,,91743,14,,,0,61,,91744,14,,,0,21,,91745,14,,,0,61,,91746,14,,,0,21,,91747,14,,,0,21,,91748,14,,,0,60,,91749,14,,,0,20,,91750,14,,,0,28,,91751,14,,,0,73,,91752,14,,,0,32,,91753,14,,,0
3000000,'S2-4_2',642,,91801,14,,,0,59,,91800,14,,,0,23,,91760,14,,,0,20,,91761,14,,,0,60,,91762,14,,,0,19,,91763,14,,,0,20,,91764,14,,,0,62,,91765,14,,,0,20,,91766,14,,,0,20,,91767,14,,,0,60,,91768,14,,,0,19,,91769,14,,,0,21,,91770,14,,,0,60,,91771,14,,,0,20,,91772,14,,,0,20,,91773,14,,,0,60,,91774,14,,,0,21,,91775,14,,,0,20,,91776,14,,,0,59,,91777,14,,,0,20,,91778,14,,,0,19,,91779,14,,,0,60,,91780,14,,,0,21,,91781,14,,,0,20,,91782,14,,,0,60,,91783,14,,,0,20,,91784,14,,,0,19,,91785,14,,,0,59,,91786,14,,,0,17,,91787,14,,,0,19,,91788,14,,,0,18,,91789,14,,,0,61,,91790,14,,,0,21,,91791,14,,,0,61,,91792,14,,,0,21,,91793,14,,,0,21,,91794,14,,,0,60,,91795,14,,,0,20,,91796,14,,,0,28,,91797,14,,,0,73,,91798,14,,,0,32,,91799,14,,,0
3000000,'S2-4_4',642,,91847,14,,,0,59,,91846,14,,,0,23,,91806,14,,,0,20,,91807,14,,,0,60,,91808,14,,,0,19,,91809,14,,,0,20,,91810,14,,,0,62,,91811,14,,,0,20,,91812,14,,,0,20,,91813,14,,,0,60,,91814,14,,,0,19,,91815,14,,,0,21,,91816,14,,,0,60,,91817,14,,,0,20,,91818,14,,,0,20,,91819,14,,,0,60,,91820,14,,,0,21,,91821,14,,,0,20,,91822,14,,,0,59,,91823,14,,,0,20,,91824,14,,,0,19,,91825,14,,,0,60,,91826,14,,,0,21,,91827,14,,,0,20,,91828,14,,,0,60,,91829,14,,,0,20,,91830,14,,,0,19,,91831,14,,,0,59,,91832,14,,,0,17,,91833,14,,,0,19,,91834,14,,,0,18,,91835,14,,,0,61,,91836,14,,,0,21,,91837,14,,,0,61,,91838,14,,,0,21,,91839,14,,,0,21,,91840,14,,,0,60,,91841,14,,,0,20,,91842,14,,,0,28,,91843,14,,,0,73,,91844,14,,,0,32,,91845,14,,,0
