600,'S2-0_4',723,,86324,25,,,0,24,,86338,25,0,11 12,0,93,,86325,25,,,0,105,,86326,25,0,11 12,0,100,,86327,25,0,11 12,0,90,,86328,25,0,11 12,0,110,,86329,25,0,11 12,0,110,,86330,25,0,11 12,0,96,,86339,25,0,11 12,0,91,,86331,25,0,11 12,0,101,,86332,25,0,11 12,0,89,,86333,25,0,11 12,0,78,,86334,25,0,11 12,0,27,,86335,25,0,11 12,0,69,,86336,25,0,11 12,0,39,,86337,25,0,11 12,0
600,'S2-0_5',723,,86340,25,,,0,24,,86354,25,0,11 12,0,93,,86341,25,,,0,105,,86342,25,0,11 12,0,100,,86343,25,0,11 12,0,90,,86344,25,0,11 12,0,110,,86345,25,0,11 12,0,110,,86346,25,0,11 12,0,96,,86355,25,0,11 12,0,91,,86347,25,0,11 12,0,101,,86348,25,0,11 12,0,89,,86349,25,0,11 12,0,78,,86350,25,0,11 12,0,27,,86351,25,0,11 12,0,69,,86352,25,0,11 12,0,39,,86353,25,0,11 12,0
600,'S2-1_3',723,,86356,25,,,0,24,,86370,25,0,11 12,0,93,,86357,25,,,0,105,,86358,25,0,11 12,0,100,,86359,25,0,11 12,0,90,,86360,25,0,11 12,0,110,,86361,25,0,11 12,0,110,,86362,25,0,11 12,0,96,,86371,25,0,11 12,0,91,,86363,25,0,11 12,0,101,,86364,25,0,11 12,0,89,,86365,25,0,11 12,0,78,,86366,25,0,11 12,0,27,,86367,25,0,11 12,0,69,,86368,25,0,11 12,0,39,,86369,25,0,11 12,0
600,'S2-2_6',808,,86372,25,0,11 12,0,94,,86374,25,0,11 12,0,53,,86375,25,0,11 12,0,87,,86376,25,0,11 12,0,90,,86377,25,0,11 12,0,88,,86378,25,0,11 12,0,88,,86379,25,0,11 12,0,50,,86380,25,0,11 12,0,88,,86381,25,0,11 12,0,99,,86382,25,0,11 12,0,91,,86383,25,0,11 12,0,92,,86384,25,0,11 12,0,90,,86385,25,0,11 12,0,91,,86386,25,0,11 12,0,41,,86373,25,0,11 12,0
600,'S2-4_1',723,,86387,25,,,0,24,,86401,25,0,11 12,0,93,,86388,25,,,0,105,,86389,25,0,11 12,0,100,,86390,25,0,11 12,0,90,,86391,25,0,11 12,0,110,,86392,25,0,11 12,0,110,,86393,25,0,11 12,0,96,,86402,25,0,11 12,0,91,,86394,25,0,11 12,0,101,,86395,25,0,11 12,0,89,,86396,25,0,11 12,0,78,,86397,25,0,11 12,0,27,,86398,25,0,11 12,0,69,,86399,25,0,11 12,0,39,,86400,25,0,11 12,0
600,'S2-4_2',723,,86403,25,,,0,24,,86417,25,0,11 12,0,93,,86404,25,,,0,105,,86405,25,0,11 12,0,100,,86406,25,0,11 12,0,90,,86407,25,0,11 12,0,110,,86408,25,0,11 12,0,110,,86409,25,0,11 12,0,96,,86418,25,0,11 12,0,91,,86410,25,0,11 12,0,101,,86411,25,0,11 12,0,89,,86412,25,0,11 12,0,78,,86413,25,0,11 12,0,27,,86414,25,0,11 12,0,69,,86415,25,0,11 12,0,39,,86416,25,0,11 12,0
600,'S2-4_4',723,,86419,25,,,0,24,,86433,25,0,11 12,0,93,,86420,25,,,0,105,,86421,25,0,11 12,0,100,,86422,25,0,11 12,0,90,,86423,25,0,11 12,0,110,,86424,25,0,11 12,0,110,,86425,25,0,11 12,0,96,,86434,25,0,11 12,0,91,,86426,25,0,11 12,0,101,,86427,25,0,11 12,0,89,,86428,25,0,11 12,0,78,,86429,25,0,11 12,0,27,,86430,25,0,11 12,0,69,,86431,25,0,11 12,0,39,,86432,25,0,11 12,0
601,'S2-0_4',607,,86435,5,,,0,106,,86448,5,,,0,97,,86436,5,,,0,102,,86437,5,,,0,98,,86438,5,,,0,100,,86439,5,,,0,100,,86452,5,,,0,25,,86440,5,,,0,80,,86441,5,,,0,104,,86442,5,,,0,94,,86443,5,,,0,39,,86449,5,,,0,78,,86444,6,,,0,76,,86450,5,,,0,29,,86445,6,,,0,73,,86451,6,,,0,27,,86446,5,,,0,95,,86447,5,,,0
601,'S2-0_5',607,,86453,5,,,0,106,,86466,5,,,0,97,,86454,5,,,0,102,,86455,5,,,0,98,,86456,5,,,0,100,,86457,5,,,0,100,,86470,5,,,0,25,,86458,5,,,0,80,,86459,5,,,0,104,,86460,5,,,0,94,,86461,5,,,0,39,,86467,5,,,0,78,,86462,6,,,0,76,,86468,5,,,0,29,,86463,6,,,0,73,,86469,6,,,0,27,,86464,5,,,0,95,,86465,5,,,0
601,'S2-1_3',607,,86471,5,,,0,106,,86485,5,,,0,97,,86472,5,,,0,102,,86473,5,,,0,98,,86474,5,,,0,100,,86475,5,,,0,100,,86476,6,,,0,25,,86477,5,,,0,80,,86478,5,,,0,104,,86479,5,,,0,94,,86480,5,,,0,39,,86486,5,,,0,78,,86481,6,,,0,76,,86487,5,,,0,29,,86482,6,,,0,73,,86488,6,,,0,27,,86483,5,,,0,95,,86484,5,,,0
601,'S2-2_6',737,,86489,5,,,0,90,,86491,5,,,0,95,,86492,5,,,0,93,,86493,5,,,0,89,,86494,5,,,0,49,,86495,5,,,0,88,,86496,5,,,0,89,,86497,5,,,0,88,,86498,5,,,0,89,,86499,5,,,0,100,,86500,5,,,0,51,,86501,5,,,0,94,,86502,5,,,0,87,,86503,5,,,0,91,,86490,5,,,0
601,'S2-4_1',607,,86504,5,,,0,106,,86517,5,,,0,97,,86505,5,,,0,102,,86506,5,,,0,98,,86507,5,,,0,100,,86508,5,,,0,100,,86521,5,,,0,25,,86509,5,,,0,80,,86510,5,,,0,104,,86511,5,,,0,94,,86512,5,,,0,39,,86518,5,,,0,78,,86513,6,,,0,76,,86519,5,,,0,29,,86514,6,,,0,73,,86520,6,,,0,27,,86515,5,,,0,95,,86516,5,,,0
601,'S2-4_2',607,,86522,5,,,0,106,,86535,5,,,0,97,,86523,5,,,0,102,,86524,5,,,0,98,,86525,5,,,0,100,,86526,5,,,0,100,,86539,5,,,0,25,,86527,5,,,0,80,,86528,5,,,0,104,,86529,5,,,0,94,,86530,5,,,0,39,,86536,5,,,0,78,,86531,6,,,0,76,,86537,5,,,0,29,,86532,6,,,0,73,,86538,6,,,0,27,,86533,5,,,0,95,,86534,5,,,0
601,'S2-4_4',607,,86540,5,,,0,106,,86553,5,,,0,97,,86541,5,,,0,102,,86542,5,,,0,98,,86543,5,,,0,100,,86544,5,,,0,100,,86557,5,,,0,25,,86545,5,,,0,80,,86546,5,,,0,104,,86547,5,,,0,94,,86548,5,,,0,39,,86554,5,,,0,78,,86549,6,,,0,76,,86555,5,,,0,29,,86550,6,,,0,73,,86556,6,,,0,27,,86551,5,,,0,95,,86552,5,,,0
2500,'S2-0_4',728,,88157,1,,,0,72,,88158,1,,,0,40,,88159,1,,,0,112,,88160,1,,,0,152,,88161,1,,,0,131,,88162,1,,,0,116,,88163,1,,,0,156,,88164,1,,,0,44,,88165,1,,,0,84,,88166,1,,,0,109,,88167,1,,,0,86,,88168,1,,,0,112,,88169,1,,,0
2500,'S2-0_5',728,,88170,1,,,0,72,,88171,1,,,0,40,,88172,1,,,0,112,,88173,1,,,0,152,,88174,1,,,0,131,,88175,1,,,0,116,,88176,1,,,0,156,,88177,1,,,0,44,,88178,1,,,0,84,,88179,1,,,0,109,,88180,1,,,0,86,,88181,1,,,0,112,,88182,1,,,0
2500,'S2-1_3',728,,88183,1,,,0,72,,88184,1,,,0,40,,88185,1,,,0,112,,88186,1,,,0,152,,88187,1,,,0,131,,88188,1,,,0,116,,88189,1,,,0,156,,88190,1,,,0,44,,88191,1,,,0,84,,88192,1,,,0,109,,88193,1,,,0,86,,88194,1,,,0,112,,88195,1,,,0
2500,'S2-2_6',730,,88196,1,,,0,112,,88197,1,,,0,166,,88198,1,,,0,113,,88199,1,,,0,129,,88200,1,,,0,152,,88201,1,,,0,131,,88202,1,,,0,120,,88203,1,,,0,161,,88204,1,,,0,116,,88205,1,,,0
2500,'S2-4_1',728,,88206,1,,,0,72,,88207,1,,,0,40,,88208,1,,,0,112,,88209,1,,,0,152,,88210,1,,,0,131,,88211,1,,,0,116,,88212,1,,,0,156,,88213,1,,,0,44,,88214,1,,,0,84,,88215,1,,,0,109,,88216,1,,,0,86,,88217,1,,,0,112,,88218,1,,,0
2500,'S2-4_2',728,,88219,1,,,0,72,,88220,1,,,0,40,,88221,1,,,0,112,,88222,1,,,0,152,,88223,1,,,0,131,,88224,1,,,0,116,,88225,1,,,0,156,,88226,1,,,0,44,,88227,1,,,0,84,,88228,1,,,0,109,,88229,1,,,0,86,,88230,1,,,0,112,,88231,1,,,0
2500,'S2-4_4',728,,88232,1,,,0,72,,88233,1,,,0,40,,88234,1,,,0,112,,88235,1,,,0,152,,88236,1,,,0,131,,88237,1,,,0,116,,88238,1,,,0,156,,88239,1,,,0,44,,88240,1,,,0,84,,88241,1,,,0,109,,88242,1,,,0,86,,88243,1,,,0,112,,88244,1,,,0
2501,'S2-0_4',719,,88245,21,4,,0,31,,88246,21,4,,0,86,,88247,21,4,,0,76,,88248,21,4,,0,36,,88249,21,4,,0,152,,88250,21,4,,0,125,,88251,21,4,,0,120,,88252,21,4,,0,157,,88253,21,4,,0,118,,88254,21,4,,0,105,,88255,21,4,,0,95,,88256,21,4,,0,117,,88257,21,4,,0
2501,'S2-0_5',719,,88258,21,4,,0,31,,88259,21,4,,0,86,,88260,21,4,,0,76,,88261,21,4,,0,36,,88262,21,4,,0,152,,88263,21,4,,0,125,,88264,21,4,,0,120,,88265,21,4,,0,157,,88266,21,4,,0,118,,88267,21,4,,0,105,,88268,21,4,,0,95,,88269,21,4,,0,117,,88270,21,4,,0
2501,'S2-1_3',719,,88271,21,4,,0,31,,88272,21,4,,0,86,,88273,21,4,,0,76,,88274,21,4,,0,36,,88275,21,4,,0,152,,88276,21,4,,0,125,,88277,21,4,,0,120,,88278,21,4,,0,157,,88279,21,4,,0,118,,88280,21,4,,0,105,,88281,21,4,,0,95,,88282,21,4,,0,117,,88283,21,4,,0
2501,'S2-2_6',722,,88284,21,4,,0,112,,88285,21,4,,0,166,,88286,21,4,,0,112,,88287,21,4,,0,113,,88288,21,4,,0,129,,88289,21,4,,0,168,,88290,21,4,,0,121,,88291,21,4,,0,161,,88292,21,4,,0,116,,88293,21,4,,0
2501,'S2-4_1',719,,88294,21,4,,0,31,,88295,21,4,,0,86,,88296,21,4,,0,76,,88297,21,4,,0,36,,88298,21,4,,0,152,,88299,21,4,,0,125,,88300,21,4,,0,120,,88301,21,4,,0,157,,88302,21,4,,0,118,,88303,21,4,,0,105,,88304,21,4,,0,95,,88305,21,4,,0,117,,88306,21,4,,0
2501,'S2-4_2',719,,88307,21,4,,0,31,,88308,21,4,,0,86,,88309,21,4,,0,76,,88310,21,4,,0,36,,88311,21,4,,0,152,,88312,21,4,,0,125,,88313,21,4,,0,120,,88314,21,4,,0,157,,88315,21,4,,0,118,,88316,21,4,,0,105,,88317,21,4,,0,95,,88318,21,4,,0,117,,88319,21,4,,0
2501,'S2-4_4',719,,88320,21,4,,0,31,,88321,21,4,,0,86,,88322,21,4,,0,76,,88323,21,4,,0,36,,88324,21,4,,0,152,,88325,21,4,,0,125,,88326,21,4,,0,120,,88327,21,4,,0,157,,88328,21,4,,0,118,,88329,21,4,,0,105,,88330,21,4,,0,95,,88331,21,4,,0,117,,88332,21,4,,0
901500,'S2-0_4',831,,89087,2,,,0,20,,89088,2,,,0,60,,89089,2,,,0,20,,89090,2,,,0,20,,89091,2,,,0,60,,89092,2,,,0,20,,89093,2,,,0,20,,89094,2,,,0,60,,89095,2,,,0,20,,89096,2,,,0,20,,89097,2,,,0,60,,89098,2,,,0,20,,89099,2,,,0,20,,89100,2,,,0,60,,89101,2,,,0,20,,89102,2,,,0,20,,89103,2,,,0,60,,89104,2,,,0,20,,89105,2,,,0,80,,89106,2,,,0,20,,89107,2,,,0,20,,89108,2,,,0,60,,89109,2,,,0,20,,89110,2,,,0,20,,89111,2,,,0,60,,89112,2,,,0,20,,89113,2,,,0,20,,89114,2,,,0,60,,89115,2,,,0,20,,89116,2,,,0,20,,89117,2,,,0,60,,89118,2,,,0
901500,'S2-0_5',831,,89119,2,,,0,20,,89120,2,,,0,60,,89121,2,,,0,20,,89122,2,,,0,20,,89123,2,,,0,60,,89124,2,,,0,20,,89125,2,,,0,20,,89126,2,,,0,60,,89127,2,,,0,20,,89128,2,,,0,20,,89129,2,,,0,60,,89130,2,,,0,20,,89131,2,,,0,20,,89132,2,,,0,60,,89133,2,,,0,20,,89134,2,,,0,20,,89135,2,,,0,60,,89136,2,,,0,20,,89137,2,,,0,80,,89138,2,,,0,20,,89139,2,,,0,20,,89140,2,,,0,60,,89141,2,,,0,20,,89142,2,,,0,20,,89143,2,,,0,60,,89144,2,,,0,20,,89145,2,,,0,20,,89146,2,,,0,60,,89147,2,,,0,20,,89148,2,,,0,20,,89149,2,,,0,60,,89150,2,,,0
901500,'S2-1_3',831,,89151,2,,,0,20,,89152,2,,,0,60,,89153,2,,,0,20,,89154,2,,,0,20,,89155,2,,,0,60,,89156,2,,,0,20,,89157,2,,,0,20,,89158,2,,,0,60,,89159,2,,,0,20,,89160,2,,,0,20,,89161,2,,,0,60,,89162,2,,,0,20,,89163,2,,,0,20,,89164,2,,,0,60,,89165,2,,,0,20,,89166,2,,,0,20,,89167,2,,,0,60,,89168,2,,,0,20,,89169,2,,,0,80,,89170,2,,,0,20,,89171,2,,,0,20,,89172,2,,,0,60,,89173,2,,,0,20,,89174,2,,,0,20,,89175,2,,,0,60,,89176,2,,,0,20,,89177,2,,,0,20,,89178,2,,,0,60,,89179,2,,,0,20,,89180,2,,,0,20,,89181,2,,,0,60,,89182,2,,,0
901500,'S2-2_6',831,,89183,2,,,0,20,,89184,2,,,0,60,,89185,2,,,0,20,,89186,2,,,0,20,,89187,2,,,0,60,,89188,2,,,0,20,,89189,2,,,0,20,,89190,2,,,0,60,,89191,2,,,0,20,,89192,2,,,0,20,,89193,2,,,0,60,,89194,2,,,0,20,,89195,2,,,0,20,,89196,2,,,0,60,,89197,2,,,0,20,,89198,2,,,0,20,,89199,2,,,0,60,,89200,2,,,0,20,,89201,2,,,0,80,,89202,2,,,0,20,,89203,2,,,0,20,,89204,2,,,0,60,,89205,2,,,0,20,,89206,2,,,0,20,,89207,2,,,0,60,,89208,2,,,0,20,,89209,2,,,0,20,,89210,2,,,0,60,,89211,2,,,0,20,,89212,2,,,0,20,,89213,2,,,0,60,,89214,2,,,0
901500,'S2-4_1',831,,89215,2,,,0,20,,89216,2,,,0,60,,89217,2,,,0,20,,89218,2,,,0,20,,89219,2,,,0,60,,89220,2,,,0,20,,89221,2,,,0,20,,89222,2,,,0,60,,89223,2,,,0,20,,89224,2,,,0,20,,89225,2,,,0,60,,89226,2,,,0,20,,89227,2,,,0,20,,89228,2,,,0,60,,89229,2,,,0,20,,89230,2,,,0,20,,89231,2,,,0,60,,89232,2,,,0,20,,89233,2,,,0,80,,89234,2,,,0,20,,89235,2,,,0,20,,89236,2,,,0,60,,89237,2,,,0,20,,89238,2,,,0,20,,89239,2,,,0,60,,89240,2,,,0,20,,89241,2,,,0,20,,89242,2,,,0,60,,89243,2,,,0,20,,89244,2,,,0,20,,89245,2,,,0,60,,89246,2,,,0
901500,'S2-4_2',831,,89247,2,,,0,20,,89248,2,,,0,60,,89249,2,,,0,20,,89250,2,,,0,20,,89251,2,,,0,60,,89252,2,,,0,20,,89253,2,,,0,20,,89254,2,,,0,60,,89255,2,,,0,20,,89256,2,,,0,20,,89257,2,,,0,60,,89258,2,,,0,20,,89259,2,,,0,20,,89260,2,,,0,60,,89261,2,,,0,20,,89262,2,,,0,20,,89263,2,,,0,60,,89264,2,,,0,20,,89265,2,,,0,80,,89266,2,,,0,20,,89267,2,,,0,20,,89268,2,,,0,60,,89269,2,,,0,20,,89270,2,,,0,20,,89271,2,,,0,60,,89272,2,,,0,20,,89273,2,,,0,20,,89274,2,,,0,60,,89275,2,,,0,20,,89276,2,,,0,20,,89277,2,,,0,60,,89278,2,,,0
901500,'S2-4_4',831,,89279,2,,,0,20,,89280,2,,,0,60,,89281,2,,,0,20,,89282,2,,,0,20,,89283,2,,,0,60,,89284,2,,,0,20,,89285,2,,,0,20,,89286,2,,,0,60,,89287,2,,,0,20,,89288,2,,,0,20,,89289,2,,,0,60,,89290,2,,,0,20,,89291,2,,,0,20,,89292,2,,,0,60,,89293,2,,,0,20,,89294,2,,,0,20,,89295,2,,,0,60,,89296,2,,,0,20,,89297,2,,,0,80,,89298,2,,,0,20,,89299,2,,,0,20,,89300,2,,,0,60,,89301,2,,,0,20,,89302,2,,,0,20,,89303,2,,,0,60,,89304,2,,,0,20,,89305,2,,,0,20,,89306,2,,,0,60,,89307,2,,,0,20,,89308,2,,,0,20,,89309,2,,,0,60,,89310,2,,,0
2900300,'S2-0_4',735,,91352,15,4,,0,70,,91353,15,4,,0,29,,91354,15,4,,0
2900300,'S2-0_5',735,,91355,15,4,,0,70,,91356,15,4,,0,29,,91357,15,4,,0
2900300,'S2-1_3',735,,91358,15,4,,0,70,,91359,15,4,,0,29,,91360,15,4,,0
2900300,'S2-4_1',735,,91361,15,4,,0,70,,91362,15,4,,0,29,,91363,15,4,,0
2900300,'S2-4_2',735,,91364,15,4,,0,70,,91365,15,4,,0,29,,91366,15,4,,0
2900300,'S2-4_4',735,,91367,15,4,,0,70,,91368,15,4,,0,29,,91369,15,4,,0
2900401,'S2-0_4',720,,91406,12,4,,0,125,,91407,12,4,,0
2900401,'S2-0_5',720,,91408,12,4,,0,125,,91409,12,4,,0
2900401,'S2-1_3',720,,91410,12,4,,0,125,,91411,12,4,,0
2900401,'S2-4_1',720,,91412,12,4,,0,125,,91413,12,4,,0
2900401,'S2-4_2',720,,91414,12,4,,0,125,,91415,12,4,,0
2900401,'S2-4_4',720,,91416,12,4,,0,125,,91417,12,4,,0
2900500,'S2-0_4',720,,91418,15,,,0,105,,91419,15,,,0
2900500,'S2-0_5',720,,91420,15,,,0,105,,91421,15,,,0
2900500,'S2-1_3',720,,91422,15,,,0,105,,91423,15,,,0
2900500,'S2-4_1',720,,91424,15,,,0,105,,91425,15,,,0
2900500,'S2-4_2',720,,91426,15,,,0,105,,91427,15,,,0
2900500,'S2-4_4',720,,91428,15,,,0,105,,91429,15,,,0
2900600,'S2-0_4',731,,91443,11,4,,0,110,,91444,11,4,,0
2900600,'S2-0_5',731,,91445,11,4,,0,110,,91446,11,4,,0
2900600,'S2-1_3',731,,91447,11,4,,0,110,,91448,11,4,,0
2900600,'S2-4_1',731,,91449,11,4,,0,110,,91450,11,4,,0
2900600,'S2-4_2',731,,91451,11,4,,0,110,,91452,11,4,,0
2900600,'S2-4_4',731,,91453,11,4,,0,110,,91454,11,4,,0
2900601,'S2-0_4',1732,,91455,1,,,0,99,,91456,1,,,0
2900601,'S2-0_5',1732,,91457,1,,,0,99,,91458,1,,,0
2900601,'S2-1_3',1732,,91459,1,,,0,99,,91460,1,,,0
2900601,'S2-4_1',1732,,91461,1,,,0,99,,91462,1,,,0
2900601,'S2-4_2',1732,,91463,1,,,0,99,,91464,1,,,0
2900601,'S2-4_4',1732,,91465,1,,,0,99,,91466,1,,,0
2900900,'S2-0_4',725,,91467,9,4,,0,100,,91468,9,4,,0
2900900,'S2-0_5',725,,91469,9,4,,0,100,,91470,9,4,,0
2900900,'S2-1_3',725,,91471,9,4,,0,100,,91472,9,4,,0
2900900,'S2-4_1',725,,91473,9,4,,0,100,,91474,9,4,,0
2900900,'S2-4_2',725,,91475,9,4,,0,100,,91476,9,4,,0
2900900,'S2-4_4',725,,91477,9,4,,0,100,,91478,9,4,,0
2900901,'S2-0_4',1726,,91479,1,,,0,105,,91480,1,,,0
2900901,'S2-0_5',1726,,91481,1,,,0,105,,91482,1,,,0
2900901,'S2-1_3',1726,,91483,1,,,0,105,,91484,1,,,0
2900901,'S2-4_1',1726,,91485,1,,,0,105,,91486,1,,,0
2900901,'S2-4_2',1726,,91487,1,,,0,105,,91488,1,,,0
2900901,'S2-4_4',1726,,91489,1,,,0,105,,91490,1,,,0
2901200,'S2-0_4',720,,91492,15,4,,0,100,,91491,15,4,,0
2901200,'S2-0_5',720,,91494,15,4,,0,100,,91493,15,4,,0
2901200,'S2-1_3',720,,91496,15,4,,0,100,,91495,15,4,,0
2901200,'S2-4_1',720,,91498,15,4,,0,100,,91497,15,4,,0
2901200,'S2-4_2',720,,91500,15,4,,0,100,,91499,15,4,,0
2901200,'S2-4_4',720,,91502,15,4,,0,100,,91501,15,4,,0
2901201,'S2-0_4',1630,,91504,1,,,0,105,,91505,1,,,0,100,,91503,1,,,0
2901201,'S2-0_5',1630,,91507,1,,,0,105,,91508,1,,,0,100,,91506,1,,,0
2901201,'S2-1_3',1235,,91510,1,,,0,395,,91511,1,,,0,105,,91512,1,,,0,100,,91509,1,,,0
2901201,'S2-4_1',1630,,91514,1,,,0,105,,91515,1,,,0,100,,91513,1,,,0
2901201,'S2-4_2',1630,,91517,1,,,0,105,,91518,1,,,0,100,,91516,1,,,0
2901201,'S2-4_4',1630,,91520,1,,,0,105,,91521,1,,,0,100,,91519,1,,,0
