1000,'S2-0_4',922,,87111,32,0,18 30,0,186,,87102,32,0,18 30,0,47,,87103,32,0,18 30,0,77,,87104,32,0,18 30,0,80,,87105,32,0,18 30,0,99,,87106,32,0,18 30,0,39,,87108,32,,,0,70,,87109,32,,,0,96,,87110,32,,,0,335,,87107,32,0,18 30,0
1000,'S2-0_5',922,,87126,32,0,18 30,0,186,,87117,32,0,18 30,0,47,,87118,32,0,18 30,0,77,,87119,32,0,18 30,0,80,,87120,32,0,18 30,0,99,,87121,32,0,18 30,0,39,,87123,32,,,0,70,,87124,32,,,0,96,,87125,32,,,0,335,,87122,32,0,18 30,0
1000,'S2-1_3',922,,87141,32,0,18 30,0,186,,87132,32,0,18 30,0,47,,87133,32,0,18 30,0,77,,87134,32,0,18 30,0,80,,87135,32,0,18 30,0,99,,87136,32,0,18 30,0,39,,87138,32,,,0,70,,87139,32,,,0,96,,87140,32,,,0,335,,87137,32,0,18 30,0
1000,'S2-2_6',919,,87149,32,0,18 30,0,184,,87150,32,0,18 30,0,101,,87151,32,0,18 30,0,101,,87152,32,0,18 30,0,101,,87153,32,0,18 30,0,52,,87147,32,,,0,155,,87148,32,,,0,337,,87154,32,0,18 30,0
1000,'S2-4_1',922,,87169,32,0,18 30,0,186,,87160,32,0,18 30,0,47,,87161,32,0,18 30,0,77,,87162,32,0,18 30,0,80,,87163,32,0,18 30,0,99,,87164,32,0,18 30,0,39,,87166,32,,,0,70,,87167,32,,,0,96,,87168,32,,,0,335,,87165,32,0,18 30,0
1000,'S2-4_2',922,,87184,32,0,18 30,0,186,,87175,32,0,18 30,0,47,,87176,32,0,18 30,0,77,,87177,32,0,18 30,0,80,,87178,32,0,18 30,0,99,,87179,32,0,18 30,0,39,,87181,32,,,0,70,,87182,32,,,0,96,,87183,32,,,0,335,,87180,32,0,18 30,0
1000,'S2-4_4',922,,87199,32,0,18 30,0,186,,87190,32,0,18 30,0,47,,87191,32,0,18 30,0,77,,87192,32,0,18 30,0,80,,87193,32,0,18 30,0,99,,87194,32,0,18 30,0,39,,87196,32,,,0,70,,87197,32,,,0,96,,87198,32,,,0,335,,87195,32,0,18 30,0
1100,'S2-0_4',828,,87297,18,,,0,922,,87298,18,,,0,151,,87299,18,,,0
1100,'S2-0_5',828,,87301,18,,,0,922,,87302,18,,,0,151,,87303,18,,,0
1100,'S2-1_3',828,,87305,18,,,0,922,,87306,18,,,0,151,,87307,18,,,0
1100,'S2-2_6',828,,87309,18,,,0,905,,87310,18,,,0,119,,87311,18,,,0
1100,'S2-4_1',828,,87313,18,,,0,922,,87314,18,,,0,151,,87315,18,,,0
1100,'S2-4_2',828,,87317,18,,,0,922,,87318,18,,,0,151,,87319,18,,,0
1100,'S2-4_4',828,,87321,18,,,0,922,,87322,18,,,0,151,,87323,18,,,0
1601,'S2-0_4',907,,87596,19,4,,0,47,,87597,12,4,,0,159,,87598,19,4,,0,125,,87601,24,4,,0,174,,87599,19,4,,0,138,,87602,19,4,,0,107,,87603,12,4,,0,175,,87600,19,4,,0
1601,'S2-0_5',907,,87604,19,4,,0,47,,87605,12,4,,0,159,,87606,19,4,,0,125,,87609,24,4,,0,174,,87607,19,4,,0,138,,87610,19,4,,0,107,,87611,12,4,,0,175,,87608,19,4,,0
1601,'S2-1_3',907,,87612,19,4,,0,47,,87613,12,4,,0,159,,87614,19,4,,0,125,,87617,24,4,,0,174,,87615,19,4,,0,138,,87618,19,4,,0,107,,87619,12,4,,0,175,,87616,19,4,,0
1601,'S2-2_6',907,,87620,19,4,,0,47,,87621,12,4,,0,159,,87622,19,4,,0,125,,87625,24,4,,0,174,,87623,19,4,,0,138,,87626,19,4,,0,107,,87627,12,4,,0,175,,87624,19,4,,0
1601,'S2-4_1',907,,87628,19,4,,0,47,,87629,12,4,,0,159,,87630,19,4,,0,125,,87633,24,4,,0,174,,87631,19,4,,0,138,,87634,19,4,,0,107,,87635,12,4,,0,175,,87632,19,4,,0
1601,'S2-4_2',907,,87636,19,4,,0,47,,87637,12,4,,0,159,,87638,19,4,,0,125,,87641,24,4,,0,174,,87639,19,4,,0,138,,87642,19,4,,0,107,,87643,12,4,,0,175,,87640,19,4,,0
1601,'S2-4_4',907,,87644,19,4,,0,47,,87645,12,4,,0,159,,87646,19,4,,0,125,,87649,24,4,,0,174,,87647,19,4,,0,138,,87650,19,4,,0,107,,87651,12,4,,0,175,,87648,19,4,,0
