501,'S2-0_4',953,,86230,35,,,0,106,,86231,35,,,0,141,,86232,35,,,0,45,,86233,35,,,0,94,,86234,35,,,0,98,,86235,35,,,0,103,,86236,35,,,0,103,,86237,35,,,0,107,,86238,35,,,0,101,,86242,35,,,0,165,,86243,35,,,0
501,'S2-0_5',953,,86244,35,,,0,106,,86245,35,,,0,141,,86246,35,,,0,45,,86247,35,,,0,94,,86248,35,,,0,98,,86249,35,,,0,103,,86250,35,,,0,103,,86251,35,,,0,107,,86252,35,,,0,101,,86256,35,,,0,165,,86257,35,,,0
501,'S2-1_3',953,,86258,35,,,0,106,,86259,35,,,0,141,,86260,35,,,0,45,,86261,35,,,0,94,,86262,35,,,0,98,,86263,35,,,0,103,,86264,35,,,0,103,,86265,35,,,0,107,,86266,35,,,0,101,,86268,35,,,0,165,,86269,35,,,0
501,'S2-2_6',844,,86270,35,,,0,101,,86271,35,,,0,101,,86272,35,,,0,100,,86273,35,,,0,99,,86274,35,,,0,94,,86275,35,,,0,99,,86276,35,,,0,101,,86277,35,,,0,99,,86278,35,,,0,104,,86279,35,,,0,98,,86280,35,,,0,185,,86281,35,,,0
501,'S2-4_1',953,,86282,35,,,0,106,,86283,35,,,0,141,,86284,35,,,0,45,,86285,35,,,0,94,,86286,35,,,0,98,,86287,35,,,0,103,,86288,35,,,0,103,,86289,35,,,0,107,,86290,35,,,0,101,,86294,35,,,0,165,,86295,35,,,0
501,'S2-4_2',953,,86296,35,,,0,106,,86297,35,,,0,141,,86298,35,,,0,45,,86299,35,,,0,94,,86300,35,,,0,98,,86301,35,,,0,103,,86302,35,,,0,103,,86303,35,,,0,107,,86304,35,,,0,101,,86308,35,,,0,165,,86309,35,,,0
501,'S2-4_4',953,,86310,35,,,0,106,,86311,35,,,0,141,,86312,35,,,0,45,,86313,35,,,0,94,,86314,35,,,0,98,,86315,35,,,0,103,,86316,35,,,0,103,,86317,35,,,0,107,,86318,35,,,0,101,,86322,35,,,0,165,,86323,35,,,0
2900501,'S2-0_4',1752,,91430,8,,,0,150,,91431,8,,,0
2900501,'S2-0_5',1752,,91432,8,,,0,150,,91433,8,,,0
2900501,'S2-1_3',1257,,91434,8,,,0,495,,91435,8,,,0,150,,91436,8,,,0
2900501,'S2-4_1',1752,,91437,8,,,0,150,,91438,8,,,0
2900501,'S2-4_2',1752,,91439,8,,,0,150,,91440,8,,,0
2900501,'S2-4_4',1752,,91441,8,,,0,150,,91442,8,,,0
