201,'S2-0_4',800,,84959,44,0,62,0,48,,84968,32,0,62,0,88,,84969,44,0,62,0,202,,84961,44,0,62,0,118,,84962,44,0,62,0,60,,84981,23,0,62,0,116,,84983,44,0,62,0,186,,84952,44,0,62,0,87,,84979,23,0,62,0,31,,84978,44,0,62,0,75,,84965,32,0,62,0,25,,84953,44,0,62,0,68,,84976,32,0,62,0,28,,84966,44,0,62,0,80,,84967,44,0,62,0
201,'S2-0_5',800,,84998,44,0,62,0,48,,85007,32,0,62,0,88,,85008,44,0,62,0,202,,85000,44,0,62,0,118,,85001,44,0,62,0,60,,85020,23,0,62,0,116,,85022,44,0,62,0,186,,84991,44,0,62,0,87,,85018,23,0,62,0,31,,85017,44,0,62,0,75,,85004,32,0,62,0,25,,84992,44,0,62,0,68,,85015,32,0,62,0,28,,85005,44,0,62,0,80,,85006,44,0,62,0
201,'S2-1_3',800,,85037,44,0,62,0,48,,85046,32,0,62,0,88,,85047,44,0,62,0,202,,85039,44,0,62,0,118,,85040,44,0,62,0,60,,85059,23,0,62,0,116,,85062,44,0,62,0,186,,85030,44,0,62,0,87,,85057,23,0,62,0,31,,85056,44,0,62,0,75,,85043,32,0,62,0,25,,85031,44,0,62,0,68,,85054,32,0,62,0,28,,85044,44,0,62,0,80,,85045,44,0,62,0
201,'S2-2_6',805,,85088,44,0,62,0,119,,85077,32,0,62,0,126,,85090,44,0,62,0,195,,85080,32,0,62,0,107,,85081,32,0,62,0,105,,85082,32,0,62,0,90,,85071,44,0,62,0,102,,85072,44,0,62,0,165,,85085,32,0,62,0,123,,85098,44,0,62,0,72,,85087,32,0,62,0
201,'S2-4_1',800,,85121,44,0,62,0,48,,85130,32,0,62,0,88,,85131,44,0,62,0,202,,85123,44,0,62,0,118,,85124,44,0,62,0,60,,85143,23,0,62,0,116,,85145,44,0,62,0,186,,85114,44,0,62,0,87,,85141,23,0,62,0,31,,85140,44,0,62,0,75,,85127,32,0,62,0,25,,85115,44,0,62,0,68,,85138,32,0,62,0,28,,85128,44,0,62,0,80,,85129,44,0,62,0
201,'S2-4_2',800,,85160,44,0,62,0,48,,85169,32,0,62,0,88,,85170,44,0,62,0,202,,85162,44,0,62,0,118,,85163,44,0,62,0,60,,85182,23,0,62,0,116,,85184,44,0,62,0,186,,85153,44,0,62,0,87,,85180,23,0,62,0,31,,85179,44,0,62,0,75,,85166,32,0,62,0,25,,85154,44,0,62,0,68,,85177,32,0,62,0,28,,85167,44,0,62,0,80,,85168,44,0,62,0
201,'S2-4_4',800,,85199,44,0,62,0,48,,85208,32,0,62,0,88,,85209,44,0,62,0,202,,85201,44,0,62,0,118,,85202,44,0,62,0,60,,85221,23,0,62,0,116,,85223,44,0,62,0,186,,85192,44,0,62,0,87,,85219,23,0,62,0,31,,85218,44,0,62,0,75,,85205,32,0,62,0,25,,85193,44,0,62,0,68,,85216,32,0,62,0,28,,85206,44,0,62,0,80,,85207,44,0,62,0
2900201,'S2-0_4',1810,,91340,8,,,0,98,,91341,8,,,0
2900201,'S2-0_5',1810,,91342,8,,,0,98,,91343,8,,,0
2900201,'S2-1_3',1810,,91344,8,,,0,98,,91345,8,,,0
2900201,'S2-4_1',1810,,91346,8,,,0,98,,91347,8,,,0
2900201,'S2-4_2',1810,,91348,8,,,0,98,,91349,8,,,0
2900201,'S2-4_4',1810,,91350,8,,,0,98,,91351,8,,,0
