400,'S2-0_4',733,,85693,26,0,43,0,15,,85701,26,0,40,0,55,,85670,26,0,40,0,13,,85671,26,0,40,0,14,,85695,26,0,40,0,15,,85672,26,0,40,0,13,,85673,26,0,40,0,71,,85674,26,0,40,0,79,,85675,38,0,40,0,31,,85676,26,0,40,0,71,,85677,26,0,40,0,36,,85678,26,0,40,0,76,,85679,26,0,40,0,23,,85699,26,,,0,65,,85696,38,0,40,0,29,,85680,26,0,40,0,67,,85681,26,0,40,0,30,,85684,38,0,40,0,75,,85682,26,0,40,0,30,,85685,38,0,40,0,76,,85683,26,0,40,0,29,,85702,26,0,40,0,68,,85686,38,0,40,0,5,,85697,10,0,40,0,14,,85687,26,0,40,0,14,,85703,26,,,0,54,,85689,26,0,40,0,25,,85692,10,0,40,0,19,,85700,26,,,0,75,,85690,26,0,40,0,24,,85691,38,0,40,0
400,'S2-0_5',733,,85727,26,0,43,0,15,,85735,26,0,40,0,55,,85704,26,0,40,0,13,,85705,26,0,40,0,14,,85729,26,0,40,0,15,,85706,26,0,40,0,13,,85707,26,0,40,0,71,,85708,26,0,40,0,79,,85709,38,0,40,0,31,,85710,26,0,40,0,71,,85711,26,0,40,0,36,,85712,26,0,40,0,76,,85713,26,0,40,0,23,,85733,26,,,0,65,,85730,38,0,40,0,29,,85714,26,0,40,0,67,,85715,26,0,40,0,30,,85718,38,0,40,0,75,,85716,26,0,40,0,30,,85719,38,0,40,0,76,,85717,26,0,40,0,29,,85736,26,0,40,0,68,,85720,38,0,40,0,5,,85731,10,0,40,0,14,,85721,26,0,40,0,14,,85737,26,,,0,54,,85723,26,0,40,0,25,,85726,10,0,40,0,19,,85734,26,,,0,75,,85724,26,0,40,0,24,,85725,38,0,40,0
400,'S2-1_3',733,,85760,26,0,43,0,15,,85768,26,0,40,0,55,,85738,26,0,40,0,13,,85739,26,0,40,0,14,,85762,26,0,40,0,15,,85740,26,0,40,0,13,,85741,26,0,40,0,71,,85742,26,0,40,0,79,,85743,38,0,40,0,31,,85744,26,0,40,0,71,,85745,26,0,40,0,36,,85746,26,0,40,0,76,,85747,26,0,40,0,23,,85766,26,,,0,65,,85763,38,0,40,0,29,,85748,26,0,40,0,67,,85749,26,0,40,0,30,,85752,38,0,40,0,75,,85750,26,0,40,0,30,,85753,38,0,40,0,76,,85751,26,0,40,0,29,,85769,26,0,40,0,68,,85754,38,0,40,0,5,,85764,10,0,40,0,14,,85755,26,0,40,0,14,,85770,26,,,0,54,,85757,26,0,40,0,25,,85756,38,0,40,0,19,,85767,26,,,0,75,,85758,26,0,40,0,24,,85759,38,0,40,0
400,'S2-2_6',729,,85777,26,0,40,0,105,,85778,26,0,40,0,73,,85771,38,0,40,0,27,,85779,26,0,40,0,72,,85780,26,0,40,0,30,,85781,26,0,40,0,71,,85772,38,0,40,0,31,,85782,26,0,40,0,69,,85784,26,0,40,0,30,,85783,26,0,40,0,69,,85773,38,0,40,0,31,,85785,26,0,40,0,70,,85786,26,0,40,0,29,,85787,26,0,40,0,73,,85774,38,0,40,0,32,,85788,26,0,40,0,69,,85789,26,0,40,0,30,,85790,26,0,40,0,72,,85775,38,0,40,0,35,,85791,26,0,40,0,71,,85792,26,0,40,0,31,,85793,26,0,40,0,69,,85776,38,0,40,0,31,,85794,26,0,40,0
400,'S2-3_7',844,,85795,38,0,40,0,165,,85796,38,0,40,0,125,,85797,38,0,40,0,200,,85798,38,0,40,0,166,,85799,38,0,40,0,125,,85800,38,0,40,0,126,,85801,38,0,40,0,164,,85802,38,0,40,0
400,'S2-4_1',733,,85826,26,0,43,0,15,,85834,26,0,40,0,55,,85803,26,0,40,0,13,,85804,26,0,40,0,14,,85828,26,0,40,0,15,,85805,26,0,40,0,13,,85806,26,0,40,0,71,,85807,26,0,40,0,79,,85808,38,0,40,0,31,,85809,26,0,40,0,71,,85810,26,0,40,0,36,,85811,26,0,40,0,76,,85812,26,0,40,0,23,,85832,26,,,0,65,,85829,38,0,40,0,29,,85813,26,0,40,0,67,,85814,26,0,40,0,30,,85817,38,0,40,0,75,,85815,26,0,40,0,30,,85818,38,0,40,0,76,,85816,26,0,40,0,29,,85835,26,0,40,0,68,,85819,38,0,40,0,5,,85830,10,0,40,0,14,,85820,26,0,40,0,14,,85836,26,,,0,54,,85822,26,0,40,0,25,,85825,10,0,40,0,19,,85833,26,,,0,75,,85823,26,0,40,0,24,,85824,38,0,40,0
400,'S2-4_2',733,,85860,26,0,43,0,15,,85868,26,0,40,0,55,,85837,26,0,40,0,13,,85838,26,0,40,0,14,,85862,26,0,40,0,15,,85839,26,0,40,0,13,,85840,26,0,40,0,71,,85841,26,0,40,0,79,,85842,38,0,40,0,31,,85843,26,0,40,0,71,,85844,26,0,40,0,36,,85845,26,0,40,0,76,,85846,26,0,40,0,23,,85866,26,,,0,65,,85863,38,0,40,0,29,,85847,26,0,40,0,67,,85848,26,0,40,0,30,,85851,38,0,40,0,75,,85849,26,0,40,0,30,,85852,38,0,40,0,76,,85850,26,0,40,0,29,,85869,26,0,40,0,68,,85853,38,0,40,0,5,,85864,10,0,40,0,14,,85854,26,0,40,0,14,,85870,26,,,0,54,,85856,26,0,40,0,25,,85859,10,0,40,0,19,,85867,26,,,0,75,,85857,26,0,40,0,24,,85858,38,0,40,0
400,'S2-4_4',733,,85894,26,0,43,0,15,,85902,26,0,40,0,55,,85871,26,0,40,0,13,,85872,26,0,40,0,14,,85896,26,0,40,0,15,,85873,26,0,40,0,13,,85874,26,0,40,0,71,,85875,26,0,40,0,79,,85876,38,0,40,0,31,,85877,26,0,40,0,71,,85878,26,0,40,0,36,,85879,26,0,40,0,76,,85880,26,0,40,0,23,,85900,26,,,0,65,,85897,38,0,40,0,29,,85881,26,0,40,0,67,,85882,26,0,40,0,30,,85885,38,0,40,0,75,,85883,26,0,40,0,30,,85886,38,0,40,0,76,,85884,26,0,40,0,29,,85903,26,0,40,0,68,,85887,38,0,40,0,5,,85898,10,0,40,0,14,,85888,26,0,40,0,14,,85904,26,,,0,54,,85890,26,0,40,0,25,,85893,10,0,40,0,19,,85901,26,,,0,75,,85891,26,0,40,0,24,,85892,38,0,40,0
2300,'S2-0_4',1610,,88084,7,,,0,103,,88085,7,,,0,99,,88086,7,,,0
2300,'S2-0_5',1610,,88087,7,,,0,103,,88088,7,,,0,99,,88089,7,,,0
2300,'S2-1_3',1216,,88091,7,,,0,3,,88090,7,,,0
2300,'S2-4_1',1610,,88092,7,,,0,103,,88093,7,,,0,99,,88094,7,,,0
2300,'S2-4_2',1610,,88095,7,,,0,103,,88096,7,,,0,99,,88097,7,,,0
2300,'S2-4_4',1610,,88098,7,,,0,103,,88099,7,,,0,99,,88100,7,,,0
