401,'S2-0_4',646,,85936,3,0,52,0,60,,85906,10,0,41,0,8,,85923,10,0,41,0,20,,85907,10,0,41,0,12,,85930,10,,,0,69,,85908,10,0,41,0,11,,85909,10,0,41,0,81,,85910,10,0,41,0,34,,85911,10,0,41,0,74,,85912,10,0,41,0,35,,85932,10,,,0,70,,85913,10,0,41,0,28,,85914,10,0,41,0,56,,85931,10,,,0,31,,85927,10,0,41,0,75,,85933,10,,,0,33,,85905,13,0,41,0,77,,85915,10,0,41,0,28,,85934,10,,,0,72,,85916,10,0,41,0,24,,85917,10,0,41,0,13,,85918,10,0,41,0,53,,85928,10,0,41,0,20,,85924,10,0,41,0,16,,85919,10,0,41,0,11,,85925,10,0,41,0,53,,85929,10,,,0,38,,85920,10,0,41,0,61,,85926,10,0,41,0,43,,85921,10,0,41,0,61,,85935,10,,,0
401,'S2-0_5',646,,85968,3,0,52,0,60,,85938,10,0,41,0,8,,85955,10,0,41,0,20,,85939,10,0,41,0,12,,85962,10,,,0,69,,85940,10,0,41,0,11,,85941,10,0,41,0,81,,85942,10,0,41,0,34,,85943,10,0,41,0,74,,85944,10,0,41,0,35,,85964,10,,,0,70,,85945,10,0,41,0,28,,85946,10,0,41,0,56,,85963,10,,,0,31,,85959,10,0,41,0,75,,85965,10,,,0,33,,85937,13,0,41,0,77,,85947,10,0,41,0,28,,85966,10,,,0,72,,85948,10,0,41,0,24,,85949,10,0,41,0,13,,85950,10,0,41,0,53,,85960,10,0,41,0,20,,85956,10,0,41,0,16,,85951,10,0,41,0,11,,85957,10,0,41,0,53,,85961,10,,,0,38,,85952,10,0,41,0,61,,85958,10,0,41,0,43,,85953,10,0,41,0,61,,85967,10,,,0
401,'S2-1_3',646,,86000,3,0,52,0,60,,85970,10,0,41,0,8,,85987,10,0,41,0,20,,85971,10,0,41,0,12,,85994,10,,,0,69,,85972,10,0,41,0,11,,85973,10,0,41,0,81,,85974,10,0,41,0,34,,85975,10,0,41,0,74,,85976,10,0,41,0,35,,85996,10,,,0,70,,85977,10,0,41,0,28,,85978,10,0,41,0,56,,85995,10,,,0,31,,85991,10,0,41,0,75,,85997,10,,,0,33,,85969,13,0,41,0,77,,85979,10,0,41,0,28,,85998,10,,,0,72,,85980,10,0,41,0,24,,85981,10,0,41,0,13,,85982,10,0,41,0,53,,85992,10,0,41,0,20,,85988,10,0,41,0,16,,85983,10,0,41,0,11,,85989,10,0,41,0,53,,85993,10,,,0,38,,85984,10,0,41,0,61,,85990,10,0,41,0,43,,85985,10,0,41,0,61,,85999,10,,,0
401,'S2-2_6',655,,86001,10,,,0,155,,86008,10,0,41,0,35,,86002,10,,,0,69,,86009,10,0,41,0,32,,86010,10,0,41,0,67,,86011,10,0,41,0,32,,86003,10,,,0,69,,86012,10,0,41,0,31,,86013,10,0,41,0,71,,86014,10,0,41,0,30,,86004,10,,,0,69,,86015,10,0,41,0,29,,86016,10,0,41,0,71,,86017,10,0,41,0,31,,86005,10,,,0,68,,86018,10,0,41,0,32,,86019,10,0,41,0,73,,86020,10,0,41,0,31,,86006,10,,,0,71,,86021,10,0,41,0,33,,86022,10,0,41,0,72,,86023,10,0,41,0,31,,86024,10,0,41,0,70,,86007,10,,,0
401,'S2-3_7',932,,86025,10,,,0,125,,86026,10,,,0,165,,86027,10,,,0,201,,86028,10,,,0,125,,86029,10,,,0,165,,86030,10,,,0,125,,86031,10,,,0
401,'S2-4_1',646,,86063,3,0,52,0,60,,86033,10,0,41,0,8,,86050,10,0,41,0,20,,86034,10,0,41,0,12,,86057,10,,,0,69,,86035,10,0,41,0,11,,86036,10,0,41,0,81,,86037,10,0,41,0,34,,86038,10,0,41,0,74,,86039,10,0,41,0,35,,86059,10,,,0,70,,86040,10,0,41,0,28,,86041,10,0,41,0,56,,86058,10,,,0,31,,86054,10,0,41,0,75,,86060,10,,,0,33,,86032,13,0,41,0,77,,86042,10,0,41,0,28,,86061,10,,,0,72,,86043,10,0,41,0,24,,86044,10,0,41,0,13,,86045,10,0,41,0,53,,86055,10,0,41,0,20,,86051,10,0,41,0,16,,86046,10,0,41,0,11,,86052,10,0,41,0,53,,86056,10,,,0,38,,86047,10,0,41,0,61,,86053,10,0,41,0,43,,86048,10,0,41,0,61,,86062,10,,,0
401,'S2-4_2',646,,86095,3,0,52,0,60,,86065,10,0,41,0,8,,86082,10,0,41,0,20,,86066,10,0,41,0,12,,86089,10,,,0,69,,86067,10,0,41,0,11,,86068,10,0,41,0,81,,86069,10,0,41,0,34,,86070,10,0,41,0,74,,86071,10,0,41,0,35,,86091,10,,,0,70,,86072,10,0,41,0,28,,86073,10,0,41,0,56,,86090,10,,,0,31,,86086,10,0,41,0,75,,86092,10,,,0,33,,86064,13,0,41,0,77,,86074,10,0,41,0,28,,86093,10,,,0,72,,86075,10,0,41,0,24,,86076,10,0,41,0,13,,86077,10,0,41,0,53,,86087,10,0,41,0,20,,86083,10,0,41,0,16,,86078,10,0,41,0,11,,86084,10,0,41,0,53,,86088,10,,,0,38,,86079,10,0,41,0,61,,86085,10,0,41,0,43,,86080,10,0,41,0,61,,86094,10,,,0
401,'S2-4_4',646,,86127,3,0,52,0,60,,86097,10,0,41,0,8,,86114,10,0,41,0,20,,86098,10,0,41,0,12,,86121,10,,,0,69,,86099,10,0,41,0,11,,86100,10,0,41,0,81,,86101,10,0,41,0,34,,86102,10,0,41,0,74,,86103,10,0,41,0,35,,86123,10,,,0,70,,86104,10,0,41,0,28,,86105,10,0,41,0,56,,86122,10,,,0,31,,86118,10,0,41,0,75,,86124,10,,,0,33,,86096,13,0,41,0,77,,86106,10,0,41,0,28,,86125,10,,,0,72,,86107,10,0,41,0,24,,86108,10,0,41,0,13,,86109,10,0,41,0,53,,86119,10,0,41,0,20,,86115,10,0,41,0,16,,86110,10,0,41,0,11,,86116,10,0,41,0,53,,86120,10,,,0,38,,86111,10,0,41,0,61,,86117,10,0,41,0,43,,86112,10,0,41,0,61,,86126,10,,,0
2301,'S2-0_4',655,,88103,3,,,0,62,,88102,3,,,0,1,,88101,13,,,0
2301,'S2-0_5',655,,88106,3,,,0,62,,88105,3,,,0,1,,88104,13,,,0
2301,'S2-1_3',655,,88109,3,,,0,62,,88108,3,,,0,1,,88107,13,,,0
2301,'S2-4_1',655,,88112,3,,,0,62,,88111,3,,,0,1,,88110,13,,,0
2301,'S2-4_2',655,,88115,3,,,0,62,,88114,3,,,0,1,,88113,13,,,0
2301,'S2-4_4',655,,88118,3,,,0,62,,88117,3,,,0,1,,88116,13,,,0
