100,'S2-0_4',722,,84209,28,0,61 8,0,14,,84206,28,0,61 8,0,16,,84210,28,0,61 8,0,54,,84197,28,,,0,16,,84216,28,0,61 8,0,30,,84211,28,0,61 8,0,67,,84198,28,0,61 8,0,38,,84212,28,0,61 8,0,78,,84199,28,0,61 8,0,80,,84213,28,0,61 8,0,38,,84200,28,0,61 8,0,59,,84217,28,,,0,24,,84218,28,,,0,71,,84201,28,0,61 8,0,25,,84214,28,0,61 8,0,25,,84202,28,0,61 8,0,75,,84215,28,0,61 8,0,80,,84203,28,0,61 8,0,24,,84219,28,,,0,76,,84208,28,0,61 8,0,20,,84220,28,,,0,13,,84225,5,0,61 8,0,62,,84221,28,,,0,10,,84204,28,0,61 8,0,13,,84228,12,,,0,7,,84222,28,,,0,21,,84205,28,0,61 8,0,54,,84223,28,,,0,6,,84229,12,,,0,19,,84195,28,,,0,75,,84224,28,0,61 8,0,34,,84196,28,,,0
100,'S2-0_5',722,,84244,28,0,61 8,0,14,,84241,28,0,61 8,0,16,,84245,28,0,61 8,0,54,,84232,28,,,0,16,,84251,28,0,61 8,0,30,,84246,28,0,61 8,0,67,,84233,28,0,61 8,0,38,,84247,28,0,61 8,0,78,,84234,28,0,61 8,0,80,,84248,28,0,61 8,0,38,,84235,28,0,61 8,0,59,,84252,28,,,0,24,,84253,28,,,0,71,,84236,28,0,61 8,0,25,,84249,28,0,61 8,0,25,,84237,28,0,61 8,0,75,,84250,28,0,61 8,0,80,,84238,28,0,61 8,0,24,,84254,28,,,0,76,,84243,28,0,61 8,0,20,,84255,28,,,0,13,,84260,5,0,61 8,0,62,,84256,28,,,0,10,,84239,28,0,61 8,0,13,,84263,12,,,0,7,,84257,28,,,0,21,,84240,28,0,61 8,0,54,,84258,28,,,0,6,,84264,12,,,0,19,,84230,28,,,0,75,,84259,28,0,61 8,0,34,,84231,28,,,0
100,'S2-1_3',722,,84279,28,0,61 8,0,14,,84276,28,0,61 8,0,16,,84280,28,0,61 8,0,54,,84267,28,,,0,16,,84286,28,0,61 8,0,30,,84281,28,0,61 8,0,67,,84268,28,0,61 8,0,38,,84282,28,0,61 8,0,78,,84269,28,0,61 8,0,80,,84283,28,0,61 8,0,38,,84270,28,0,61 8,0,59,,84287,28,,,0,21,,84298,5,,,0,3,,84288,28,,,0,71,,84271,28,0,61 8,0,25,,84284,28,0,61 8,0,25,,84272,28,0,61 8,0,75,,84285,28,0,61 8,0,80,,84273,28,0,61 8,0,24,,84289,28,,,0,76,,84278,28,0,61 8,0,20,,84290,28,,,0,13,,84295,5,0,61 8,0,62,,84291,28,,,0,10,,84274,28,0,61 8,0,20,,84292,28,,,0,21,,84275,28,0,61 8,0,54,,84293,28,,,0,25,,84265,28,,,0,75,,84294,28,0,61 8,0,34,,84266,28,,,0
100,'S2-2_6',722,,84300,28,0,61 8,0,110,,84312,28,0,61 8,0,95,,84301,28,0,61 8,0,31,,84313,28,0,61 8,0,70,,84302,28,0,61 8,0,72,,84314,28,0,61 8,0,30,,84303,28,0,61 8,0,29,,84315,28,0,61 8,0,71,,84304,28,0,61 8,0,28,,84316,28,0,61 8,0,70,,84305,28,0,61 8,0,30,,84317,28,0,61 8,0,70,,84306,28,0,61 8,0,31,,84318,28,0,61 8,0,69,,84307,28,0,61 8,0,31,,84319,28,0,61 8,0,71,,84308,28,0,61 8,0,71,,84320,28,0,61 8,0,33,,84309,28,0,61 8,0,68,,84321,28,0,61 8,0,30,,84310,28,0,61 8,0,71,,84322,28,0,61 8,0,29,,84311,28,0,61 8,0
100,'S2-3_7',926,,84323,28,0,61 8,0,105,,84328,28,0,61 8,0,106,,84324,28,0,61 8,0,104,,84329,28,0,61 8,0,90,,84325,28,0,61 8,0,100,,84330,28,0,61 8,0,105,,84326,28,0,61 8,0,105,,84331,28,0,61 8,0,105,,84327,28,0,61 8,0,105,,84332,28,0,61 8,0
100,'S2-4_1',722,,84347,28,0,61 8,0,14,,84344,28,0,61 8,0,16,,84348,28,0,61 8,0,54,,84335,28,,,0,16,,84354,28,0,61 8,0,30,,84349,28,0,61 8,0,67,,84336,28,0,61 8,0,38,,84350,28,0,61 8,0,78,,84337,28,0,61 8,0,80,,84351,28,0,61 8,0,38,,84338,28,0,61 8,0,59,,84355,28,,,0,24,,84356,28,,,0,71,,84339,28,0,61 8,0,25,,84352,28,0,61 8,0,25,,84340,28,0,61 8,0,75,,84353,28,0,61 8,0,80,,84341,28,0,61 8,0,24,,84357,28,,,0,76,,84346,28,0,61 8,0,20,,84358,28,,,0,13,,84363,5,0,61 8,0,62,,84359,28,,,0,10,,84342,28,0,61 8,0,13,,84366,12,,,0,7,,84360,28,,,0,21,,84343,28,0,61 8,0,54,,84361,28,,,0,6,,84367,12,,,0,19,,84333,28,,,0,75,,84362,28,0,61 8,0,34,,84334,28,,,0
100,'S2-4_2',722,,84382,28,0,61 8,0,14,,84379,28,0,61 8,0,16,,84383,28,0,61 8,0,54,,84370,28,,,0,16,,84389,28,0,61 8,0,30,,84384,28,0,61 8,0,67,,84371,28,0,61 8,0,38,,84385,28,0,61 8,0,78,,84372,28,0,61 8,0,80,,84386,28,0,61 8,0,38,,84373,28,0,61 8,0,59,,84390,28,,,0,24,,84391,28,,,0,71,,84374,28,0,61 8,0,25,,84387,28,0,61 8,0,25,,84375,28,0,61 8,0,75,,84388,28,0,61 8,0,80,,84376,28,0,61 8,0,24,,84392,28,,,0,76,,84381,28,0,61 8,0,20,,84393,28,,,0,13,,84398,5,0,61 8,0,62,,84394,28,,,0,10,,84377,28,0,61 8,0,13,,84401,12,,,0,7,,84395,28,,,0,21,,84378,28,0,61 8,0,54,,84396,28,,,0,6,,84402,12,,,0,19,,84368,28,,,0,75,,84397,28,0,61 8,0,34,,84369,28,,,0
100,'S2-4_4',722,,84417,28,0,61 8,0,14,,84414,28,0,61 8,0,16,,84418,28,0,61 8,0,54,,84405,28,,,0,16,,84424,28,0,61 8,0,30,,84419,28,0,61 8,0,67,,84406,28,0,61 8,0,38,,84420,28,0,61 8,0,78,,84407,28,0,61 8,0,80,,84421,28,0,61 8,0,38,,84408,28,0,61 8,0,59,,84425,28,,,0,24,,84426,28,,,0,71,,84409,28,0,61 8,0,25,,84422,28,0,61 8,0,25,,84410,28,0,61 8,0,75,,84423,28,0,61 8,0,80,,84411,28,0,61 8,0,24,,84427,28,,,0,76,,84416,28,0,61 8,0,20,,84428,28,,,0,13,,84433,5,0,61 8,0,62,,84429,28,,,0,10,,84412,28,0,61 8,0,13,,84436,12,,,0,7,,84430,28,,,0,21,,84413,28,0,61 8,0,54,,84431,28,,,0,6,,84437,12,,,0,19,,84403,28,,,0,75,,84432,28,0,61 8,0,34,,84404,28,,,0
400,'S2-0_4',722,,85693,19,0,43,0,15,,85701,19,0,40,0,15,,85670,19,0,40,0,55,,85671,19,0,40,0,15,,85695,19,0,40,0,15,,85672,19,0,40,0,13,,85673,19,0,40,0,71,,85674,19,0,40,0,79,,85675,31,0,40,0,31,,85676,19,0,40,0,71,,85677,19,0,40,0,35,,85678,19,0,40,0,75,,85679,19,0,40,0,25,,85699,19,,,0,65,,85696,31,0,40,0,29,,85680,19,0,40,0,26,,85681,19,0,40,0,70,,85684,31,0,40,0,75,,85682,19,0,40,0,30,,85685,31,0,40,0,75,,85683,19,0,40,0,28,,85702,19,0,40,0,67,,85686,31,0,40,0,5,,85697,3,0,40,0,15,,85687,19,0,40,0,15,,85703,19,,,0,15,,85689,19,0,40,0,65,,85692,3,0,40,0,20,,85700,19,,,0,75,,85690,19,0,40,0,24,,85691,31,0,40,0
400,'S2-0_5',722,,85727,19,0,43,0,15,,85735,19,0,40,0,15,,85704,19,0,40,0,55,,85705,19,0,40,0,15,,85729,19,0,40,0,15,,85706,19,0,40,0,13,,85707,19,0,40,0,71,,85708,19,0,40,0,79,,85709,31,0,40,0,31,,85710,19,0,40,0,71,,85711,19,0,40,0,35,,85712,19,0,40,0,75,,85713,19,0,40,0,25,,85733,19,,,0,65,,85730,31,0,40,0,29,,85714,19,0,40,0,26,,85715,19,0,40,0,70,,85718,31,0,40,0,75,,85716,19,0,40,0,30,,85719,31,0,40,0,75,,85717,19,0,40,0,28,,85736,19,0,40,0,67,,85720,31,0,40,0,5,,85731,3,0,40,0,15,,85721,19,0,40,0,15,,85737,19,,,0,15,,85723,19,0,40,0,65,,85726,3,0,40,0,20,,85734,19,,,0,75,,85724,19,0,40,0,24,,85725,31,0,40,0
400,'S2-1_3',722,,85760,19,0,43,0,15,,85768,19,0,40,0,15,,85738,19,0,40,0,55,,85739,19,0,40,0,15,,85762,19,0,40,0,15,,85740,19,0,40,0,13,,85741,19,0,40,0,71,,85742,19,0,40,0,79,,85743,31,0,40,0,31,,85744,19,0,40,0,71,,85745,19,0,40,0,35,,85746,19,0,40,0,75,,85747,19,0,40,0,25,,85766,19,,,0,65,,85763,31,0,40,0,29,,85748,19,0,40,0,26,,85749,19,0,40,0,70,,85752,31,0,40,0,75,,85750,19,0,40,0,30,,85753,31,0,40,0,75,,85751,19,0,40,0,28,,85769,19,0,40,0,67,,85754,31,0,40,0,5,,85764,3,0,40,0,15,,85755,19,0,40,0,15,,85770,19,,,0,15,,85757,19,0,40,0,65,,85756,31,0,40,0,20,,85767,19,,,0,75,,85758,19,0,40,0,24,,85759,31,0,40,0
400,'S2-2_6',722,,85777,19,0,40,0,104,,85778,19,0,40,0,74,,85771,31,0,40,0,27,,85779,19,0,40,0,32,,85780,19,0,40,0,70,,85781,19,0,40,0,30,,85772,31,0,40,0,71,,85782,19,0,40,0,29,,85784,19,0,40,0,71,,85783,19,0,40,0,29,,85773,31,0,40,0,70,,85785,19,0,40,0,71,,85786,19,0,40,0,29,,85787,19,0,40,0,72,,85774,31,0,40,0,32,,85788,19,0,40,0,69,,85789,19,0,40,0,30,,85790,19,0,40,0,72,,85775,31,0,40,0,35,,85791,19,0,40,0,71,,85792,19,0,40,0,32,,85793,19,0,40,0,69,,85776,31,0,40,0,31,,85794,19,0,40,0
400,'S2-3_7',836,,85795,31,0,40,0,165,,85796,31,0,40,0,125,,85797,31,0,40,0,200,,85798,31,0,40,0,126,,85799,31,0,40,0,165,,85800,31,0,40,0,126,,85801,31,0,40,0,165,,85802,31,0,40,0
400,'S2-4_1',722,,85826,19,0,43,0,15,,85834,19,0,40,0,15,,85803,19,0,40,0,55,,85804,19,0,40,0,15,,85828,19,0,40,0,15,,85805,19,0,40,0,13,,85806,19,0,40,0,71,,85807,19,0,40,0,79,,85808,31,0,40,0,31,,85809,19,0,40,0,71,,85810,19,0,40,0,35,,85811,19,0,40,0,75,,85812,19,0,40,0,25,,85832,19,,,0,65,,85829,31,0,40,0,29,,85813,19,0,40,0,26,,85814,19,0,40,0,70,,85817,31,0,40,0,75,,85815,19,0,40,0,30,,85818,31,0,40,0,75,,85816,19,0,40,0,28,,85835,19,0,40,0,67,,85819,31,0,40,0,5,,85830,3,0,40,0,15,,85820,19,0,40,0,15,,85836,19,,,0,15,,85822,19,0,40,0,65,,85825,3,0,40,0,20,,85833,19,,,0,75,,85823,19,0,40,0,24,,85824,31,0,40,0
400,'S2-4_2',722,,85860,19,0,43,0,15,,85868,19,0,40,0,15,,85837,19,0,40,0,55,,85838,19,0,40,0,15,,85862,19,0,40,0,15,,85839,19,0,40,0,13,,85840,19,0,40,0,71,,85841,19,0,40,0,79,,85842,31,0,40,0,31,,85843,19,0,40,0,71,,85844,19,0,40,0,35,,85845,19,0,40,0,75,,85846,19,0,40,0,25,,85866,19,,,0,65,,85863,31,0,40,0,29,,85847,19,0,40,0,26,,85848,19,0,40,0,70,,85851,31,0,40,0,75,,85849,19,0,40,0,30,,85852,31,0,40,0,75,,85850,19,0,40,0,28,,85869,19,0,40,0,67,,85853,31,0,40,0,5,,85864,3,0,40,0,15,,85854,19,0,40,0,15,,85870,19,,,0,15,,85856,19,0,40,0,65,,85859,3,0,40,0,20,,85867,19,,,0,75,,85857,19,0,40,0,24,,85858,31,0,40,0
400,'S2-4_4',722,,85894,19,0,43,0,15,,85902,19,0,40,0,15,,85871,19,0,40,0,55,,85872,19,0,40,0,15,,85896,19,0,40,0,15,,85873,19,0,40,0,13,,85874,19,0,40,0,71,,85875,19,0,40,0,79,,85876,31,0,40,0,31,,85877,19,0,40,0,71,,85878,19,0,40,0,35,,85879,19,0,40,0,75,,85880,19,0,40,0,25,,85900,19,,,0,65,,85897,31,0,40,0,29,,85881,19,0,40,0,26,,85882,19,0,40,0,70,,85885,31,0,40,0,75,,85883,19,0,40,0,30,,85886,31,0,40,0,75,,85884,19,0,40,0,28,,85903,19,0,40,0,67,,85887,31,0,40,0,5,,85898,3,0,40,0,15,,85888,19,0,40,0,15,,85904,19,,,0,15,,85890,19,0,40,0,65,,85893,3,0,40,0,20,,85901,19,,,0,75,,85891,19,0,40,0,24,,85892,31,0,40,0
500,'S2-0_4',722,,86139,25,,,0,20,,86140,39,,,0,80,,86141,25,,,0,36,,86128,39,,,0,144,,86129,39,,,0,100,,86130,39,,,0,105,,86131,39,,,0,100,,86132,39,,,0,44,,86133,39,,,0,94,,86134,39,,,0,100,,86135,39,,,0,103,,86136,39,,,0,107,,86137,39,,,0,100,,86142,39,,,0,98,,86138,39,,,0
500,'S2-0_5',722,,86154,25,,,0,20,,86155,39,,,0,80,,86156,25,,,0,36,,86143,39,,,0,144,,86144,39,,,0,100,,86145,39,,,0,105,,86146,39,,,0,100,,86147,39,,,0,44,,86148,39,,,0,94,,86149,39,,,0,100,,86150,39,,,0,103,,86151,39,,,0,107,,86152,39,,,0,100,,86157,39,,,0,98,,86153,39,,,0
500,'S2-1_3',722,,86169,25,,,0,20,,86170,39,,,0,80,,86171,25,,,0,36,,86158,39,,,0,144,,86159,39,,,0,100,,86160,39,,,0,105,,86161,39,,,0,100,,86162,39,,,0,44,,86163,39,,,0,94,,86164,39,,,0,100,,86165,39,,,0,103,,86166,39,,,0,107,,86167,39,,,0,100,,86172,39,,,0,98,,86168,39,,,0
500,'S2-2_6',752,,86184,39,,,0,100,,86173,39,,,0,100,,86174,39,,,0,100,,86175,39,,,0,99,,86176,39,,,0,96,,86177,39,,,0,98,,86178,39,,,0,100,,86179,39,,,0,100,,86180,39,,,0,100,,86181,39,,,0,100,,86182,39,,,0,191,,86183,39,,,0
500,'S2-4_1',722,,86196,25,,,0,20,,86197,39,,,0,80,,86198,25,,,0,36,,86185,39,,,0,144,,86186,39,,,0,100,,86187,39,,,0,105,,86188,39,,,0,100,,86189,39,,,0,44,,86190,39,,,0,94,,86191,39,,,0,100,,86192,39,,,0,103,,86193,39,,,0,107,,86194,39,,,0,100,,86199,39,,,0,98,,86195,39,,,0
500,'S2-4_2',722,,86211,25,,,0,20,,86212,39,,,0,80,,86213,25,,,0,36,,86200,39,,,0,144,,86201,39,,,0,100,,86202,39,,,0,105,,86203,39,,,0,100,,86204,39,,,0,44,,86205,39,,,0,94,,86206,39,,,0,100,,86207,39,,,0,103,,86208,39,,,0,107,,86209,39,,,0,100,,86214,39,,,0,98,,86210,39,,,0
500,'S2-4_4',722,,86226,25,,,0,20,,86227,39,,,0,80,,86228,25,,,0,36,,86215,39,,,0,144,,86216,39,,,0,100,,86217,39,,,0,105,,86218,39,,,0,100,,86219,39,,,0,44,,86220,39,,,0,94,,86221,39,,,0,100,,86222,39,,,0,103,,86223,39,,,0,107,,86224,39,,,0,100,,86229,39,,,0,98,,86225,39,,,0
600,'S2-0_4',725,,86324,27,,,0,24,,86338,27,0,11 12,0,93,,86325,27,,,0,106,,86326,27,0,11 12,0,100,,86327,27,0,11 12,0,89,,86328,27,0,11 12,0,110,,86329,27,0,11 12,0,110,,86330,27,0,11 12,0,96,,86339,27,0,11 12,0,91,,86331,27,0,11 12,0,101,,86332,27,0,11 12,0,89,,86333,27,0,11 12,0,79,,86334,27,0,11 12,0,27,,86335,27,0,11 12,0,68,,86336,27,0,11 12,0,39,,86337,27,0,11 12,0
600,'S2-0_5',725,,86340,27,,,0,24,,86354,27,0,11 12,0,93,,86341,27,,,0,106,,86342,27,0,11 12,0,100,,86343,27,0,11 12,0,89,,86344,27,0,11 12,0,110,,86345,27,0,11 12,0,110,,86346,27,0,11 12,0,96,,86355,27,0,11 12,0,91,,86347,27,0,11 12,0,101,,86348,27,0,11 12,0,89,,86349,27,0,11 12,0,79,,86350,27,0,11 12,0,27,,86351,27,0,11 12,0,68,,86352,27,0,11 12,0,39,,86353,27,0,11 12,0
600,'S2-1_3',725,,86356,27,,,0,24,,86370,27,0,11 12,0,93,,86357,27,,,0,106,,86358,27,0,11 12,0,100,,86359,27,0,11 12,0,89,,86360,27,0,11 12,0,110,,86361,27,0,11 12,0,110,,86362,27,0,11 12,0,96,,86371,27,0,11 12,0,91,,86363,27,0,11 12,0,101,,86364,27,0,11 12,0,89,,86365,27,0,11 12,0,79,,86366,27,0,11 12,0,27,,86367,27,0,11 12,0,68,,86368,27,0,11 12,0,39,,86369,27,0,11 12,0
600,'S2-2_6',810,,86372,27,0,11 12,0,94,,86374,27,0,11 12,0,53,,86375,27,0,11 12,0,88,,86376,27,0,11 12,0,89,,86377,27,0,11 12,0,88,,86378,27,0,11 12,0,88,,86379,27,0,11 12,0,90,,86380,27,0,11 12,0,48,,86381,27,0,11 12,0,99,,86382,27,0,11 12,0,91,,86383,27,0,11 12,0,92,,86384,27,0,11 12,0,90,,86385,27,0,11 12,0,91,,86386,27,0,11 12,0,40,,86373,27,0,11 12,0
600,'S2-4_1',725,,86387,27,,,0,24,,86401,27,0,11 12,0,93,,86388,27,,,0,106,,86389,27,0,11 12,0,100,,86390,27,0,11 12,0,89,,86391,27,0,11 12,0,110,,86392,27,0,11 12,0,110,,86393,27,0,11 12,0,96,,86402,27,0,11 12,0,91,,86394,27,0,11 12,0,101,,86395,27,0,11 12,0,89,,86396,27,0,11 12,0,79,,86397,27,0,11 12,0,27,,86398,27,0,11 12,0,68,,86399,27,0,11 12,0,39,,86400,27,0,11 12,0
600,'S2-4_2',725,,86403,27,,,0,24,,86417,27,0,11 12,0,93,,86404,27,,,0,106,,86405,27,0,11 12,0,100,,86406,27,0,11 12,0,89,,86407,27,0,11 12,0,110,,86408,27,0,11 12,0,110,,86409,27,0,11 12,0,96,,86418,27,0,11 12,0,91,,86410,27,0,11 12,0,101,,86411,27,0,11 12,0,89,,86412,27,0,11 12,0,79,,86413,27,0,11 12,0,27,,86414,27,0,11 12,0,68,,86415,27,0,11 12,0,39,,86416,27,0,11 12,0
600,'S2-4_4',725,,86419,27,,,0,24,,86433,27,0,11 12,0,93,,86420,27,,,0,106,,86421,27,0,11 12,0,100,,86422,27,0,11 12,0,89,,86423,27,0,11 12,0,110,,86424,27,0,11 12,0,110,,86425,27,0,11 12,0,96,,86434,27,0,11 12,0,91,,86426,27,0,11 12,0,101,,86427,27,0,11 12,0,89,,86428,27,0,11 12,0,79,,86429,27,0,11 12,0,27,,86430,27,0,11 12,0,68,,86431,27,0,11 12,0,39,,86432,27,0,11 12,0
2500,'S2-0_4',731,,88157,3,,,0,72,,88158,3,,,0,40,,88159,3,,,0,112,,88160,3,,,0,152,,88161,3,,,0,131,,88162,3,,,0,116,,88163,3,,,0,156,,88164,3,,,0,44,,88165,3,,,0,84,,88166,3,,,0,109,,88167,3,,,0,86,,88168,3,,,0,112,,88169,3,,,0
2500,'S2-0_5',731,,88170,3,,,0,72,,88171,3,,,0,40,,88172,3,,,0,112,,88173,3,,,0,152,,88174,3,,,0,131,,88175,3,,,0,116,,88176,3,,,0,156,,88177,3,,,0,44,,88178,3,,,0,84,,88179,3,,,0,109,,88180,3,,,0,86,,88181,3,,,0,112,,88182,3,,,0
2500,'S2-1_3',731,,88183,3,,,0,72,,88184,3,,,0,40,,88185,3,,,0,112,,88186,3,,,0,152,,88187,3,,,0,131,,88188,3,,,0,116,,88189,3,,,0,156,,88190,3,,,0,44,,88191,3,,,0,84,,88192,3,,,0,109,,88193,3,,,0,86,,88194,3,,,0,112,,88195,3,,,0
2500,'S2-2_6',732,,88196,3,,,0,112,,88197,3,,,0,167,,88198,3,,,0,113,,88199,3,,,0,128,,88200,3,,,0,152,,88201,3,,,0,132,,88202,3,,,0,120,,88203,3,,,0,161,,88204,3,,,0,115,,88205,3,,,0
2500,'S2-4_1',731,,88206,3,,,0,72,,88207,3,,,0,40,,88208,3,,,0,112,,88209,3,,,0,152,,88210,3,,,0,131,,88211,3,,,0,116,,88212,3,,,0,156,,88213,3,,,0,44,,88214,3,,,0,84,,88215,3,,,0,109,,88216,3,,,0,86,,88217,3,,,0,112,,88218,3,,,0
2500,'S2-4_2',731,,88219,3,,,0,72,,88220,3,,,0,40,,88221,3,,,0,112,,88222,3,,,0,152,,88223,3,,,0,131,,88224,3,,,0,116,,88225,3,,,0,156,,88226,3,,,0,44,,88227,3,,,0,84,,88228,3,,,0,109,,88229,3,,,0,86,,88230,3,,,0,112,,88231,3,,,0
2500,'S2-4_4',731,,88232,3,,,0,72,,88233,3,,,0,40,,88234,3,,,0,112,,88235,3,,,0,152,,88236,3,,,0,131,,88237,3,,,0,116,,88238,3,,,0,156,,88239,3,,,0,44,,88240,3,,,0,84,,88241,3,,,0,109,,88242,3,,,0,86,,88243,3,,,0,112,,88244,3,,,0
2600,'S2-0_4',711,,88333,18,,,0,13,,88344,18,,,0,83,,88345,18,,,0,17,,88346,18,,,0,84,,88347,18,,,0,29,,88348,18,,,0,95,,88334,18,,,0,99,,88335,18,,,0,97,,88336,18,,,0,28,,88337,18,,,0,70,,88352,18,,,0,95,,88353,18,,,0,111,,88338,18,,,0,85,,88339,18,,,0,25,,88349,18,,,0,71,,88350,18,,,0,21,,88340,18,,,0,68,,88341,18,,,0,32,,88342,18,,,0,68,,88355,18,,,0
2600,'S2-0_5',711,,88357,18,,,0,13,,88368,18,,,0,83,,88369,18,,,0,17,,88370,18,,,0,84,,88371,18,,,0,29,,88372,18,,,0,95,,88358,18,,,0,99,,88359,18,,,0,97,,88360,18,,,0,28,,88361,18,,,0,70,,88376,18,,,0,95,,88377,18,,,0,111,,88362,18,,,0,85,,88363,18,,,0,25,,88373,18,,,0,71,,88374,18,,,0,21,,88364,18,,,0,68,,88365,18,,,0,32,,88366,18,,,0,68,,88379,18,,,0
2600,'S2-1_3',711,,88381,18,,,0,13,,88392,18,,,0,83,,88393,18,,,0,17,,88394,18,,,0,84,,88395,18,,,0,29,,88396,18,,,0,95,,88382,18,,,0,99,,88383,18,,,0,97,,88384,18,,,0,28,,88385,18,,,0,70,,88400,18,,,0,95,,88401,18,,,0,111,,88386,18,,,0,85,,88387,18,,,0,25,,88397,18,,,0,71,,88398,18,,,0,21,,88388,18,,,0,68,,88389,18,,,0,32,,88390,18,,,0,68,,88402,18,,,0
2600,'S2-2_6',732,,88404,18,,,0,85,,88405,18,,,0,85,,88406,18,,,0,45,,88407,18,,,0,84,,88408,18,,,0,90,,88409,18,,,0,84,,88410,18,,,0,42,,88411,18,,,0,85,,88412,18,,,0,85,,88413,18,,,0,83,,88414,18,,,0,45,,88415,18,,,0,90,,88416,18,,,0,86,,88417,18,,,0,83,,88418,18,,,0,45,,88419,18,,,0,82,,88420,18,,,0
2600,'S2-4_1',711,,88421,18,,,0,13,,88432,18,,,0,83,,88433,18,,,0,17,,88434,18,,,0,84,,88435,18,,,0,29,,88436,18,,,0,95,,88422,18,,,0,99,,88423,18,,,0,97,,88424,18,,,0,28,,88425,18,,,0,70,,88440,18,,,0,95,,88441,18,,,0,111,,88426,18,,,0,85,,88427,18,,,0,25,,88437,18,,,0,71,,88438,18,,,0,21,,88428,18,,,0,68,,88429,18,,,0,32,,88430,18,,,0,68,,88443,18,,,0
2600,'S2-4_2',711,,88445,18,,,0,13,,88456,18,,,0,83,,88457,18,,,0,17,,88458,18,,,0,84,,88459,18,,,0,29,,88460,18,,,0,95,,88446,18,,,0,99,,88447,18,,,0,97,,88448,18,,,0,28,,88449,18,,,0,70,,88464,18,,,0,95,,88465,18,,,0,111,,88450,18,,,0,85,,88451,18,,,0,25,,88461,18,,,0,71,,88462,18,,,0,21,,88452,18,,,0,68,,88453,18,,,0,32,,88454,18,,,0,68,,88467,18,,,0
2600,'S2-4_4',711,,88470,18,,,0,13,,88481,18,,,0,83,,88482,18,,,0,17,,88483,18,,,0,84,,88484,18,,,0,29,,88485,18,,,0,95,,88471,18,,,0,99,,88472,18,,,0,97,,88473,18,,,0,28,,88474,18,,,0,70,,88489,18,,,0,95,,88490,18,,,0,111,,88475,18,,,0,85,,88476,18,,,0,25,,88486,18,,,0,71,,88487,18,,,0,21,,88477,18,,,0,68,,88478,18,,,0,32,,88479,18,,,0,68,,88492,18,,,0
901500,'S2-0_4',900,,89087,13,,,0,20,,89088,13,,,0,20,,89089,13,,,0,60,,89090,13,,,0,20,,89091,13,,,0,20,,89092,13,,,0,60,,89093,13,,,0,20,,89094,13,,,0,20,,89095,13,,,0,60,,89096,13,,,0,20,,89097,13,,,0,20,,89098,13,,,0,60,,89099,13,,,0,20,,89100,13,,,0,20,,89101,13,,,0,60,,89102,13,,,0,20,,89103,13,,,0,20,,89104,13,,,0,60,,89105,13,,,0,40,,89106,13,,,0,60,,89107,13,,,0,20,,89108,13,,,0,20,,89109,13,,,0,60,,89110,13,,,0,20,,89111,13,,,0,20,,89112,13,,,0,60,,89113,13,,,0,20,,89114,13,,,0,20,,89115,13,,,0,60,,89116,13,,,0,20,,89117,13,,,0,20,,89118,13,,,0
901500,'S2-0_5',900,,89119,13,,,0,20,,89120,13,,,0,20,,89121,13,,,0,60,,89122,13,,,0,20,,89123,13,,,0,20,,89124,13,,,0,60,,89125,13,,,0,20,,89126,13,,,0,20,,89127,13,,,0,60,,89128,13,,,0,20,,89129,13,,,0,20,,89130,13,,,0,60,,89131,13,,,0,20,,89132,13,,,0,20,,89133,13,,,0,60,,89134,13,,,0,20,,89135,13,,,0,20,,89136,13,,,0,60,,89137,13,,,0,40,,89138,13,,,0,60,,89139,13,,,0,20,,89140,13,,,0,20,,89141,13,,,0,60,,89142,13,,,0,20,,89143,13,,,0,20,,89144,13,,,0,60,,89145,13,,,0,20,,89146,13,,,0,20,,89147,13,,,0,60,,89148,13,,,0,20,,89149,13,,,0,20,,89150,13,,,0
901500,'S2-1_3',900,,89151,13,,,0,20,,89152,13,,,0,20,,89153,13,,,0,60,,89154,13,,,0,20,,89155,13,,,0,20,,89156,13,,,0,60,,89157,13,,,0,20,,89158,13,,,0,20,,89159,13,,,0,60,,89160,13,,,0,20,,89161,13,,,0,20,,89162,13,,,0,60,,89163,13,,,0,20,,89164,13,,,0,20,,89165,13,,,0,60,,89166,13,,,0,20,,89167,13,,,0,20,,89168,13,,,0,60,,89169,13,,,0,40,,89170,13,,,0,60,,89171,13,,,0,20,,89172,13,,,0,20,,89173,13,,,0,60,,89174,13,,,0,20,,89175,13,,,0,20,,89176,13,,,0,60,,89177,13,,,0,20,,89178,13,,,0,20,,89179,13,,,0,60,,89180,13,,,0,20,,89181,13,,,0,20,,89182,13,,,0
901500,'S2-2_6',900,,89183,13,,,0,20,,89184,13,,,0,20,,89185,13,,,0,60,,89186,13,,,0,20,,89187,13,,,0,20,,89188,13,,,0,60,,89189,13,,,0,20,,89190,13,,,0,20,,89191,13,,,0,60,,89192,13,,,0,20,,89193,13,,,0,20,,89194,13,,,0,60,,89195,13,,,0,20,,89196,13,,,0,20,,89197,13,,,0,60,,89198,13,,,0,20,,89199,13,,,0,20,,89200,13,,,0,60,,89201,13,,,0,40,,89202,13,,,0,60,,89203,13,,,0,20,,89204,13,,,0,20,,89205,13,,,0,60,,89206,13,,,0,20,,89207,13,,,0,20,,89208,13,,,0,60,,89209,13,,,0,20,,89210,13,,,0,20,,89211,13,,,0,60,,89212,13,,,0,20,,89213,13,,,0,20,,89214,13,,,0
901500,'S2-4_1',900,,89215,13,,,0,20,,89216,13,,,0,20,,89217,13,,,0,60,,89218,13,,,0,20,,89219,13,,,0,20,,89220,13,,,0,60,,89221,13,,,0,20,,89222,13,,,0,20,,89223,13,,,0,60,,89224,13,,,0,20,,89225,13,,,0,20,,89226,13,,,0,60,,89227,13,,,0,20,,89228,13,,,0,20,,89229,13,,,0,60,,89230,13,,,0,20,,89231,13,,,0,20,,89232,13,,,0,60,,89233,13,,,0,40,,89234,13,,,0,60,,89235,13,,,0,20,,89236,13,,,0,20,,89237,13,,,0,60,,89238,13,,,0,20,,89239,13,,,0,20,,89240,13,,,0,60,,89241,13,,,0,20,,89242,13,,,0,20,,89243,13,,,0,60,,89244,13,,,0,20,,89245,13,,,0,20,,89246,13,,,0
901500,'S2-4_2',900,,89247,13,,,0,20,,89248,13,,,0,20,,89249,13,,,0,60,,89250,13,,,0,20,,89251,13,,,0,20,,89252,13,,,0,60,,89253,13,,,0,20,,89254,13,,,0,20,,89255,13,,,0,60,,89256,13,,,0,20,,89257,13,,,0,20,,89258,13,,,0,60,,89259,13,,,0,20,,89260,13,,,0,20,,89261,13,,,0,60,,89262,13,,,0,20,,89263,13,,,0,20,,89264,13,,,0,60,,89265,13,,,0,40,,89266,13,,,0,60,,89267,13,,,0,20,,89268,13,,,0,20,,89269,13,,,0,60,,89270,13,,,0,20,,89271,13,,,0,20,,89272,13,,,0,60,,89273,13,,,0,20,,89274,13,,,0,20,,89275,13,,,0,60,,89276,13,,,0,20,,89277,13,,,0,20,,89278,13,,,0
901500,'S2-4_4',900,,89279,13,,,0,20,,89280,13,,,0,20,,89281,13,,,0,60,,89282,13,,,0,20,,89283,13,,,0,20,,89284,13,,,0,60,,89285,13,,,0,20,,89286,13,,,0,20,,89287,13,,,0,60,,89288,13,,,0,20,,89289,13,,,0,20,,89290,13,,,0,60,,89291,13,,,0,20,,89292,13,,,0,20,,89293,13,,,0,60,,89294,13,,,0,20,,89295,13,,,0,20,,89296,13,,,0,60,,89297,13,,,0,40,,89298,13,,,0,60,,89299,13,,,0,20,,89300,13,,,0,20,,89301,13,,,0,60,,89302,13,,,0,20,,89303,13,,,0,20,,89304,13,,,0,60,,89305,13,,,0,20,,89306,13,,,0,20,,89307,13,,,0,60,,89308,13,,,0,20,,89309,13,,,0,20,,89310,13,,,0
2000000,'S2-0_4',656,,90554,17,,,0,64,,90536,17,,,0,17,,90564,17,,,0,15,,90520,17,,,0,55,,90547,17,,,0,15,,90529,17,,,0,15,,90556,17,,,0,15,,90539,17,,,0,56,,90567,17,,,0,16,,90521,17,,,0,16,,90552,17,,,0,16,,90530,17,,,0,56,,90557,17,,,0,16,,90537,17,,,0,16,,90565,17,,,0,56,,90522,17,,,0,16,,90553,17,,,0,14,,90531,17,,,0,16,,90558,17,,,0,56,,90538,17,,,0,15,,90568,17,,,0,18,,90523,17,,,0,12,,90546,17,,,0,56,,90532,17,,,0,15,,90555,17,,,0,15,,90540,17,,,0,15,,90566,17,,,0,55,,90525,17,,,0,15,,90548,17,,,0,15,,90535,17,,,0,15,,90560,17,,,0,55,,90541,17,,,0,15,,90569,17,,,0,15,,90526,17,,,0,15,,90549,17,,,0,56,,90534,17,,,0,15,,90559,17,,,0,15,,90542,17,,,0,16,,90518,17,,,0,56,,90570,17,,,0,18,,90524,17,,,0,14,,90551,17,,,0,16,,90533,17,,,0,55,,90561,17,,,0,15,,90544,17,,,0,13,,90519,17,,,0,13,,90571,17,,,0,54,,90527,17,,,0,14,,90550,17,,,0,13,,90562,17,,,0,19,,90543,17,,,0,61,,90572,17,,,0,20,,90528,17,,,0,19,,90563,17,,,0,60,,90545,17,,,0
2000000,'S2-0_5',656,,90613,17,,,0,64,,90595,17,,,0,17,,90623,17,,,0,15,,90579,17,,,0,55,,90606,17,,,0,15,,90588,17,,,0,15,,90615,17,,,0,15,,90598,17,,,0,56,,90626,17,,,0,16,,90580,17,,,0,16,,90611,17,,,0,16,,90589,17,,,0,56,,90616,17,,,0,16,,90596,17,,,0,16,,90624,17,,,0,56,,90581,17,,,0,16,,90612,17,,,0,14,,90590,17,,,0,16,,90617,17,,,0,56,,90597,17,,,0,15,,90627,17,,,0,18,,90582,17,,,0,12,,90605,17,,,0,56,,90591,17,,,0,15,,90614,17,,,0,15,,90599,17,,,0,15,,90625,17,,,0,55,,90584,17,,,0,15,,90607,17,,,0,15,,90594,17,,,0,15,,90619,17,,,0,55,,90600,17,,,0,15,,90628,17,,,0,15,,90585,17,,,0,15,,90608,17,,,0,56,,90593,17,,,0,15,,90618,17,,,0,15,,90601,17,,,0,16,,90577,17,,,0,56,,90629,17,,,0,18,,90583,17,,,0,14,,90610,17,,,0,16,,90592,17,,,0,55,,90620,17,,,0,15,,90603,17,,,0,13,,90578,17,,,0,13,,90630,17,,,0,54,,90586,17,,,0,14,,90609,17,,,0,13,,90621,17,,,0,19,,90602,17,,,0,61,,90631,17,,,0,20,,90587,17,,,0,19,,90622,17,,,0,60,,90604,17,,,0
2000000,'S2-1_3',656,,90671,17,,,0,64,,90653,17,,,0,17,,90681,17,,,0,15,,90637,17,,,0,55,,90664,17,,,0,15,,90646,17,,,0,15,,90673,17,,,0,15,,90656,17,,,0,56,,90684,17,,,0,16,,90638,17,,,0,16,,90669,17,,,0,16,,90647,17,,,0,56,,90674,17,,,0,16,,90654,17,,,0,16,,90682,17,,,0,56,,90639,17,,,0,16,,90670,17,,,0,14,,90648,17,,,0,16,,90675,17,,,0,56,,90655,17,,,0,15,,90685,17,,,0,18,,90640,17,,,0,12,,90663,17,,,0,56,,90649,17,,,0,15,,90672,17,,,0,15,,90657,17,,,0,15,,90683,17,,,0,55,,90642,17,,,0,15,,90665,17,,,0,15,,90652,17,,,0,15,,90677,17,,,0,55,,90658,17,,,0,15,,90686,17,,,0,15,,90643,17,,,0,15,,90666,17,,,0,56,,90651,17,,,0,15,,90676,17,,,0,15,,90659,17,,,0,16,,90635,17,,,0,56,,90687,17,,,0,18,,90641,17,,,0,14,,90668,17,,,0,16,,90650,17,,,0,55,,90678,17,,,0,15,,90661,17,,,0,13,,90636,17,,,0,13,,90688,17,,,0,54,,90644,17,,,0,14,,90667,17,,,0,13,,90679,17,,,0,19,,90660,17,,,0,61,,90689,17,,,0,20,,90645,17,,,0,19,,90680,17,,,0,60,,90662,17,,,0
2000000,'S2-2_6',653,,90691,17,,,0,82,,90692,17,,,0,79,,90693,17,,,0,30,,90694,17,,,0,60,,90695,17,,,0,20,,90696,17,,,0,19,,90697,17,,,0,58,,90698,17,,,0,20,,90699,17,,,0,20,,90700,17,,,0,18,,90701,17,,,0,59,,90702,17,,,0,19,,90703,17,,,0,20,,90704,17,,,0,58,,90705,17,,,0,19,,90706,17,,,0,18,,90707,17,,,0,59,,90708,17,,,0,19,,90709,17,,,0,19,,90710,17,,,0,58,,90711,17,,,0,19,,90712,17,,,0,20,,90713,17,,,0,60,,90714,17,,,0,19,,90715,17,,,0,19,,90716,17,,,0,60,,90717,17,,,0,20,,90718,17,,,0,20,,90719,17,,,0,60,,90720,17,,,0,19,,90721,17,,,0,20,,90722,17,,,0,60,,90723,17,,,0,20,,90724,17,,,0,18,,90725,17,,,0,60,,90726,17,,,0,24,,90727,17,,,0,24,,90728,17,,,0,64,,90729,17,,,0,24,,90730,17,,,0,65,,90731,17,,,0
2000000,'S2-3_7',830,,90732,17,,,0,80,,90733,17,,,0,40,,90734,17,,,0,80,,90735,17,,,0,80,,90736,17,,,0,40,,90737,17,,,0,80,,90738,17,,,0,80,,90739,17,,,0,40,,90740,17,,,0,80,,90741,17,,,0,80,,90742,17,,,0,40,,90743,17,,,0,80,,90744,17,,,0,80,,90745,17,,,0,40,,90746,17,,,0,80,,90747,17,,,0,80,,90748,17,,,0,40,,90749,17,,,0
2000000,'S2-4_1',656,,90789,17,,,0,64,,90771,17,,,0,17,,90799,17,,,0,15,,90755,17,,,0,55,,90782,17,,,0,15,,90764,17,,,0,15,,90791,17,,,0,15,,90774,17,,,0,56,,90802,17,,,0,16,,90756,17,,,0,16,,90787,17,,,0,16,,90765,17,,,0,56,,90792,17,,,0,16,,90772,17,,,0,16,,90800,17,,,0,56,,90757,17,,,0,16,,90788,17,,,0,14,,90766,17,,,0,16,,90793,17,,,0,56,,90773,17,,,0,15,,90803,17,,,0,18,,90758,17,,,0,12,,90781,17,,,0,56,,90767,17,,,0,15,,90790,17,,,0,15,,90775,17,,,0,15,,90801,17,,,0,55,,90760,17,,,0,15,,90783,17,,,0,15,,90770,17,,,0,15,,90795,17,,,0,55,,90776,17,,,0,15,,90804,17,,,0,15,,90761,17,,,0,15,,90784,17,,,0,56,,90769,17,,,0,15,,90794,17,,,0,15,,90777,17,,,0,16,,90753,17,,,0,56,,90805,17,,,0,18,,90759,17,,,0,14,,90786,17,,,0,16,,90768,17,,,0,55,,90796,17,,,0,15,,90779,17,,,0,13,,90754,17,,,0,13,,90806,17,,,0,54,,90762,17,,,0,14,,90785,17,,,0,13,,90797,17,,,0,19,,90778,17,,,0,61,,90807,17,,,0,20,,90763,17,,,0,19,,90798,17,,,0,60,,90780,17,,,0
2000000,'S2-4_2',656,,90848,17,,,0,64,,90830,17,,,0,17,,90858,17,,,0,15,,90814,17,,,0,55,,90841,17,,,0,15,,90823,17,,,0,15,,90850,17,,,0,15,,90833,17,,,0,56,,90861,17,,,0,16,,90815,17,,,0,16,,90846,17,,,0,16,,90824,17,,,0,56,,90851,17,,,0,16,,90831,17,,,0,16,,90859,17,,,0,56,,90816,17,,,0,16,,90847,17,,,0,14,,90825,17,,,0,16,,90852,17,,,0,56,,90832,17,,,0,15,,90862,17,,,0,18,,90817,17,,,0,12,,90840,17,,,0,56,,90826,17,,,0,15,,90849,17,,,0,15,,90834,17,,,0,15,,90860,17,,,0,55,,90819,17,,,0,15,,90842,17,,,0,15,,90829,17,,,0,15,,90854,17,,,0,55,,90835,17,,,0,15,,90863,17,,,0,15,,90820,17,,,0,15,,90843,17,,,0,56,,90828,17,,,0,15,,90853,17,,,0,15,,90836,17,,,0,16,,90812,17,,,0,56,,90864,17,,,0,18,,90818,17,,,0,14,,90845,17,,,0,16,,90827,17,,,0,55,,90855,17,,,0,15,,90838,17,,,0,13,,90813,17,,,0,13,,90865,17,,,0,54,,90821,17,,,0,14,,90844,17,,,0,13,,90856,17,,,0,19,,90837,17,,,0,61,,90866,17,,,0,20,,90822,17,,,0,19,,90857,17,,,0,60,,90839,17,,,0
2000000,'S2-4_4',656,,90907,17,,,0,64,,90889,17,,,0,17,,90917,17,,,0,15,,90873,17,,,0,55,,90900,17,,,0,15,,90882,17,,,0,15,,90909,17,,,0,15,,90892,17,,,0,56,,90920,17,,,0,16,,90874,17,,,0,16,,90905,17,,,0,16,,90883,17,,,0,56,,90910,17,,,0,16,,90890,17,,,0,16,,90918,17,,,0,56,,90875,17,,,0,16,,90906,17,,,0,14,,90884,17,,,0,16,,90911,17,,,0,56,,90891,17,,,0,15,,90921,17,,,0,18,,90876,17,,,0,12,,90899,17,,,0,56,,90885,17,,,0,15,,90908,17,,,0,15,,90893,17,,,0,15,,90919,17,,,0,55,,90878,17,,,0,15,,90901,17,,,0,15,,90888,17,,,0,15,,90913,17,,,0,55,,90894,17,,,0,15,,90922,17,,,0,15,,90879,17,,,0,15,,90902,17,,,0,56,,90887,17,,,0,15,,90912,17,,,0,15,,90895,17,,,0,16,,90871,17,,,0,56,,90923,17,,,0,18,,90877,17,,,0,14,,90904,17,,,0,16,,90886,17,,,0,55,,90914,17,,,0,15,,90897,17,,,0,13,,90872,17,,,0,13,,90924,17,,,0,54,,90880,17,,,0,14,,90903,17,,,0,13,,90915,17,,,0,19,,90896,17,,,0,61,,90925,17,,,0,20,,90881,17,,,0,19,,90916,17,,,0,60,,90898,17,,,0
3000000,'S2-0_4',641,,91563,13,,,0,59,,91562,13,,,0,22,,91522,13,,,0,20,,91523,13,,,0,60,,91524,13,,,0,20,,91525,13,,,0,20,,91526,13,,,0,62,,91527,13,,,0,20,,91528,13,,,0,20,,91529,13,,,0,60,,91530,13,,,0,19,,91531,13,,,0,21,,91532,13,,,0,60,,91533,13,,,0,20,,91534,13,,,0,19,,91535,13,,,0,60,,91536,13,,,0,21,,91537,13,,,0,21,,91538,13,,,0,59,,91539,13,,,0,20,,91540,13,,,0,19,,91541,13,,,0,60,,91542,13,,,0,21,,91543,13,,,0,20,,91544,13,,,0,60,,91545,13,,,0,20,,91546,13,,,0,19,,91547,13,,,0,59,,91548,13,,,0,17,,91549,13,,,0,19,,91550,13,,,0,18,,91551,13,,,0,61,,91552,13,,,0,21,,91553,13,,,0,21,,91554,13,,,0,61,,91555,13,,,0,21,,91556,13,,,0,60,,91557,13,,,0,20,,91558,13,,,0,28,,91559,13,,,0,73,,91560,13,,,0,32,,91561,13,,,0
3000000,'S2-0_5',641,,91609,13,,,0,59,,91608,13,,,0,22,,91568,13,,,0,20,,91569,13,,,0,60,,91570,13,,,0,20,,91571,13,,,0,20,,91572,13,,,0,62,,91573,13,,,0,20,,91574,13,,,0,20,,91575,13,,,0,60,,91576,13,,,0,19,,91577,13,,,0,21,,91578,13,,,0,60,,91579,13,,,0,20,,91580,13,,,0,19,,91581,13,,,0,60,,91582,13,,,0,21,,91583,13,,,0,21,,91584,13,,,0,59,,91585,13,,,0,20,,91586,13,,,0,19,,91587,13,,,0,60,,91588,13,,,0,21,,91589,13,,,0,20,,91590,13,,,0,60,,91591,13,,,0,20,,91592,13,,,0,19,,91593,13,,,0,59,,91594,13,,,0,17,,91595,13,,,0,19,,91596,13,,,0,18,,91597,13,,,0,61,,91598,13,,,0,21,,91599,13,,,0,21,,91600,13,,,0,61,,91601,13,,,0,21,,91602,13,,,0,60,,91603,13,,,0,20,,91604,13,,,0,28,,91605,13,,,0,73,,91606,13,,,0,32,,91607,13,,,0
3000000,'S2-1_3',641,,91655,13,,,0,59,,91654,13,,,0,22,,91614,13,,,0,20,,91615,13,,,0,60,,91616,13,,,0,20,,91617,13,,,0,20,,91618,13,,,0,62,,91619,13,,,0,20,,91620,13,,,0,20,,91621,13,,,0,60,,91622,13,,,0,19,,91623,13,,,0,21,,91624,13,,,0,60,,91625,13,,,0,20,,91626,13,,,0,19,,91627,13,,,0,60,,91628,13,,,0,21,,91629,13,,,0,21,,91630,13,,,0,59,,91631,13,,,0,20,,91632,13,,,0,19,,91633,13,,,0,60,,91634,13,,,0,21,,91635,13,,,0,20,,91636,13,,,0,60,,91637,13,,,0,20,,91638,13,,,0,19,,91639,13,,,0,59,,91640,13,,,0,17,,91641,13,,,0,19,,91642,13,,,0,18,,91643,13,,,0,61,,91644,13,,,0,21,,91645,13,,,0,21,,91646,13,,,0,61,,91647,13,,,0,21,,91648,13,,,0,60,,91649,13,,,0,20,,91650,13,,,0,28,,91651,13,,,0,73,,91652,13,,,0,32,,91653,13,,,0
3000000,'S2-2_6',645,,91660,13,,,0,82,,91661,13,,,0,81,,91662,13,,,0,30,,91663,13,,,0,20,,91664,13,,,0,60,,91665,13,,,0,21,,91666,13,,,0,20,,91667,13,,,0,60,,91668,13,,,0,20,,91669,13,,,0,20,,91670,13,,,0,59,,91671,13,,,0,20,,91672,13,,,0,20,,91673,13,,,0,60,,91674,13,,,0,19,,91675,13,,,0,20,,91676,13,,,0,60,,91677,13,,,0,20,,91678,13,,,0,20,,91679,13,,,0,61,,91680,13,,,0,20,,91681,13,,,0,20,,91682,13,,,0,60,,91683,13,,,0,20,,91684,13,,,0,20,,91685,13,,,0,60,,91686,13,,,0,20,,91687,13,,,0,20,,91688,13,,,0,60,,91689,13,,,0,20,,91690,13,,,0,20,,91691,13,,,0,59,,91692,13,,,0,20,,91693,13,,,0,19,,91694,13,,,0,70,,91695,13,,,0,30,,91696,13,,,0,69,,91697,13,,,0,29,,91698,13,,,0
3000000,'S2-3_7',806,,91700,13,,,0,130,,91701,13,,,0,170,,91708,13,,,0,130,,91707,13,,,0,170,,91706,13,,,0,130,,91704,13,,,0,170,,91705,13,,,0,129,,91703,13,,,0,170,,91702,13,,,0
3000000,'S2-4_1',641,,91755,13,,,0,59,,91754,13,,,0,22,,91714,13,,,0,20,,91715,13,,,0,60,,91716,13,,,0,20,,91717,13,,,0,20,,91718,13,,,0,62,,91719,13,,,0,20,,91720,13,,,0,20,,91721,13,,,0,60,,91722,13,,,0,19,,91723,13,,,0,21,,91724,13,,,0,60,,91725,13,,,0,20,,91726,13,,,0,19,,91727,13,,,0,60,,91728,13,,,0,21,,91729,13,,,0,21,,91730,13,,,0,59,,91731,13,,,0,20,,91732,13,,,0,19,,91733,13,,,0,60,,91734,13,,,0,21,,91735,13,,,0,20,,91736,13,,,0,60,,91737,13,,,0,20,,91738,13,,,0,19,,91739,13,,,0,59,,91740,13,,,0,17,,91741,13,,,0,19,,91742,13,,,0,18,,91743,13,,,0,61,,91744,13,,,0,21,,91745,13,,,0,21,,91746,13,,,0,61,,91747,13,,,0,21,,91748,13,,,0,60,,91749,13,,,0,20,,91750,13,,,0,28,,91751,13,,,0,73,,91752,13,,,0,32,,91753,13,,,0
3000000,'S2-4_2',641,,91801,13,,,0,59,,91800,13,,,0,22,,91760,13,,,0,20,,91761,13,,,0,60,,91762,13,,,0,20,,91763,13,,,0,20,,91764,13,,,0,62,,91765,13,,,0,20,,91766,13,,,0,20,,91767,13,,,0,60,,91768,13,,,0,19,,91769,13,,,0,21,,91770,13,,,0,60,,91771,13,,,0,20,,91772,13,,,0,19,,91773,13,,,0,60,,91774,13,,,0,21,,91775,13,,,0,21,,91776,13,,,0,59,,91777,13,,,0,20,,91778,13,,,0,19,,91779,13,,,0,60,,91780,13,,,0,21,,91781,13,,,0,20,,91782,13,,,0,60,,91783,13,,,0,20,,91784,13,,,0,19,,91785,13,,,0,59,,91786,13,,,0,17,,91787,13,,,0,19,,91788,13,,,0,18,,91789,13,,,0,61,,91790,13,,,0,21,,91791,13,,,0,21,,91792,13,,,0,61,,91793,13,,,0,21,,91794,13,,,0,60,,91795,13,,,0,20,,91796,13,,,0,28,,91797,13,,,0,73,,91798,13,,,0,32,,91799,13,,,0
3000000,'S2-4_4',641,,91847,13,,,0,59,,91846,13,,,0,22,,91806,13,,,0,20,,91807,13,,,0,60,,91808,13,,,0,20,,91809,13,,,0,20,,91810,13,,,0,62,,91811,13,,,0,20,,91812,13,,,0,20,,91813,13,,,0,60,,91814,13,,,0,19,,91815,13,,,0,21,,91816,13,,,0,60,,91817,13,,,0,20,,91818,13,,,0,19,,91819,13,,,0,60,,91820,13,,,0,21,,91821,13,,,0,21,,91822,13,,,0,59,,91823,13,,,0,20,,91824,13,,,0,19,,91825,13,,,0,60,,91826,13,,,0,21,,91827,13,,,0,20,,91828,13,,,0,60,,91829,13,,,0,20,,91830,13,,,0,19,,91831,13,,,0,59,,91832,13,,,0,17,,91833,13,,,0,19,,91834,13,,,0,18,,91835,13,,,0,61,,91836,13,,,0,21,,91837,13,,,0,21,,91838,13,,,0,61,,91839,13,,,0,21,,91840,13,,,0,60,,91841,13,,,0,20,,91842,13,,,0,28,,91843,13,,,0,73,,91844,13,,,0,32,,91845,13,,,0
