400,'S2-0_4',758,,85694,49,0,40,0,61,,85701,52,0,40,0,6,,85670,48,0,40,0,16,,85671,49,0,40,0,10,,85695,48,0,40,0,54,,85672,48,0,40,0,13,,85673,48,0,40,0,30,,85674,48,0,40,0,79,,85675,60,0,40,0,31,,85676,48,0,40,0,72,,85677,48,0,40,0,76,,85678,48,0,40,0,37,,85679,48,0,40,0,65,,85699,51,,,0,26,,85696,61,0,40,0,25,,85680,48,0,40,0,66,,85681,48,0,40,0,30,,85684,60,0,40,0,76,,85682,48,0,40,0,70,,85685,60,0,40,0,40,,85683,48,0,40,0,80,,85702,52,0,40,0,22,,85686,60,0,40,0,7,,85697,33,0,40,0,8,,85687,48,0,40,0,61,,85703,52,,,0,5,,85689,48,0,40,0,23,,85692,32,0,40,0,61,,85700,51,,,0,30,,85690,48,0,40,0,63,,85691,60,0,40,0
400,'S2-0_5',758,,85728,49,0,40,0,61,,85735,52,0,40,0,6,,85704,48,0,40,0,16,,85705,49,0,40,0,10,,85729,48,0,40,0,54,,85706,48,0,40,0,13,,85707,48,0,40,0,30,,85708,48,0,40,0,79,,85709,60,0,40,0,31,,85710,48,0,40,0,72,,85711,48,0,40,0,76,,85712,48,0,40,0,37,,85713,48,0,40,0,65,,85733,51,,,0,26,,85730,61,0,40,0,25,,85714,48,0,40,0,66,,85715,48,0,40,0,30,,85718,60,0,40,0,76,,85716,48,0,40,0,70,,85719,60,0,40,0,40,,85717,48,0,40,0,80,,85736,52,0,40,0,22,,85720,60,0,40,0,7,,85731,33,0,40,0,8,,85721,48,0,40,0,61,,85737,52,,,0,5,,85723,48,0,40,0,23,,85726,32,0,40,0,61,,85734,51,,,0,30,,85724,48,0,40,0,63,,85725,60,0,40,0
400,'S2-1_3',758,,85761,49,0,40,0,61,,85768,52,0,40,0,6,,85738,48,0,40,0,16,,85739,49,0,40,0,10,,85762,48,0,40,0,54,,85740,48,0,40,0,13,,85741,48,0,40,0,30,,85742,48,0,40,0,79,,85743,60,0,40,0,31,,85744,48,0,40,0,72,,85745,48,0,40,0,76,,85746,48,0,40,0,37,,85747,48,0,40,0,65,,85766,51,,,0,26,,85763,61,0,40,0,25,,85748,48,0,40,0,66,,85749,48,0,40,0,30,,85752,60,0,40,0,76,,85750,48,0,40,0,70,,85753,60,0,40,0,40,,85751,48,0,40,0,80,,85769,52,0,40,0,22,,85754,60,0,40,0,7,,85764,33,0,40,0,8,,85755,48,0,40,0,61,,85770,52,,,0,5,,85757,48,0,40,0,23,,85756,60,0,40,0,61,,85767,51,,,0,30,,85758,48,0,40,0,63,,85759,60,0,40,0
400,'S2-2_6',749,,85777,48,0,40,0,104,,85778,48,0,40,0,72,,85771,60,0,40,0,27,,85779,48,0,40,0,72,,85780,48,0,40,0,30,,85781,48,0,40,0,71,,85772,60,0,40,0,31,,85782,48,0,40,0,70,,85784,48,0,40,0,29,,85783,48,0,40,0,69,,85773,60,0,40,0,30,,85785,48,0,40,0,71,,85786,48,0,40,0,29,,85787,48,0,40,0,72,,85774,60,0,40,0,33,,85788,48,0,40,0,71,,85789,48,0,40,0,71,,85790,48,0,40,0,33,,85775,60,0,40,0,72,,85791,48,0,40,0,30,,85792,48,0,40,0,71,,85793,48,0,40,0,29,,85776,60,0,40,0,70,,85794,48,0,40,0
400,'S2-3_7',901,,85795,60,0,40,0,125,,85796,60,0,40,0,125,,85797,60,0,40,0,200,,85798,60,0,40,0,166,,85799,60,0,40,0,125,,85800,60,0,40,0,166,,85801,60,0,40,0,124,,85802,60,0,40,0
400,'S2-4_1',758,,85827,49,0,40,0,61,,85834,52,0,40,0,6,,85803,48,0,40,0,16,,85804,49,0,40,0,10,,85828,48,0,40,0,54,,85805,48,0,40,0,13,,85806,48,0,40,0,30,,85807,48,0,40,0,79,,85808,60,0,40,0,31,,85809,48,0,40,0,72,,85810,48,0,40,0,76,,85811,48,0,40,0,37,,85812,48,0,40,0,65,,85832,51,,,0,26,,85829,61,0,40,0,25,,85813,48,0,40,0,66,,85814,48,0,40,0,30,,85817,60,0,40,0,76,,85815,48,0,40,0,70,,85818,60,0,40,0,40,,85816,48,0,40,0,80,,85835,52,0,40,0,22,,85819,60,0,40,0,7,,85830,33,0,40,0,8,,85820,48,0,40,0,61,,85836,52,,,0,5,,85822,48,0,40,0,23,,85825,32,0,40,0,61,,85833,51,,,0,30,,85823,48,0,40,0,63,,85824,60,0,40,0
400,'S2-4_2',758,,85861,49,0,40,0,61,,85868,52,0,40,0,6,,85837,48,0,40,0,16,,85838,49,0,40,0,10,,85862,48,0,40,0,54,,85839,48,0,40,0,13,,85840,48,0,40,0,30,,85841,48,0,40,0,79,,85842,60,0,40,0,31,,85843,48,0,40,0,72,,85844,48,0,40,0,76,,85845,48,0,40,0,37,,85846,48,0,40,0,65,,85866,51,,,0,26,,85863,61,0,40,0,25,,85847,48,0,40,0,66,,85848,48,0,40,0,30,,85851,60,0,40,0,76,,85849,48,0,40,0,70,,85852,60,0,40,0,40,,85850,48,0,40,0,80,,85869,52,0,40,0,22,,85853,60,0,40,0,7,,85864,33,0,40,0,8,,85854,48,0,40,0,61,,85870,52,,,0,5,,85856,48,0,40,0,23,,85859,32,0,40,0,61,,85867,51,,,0,30,,85857,48,0,40,0,63,,85858,60,0,40,0
400,'S2-4_4',758,,85895,49,0,40,0,61,,85902,52,0,40,0,6,,85871,48,0,40,0,16,,85872,49,0,40,0,10,,85896,48,0,40,0,54,,85873,48,0,40,0,13,,85874,48,0,40,0,30,,85875,48,0,40,0,79,,85876,60,0,40,0,31,,85877,48,0,40,0,72,,85878,48,0,40,0,76,,85879,48,0,40,0,37,,85880,48,0,40,0,65,,85900,51,,,0,26,,85897,61,0,40,0,25,,85881,48,0,40,0,66,,85882,48,0,40,0,30,,85885,60,0,40,0,76,,85883,48,0,40,0,70,,85886,60,0,40,0,40,,85884,48,0,40,0,80,,85903,52,0,40,0,22,,85887,60,0,40,0,7,,85898,33,0,40,0,8,,85888,48,0,40,0,61,,85904,52,,,0,5,,85890,48,0,40,0,23,,85893,32,0,40,0,61,,85901,51,,,0,30,,85891,48,0,40,0,63,,85892,60,0,40,0
2300,'S2-0_4',1632,,88084,29,,,0,105,,88085,29,,,0,95,,88086,29,,,0
2300,'S2-0_5',1632,,88087,29,,,0,105,,88088,29,,,0,95,,88089,29,,,0
2300,'S2-1_3',1235,,88091,29,,,0,3,,88090,29,,,0
2300,'S2-4_1',1632,,88092,29,,,0,105,,88093,29,,,0,95,,88094,29,,,0
2300,'S2-4_2',1632,,88095,29,,,0,105,,88096,29,,,0,95,,88097,29,,,0
2300,'S2-4_4',1632,,88098,29,,,0,105,,88099,29,,,0,95,,88100,29,,,0
