401,'S2-0_4',852,,85930,57,,,0,297,,85932,55,,,0,157,,85931,57,,,0,101,,85933,55,,,0,140,,85934,55,,,0,275,,85929,58,,,0,185,,85935,55,,,0
401,'S2-0_5',852,,85962,57,,,0,297,,85964,55,,,0,157,,85963,57,,,0,101,,85965,55,,,0,140,,85966,55,,,0,275,,85961,58,,,0,185,,85967,55,,,0
401,'S2-1_3',852,,85994,57,,,0,297,,85996,55,,,0,157,,85995,57,,,0,101,,85997,55,,,0,140,,85998,55,,,0,275,,85993,58,,,0,185,,85999,55,,,0
401,'S2-2_6',751,,86001,55,,,0,189,,86002,55,,,0,202,,86003,55,,,0,201,,86004,55,,,0,199,,86005,55,,,0,206,,86006,55,,,0,272,,86007,55,,,0
401,'S2-3_7',1022,,86025,55,,,0,125,,86026,55,,,0,166,,86027,55,,,0,200,,86028,55,,,0,125,,86029,55,,,0,165,,86030,55,,,0,125,,86031,55,,,0
401,'S2-4_1',852,,86057,57,,,0,297,,86059,55,,,0,157,,86058,57,,,0,101,,86060,55,,,0,140,,86061,55,,,0,275,,86056,58,,,0,185,,86062,55,,,0
401,'S2-4_2',852,,86089,57,,,0,297,,86091,55,,,0,157,,86090,57,,,0,101,,86092,55,,,0,140,,86093,55,,,0,275,,86088,58,,,0,185,,86094,55,,,0
401,'S2-4_4',852,,86121,57,,,0,297,,86123,55,,,0,157,,86122,57,,,0,101,,86124,55,,,0,140,,86125,55,,,0,275,,86120,58,,,0,185,,86126,55,,,0
2901201,'S2-0_4',1704,,91504,9,,,0,105,,91505,9,,,0,100,,91503,9,,,0
2901201,'S2-0_5',1704,,91507,9,,,0,105,,91508,9,,,0,100,,91506,9,,,0
2901201,'S2-1_3',1309,,91510,9,,,0,395,,91511,9,,,0,105,,91512,9,,,0,100,,91509,9,,,0
2901201,'S2-4_1',1704,,91514,9,,,0,105,,91515,9,,,0,100,,91513,9,,,0
2901201,'S2-4_2',1704,,91517,9,,,0,105,,91518,9,,,0,100,,91516,9,,,0
2901201,'S2-4_4',1704,,91520,9,,,0,105,,91521,9,,,0,100,,91519,9,,,0
