1600,'S2-0_4',916,,87527,4,0,25,0,87,,87531,4,,,0,119,,87528,4,0,25,0,127,,87533,4,,,0,62,,87534,4,0,54 55,0,112,,87529,4,,,0,193,,87530,4,0,25,0,92,,87535,4,,,0,137,,87532,4,,,0
1600,'S2-0_5',916,,87537,4,0,25,0,87,,87541,4,,,0,119,,87538,4,0,25,0,127,,87543,4,,,0,62,,87544,4,0,54 55,0,112,,87539,4,,,0,193,,87540,4,0,25,0,92,,87545,4,,,0,137,,87542,4,,,0
1600,'S2-1_3',916,,87547,4,0,25,0,87,,87551,4,,,0,119,,87548,4,0,25,0,127,,87553,4,,,0,62,,87554,4,0,54 55,0,112,,87549,4,,,0,193,,87550,4,0,25,0,92,,87555,4,,,0,137,,87552,4,,,0
1600,'S2-2_6',916,,87557,4,0,25,0,87,,87561,4,,,0,119,,87558,4,0,25,0,127,,87563,4,,,0,62,,87564,4,0,54 55,0,112,,87559,4,,,0,193,,87560,4,0,25,0,92,,87565,4,,,0,137,,87562,4,,,0
1600,'S2-4_1',916,,87567,4,0,25,0,87,,87571,4,,,0,119,,87568,4,0,25,0,127,,87573,4,,,0,62,,87574,4,0,54 55,0,112,,87569,4,,,0,193,,87570,4,0,25,0,92,,87575,4,,,0,137,,87572,4,,,0
1600,'S2-4_2',916,,87577,4,0,25,0,87,,87581,4,,,0,119,,87578,4,0,25,0,127,,87583,4,,,0,62,,87584,4,0,54 55,0,112,,87579,4,,,0,193,,87580,4,0,25,0,92,,87585,4,,,0,137,,87582,4,,,0
1600,'S2-4_4',916,,87587,4,0,25,0,87,,87591,4,,,0,119,,87588,4,0,25,0,127,,87593,4,,,0,62,,87594,4,0,54 55,0,112,,87589,4,,,0,193,,87590,4,0,25,0,92,,87595,4,,,0,137,,87592,4,,,0
1601,'S2-0_4',856,,87596,13,,,0,87,,87597,6,,,0,159,,87598,13,,,0,125,,87601,18,,,0,174,,87599,13,,,0,138,,87602,13,,,0,107,,87603,6,,,0,175,,87600,13,,,0
1601,'S2-0_5',856,,87604,13,,,0,87,,87605,6,,,0,159,,87606,13,,,0,125,,87609,18,,,0,174,,87607,13,,,0,138,,87610,13,,,0,107,,87611,6,,,0,175,,87608,13,,,0
1601,'S2-1_3',856,,87612,13,,,0,87,,87613,6,,,0,159,,87614,13,,,0,125,,87617,18,,,0,174,,87615,13,,,0,138,,87618,13,,,0,107,,87619,6,,,0,175,,87616,13,,,0
1601,'S2-2_6',856,,87620,13,,,0,87,,87621,6,,,0,159,,87622,13,,,0,125,,87625,18,,,0,174,,87623,13,,,0,138,,87626,13,,,0,107,,87627,6,,,0,175,,87624,13,,,0
1601,'S2-4_1',856,,87628,13,,,0,87,,87629,6,,,0,159,,87630,13,,,0,125,,87633,18,,,0,174,,87631,13,,,0,138,,87634,13,,,0,107,,87635,6,,,0,175,,87632,13,,,0
1601,'S2-4_2',856,,87636,13,,,0,87,,87637,6,,,0,159,,87638,13,,,0,125,,87641,18,,,0,174,,87639,13,,,0,138,,87642,13,,,0,107,,87643,6,,,0,175,,87640,13,,,0
1601,'S2-4_4',856,,87644,13,,,0,87,,87645,6,,,0,159,,87646,13,,,0,125,,87649,18,,,0,174,,87647,13,,,0,138,,87650,13,,,0,107,,87651,6,,,0,175,,87648,13,,,0
2100,'S2-0_4',1648,,87973,4,,,0
2100,'S2-1_3',1648,,87978,4,,,0
2100,'S2-4_1',1648,,87980,4,,,0
2100,'S2-4_2',1648,,87982,4,,,0
2100,'S2-4_4',1648,,87984,4,,,0
2101,'S2-0_4',748,,87987,3,,,0
2101,'S2-0_5',748,,87990,3,,,0
2101,'S2-1_3',748,,87993,3,,,0
2101,'S2-4_1',748,,87996,3,,,0
2101,'S2-4_2',748,,87999,3,,,0
2101,'S2-4_4',748,,88002,3,,,0
