701,'S2-0_4',701,,86635,4,,,0,112,,86636,4,,,0,109,,86637,4,,,0,110,,86638,4,,,0,111,,86639,4,,,0,110,,86640,4,,,0,149,,86641,4,,,0,108,,86642,4,,,0,110,,86643,4,,,0,110,,86644,4,,,0,113,,86645,4,,,0
701,'S2-0_5',701,,86646,4,,,0,112,,86647,4,,,0,109,,86648,4,,,0,110,,86649,4,,,0,111,,86650,4,,,0,110,,86651,4,,,0,149,,86652,4,,,0,108,,86653,4,,,0,110,,86654,4,,,0,110,,86655,4,,,0,113,,86656,4,,,0
701,'S2-1_3',701,,86657,4,,,0,112,,86658,4,,,0,109,,86659,4,,,0,110,,86660,4,,,0,111,,86661,4,,,0,110,,86662,4,,,0,149,,86663,4,,,0,108,,86664,4,,,0,110,,86665,4,,,0,110,,86666,4,,,0,113,,86667,4,,,0
701,'S2-2_6',703,,86670,4,,,0,110,,86671,4,,,0,110,,86672,4,,,0,110,,86673,4,,,0,111,,86674,4,,,0,109,,86675,4,,,0,150,,86676,4,,,0,111,,86677,4,,,0,109,,86678,4,,,0,110,,86668,4,,,0,111,,86669,4,,,0
701,'S2-4_1',701,,86679,4,,,0,112,,86680,4,,,0,109,,86681,4,,,0,110,,86682,4,,,0,111,,86683,4,,,0,110,,86684,4,,,0,149,,86685,4,,,0,108,,86686,4,,,0,110,,86687,4,,,0,110,,86688,4,,,0,113,,86689,4,,,0
701,'S2-4_2',701,,86690,4,,,0,112,,86691,4,,,0,109,,86692,4,,,0,110,,86693,4,,,0,111,,86694,4,,,0,110,,86695,4,,,0,149,,86696,4,,,0,108,,86697,4,,,0,110,,86698,4,,,0,110,,86699,4,,,0,113,,86700,4,,,0
701,'S2-4_4',701,,86701,4,,,0,112,,86702,4,,,0,109,,86703,4,,,0,110,,86704,4,,,0,111,,86705,4,,,0,110,,86706,4,,,0,149,,86707,4,,,0,108,,86708,4,,,0,110,,86709,4,,,0,110,,86710,4,,,0,113,,86711,4,,,0
2401,'S2-0_4',724,,88141,8,0,18 19,0
2401,'S2-0_5',724,,88144,8,0,18 19,0
2401,'S2-1_3',724,,88147,8,0,18 19,0
2401,'S2-4_1',724,,88148,8,0,18 19,0
2401,'S2-4_2',724,,88151,8,0,18 19,0
2401,'S2-4_4',724,,88154,8,0,18 19,0
