200,'S2-0_4',646,,84701,5,0,38,0,61,,84702,5,0,38,0,33,,84676,5,0,35 37,0,82,,84670,5,0,9 10,0,96,,84690,5,0,9 10,0,99,,84671,5,0,35 37,0,142,,84681,5,0,34,0,179,,84685,5,0,34,0,165,,84699,5,0,38,0,147,,84687,5,0,34,0,78,,84695,5,0,35 37,0,30,,84688,5,0,34,0,77,,84679,5,0,38,0,66,,84689,5,0,34,0
200,'S2-0_5',646,,84740,5,0,38,0,61,,84741,5,0,38,0,33,,84715,5,0,35 37,0,82,,84709,5,0,9 10,0,96,,84729,5,0,9 10,0,99,,84710,5,0,35 37,0,142,,84720,5,0,34,0,179,,84724,5,0,34,0,165,,84738,5,0,38,0,147,,84726,5,0,34,0,78,,84734,5,0,35 37,0,30,,84727,5,0,34,0,77,,84718,5,0,38,0,66,,84728,5,0,34,0
200,'S2-1_3',646,,84779,5,0,38,0,61,,84780,5,0,38,0,33,,84754,5,0,35 37,0,82,,84748,5,0,9 10,0,96,,84768,5,0,9 10,0,99,,84749,5,0,35 37,0,142,,84759,5,0,34,0,179,,84763,5,0,34,0,165,,84777,5,0,38,0,147,,84765,5,0,34,0,78,,84773,5,0,35 37,0,30,,84766,5,0,34,0,77,,84757,5,0,38,0,66,,84767,5,0,34,0
200,'S2-2_6',639,,84786,5,0,34,0,108,,84787,5,0,34,0,85,,84810,5,0,38,0,127,,84789,5,0,34,0,151,,84790,5,0,34,0,105,,84791,3,0,34,0,98,,84792,5,0,34,0,102,,84793,5,0,34,0,105,,84794,5,0,34,0,103,,84795,5,0,34,0,101,,84796,5,0,34,0,113,,84807,5,0,35 37,0
200,'S2-4_1',646,,84861,5,0,38,0,61,,84862,5,0,38,0,33,,84836,5,0,35 37,0,82,,84830,5,0,9 10,0,96,,84850,5,0,9 10,0,99,,84831,5,0,35 37,0,142,,84841,5,0,34,0,179,,84845,5,0,34,0,165,,84859,5,0,38,0,147,,84847,5,0,34,0,78,,84855,5,0,35 37,0,30,,84848,5,0,34,0,77,,84839,5,0,38,0,66,,84849,5,0,34,0
200,'S2-4_2',646,,84900,5,0,38,0,61,,84901,5,0,38,0,33,,84875,5,0,35 37,0,82,,84869,5,0,9 10,0,96,,84889,5,0,9 10,0,99,,84870,5,0,35 37,0,142,,84880,5,0,34,0,179,,84884,5,0,34,0,165,,84898,5,0,38,0,147,,84886,5,0,34,0,78,,84894,5,0,35 37,0,30,,84887,5,0,34,0,77,,84878,5,0,38,0,66,,84888,5,0,34,0
200,'S2-4_4',646,,84939,5,0,38,0,61,,84940,5,0,38,0,33,,84914,5,0,35 37,0,82,,84908,5,0,9 10,0,96,,84928,5,0,9 10,0,99,,84909,5,0,35 37,0,142,,84919,5,0,34,0,179,,84923,5,0,34,0,165,,84937,5,0,38,0,147,,84925,5,0,34,0,78,,84933,5,0,35 37,0,30,,84926,5,0,34,0,77,,84917,5,0,38,0,66,,84927,5,0,34,0
2900200,'S2-0_4',658,,91328,5,,,0,99,,91329,5,,,0
2900200,'S2-0_5',658,,91330,5,,,0,99,,91331,5,,,0
2900200,'S2-1_3',658,,91332,5,,,0,99,,91333,5,,,0
2900200,'S2-4_1',658,,91334,5,,,0,99,,91335,5,,,0
2900200,'S2-4_2',658,,91336,5,,,0,99,,91337,5,,,0
2900200,'S2-4_4',658,,91338,5,,,0,99,,91339,5,,,0
