700,'S2-0_4',737,,86558,27,4,,0,110,,86560,27,4,,0,112,,86561,27,4,,0,150,,86562,27,4,,0,110,,86563,27,4,,0,110,,86564,27,4,,0,110,,86565,27,4,,0,110,,86566,27,4,,0,153,,86567,27,4,,0,110,,86568,27,4,,0,104,,86559,27,4,,0
700,'S2-0_5',737,,86569,27,4,,0,110,,86571,27,4,,0,112,,86572,27,4,,0,150,,86573,27,4,,0,110,,86574,27,4,,0,110,,86575,27,4,,0,110,,86576,27,4,,0,110,,86577,27,4,,0,153,,86578,27,4,,0,110,,86579,27,4,,0,104,,86570,27,4,,0
700,'S2-1_3',737,,86580,27,4,,0,110,,86582,27,4,,0,112,,86583,27,4,,0,150,,86584,27,4,,0,110,,86585,27,4,,0,110,,86586,27,4,,0,110,,86587,27,4,,0,110,,86588,27,4,,0,153,,86589,27,4,,0,110,,86590,27,4,,0,104,,86581,27,4,,0
700,'S2-2_6',735,,86593,27,4,,0,110,,86594,27,4,,0,112,,86595,27,4,,0,150,,86596,27,4,,0,110,,86597,27,4,,0,110,,86598,27,4,,0,111,,86599,27,4,,0,109,,86600,27,4,,0,111,,86601,27,4,,0,150,,86591,27,4,,0,107,,86592,27,4,,0
700,'S2-4_1',737,,86602,27,4,,0,110,,86604,27,4,,0,112,,86605,27,4,,0,150,,86606,27,4,,0,110,,86607,27,4,,0,110,,86608,27,4,,0,110,,86609,27,4,,0,110,,86610,27,4,,0,153,,86611,27,4,,0,110,,86612,27,4,,0,104,,86603,27,4,,0
700,'S2-4_2',737,,86613,27,4,,0,110,,86615,27,4,,0,112,,86616,27,4,,0,150,,86617,27,4,,0,110,,86618,27,4,,0,110,,86619,27,4,,0,110,,86620,27,4,,0,110,,86621,27,4,,0,153,,86622,27,4,,0,110,,86623,27,4,,0,104,,86614,27,4,,0
700,'S2-4_4',737,,86624,27,4,,0,110,,86626,27,4,,0,112,,86627,27,4,,0,150,,86628,27,4,,0,110,,86629,27,4,,0,110,,86630,27,4,,0,110,,86631,27,4,,0,110,,86632,27,4,,0,153,,86633,27,4,,0,110,,86634,27,4,,0,104,,86625,27,4,,0
2400,'S2-0_4',748,,88119,23,4,,0,868,,88120,18,4,,0,104,,88121,18,4,,0,94,,88122,18,4,,0
2400,'S2-0_5',748,,88123,23,4,,0,868,,88124,18,4,,0,104,,88125,18,4,,0,94,,88126,18,4,,0
2400,'S2-1_3',748,,88127,23,4,,0,490,,88128,18,4,,0
2400,'S2-4_1',748,,88129,23,4,,0,868,,88130,18,4,,0,104,,88131,18,4,,0,94,,88132,18,4,,0
2400,'S2-4_2',748,,88133,23,4,,0,868,,88134,18,4,,0,104,,88135,18,4,,0,94,,88136,18,4,,0
2400,'S2-4_4',748,,88137,23,4,,0,868,,88138,18,4,,0,104,,88139,18,4,,0,94,,88140,18,4,,0
2401,'S2-0_4',1616,,88142,1,,,0,104,,88143,1,,,0
2401,'S2-0_5',1616,,88145,1,,,0,104,,88146,1,,,0
2401,'S2-4_1',1616,,88149,1,,,0,104,,88150,1,,,0
2401,'S2-4_2',1616,,88152,1,,,0,104,,88153,1,,,0
2401,'S2-4_4',1616,,88155,1,,,0,104,,88156,1,,,0
900500,'S2-4_4',2138,,88959,18,,,0,90,,88960,18,,,0,90,,88961,18,,,0,90,,88962,18,,,0,48,,88963,18,,,0
