501,'S2-0_4',928,,86230,12,,,0,105,,86231,12,,,0,100,,86232,12,,,0,86,,86233,12,,,0,95,,86234,12,,,0,98,,86235,12,,,0,102,,86236,12,,,0,101,,86237,12,,,0,25,,86239,12,0,13,0,81,,86238,12,,,0,29,,86240,12,0,13,0,75,,86242,12,,,0,19,,86241,12,0,13,0,109,,86243,12,,,0
501,'S2-0_5',928,,86244,12,,,0,105,,86245,12,,,0,100,,86246,12,,,0,86,,86247,12,,,0,95,,86248,12,,,0,98,,86249,12,,,0,102,,86250,12,,,0,101,,86251,12,,,0,25,,86253,12,0,13,0,81,,86252,12,,,0,29,,86254,12,0,13,0,75,,86256,12,,,0,19,,86255,12,0,13,0,109,,86257,12,,,0
501,'S2-1_3',928,,86258,12,,,0,105,,86259,12,,,0,100,,86260,12,,,0,86,,86261,12,,,0,25,,86267,12,0,13,0,70,,86262,12,,,0,98,,86263,12,,,0,102,,86264,12,,,0,101,,86265,12,,,0,106,,86266,12,,,0,104,,86268,12,,,0,128,,86269,12,,,0
501,'S2-2_6',820,,86270,12,,,0,101,,86271,12,,,0,100,,86272,12,,,0,100,,86273,12,,,0,100,,86274,12,,,0,94,,86275,12,,,0,99,,86276,12,,,0,100,,86277,12,,,0,100,,86278,12,,,0,100,,86279,12,,,0,100,,86280,12,,,0,189,,86281,12,,,0
501,'S2-4_1',928,,86282,12,,,0,105,,86283,12,,,0,100,,86284,12,,,0,86,,86285,12,,,0,95,,86286,12,,,0,98,,86287,12,,,0,102,,86288,12,,,0,101,,86289,12,,,0,25,,86291,12,0,13,0,81,,86290,12,,,0,29,,86292,12,0,13,0,75,,86294,12,,,0,19,,86293,12,0,13,0,109,,86295,12,,,0
501,'S2-4_2',928,,86296,12,,,0,105,,86297,12,,,0,100,,86298,12,,,0,86,,86299,12,,,0,95,,86300,12,,,0,98,,86301,12,,,0,102,,86302,12,,,0,101,,86303,12,,,0,25,,86305,12,0,13,0,81,,86304,12,,,0,29,,86306,12,0,13,0,75,,86308,12,,,0,19,,86307,12,0,13,0,109,,86309,12,,,0
501,'S2-4_4',928,,86310,12,,,0,105,,86311,12,,,0,100,,86312,12,,,0,86,,86313,12,,,0,95,,86314,12,,,0,98,,86315,12,,,0,102,,86316,12,,,0,101,,86317,12,,,0,25,,86319,12,0,13,0,81,,86318,12,,,0,29,,86320,12,0,13,0,75,,86322,12,,,0,19,,86321,12,0,13,0,109,,86323,12,,,0
1000001,'S2-0_4',550,,89913,17,,,0,60,,89914,17,,,0,20,,89915,17,,,0,20,,89916,17,,,0,61,,89917,17,,,0,10,,89997,17,,,0,10,,89998,17,,,0,10,,89948,23,,,0,10,,89949,23,,,0,50,,89950,23,,,0,11,,89951,23,,,0,10,,89952,23,,,0,9,,89953,23,,,0,10,,89954,23,,,0,10,,89955,23,,,0,50,,89956,23,,,0,10,,89957,23,,,0,10,,89958,23,,,0,11,,89959,23,,,0,11,,89918,17,,,0,11,,89919,23,,,0,50,,89920,17,,,0,10,,89921,23,,,0,11,,89922,17,,,0,11,,89960,23,,,0,11,,89923,17,,,0,11,,89924,23,,,0,50,,89925,17,,,0,11,,89926,23,,,0,10,,89927,17,,,0,11,,89961,23,,,0,11,,89928,17,,,0,51,,89929,23,,,0,10,,89930,17,,,0,9,,89931,23,,,0,9,,89962,17,,,0,10,,89963,23,,,0,10,,89964,17,,,0,50,,89965,23,,,0,10,,89966,17,,,0,10,,89967,23,,,0,10,,89968,17,,,0,9,,89969,23,,,0,10,,89970,17,,,0,51,,89971,23,,,0,10,,89972,17,,,0,10,,89973,23,,,0,10,,89974,17,,,0,10,,89932,23,,,0,10,,89933,17,,,0,9,,89975,23,,,0,50,,89934,17,,,0,9,,89935,23,,,0,11,,89936,17,,,0,11,,89976,23,,,0,12,,89937,17,,,0,51,,89938,23,,,0,11,,89939,17,,,0,10,,89940,23,,,0,9,,89941,23,,,0,10,,89977,23,,,0,10,,89978,23,,,0,50,,89979,23,,,0,11,,89980,23,,,0,11,,89981,23,,,0,11,,89982,23,,,0,10,,89983,23,,,0,10,,89984,23,,,0,49,,89985,23,,,0,10,,89986,23,,,0,10,,89987,23,,,0,8,,89988,23,,,0,9,,89989,23,,,0,9,,89990,23,,,0,8,,89991,23,,,0,49,,89992,17,,,0,9,,89993,23,,,0,10,,89994,17,,,0,13,,89996,23,,,0,19,,89995,23,,,0,60,,89942,17,,,0,20,,89943,17,,,0,20,,89944,17,,,0,60,,89945,17,,,0,19,,89946,17,,,0,20,,89947,17,,,0
1000001,'S2-0_5',550,,89999,17,,,0,60,,90000,17,,,0,20,,90001,17,,,0,20,,90002,17,,,0,61,,90003,17,,,0,10,,90083,17,,,0,10,,90084,17,,,0,10,,90034,23,,,0,10,,90035,23,,,0,50,,90036,23,,,0,11,,90037,23,,,0,10,,90038,23,,,0,9,,90039,23,,,0,10,,90040,23,,,0,10,,90041,23,,,0,50,,90042,23,,,0,10,,90043,23,,,0,10,,90044,23,,,0,11,,90045,23,,,0,11,,90004,17,,,0,11,,90005,23,,,0,50,,90006,17,,,0,10,,90007,23,,,0,11,,90008,17,,,0,11,,90046,23,,,0,11,,90009,17,,,0,11,,90010,23,,,0,50,,90011,17,,,0,11,,90012,23,,,0,10,,90013,17,,,0,11,,90047,23,,,0,11,,90014,17,,,0,51,,90015,23,,,0,10,,90016,17,,,0,9,,90017,23,,,0,9,,90048,17,,,0,10,,90049,23,,,0,10,,90050,17,,,0,50,,90051,23,,,0,10,,90052,17,,,0,10,,90053,23,,,0,10,,90054,17,,,0,9,,90055,23,,,0,10,,90056,17,,,0,51,,90057,23,,,0,10,,90058,17,,,0,10,,90059,23,,,0,10,,90060,17,,,0,10,,90018,23,,,0,10,,90019,17,,,0,9,,90061,23,,,0,50,,90020,17,,,0,9,,90021,23,,,0,11,,90022,17,,,0,11,,90062,23,,,0,12,,90023,17,,,0,51,,90024,23,,,0,11,,90025,17,,,0,10,,90026,23,,,0,9,,90027,23,,,0,10,,90063,23,,,0,10,,90064,23,,,0,50,,90065,23,,,0,11,,90066,23,,,0,11,,90067,23,,,0,11,,90068,23,,,0,10,,90069,23,,,0,10,,90070,23,,,0,49,,90071,23,,,0,10,,90072,23,,,0,10,,90073,23,,,0,8,,90074,23,,,0,9,,90075,23,,,0,9,,90076,23,,,0,8,,90077,23,,,0,49,,90078,17,,,0,9,,90079,23,,,0,10,,90080,17,,,0,13,,90082,23,,,0,19,,90081,23,,,0,60,,90028,17,,,0,20,,90029,17,,,0,20,,90030,17,,,0,60,,90031,17,,,0,19,,90032,17,,,0,20,,90033,17,,,0
1000001,'S2-1_3',550,,90085,17,,,0,60,,90086,17,,,0,20,,90087,17,,,0,20,,90088,17,,,0,61,,90089,17,,,0,10,,90169,17,,,0,10,,90170,17,,,0,10,,90120,23,,,0,10,,90121,23,,,0,50,,90122,23,,,0,11,,90123,23,,,0,10,,90124,23,,,0,9,,90125,23,,,0,10,,90126,23,,,0,10,,90127,23,,,0,50,,90128,23,,,0,10,,90129,23,,,0,10,,90130,23,,,0,11,,90131,23,,,0,11,,90090,17,,,0,11,,90091,23,,,0,50,,90092,17,,,0,10,,90093,23,,,0,11,,90094,17,,,0,11,,90132,23,,,0,11,,90095,17,,,0,11,,90096,23,,,0,50,,90097,17,,,0,11,,90098,23,,,0,10,,90099,17,,,0,11,,90133,23,,,0,11,,90100,17,,,0,51,,90101,23,,,0,10,,90102,17,,,0,9,,90103,23,,,0,9,,90134,17,,,0,10,,90135,23,,,0,10,,90136,17,,,0,50,,90137,23,,,0,10,,90138,17,,,0,10,,90139,23,,,0,10,,90140,17,,,0,9,,90141,23,,,0,10,,90142,17,,,0,51,,90143,23,,,0,10,,90144,17,,,0,10,,90145,23,,,0,10,,90146,17,,,0,10,,90104,23,,,0,10,,90105,17,,,0,9,,90147,23,,,0,50,,90106,17,,,0,9,,90107,23,,,0,11,,90108,17,,,0,11,,90148,23,,,0,12,,90109,17,,,0,51,,90110,23,,,0,11,,90111,17,,,0,10,,90112,23,,,0,9,,90113,23,,,0,10,,90149,23,,,0,10,,90150,23,,,0,50,,90151,23,,,0,11,,90152,23,,,0,11,,90153,23,,,0,11,,90154,23,,,0,10,,90155,23,,,0,10,,90156,23,,,0,49,,90157,23,,,0,10,,90158,23,,,0,10,,90159,23,,,0,8,,90160,23,,,0,9,,90161,23,,,0,9,,90162,23,,,0,8,,90163,23,,,0,49,,90164,17,,,0,9,,90165,23,,,0,10,,90166,17,,,0,13,,90168,23,,,0,19,,90167,23,,,0,60,,90114,17,,,0,20,,90115,17,,,0,20,,90116,17,,,0,60,,90117,17,,,0,19,,90118,17,,,0,20,,90119,17,,,0
1000001,'S2-2_6',550,,90171,17,,,0,81,,90172,17,,,0,81,,90173,17,,,0,30,,90174,17,,,0,69,,90175,23,,,0,29,,90176,23,,,0,15,,90177,17,,,0,55,,90178,17,,,0,15,,90179,23,,,0,15,,90180,17,,,0,15,,90181,17,,,0,55,,90182,23,,,0,16,,90183,17,,,0,15,,90184,17,,,0,16,,90185,23,,,0,55,,90186,17,,,0,15,,90187,17,,,0,16,,90188,23,,,0,15,,90189,17,,,0,56,,90190,17,,,0,15,,90191,23,,,0,14,,90192,17,,,0,16,,90193,17,,,0,56,,90194,23,,,0,9,,90195,17,,,0,10,,90196,17,,,0,8,,90197,17,,,0,10,,90199,17,,,0,50,,90198,23,,,0,10,,90200,17,,,0,11,,90201,17,,,0,12,,90202,23,,,0,10,,90203,17,,,0,9,,90204,17,,,0,50,,90205,17,,,0,11,,90206,23,,,0,10,,90207,17,,,0,10,,90208,17,,,0,11,,90209,17,,,0,11,,90210,23,,,0,49,,90211,17,,,0,10,,90212,17,,,0,10,,90213,17,,,0,12,,90214,23,,,0,9,,90215,17,,,0,9,,90216,17,,,0,50,,90217,17,,,0,10,,90219,17,,,0,9,,90218,23,,,0,10,,90220,17,,,0,9,,90221,17,,,0,10,,90223,17,,,0,50,,90222,23,,,0,9,,90224,17,,,0,9,,90225,17,,,0,9,,90227,17,,,0,10,,90226,23,,,0,10,,90228,17,,,0,53,,90229,17,,,0,19,,90230,23,,,0,17,,90231,17,,,0,61,,90232,17,,,0,21,,90233,17,,,0,17,,90234,17,,,0,19,,90235,17,,,0,60,,90236,17,,,0,20,,90237,17,,,0,20,,90238,17,,,0
1000001,'S2-3_7',820,,90239,17,,,0,80,,90240,17,,,0,40,,90241,17,,,0,80,,90242,17,,,0,80,,90243,17,,,0,40,,90244,17,,,0,80,,90245,17,,,0,80,,90246,17,,,0,40,,90247,17,,,0,80,,90248,17,,,0,80,,90249,17,,,0,40,,90250,17,,,0,80,,90251,17,,,0,80,,90252,17,,,0,40,,90253,17,,,0,80,,90254,17,,,0,80,,90255,17,,,0,40,,90256,17,,,0
1000001,'S2-4_1',550,,90257,17,,,0,60,,90258,17,,,0,20,,90259,17,,,0,20,,90260,17,,,0,61,,90261,17,,,0,10,,90341,17,,,0,10,,90342,17,,,0,10,,90292,23,,,0,10,,90293,23,,,0,50,,90294,23,,,0,11,,90295,23,,,0,10,,90296,23,,,0,9,,90297,23,,,0,10,,90298,23,,,0,10,,90299,23,,,0,50,,90300,23,,,0,10,,90301,23,,,0,10,,90302,23,,,0,11,,90303,23,,,0,11,,90262,17,,,0,11,,90263,23,,,0,50,,90264,17,,,0,10,,90265,23,,,0,11,,90266,17,,,0,11,,90304,23,,,0,11,,90267,17,,,0,11,,90268,23,,,0,50,,90269,17,,,0,11,,90270,23,,,0,10,,90271,17,,,0,11,,90305,23,,,0,11,,90272,17,,,0,51,,90273,23,,,0,10,,90274,17,,,0,9,,90275,23,,,0,9,,90306,17,,,0,10,,90307,23,,,0,10,,90308,17,,,0,50,,90309,23,,,0,10,,90310,17,,,0,10,,90311,23,,,0,10,,90312,17,,,0,9,,90313,23,,,0,10,,90314,17,,,0,51,,90315,23,,,0,10,,90316,17,,,0,10,,90317,23,,,0,10,,90318,17,,,0,10,,90276,23,,,0,10,,90277,17,,,0,9,,90319,23,,,0,50,,90278,17,,,0,9,,90279,23,,,0,11,,90280,17,,,0,11,,90320,23,,,0,12,,90281,17,,,0,51,,90282,23,,,0,11,,90283,17,,,0,10,,90284,23,,,0,9,,90285,23,,,0,10,,90321,23,,,0,10,,90322,23,,,0,50,,90323,23,,,0,11,,90324,23,,,0,11,,90325,23,,,0,11,,90326,23,,,0,10,,90327,23,,,0,10,,90328,23,,,0,49,,90329,23,,,0,10,,90330,23,,,0,10,,90331,23,,,0,8,,90332,23,,,0,9,,90333,23,,,0,9,,90334,23,,,0,8,,90335,23,,,0,49,,90336,17,,,0,9,,90337,23,,,0,10,,90338,17,,,0,13,,90340,23,,,0,19,,90339,23,,,0,60,,90286,17,,,0,20,,90287,17,,,0,20,,90288,17,,,0,60,,90289,17,,,0,19,,90290,17,,,0,20,,90291,17,,,0
1000001,'S2-4_2',550,,90343,17,,,0,60,,90344,17,,,0,20,,90345,17,,,0,20,,90346,17,,,0,61,,90347,17,,,0,10,,90427,17,,,0,10,,90428,17,,,0,10,,90378,23,,,0,10,,90379,23,,,0,50,,90380,23,,,0,11,,90381,23,,,0,10,,90382,23,,,0,9,,90383,23,,,0,10,,90384,23,,,0,10,,90385,23,,,0,50,,90386,23,,,0,10,,90387,23,,,0,10,,90388,23,,,0,11,,90389,23,,,0,11,,90348,17,,,0,11,,90349,23,,,0,50,,90350,17,,,0,10,,90351,23,,,0,11,,90352,17,,,0,11,,90390,23,,,0,11,,90353,17,,,0,11,,90354,23,,,0,50,,90355,17,,,0,11,,90356,23,,,0,10,,90357,17,,,0,11,,90391,23,,,0,11,,90358,17,,,0,51,,90359,23,,,0,10,,90360,17,,,0,9,,90361,23,,,0,9,,90392,17,,,0,10,,90393,23,,,0,10,,90394,17,,,0,50,,90395,23,,,0,10,,90396,17,,,0,10,,90397,23,,,0,10,,90398,17,,,0,9,,90399,23,,,0,10,,90400,17,,,0,51,,90401,23,,,0,10,,90402,17,,,0,10,,90403,23,,,0,10,,90404,17,,,0,10,,90362,23,,,0,10,,90363,17,,,0,9,,90405,23,,,0,50,,90364,17,,,0,9,,90365,23,,,0,11,,90366,17,,,0,11,,90406,23,,,0,12,,90367,17,,,0,51,,90368,23,,,0,11,,90369,17,,,0,10,,90370,23,,,0,9,,90371,23,,,0,10,,90407,23,,,0,10,,90408,23,,,0,50,,90409,23,,,0,11,,90410,23,,,0,11,,90411,23,,,0,11,,90412,23,,,0,10,,90413,23,,,0,10,,90414,23,,,0,49,,90415,23,,,0,10,,90416,23,,,0,10,,90417,23,,,0,8,,90418,23,,,0,9,,90419,23,,,0,9,,90420,23,,,0,8,,90421,23,,,0,49,,90422,17,,,0,9,,90423,23,,,0,10,,90424,17,,,0,13,,90426,23,,,0,19,,90425,23,,,0,60,,90372,17,,,0,20,,90373,17,,,0,20,,90374,17,,,0,60,,90375,17,,,0,19,,90376,17,,,0,20,,90377,17,,,0
1000001,'S2-4_4',550,,90429,17,,,0,60,,90430,17,,,0,20,,90431,17,,,0,20,,90432,17,,,0,61,,90433,17,,,0,10,,90513,17,,,0,10,,90514,17,,,0,10,,90464,23,,,0,10,,90465,23,,,0,50,,90466,23,,,0,11,,90467,23,,,0,10,,90468,23,,,0,9,,90469,23,,,0,10,,90470,23,,,0,10,,90471,23,,,0,50,,90472,23,,,0,10,,90473,23,,,0,10,,90474,23,,,0,11,,90475,23,,,0,11,,90434,17,,,0,11,,90435,23,,,0,50,,90436,17,,,0,10,,90437,23,,,0,11,,90438,17,,,0,11,,90476,23,,,0,11,,90439,17,,,0,11,,90440,23,,,0,50,,90441,17,,,0,11,,90442,23,,,0,10,,90443,17,,,0,11,,90477,23,,,0,11,,90444,17,,,0,51,,90445,23,,,0,10,,90446,17,,,0,9,,90447,23,,,0,9,,90478,17,,,0,10,,90479,23,,,0,10,,90480,17,,,0,50,,90481,23,,,0,10,,90482,17,,,0,10,,90483,23,,,0,10,,90484,17,,,0,9,,90485,23,,,0,10,,90486,17,,,0,51,,90487,23,,,0,10,,90488,17,,,0,10,,90489,23,,,0,10,,90490,17,,,0,10,,90448,23,,,0,10,,90449,17,,,0,9,,90491,23,,,0,50,,90450,17,,,0,9,,90451,23,,,0,11,,90452,17,,,0,11,,90492,23,,,0,12,,90453,17,,,0,51,,90454,23,,,0,11,,90455,17,,,0,10,,90456,23,,,0,9,,90457,23,,,0,10,,90493,23,,,0,10,,90494,23,,,0,50,,90495,23,,,0,11,,90496,23,,,0,11,,90497,23,,,0,11,,90498,23,,,0,10,,90499,23,,,0,10,,90500,23,,,0,49,,90501,23,,,0,10,,90502,23,,,0,10,,90503,23,,,0,8,,90504,23,,,0,9,,90505,23,,,0,9,,90506,23,,,0,8,,90507,23,,,0,49,,90508,17,,,0,9,,90509,23,,,0,10,,90510,17,,,0,13,,90512,23,,,0,19,,90511,23,,,0,60,,90458,17,,,0,20,,90459,17,,,0,20,,90460,17,,,0,60,,90461,17,,,0,19,,90462,17,,,0,20,,90463,17,,,0
