101,'S2-0_4',754,,84438,57,0,6,0,68,,84439,57,0,6,0,29,,84440,57,0,6,0,95,,84444,51,0,6,0,157,,84445,51,0,6,0,114,,84446,51,0,6,0,89,,84447,51,0,6,0,114,,84441,57,0,6,0,97,,84448,51,0,6,0,100,,84449,51,0,6,0,92,,84450,51,0,6,0,34,,84451,51,0,6,0,80,,84452,51,0,6,0,32,,84442,57,0,6,0,84,,84443,57,0,6,0
101,'S2-0_5',754,,84471,57,0,6,0,68,,84472,57,0,6,0,29,,84473,57,0,6,0,95,,84477,51,0,6,0,157,,84478,51,0,6,0,114,,84479,51,0,6,0,89,,84480,51,0,6,0,114,,84474,57,0,6,0,97,,84481,51,0,6,0,100,,84482,51,0,6,0,92,,84483,51,0,6,0,34,,84484,51,0,6,0,80,,84485,51,0,6,0,32,,84475,57,0,6,0,84,,84476,57,0,6,0
101,'S2-1_3',754,,84504,57,0,6,0,68,,84505,57,0,6,0,29,,84506,57,0,6,0,95,,84510,51,0,6,0,157,,84511,51,0,6,0,114,,84512,51,0,6,0,89,,84513,51,0,6,0,114,,84507,57,0,6,0,97,,84514,51,0,6,0,100,,84515,51,0,6,0,92,,84516,51,0,6,0,34,,84517,51,0,6,0,80,,84518,51,0,6,0,32,,84508,57,0,6,0,84,,84509,57,0,6,0
101,'S2-2_6',1040,,84550,51,0,6,0,100,,84551,51,0,6,0,98,,84552,51,0,6,0,99,,84553,51,0,6,0,100,,84554,51,0,6,0,101,,84555,51,0,6,0,103,,84556,51,0,6,0,103,,84557,51,0,6,0,100,,84558,51,0,6,0,96,,84559,51,0,6,0
101,'S2-3_7',950,,84560,51,0,6,0,250,,84561,51,0,6,0,210,,84562,51,0,6,0,190,,84563,51,0,6,0,210,,84564,51,0,6,0
101,'S2-4_1',754,,84570,57,0,6,0,68,,84571,57,0,6,0,29,,84572,57,0,6,0,95,,84576,51,0,6,0,157,,84577,51,0,6,0,114,,84578,51,0,6,0,89,,84579,51,0,6,0,114,,84573,57,0,6,0,97,,84580,51,0,6,0,100,,84581,51,0,6,0,92,,84582,51,0,6,0,34,,84583,51,0,6,0,80,,84584,51,0,6,0,32,,84574,57,0,6,0,84,,84575,57,0,6,0
101,'S2-4_2',754,,84603,57,0,6,0,68,,84604,57,0,6,0,29,,84605,57,0,6,0,95,,84609,51,0,6,0,157,,84610,51,0,6,0,114,,84611,51,0,6,0,89,,84612,51,0,6,0,114,,84606,57,0,6,0,97,,84613,51,0,6,0,100,,84614,51,0,6,0,92,,84615,51,0,6,0,34,,84616,51,0,6,0,80,,84617,51,0,6,0,32,,84607,57,0,6,0,84,,84608,57,0,6,0
101,'S2-4_4',754,,84636,57,0,6,0,68,,84637,57,0,6,0,29,,84638,57,0,6,0,95,,84642,51,0,6,0,157,,84643,51,0,6,0,114,,84644,51,0,6,0,89,,84645,51,0,6,0,114,,84639,57,0,6,0,97,,84646,51,0,6,0,100,,84647,51,0,6,0,92,,84648,51,0,6,0,34,,84649,51,0,6,0,80,,84650,51,0,6,0,32,,84640,57,0,6,0,84,,84641,57,0,6,0
801,'S2-0_4',848,,86784,18,,,0,108,,86785,18,,,0,150,,86786,18,,,0,119,,86778,18,,,0,111,,86787,18,,,0,112,,86788,18,,,0,152,,86789,18,,,0,36,,86779,18,,,0,76,,86780,18,,,0,30,,86781,18,,,0,76,,86782,18,,,0,33,,86783,18,,,0,71,,86790,18,,,0,34,,86791,18,,,0
801,'S2-0_5',848,,86798,18,,,0,108,,86799,18,,,0,150,,86800,18,,,0,119,,86792,18,,,0,111,,86801,18,,,0,112,,86802,18,,,0,152,,86803,18,,,0,36,,86793,18,,,0,76,,86794,18,,,0,30,,86795,18,,,0,76,,86796,18,,,0,33,,86797,18,,,0,71,,86804,18,,,0,34,,86805,18,,,0
801,'S2-1_3',848,,86812,18,,,0,108,,86813,18,,,0,150,,86814,18,,,0,119,,86806,18,,,0,111,,86815,18,,,0,112,,86816,18,,,0,152,,86817,18,,,0,36,,86807,18,,,0,76,,86808,18,,,0,30,,86809,18,,,0,76,,86810,18,,,0,33,,86811,18,,,0,71,,86818,18,,,0,34,,86819,18,,,0
801,'S2-4_1',848,,86826,18,,,0,108,,86827,18,,,0,150,,86828,18,,,0,119,,86820,18,,,0,111,,86829,18,,,0,112,,86830,18,,,0,152,,86831,18,,,0,36,,86821,18,,,0,76,,86822,18,,,0,30,,86823,18,,,0,76,,86824,18,,,0,33,,86825,18,,,0,71,,86832,18,,,0,34,,86833,18,,,0
801,'S2-4_2',848,,86840,18,,,0,108,,86841,18,,,0,150,,86842,18,,,0,119,,86834,18,,,0,111,,86843,18,,,0,112,,86844,18,,,0,152,,86845,18,,,0,36,,86835,18,,,0,76,,86836,18,,,0,30,,86837,18,,,0,76,,86838,18,,,0,33,,86839,18,,,0,71,,86846,18,,,0,34,,86847,18,,,0
801,'S2-4_4',848,,86854,18,,,0,108,,86855,18,,,0,150,,86856,18,,,0,119,,86848,18,,,0,111,,86857,18,,,0,112,,86858,18,,,0,152,,86859,18,,,0,36,,86849,18,,,0,76,,86850,18,,,0,30,,86851,18,,,0,76,,86852,18,,,0,33,,86853,18,,,0,71,,86860,18,,,0,34,,86861,18,,,0
