400,'S2-0_4',732,,85693,25,0,43,0,15,,85701,25,0,40,0,55,,85670,25,0,40,0,13,,85671,25,0,40,0,14,,85695,25,0,40,0,15,,85672,25,0,40,0,13,,85673,25,0,40,0,71,,85674,25,0,40,0,79,,85675,37,0,40,0,31,,85676,25,0,40,0,71,,85677,25,0,40,0,36,,85678,25,0,40,0,76,,85679,25,0,40,0,23,,85699,25,,,0,65,,85696,37,0,40,0,29,,85680,25,0,40,0,67,,85681,25,0,40,0,30,,85684,37,0,40,0,75,,85682,25,0,40,0,30,,85685,37,0,40,0,76,,85683,25,0,40,0,29,,85702,25,0,40,0,68,,85686,37,0,40,0,5,,85697,9,0,40,0,14,,85687,25,0,40,0,14,,85703,25,,,0,54,,85689,25,0,40,0,25,,85692,9,0,40,0,19,,85700,25,,,0,75,,85690,25,0,40,0,24,,85691,37,0,40,0
400,'S2-0_5',732,,85727,25,0,43,0,15,,85735,25,0,40,0,55,,85704,25,0,40,0,13,,85705,25,0,40,0,14,,85729,25,0,40,0,15,,85706,25,0,40,0,13,,85707,25,0,40,0,71,,85708,25,0,40,0,79,,85709,37,0,40,0,31,,85710,25,0,40,0,71,,85711,25,0,40,0,36,,85712,25,0,40,0,76,,85713,25,0,40,0,23,,85733,25,,,0,65,,85730,37,0,40,0,29,,85714,25,0,40,0,67,,85715,25,0,40,0,30,,85718,37,0,40,0,75,,85716,25,0,40,0,30,,85719,37,0,40,0,76,,85717,25,0,40,0,29,,85736,25,0,40,0,68,,85720,37,0,40,0,5,,85731,9,0,40,0,14,,85721,25,0,40,0,14,,85737,25,,,0,54,,85723,25,0,40,0,25,,85726,9,0,40,0,19,,85734,25,,,0,75,,85724,25,0,40,0,24,,85725,37,0,40,0
400,'S2-1_3',732,,85760,25,0,43,0,15,,85768,25,0,40,0,55,,85738,25,0,40,0,13,,85739,25,0,40,0,14,,85762,25,0,40,0,15,,85740,25,0,40,0,13,,85741,25,0,40,0,71,,85742,25,0,40,0,79,,85743,37,0,40,0,31,,85744,25,0,40,0,71,,85745,25,0,40,0,36,,85746,25,0,40,0,76,,85747,25,0,40,0,23,,85766,25,,,0,65,,85763,37,0,40,0,29,,85748,25,0,40,0,67,,85749,25,0,40,0,30,,85752,37,0,40,0,75,,85750,25,0,40,0,30,,85753,37,0,40,0,76,,85751,25,0,40,0,29,,85769,25,0,40,0,68,,85754,37,0,40,0,5,,85764,9,0,40,0,14,,85755,25,0,40,0,14,,85770,25,,,0,54,,85757,25,0,40,0,25,,85756,37,0,40,0,19,,85767,25,,,0,75,,85758,25,0,40,0,24,,85759,37,0,40,0
400,'S2-2_6',728,,85777,25,0,40,0,105,,85778,25,0,40,0,73,,85771,37,0,40,0,27,,85779,25,0,40,0,72,,85780,25,0,40,0,30,,85781,25,0,40,0,71,,85772,37,0,40,0,31,,85782,25,0,40,0,69,,85784,25,0,40,0,30,,85783,25,0,40,0,69,,85773,37,0,40,0,31,,85785,25,0,40,0,70,,85786,25,0,40,0,29,,85787,25,0,40,0,73,,85774,37,0,40,0,32,,85788,25,0,40,0,69,,85789,25,0,40,0,30,,85790,25,0,40,0,72,,85775,37,0,40,0,35,,85791,25,0,40,0,71,,85792,25,0,40,0,31,,85793,25,0,40,0,69,,85776,37,0,40,0,31,,85794,25,0,40,0
400,'S2-3_7',843,,85795,37,0,40,0,165,,85796,37,0,40,0,125,,85797,37,0,40,0,200,,85798,37,0,40,0,126,,85799,37,0,40,0,165,,85800,37,0,40,0,126,,85801,37,0,40,0,164,,85802,37,0,40,0
400,'S2-4_1',732,,85826,25,0,43,0,15,,85834,25,0,40,0,55,,85803,25,0,40,0,13,,85804,25,0,40,0,14,,85828,25,0,40,0,15,,85805,25,0,40,0,13,,85806,25,0,40,0,71,,85807,25,0,40,0,79,,85808,37,0,40,0,31,,85809,25,0,40,0,71,,85810,25,0,40,0,36,,85811,25,0,40,0,76,,85812,25,0,40,0,23,,85832,25,,,0,65,,85829,37,0,40,0,29,,85813,25,0,40,0,67,,85814,25,0,40,0,30,,85817,37,0,40,0,75,,85815,25,0,40,0,30,,85818,37,0,40,0,76,,85816,25,0,40,0,29,,85835,25,0,40,0,68,,85819,37,0,40,0,5,,85830,9,0,40,0,14,,85820,25,0,40,0,14,,85836,25,,,0,54,,85822,25,0,40,0,25,,85825,9,0,40,0,19,,85833,25,,,0,75,,85823,25,0,40,0,24,,85824,37,0,40,0
400,'S2-4_2',732,,85860,25,0,43,0,15,,85868,25,0,40,0,55,,85837,25,0,40,0,13,,85838,25,0,40,0,14,,85862,25,0,40,0,15,,85839,25,0,40,0,13,,85840,25,0,40,0,71,,85841,25,0,40,0,79,,85842,37,0,40,0,31,,85843,25,0,40,0,71,,85844,25,0,40,0,36,,85845,25,0,40,0,76,,85846,25,0,40,0,23,,85866,25,,,0,65,,85863,37,0,40,0,29,,85847,25,0,40,0,67,,85848,25,0,40,0,30,,85851,37,0,40,0,75,,85849,25,0,40,0,30,,85852,37,0,40,0,76,,85850,25,0,40,0,29,,85869,25,0,40,0,68,,85853,37,0,40,0,5,,85864,9,0,40,0,14,,85854,25,0,40,0,14,,85870,25,,,0,54,,85856,25,0,40,0,25,,85859,9,0,40,0,19,,85867,25,,,0,75,,85857,25,0,40,0,24,,85858,37,0,40,0
400,'S2-4_4',732,,85894,25,0,43,0,15,,85902,25,0,40,0,55,,85871,25,0,40,0,13,,85872,25,0,40,0,14,,85896,25,0,40,0,15,,85873,25,0,40,0,13,,85874,25,0,40,0,71,,85875,25,0,40,0,79,,85876,37,0,40,0,31,,85877,25,0,40,0,71,,85878,25,0,40,0,36,,85879,25,0,40,0,76,,85880,25,0,40,0,23,,85900,25,,,0,65,,85897,37,0,40,0,29,,85881,25,0,40,0,67,,85882,25,0,40,0,30,,85885,37,0,40,0,75,,85883,25,0,40,0,30,,85886,37,0,40,0,76,,85884,25,0,40,0,29,,85903,25,0,40,0,68,,85887,37,0,40,0,5,,85898,9,0,40,0,14,,85888,25,0,40,0,14,,85904,25,,,0,54,,85890,25,0,40,0,25,,85893,9,0,40,0,19,,85901,25,,,0,75,,85891,25,0,40,0,24,,85892,37,0,40,0
2300,'S2-0_4',1609,,88084,6,,,0,103,,88085,6,,,0,99,,88086,6,,,0
2300,'S2-0_5',1609,,88087,6,,,0,103,,88088,6,,,0,99,,88089,6,,,0
2300,'S2-1_3',1215,,88091,6,,,0,3,,88090,6,,,0
2300,'S2-4_1',1609,,88092,6,,,0,103,,88093,6,,,0,99,,88094,6,,,0
2300,'S2-4_2',1609,,88095,6,,,0,103,,88096,6,,,0,99,,88097,6,,,0
2300,'S2-4_4',1609,,88098,6,,,0,103,,88099,6,,,0,99,,88100,6,,,0
