1600,'S2-0_4',917,,87527,6,0,25,0,87,,87531,6,,,0,119,,87528,6,0,25,0,127,,87533,6,,,0,62,,87534,6,0,54 55,0,112,,87529,6,,,0,193,,87530,6,0,25,0,92,,87535,6,,,0,137,,87532,6,,,0
1600,'S2-0_5',917,,87537,6,0,25,0,87,,87541,6,,,0,119,,87538,6,0,25,0,127,,87543,6,,,0,62,,87544,6,0,54 55,0,112,,87539,6,,,0,193,,87540,6,0,25,0,92,,87545,6,,,0,137,,87542,6,,,0
1600,'S2-1_3',917,,87547,6,0,25,0,87,,87551,6,,,0,119,,87548,6,0,25,0,127,,87553,6,,,0,62,,87554,6,0,54 55,0,112,,87549,6,,,0,193,,87550,6,0,25,0,92,,87555,6,,,0,137,,87552,6,,,0
1600,'S2-2_6',917,,87557,6,0,25,0,87,,87561,6,,,0,119,,87558,6,0,25,0,127,,87563,6,,,0,62,,87564,6,0,54 55,0,112,,87559,6,,,0,193,,87560,6,0,25,0,92,,87565,6,,,0,137,,87562,6,,,0
1600,'S2-4_1',917,,87567,6,0,25,0,87,,87571,6,,,0,119,,87568,6,0,25,0,127,,87573,6,,,0,62,,87574,6,0,54 55,0,112,,87569,6,,,0,193,,87570,6,0,25,0,92,,87575,6,,,0,137,,87572,6,,,0
1600,'S2-4_2',917,,87577,6,0,25,0,87,,87581,6,,,0,119,,87578,6,0,25,0,127,,87583,6,,,0,62,,87584,6,0,54 55,0,112,,87579,6,,,0,193,,87580,6,0,25,0,92,,87585,6,,,0,137,,87582,6,,,0
1600,'S2-4_4',917,,87587,6,0,25,0,87,,87591,6,,,0,119,,87588,6,0,25,0,127,,87593,6,,,0,62,,87594,6,0,54 55,0,112,,87589,6,,,0,193,,87590,6,0,25,0,92,,87595,6,,,0,137,,87592,6,,,0
1601,'S2-0_4',857,,87596,15,,,0,87,,87597,8,,,0,159,,87598,15,,,0,125,,87601,20,,,0,174,,87599,15,,,0,138,,87602,15,,,0,107,,87603,8,,,0,175,,87600,15,,,0
1601,'S2-0_5',857,,87604,15,,,0,87,,87605,8,,,0,159,,87606,15,,,0,125,,87609,20,,,0,174,,87607,15,,,0,138,,87610,15,,,0,107,,87611,8,,,0,175,,87608,15,,,0
1601,'S2-1_3',857,,87612,15,,,0,87,,87613,8,,,0,159,,87614,15,,,0,125,,87617,20,,,0,174,,87615,15,,,0,138,,87618,15,,,0,107,,87619,8,,,0,175,,87616,15,,,0
1601,'S2-2_6',857,,87620,15,,,0,87,,87621,8,,,0,159,,87622,15,,,0,125,,87625,20,,,0,174,,87623,15,,,0,138,,87626,15,,,0,107,,87627,8,,,0,175,,87624,15,,,0
1601,'S2-4_1',857,,87628,15,,,0,87,,87629,8,,,0,159,,87630,15,,,0,125,,87633,20,,,0,174,,87631,15,,,0,138,,87634,15,,,0,107,,87635,8,,,0,175,,87632,15,,,0
1601,'S2-4_2',857,,87636,15,,,0,87,,87637,8,,,0,159,,87638,15,,,0,125,,87641,20,,,0,174,,87639,15,,,0,138,,87642,15,,,0,107,,87643,8,,,0,175,,87640,15,,,0
1601,'S2-4_4',857,,87644,15,,,0,87,,87645,8,,,0,159,,87646,15,,,0,125,,87649,20,,,0,174,,87647,15,,,0,138,,87650,15,,,0,107,,87651,8,,,0,175,,87648,15,,,0
2100,'S2-0_4',1650,,87974,1,,,0
2100,'S2-0_5',1650,,87977,1,,,0
2100,'S2-1_3',1650,,87979,1,,,0
2100,'S2-4_1',1650,,87981,1,,,0
2100,'S2-4_2',1650,,87983,1,,,0
2100,'S2-4_4',1650,,87985,1,,,0
2101,'S2-0_4',749,,87987,5,,,0
2101,'S2-0_5',749,,87990,5,,,0
2101,'S2-1_3',749,,87993,5,,,0
2101,'S2-4_1',749,,87996,5,,,0
2101,'S2-4_2',749,,87999,5,,,0
2101,'S2-4_4',749,,88002,5,,,0
