101,'S2-0_4',734,,84438,41,0,6,0,7,,84470,9,0,7,0,2,,84468,35,0,7,0,60,,84439,41,0,6,0,14,,84466,35,0,5,0,15,,84440,41,0,6,0,17,,84469,41,0,5,0,53,,84453,35,0,7,0,25,,84444,35,0,6,0,81,,84454,41,0,5,0,35,,84445,35,0,6,0,80,,84457,35,0,5,0,35,,84446,35,0,6,0,69,,84458,35,0,5,0,20,,84447,35,0,6,0,75,,84459,35,0,5,0,79,,84441,41,0,6,0,27,,84455,41,0,5,0,29,,84448,35,0,6,0,65,,84460,35,0,5,0,35,,84449,35,0,6,0,62,,84461,35,0,5,0,29,,84450,35,0,6,0,52,,84465,9,0,5,0,21,,84451,35,0,6,0,21,,84456,41,0,5,0,59,,84452,35,0,6,0,23,,84462,35,0,5,0,13,,84442,41,0,6,0,16,,84463,35,0,5,0,68,,84443,41,0,6,0,35,,84464,35,0,5,0
101,'S2-0_5',734,,84471,41,0,6,0,7,,84503,9,0,7,0,2,,84501,35,0,7,0,60,,84472,41,0,6,0,14,,84499,35,0,5,0,15,,84473,41,0,6,0,17,,84502,41,0,5,0,53,,84486,35,0,7,0,25,,84477,35,0,6,0,81,,84487,41,0,5,0,35,,84478,35,0,6,0,80,,84490,35,0,5,0,35,,84479,35,0,6,0,69,,84491,35,0,5,0,20,,84480,35,0,6,0,75,,84492,35,0,5,0,79,,84474,41,0,6,0,27,,84488,41,0,5,0,29,,84481,35,0,6,0,65,,84493,35,0,5,0,35,,84482,35,0,6,0,62,,84494,35,0,5,0,29,,84483,35,0,6,0,52,,84498,9,0,5,0,21,,84484,35,0,6,0,21,,84489,41,0,5,0,59,,84485,35,0,6,0,23,,84495,35,0,5,0,13,,84475,41,0,6,0,16,,84496,35,0,5,0,68,,84476,41,0,6,0,35,,84497,35,0,5,0
101,'S2-1_3',734,,84504,41,0,6,0,7,,84536,9,0,7,0,2,,84534,35,0,7,0,60,,84505,41,0,6,0,14,,84532,35,0,5,0,15,,84506,41,0,6,0,17,,84535,41,0,5,0,53,,84519,35,0,7,0,25,,84510,35,0,6,0,81,,84520,41,0,5,0,35,,84511,35,0,6,0,80,,84523,35,0,5,0,35,,84512,35,0,6,0,69,,84524,35,0,5,0,20,,84513,35,0,6,0,75,,84525,35,0,5,0,79,,84507,41,0,6,0,27,,84521,41,0,5,0,29,,84514,35,0,6,0,65,,84526,35,0,5,0,35,,84515,35,0,6,0,62,,84527,35,0,5,0,29,,84516,35,0,6,0,52,,84531,9,0,5,0,21,,84517,35,0,6,0,21,,84522,41,0,5,0,59,,84518,35,0,6,0,23,,84528,35,0,5,0,13,,84508,41,0,6,0,16,,84529,35,0,5,0,68,,84509,41,0,6,0,35,,84530,35,0,5,0
101,'S2-2_6',729,,84537,35,0,5,0,117,,84538,35,0,5,0,106,,84539,35,0,5,0,70,,84550,35,0,6,0,29,,84540,35,0,5,0,71,,84551,35,0,6,0,30,,84541,35,0,5,0,70,,84552,35,0,6,0,30,,84542,35,0,5,0,68,,84553,35,0,6,0,31,,84543,35,0,5,0,69,,84554,35,0,6,0,30,,84544,35,0,5,0,70,,84555,35,0,6,0,31,,84545,35,0,5,0,72,,84556,35,0,6,0,31,,84546,35,0,5,0,70,,84557,35,0,6,0,33,,84547,35,0,5,0,69,,84558,35,0,6,0,74,,84548,35,0,5,0,25,,84559,35,0,6,0,25,,84549,35,0,5,0
101,'S2-3_7',936,,84560,35,0,6,0,105,,84565,35,0,5,0,105,,84561,35,0,6,0,105,,84566,35,0,5,0,105,,84562,35,0,6,0,90,,84567,35,0,5,0,100,,84563,35,0,6,0,105,,84568,35,0,5,0,105,,84564,35,0,6,0,145,,84569,35,0,5,0
101,'S2-4_1',734,,84570,41,0,6,0,7,,84602,9,0,7,0,2,,84600,35,0,7,0,60,,84571,41,0,6,0,14,,84598,35,0,5,0,15,,84572,41,0,6,0,17,,84601,41,0,5,0,53,,84585,35,0,7,0,25,,84576,35,0,6,0,81,,84586,41,0,5,0,35,,84577,35,0,6,0,80,,84589,35,0,5,0,35,,84578,35,0,6,0,69,,84590,35,0,5,0,20,,84579,35,0,6,0,75,,84591,35,0,5,0,79,,84573,41,0,6,0,27,,84587,41,0,5,0,29,,84580,35,0,6,0,65,,84592,35,0,5,0,35,,84581,35,0,6,0,62,,84593,35,0,5,0,29,,84582,35,0,6,0,52,,84597,9,0,5,0,21,,84583,35,0,6,0,21,,84588,41,0,5,0,59,,84584,35,0,6,0,23,,84594,35,0,5,0,13,,84574,41,0,6,0,16,,84595,35,0,5,0,68,,84575,41,0,6,0,35,,84596,35,0,5,0
101,'S2-4_2',734,,84603,41,0,6,0,7,,84635,9,0,7,0,2,,84633,35,0,7,0,60,,84604,41,0,6,0,14,,84631,35,0,5,0,15,,84605,41,0,6,0,17,,84634,41,0,5,0,53,,84618,35,0,7,0,25,,84609,35,0,6,0,81,,84619,41,0,5,0,35,,84610,35,0,6,0,80,,84622,35,0,5,0,35,,84611,35,0,6,0,69,,84623,35,0,5,0,20,,84612,35,0,6,0,75,,84624,35,0,5,0,79,,84606,41,0,6,0,27,,84620,41,0,5,0,29,,84613,35,0,6,0,65,,84625,35,0,5,0,35,,84614,35,0,6,0,62,,84626,35,0,5,0,29,,84615,35,0,6,0,52,,84630,9,0,5,0,21,,84616,35,0,6,0,21,,84621,41,0,5,0,59,,84617,35,0,6,0,23,,84627,35,0,5,0,13,,84607,41,0,6,0,16,,84628,35,0,5,0,68,,84608,41,0,6,0,35,,84629,35,0,5,0
101,'S2-4_4',734,,84636,41,0,6,0,7,,84668,9,0,7,0,2,,84666,35,0,7,0,60,,84637,41,0,6,0,14,,84664,35,0,5,0,15,,84638,41,0,6,0,17,,84667,41,0,5,0,53,,84651,35,0,7,0,25,,84642,35,0,6,0,81,,84652,41,0,5,0,35,,84643,35,0,6,0,80,,84655,35,0,5,0,35,,84644,35,0,6,0,69,,84656,35,0,5,0,20,,84645,35,0,6,0,75,,84657,35,0,5,0,79,,84639,41,0,6,0,27,,84653,41,0,5,0,29,,84646,35,0,6,0,65,,84658,35,0,5,0,35,,84647,35,0,6,0,62,,84659,35,0,5,0,29,,84648,35,0,6,0,52,,84663,9,0,5,0,21,,84649,35,0,6,0,21,,84654,41,0,5,0,59,,84650,35,0,6,0,23,,84660,35,0,5,0,13,,84640,41,0,6,0,16,,84661,35,0,5,0,68,,84641,41,0,6,0,35,,84662,35,0,5,0
2200,'S2-0_4',750,,88010,15,4,,0
2200,'S2-0_5',750,,88017,15,4,,0
2200,'S2-1_3',750,,88022,15,4,,0
2200,'S2-4_1',750,,88029,15,4,,0
2200,'S2-4_2',750,,88036,15,4,,0
2200,'S2-4_4',750,,88043,15,4,,0
