2401,'S2-0_4',740,,88141,19,0,18 19,0,895,,88142,17,,,0,104,,88143,17,,,0
2401,'S2-0_5',740,,88144,19,0,18 19,0,895,,88145,17,,,0,104,,88146,17,,,0
2401,'S2-1_3',740,,88147,19,0,18 19,0
2401,'S2-4_1',740,,88148,19,0,18 19,0,895,,88149,17,,,0,104,,88150,17,,,0
2401,'S2-4_2',740,,88151,19,0,18 19,0,895,,88152,17,,,0,104,,88153,17,,,0
2401,'S2-4_4',740,,88154,19,0,18 19,0,895,,88155,17,,,0,104,,88156,17,,,0
2000001,'S2-0_4',655,,90979,21,,,0,68,,90956,21,,,0,14,,90937,15,,,0,3,,90935,11,0,18 19,0,1,,90939,21,,,0,16,,90964,21,,,0,56,,90947,21,,,0,14,,90982,21,,,0,14,,90929,21,,,0,14,,90957,21,,,0,55,,90941,21,,,0,16,,90965,21,,,0,16,,90949,21,,,0,17,,90973,21,,,0,57,,90930,21,,,0,15,,90963,21,,,0,15,,90940,21,,,0,56,,90966,21,,,0,16,,90948,21,,,0,16,,90975,21,,,0,15,,90931,21,,,0,56,,90961,21,,,0,15,,90946,21,,,0,17,,90967,21,,,0,15,,90955,21,,,0,54,,90974,21,,,0,16,,90933,21,,,0,12,,90958,21,,,0,17,,90942,21,,,0,55,,90969,21,,,0,15,,90950,21,,,0,15,,90978,21,,,0,15,,90934,21,,,0,56,,90959,21,,,0,16,,90943,21,,,0,15,,90968,21,,,0,16,,90951,21,,,0,54,,90977,21,,,0,15,,90932,21,,,0,17,,90960,21,,,0,17,,90944,21,,,0,56,,90970,21,,,0,17,,90952,21,,,0,17,,90928,21,,,0,56,,90976,21,,,0,16,,90983,21,,,0,11,,90962,21,,,0,12,,90945,21,,,0,13,,90971,21,,,0,54,,90953,21,,,0,11,,90927,21,,,0,13,,90980,21,,,0,14,,90936,21,,,0,62,,90972,21,,,0,20,,90954,21,,,0,19,,90981,21,,,0,59,,90938,21,,,0
2000001,'S2-0_5',655,,91036,21,,,0,68,,91013,21,,,0,14,,90994,15,,,0,3,,90992,11,0,18 19,0,1,,90996,21,,,0,16,,91021,21,,,0,56,,91004,21,,,0,14,,91039,21,,,0,14,,90986,21,,,0,14,,91014,21,,,0,55,,90998,21,,,0,16,,91022,21,,,0,16,,91006,21,,,0,17,,91030,21,,,0,57,,90987,21,,,0,15,,91020,21,,,0,15,,90997,21,,,0,56,,91023,21,,,0,16,,91005,21,,,0,16,,91032,21,,,0,15,,90988,21,,,0,56,,91018,21,,,0,15,,91003,21,,,0,17,,91024,21,,,0,15,,91012,21,,,0,54,,91031,21,,,0,16,,90990,21,,,0,12,,91015,21,,,0,17,,90999,21,,,0,55,,91026,21,,,0,15,,91007,21,,,0,15,,91035,21,,,0,15,,90991,21,,,0,56,,91016,21,,,0,16,,91000,21,,,0,15,,91025,21,,,0,16,,91008,21,,,0,54,,91034,21,,,0,15,,90989,21,,,0,17,,91017,21,,,0,17,,91001,21,,,0,56,,91027,21,,,0,17,,91009,21,,,0,17,,90985,21,,,0,56,,91033,21,,,0,16,,91040,21,,,0,11,,91019,21,,,0,12,,91002,21,,,0,13,,91028,21,,,0,54,,91010,21,,,0,11,,90984,21,,,0,13,,91037,21,,,0,14,,90993,21,,,0,62,,91029,21,,,0,20,,91011,21,,,0,19,,91038,21,,,0,59,,90995,21,,,0
2000001,'S2-1_3',655,,91093,21,,,0,68,,91070,21,,,0,14,,91051,15,,,0,3,,91049,11,0,18 19,0,1,,91053,21,,,0,16,,91078,21,,,0,56,,91061,21,,,0,14,,91096,21,,,0,14,,91043,21,,,0,14,,91071,21,,,0,55,,91055,21,,,0,16,,91079,21,,,0,16,,91063,21,,,0,17,,91087,21,,,0,57,,91044,21,,,0,15,,91077,21,,,0,15,,91054,21,,,0,56,,91080,21,,,0,16,,91062,21,,,0,16,,91089,21,,,0,15,,91045,21,,,0,56,,91075,21,,,0,15,,91060,21,,,0,17,,91081,21,,,0,15,,91069,21,,,0,54,,91088,21,,,0,16,,91047,21,,,0,12,,91072,21,,,0,17,,91056,21,,,0,55,,91083,21,,,0,15,,91064,21,,,0,15,,91092,21,,,0,15,,91048,21,,,0,56,,91073,21,,,0,16,,91057,21,,,0,15,,91082,21,,,0,16,,91065,21,,,0,54,,91091,21,,,0,15,,91046,21,,,0,17,,91074,21,,,0,17,,91058,21,,,0,56,,91084,21,,,0,17,,91066,21,,,0,17,,91042,21,,,0,56,,91090,21,,,0,16,,91097,21,,,0,11,,91076,21,,,0,12,,91059,21,,,0,13,,91085,21,,,0,54,,91067,21,,,0,11,,91041,21,,,0,13,,91094,21,,,0,14,,91050,21,,,0,62,,91086,21,,,0,20,,91068,21,,,0,19,,91095,21,,,0,59,,91052,21,,,0
2000001,'S2-2_6',658,,91098,21,,,0,81,,91099,21,,,0,80,,91100,21,,,0,32,,91138,21,,,0,61,,91102,21,,,0,20,,91101,21,,,0,21,,91103,21,,,0,60,,91104,21,,,0,19,,91106,21,,,0,18,,91105,21,,,0,60,,91111,21,,,0,19,,91109,21,,,0,18,,91113,21,,,0,59,,91107,21,,,0,19,,91112,21,,,0,20,,91108,21,,,0,57,,91110,21,,,0,18,,91119,21,,,0,18,,91116,21,,,0,20,,91117,21,,,0,61,,91118,21,,,0,18,,91115,21,,,0,17,,91114,21,,,0,59,,91120,21,,,0,22,,91121,21,,,0,20,,91123,21,,,0,59,,91122,21,,,0,20,,91124,21,,,0,20,,91125,21,,,0,61,,91126,21,,,0,20,,91128,21,,,0,19,,91127,21,,,0,58,,91129,21,,,0,19,,91130,21,,,0,19,,91131,21,,,0,58,,91132,21,,,0,17,,91133,21,,,0,18,,91134,21,,,0,62,,91135,21,,,0,24,,91136,21,,,0,22,,91137,21,,,0
2000001,'S2-3_7',831,,91156,21,,,0,80,,91139,21,,,0,40,,91140,21,,,0,80,,91141,21,,,0,80,,91142,21,,,0,40,,91143,21,,,0,80,,91144,21,,,0,79,,91145,21,,,0,40,,91147,21,,,0,80,,91146,21,,,0,80,,91148,21,,,0,40,,91149,21,,,0,80,,91150,21,,,0,80,,91151,21,,,0,40,,91153,21,,,0,80,,91152,21,,,0,80,,91154,21,,,0,40,,91155,21,,,0
2000001,'S2-4_1',655,,91209,21,,,0,68,,91186,21,,,0,14,,91167,15,,,0,3,,91165,11,0,18 19,0,1,,91169,21,,,0,16,,91194,21,,,0,56,,91177,21,,,0,14,,91212,21,,,0,14,,91159,21,,,0,14,,91187,21,,,0,55,,91171,21,,,0,16,,91195,21,,,0,16,,91179,21,,,0,17,,91203,21,,,0,57,,91160,21,,,0,15,,91193,21,,,0,15,,91170,21,,,0,56,,91196,21,,,0,16,,91178,21,,,0,16,,91205,21,,,0,15,,91161,21,,,0,56,,91191,21,,,0,15,,91176,21,,,0,17,,91197,21,,,0,15,,91185,21,,,0,54,,91204,21,,,0,16,,91163,21,,,0,12,,91188,21,,,0,17,,91172,21,,,0,55,,91199,21,,,0,15,,91180,21,,,0,15,,91208,21,,,0,15,,91164,21,,,0,56,,91189,21,,,0,16,,91173,21,,,0,15,,91198,21,,,0,16,,91181,21,,,0,54,,91207,21,,,0,15,,91162,21,,,0,17,,91190,21,,,0,17,,91174,21,,,0,56,,91200,21,,,0,17,,91182,21,,,0,17,,91158,21,,,0,56,,91206,21,,,0,16,,91213,21,,,0,11,,91192,21,,,0,12,,91175,21,,,0,13,,91201,21,,,0,54,,91183,21,,,0,11,,91157,21,,,0,13,,91210,21,,,0,14,,91166,21,,,0,62,,91202,21,,,0,20,,91184,21,,,0,19,,91211,21,,,0,59,,91168,21,,,0
2000001,'S2-4_2',655,,91266,21,,,0,68,,91243,21,,,0,14,,91224,15,,,0,3,,91222,11,0,18 19,0,1,,91226,21,,,0,16,,91251,21,,,0,56,,91234,21,,,0,14,,91269,21,,,0,14,,91216,21,,,0,14,,91244,21,,,0,55,,91228,21,,,0,16,,91252,21,,,0,16,,91236,21,,,0,17,,91260,21,,,0,57,,91217,21,,,0,15,,91250,21,,,0,15,,91227,21,,,0,56,,91253,21,,,0,16,,91235,21,,,0,16,,91262,21,,,0,15,,91218,21,,,0,56,,91248,21,,,0,15,,91233,21,,,0,17,,91254,21,,,0,15,,91242,21,,,0,54,,91261,21,,,0,16,,91220,21,,,0,12,,91245,21,,,0,17,,91229,21,,,0,55,,91256,21,,,0,15,,91237,21,,,0,15,,91265,21,,,0,15,,91221,21,,,0,56,,91246,21,,,0,16,,91230,21,,,0,15,,91255,21,,,0,16,,91238,21,,,0,54,,91264,21,,,0,15,,91219,21,,,0,17,,91247,21,,,0,17,,91231,21,,,0,56,,91257,21,,,0,17,,91239,21,,,0,17,,91215,21,,,0,56,,91263,21,,,0,16,,91270,21,,,0,11,,91249,21,,,0,12,,91232,21,,,0,13,,91258,21,,,0,54,,91240,21,,,0,11,,91214,21,,,0,13,,91267,21,,,0,14,,91223,21,,,0,62,,91259,21,,,0,20,,91241,21,,,0,19,,91268,21,,,0,59,,91225,21,,,0
2000001,'S2-4_4',655,,91323,21,,,0,68,,91300,21,,,0,14,,91281,15,,,0,3,,91279,11,0,18 19,0,1,,91283,21,,,0,16,,91308,21,,,0,56,,91291,21,,,0,14,,91326,21,,,0,14,,91273,21,,,0,14,,91301,21,,,0,55,,91285,21,,,0,16,,91309,21,,,0,16,,91293,21,,,0,17,,91317,21,,,0,57,,91274,21,,,0,15,,91307,21,,,0,15,,91284,21,,,0,56,,91310,21,,,0,16,,91292,21,,,0,16,,91319,21,,,0,15,,91275,21,,,0,56,,91305,21,,,0,15,,91290,21,,,0,17,,91311,21,,,0,15,,91299,21,,,0,54,,91318,21,,,0,16,,91277,21,,,0,12,,91302,21,,,0,17,,91286,21,,,0,55,,91313,21,,,0,15,,91294,21,,,0,15,,91322,21,,,0,15,,91278,21,,,0,56,,91303,21,,,0,16,,91287,21,,,0,15,,91312,21,,,0,16,,91295,21,,,0,54,,91321,21,,,0,15,,91276,21,,,0,17,,91304,21,,,0,17,,91288,21,,,0,56,,91314,21,,,0,17,,91296,21,,,0,17,,91272,21,,,0,56,,91320,21,,,0,16,,91327,21,,,0,11,,91306,21,,,0,12,,91289,21,,,0,13,,91315,21,,,0,54,,91297,21,,,0,11,,91271,21,,,0,13,,91324,21,,,0,14,,91280,21,,,0,62,,91316,21,,,0,20,,91298,21,,,0,19,,91325,21,,,0,59,,91282,21,,,0
