200,'0_6',731,,63315,36,0,34,0,112,,63316,36,0,34,0,106,,63317,33,0,34,0,105,,63318,36,0,34,0,150,,63319,36,0,34,0,104,,63320,34,0,34,0,100,,63321,36,0,34,0,103,,63322,36,0,34,0,105,,63323,36,0,34,0,105,,63324,36,0,34,0,99,,63325,36,0,34,0,132,,63337,33,0,34,0
200,'5_1',731,,74023,36,0,34,0,112,,74024,36,0,34,0,106,,74025,33,0,34,0,105,,74026,36,0,34,0,150,,74027,36,0,34,0,104,,74028,34,0,34,0,100,,74029,36,0,34,0,103,,74030,36,0,34,0,105,,74031,36,0,34,0,105,,74032,36,0,34,0,99,,74033,36,0,34,0,132,,74045,33,0,34,0
200,'5_2',731,,75083,36,0,34,0,112,,75084,36,0,34,0,106,,75085,33,0,34,0,105,,75086,36,0,34,0,150,,75087,36,0,34,0,104,,75088,34,0,34,0,100,,75089,36,0,34,0,103,,75090,36,0,34,0,105,,75091,36,0,34,0,105,,75092,36,0,34,0,99,,75093,36,0,34,0,132,,75105,33,0,34,0
200,'5_3',731,,75118,36,0,34,0,112,,75119,36,0,34,0,106,,75120,33,0,34,0,105,,75121,36,0,34,0,150,,75122,36,0,34,0,104,,75123,34,0,34,0,100,,75124,36,0,34,0,103,,75125,36,0,34,0,105,,75126,36,0,34,0,105,,75127,36,0,34,0,99,,75128,36,0,34,0,132,,75140,33,0,34,0
200,'5_4',731,,75153,36,0,34,0,112,,75154,36,0,34,0,106,,75155,33,0,34,0,105,,75156,36,0,34,0,150,,75157,36,0,34,0,104,,75158,34,0,34,0,100,,75159,36,0,34,0,103,,75160,36,0,34,0,105,,75161,36,0,34,0,105,,75162,36,0,34,0,99,,75163,36,0,34,0,132,,75175,33,0,34,0
200,'5_5',731,,77863,36,0,34,0,112,,77864,36,0,34,0,106,,77865,33,0,34,0,105,,77866,36,0,34,0,150,,77867,36,0,34,0,104,,77868,34,0,34,0,100,,77869,36,0,34,0,103,,77870,36,0,34,0,105,,77871,36,0,34,0,105,,77872,36,0,34,0,99,,77873,36,0,34,0,132,,77885,33,0,34,0
201,'0_6',703,,63681,10,0,20,0,99,,63682,10,0,21,0,113,,63683,10,0,20,0,105,,63684,10,0,20,0,106,,63685,10,0,20,0,110,,63686,10,0,21,0,103,,63687,10,0,21,0,106,,63688,10,0,62,0,102,,63689,10,0,62,0,103,,63690,10,0,21,0,103,,63691,10,0,21,0,102,,63692,10,0,21,0
201,'5_1',703,,74058,10,0,20,0,99,,74059,10,0,21,0,113,,74060,10,0,20,0,105,,74061,10,0,20,0,106,,74062,10,0,20,0,110,,74063,10,0,21,0,103,,74064,10,0,21,0,106,,74065,10,0,62,0,102,,74066,10,0,62,0,103,,74067,10,0,21,0,103,,74068,10,0,21,0,102,,74069,10,0,21,0
201,'5_2',703,,75188,10,0,20,0,99,,75189,10,0,21,0,113,,75190,10,0,20,0,105,,75191,10,0,20,0,106,,75192,10,0,20,0,110,,75193,10,0,21,0,103,,75194,10,0,21,0,106,,75195,10,0,62,0,102,,75196,10,0,62,0,103,,75197,10,0,21,0,103,,75198,10,0,21,0,102,,75199,10,0,21,0
201,'5_3',703,,75224,10,0,20,0,99,,75225,10,0,21,0,113,,75226,10,0,20,0,105,,75227,10,0,20,0,106,,75228,10,0,20,0,110,,75229,10,0,21,0,103,,75230,10,0,21,0,106,,75231,10,0,62,0,102,,75232,10,0,62,0,103,,75233,10,0,21,0,103,,75234,10,0,21,0,102,,75235,10,0,21,0
201,'5_4',703,,75260,10,0,20,0,99,,75261,10,0,21,0,113,,75262,10,0,20,0,105,,75263,10,0,20,0,106,,75264,10,0,20,0,110,,75265,10,0,21,0,103,,75266,10,0,21,0,106,,75267,10,0,62,0,102,,75268,10,0,62,0,103,,75269,10,0,21,0,103,,75270,10,0,21,0,102,,75271,10,0,21,0
201,'5_5',703,,77898,10,0,20,0,99,,77899,10,0,21,0,113,,77900,10,0,20,0,105,,77901,10,0,20,0,106,,77902,10,0,20,0,110,,77903,10,0,21,0,103,,77904,10,0,21,0,106,,77905,10,0,62,0,102,,77906,10,0,62,0,103,,77907,10,0,21,0,103,,77908,10,0,21,0,102,,77909,10,0,21,0
