200,'S2-0_4',654,,84701,8,0,38,0,61,,84702,8,0,38,0,34,,84676,8,0,35 37,0,81,,84670,8,0,9 10,0,96,,84690,8,0,9 10,0,99,,84671,8,0,35 37,0,182,,84681,8,0,34,0,139,,84685,8,0,34,0,165,,84699,8,0,38,0,147,,84687,8,0,34,0,78,,84695,8,0,35 37,0,70,,84688,8,0,34,0,37,,84679,8,0,38,0,66,,84689,8,0,34,0
200,'S2-0_5',654,,84740,8,0,38,0,61,,84741,8,0,38,0,34,,84715,8,0,35 37,0,81,,84709,8,0,9 10,0,96,,84729,8,0,9 10,0,99,,84710,8,0,35 37,0,182,,84720,8,0,34,0,139,,84724,8,0,34,0,165,,84738,8,0,38,0,147,,84726,8,0,34,0,78,,84734,8,0,35 37,0,70,,84727,8,0,34,0,37,,84718,8,0,38,0,66,,84728,8,0,34,0
200,'S2-1_3',654,,84779,8,0,38,0,61,,84780,8,0,38,0,34,,84754,8,0,35 37,0,81,,84748,8,0,9 10,0,96,,84768,8,0,9 10,0,99,,84749,8,0,35 37,0,182,,84759,8,0,34,0,139,,84763,8,0,34,0,165,,84777,8,0,38,0,147,,84765,8,0,34,0,78,,84773,8,0,35 37,0,70,,84766,8,0,34,0,37,,84757,8,0,38,0,66,,84767,8,0,34,0
200,'S2-2_6',648,,84786,8,0,34,0,107,,84787,8,0,34,0,85,,84810,8,0,38,0,168,,84789,8,0,34,0,111,,84790,8,0,34,0,104,,84791,6,0,34,0,98,,84792,8,0,34,0,102,,84793,8,0,34,0,105,,84794,8,0,34,0,103,,84795,8,0,34,0,101,,84796,8,0,34,0,113,,84807,8,0,35 37,0
200,'S2-4_1',654,,84861,8,0,38,0,61,,84862,8,0,38,0,34,,84836,8,0,35 37,0,81,,84830,8,0,9 10,0,96,,84850,8,0,9 10,0,99,,84831,8,0,35 37,0,182,,84841,8,0,34,0,139,,84845,8,0,34,0,165,,84859,8,0,38,0,147,,84847,8,0,34,0,78,,84855,8,0,35 37,0,70,,84848,8,0,34,0,37,,84839,8,0,38,0,66,,84849,8,0,34,0
200,'S2-4_2',654,,84900,8,0,38,0,61,,84901,8,0,38,0,34,,84875,8,0,35 37,0,81,,84869,8,0,9 10,0,96,,84889,8,0,9 10,0,99,,84870,8,0,35 37,0,182,,84880,8,0,34,0,139,,84884,8,0,34,0,165,,84898,8,0,38,0,147,,84886,8,0,34,0,78,,84894,8,0,35 37,0,70,,84887,8,0,34,0,37,,84878,8,0,38,0,66,,84888,8,0,34,0
200,'S2-4_4',654,,84939,8,0,38,0,61,,84940,8,0,38,0,34,,84914,8,0,35 37,0,81,,84908,8,0,9 10,0,96,,84928,8,0,9 10,0,99,,84909,8,0,35 37,0,182,,84919,8,0,34,0,139,,84923,8,0,34,0,165,,84937,8,0,38,0,147,,84925,8,0,34,0,78,,84933,8,0,35 37,0,70,,84926,8,0,34,0,37,,84917,8,0,38,0,66,,84927,8,0,34,0
2900200,'S2-0_4',706,,91328,8,,,0,100,,91329,8,,,0
2900200,'S2-0_5',706,,91330,8,,,0,100,,91331,8,,,0
2900200,'S2-1_3',706,,91332,8,,,0,100,,91333,8,,,0
2900200,'S2-4_1',706,,91334,8,,,0,100,,91335,8,,,0
2900200,'S2-4_2',706,,91336,8,,,0,100,,91337,8,,,0
2900200,'S2-4_4',706,,91338,8,,,0,100,,91339,8,,,0
