1800,'S2-0_4',709,,87719,4,4,,0,24,,87720,4,4,,0,26,,87721,4,4,,0,871,,87722,4,4,,0,28,,87723,5,4,,0,70,,87724,4,4,,0,72,,87725,4,4,,0,27,,87726,4,4,,0,29,,87727,4,4,,0,64,,87728,4,4,,0
1800,'S2-0_5',709,,87729,4,4,,0,24,,87730,4,4,,0,26,,87731,4,4,,0,871,,87732,4,4,,0,28,,87733,5,4,,0,70,,87734,4,4,,0,72,,87735,4,4,,0,27,,87736,4,4,,0,29,,87737,4,4,,0,64,,87738,4,4,,0
1800,'S2-1_3',709,,87739,4,4,,0,24,,87740,4,4,,0,26,,87741,4,4,,0,542,,87745,4,4,,0,22,,87746,4,4,,0,405,,87742,4,4,,0,99,,87743,4,4,,0,93,,87744,4,4,,0
1800,'S2-4_1',709,,87747,4,4,,0,24,,87748,4,4,,0,26,,87749,4,4,,0,871,,87750,4,4,,0,28,,87751,5,4,,0,70,,87752,4,4,,0,72,,87753,4,4,,0,27,,87754,4,4,,0,29,,87755,4,4,,0,64,,87756,4,4,,0
1800,'S2-4_2',709,,87757,4,4,,0,24,,87758,4,4,,0,26,,87759,4,4,,0,871,,87760,4,4,,0,28,,87761,5,4,,0,70,,87762,4,4,,0,72,,87763,4,4,,0,27,,87764,4,4,,0,29,,87765,4,4,,0,64,,87766,4,4,,0
1800,'S2-4_4',709,,87767,4,4,,0,24,,87768,4,4,,0,26,,87769,4,4,,0,871,,87770,4,4,,0,28,,87771,5,4,,0,70,,87772,4,4,,0,72,,87773,4,4,,0,27,,87774,4,4,,0,29,,87775,4,4,,0,64,,87776,4,4,,0
1801,'S2-0_4',643,,87778,1,0,56 2 57,0,68,,87777,1,0,56 2 57,0,25,,87779,1,0,56 2 57,0,23,,87785,1,,,0,899,,87780,1,0,56 2 57,0,70,,87781,1,0,56 2 57,0,74,,87782,1,0,56 2 57,0,31,,87783,1,0,56 2 57,0,24,,87784,1,0,56 2 57,0
1801,'S2-0_5',643,,87787,1,0,56 2 57,0,68,,87786,1,0,56 2 57,0,25,,87788,1,0,56 2 57,0,23,,87794,1,,,0,899,,87789,1,0,56 2 57,0,70,,87790,1,0,56 2 57,0,74,,87791,1,0,56 2 57,0,31,,87792,1,0,56 2 57,0,24,,87793,1,0,56 2 57,0
1801,'S2-1_3',643,,87796,1,0,56 2 57,0,68,,87795,1,0,56 2 57,0,25,,87797,1,0,56 2 57,0,23,,87798,1,0,56 2 57,0,542,,87801,1,0,56 2 57,0,427,,87799,1,0,56 2 57,0,105,,87800,1,0,56 2 57,0
1801,'S2-4_1',643,,87803,1,0,56 2 57,0,68,,87802,1,0,56 2 57,0,25,,87804,1,0,56 2 57,0,23,,87810,1,,,0,899,,87805,1,0,56 2 57,0,70,,87806,1,0,56 2 57,0,74,,87807,1,0,56 2 57,0,31,,87808,1,0,56 2 57,0,24,,87809,1,0,56 2 57,0
1801,'S2-4_2',643,,87812,1,0,56 2 57,0,68,,87811,1,0,56 2 57,0,25,,87813,1,0,56 2 57,0,23,,87819,1,,,0,899,,87814,1,0,56 2 57,0,70,,87815,1,0,56 2 57,0,74,,87816,1,0,56 2 57,0,31,,87817,1,0,56 2 57,0,24,,87818,1,0,56 2 57,0
1801,'S2-4_4',643,,87821,1,0,56 2 57,0,68,,87820,1,0,56 2 57,0,25,,87822,1,0,56 2 57,0,23,,87828,1,,,0,899,,87823,1,0,56 2 57,0,70,,87824,1,0,56 2 57,0,74,,87825,1,0,56 2 57,0,31,,87826,1,0,56 2 57,0,24,,87827,1,0,56 2 57,0
