200,'S2-0_4',718,,84669,20,0,35 37,0,5,,84701,23,0,38,0,8,,84675,20,0,9 10,0,12,,84702,23,0,38,0,60,,84696,11,0,34,0,15,,84676,23,0,35 37,0,15,,84703,20,0,38,0,15,,84707,20,0,9 10,0,10,,84670,23,0,9 10,0,60,,84697,11,0,34,0,15,,84680,20,0,35 37,0,20,,84690,23,0,9 10,0,70,,84683,20,0,34,0,29,,84671,23,0,35 37,0,80,,84684,20,0,34,0,75,,84691,11,0,35 37,0,11,,84698,11,0,9 10,0,15,,84681,23,0,34,0,20,,84692,20,0,35 37,0,65,,84686,11,0,34,0,25,,84672,20,0,35 37,0,70,,84685,23,0,34,0,30,,84693,20,0,35 37,0,70,,84682,20,0,34,0,25,,84699,23,0,38,0,67,,84694,20,0,35 37,0,18,,84700,20,0,34,0,15,,84704,11,0,38,0,70,,84673,11,0,35 37,0,10,,84705,20,0,38,0,10,,84687,23,0,34,0,15,,84677,20,0,38,0,61,,84695,23,0,35 37,0,14,,84678,20,0,38,0,15,,84688,23,0,34,0,15,,84706,20,0,38,0,60,,84679,23,0,38,0,15,,84674,20,0,35 37,0,10,,84689,23,0,34,0
200,'S2-0_5',718,,84708,20,0,35 37,0,5,,84740,23,0,38,0,8,,84714,20,0,9 10,0,12,,84741,23,0,38,0,60,,84735,11,0,34,0,15,,84715,23,0,35 37,0,15,,84742,20,0,38,0,15,,84746,20,0,9 10,0,10,,84709,23,0,9 10,0,60,,84736,11,0,34,0,15,,84719,20,0,35 37,0,20,,84729,23,0,9 10,0,70,,84722,20,0,34,0,29,,84710,23,0,35 37,0,80,,84723,20,0,34,0,75,,84730,11,0,35 37,0,11,,84737,11,0,9 10,0,15,,84720,23,0,34,0,20,,84731,20,0,35 37,0,65,,84725,11,0,34,0,25,,84711,20,0,35 37,0,70,,84724,23,0,34,0,30,,84732,20,0,35 37,0,70,,84721,20,0,34,0,25,,84738,23,0,38,0,67,,84733,20,0,35 37,0,18,,84739,20,0,34,0,15,,84743,11,0,38,0,70,,84712,11,0,35 37,0,10,,84744,20,0,38,0,10,,84726,23,0,34,0,15,,84716,20,0,38,0,61,,84734,23,0,35 37,0,14,,84717,20,0,38,0,15,,84727,23,0,34,0,15,,84745,20,0,38,0,60,,84718,23,0,38,0,15,,84713,20,0,35 37,0,10,,84728,23,0,34,0
200,'S2-1_3',718,,84747,20,0,35 37,0,5,,84779,23,0,38,0,8,,84753,20,0,9 10,0,12,,84780,23,0,38,0,60,,84774,11,0,34,0,15,,84754,23,0,35 37,0,15,,84781,20,0,38,0,15,,84785,20,0,9 10,0,10,,84748,23,0,9 10,0,60,,84775,11,0,34,0,15,,84758,20,0,35 37,0,20,,84768,23,0,9 10,0,70,,84761,20,0,34,0,29,,84749,23,0,35 37,0,80,,84762,20,0,34,0,75,,84769,11,0,35 37,0,11,,84776,11,0,9 10,0,15,,84759,23,0,34,0,20,,84770,20,0,35 37,0,65,,84764,11,0,34,0,25,,84750,20,0,35 37,0,70,,84763,23,0,34,0,30,,84771,20,0,35 37,0,70,,84760,20,0,34,0,25,,84777,23,0,38,0,67,,84772,20,0,35 37,0,18,,84778,20,0,34,0,15,,84782,11,0,38,0,70,,84751,11,0,35 37,0,10,,84783,20,0,38,0,10,,84765,23,0,34,0,15,,84755,20,0,38,0,61,,84773,23,0,35 37,0,14,,84756,20,0,38,0,15,,84766,23,0,34,0,15,,84784,20,0,38,0,60,,84757,23,0,38,0,15,,84752,20,0,35 37,0,10,,84767,23,0,34,0
200,'S2-2_6',713,,84786,23,0,34,0,30,,84797,20,0,35 37,0,60,,84809,11,0,38,0,20,,84787,23,0,34,0,25,,84798,20,0,35 37,0,60,,84810,23,0,38,0,20,,84788,20,0,34,0,24,,84799,11,0,35 37,0,60,,84811,11,0,38,0,20,,84789,23,0,34,0,25,,84800,20,0,35 37,0,63,,84812,11,0,38,0,23,,84790,23,0,34,0,64,,84801,20,0,35 37,0,20,,84813,11,0,38,0,20,,84791,21,0,34,0,60,,84802,11,0,35 37,0,20,,84814,20,0,38,0,20,,84792,23,0,34,0,60,,84803,20,0,35 37,0,21,,84815,11,0,38,0,21,,84793,23,0,34,0,61,,84804,20,0,35 37,0,21,,84816,11,0,38,0,23,,84794,23,0,34,0,67,,84805,20,0,35 37,0,18,,84817,11,0,38,0,19,,84795,23,0,34,0,65,,84806,20,0,35 37,0,18,,84818,11,0,38,0,17,,84796,23,0,34,0,60,,84820,20,0,35 37,0,25,,84819,11,0,38,0,67,,84807,23,0,35 37,0,23,,84808,20,0,34,0
200,'S2-3_7',938,,84821,20,0,38,0,165,,84822,20,0,38,0,125,,84823,20,0,38,0,110,,84824,20,0,38,0,165,,84825,20,0,38,0,125,,84826,20,0,38,0,125,,84827,20,0,38,0,165,,84828,20,0,38,0
200,'S2-4_1',718,,84829,20,0,35 37,0,5,,84861,23,0,38,0,8,,84835,20,0,9 10,0,12,,84862,23,0,38,0,60,,84856,11,0,34,0,15,,84836,23,0,35 37,0,15,,84863,20,0,38,0,15,,84867,20,0,9 10,0,10,,84830,23,0,9 10,0,60,,84857,11,0,34,0,15,,84840,20,0,35 37,0,20,,84850,23,0,9 10,0,70,,84843,20,0,34,0,29,,84831,23,0,35 37,0,80,,84844,20,0,34,0,75,,84851,11,0,35 37,0,11,,84858,11,0,9 10,0,15,,84841,23,0,34,0,20,,84852,20,0,35 37,0,65,,84846,11,0,34,0,25,,84832,20,0,35 37,0,70,,84845,23,0,34,0,30,,84853,20,0,35 37,0,70,,84842,20,0,34,0,25,,84859,23,0,38,0,67,,84854,20,0,35 37,0,18,,84860,20,0,34,0,15,,84864,11,0,38,0,70,,84833,11,0,35 37,0,10,,84865,20,0,38,0,10,,84847,23,0,34,0,15,,84837,20,0,38,0,61,,84855,23,0,35 37,0,14,,84838,20,0,38,0,15,,84848,23,0,34,0,15,,84866,20,0,38,0,60,,84839,23,0,38,0,15,,84834,20,0,35 37,0,10,,84849,23,0,34,0
200,'S2-4_2',718,,84868,20,0,35 37,0,5,,84900,23,0,38,0,8,,84874,20,0,9 10,0,12,,84901,23,0,38,0,60,,84895,11,0,34,0,15,,84875,23,0,35 37,0,15,,84902,20,0,38,0,15,,84906,20,0,9 10,0,10,,84869,23,0,9 10,0,60,,84896,11,0,34,0,15,,84879,20,0,35 37,0,20,,84889,23,0,9 10,0,70,,84882,20,0,34,0,29,,84870,23,0,35 37,0,80,,84883,20,0,34,0,75,,84890,11,0,35 37,0,11,,84897,11,0,9 10,0,15,,84880,23,0,34,0,20,,84891,20,0,35 37,0,65,,84885,11,0,34,0,25,,84871,20,0,35 37,0,70,,84884,23,0,34,0,30,,84892,20,0,35 37,0,70,,84881,20,0,34,0,25,,84898,23,0,38,0,67,,84893,20,0,35 37,0,18,,84899,20,0,34,0,15,,84903,11,0,38,0,70,,84872,11,0,35 37,0,10,,84904,20,0,38,0,10,,84886,23,0,34,0,15,,84876,20,0,38,0,61,,84894,23,0,35 37,0,14,,84877,20,0,38,0,15,,84887,23,0,34,0,15,,84905,20,0,38,0,60,,84878,23,0,38,0,15,,84873,20,0,35 37,0,10,,84888,23,0,34,0
200,'S2-4_4',718,,84907,20,0,35 37,0,5,,84939,23,0,38,0,8,,84913,20,0,9 10,0,12,,84940,23,0,38,0,60,,84934,11,0,34,0,15,,84914,23,0,35 37,0,15,,84941,20,0,38,0,15,,84945,20,0,9 10,0,10,,84908,23,0,9 10,0,60,,84935,11,0,34,0,15,,84918,20,0,35 37,0,20,,84928,23,0,9 10,0,70,,84921,20,0,34,0,29,,84909,23,0,35 37,0,80,,84922,20,0,34,0,75,,84929,11,0,35 37,0,11,,84936,11,0,9 10,0,15,,84919,23,0,34,0,20,,84930,20,0,35 37,0,65,,84924,11,0,34,0,25,,84910,20,0,35 37,0,70,,84923,23,0,34,0,30,,84931,20,0,35 37,0,70,,84920,20,0,34,0,25,,84937,23,0,38,0,67,,84932,20,0,35 37,0,18,,84938,20,0,34,0,15,,84942,11,0,38,0,70,,84911,11,0,35 37,0,10,,84943,20,0,38,0,10,,84925,23,0,34,0,15,,84915,20,0,38,0,61,,84933,23,0,35 37,0,14,,84916,20,0,38,0,15,,84926,23,0,34,0,15,,84944,20,0,38,0,60,,84917,23,0,38,0,15,,84912,20,0,35 37,0,10,,84927,23,0,34,0
700,'S2-0_4',715,,86558,8,,,0,110,,86560,8,,,0,110,,86561,8,,,0,110,,86562,8,,,0,110,,86563,8,,,0,150,,86564,8,,,0,110,,86565,8,,,0,110,,86566,8,,,0,110,,86567,8,,,0,110,,86568,8,,,0,110,,86559,8,,,0
700,'S2-0_5',715,,86569,8,,,0,110,,86571,8,,,0,110,,86572,8,,,0,110,,86573,8,,,0,110,,86574,8,,,0,150,,86575,8,,,0,110,,86576,8,,,0,110,,86577,8,,,0,110,,86578,8,,,0,110,,86579,8,,,0,110,,86570,8,,,0
700,'S2-1_3',715,,86580,8,,,0,110,,86582,8,,,0,110,,86583,8,,,0,110,,86584,8,,,0,110,,86585,8,,,0,150,,86586,8,,,0,110,,86587,8,,,0,110,,86588,8,,,0,110,,86589,8,,,0,110,,86590,8,,,0,110,,86581,8,,,0
700,'S2-2_6',716,,86593,8,,,0,110,,86594,8,,,0,110,,86595,8,,,0,110,,86596,8,,,0,110,,86597,8,,,0,150,,86598,8,,,0,110,,86599,8,,,0,110,,86600,8,,,0,110,,86601,8,,,0,110,,86591,8,,,0,110,,86592,8,,,0
700,'S2-4_1',715,,86602,8,,,0,110,,86604,8,,,0,110,,86605,8,,,0,110,,86606,8,,,0,110,,86607,8,,,0,150,,86608,8,,,0,110,,86609,8,,,0,110,,86610,8,,,0,110,,86611,8,,,0,110,,86612,8,,,0,110,,86603,8,,,0
700,'S2-4_2',715,,86613,8,,,0,110,,86615,8,,,0,110,,86616,8,,,0,110,,86617,8,,,0,110,,86618,8,,,0,150,,86619,8,,,0,110,,86620,8,,,0,110,,86621,8,,,0,110,,86622,8,,,0,110,,86623,8,,,0,110,,86614,8,,,0
700,'S2-4_4',715,,86624,8,,,0,110,,86626,8,,,0,110,,86627,8,,,0,110,,86628,8,,,0,110,,86629,8,,,0,150,,86630,8,,,0,110,,86631,8,,,0,110,,86632,8,,,0,110,,86633,8,,,0,110,,86634,8,,,0,110,,86625,8,,,0
800,'S2-0_4',718,,86712,22,,,0,33,,86713,22,,,0,67,,86714,22,,,0,30,,86715,22,,,0,80,,86716,22,,,0,110,,86717,22,,,0,117,,86718,22,,,0,151,,86719,22,,,0,111,,86720,22,,,0,112,,86722,22,,,0,110,,86721,22,,,0
800,'S2-0_5',718,,86723,22,,,0,33,,86724,22,,,0,67,,86725,22,,,0,30,,86726,22,,,0,80,,86727,22,,,0,110,,86728,22,,,0,117,,86729,22,,,0,151,,86730,22,,,0,111,,86731,22,,,0,112,,86733,22,,,0,110,,86732,22,,,0
800,'S2-1_3',718,,86734,22,,,0,33,,86735,22,,,0,67,,86736,22,,,0,30,,86737,22,,,0,80,,86738,22,,,0,110,,86739,22,,,0,117,,86740,22,,,0,151,,86741,22,,,0,111,,86742,22,,,0,112,,86744,22,,,0,110,,86743,22,,,0
800,'S2-4_1',718,,86745,22,,,0,33,,86746,22,,,0,67,,86747,22,,,0,30,,86748,22,,,0,80,,86749,22,,,0,110,,86750,22,,,0,117,,86751,22,,,0,151,,86752,22,,,0,111,,86753,22,,,0,112,,86755,22,,,0,110,,86754,22,,,0
800,'S2-4_2',718,,86756,22,,,0,33,,86757,22,,,0,67,,86758,22,,,0,30,,86759,22,,,0,80,,86760,22,,,0,110,,86761,22,,,0,117,,86762,22,,,0,151,,86763,22,,,0,111,,86764,22,,,0,112,,86766,22,,,0,110,,86765,22,,,0
800,'S2-4_4',718,,86767,22,,,0,33,,86768,22,,,0,67,,86769,22,,,0,30,,86770,22,,,0,80,,86771,22,,,0,110,,86772,22,,,0,117,,86773,22,,,0,151,,86774,22,,,0,111,,86775,22,,,0,112,,86777,22,,,0,110,,86776,22,,,0
1500,'S2-0_4',724,,87345,1,,,0,21,,87346,1,,,0,155,,87347,1,,,0,117,,87348,1,,,0,116,,87349,1,,,0,80,,87350,1,,,0,37,,87351,1,,,0,95,,87352,1,,,0,158,,87344,1,0,44,0,100,,87353,1,,,0,107,,87354,1,,,0,100,,87355,1,,,0,118,,87356,1,,,0
1500,'S2-0_5',724,,87358,1,,,0,21,,87359,1,,,0,155,,87360,1,,,0,117,,87361,1,,,0,116,,87362,1,,,0,80,,87363,1,,,0,37,,87364,1,,,0,95,,87365,1,,,0,158,,87357,1,0,44,0,100,,87366,1,,,0,107,,87367,1,,,0,100,,87368,1,,,0,118,,87369,1,,,0
1500,'S2-1_3',724,,87371,1,,,0,21,,87372,1,,,0,155,,87373,1,,,0,117,,87374,1,,,0,116,,87375,1,,,0,80,,87376,1,,,0,37,,87377,1,,,0,95,,87378,1,,,0,158,,87370,1,0,44,0,100,,87379,1,,,0,107,,87380,1,,,0,100,,87381,1,,,0,118,,87382,1,,,0
1500,'S2-2_6',724,,87384,1,,,0,21,,87385,1,,,0,155,,87386,1,,,0,117,,87387,1,,,0,116,,87388,1,,,0,80,,87389,1,,,0,37,,87390,1,,,0,95,,87391,1,,,0,158,,87383,1,0,44,0,100,,87392,1,,,0,107,,87393,1,,,0,100,,87394,1,,,0,118,,87395,1,,,0
1500,'S2-4_1',724,,87397,1,,,0,21,,87398,1,,,0,155,,87399,1,,,0,117,,87400,1,,,0,116,,87401,1,,,0,80,,87402,1,,,0,37,,87403,1,,,0,95,,87404,1,,,0,158,,87396,1,0,44,0,100,,87405,1,,,0,107,,87406,1,,,0,100,,87407,1,,,0,118,,87408,1,,,0
1500,'S2-4_2',724,,87410,1,,,0,21,,87411,1,,,0,155,,87412,1,,,0,117,,87413,1,,,0,116,,87414,1,,,0,80,,87415,1,,,0,37,,87416,1,,,0,95,,87417,1,,,0,158,,87409,1,0,44,0,100,,87418,1,,,0,107,,87419,1,,,0,100,,87420,1,,,0,118,,87421,1,,,0
1500,'S2-4_4',724,,87423,1,,,0,21,,87424,1,,,0,155,,87425,1,,,0,117,,87426,1,,,0,116,,87427,1,,,0,80,,87428,1,,,0,37,,87429,1,,,0,95,,87430,1,,,0,158,,87422,1,0,44,0,100,,87431,1,,,0,107,,87432,1,,,0,100,,87433,1,,,0,118,,87434,1,,,0
900500,'S2-4_4',2117,,88959,2,,,0,90,,88960,2,,,0,50,,88961,2,,,0,90,,88962,2,,,0,88,,88963,2,,,0,82,,88964,2,,,0,30,,88965,2,,,0,70,,88966,2,,,0
1000000,'S2-0_4',548,,89311,15,0,31 33,0,60,,89312,15,0,31 33,0,20,,89393,15,0,31 33,0,20,,89394,15,,,0,54,,89396,15,,,0,10,,89392,15,,,0,9,,89345,15,,,0,6,,89390,1,,,0,3,,89346,15,,,0,11,,89347,15,,,0,11,,89348,15,,,0,50,,89349,15,,,0,11,,89350,15,,,0,10,,89351,15,,,0,10,,89352,15,,,0,9,,89395,15,,,0,9,,89313,15,0,31 33,0,49,,89314,15,,,0,10,,89315,15,0,31 33,0,10,,89316,15,,,0,11,,89317,15,0,31 33,0,10,,89353,15,,,0,11,,89318,15,0,31 33,0,51,,89319,15,,,0,10,,89320,15,0,31 33,0,11,,89321,15,,,0,11,,89322,15,0,31 33,0,10,,89323,15,,,0,11,,89325,15,0,31 33,0,50,,89324,15,,,0,11,,89355,15,0,31 33,0,12,,89354,15,,,0,11,,89356,15,0,31 33,0,11,,89357,15,,,0,50,,89358,15,0,31 33,0,10,,89359,15,,,0,10,,89360,15,0,31 33,0,11,,89361,15,,,0,11,,89362,15,0,31 33,0,10,,89363,15,,,0,50,,89364,15,0,31 33,0,10,,89365,15,,,0,9,,89366,15,0,31 33,0,10,,89367,15,,,0,10,,89326,15,0,31 33,0,11,,89327,15,,,0,50,,89368,15,0,31 33,0,10,,89328,15,,,0,9,,89329,15,0,31 33,0,11,,89330,15,,,0,10,,89369,15,0,31 33,0,11,,89331,15,,,0,50,,89332,15,0,31 33,0,10,,89333,15,,,0,10,,89334,15,0,31 33,0,11,,89370,15,,,0,11,,89371,15,,,0,10,,89372,15,,,0,50,,89373,15,,,0,10,,89374,15,,,0,10,,89375,15,,,0,10,,89376,15,,,0,11,,89377,15,,,0,9,,89378,15,,,0,50,,89379,15,,,0,10,,89380,15,,,0,10,,89381,15,,,0,9,,89382,15,,,0,9,,89383,15,,,0,9,,89384,15,,,0,50,,89385,15,,,0,10,,89386,15,0,31 33,0,9,,89387,15,,,0,8,,89391,15,0,31 33,0,10,,89335,15,0,31 33,0,10,,89388,15,,,0,50,,89336,15,0,31 33,0,10,,89389,15,,,0,9,,89337,15,0,31 33,0,19,,89338,15,0,31 33,0,19,,89339,15,0,31 33,0,58,,89340,15,0,31 33,0,20,,89341,15,0,31 33,0,21,,89342,15,0,31 33,0,60,,89343,15,0,31 33,0,20,,89344,15,0,31 33,0
1000000,'S2-0_5',548,,89397,15,0,31 33,0,60,,89398,15,0,31 33,0,20,,89479,15,0,31 33,0,20,,89480,15,,,0,54,,89482,15,,,0,10,,89478,15,,,0,9,,89431,15,,,0,6,,89476,1,,,0,3,,89432,15,,,0,11,,89433,15,,,0,11,,89434,15,,,0,50,,89435,15,,,0,11,,89436,15,,,0,10,,89437,15,,,0,10,,89438,15,,,0,9,,89481,15,,,0,9,,89399,15,0,31 33,0,49,,89400,15,,,0,10,,89401,15,0,31 33,0,10,,89402,15,,,0,11,,89403,15,0,31 33,0,10,,89439,15,,,0,11,,89404,15,0,31 33,0,51,,89405,15,,,0,10,,89406,15,0,31 33,0,11,,89407,15,,,0,11,,89408,15,0,31 33,0,10,,89409,15,,,0,11,,89411,15,0,31 33,0,50,,89410,15,,,0,11,,89441,15,0,31 33,0,12,,89440,15,,,0,11,,89442,15,0,31 33,0,11,,89443,15,,,0,50,,89444,15,0,31 33,0,10,,89445,15,,,0,10,,89446,15,0,31 33,0,11,,89447,15,,,0,11,,89448,15,0,31 33,0,10,,89449,15,,,0,50,,89450,15,0,31 33,0,10,,89451,15,,,0,9,,89452,15,0,31 33,0,10,,89453,15,,,0,10,,89412,15,0,31 33,0,11,,89413,15,,,0,50,,89454,15,0,31 33,0,10,,89414,15,,,0,9,,89415,15,0,31 33,0,11,,89416,15,,,0,10,,89455,15,0,31 33,0,11,,89417,15,,,0,50,,89418,15,0,31 33,0,10,,89419,15,,,0,10,,89420,15,0,31 33,0,11,,89456,15,,,0,11,,89457,15,,,0,10,,89458,15,,,0,50,,89459,15,,,0,10,,89460,15,,,0,10,,89461,15,,,0,10,,89462,15,,,0,11,,89463,15,,,0,9,,89464,15,,,0,50,,89465,15,,,0,10,,89466,15,,,0,10,,89467,15,,,0,9,,89468,15,,,0,9,,89469,15,,,0,9,,89470,15,,,0,50,,89471,15,,,0,10,,89472,15,0,31 33,0,9,,89473,15,,,0,8,,89477,15,0,31 33,0,10,,89421,15,0,31 33,0,10,,89474,15,,,0,50,,89422,15,0,31 33,0,10,,89475,15,,,0,9,,89423,15,0,31 33,0,19,,89424,15,0,31 33,0,19,,89425,15,0,31 33,0,58,,89426,15,0,31 33,0,20,,89427,15,0,31 33,0,21,,89428,15,0,31 33,0,60,,89429,15,0,31 33,0,20,,89430,15,0,31 33,0
1000000,'S2-1_3',548,,89483,15,0,31 33,0,60,,89484,15,0,31 33,0,20,,89565,15,0,31 33,0,20,,89566,15,,,0,54,,89568,15,,,0,10,,89564,15,,,0,9,,89517,15,,,0,6,,89562,1,,,0,3,,89518,15,,,0,11,,89519,15,,,0,11,,89520,15,,,0,50,,89521,15,,,0,11,,89522,15,,,0,10,,89523,15,,,0,10,,89524,15,,,0,9,,89567,15,,,0,9,,89485,15,0,31 33,0,49,,89486,15,,,0,10,,89487,15,0,31 33,0,10,,89488,15,,,0,11,,89489,15,0,31 33,0,10,,89525,15,,,0,11,,89490,15,0,31 33,0,51,,89491,15,,,0,10,,89492,15,0,31 33,0,11,,89493,15,,,0,11,,89494,15,0,31 33,0,10,,89495,15,,,0,11,,89497,15,0,31 33,0,50,,89496,15,,,0,11,,89527,15,0,31 33,0,12,,89526,15,,,0,11,,89528,15,0,31 33,0,11,,89529,15,,,0,50,,89530,15,0,31 33,0,10,,89531,15,,,0,10,,89532,15,0,31 33,0,11,,89533,15,,,0,11,,89534,15,0,31 33,0,10,,89535,15,,,0,50,,89536,15,0,31 33,0,10,,89537,15,,,0,9,,89538,15,0,31 33,0,10,,89539,15,,,0,10,,89498,15,0,31 33,0,11,,89499,15,,,0,50,,89540,15,0,31 33,0,10,,89500,15,,,0,9,,89501,15,0,31 33,0,11,,89502,15,,,0,10,,89541,15,0,31 33,0,11,,89503,15,,,0,50,,89504,15,0,31 33,0,10,,89505,15,,,0,10,,89506,15,0,31 33,0,11,,89542,15,,,0,11,,89543,15,,,0,10,,89544,15,,,0,50,,89545,15,,,0,10,,89546,15,,,0,10,,89547,15,,,0,10,,89548,15,,,0,11,,89549,15,,,0,9,,89550,15,,,0,50,,89551,15,,,0,10,,89552,15,,,0,10,,89553,15,,,0,9,,89554,15,,,0,9,,89555,15,,,0,9,,89556,15,,,0,50,,89557,15,,,0,10,,89558,15,0,31 33,0,9,,89559,15,,,0,8,,89563,15,0,31 33,0,10,,89507,15,0,31 33,0,10,,89560,15,,,0,50,,89508,15,0,31 33,0,10,,89561,15,,,0,9,,89509,15,0,31 33,0,19,,89510,15,0,31 33,0,19,,89511,15,0,31 33,0,58,,89512,15,0,31 33,0,20,,89513,15,0,31 33,0,21,,89514,15,0,31 33,0,60,,89515,15,0,31 33,0,20,,89516,15,0,31 33,0
1000000,'S2-2_6',543,,89569,15,0,31 33,0,80,,89570,15,0,31 33,0,82,,89571,15,,,0,42,,89572,15,,,0,70,,89573,15,0,31 33,0,15,,89574,15,,,0,16,,89575,15,0,31 33,0,55,,89576,15,0,31 33,0,14,,89577,15,,,0,15,,89578,15,0,31 33,0,16,,89636,15,0,31 33,0,55,,89579,15,,,0,16,,89580,15,0,31 33,0,16,,89581,15,0,31 33,0,14,,89582,15,,,0,56,,89583,15,0,31 33,0,16,,89584,15,0,31 33,0,16,,89585,15,,,0,15,,89586,15,0,31 33,0,55,,89587,15,0,31 33,0,16,,89588,15,,,0,14,,89589,15,0,31 33,0,14,,89590,15,0,31 33,0,55,,89591,15,,,0,14,,89592,15,0,31 33,0,10,,89593,15,0,31 33,0,11,,89594,15,,,0,12,,89595,15,0,31 33,0,50,,89596,15,0,31 33,0,9,,89597,15,0,31 33,0,9,,89598,15,,,0,10,,89599,15,0,31 33,0,11,,89600,15,0,31 33,0,11,,89601,15,0,31 33,0,50,,89602,15,,,0,12,,89603,15,0,31 33,0,9,,89604,15,0,31 33,0,9,,89605,15,0,31 33,0,10,,89606,15,,,0,11,,89607,15,0,31 33,0,50,,89608,15,0,31 33,0,10,,89609,15,0,31 33,0,11,,89610,15,,,0,11,,89611,15,0,31 33,0,10,,89612,15,0,31 33,0,10,,89613,15,0,31 33,0,51,,89614,15,,,0,13,,89615,15,0,31 33,0,9,,89616,15,0,31 33,0,9,,89617,15,0,31 33,0,10,,89618,15,,,0,8,,89619,15,0,31 33,0,49,,89620,15,0,31 33,0,9,,89621,15,0,31 33,0,8,,89623,15,0,31 33,0,10,,89622,15,,,0,9,,89624,15,0,31 33,0,9,,89625,15,0,31 33,0,9,,89627,15,0,31 33,0,50,,89626,15,0,31 33,0,11,,89628,15,0,31 33,0,21,,89629,15,0,31 33,0,17,,89630,15,0,31 33,0,60,,89631,15,0,31 33,0,20,,89632,15,0,31 33,0,19,,89633,15,0,31 33,0,59,,89634,15,0,31 33,0,19,,89635,15,0,31 33,0
1000000,'S2-3_7',817,,89637,15,0,31 33,0,40,,89638,15,0,31 33,0,80,,89639,15,0,31 33,0,80,,89640,15,0,31 33,0,40,,89641,15,0,31 33,0,80,,89642,15,0,31 33,0,80,,89643,15,0,31 33,0,40,,89644,15,0,31 33,0,80,,89645,15,0,31 33,0,80,,89646,15,0,31 33,0,40,,89647,15,0,31 33,0,80,,89648,15,0,31 33,0,80,,89649,15,0,31 33,0,40,,89650,15,0,31 33,0,80,,89651,15,0,31 33,0,80,,89652,15,0,31 33,0,40,,89653,15,0,31 33,0,80,,89654,15,0,31 33,0
1000000,'S2-4_1',548,,89655,15,0,31 33,0,60,,89656,15,0,31 33,0,20,,89737,15,0,31 33,0,20,,89738,15,,,0,54,,89740,15,,,0,10,,89736,15,,,0,9,,89689,15,,,0,6,,89734,1,,,0,3,,89690,15,,,0,11,,89691,15,,,0,11,,89692,15,,,0,50,,89693,15,,,0,11,,89694,15,,,0,10,,89695,15,,,0,10,,89696,15,,,0,9,,89739,15,,,0,9,,89657,15,0,31 33,0,49,,89658,15,,,0,10,,89659,15,0,31 33,0,10,,89660,15,,,0,11,,89661,15,0,31 33,0,10,,89697,15,,,0,11,,89662,15,0,31 33,0,51,,89663,15,,,0,10,,89664,15,0,31 33,0,11,,89665,15,,,0,11,,89666,15,0,31 33,0,10,,89667,15,,,0,11,,89669,15,0,31 33,0,50,,89668,15,,,0,11,,89699,15,0,31 33,0,12,,89698,15,,,0,11,,89700,15,0,31 33,0,11,,89701,15,,,0,50,,89702,15,0,31 33,0,10,,89703,15,,,0,10,,89704,15,0,31 33,0,11,,89705,15,,,0,11,,89706,15,0,31 33,0,10,,89707,15,,,0,50,,89708,15,0,31 33,0,10,,89709,15,,,0,9,,89710,15,0,31 33,0,10,,89711,15,,,0,10,,89670,15,0,31 33,0,11,,89671,15,,,0,50,,89712,15,0,31 33,0,10,,89672,15,,,0,9,,89673,15,0,31 33,0,11,,89674,15,,,0,10,,89713,15,0,31 33,0,11,,89675,15,,,0,50,,89676,15,0,31 33,0,10,,89677,15,,,0,10,,89678,15,0,31 33,0,11,,89714,15,,,0,11,,89715,15,,,0,10,,89716,15,,,0,50,,89717,15,,,0,10,,89718,15,,,0,10,,89719,15,,,0,10,,89720,15,,,0,11,,89721,15,,,0,9,,89722,15,,,0,50,,89723,15,,,0,10,,89724,15,,,0,10,,89725,15,,,0,9,,89726,15,,,0,9,,89727,15,,,0,9,,89728,15,,,0,50,,89729,15,,,0,10,,89730,15,0,31 33,0,9,,89731,15,,,0,8,,89735,15,0,31 33,0,10,,89679,15,0,31 33,0,10,,89732,15,,,0,50,,89680,15,0,31 33,0,10,,89733,15,,,0,9,,89681,15,0,31 33,0,19,,89682,15,0,31 33,0,19,,89683,15,0,31 33,0,58,,89684,15,0,31 33,0,20,,89685,15,0,31 33,0,21,,89686,15,0,31 33,0,60,,89687,15,0,31 33,0,20,,89688,15,0,31 33,0
1000000,'S2-4_2',548,,89741,15,0,31 33,0,60,,89742,15,0,31 33,0,20,,89823,15,0,31 33,0,20,,89824,15,,,0,54,,89826,15,,,0,10,,89822,15,,,0,9,,89775,15,,,0,6,,89820,1,,,0,3,,89776,15,,,0,11,,89777,15,,,0,11,,89778,15,,,0,50,,89779,15,,,0,11,,89780,15,,,0,10,,89781,15,,,0,10,,89782,15,,,0,9,,89825,15,,,0,9,,89743,15,0,31 33,0,49,,89744,15,,,0,10,,89745,15,0,31 33,0,10,,89746,15,,,0,11,,89747,15,0,31 33,0,10,,89783,15,,,0,11,,89748,15,0,31 33,0,51,,89749,15,,,0,10,,89750,15,0,31 33,0,11,,89751,15,,,0,11,,89752,15,0,31 33,0,10,,89753,15,,,0,11,,89755,15,0,31 33,0,50,,89754,15,,,0,11,,89785,15,0,31 33,0,12,,89784,15,,,0,11,,89786,15,0,31 33,0,11,,89787,15,,,0,50,,89788,15,0,31 33,0,10,,89789,15,,,0,10,,89790,15,0,31 33,0,11,,89791,15,,,0,11,,89792,15,0,31 33,0,10,,89793,15,,,0,50,,89794,15,0,31 33,0,10,,89795,15,,,0,9,,89796,15,0,31 33,0,10,,89797,15,,,0,10,,89756,15,0,31 33,0,11,,89757,15,,,0,50,,89798,15,0,31 33,0,10,,89758,15,,,0,9,,89759,15,0,31 33,0,11,,89760,15,,,0,10,,89799,15,0,31 33,0,11,,89761,15,,,0,50,,89762,15,0,31 33,0,10,,89763,15,,,0,10,,89764,15,0,31 33,0,11,,89800,15,,,0,11,,89801,15,,,0,10,,89802,15,,,0,50,,89803,15,,,0,10,,89804,15,,,0,10,,89805,15,,,0,10,,89806,15,,,0,11,,89807,15,,,0,9,,89808,15,,,0,50,,89809,15,,,0,10,,89810,15,,,0,10,,89811,15,,,0,9,,89812,15,,,0,9,,89813,15,,,0,9,,89814,15,,,0,50,,89815,15,,,0,10,,89816,15,0,31 33,0,9,,89817,15,,,0,8,,89821,15,0,31 33,0,10,,89765,15,0,31 33,0,10,,89818,15,,,0,50,,89766,15,0,31 33,0,10,,89819,15,,,0,9,,89767,15,0,31 33,0,19,,89768,15,0,31 33,0,19,,89769,15,0,31 33,0,58,,89770,15,0,31 33,0,20,,89771,15,0,31 33,0,21,,89772,15,0,31 33,0,60,,89773,15,0,31 33,0,20,,89774,15,0,31 33,0
1000000,'S2-4_4',548,,89827,15,0,31 33,0,60,,89828,15,0,31 33,0,20,,89909,15,0,31 33,0,20,,89910,15,,,0,54,,89912,15,,,0,10,,89908,15,,,0,9,,89861,15,,,0,6,,89906,1,,,0,3,,89862,15,,,0,11,,89863,15,,,0,11,,89864,15,,,0,50,,89865,15,,,0,11,,89866,15,,,0,10,,89867,15,,,0,10,,89868,15,,,0,9,,89911,15,,,0,9,,89829,15,0,31 33,0,49,,89830,15,,,0,10,,89831,15,0,31 33,0,10,,89832,15,,,0,11,,89833,15,0,31 33,0,10,,89869,15,,,0,11,,89834,15,0,31 33,0,51,,89835,15,,,0,10,,89836,15,0,31 33,0,11,,89837,15,,,0,11,,89838,15,0,31 33,0,10,,89839,15,,,0,11,,89841,15,0,31 33,0,50,,89840,15,,,0,11,,89871,15,0,31 33,0,12,,89870,15,,,0,11,,89872,15,0,31 33,0,11,,89873,15,,,0,50,,89874,15,0,31 33,0,10,,89875,15,,,0,10,,89876,15,0,31 33,0,11,,89877,15,,,0,11,,89878,15,0,31 33,0,10,,89879,15,,,0,50,,89880,15,0,31 33,0,10,,89881,15,,,0,9,,89882,15,0,31 33,0,10,,89883,15,,,0,10,,89842,15,0,31 33,0,11,,89843,15,,,0,50,,89884,15,0,31 33,0,10,,89844,15,,,0,9,,89845,15,0,31 33,0,11,,89846,15,,,0,10,,89885,15,0,31 33,0,11,,89847,15,,,0,50,,89848,15,0,31 33,0,10,,89849,15,,,0,10,,89850,15,0,31 33,0,11,,89886,15,,,0,11,,89887,15,,,0,10,,89888,15,,,0,50,,89889,15,,,0,10,,89890,15,,,0,10,,89891,15,,,0,10,,89892,15,,,0,11,,89893,15,,,0,9,,89894,15,,,0,50,,89895,15,,,0,10,,89896,15,,,0,10,,89897,15,,,0,9,,89898,15,,,0,9,,89899,15,,,0,9,,89900,15,,,0,50,,89901,15,,,0,10,,89902,15,0,31 33,0,9,,89903,15,,,0,8,,89907,15,0,31 33,0,10,,89851,15,0,31 33,0,10,,89904,15,,,0,50,,89852,15,0,31 33,0,10,,89905,15,,,0,9,,89853,15,0,31 33,0,19,,89854,15,0,31 33,0,19,,89855,15,0,31 33,0,58,,89856,15,0,31 33,0,20,,89857,15,0,31 33,0,21,,89858,15,0,31 33,0,60,,89859,15,0,31 33,0,20,,89860,15,0,31 33,0
