601,'S2-0_4',612,,86435,11,,,0,108,,86448,11,,,0,96,,86436,11,,,0,102,,86437,11,,,0,99,,86438,11,,,0,100,,86439,11,,,0,103,,86452,11,,,0,22,,86440,11,,,0,80,,86441,11,,,0,104,,86442,11,,,0,94,,86443,11,,,0,80,,86449,11,,,0,40,,86444,12,,,0,75,,86450,11,,,0,28,,86445,12,,,0,72,,86451,12,,,0,27,,86446,11,,,0,94,,86447,11,,,0
601,'S2-0_5',612,,86453,11,,,0,108,,86466,11,,,0,96,,86454,11,,,0,102,,86455,11,,,0,99,,86456,11,,,0,100,,86457,11,,,0,103,,86470,11,,,0,22,,86458,11,,,0,80,,86459,11,,,0,104,,86460,11,,,0,94,,86461,11,,,0,80,,86467,11,,,0,40,,86462,12,,,0,75,,86468,11,,,0,28,,86463,12,,,0,72,,86469,12,,,0,27,,86464,11,,,0,94,,86465,11,,,0
601,'S2-1_3',612,,86471,11,,,0,108,,86485,11,,,0,96,,86472,11,,,0,102,,86473,11,,,0,99,,86474,11,,,0,100,,86475,11,,,0,103,,86476,12,,,0,22,,86477,11,,,0,80,,86478,11,,,0,104,,86479,11,,,0,94,,86480,11,,,0,80,,86486,11,,,0,40,,86481,12,,,0,75,,86487,11,,,0,28,,86482,12,,,0,72,,86488,12,,,0,27,,86483,11,,,0,94,,86484,11,,,0
601,'S2-2_6',742,,86489,11,,,0,90,,86491,11,,,0,96,,86492,11,,,0,93,,86493,11,,,0,89,,86494,11,,,0,49,,86495,11,,,0,88,,86496,11,,,0,89,,86497,11,,,0,88,,86498,11,,,0,89,,86499,11,,,0,100,,86500,11,,,0,91,,86501,11,,,0,54,,86502,11,,,0,87,,86503,11,,,0,90,,86490,11,,,0
601,'S2-4_1',612,,86504,11,,,0,108,,86517,11,,,0,96,,86505,11,,,0,102,,86506,11,,,0,99,,86507,11,,,0,100,,86508,11,,,0,103,,86521,11,,,0,22,,86509,11,,,0,80,,86510,11,,,0,104,,86511,11,,,0,94,,86512,11,,,0,80,,86518,11,,,0,40,,86513,12,,,0,75,,86519,11,,,0,28,,86514,12,,,0,72,,86520,12,,,0,27,,86515,11,,,0,94,,86516,11,,,0
601,'S2-4_2',612,,86522,11,,,0,108,,86535,11,,,0,96,,86523,11,,,0,102,,86524,11,,,0,99,,86525,11,,,0,100,,86526,11,,,0,103,,86539,11,,,0,22,,86527,11,,,0,80,,86528,11,,,0,104,,86529,11,,,0,94,,86530,11,,,0,80,,86536,11,,,0,40,,86531,12,,,0,75,,86537,11,,,0,28,,86532,12,,,0,72,,86538,12,,,0,27,,86533,11,,,0,94,,86534,11,,,0
601,'S2-4_4',612,,86540,11,,,0,108,,86553,11,,,0,96,,86541,11,,,0,102,,86542,11,,,0,99,,86543,11,,,0,100,,86544,11,,,0,103,,86557,11,,,0,22,,86545,11,,,0,80,,86546,11,,,0,104,,86547,11,,,0,94,,86548,11,,,0,80,,86554,11,,,0,40,,86549,12,,,0,75,,86555,11,,,0,28,,86550,12,,,0,72,,86556,12,,,0,27,,86551,11,,,0,94,,86552,11,,,0
901,'S2-0_4',741,,86988,7,0,26,0,66,,86989,7,0,27 63,0,102,,86994,7,0,23 24,0,192,,86995,7,0,23 24,0,107,,86990,7,0,27 63,0,34,,86999,7,,,0,105,,86996,7,0,23 24,0,111,,86997,7,0,23 24,0,150,,86991,7,0,27 63,0,21,,87002,7,,,0,79,,86992,7,0,27 63,0,100,,86993,7,0,27 63,0,127,,87003,7,,,0
901,'S2-0_5',741,,87004,7,0,26,0,66,,87005,7,0,27 63,0,102,,87010,7,0,23 24,0,192,,87011,7,0,23 24,0,107,,87006,7,0,27 63,0,34,,87015,7,,,0,105,,87012,7,0,23 24,0,111,,87013,7,0,23 24,0,150,,87007,7,0,27 63,0,21,,87018,7,,,0,79,,87008,7,0,27 63,0,100,,87009,7,0,27 63,0,127,,87019,7,,,0
901,'S2-1_3',741,,87020,7,0,26,0,66,,87021,7,0,27 63,0,102,,87026,7,0,23 24,0,192,,87027,7,0,23 24,0,107,,87022,7,0,27 63,0,34,,87031,7,,,0,105,,87028,7,0,23 24,0,111,,87029,7,0,23 24,0,150,,87023,7,0,27 63,0,21,,87034,7,,,0,79,,87024,7,0,27 63,0,100,,87025,7,0,27 63,0,127,,87035,7,,,0
901,'S2-2_6',740,,87036,7,0,23 24,0,99,,87048,7,0,25,0,368,,87046,7,0,25,0,318,,87044,7,0,25,0,82,,87037,7,0,23 24,0,103,,87038,7,0,23 24,0,135,,87039,7,0,23 24,0,90,,87040,7,0,23 24,0
901,'S2-4_1',741,,87049,7,0,26,0,66,,87050,7,0,27 63,0,102,,87055,7,0,23 24,0,192,,87056,7,0,23 24,0,107,,87051,7,0,27 63,0,34,,87060,7,,,0,105,,87057,7,0,23 24,0,111,,87058,7,0,23 24,0,150,,87052,7,0,27 63,0,21,,87063,7,,,0,79,,87053,7,0,27 63,0,100,,87054,7,0,27 63,0,127,,87064,7,,,0
901,'S2-4_2',741,,87065,7,0,26,0,66,,87066,7,0,27 63,0,102,,87071,7,0,23 24,0,192,,87072,7,0,23 24,0,107,,87067,7,0,27 63,0,34,,87076,7,,,0,105,,87073,7,0,23 24,0,111,,87074,7,0,23 24,0,150,,87068,7,0,27 63,0,21,,87079,7,,,0,79,,87069,7,0,27 63,0,100,,87070,7,0,27 63,0,127,,87080,7,,,0
901,'S2-4_4',741,,87081,7,0,26,0,66,,87082,7,0,27 63,0,102,,87087,7,0,23 24,0,192,,87088,7,0,23 24,0,107,,87083,7,0,27 63,0,34,,87092,7,,,0,105,,87089,7,0,23 24,0,111,,87090,7,0,23 24,0,150,,87084,7,0,27 63,0,21,,87095,7,,,0,79,,87085,7,0,27 63,0,100,,87086,7,0,27 63,0,127,,87096,7,,,0
1901,'S2-0_4',1608,,87878,7,,,0,100,,87879,7,,,0,100,,87880,7,,,0
1901,'S2-0_5',1608,,87887,7,,,0,100,,87888,7,,,0,100,,87889,7,,,0
1901,'S2-1_3',1208,,87899,7,,,0,34,,87900,7,,,0
1901,'S2-4_1',1608,,87902,7,,,0,100,,87903,7,,,0,100,,87904,7,,,0
1901,'S2-4_2',1608,,87911,7,,,0,100,,87912,7,,,0,100,,87913,7,,,0
1901,'S2-4_4',1608,,87920,7,,,0,100,,87921,7,,,0,100,,87922,7,,,0
2601,'S2-0_4',738,,88503,10,,,0,2,,88516,10,,,0,1,,88501,10,,,0,2,,88494,23,,,0,72,,88504,23,,,0,24,,88506,23,,,0,9,,88502,11,,,0,55,,88505,23,,,0,39,,88495,23,,,0,100,,88496,23,,,0,100,,88513,23,,,0,100,,88497,23,,,0,67,,88514,23,,,0,22,,88515,23,,,0,5,,88517,10,,,0,87,,88498,23,,,0,95,,88499,23,,,0,114,,88508,23,,,0,89,,88509,23,,,0,27,,88510,23,,,0,89,,88511,23,,,0,22,,88512,23,,,0,92,,88507,23,,,0
2601,'S2-0_5',738,,88527,10,,,0,2,,88540,10,,,0,1,,88525,10,,,0,2,,88518,23,,,0,72,,88528,23,,,0,24,,88530,23,,,0,9,,88526,11,,,0,55,,88529,23,,,0,39,,88519,23,,,0,100,,88520,23,,,0,100,,88537,23,,,0,100,,88521,23,,,0,67,,88538,23,,,0,22,,88539,23,,,0,5,,88541,10,,,0,87,,88522,23,,,0,95,,88523,23,,,0,114,,88532,23,,,0,89,,88533,23,,,0,27,,88534,23,,,0,89,,88535,23,,,0,22,,88536,23,,,0,92,,88531,23,,,0
2601,'S2-1_3',738,,88550,10,,,0,2,,88563,10,,,0,1,,88548,10,,,0,2,,88542,23,,,0,72,,88551,23,,,0,24,,88553,23,,,0,9,,88549,11,,,0,55,,88552,23,,,0,39,,88543,23,,,0,100,,88544,23,,,0,100,,88560,23,,,0,100,,88545,23,,,0,67,,88561,23,,,0,22,,88562,23,,,0,92,,88546,23,,,0,95,,88547,23,,,0,114,,88555,23,,,0,89,,88556,23,,,0,27,,88557,23,,,0,89,,88558,23,,,0,22,,88559,23,,,0,92,,88554,23,,,0
2601,'S2-2_6',741,,88564,23,,,0,86,,88567,23,,,0,85,,88568,23,,,0,47,,88569,23,,,0,90,,88570,23,,,0,84,,88571,23,,,0,83,,88572,23,,,0,85,,88573,23,,,0,42,,88574,23,,,0,85,,88575,23,,,0,86,,88576,23,,,0,91,,88577,23,,,0,46,,88578,23,,,0,81,,88579,23,,,0,86,,88580,23,,,0,82,,88566,23,,,0,41,,88565,23,,,0
2601,'S2-4_1',738,,88590,10,,,0,2,,88603,10,,,0,1,,88588,10,,,0,2,,88581,23,,,0,72,,88591,23,,,0,24,,88593,23,,,0,9,,88589,11,,,0,55,,88592,23,,,0,39,,88582,23,,,0,100,,88583,23,,,0,100,,88600,23,,,0,100,,88584,23,,,0,67,,88601,23,,,0,22,,88602,23,,,0,5,,88604,10,,,0,87,,88585,23,,,0,95,,88586,23,,,0,114,,88595,23,,,0,89,,88596,23,,,0,27,,88597,23,,,0,89,,88598,23,,,0,22,,88599,23,,,0,92,,88594,23,,,0
2601,'S2-4_2',738,,88614,10,,,0,2,,88627,10,,,0,1,,88612,10,,,0,2,,88605,23,,,0,72,,88615,23,,,0,24,,88617,23,,,0,9,,88613,11,,,0,55,,88616,23,,,0,39,,88606,23,,,0,100,,88607,23,,,0,100,,88624,23,,,0,100,,88608,23,,,0,67,,88625,23,,,0,22,,88626,23,,,0,5,,88628,10,,,0,87,,88609,23,,,0,95,,88610,23,,,0,114,,88619,23,,,0,89,,88620,23,,,0,27,,88621,23,,,0,89,,88622,23,,,0,22,,88623,23,,,0,92,,88618,23,,,0
2601,'S2-4_4',738,,88638,10,,,0,2,,88651,10,,,0,1,,88636,10,,,0,2,,88629,23,,,0,72,,88639,23,,,0,24,,88641,23,,,0,9,,88637,11,,,0,55,,88640,23,,,0,39,,88630,23,,,0,100,,88631,23,,,0,100,,88648,23,,,0,100,,88632,23,,,0,67,,88649,23,,,0,22,,88650,23,,,0,5,,88652,10,,,0,87,,88633,23,,,0,95,,88634,23,,,0,114,,88643,23,,,0,89,,88644,23,,,0,27,,88645,23,,,0,89,,88646,23,,,0,22,,88647,23,,,0,92,,88642,23,,,0
