400,'S2-0_4',759,,85694,50,0,40,0,61,,85701,53,0,40,0,6,,85670,49,0,40,0,16,,85671,50,0,40,0,10,,85695,49,0,40,0,54,,85672,49,0,40,0,13,,85673,49,0,40,0,30,,85674,49,0,40,0,79,,85675,61,0,40,0,31,,85676,49,0,40,0,72,,85677,49,0,40,0,76,,85678,49,0,40,0,37,,85679,49,0,40,0,65,,85699,52,,,0,26,,85696,62,0,40,0,65,,85680,49,0,40,0,26,,85681,49,0,40,0,30,,85684,61,0,40,0,76,,85682,49,0,40,0,70,,85685,61,0,40,0,40,,85683,49,0,40,0,80,,85702,53,0,40,0,22,,85686,61,0,40,0,7,,85697,34,0,40,0,8,,85687,49,0,40,0,61,,85703,53,,,0,5,,85689,49,0,40,0,23,,85692,33,0,40,0,61,,85700,52,,,0,30,,85690,49,0,40,0,63,,85691,61,0,40,0
400,'S2-0_5',759,,85728,50,0,40,0,61,,85735,53,0,40,0,6,,85704,49,0,40,0,16,,85705,50,0,40,0,10,,85729,49,0,40,0,54,,85706,49,0,40,0,13,,85707,49,0,40,0,30,,85708,49,0,40,0,79,,85709,61,0,40,0,31,,85710,49,0,40,0,72,,85711,49,0,40,0,76,,85712,49,0,40,0,37,,85713,49,0,40,0,65,,85733,52,,,0,26,,85730,62,0,40,0,65,,85714,49,0,40,0,26,,85715,49,0,40,0,30,,85718,61,0,40,0,76,,85716,49,0,40,0,70,,85719,61,0,40,0,40,,85717,49,0,40,0,80,,85736,53,0,40,0,22,,85720,61,0,40,0,7,,85731,34,0,40,0,8,,85721,49,0,40,0,61,,85737,53,,,0,5,,85723,49,0,40,0,23,,85726,33,0,40,0,61,,85734,52,,,0,30,,85724,49,0,40,0,63,,85725,61,0,40,0
400,'S2-1_3',759,,85761,50,0,40,0,61,,85768,53,0,40,0,6,,85738,49,0,40,0,16,,85739,50,0,40,0,10,,85762,49,0,40,0,54,,85740,49,0,40,0,13,,85741,49,0,40,0,30,,85742,49,0,40,0,79,,85743,61,0,40,0,31,,85744,49,0,40,0,72,,85745,49,0,40,0,76,,85746,49,0,40,0,37,,85747,49,0,40,0,65,,85766,52,,,0,26,,85763,62,0,40,0,65,,85748,49,0,40,0,26,,85749,49,0,40,0,30,,85752,61,0,40,0,76,,85750,49,0,40,0,70,,85753,61,0,40,0,40,,85751,49,0,40,0,80,,85769,53,0,40,0,22,,85754,61,0,40,0,7,,85764,34,0,40,0,8,,85755,49,0,40,0,61,,85770,53,,,0,5,,85757,49,0,40,0,23,,85756,61,0,40,0,61,,85767,52,,,0,30,,85758,49,0,40,0,63,,85759,61,0,40,0
400,'S2-2_6',750,,85777,49,0,40,0,104,,85778,49,0,40,0,72,,85771,61,0,40,0,27,,85779,49,0,40,0,72,,85780,49,0,40,0,30,,85781,49,0,40,0,71,,85772,61,0,40,0,31,,85782,49,0,40,0,70,,85784,49,0,40,0,29,,85783,49,0,40,0,69,,85773,61,0,40,0,30,,85785,49,0,40,0,71,,85786,49,0,40,0,29,,85787,49,0,40,0,72,,85774,61,0,40,0,73,,85788,49,0,40,0,31,,85789,49,0,40,0,71,,85790,49,0,40,0,33,,85775,61,0,40,0,72,,85791,49,0,40,0,30,,85792,49,0,40,0,71,,85793,49,0,40,0,29,,85776,61,0,40,0,70,,85794,49,0,40,0
400,'S2-3_7',902,,85795,61,0,40,0,125,,85796,61,0,40,0,125,,85797,61,0,40,0,200,,85798,61,0,40,0,166,,85799,61,0,40,0,125,,85800,61,0,40,0,166,,85801,61,0,40,0,124,,85802,61,0,40,0
400,'S2-4_1',759,,85827,50,0,40,0,61,,85834,53,0,40,0,6,,85803,49,0,40,0,16,,85804,50,0,40,0,10,,85828,49,0,40,0,54,,85805,49,0,40,0,13,,85806,49,0,40,0,30,,85807,49,0,40,0,79,,85808,61,0,40,0,31,,85809,49,0,40,0,72,,85810,49,0,40,0,76,,85811,49,0,40,0,37,,85812,49,0,40,0,65,,85832,52,,,0,26,,85829,62,0,40,0,65,,85813,49,0,40,0,26,,85814,49,0,40,0,30,,85817,61,0,40,0,76,,85815,49,0,40,0,70,,85818,61,0,40,0,40,,85816,49,0,40,0,80,,85835,53,0,40,0,22,,85819,61,0,40,0,7,,85830,34,0,40,0,8,,85820,49,0,40,0,61,,85836,53,,,0,5,,85822,49,0,40,0,23,,85825,33,0,40,0,61,,85833,52,,,0,30,,85823,49,0,40,0,63,,85824,61,0,40,0
400,'S2-4_2',759,,85861,50,0,40,0,61,,85868,53,0,40,0,6,,85837,49,0,40,0,16,,85838,50,0,40,0,10,,85862,49,0,40,0,54,,85839,49,0,40,0,13,,85840,49,0,40,0,30,,85841,49,0,40,0,79,,85842,61,0,40,0,31,,85843,49,0,40,0,72,,85844,49,0,40,0,76,,85845,49,0,40,0,37,,85846,49,0,40,0,65,,85866,52,,,0,26,,85863,62,0,40,0,65,,85847,49,0,40,0,26,,85848,49,0,40,0,30,,85851,61,0,40,0,76,,85849,49,0,40,0,70,,85852,61,0,40,0,40,,85850,49,0,40,0,80,,85869,53,0,40,0,22,,85853,61,0,40,0,7,,85864,34,0,40,0,8,,85854,49,0,40,0,61,,85870,53,,,0,5,,85856,49,0,40,0,23,,85859,33,0,40,0,61,,85867,52,,,0,30,,85857,49,0,40,0,63,,85858,61,0,40,0
400,'S2-4_4',759,,85895,50,0,40,0,61,,85902,53,0,40,0,6,,85871,49,0,40,0,16,,85872,50,0,40,0,10,,85896,49,0,40,0,54,,85873,49,0,40,0,13,,85874,49,0,40,0,30,,85875,49,0,40,0,79,,85876,61,0,40,0,31,,85877,49,0,40,0,72,,85878,49,0,40,0,76,,85879,49,0,40,0,37,,85880,49,0,40,0,65,,85900,52,,,0,26,,85897,62,0,40,0,65,,85881,49,0,40,0,26,,85882,49,0,40,0,30,,85885,61,0,40,0,76,,85883,49,0,40,0,70,,85886,61,0,40,0,40,,85884,49,0,40,0,80,,85903,53,0,40,0,22,,85887,61,0,40,0,7,,85898,34,0,40,0,8,,85888,49,0,40,0,61,,85904,53,,,0,5,,85890,49,0,40,0,23,,85893,33,0,40,0,61,,85901,52,,,0,30,,85891,49,0,40,0,63,,85892,61,0,40,0
2300,'S2-0_4',1633,,88084,30,,,0,105,,88085,30,,,0,95,,88086,30,,,0
2300,'S2-0_5',1633,,88087,30,,,0,105,,88088,30,,,0,95,,88089,30,,,0
2300,'S2-1_3',1236,,88091,30,,,0,3,,88090,30,,,0
2300,'S2-4_1',1633,,88092,30,,,0,105,,88093,30,,,0,95,,88094,30,,,0
2300,'S2-4_2',1633,,88095,30,,,0,105,,88096,30,,,0,95,,88097,30,,,0
2300,'S2-4_4',1633,,88098,30,,,0,105,,88099,30,,,0,95,,88100,30,,,0
2900400,'S2-0_4',1706,,91394,9,,,0,100,,91395,9,,,0
2900400,'S2-0_5',1706,,91396,9,,,0,100,,91397,9,,,0
2900400,'S2-1_3',1706,,91398,9,,,0,100,,91399,9,,,0
2900400,'S2-4_1',1706,,91400,9,,,0,100,,91401,9,,,0
2900400,'S2-4_2',1706,,91402,9,,,0,100,,91403,9,,,0
2900400,'S2-4_4',1706,,91404,9,,,0,100,,91405,9,,,0
