1500,'S2-0_4',742,,87345,16,,,0,61,,87346,16,,,0,114,,87347,16,,,0,117,,87348,16,,,0,118,,87349,16,,,0,80,,87350,16,,,0,75,,87351,16,,,0,97,,87352,16,,,0,222,,87353,16,,,0,109,,87354,16,,,0,98,,87355,16,,,0,110,,87356,16,,,0
1500,'S2-0_5',742,,87358,16,,,0,61,,87359,16,,,0,114,,87360,16,,,0,117,,87361,16,,,0,118,,87362,16,,,0,80,,87363,16,,,0,75,,87364,16,,,0,97,,87365,16,,,0,222,,87366,16,,,0,109,,87367,16,,,0,98,,87368,16,,,0,110,,87369,16,,,0
1500,'S2-1_3',742,,87371,16,,,0,61,,87372,16,,,0,114,,87373,16,,,0,117,,87374,16,,,0,118,,87375,16,,,0,80,,87376,16,,,0,75,,87377,16,,,0,97,,87378,16,,,0,222,,87379,16,,,0,109,,87380,16,,,0,98,,87381,16,,,0,110,,87382,16,,,0
1500,'S2-2_6',742,,87384,16,,,0,61,,87385,16,,,0,114,,87386,16,,,0,117,,87387,16,,,0,118,,87388,16,,,0,80,,87389,16,,,0,75,,87390,16,,,0,97,,87391,16,,,0,222,,87392,16,,,0,109,,87393,16,,,0,98,,87394,16,,,0,110,,87395,16,,,0
1500,'S2-4_1',742,,87397,16,,,0,61,,87398,16,,,0,114,,87399,16,,,0,117,,87400,16,,,0,118,,87401,16,,,0,80,,87402,16,,,0,75,,87403,16,,,0,97,,87404,16,,,0,222,,87405,16,,,0,109,,87406,16,,,0,98,,87407,16,,,0,110,,87408,16,,,0
1500,'S2-4_2',742,,87410,16,,,0,61,,87411,16,,,0,114,,87412,16,,,0,117,,87413,16,,,0,118,,87414,16,,,0,80,,87415,16,,,0,75,,87416,16,,,0,97,,87417,16,,,0,222,,87418,16,,,0,109,,87419,16,,,0,98,,87420,16,,,0,110,,87421,16,,,0
1500,'S2-4_4',742,,87423,16,,,0,61,,87424,16,,,0,114,,87425,16,,,0,117,,87426,16,,,0,118,,87427,16,,,0,80,,87428,16,,,0,75,,87429,16,,,0,97,,87430,16,,,0,222,,87431,16,,,0,109,,87432,16,,,0,98,,87433,16,,,0,110,,87434,16,,,0
1501,'S2-0_4',652,,87436,6,,,0,58,,87437,6,,,0,95,,87438,6,,,0,21,,87439,6,,,0,117,,87440,6,,,0,116,,87441,6,,,0,158,,87442,6,,,0,94,,87443,6,,,0,119,,87444,6,,,0,222,,87445,6,,,0,150,,87446,6,,,0,55,,87447,6,,,0
1501,'S2-0_5',652,,87449,6,,,0,58,,87450,6,,,0,95,,87451,6,,,0,21,,87452,6,,,0,117,,87453,6,,,0,116,,87454,6,,,0,158,,87455,6,,,0,94,,87456,6,,,0,119,,87457,6,,,0,222,,87458,6,,,0,150,,87459,6,,,0,55,,87460,6,,,0
1501,'S2-1_3',652,,87462,6,,,0,58,,87463,6,,,0,95,,87464,6,,,0,21,,87465,6,,,0,117,,87466,6,,,0,116,,87467,6,,,0,158,,87468,6,,,0,94,,87469,6,,,0,119,,87470,6,,,0,222,,87471,6,,,0,150,,87472,6,,,0,55,,87473,6,,,0
1501,'S2-2_6',652,,87475,6,,,0,58,,87476,6,,,0,95,,87477,6,,,0,21,,87478,6,,,0,117,,87479,6,,,0,116,,87480,6,,,0,158,,87481,6,,,0,94,,87482,6,,,0,119,,87483,6,,,0,222,,87484,6,,,0,150,,87485,6,,,0,55,,87486,6,,,0
1501,'S2-4_1',652,,87488,6,,,0,58,,87489,6,,,0,95,,87490,6,,,0,21,,87491,6,,,0,117,,87492,6,,,0,116,,87493,6,,,0,158,,87494,6,,,0,94,,87495,6,,,0,119,,87496,6,,,0,222,,87497,6,,,0,150,,87498,6,,,0,55,,87499,6,,,0
1501,'S2-4_2',652,,87501,6,,,0,58,,87502,6,,,0,95,,87503,6,,,0,21,,87504,6,,,0,117,,87505,6,,,0,116,,87506,6,,,0,158,,87507,6,,,0,94,,87508,6,,,0,119,,87509,6,,,0,222,,87510,6,,,0,150,,87511,6,,,0,55,,87512,6,,,0
1501,'S2-4_4',652,,87514,6,,,0,58,,87515,6,,,0,95,,87516,6,,,0,21,,87517,6,,,0,117,,87518,6,,,0,116,,87519,6,,,0,158,,87520,6,,,0,94,,87521,6,,,0,119,,87522,6,,,0,222,,87523,6,,,0,150,,87524,6,,,0,55,,87525,6,,,0
