401,'S2-0_4',643,,85922,7,0,41,0,59,,85906,7,0,41,0,8,,85923,7,0,41,0,21,,85907,7,0,41,0,12,,85930,7,,,0,68,,85908,7,0,41,0,11,,85909,7,0,41,0,81,,85910,7,0,41,0,35,,85911,7,0,41,0,74,,85912,7,0,41,0,35,,85932,7,,,0,70,,85913,7,0,41,0,28,,85914,7,0,41,0,56,,85931,7,,,0,31,,85927,7,0,41,0,75,,85933,7,,,0,33,,85905,10,0,41,0,77,,85915,7,0,41,0,28,,85934,7,,,0,72,,85916,7,0,41,0,24,,85917,7,0,41,0,13,,85918,7,0,41,0,53,,85928,7,0,41,0,20,,85924,7,0,41,0,16,,85919,7,0,41,0,11,,85925,7,0,41,0,53,,85929,7,,,0,38,,85920,7,0,41,0,61,,85926,7,0,41,0,43,,85921,7,0,41,0,61,,85935,7,,,0
401,'S2-0_5',643,,85954,7,0,41,0,59,,85938,7,0,41,0,8,,85955,7,0,41,0,21,,85939,7,0,41,0,12,,85962,7,,,0,68,,85940,7,0,41,0,11,,85941,7,0,41,0,81,,85942,7,0,41,0,35,,85943,7,0,41,0,74,,85944,7,0,41,0,35,,85964,7,,,0,70,,85945,7,0,41,0,28,,85946,7,0,41,0,56,,85963,7,,,0,31,,85959,7,0,41,0,75,,85965,7,,,0,33,,85937,10,0,41,0,77,,85947,7,0,41,0,28,,85966,7,,,0,72,,85948,7,0,41,0,24,,85949,7,0,41,0,13,,85950,7,0,41,0,53,,85960,7,0,41,0,20,,85956,7,0,41,0,16,,85951,7,0,41,0,11,,85957,7,0,41,0,53,,85961,7,,,0,38,,85952,7,0,41,0,61,,85958,7,0,41,0,43,,85953,7,0,41,0,61,,85967,7,,,0
401,'S2-1_3',643,,85986,7,0,41,0,59,,85970,7,0,41,0,8,,85987,7,0,41,0,21,,85971,7,0,41,0,12,,85994,7,,,0,68,,85972,7,0,41,0,11,,85973,7,0,41,0,81,,85974,7,0,41,0,35,,85975,7,0,41,0,74,,85976,7,0,41,0,35,,85996,7,,,0,70,,85977,7,0,41,0,28,,85978,7,0,41,0,56,,85995,7,,,0,31,,85991,7,0,41,0,75,,85997,7,,,0,33,,85969,10,0,41,0,77,,85979,7,0,41,0,28,,85998,7,,,0,72,,85980,7,0,41,0,24,,85981,7,0,41,0,13,,85982,7,0,41,0,53,,85992,7,0,41,0,20,,85988,7,0,41,0,16,,85983,7,0,41,0,11,,85989,7,0,41,0,53,,85993,7,,,0,38,,85984,7,0,41,0,61,,85990,7,0,41,0,43,,85985,7,0,41,0,61,,85999,7,,,0
401,'S2-2_6',652,,86001,7,,,0,155,,86008,7,0,41,0,35,,86002,7,,,0,69,,86009,7,0,41,0,32,,86010,7,0,41,0,67,,86011,7,0,41,0,32,,86003,7,,,0,69,,86012,7,0,41,0,31,,86013,7,0,41,0,71,,86014,7,0,41,0,30,,86004,7,,,0,69,,86015,7,0,41,0,29,,86016,7,0,41,0,71,,86017,7,0,41,0,31,,86005,7,,,0,68,,86018,7,0,41,0,32,,86019,7,0,41,0,73,,86020,7,0,41,0,31,,86006,7,,,0,71,,86021,7,0,41,0,33,,86022,7,0,41,0,72,,86023,7,0,41,0,31,,86024,7,0,41,0,70,,86007,7,,,0
401,'S2-3_7',930,,86025,7,,,0,125,,86026,7,,,0,165,,86027,7,,,0,201,,86028,7,,,0,125,,86029,7,,,0,165,,86030,7,,,0,125,,86031,7,,,0
401,'S2-4_1',643,,86049,7,0,41,0,59,,86033,7,0,41,0,8,,86050,7,0,41,0,21,,86034,7,0,41,0,12,,86057,7,,,0,68,,86035,7,0,41,0,11,,86036,7,0,41,0,81,,86037,7,0,41,0,35,,86038,7,0,41,0,74,,86039,7,0,41,0,35,,86059,7,,,0,70,,86040,7,0,41,0,28,,86041,7,0,41,0,56,,86058,7,,,0,31,,86054,7,0,41,0,75,,86060,7,,,0,33,,86032,10,0,41,0,77,,86042,7,0,41,0,28,,86061,7,,,0,72,,86043,7,0,41,0,24,,86044,7,0,41,0,13,,86045,7,0,41,0,53,,86055,7,0,41,0,20,,86051,7,0,41,0,16,,86046,7,0,41,0,11,,86052,7,0,41,0,53,,86056,7,,,0,38,,86047,7,0,41,0,61,,86053,7,0,41,0,43,,86048,7,0,41,0,61,,86062,7,,,0
401,'S2-4_2',643,,86081,7,0,41,0,59,,86065,7,0,41,0,8,,86082,7,0,41,0,21,,86066,7,0,41,0,12,,86089,7,,,0,68,,86067,7,0,41,0,11,,86068,7,0,41,0,81,,86069,7,0,41,0,35,,86070,7,0,41,0,74,,86071,7,0,41,0,35,,86091,7,,,0,70,,86072,7,0,41,0,28,,86073,7,0,41,0,56,,86090,7,,,0,31,,86086,7,0,41,0,75,,86092,7,,,0,33,,86064,10,0,41,0,77,,86074,7,0,41,0,28,,86093,7,,,0,72,,86075,7,0,41,0,24,,86076,7,0,41,0,13,,86077,7,0,41,0,53,,86087,7,0,41,0,20,,86083,7,0,41,0,16,,86078,7,0,41,0,11,,86084,7,0,41,0,53,,86088,7,,,0,38,,86079,7,0,41,0,61,,86085,7,0,41,0,43,,86080,7,0,41,0,61,,86094,7,,,0
401,'S2-4_4',643,,86113,7,0,41,0,59,,86097,7,0,41,0,8,,86114,7,0,41,0,21,,86098,7,0,41,0,12,,86121,7,,,0,68,,86099,7,0,41,0,11,,86100,7,0,41,0,81,,86101,7,0,41,0,35,,86102,7,0,41,0,74,,86103,7,0,41,0,35,,86123,7,,,0,70,,86104,7,0,41,0,28,,86105,7,0,41,0,56,,86122,7,,,0,31,,86118,7,0,41,0,75,,86124,7,,,0,33,,86096,10,0,41,0,77,,86106,7,0,41,0,28,,86125,7,,,0,72,,86107,7,0,41,0,24,,86108,7,0,41,0,13,,86109,7,0,41,0,53,,86119,7,0,41,0,20,,86115,7,0,41,0,16,,86110,7,0,41,0,11,,86116,7,0,41,0,53,,86120,7,,,0,38,,86111,7,0,41,0,61,,86117,7,0,41,0,43,,86112,7,0,41,0,61,,86126,7,,,0
2301,'S2-0_4',714,,88101,10,,,0
2301,'S2-0_5',714,,88104,10,,,0
2301,'S2-1_3',714,,88107,10,,,0
2301,'S2-4_1',714,,88110,10,,,0
2301,'S2-4_2',714,,88113,10,,,0
2301,'S2-4_4',714,,88116,10,,,0
