1001,'S2-0_4',810,,87200,12,,,0,106,,87202,15,,,0,86,,87203,15,,,0,39,,87207,13,,,0,86,,87204,15,,,0,90,,87208,13,,,0,42,,87209,13,,,0,71,,87210,13,,,0,95,,87201,12,,,0,584,,87206,15,,,0
1001,'S2-0_5',810,,87214,12,,,0,106,,87216,15,,,0,86,,87217,15,,,0,39,,87221,13,,,0,86,,87218,15,,,0,90,,87222,13,,,0,42,,87223,13,,,0,71,,87224,13,,,0,95,,87215,12,,,0,584,,87220,15,,,0
1001,'S2-1_3',810,,87228,12,,,0,106,,87230,15,,,0,86,,87231,15,,,0,39,,87235,13,,,0,86,,87232,15,,,0,90,,87236,13,,,0,42,,87237,13,,,0,71,,87238,13,,,0,95,,87229,12,,,0,584,,87234,15,,,0
1001,'S2-2_6',807,,87242,12,,,0,108,,87243,15,,,0,101,,87250,13,,,0,102,,87244,15,,,0,100,,87251,13,,,0,85,,87252,13,,,0,202,,87253,13,,,0,395,,87245,15,,,0,107,,87246,15,,,0
1001,'S2-4_1',810,,87254,12,,,0,106,,87256,15,,,0,86,,87257,15,,,0,39,,87261,13,,,0,86,,87258,15,,,0,90,,87262,13,,,0,42,,87263,13,,,0,71,,87264,13,,,0,95,,87255,12,,,0,584,,87260,15,,,0
1001,'S2-4_2',810,,87268,12,,,0,106,,87270,15,,,0,86,,87271,15,,,0,39,,87275,13,,,0,86,,87272,15,,,0,90,,87276,13,,,0,42,,87277,13,,,0,71,,87278,13,,,0,95,,87269,12,,,0,584,,87274,15,,,0
1001,'S2-4_4',810,,87282,12,,,0,106,,87284,15,,,0,86,,87285,15,,,0,39,,87289,13,,,0,86,,87286,15,,,0,90,,87290,13,,,0,42,,87291,13,,,0,71,,87292,13,,,0,95,,87283,12,,,0,584,,87288,15,,,0
1101,'S2-0_4',1653,,87324,10,,,0,152,,87325,10,,,0,103,,87326,10,,,0
1101,'S2-0_5',1653,,87327,10,,,0,152,,87328,10,,,0,103,,87329,10,,,0
1101,'S2-1_3',1653,,87330,10,,,0,152,,87331,10,,,0,103,,87332,10,,,0
1101,'S2-2_6',1636,,87333,9,,,0,119,,87334,9,,,0
1101,'S2-4_1',1653,,87335,10,,,0,152,,87336,10,,,0,103,,87337,10,,,0
1101,'S2-4_2',1653,,87338,10,,,0,152,,87339,10,,,0,103,,87340,10,,,0
1101,'S2-4_4',1653,,87341,10,,,0,152,,87342,10,,,0,103,,87343,10,,,0
