300,'S2-0_4',716,,85225,31,,,0,25,,85226,31,,,0,70,,85227,31,,,0,23,,85228,31,,,0,25,,85229,31,,,0,70,,85230,31,,,0,72,,85231,31,,,0,32,,85232,31,,,0,71,,85233,31,,,0,32,,85234,31,,,0,72,,85235,31,,,0,32,,85236,31,,,0,73,,85237,31,,,0,33,,85238,31,,,0,72,,85239,31,,,0,33,,85240,31,,,0,72,,85241,31,,,0,34,,85242,31,,,0,69,,85244,31,,,0,27,,85245,31,,,0,68,,85246,31,,,0,28,,85247,31,,,0,68,,85248,31,,,0,30,,85252,31,,,0,71,,85249,31,,,0,31,,85250,31,,,0,73,,85251,31,,,0,30,,85243,31,,,0
300,'S2-0_5',716,,85253,31,,,0,25,,85254,31,,,0,70,,85255,31,,,0,23,,85256,31,,,0,25,,85257,31,,,0,70,,85258,31,,,0,72,,85259,31,,,0,32,,85260,31,,,0,71,,85261,31,,,0,32,,85262,31,,,0,72,,85263,31,,,0,32,,85264,31,,,0,73,,85265,31,,,0,33,,85266,31,,,0,72,,85267,31,,,0,33,,85268,31,,,0,72,,85269,31,,,0,34,,85270,31,,,0,69,,85272,31,,,0,27,,85273,31,,,0,68,,85274,31,,,0,28,,85275,31,,,0,68,,85276,31,,,0,30,,85280,31,,,0,71,,85277,31,,,0,31,,85278,31,,,0,73,,85279,31,,,0,30,,85271,31,,,0
300,'S2-1_3',716,,85281,31,,,0,25,,85282,31,,,0,70,,85283,31,,,0,23,,85284,31,,,0,25,,85285,31,,,0,70,,85286,31,,,0,72,,85287,31,,,0,32,,85288,31,,,0,71,,85289,31,,,0,32,,85290,31,,,0,72,,85291,31,,,0,32,,85292,31,,,0,73,,85293,31,,,0,33,,85294,31,,,0,72,,85295,31,,,0,33,,85296,31,,,0,72,,85297,31,,,0,34,,85298,31,,,0,69,,85300,31,,,0,27,,85301,31,,,0,68,,85302,31,,,0,28,,85303,31,,,0,68,,85304,31,,,0,30,,85308,31,,,0,71,,85305,31,,,0,31,,85306,31,,,0,73,,85307,31,,,0,30,,85299,31,,,0
300,'S2-2_6',713,,85309,31,,,0,30,,85311,31,,,0,70,,85312,31,,,0,30,,85310,31,,,0,70,,85314,31,,,0,29,,85315,31,,,0,69,,85313,31,,,0,31,,85316,31,,,0,70,,85317,31,,,0,30,,85320,31,,,0,69,,85319,31,,,0,29,,85318,31,,,0,68,,85322,31,,,0,30,,85321,31,,,0,70,,85323,31,,,0,30,,85324,31,,,0,72,,85325,31,,,0,32,,85326,31,,,0,71,,85327,31,,,0,31,,85328,31,,,0,72,,85329,31,,,0,32,,85330,31,,,0,70,,85331,31,,,0,31,,85336,31,,,0,71,,85332,31,,,0,30,,85333,31,,,0,64,,85334,31,,,0,30,,85335,31,,,0
300,'S2-3_7',919,,85359,31,,,0,33,,85360,31,,,0,75,,85361,31,,,0,74,,85362,31,,,0,32,,85353,31,,,0,72,,85358,31,,,0,33,,85357,31,,,0,72,,85356,31,,,0,33,,85355,31,,,0,72,,85337,31,,,0,28,,85338,31,,,0,69,,85339,31,,,0,28,,85340,31,,,0,68,,85341,31,,,0,30,,85342,31,,,0,72,,85343,31,,,0,28,,85344,31,,,0,67,,85345,31,,,0,28,,85346,31,,,0,69,,85347,31,,,0,27,,85348,31,,,0,26,,85349,31,,,0,65,,85350,31,,,0,23,,85351,31,,,0,64,,85354,31,,,0,24,,85352,31,,,0
300,'S2-4_1',716,,85363,31,,,0,25,,85364,31,,,0,70,,85365,31,,,0,23,,85366,31,,,0,25,,85367,31,,,0,70,,85368,31,,,0,72,,85369,31,,,0,32,,85370,31,,,0,71,,85371,31,,,0,32,,85372,31,,,0,72,,85373,31,,,0,32,,85374,31,,,0,73,,85375,31,,,0,33,,85376,31,,,0,72,,85377,31,,,0,33,,85378,31,,,0,72,,85379,31,,,0,34,,85380,31,,,0,69,,85382,31,,,0,27,,85383,31,,,0,68,,85384,31,,,0,28,,85385,31,,,0,68,,85386,31,,,0,30,,85390,31,,,0,71,,85387,31,,,0,31,,85388,31,,,0,73,,85389,31,,,0,30,,85381,31,,,0
300,'S2-4_2',716,,85391,31,,,0,25,,85392,31,,,0,70,,85393,31,,,0,23,,85394,31,,,0,25,,85395,31,,,0,70,,85396,31,,,0,72,,85397,31,,,0,32,,85398,31,,,0,71,,85399,31,,,0,32,,85400,31,,,0,72,,85401,31,,,0,32,,85402,31,,,0,73,,85403,31,,,0,33,,85404,31,,,0,72,,85405,31,,,0,33,,85406,31,,,0,72,,85407,31,,,0,34,,85408,31,,,0,69,,85410,31,,,0,27,,85411,31,,,0,68,,85412,31,,,0,28,,85413,31,,,0,68,,85414,31,,,0,30,,85418,31,,,0,71,,85415,31,,,0,31,,85416,31,,,0,73,,85417,31,,,0,30,,85409,31,,,0
300,'S2-4_4',716,,85419,31,,,0,25,,85420,31,,,0,70,,85421,31,,,0,23,,85422,31,,,0,25,,85423,31,,,0,70,,85424,31,,,0,72,,85425,31,,,0,32,,85426,31,,,0,71,,85427,31,,,0,32,,85428,31,,,0,72,,85429,31,,,0,32,,85430,31,,,0,73,,85431,31,,,0,33,,85432,31,,,0,72,,85433,31,,,0,33,,85434,31,,,0,72,,85435,31,,,0,34,,85436,31,,,0,69,,85438,31,,,0,27,,85439,31,,,0,68,,85440,31,,,0,28,,85441,31,,,0,68,,85442,31,,,0,30,,85446,31,,,0,71,,85443,31,,,0,31,,85444,31,,,0,73,,85445,31,,,0,30,,85437,31,,,0
800,'S2-0_4',711,,86712,19,,,0,33,,86713,19,,,0,67,,86714,19,,,0,30,,86715,19,,,0,80,,86716,19,,,0,110,,86717,19,,,0,117,,86718,19,,,0,111,,86719,19,,,0,151,,86720,19,,,0,112,,86722,19,,,0,110,,86721,19,,,0
800,'S2-0_5',711,,86723,19,,,0,33,,86724,19,,,0,67,,86725,19,,,0,30,,86726,19,,,0,80,,86727,19,,,0,110,,86728,19,,,0,117,,86729,19,,,0,111,,86730,19,,,0,151,,86731,19,,,0,112,,86733,19,,,0,110,,86732,19,,,0
800,'S2-1_3',711,,86734,19,,,0,33,,86735,19,,,0,67,,86736,19,,,0,30,,86737,19,,,0,80,,86738,19,,,0,110,,86739,19,,,0,117,,86740,19,,,0,111,,86741,19,,,0,151,,86742,19,,,0,112,,86744,19,,,0,110,,86743,19,,,0
800,'S2-4_1',711,,86745,19,,,0,33,,86746,19,,,0,67,,86747,19,,,0,30,,86748,19,,,0,80,,86749,19,,,0,110,,86750,19,,,0,117,,86751,19,,,0,111,,86752,19,,,0,151,,86753,19,,,0,112,,86755,19,,,0,110,,86754,19,,,0
800,'S2-4_2',711,,86756,19,,,0,33,,86757,19,,,0,67,,86758,19,,,0,30,,86759,19,,,0,80,,86760,19,,,0,110,,86761,19,,,0,117,,86762,19,,,0,111,,86763,19,,,0,151,,86764,19,,,0,112,,86766,19,,,0,110,,86765,19,,,0
800,'S2-4_4',711,,86767,19,,,0,33,,86768,19,,,0,67,,86769,19,,,0,30,,86770,19,,,0,80,,86771,19,,,0,110,,86772,19,,,0,117,,86773,19,,,0,111,,86774,19,,,0,151,,86775,19,,,0,112,,86777,19,,,0,110,,86776,19,,,0
2200,'S2-0_4',717,,88004,15,0,11 15 16,0,120,,88005,15,0,11 15 16,0,882,,88006,15,0,11 15 16,0
2200,'S2-0_5',717,,88011,15,0,11 15 16,0,120,,88012,15,0,11 15 16,0,882,,88013,15,0,11 15 16,0
2200,'S2-1_3',717,,88018,15,0,11 15 16,0,120,,88019,15,0,11 15 16,0,882,,88020,15,0,11 15 16,0
2200,'S2-4_1',717,,88023,15,0,11 15 16,0,120,,88024,15,0,11 15 16,0,882,,88025,15,0,11 15 16,0
2200,'S2-4_2',717,,88030,15,0,11 15 16,0,120,,88031,15,0,11 15 16,0,882,,88032,15,0,11 15 16,0
2200,'S2-4_4',717,,88037,15,0,11 15 16,0,120,,88038,15,0,11 15 16,0,882,,88039,15,0,11 15 16,0
