600,'S2-0_4',653,,86324,7,,,0,58,,86338,7,0,11 12,0,93,,86325,7,,,0,109,,86326,7,0,11 12,0,101,,86327,7,0,11 12,0,91,,86328,7,0,11 12,0,111,,86329,7,0,11 12,0,106,,86330,7,0,11 12,0,95,,86339,7,0,11 12,0,93,,86331,7,0,11 12,0,94,,86332,7,0,11 12,0,39,,86333,7,0,11 12,0,85,,86334,7,0,11 12,0,77,,86335,7,0,11 12,0,32,,86336,7,0,11 12,0,84,,86337,7,0,11 12,0
600,'S2-0_5',653,,86340,7,,,0,58,,86354,7,0,11 12,0,93,,86341,7,,,0,109,,86342,7,0,11 12,0,101,,86343,7,0,11 12,0,91,,86344,7,0,11 12,0,111,,86345,7,0,11 12,0,106,,86346,7,0,11 12,0,95,,86355,7,0,11 12,0,93,,86347,7,0,11 12,0,94,,86348,7,0,11 12,0,39,,86349,7,0,11 12,0,85,,86350,7,0,11 12,0,77,,86351,7,0,11 12,0,32,,86352,7,0,11 12,0,84,,86353,7,0,11 12,0
600,'S2-1_3',653,,86356,7,,,0,58,,86370,7,0,11 12,0,93,,86357,7,,,0,109,,86358,7,0,11 12,0,101,,86359,7,0,11 12,0,91,,86360,7,0,11 12,0,111,,86361,7,0,11 12,0,106,,86362,7,0,11 12,0,95,,86371,7,0,11 12,0,93,,86363,7,0,11 12,0,94,,86364,7,0,11 12,0,39,,86365,7,0,11 12,0,85,,86366,7,0,11 12,0,77,,86367,7,0,11 12,0,32,,86368,7,0,11 12,0,84,,86369,7,0,11 12,0
600,'S2-2_6',742,,86372,7,0,11 12,0,93,,86374,7,0,11 12,0,90,,86375,7,0,11 12,0,87,,86376,7,0,11 12,0,90,,86377,7,0,11 12,0,50,,86378,7,0,11 12,0,89,,86379,7,0,11 12,0,90,,86380,7,0,11 12,0,87,,86381,7,0,11 12,0,98,,86382,7,0,11 12,0,89,,86383,7,0,11 12,0,50,,86384,7,0,11 12,0,90,,86385,7,0,11 12,0,96,,86386,7,0,11 12,0,83,,86373,7,0,11 12,0
600,'S2-4_1',653,,86387,7,,,0,58,,86401,7,0,11 12,0,93,,86388,7,,,0,109,,86389,7,0,11 12,0,101,,86390,7,0,11 12,0,91,,86391,7,0,11 12,0,111,,86392,7,0,11 12,0,106,,86393,7,0,11 12,0,95,,86402,7,0,11 12,0,93,,86394,7,0,11 12,0,94,,86395,7,0,11 12,0,39,,86396,7,0,11 12,0,85,,86397,7,0,11 12,0,77,,86398,7,0,11 12,0,32,,86399,7,0,11 12,0,84,,86400,7,0,11 12,0
600,'S2-4_2',653,,86403,7,,,0,58,,86417,7,0,11 12,0,93,,86404,7,,,0,109,,86405,7,0,11 12,0,101,,86406,7,0,11 12,0,91,,86407,7,0,11 12,0,111,,86408,7,0,11 12,0,106,,86409,7,0,11 12,0,95,,86418,7,0,11 12,0,93,,86410,7,0,11 12,0,94,,86411,7,0,11 12,0,39,,86412,7,0,11 12,0,85,,86413,7,0,11 12,0,77,,86414,7,0,11 12,0,32,,86415,7,0,11 12,0,84,,86416,7,0,11 12,0
600,'S2-4_4',653,,86419,7,,,0,58,,86433,7,0,11 12,0,93,,86420,7,,,0,109,,86421,7,0,11 12,0,101,,86422,7,0,11 12,0,91,,86423,7,0,11 12,0,111,,86424,7,0,11 12,0,106,,86425,7,0,11 12,0,95,,86434,7,0,11 12,0,93,,86426,7,0,11 12,0,94,,86427,7,0,11 12,0,39,,86428,7,0,11 12,0,85,,86429,7,0,11 12,0,77,,86430,7,0,11 12,0,32,,86431,7,0,11 12,0,84,,86432,7,0,11 12,0
2900600,'S2-0_4',704,,91443,7,,,0,115,,91444,7,,,0
2900600,'S2-0_5',704,,91445,7,,,0,115,,91446,7,,,0
2900600,'S2-1_3',704,,91447,7,,,0,115,,91448,7,,,0
2900600,'S2-4_1',704,,91449,7,,,0,115,,91450,7,,,0
2900600,'S2-4_2',704,,91451,7,,,0,115,,91452,7,,,0
2900600,'S2-4_4',704,,91453,7,,,0,115,,91454,7,,,0
