700,'S2-0_4',720,,86558,12,,,0,110,,86560,12,,,0,110,,86561,12,,,0,110,,86562,12,,,0,150,,86563,12,,,0,110,,86564,12,,,0,110,,86565,12,,,0,110,,86566,12,,,0,111,,86567,12,,,0,109,,86568,12,,,0,150,,86559,12,,,0
700,'S2-0_5',720,,86569,12,,,0,110,,86571,12,,,0,110,,86572,12,,,0,110,,86573,12,,,0,150,,86574,12,,,0,110,,86575,12,,,0,110,,86576,12,,,0,110,,86577,12,,,0,111,,86578,12,,,0,109,,86579,12,,,0,150,,86570,12,,,0
700,'S2-1_3',720,,86580,12,,,0,110,,86582,12,,,0,110,,86583,12,,,0,110,,86584,12,,,0,150,,86585,12,,,0,110,,86586,12,,,0,110,,86587,12,,,0,110,,86588,12,,,0,111,,86589,12,,,0,109,,86590,12,,,0,150,,86581,12,,,0
700,'S2-2_6',720,,86593,12,,,0,110,,86594,12,,,0,110,,86595,12,,,0,110,,86596,12,,,0,150,,86597,12,,,0,110,,86598,12,,,0,110,,86599,12,,,0,110,,86600,12,,,0,110,,86601,12,,,0,110,,86591,12,,,0,150,,86592,12,,,0
700,'S2-4_1',720,,86602,12,,,0,110,,86604,12,,,0,110,,86605,12,,,0,110,,86606,12,,,0,150,,86607,12,,,0,110,,86608,12,,,0,110,,86609,12,,,0,110,,86610,12,,,0,111,,86611,12,,,0,109,,86612,12,,,0,150,,86603,12,,,0
700,'S2-4_2',720,,86613,12,,,0,110,,86615,12,,,0,110,,86616,12,,,0,110,,86617,12,,,0,150,,86618,12,,,0,110,,86619,12,,,0,110,,86620,12,,,0,110,,86621,12,,,0,111,,86622,12,,,0,109,,86623,12,,,0,150,,86614,12,,,0
700,'S2-4_4',720,,86624,12,,,0,110,,86626,12,,,0,110,,86627,12,,,0,110,,86628,12,,,0,150,,86629,12,,,0,110,,86630,12,,,0,110,,86631,12,,,0,110,,86632,12,,,0,111,,86633,12,,,0,109,,86634,12,,,0,150,,86625,12,,,0
901500,'S2-0_4',833,,89087,3,,,0,20,,89088,3,,,0,60,,89089,3,,,0,20,,89090,3,,,0,20,,89091,3,,,0,60,,89092,3,,,0,20,,89093,3,,,0,20,,89094,3,,,0,60,,89095,3,,,0,20,,89096,3,,,0,20,,89097,3,,,0,60,,89098,3,,,0,20,,89099,3,,,0,20,,89100,3,,,0,60,,89101,3,,,0,20,,89102,3,,,0,20,,89103,3,,,0,60,,89104,3,,,0,20,,89105,3,,,0,80,,89106,3,,,0,20,,89107,3,,,0,20,,89108,3,,,0,60,,89109,3,,,0,20,,89110,3,,,0,20,,89111,3,,,0,60,,89112,3,,,0,20,,89113,3,,,0,20,,89114,3,,,0,60,,89115,3,,,0,20,,89116,3,,,0,20,,89117,3,,,0,60,,89118,3,,,0
901500,'S2-0_5',833,,89119,3,,,0,20,,89120,3,,,0,60,,89121,3,,,0,20,,89122,3,,,0,20,,89123,3,,,0,60,,89124,3,,,0,20,,89125,3,,,0,20,,89126,3,,,0,60,,89127,3,,,0,20,,89128,3,,,0,20,,89129,3,,,0,60,,89130,3,,,0,20,,89131,3,,,0,20,,89132,3,,,0,60,,89133,3,,,0,20,,89134,3,,,0,20,,89135,3,,,0,60,,89136,3,,,0,20,,89137,3,,,0,80,,89138,3,,,0,20,,89139,3,,,0,20,,89140,3,,,0,60,,89141,3,,,0,20,,89142,3,,,0,20,,89143,3,,,0,60,,89144,3,,,0,20,,89145,3,,,0,20,,89146,3,,,0,60,,89147,3,,,0,20,,89148,3,,,0,20,,89149,3,,,0,60,,89150,3,,,0
901500,'S2-1_3',833,,89151,3,,,0,20,,89152,3,,,0,60,,89153,3,,,0,20,,89154,3,,,0,20,,89155,3,,,0,60,,89156,3,,,0,20,,89157,3,,,0,20,,89158,3,,,0,60,,89159,3,,,0,20,,89160,3,,,0,20,,89161,3,,,0,60,,89162,3,,,0,20,,89163,3,,,0,20,,89164,3,,,0,60,,89165,3,,,0,20,,89166,3,,,0,20,,89167,3,,,0,60,,89168,3,,,0,20,,89169,3,,,0,80,,89170,3,,,0,20,,89171,3,,,0,20,,89172,3,,,0,60,,89173,3,,,0,20,,89174,3,,,0,20,,89175,3,,,0,60,,89176,3,,,0,20,,89177,3,,,0,20,,89178,3,,,0,60,,89179,3,,,0,20,,89180,3,,,0,20,,89181,3,,,0,60,,89182,3,,,0
901500,'S2-2_6',833,,89183,3,,,0,20,,89184,3,,,0,60,,89185,3,,,0,20,,89186,3,,,0,20,,89187,3,,,0,60,,89188,3,,,0,20,,89189,3,,,0,20,,89190,3,,,0,60,,89191,3,,,0,20,,89192,3,,,0,20,,89193,3,,,0,60,,89194,3,,,0,20,,89195,3,,,0,20,,89196,3,,,0,60,,89197,3,,,0,20,,89198,3,,,0,20,,89199,3,,,0,60,,89200,3,,,0,20,,89201,3,,,0,80,,89202,3,,,0,20,,89203,3,,,0,20,,89204,3,,,0,60,,89205,3,,,0,20,,89206,3,,,0,20,,89207,3,,,0,60,,89208,3,,,0,20,,89209,3,,,0,20,,89210,3,,,0,60,,89211,3,,,0,20,,89212,3,,,0,20,,89213,3,,,0,60,,89214,3,,,0
901500,'S2-4_1',833,,89215,3,,,0,20,,89216,3,,,0,60,,89217,3,,,0,20,,89218,3,,,0,20,,89219,3,,,0,60,,89220,3,,,0,20,,89221,3,,,0,20,,89222,3,,,0,60,,89223,3,,,0,20,,89224,3,,,0,20,,89225,3,,,0,60,,89226,3,,,0,20,,89227,3,,,0,20,,89228,3,,,0,60,,89229,3,,,0,20,,89230,3,,,0,20,,89231,3,,,0,60,,89232,3,,,0,20,,89233,3,,,0,80,,89234,3,,,0,20,,89235,3,,,0,20,,89236,3,,,0,60,,89237,3,,,0,20,,89238,3,,,0,20,,89239,3,,,0,60,,89240,3,,,0,20,,89241,3,,,0,20,,89242,3,,,0,60,,89243,3,,,0,20,,89244,3,,,0,20,,89245,3,,,0,60,,89246,3,,,0
901500,'S2-4_2',833,,89247,3,,,0,20,,89248,3,,,0,60,,89249,3,,,0,20,,89250,3,,,0,20,,89251,3,,,0,60,,89252,3,,,0,20,,89253,3,,,0,20,,89254,3,,,0,60,,89255,3,,,0,20,,89256,3,,,0,20,,89257,3,,,0,60,,89258,3,,,0,20,,89259,3,,,0,20,,89260,3,,,0,60,,89261,3,,,0,20,,89262,3,,,0,20,,89263,3,,,0,60,,89264,3,,,0,20,,89265,3,,,0,80,,89266,3,,,0,20,,89267,3,,,0,20,,89268,3,,,0,60,,89269,3,,,0,20,,89270,3,,,0,20,,89271,3,,,0,60,,89272,3,,,0,20,,89273,3,,,0,20,,89274,3,,,0,60,,89275,3,,,0,20,,89276,3,,,0,20,,89277,3,,,0,60,,89278,3,,,0
901500,'S2-4_4',833,,89279,3,,,0,20,,89280,3,,,0,60,,89281,3,,,0,20,,89282,3,,,0,20,,89283,3,,,0,60,,89284,3,,,0,20,,89285,3,,,0,20,,89286,3,,,0,60,,89287,3,,,0,20,,89288,3,,,0,20,,89289,3,,,0,60,,89290,3,,,0,20,,89291,3,,,0,20,,89292,3,,,0,60,,89293,3,,,0,20,,89294,3,,,0,20,,89295,3,,,0,60,,89296,3,,,0,20,,89297,3,,,0,80,,89298,3,,,0,20,,89299,3,,,0,20,,89300,3,,,0,60,,89301,3,,,0,20,,89302,3,,,0,20,,89303,3,,,0,60,,89304,3,,,0,20,,89305,3,,,0,20,,89306,3,,,0,60,,89307,3,,,0,20,,89308,3,,,0,20,,89309,3,,,0,60,,89310,3,,,0
