2401,'S2-0_4',718,,88141,3,0,18 19,0
2401,'S2-0_5',718,,88144,3,0,18 19,0
2401,'S2-1_3',718,,88147,3,0,18 19,0
2401,'S2-4_1',718,,88148,3,0,18 19,0
2401,'S2-4_2',718,,88151,3,0,18 19,0
2401,'S2-4_4',718,,88154,3,0,18 19,0
900500,'S2-4_4',2124,,88959,11,,,0,90,,88960,11,,,0,90,,88961,11,,,0,50,,88962,11,,,0,88,,88963,11,,,0,83,,88964,11,,,0,30,,88965,11,,,0,70,,88966,11,,,0
1000000,'S2-0_4',556,,89311,24,0,31 33,0,60,,89312,24,0,31 33,0,21,,89393,24,0,31 33,0,20,,89394,24,,,0,55,,89396,24,,,0,12,,89392,24,,,0,10,,89345,24,,,0,6,,89390,10,,,0,3,,89346,24,,,0,10,,89347,24,,,0,50,,89348,24,,,0,10,,89349,24,,,0,11,,89350,24,,,0,10,,89351,24,,,0,10,,89352,24,,,0,9,,89395,24,,,0,48,,89313,24,0,31 33,0,9,,89314,24,,,0,10,,89315,24,0,31 33,0,10,,89316,24,,,0,11,,89317,24,0,31 33,0,10,,89353,24,,,0,51,,89318,24,0,31 33,0,11,,89319,24,,,0,11,,89320,24,0,31 33,0,11,,89321,24,,,0,11,,89322,24,0,31 33,0,10,,89323,24,,,0,51,,89325,24,0,31 33,0,10,,89324,24,,,0,11,,89355,24,0,31 33,0,12,,89354,24,,,0,11,,89356,24,0,31 33,0,52,,89357,24,,,0,10,,89358,24,0,31 33,0,10,,89359,24,,,0,10,,89360,24,0,31 33,0,11,,89361,24,,,0,10,,89362,24,0,31 33,0,50,,89363,24,,,0,10,,89364,24,0,31 33,0,10,,89365,24,,,0,9,,89366,24,0,31 33,0,10,,89367,24,,,0,10,,89326,24,0,31 33,0,51,,89327,24,,,0,10,,89368,24,0,31 33,0,10,,89328,24,,,0,9,,89329,24,0,31 33,0,11,,89330,24,,,0,10,,89369,24,0,31 33,0,51,,89331,24,,,0,10,,89332,24,0,31 33,0,10,,89333,24,,,0,10,,89334,24,0,31 33,0,11,,89370,24,,,0,12,,89371,24,,,0,50,,89372,24,,,0,10,,89373,24,,,0,10,,89374,24,,,0,10,,89375,24,,,0,10,,89376,24,,,0,11,,89377,24,,,0,51,,89378,24,,,0,10,,89379,24,,,0,11,,89380,24,,,0,10,,89381,24,,,0,9,,89382,24,,,0,8,,89383,24,,,0,49,,89384,24,,,0,9,,89385,24,,,0,9,,89386,24,0,31 33,0,9,,89387,24,,,0,8,,89391,24,0,31 33,0,9,,89335,24,0,31 33,0,49,,89388,24,,,0,10,,89336,24,0,31 33,0,10,,89389,24,,,0,9,,89337,24,0,31 33,0,19,,89338,24,0,31 33,0,60,,89339,24,0,31 33,0,18,,89340,24,0,31 33,0,19,,89341,24,0,31 33,0,60,,89342,24,0,31 33,0,20,,89343,24,0,31 33,0,20,,89344,24,0,31 33,0
1000000,'S2-0_5',556,,89397,24,0,31 33,0,60,,89398,24,0,31 33,0,21,,89479,24,0,31 33,0,20,,89480,24,,,0,55,,89482,24,,,0,12,,89478,24,,,0,10,,89431,24,,,0,6,,89476,10,,,0,3,,89432,24,,,0,10,,89433,24,,,0,50,,89434,24,,,0,10,,89435,24,,,0,11,,89436,24,,,0,10,,89437,24,,,0,10,,89438,24,,,0,9,,89481,24,,,0,48,,89399,24,0,31 33,0,9,,89400,24,,,0,10,,89401,24,0,31 33,0,10,,89402,24,,,0,11,,89403,24,0,31 33,0,10,,89439,24,,,0,51,,89404,24,0,31 33,0,11,,89405,24,,,0,11,,89406,24,0,31 33,0,11,,89407,24,,,0,11,,89408,24,0,31 33,0,10,,89409,24,,,0,51,,89411,24,0,31 33,0,10,,89410,24,,,0,11,,89441,24,0,31 33,0,12,,89440,24,,,0,11,,89442,24,0,31 33,0,52,,89443,24,,,0,10,,89444,24,0,31 33,0,10,,89445,24,,,0,10,,89446,24,0,31 33,0,11,,89447,24,,,0,10,,89448,24,0,31 33,0,50,,89449,24,,,0,10,,89450,24,0,31 33,0,10,,89451,24,,,0,9,,89452,24,0,31 33,0,10,,89453,24,,,0,10,,89412,24,0,31 33,0,51,,89413,24,,,0,10,,89454,24,0,31 33,0,10,,89414,24,,,0,9,,89415,24,0,31 33,0,11,,89416,24,,,0,10,,89455,24,0,31 33,0,51,,89417,24,,,0,10,,89418,24,0,31 33,0,10,,89419,24,,,0,10,,89420,24,0,31 33,0,11,,89456,24,,,0,12,,89457,24,,,0,50,,89458,24,,,0,10,,89459,24,,,0,10,,89460,24,,,0,10,,89461,24,,,0,10,,89462,24,,,0,11,,89463,24,,,0,51,,89464,24,,,0,10,,89465,24,,,0,11,,89466,24,,,0,10,,89467,24,,,0,9,,89468,24,,,0,8,,89469,24,,,0,49,,89470,24,,,0,9,,89471,24,,,0,9,,89472,24,0,31 33,0,9,,89473,24,,,0,8,,89477,24,0,31 33,0,9,,89421,24,0,31 33,0,49,,89474,24,,,0,10,,89422,24,0,31 33,0,10,,89475,24,,,0,9,,89423,24,0,31 33,0,19,,89424,24,0,31 33,0,60,,89425,24,0,31 33,0,18,,89426,24,0,31 33,0,19,,89427,24,0,31 33,0,60,,89428,24,0,31 33,0,20,,89429,24,0,31 33,0,20,,89430,24,0,31 33,0
1000000,'S2-1_3',556,,89483,24,0,31 33,0,60,,89484,24,0,31 33,0,21,,89565,24,0,31 33,0,20,,89566,24,,,0,55,,89568,24,,,0,12,,89564,24,,,0,10,,89517,24,,,0,6,,89562,10,,,0,3,,89518,24,,,0,10,,89519,24,,,0,50,,89520,24,,,0,10,,89521,24,,,0,11,,89522,24,,,0,10,,89523,24,,,0,10,,89524,24,,,0,9,,89567,24,,,0,48,,89485,24,0,31 33,0,9,,89486,24,,,0,10,,89487,24,0,31 33,0,10,,89488,24,,,0,11,,89489,24,0,31 33,0,10,,89525,24,,,0,51,,89490,24,0,31 33,0,11,,89491,24,,,0,11,,89492,24,0,31 33,0,11,,89493,24,,,0,11,,89494,24,0,31 33,0,10,,89495,24,,,0,51,,89497,24,0,31 33,0,10,,89496,24,,,0,11,,89527,24,0,31 33,0,12,,89526,24,,,0,11,,89528,24,0,31 33,0,52,,89529,24,,,0,10,,89530,24,0,31 33,0,10,,89531,24,,,0,10,,89532,24,0,31 33,0,11,,89533,24,,,0,10,,89534,24,0,31 33,0,50,,89535,24,,,0,10,,89536,24,0,31 33,0,10,,89537,24,,,0,9,,89538,24,0,31 33,0,10,,89539,24,,,0,10,,89498,24,0,31 33,0,51,,89499,24,,,0,10,,89540,24,0,31 33,0,10,,89500,24,,,0,9,,89501,24,0,31 33,0,11,,89502,24,,,0,10,,89541,24,0,31 33,0,51,,89503,24,,,0,10,,89504,24,0,31 33,0,10,,89505,24,,,0,10,,89506,24,0,31 33,0,11,,89542,24,,,0,12,,89543,24,,,0,50,,89544,24,,,0,10,,89545,24,,,0,10,,89546,24,,,0,10,,89547,24,,,0,10,,89548,24,,,0,11,,89549,24,,,0,51,,89550,24,,,0,10,,89551,24,,,0,11,,89552,24,,,0,10,,89553,24,,,0,9,,89554,24,,,0,8,,89555,24,,,0,49,,89556,24,,,0,9,,89557,24,,,0,9,,89558,24,0,31 33,0,9,,89559,24,,,0,8,,89563,24,0,31 33,0,9,,89507,24,0,31 33,0,49,,89560,24,,,0,10,,89508,24,0,31 33,0,10,,89561,24,,,0,9,,89509,24,0,31 33,0,19,,89510,24,0,31 33,0,60,,89511,24,0,31 33,0,18,,89512,24,0,31 33,0,19,,89513,24,0,31 33,0,60,,89514,24,0,31 33,0,20,,89515,24,0,31 33,0,20,,89516,24,0,31 33,0
1000000,'S2-2_6',551,,89569,24,0,31 33,0,80,,89570,24,0,31 33,0,82,,89571,24,,,0,43,,89572,24,,,0,71,,89573,24,0,31 33,0,15,,89574,24,,,0,16,,89575,24,0,31 33,0,55,,89576,24,0,31 33,0,14,,89577,24,,,0,15,,89578,24,0,31 33,0,16,,89636,24,0,31 33,0,55,,89579,24,,,0,17,,89580,24,0,31 33,0,16,,89581,24,0,31 33,0,54,,89582,24,,,0,17,,89583,24,0,31 33,0,15,,89584,24,0,31 33,0,16,,89585,24,,,0,55,,89586,24,0,31 33,0,15,,89587,24,0,31 33,0,16,,89588,24,,,0,13,,89589,24,0,31 33,0,54,,89590,24,0,31 33,0,15,,89591,24,,,0,14,,89592,24,0,31 33,0,10,,89593,24,0,31 33,0,12,,89594,24,,,0,52,,89595,24,0,31 33,0,10,,89596,24,0,31 33,0,9,,89597,24,0,31 33,0,9,,89598,24,,,0,10,,89599,24,0,31 33,0,11,,89600,24,0,31 33,0,51,,89601,24,0,31 33,0,10,,89602,24,,,0,12,,89603,24,0,31 33,0,9,,89604,24,0,31 33,0,9,,89605,24,0,31 33,0,11,,89606,24,,,0,51,,89607,24,0,31 33,0,10,,89608,24,0,31 33,0,10,,89609,24,0,31 33,0,11,,89610,24,,,0,11,,89611,24,0,31 33,0,9,,89612,24,0,31 33,0,51,,89613,24,0,31 33,0,12,,89614,24,,,0,13,,89615,24,0,31 33,0,9,,89616,24,0,31 33,0,8,,89617,24,0,31 33,0,50,,89618,24,,,0,8,,89619,24,0,31 33,0,9,,89620,24,0,31 33,0,9,,89621,24,0,31 33,0,7,,89623,24,0,31 33,0,10,,89622,24,,,0,9,,89624,24,0,31 33,0,48,,89625,24,0,31 33,0,9,,89627,24,0,31 33,0,10,,89626,24,0,31 33,0,11,,89628,24,0,31 33,0,21,,89629,24,0,31 33,0,56,,89630,24,0,31 33,0,20,,89631,24,0,31 33,0,19,,89632,24,0,31 33,0,59,,89633,24,0,31 33,0,19,,89634,24,0,31 33,0,19,,89635,24,0,31 33,0
1000000,'S2-3_7',825,,89637,24,0,31 33,0,80,,89638,24,0,31 33,0,40,,89639,24,0,31 33,0,80,,89640,24,0,31 33,0,80,,89641,24,0,31 33,0,40,,89642,24,0,31 33,0,80,,89643,24,0,31 33,0,80,,89644,24,0,31 33,0,40,,89645,24,0,31 33,0,80,,89646,24,0,31 33,0,80,,89647,24,0,31 33,0,40,,89648,24,0,31 33,0,80,,89649,24,0,31 33,0,80,,89650,24,0,31 33,0,40,,89651,24,0,31 33,0,80,,89652,24,0,31 33,0,80,,89653,24,0,31 33,0,40,,89654,24,0,31 33,0
1000000,'S2-4_1',556,,89655,24,0,31 33,0,60,,89656,24,0,31 33,0,21,,89737,24,0,31 33,0,20,,89738,24,,,0,55,,89740,24,,,0,12,,89736,24,,,0,10,,89689,24,,,0,6,,89734,10,,,0,3,,89690,24,,,0,10,,89691,24,,,0,50,,89692,24,,,0,10,,89693,24,,,0,11,,89694,24,,,0,10,,89695,24,,,0,10,,89696,24,,,0,9,,89739,24,,,0,48,,89657,24,0,31 33,0,9,,89658,24,,,0,10,,89659,24,0,31 33,0,10,,89660,24,,,0,11,,89661,24,0,31 33,0,10,,89697,24,,,0,51,,89662,24,0,31 33,0,11,,89663,24,,,0,11,,89664,24,0,31 33,0,11,,89665,24,,,0,11,,89666,24,0,31 33,0,10,,89667,24,,,0,51,,89669,24,0,31 33,0,10,,89668,24,,,0,11,,89699,24,0,31 33,0,12,,89698,24,,,0,11,,89700,24,0,31 33,0,52,,89701,24,,,0,10,,89702,24,0,31 33,0,10,,89703,24,,,0,10,,89704,24,0,31 33,0,11,,89705,24,,,0,10,,89706,24,0,31 33,0,50,,89707,24,,,0,10,,89708,24,0,31 33,0,10,,89709,24,,,0,9,,89710,24,0,31 33,0,10,,89711,24,,,0,10,,89670,24,0,31 33,0,51,,89671,24,,,0,10,,89712,24,0,31 33,0,10,,89672,24,,,0,9,,89673,24,0,31 33,0,11,,89674,24,,,0,10,,89713,24,0,31 33,0,51,,89675,24,,,0,10,,89676,24,0,31 33,0,10,,89677,24,,,0,10,,89678,24,0,31 33,0,11,,89714,24,,,0,12,,89715,24,,,0,50,,89716,24,,,0,10,,89717,24,,,0,10,,89718,24,,,0,10,,89719,24,,,0,10,,89720,24,,,0,11,,89721,24,,,0,51,,89722,24,,,0,10,,89723,24,,,0,11,,89724,24,,,0,10,,89725,24,,,0,9,,89726,24,,,0,8,,89727,24,,,0,49,,89728,24,,,0,9,,89729,24,,,0,9,,89730,24,0,31 33,0,9,,89731,24,,,0,8,,89735,24,0,31 33,0,9,,89679,24,0,31 33,0,49,,89732,24,,,0,10,,89680,24,0,31 33,0,10,,89733,24,,,0,9,,89681,24,0,31 33,0,19,,89682,24,0,31 33,0,60,,89683,24,0,31 33,0,18,,89684,24,0,31 33,0,19,,89685,24,0,31 33,0,60,,89686,24,0,31 33,0,20,,89687,24,0,31 33,0,20,,89688,24,0,31 33,0
1000000,'S2-4_2',556,,89741,24,0,31 33,0,60,,89742,24,0,31 33,0,21,,89823,24,0,31 33,0,20,,89824,24,,,0,55,,89826,24,,,0,12,,89822,24,,,0,10,,89775,24,,,0,6,,89820,10,,,0,3,,89776,24,,,0,10,,89777,24,,,0,50,,89778,24,,,0,10,,89779,24,,,0,11,,89780,24,,,0,10,,89781,24,,,0,10,,89782,24,,,0,9,,89825,24,,,0,48,,89743,24,0,31 33,0,9,,89744,24,,,0,10,,89745,24,0,31 33,0,10,,89746,24,,,0,11,,89747,24,0,31 33,0,10,,89783,24,,,0,51,,89748,24,0,31 33,0,11,,89749,24,,,0,11,,89750,24,0,31 33,0,11,,89751,24,,,0,11,,89752,24,0,31 33,0,10,,89753,24,,,0,51,,89755,24,0,31 33,0,10,,89754,24,,,0,11,,89785,24,0,31 33,0,12,,89784,24,,,0,11,,89786,24,0,31 33,0,52,,89787,24,,,0,10,,89788,24,0,31 33,0,10,,89789,24,,,0,10,,89790,24,0,31 33,0,11,,89791,24,,,0,10,,89792,24,0,31 33,0,50,,89793,24,,,0,10,,89794,24,0,31 33,0,10,,89795,24,,,0,9,,89796,24,0,31 33,0,10,,89797,24,,,0,10,,89756,24,0,31 33,0,51,,89757,24,,,0,10,,89798,24,0,31 33,0,10,,89758,24,,,0,9,,89759,24,0,31 33,0,11,,89760,24,,,0,10,,89799,24,0,31 33,0,51,,89761,24,,,0,10,,89762,24,0,31 33,0,10,,89763,24,,,0,10,,89764,24,0,31 33,0,11,,89800,24,,,0,12,,89801,24,,,0,50,,89802,24,,,0,10,,89803,24,,,0,10,,89804,24,,,0,10,,89805,24,,,0,10,,89806,24,,,0,11,,89807,24,,,0,51,,89808,24,,,0,10,,89809,24,,,0,11,,89810,24,,,0,10,,89811,24,,,0,9,,89812,24,,,0,8,,89813,24,,,0,49,,89814,24,,,0,9,,89815,24,,,0,9,,89816,24,0,31 33,0,9,,89817,24,,,0,8,,89821,24,0,31 33,0,9,,89765,24,0,31 33,0,49,,89818,24,,,0,10,,89766,24,0,31 33,0,10,,89819,24,,,0,9,,89767,24,0,31 33,0,19,,89768,24,0,31 33,0,60,,89769,24,0,31 33,0,18,,89770,24,0,31 33,0,19,,89771,24,0,31 33,0,60,,89772,24,0,31 33,0,20,,89773,24,0,31 33,0,20,,89774,24,0,31 33,0
1000000,'S2-4_4',556,,89827,24,0,31 33,0,60,,89828,24,0,31 33,0,21,,89909,24,0,31 33,0,20,,89910,24,,,0,55,,89912,24,,,0,12,,89908,24,,,0,10,,89861,24,,,0,6,,89906,10,,,0,3,,89862,24,,,0,10,,89863,24,,,0,50,,89864,24,,,0,10,,89865,24,,,0,11,,89866,24,,,0,10,,89867,24,,,0,10,,89868,24,,,0,9,,89911,24,,,0,48,,89829,24,0,31 33,0,9,,89830,24,,,0,10,,89831,24,0,31 33,0,10,,89832,24,,,0,11,,89833,24,0,31 33,0,10,,89869,24,,,0,51,,89834,24,0,31 33,0,11,,89835,24,,,0,11,,89836,24,0,31 33,0,11,,89837,24,,,0,11,,89838,24,0,31 33,0,10,,89839,24,,,0,51,,89841,24,0,31 33,0,10,,89840,24,,,0,11,,89871,24,0,31 33,0,12,,89870,24,,,0,11,,89872,24,0,31 33,0,52,,89873,24,,,0,10,,89874,24,0,31 33,0,10,,89875,24,,,0,10,,89876,24,0,31 33,0,11,,89877,24,,,0,10,,89878,24,0,31 33,0,50,,89879,24,,,0,10,,89880,24,0,31 33,0,10,,89881,24,,,0,9,,89882,24,0,31 33,0,10,,89883,24,,,0,10,,89842,24,0,31 33,0,51,,89843,24,,,0,10,,89884,24,0,31 33,0,10,,89844,24,,,0,9,,89845,24,0,31 33,0,11,,89846,24,,,0,10,,89885,24,0,31 33,0,51,,89847,24,,,0,10,,89848,24,0,31 33,0,10,,89849,24,,,0,10,,89850,24,0,31 33,0,11,,89886,24,,,0,12,,89887,24,,,0,50,,89888,24,,,0,10,,89889,24,,,0,10,,89890,24,,,0,10,,89891,24,,,0,10,,89892,24,,,0,11,,89893,24,,,0,51,,89894,24,,,0,10,,89895,24,,,0,11,,89896,24,,,0,10,,89897,24,,,0,9,,89898,24,,,0,8,,89899,24,,,0,49,,89900,24,,,0,9,,89901,24,,,0,9,,89902,24,0,31 33,0,9,,89903,24,,,0,8,,89907,24,0,31 33,0,9,,89851,24,0,31 33,0,49,,89904,24,,,0,10,,89852,24,0,31 33,0,10,,89905,24,,,0,9,,89853,24,0,31 33,0,19,,89854,24,0,31 33,0,60,,89855,24,0,31 33,0,18,,89856,24,0,31 33,0,19,,89857,24,0,31 33,0,60,,89858,24,0,31 33,0,20,,89859,24,0,31 33,0,20,,89860,24,0,31 33,0
3000001,'S2-0_4',638,,91893,4,,,0,18,,91852,4,,,0,59,,91853,4,,,0,19,,91854,4,,,0,23,,91855,4,,,0,61,,91856,4,,,0,20,,91857,4,,,0,21,,91858,4,,,0,60,,91859,4,,,0,19,,91860,4,,,0,20,,91861,4,,,0,60,,91862,4,,,0,19,,91863,4,,,0,20,,91864,4,,,0,59,,91865,4,,,0,21,,91866,4,,,0,18,,91867,4,,,0,62,,91868,4,,,0,21,,91869,4,,,0,20,,91870,4,,,0,59,,91871,4,,,0,19,,91872,4,,,0,21,,91873,4,,,0,60,,91874,4,,,0,20,,91875,4,,,0,20,,91876,4,,,0,62,,91877,4,,,0,19,,91878,4,,,0,19,,91879,4,,,0,53,,91894,1,0,11 12,0,7,,91880,4,,,0,13,,91895,1,0,11 12,0,9,,91881,4,,,0,11,,91896,1,0,11 12,0,8,,91882,4,,,0,52,,91897,1,0,11 12,0,9,,91883,4,,,0,11,,91898,1,0,11 12,0,11,,91884,4,,,0,9,,91899,1,0,11 12,0,8,,91885,4,,,0,52,,91900,1,0,11 12,0,7,,91886,4,,,0,22,,91887,4,,,0,20,,91888,4,,,0,63,,91889,4,,,0,26,,91890,4,,,0,69,,91891,4,,,0,33,,91892,4,,,0
3000001,'S2-0_5',638,,91942,4,,,0,18,,91901,4,,,0,59,,91902,4,,,0,19,,91903,4,,,0,23,,91904,4,,,0,61,,91905,4,,,0,20,,91906,4,,,0,21,,91907,4,,,0,60,,91908,4,,,0,19,,91909,4,,,0,20,,91910,4,,,0,60,,91911,4,,,0,19,,91912,4,,,0,20,,91913,4,,,0,59,,91914,4,,,0,21,,91915,4,,,0,18,,91916,4,,,0,62,,91917,4,,,0,21,,91918,4,,,0,20,,91919,4,,,0,59,,91920,4,,,0,19,,91921,4,,,0,21,,91922,4,,,0,60,,91923,4,,,0,20,,91924,4,,,0,20,,91925,4,,,0,62,,91926,4,,,0,19,,91927,4,,,0,19,,91928,4,,,0,53,,91943,1,0,11 12,0,7,,91929,4,,,0,13,,91944,1,0,11 12,0,9,,91930,4,,,0,11,,91945,1,0,11 12,0,8,,91931,4,,,0,52,,91946,1,0,11 12,0,9,,91932,4,,,0,11,,91947,1,0,11 12,0,11,,91933,4,,,0,9,,91948,1,0,11 12,0,8,,91934,4,,,0,52,,91949,1,0,11 12,0,7,,91935,4,,,0,22,,91936,4,,,0,20,,91937,4,,,0,63,,91938,4,,,0,26,,91939,4,,,0,69,,91940,4,,,0,33,,91941,4,,,0
3000001,'S2-1_3',638,,91991,4,,,0,18,,91950,4,,,0,59,,91951,4,,,0,19,,91952,4,,,0,23,,91953,4,,,0,61,,91954,4,,,0,20,,91955,4,,,0,21,,91956,4,,,0,60,,91957,4,,,0,19,,91958,4,,,0,20,,91959,4,,,0,60,,91960,4,,,0,19,,91961,4,,,0,20,,91962,4,,,0,59,,91963,4,,,0,21,,91964,4,,,0,18,,91965,4,,,0,62,,91966,4,,,0,21,,91967,4,,,0,20,,91968,4,,,0,59,,91969,4,,,0,19,,91970,4,,,0,21,,91971,4,,,0,60,,91972,4,,,0,20,,91973,4,,,0,20,,91974,4,,,0,62,,91975,4,,,0,19,,91976,4,,,0,19,,91977,4,,,0,53,,91992,1,0,11 12,0,7,,91978,4,,,0,13,,91993,1,0,11 12,0,9,,91979,4,,,0,11,,91994,1,0,11 12,0,8,,91980,4,,,0,52,,91995,1,0,11 12,0,9,,91981,4,,,0,11,,91996,1,0,11 12,0,11,,91982,4,,,0,9,,91997,1,0,11 12,0,8,,91983,4,,,0,52,,91998,1,0,11 12,0,7,,91984,4,,,0,22,,91985,4,,,0,20,,91986,4,,,0,63,,91987,4,,,0,26,,91988,4,,,0,69,,91989,4,,,0,33,,91990,4,,,0
3000001,'S2-2_6',631,,91999,4,,,0,80,,92000,4,,,0,44,,92001,4,,,0,77,,92002,4,,,0,20,,92003,4,,,0,60,,92004,4,,,0,20,,92005,4,,,0,20,,92006,4,,,0,60,,92007,4,,,0,20,,92008,4,,,0,20,,92009,4,,,0,60,,92010,4,,,0,20,,92011,4,,,0,20,,92012,4,,,0,59,,92013,4,,,0,20,,92014,4,,,0,20,,92015,4,,,0,60,,92016,4,,,0,20,,92017,4,,,0,20,,92018,4,,,0,60,,92019,4,,,0,20,,92020,4,,,0,21,,92021,4,,,0,60,,92022,4,,,0,20,,92023,4,,,0,20,,92024,4,,,0,60,,92025,4,,,0,20,,92026,4,,,0,20,,92027,4,,,0,60,,92028,4,,,0,20,,92029,4,,,0,19,,92030,4,,,0,60,,92031,4,,,0,20,,92032,4,,,0,20,,92033,4,,,0,71,,92035,4,,,0,29,,92036,4,,,0,70,,92034,4,,,0,30,,92037,4,,,0
3000001,'S2-3_7',839,,92038,4,,,0,170,,92046,4,,,0,130,,92045,4,,,0,170,,92044,4,,,0,130,,92041,4,,,0,170,,92042,4,,,0,130,,92043,4,,,0,170,,92040,4,,,0,130,,92039,4,,,0
3000001,'S2-4_1',638,,92088,4,,,0,18,,92047,4,,,0,59,,92048,4,,,0,19,,92049,4,,,0,23,,92050,4,,,0,61,,92051,4,,,0,20,,92052,4,,,0,21,,92053,4,,,0,60,,92054,4,,,0,19,,92055,4,,,0,20,,92056,4,,,0,60,,92057,4,,,0,19,,92058,4,,,0,20,,92059,4,,,0,59,,92060,4,,,0,21,,92061,4,,,0,18,,92062,4,,,0,62,,92063,4,,,0,21,,92064,4,,,0,20,,92065,4,,,0,59,,92066,4,,,0,19,,92067,4,,,0,21,,92068,4,,,0,60,,92069,4,,,0,20,,92070,4,,,0,20,,92071,4,,,0,62,,92072,4,,,0,19,,92073,4,,,0,19,,92074,4,,,0,53,,92089,1,0,11 12,0,7,,92075,4,,,0,13,,92090,1,0,11 12,0,9,,92076,4,,,0,11,,92091,1,0,11 12,0,8,,92077,4,,,0,52,,92092,1,0,11 12,0,9,,92078,4,,,0,11,,92093,1,0,11 12,0,11,,92079,4,,,0,9,,92094,1,0,11 12,0,8,,92080,4,,,0,52,,92095,1,0,11 12,0,7,,92081,4,,,0,22,,92082,4,,,0,20,,92083,4,,,0,63,,92084,4,,,0,26,,92085,4,,,0,69,,92086,4,,,0,33,,92087,4,,,0
3000001,'S2-4_2',638,,92137,4,,,0,18,,92096,4,,,0,59,,92097,4,,,0,19,,92098,4,,,0,23,,92099,4,,,0,61,,92100,4,,,0,20,,92101,4,,,0,21,,92102,4,,,0,60,,92103,4,,,0,19,,92104,4,,,0,20,,92105,4,,,0,60,,92106,4,,,0,19,,92107,4,,,0,20,,92108,4,,,0,59,,92109,4,,,0,21,,92110,4,,,0,18,,92111,4,,,0,62,,92112,4,,,0,21,,92113,4,,,0,20,,92114,4,,,0,59,,92115,4,,,0,19,,92116,4,,,0,21,,92117,4,,,0,60,,92118,4,,,0,20,,92119,4,,,0,20,,92120,4,,,0,62,,92121,4,,,0,19,,92122,4,,,0,19,,92123,4,,,0,53,,92138,1,0,11 12,0,7,,92124,4,,,0,13,,92139,1,0,11 12,0,9,,92125,4,,,0,11,,92140,1,0,11 12,0,8,,92126,4,,,0,52,,92141,1,0,11 12,0,9,,92127,4,,,0,11,,92142,1,0,11 12,0,11,,92128,4,,,0,9,,92143,1,0,11 12,0,8,,92129,4,,,0,52,,92144,1,0,11 12,0,7,,92130,4,,,0,22,,92131,4,,,0,20,,92132,4,,,0,63,,92133,4,,,0,26,,92134,4,,,0,69,,92135,4,,,0,33,,92136,4,,,0
3000001,'S2-4_4',638,,92186,4,,,0,18,,92145,4,,,0,59,,92146,4,,,0,19,,92147,4,,,0,23,,92148,4,,,0,61,,92149,4,,,0,20,,92150,4,,,0,21,,92151,4,,,0,60,,92152,4,,,0,19,,92153,4,,,0,20,,92154,4,,,0,60,,92155,4,,,0,19,,92156,4,,,0,20,,92157,4,,,0,59,,92158,4,,,0,21,,92159,4,,,0,18,,92160,4,,,0,62,,92161,4,,,0,21,,92162,4,,,0,20,,92163,4,,,0,59,,92164,4,,,0,19,,92165,4,,,0,21,,92166,4,,,0,60,,92167,4,,,0,20,,92168,4,,,0,20,,92169,4,,,0,62,,92170,4,,,0,19,,92171,4,,,0,19,,92172,4,,,0,53,,92187,1,0,11 12,0,7,,92173,4,,,0,13,,92188,1,0,11 12,0,9,,92174,4,,,0,11,,92189,1,0,11 12,0,8,,92175,4,,,0,52,,92190,1,0,11 12,0,9,,92176,4,,,0,11,,92191,1,0,11 12,0,11,,92177,4,,,0,9,,92192,1,0,11 12,0,8,,92178,4,,,0,52,,92193,1,0,11 12,0,7,,92179,4,,,0,22,,92180,4,,,0,20,,92181,4,,,0,63,,92182,4,,,0,26,,92183,4,,,0,69,,92184,4,,,0,33,,92185,4,,,0
