300,'S2-0_4',655,,85225,16,,,0,64,,85226,16,,,0,32,,85227,16,,,0,64,,85228,16,,,0,25,,85229,16,,,0,70,,85230,16,,,0,32,,85231,16,,,0,72,,85232,16,,,0,32,,85233,16,,,0,72,,85234,16,,,0,32,,85235,16,,,0,72,,85236,16,,,0,32,,85237,16,,,0,72,,85238,16,,,0,32,,85239,16,,,0,72,,85240,16,,,0,72,,85241,16,,,0,33,,85242,16,,,0,70,,85244,16,,,0,27,,85245,16,,,0,68,,85246,16,,,0,29,,85247,16,,,0,30,,85248,16,,,0,70,,85252,16,,,0,71,,85249,16,,,0,31,,85250,16,,,0,73,,85251,16,,,0,30,,85243,16,,,0
300,'S2-0_5',655,,85253,16,,,0,64,,85254,16,,,0,32,,85255,16,,,0,64,,85256,16,,,0,25,,85257,16,,,0,70,,85258,16,,,0,32,,85259,16,,,0,72,,85260,16,,,0,32,,85261,16,,,0,72,,85262,16,,,0,32,,85263,16,,,0,72,,85264,16,,,0,32,,85265,16,,,0,72,,85266,16,,,0,32,,85267,16,,,0,72,,85268,16,,,0,72,,85269,16,,,0,33,,85270,16,,,0,70,,85272,16,,,0,27,,85273,16,,,0,68,,85274,16,,,0,29,,85275,16,,,0,30,,85276,16,,,0,70,,85280,16,,,0,71,,85277,16,,,0,31,,85278,16,,,0,73,,85279,16,,,0,30,,85271,16,,,0
300,'S2-1_3',655,,85281,16,,,0,64,,85282,16,,,0,32,,85283,16,,,0,64,,85284,16,,,0,25,,85285,16,,,0,70,,85286,16,,,0,32,,85287,16,,,0,72,,85288,16,,,0,32,,85289,16,,,0,72,,85290,16,,,0,32,,85291,16,,,0,72,,85292,16,,,0,32,,85293,16,,,0,72,,85294,16,,,0,32,,85295,16,,,0,72,,85296,16,,,0,72,,85297,16,,,0,33,,85298,16,,,0,70,,85300,16,,,0,27,,85301,16,,,0,68,,85302,16,,,0,29,,85303,16,,,0,30,,85304,16,,,0,70,,85308,16,,,0,71,,85305,16,,,0,31,,85306,16,,,0,73,,85307,16,,,0,30,,85299,16,,,0
300,'S2-2_6',658,,85309,16,,,0,69,,85311,16,,,0,29,,85312,16,,,0,70,,85310,16,,,0,30,,85314,16,,,0,69,,85315,16,,,0,29,,85313,16,,,0,71,,85316,16,,,0,30,,85317,16,,,0,70,,85320,16,,,0,29,,85319,16,,,0,69,,85318,16,,,0,29,,85322,16,,,0,70,,85321,16,,,0,29,,85323,16,,,0,69,,85324,16,,,0,32,,85325,16,,,0,72,,85326,16,,,0,31,,85327,16,,,0,71,,85328,16,,,0,32,,85329,16,,,0,72,,85330,16,,,0,70,,85331,16,,,0,31,,85336,16,,,0,71,,85332,16,,,0,30,,85333,16,,,0,26,,85334,16,,,0,70,,85335,16,,,0
300,'S2-3_7',901,,85359,16,,,0,32,,85360,16,,,0,75,,85361,16,,,0,34,,85362,16,,,0,72,,85353,16,,,0,33,,85358,16,,,0,73,,85357,16,,,0,33,,85356,16,,,0,72,,85355,16,,,0,32,,85337,16,,,0,68,,85338,16,,,0,29,,85339,16,,,0,68,,85340,16,,,0,28,,85341,16,,,0,68,,85342,16,,,0,31,,85343,16,,,0,68,,85344,16,,,0,27,,85345,16,,,0,68,,85346,16,,,0,29,,85347,16,,,0,67,,85348,16,,,0,26,,85349,16,,,0,66,,85350,16,,,0,24,,85351,16,,,0,24,,85354,16,,,0,66,,85352,16,,,0
300,'S2-4_1',655,,85363,16,,,0,64,,85364,16,,,0,32,,85365,16,,,0,64,,85366,16,,,0,25,,85367,16,,,0,70,,85368,16,,,0,32,,85369,16,,,0,72,,85370,16,,,0,32,,85371,16,,,0,72,,85372,16,,,0,32,,85373,16,,,0,72,,85374,16,,,0,32,,85375,16,,,0,72,,85376,16,,,0,32,,85377,16,,,0,72,,85378,16,,,0,72,,85379,16,,,0,33,,85380,16,,,0,70,,85382,16,,,0,27,,85383,16,,,0,68,,85384,16,,,0,29,,85385,16,,,0,30,,85386,16,,,0,70,,85390,16,,,0,71,,85387,16,,,0,31,,85388,16,,,0,73,,85389,16,,,0,30,,85381,16,,,0
300,'S2-4_2',655,,85391,16,,,0,64,,85392,16,,,0,32,,85393,16,,,0,64,,85394,16,,,0,25,,85395,16,,,0,70,,85396,16,,,0,32,,85397,16,,,0,72,,85398,16,,,0,32,,85399,16,,,0,72,,85400,16,,,0,32,,85401,16,,,0,72,,85402,16,,,0,32,,85403,16,,,0,72,,85404,16,,,0,32,,85405,16,,,0,72,,85406,16,,,0,72,,85407,16,,,0,33,,85408,16,,,0,70,,85410,16,,,0,27,,85411,16,,,0,68,,85412,16,,,0,29,,85413,16,,,0,30,,85414,16,,,0,70,,85418,16,,,0,71,,85415,16,,,0,31,,85416,16,,,0,73,,85417,16,,,0,30,,85409,16,,,0
300,'S2-4_4',655,,85419,16,,,0,64,,85420,16,,,0,32,,85421,16,,,0,64,,85422,16,,,0,25,,85423,16,,,0,70,,85424,16,,,0,32,,85425,16,,,0,72,,85426,16,,,0,32,,85427,16,,,0,72,,85428,16,,,0,32,,85429,16,,,0,72,,85430,16,,,0,32,,85431,16,,,0,72,,85432,16,,,0,32,,85433,16,,,0,72,,85434,16,,,0,72,,85435,16,,,0,33,,85436,16,,,0,70,,85438,16,,,0,27,,85439,16,,,0,68,,85440,16,,,0,29,,85441,16,,,0,30,,85442,16,,,0,70,,85446,16,,,0,71,,85443,16,,,0,31,,85444,16,,,0,73,,85445,16,,,0,30,,85437,16,,,0
2900300,'S2-0_4',710,,91352,8,,,0,30,,91353,8,,,0,69,,91354,8,,,0
2900300,'S2-0_5',710,,91355,8,,,0,30,,91356,8,,,0,69,,91357,8,,,0
2900300,'S2-1_3',710,,91358,8,,,0,30,,91359,8,,,0,69,,91360,8,,,0
2900300,'S2-4_1',710,,91361,8,,,0,30,,91362,8,,,0,69,,91363,8,,,0
2900300,'S2-4_2',710,,91364,8,,,0,30,,91365,8,,,0,69,,91366,8,,,0
2900300,'S2-4_4',710,,91367,8,,,0,30,,91368,8,,,0,69,,91369,8,,,0
