1600,'S2-0_4',806,,87526,5,,,0,118,,87527,9,0,25,0,87,,87531,9,,,0,119,,87528,9,0,25,0,177,,87533,14,,,0,124,,87529,9,,,0,193,,87530,9,0,25,0,103,,87535,14,,,0,126,,87532,9,,,0
1600,'S2-0_5',806,,87536,5,,,0,118,,87537,9,0,25,0,87,,87541,9,,,0,119,,87538,9,0,25,0,177,,87543,14,,,0,124,,87539,9,,,0,193,,87540,9,0,25,0,103,,87545,14,,,0,126,,87542,9,,,0
1600,'S2-1_3',806,,87546,5,,,0,118,,87547,9,0,25,0,87,,87551,9,,,0,119,,87548,9,0,25,0,177,,87553,14,,,0,124,,87549,9,,,0,193,,87550,9,0,25,0,103,,87555,14,,,0,126,,87552,9,,,0
1600,'S2-2_6',806,,87556,5,,,0,118,,87557,9,0,25,0,87,,87561,9,,,0,119,,87558,9,0,25,0,177,,87563,14,,,0,124,,87559,9,,,0,193,,87560,9,0,25,0,103,,87565,14,,,0,126,,87562,9,,,0
1600,'S2-4_1',806,,87566,5,,,0,118,,87567,9,0,25,0,87,,87571,9,,,0,119,,87568,9,0,25,0,177,,87573,14,,,0,124,,87569,9,,,0,193,,87570,9,0,25,0,103,,87575,14,,,0,126,,87572,9,,,0
1600,'S2-4_2',806,,87576,5,,,0,118,,87577,9,0,25,0,87,,87581,9,,,0,119,,87578,9,0,25,0,177,,87583,14,,,0,124,,87579,9,,,0,193,,87580,9,0,25,0,103,,87585,14,,,0,126,,87582,9,,,0
1600,'S2-4_4',806,,87586,5,,,0,118,,87587,9,0,25,0,87,,87591,9,,,0,119,,87588,9,0,25,0,177,,87593,14,,,0,124,,87589,9,,,0,193,,87590,9,0,25,0,103,,87595,14,,,0,126,,87592,9,,,0
1900,'S2-0_4',655,,87830,6,,,0,56,,87831,6,,,0,44,,87836,6,,,0,47,,87829,2,0,23 53,0,2,,87833,5,0,23 53,0,12,,87835,6,,,0,934,,87832,6,,,0,150,,87834,6,0,25,0
1900,'S2-0_5',655,,87838,6,,,0,56,,87839,6,,,0,44,,87844,6,,,0,47,,87837,2,0,23 53,0,2,,87841,5,0,23 53,0,12,,87843,6,,,0,934,,87840,6,,,0,150,,87842,6,0,25,0
1900,'S2-1_3',655,,87846,6,,,0,56,,87847,6,,,0,44,,87853,6,,,0,47,,87845,2,0,23 53,0,2,,87849,5,0,23 53,0,12,,87852,6,,,0,542,,87851,6,,,0,392,,87848,6,,,0,150,,87850,6,0,25,0
1900,'S2-4_1',655,,87855,6,,,0,56,,87856,6,,,0,44,,87861,6,,,0,47,,87854,2,0,23 53,0,2,,87858,5,0,23 53,0,12,,87860,6,,,0,934,,87857,6,,,0,150,,87859,6,0,25,0
1900,'S2-4_2',655,,87863,6,,,0,56,,87864,6,,,0,44,,87869,6,,,0,47,,87862,2,0,23 53,0,2,,87866,5,0,23 53,0,12,,87868,6,,,0,934,,87865,6,,,0,150,,87867,6,0,25,0
1900,'S2-4_4',655,,87871,6,,,0,56,,87872,6,,,0,44,,87877,6,,,0,47,,87870,2,0,23 53,0,2,,87874,5,0,23 53,0,12,,87876,6,,,0,934,,87873,6,,,0,150,,87875,6,0,25,0
