900,'S2-0_4',659,,86863,12,,,0,68,,86864,12,,,0,81,,86868,18,,,0,21,,86869,9,,,0,4,,86870,19,,,0,84,,86865,12,,,0,89,,86871,19,,,0,147,,86873,15,,,0,105,,86874,15,,,0,70,,86866,12,,,0,131,,86877,20,,,0,84,,86875,15,,,0,110,,86876,15,,,0,72,,86867,12,,,0,129,,86878,20,,,0
900,'S2-0_5',659,,86882,12,,,0,68,,86883,12,,,0,81,,86887,18,,,0,21,,86888,9,,,0,4,,86889,19,,,0,84,,86884,12,,,0,89,,86890,19,,,0,147,,86892,15,,,0,105,,86893,15,,,0,70,,86885,12,,,0,131,,86896,20,,,0,84,,86894,15,,,0,110,,86895,15,,,0,72,,86886,12,,,0,129,,86897,20,,,0
900,'S2-1_3',659,,86901,12,,,0,68,,86902,12,,,0,81,,86906,18,,,0,21,,86907,9,,,0,4,,86908,19,,,0,84,,86903,12,,,0,89,,86909,19,,,0,147,,86911,15,,,0,105,,86912,15,,,0,70,,86904,12,,,0,131,,86915,20,,,0,84,,86913,15,,,0,110,,86914,15,,,0,72,,86905,12,,,0,129,,86916,20,,,0
900,'S2-2_6',709,,86921,15,,,0,99,,86922,15,,,0,314,,86923,15,,,0,324,,86924,15,,,0,89,,86919,9,,,0,99,,86930,9,,,0,175,,86925,16,,,0,93,,86926,15,,,0
900,'S2-4_1',659,,86932,12,,,0,68,,86933,12,,,0,81,,86937,18,,,0,21,,86938,9,,,0,4,,86939,19,,,0,84,,86934,12,,,0,89,,86940,19,,,0,147,,86942,15,,,0,105,,86943,15,,,0,70,,86935,12,,,0,131,,86946,20,,,0,84,,86944,15,,,0,110,,86945,15,,,0,72,,86936,12,,,0,129,,86947,20,,,0
900,'S2-4_2',659,,86951,12,,,0,68,,86952,12,,,0,81,,86956,18,,,0,21,,86957,9,,,0,4,,86958,19,,,0,84,,86953,12,,,0,89,,86959,19,,,0,147,,86961,15,,,0,105,,86962,15,,,0,70,,86954,12,,,0,131,,86965,20,,,0,84,,86963,15,,,0,110,,86964,15,,,0,72,,86955,12,,,0,129,,86966,20,,,0
900,'S2-4_4',659,,86970,12,,,0,68,,86971,12,,,0,81,,86975,18,,,0,21,,86976,9,,,0,4,,86977,19,,,0,84,,86972,12,,,0,89,,86978,19,,,0,147,,86980,15,,,0,105,,86981,15,,,0,70,,86973,12,,,0,131,,86984,20,,,0,84,,86982,15,,,0,110,,86983,15,,,0,72,,86974,12,,,0,129,,86985,20,,,0
1000,'S2-0_4',931,,87111,34,0,18 30,0,25,,87099,28,,,0,161,,87102,34,0,18 30,0,87,,87103,34,0,18 30,0,37,,87104,34,0,18 30,0,80,,87105,34,0,18 30,0,99,,87106,34,0,18 30,0,80,,87108,34,,,0,30,,87109,34,,,0,96,,87110,34,,,0,23,,87100,28,,,0,187,,87101,28,,,0,164,,87107,34,0,18 30,0
1000,'S2-0_5',931,,87126,34,0,18 30,0,25,,87114,28,,,0,161,,87117,34,0,18 30,0,87,,87118,34,0,18 30,0,37,,87119,34,0,18 30,0,80,,87120,34,0,18 30,0,99,,87121,34,0,18 30,0,80,,87123,34,,,0,30,,87124,34,,,0,96,,87125,34,,,0,23,,87115,28,,,0,187,,87116,28,,,0,164,,87122,34,0,18 30,0
1000,'S2-1_3',931,,87141,34,0,18 30,0,25,,87129,28,,,0,161,,87132,34,0,18 30,0,87,,87133,34,0,18 30,0,37,,87134,34,0,18 30,0,80,,87135,34,0,18 30,0,99,,87136,34,0,18 30,0,80,,87138,34,,,0,30,,87139,34,,,0,96,,87140,34,,,0,23,,87130,28,,,0,187,,87131,28,,,0,164,,87137,34,0,18 30,0
1000,'S2-2_6',702,,87142,28,,,0,55,,87143,28,,,0,171,,87149,34,0,18 30,0,27,,87144,28,,,0,158,,87150,34,0,18 30,0,101,,87151,34,0,18 30,0,100,,87152,34,0,18 30,0,102,,87153,34,0,18 30,0,92,,87147,34,,,0,115,,87148,34,,,0,29,,87145,28,,,0,186,,87146,28,,,0,121,,87154,34,0,18 30,0
1000,'S2-4_1',931,,87169,34,0,18 30,0,25,,87157,28,,,0,161,,87160,34,0,18 30,0,87,,87161,34,0,18 30,0,37,,87162,34,0,18 30,0,80,,87163,34,0,18 30,0,99,,87164,34,0,18 30,0,80,,87166,34,,,0,30,,87167,34,,,0,96,,87168,34,,,0,23,,87158,28,,,0,187,,87159,28,,,0,164,,87165,34,0,18 30,0
1000,'S2-4_2',931,,87184,34,0,18 30,0,25,,87172,28,,,0,161,,87175,34,0,18 30,0,87,,87176,34,0,18 30,0,37,,87177,34,0,18 30,0,80,,87178,34,0,18 30,0,99,,87179,34,0,18 30,0,80,,87181,34,,,0,30,,87182,34,,,0,96,,87183,34,,,0,23,,87173,28,,,0,187,,87174,28,,,0,164,,87180,34,0,18 30,0
1000,'S2-4_4',931,,87199,34,0,18 30,0,25,,87187,28,,,0,161,,87190,34,0,18 30,0,87,,87191,34,0,18 30,0,37,,87192,34,0,18 30,0,80,,87193,34,0,18 30,0,99,,87194,34,0,18 30,0,80,,87196,34,,,0,30,,87197,34,,,0,96,,87198,34,,,0,23,,87188,28,,,0,187,,87189,28,,,0,164,,87195,34,0,18 30,0
1100,'S2-0_4',709,,87296,17,,,0,128,,87297,20,,,0,922,,87298,20,,,0,151,,87299,20,,,0
1100,'S2-0_5',709,,87300,17,,,0,128,,87301,20,,,0,922,,87302,20,,,0,151,,87303,20,,,0
1100,'S2-1_3',709,,87304,17,,,0,128,,87305,20,,,0,922,,87306,20,,,0,151,,87307,20,,,0
1100,'S2-2_6',709,,87308,17,,,0,128,,87309,20,,,0,905,,87310,20,,,0,159,,87311,20,,,0
1100,'S2-4_1',709,,87312,17,,,0,128,,87313,20,,,0,922,,87314,20,,,0,151,,87315,20,,,0
1100,'S2-4_2',709,,87316,17,,,0,128,,87317,20,,,0,922,,87318,20,,,0,151,,87319,20,,,0
1100,'S2-4_4',709,,87320,17,,,0,128,,87321,20,,,0,922,,87322,20,,,0,151,,87323,20,,,0
1900,'S2-0_4',727,,87831,15,,,0,105,,87835,15,,,0,974,,87832,15,,,0
1900,'S2-0_5',727,,87839,15,,,0,105,,87843,15,,,0,974,,87840,15,,,0
1900,'S2-1_3',727,,87847,15,,,0,105,,87852,15,,,0,582,,87851,15,,,0,392,,87848,15,,,0
1900,'S2-4_1',727,,87856,15,,,0,105,,87860,15,,,0,974,,87857,15,,,0
1900,'S2-4_2',727,,87864,15,,,0,105,,87868,15,,,0,974,,87865,15,,,0
1900,'S2-4_4',727,,87872,15,,,0,105,,87876,15,,,0,974,,87873,15,,,0
1000000,'S2-0_4',534,,89311,3,0,31 33,0,20,,89312,3,0,31 33,0,59,,89393,3,0,31 33,0,18,,89394,3,,,0,14,,89396,3,,,0,10,,89392,3,,,0,48,,89345,3,,,0,8,,89346,3,,,0,11,,89347,3,,,0,11,,89348,3,,,0,10,,89349,3,,,0,11,,89350,3,,,0,50,,89351,3,,,0,10,,89352,3,,,0,9,,89395,3,,,0,9,,89313,3,0,31 33,0,9,,89314,3,,,0,10,,89315,3,0,31 33,0,50,,89316,3,,,0,11,,89317,3,0,31 33,0,9,,89353,3,,,0,11,,89318,3,0,31 33,0,11,,89319,3,,,0,11,,89320,3,0,31 33,0,51,,89321,3,,,0,11,,89322,3,0,31 33,0,10,,89323,3,,,0,11,,89325,3,0,31 33,0,10,,89324,3,,,0,11,,89355,3,0,31 33,0,51,,89354,3,,,0,11,,89356,3,0,31 33,0,11,,89357,3,,,0,10,,89358,3,0,31 33,0,10,,89359,3,,,0,50,,89360,3,0,31 33,0,12,,89361,3,,,0,11,,89362,3,0,31 33,0,10,,89363,3,,,0,10,,89364,3,0,31 33,0,10,,89365,3,,,0,49,,89366,3,0,31 33,0,10,,89367,3,,,0,10,,89326,3,0,31 33,0,11,,89327,3,,,0,9,,89368,3,0,31 33,0,10,,89328,3,,,0,49,,89329,3,0,31 33,0,11,,89330,3,,,0,10,,89369,3,0,31 33,0,11,,89331,3,,,0,9,,89332,3,0,31 33,0,10,,89333,3,,,0,50,,89334,3,0,31 33,0,11,,89370,3,,,0,11,,89371,3,,,0,9,,89372,3,,,0,10,,89373,3,,,0,9,,89374,3,,,0,51,,89375,3,,,0,10,,89376,3,,,0,11,,89377,3,,,0,9,,89378,3,,,0,9,,89379,3,,,0,9,,89380,3,,,0,50,,89381,3,,,0,10,,89382,3,,,0,10,,89383,3,,,0,10,,89384,3,,,0,10,,89385,3,,,0,10,,89386,3,0,31 33,0,51,,89387,3,,,0,9,,89391,3,0,31 33,0,10,,89335,3,0,31 33,0,11,,89388,3,,,0,10,,89336,3,0,31 33,0,10,,89389,3,,,0,49,,89337,3,0,31 33,0,19,,89338,3,0,31 33,0,19,,89339,3,0,31 33,0,18,,89340,3,0,31 33,0,61,,89341,3,0,31 33,0,21,,89342,3,0,31 33,0,61,,89343,3,0,31 33,0,21,,89344,3,0,31 33,0
1000000,'S2-0_5',534,,89397,3,0,31 33,0,20,,89398,3,0,31 33,0,59,,89479,3,0,31 33,0,18,,89480,3,,,0,14,,89482,3,,,0,10,,89478,3,,,0,48,,89431,3,,,0,8,,89432,3,,,0,11,,89433,3,,,0,11,,89434,3,,,0,10,,89435,3,,,0,11,,89436,3,,,0,50,,89437,3,,,0,10,,89438,3,,,0,9,,89481,3,,,0,9,,89399,3,0,31 33,0,9,,89400,3,,,0,10,,89401,3,0,31 33,0,50,,89402,3,,,0,11,,89403,3,0,31 33,0,9,,89439,3,,,0,11,,89404,3,0,31 33,0,11,,89405,3,,,0,11,,89406,3,0,31 33,0,51,,89407,3,,,0,11,,89408,3,0,31 33,0,10,,89409,3,,,0,11,,89411,3,0,31 33,0,10,,89410,3,,,0,11,,89441,3,0,31 33,0,51,,89440,3,,,0,11,,89442,3,0,31 33,0,11,,89443,3,,,0,10,,89444,3,0,31 33,0,10,,89445,3,,,0,50,,89446,3,0,31 33,0,12,,89447,3,,,0,11,,89448,3,0,31 33,0,10,,89449,3,,,0,10,,89450,3,0,31 33,0,10,,89451,3,,,0,49,,89452,3,0,31 33,0,10,,89453,3,,,0,10,,89412,3,0,31 33,0,11,,89413,3,,,0,9,,89454,3,0,31 33,0,10,,89414,3,,,0,49,,89415,3,0,31 33,0,11,,89416,3,,,0,10,,89455,3,0,31 33,0,11,,89417,3,,,0,9,,89418,3,0,31 33,0,10,,89419,3,,,0,50,,89420,3,0,31 33,0,11,,89456,3,,,0,11,,89457,3,,,0,9,,89458,3,,,0,10,,89459,3,,,0,9,,89460,3,,,0,51,,89461,3,,,0,10,,89462,3,,,0,11,,89463,3,,,0,9,,89464,3,,,0,9,,89465,3,,,0,9,,89466,3,,,0,50,,89467,3,,,0,10,,89468,3,,,0,10,,89469,3,,,0,10,,89470,3,,,0,10,,89471,3,,,0,10,,89472,3,0,31 33,0,51,,89473,3,,,0,9,,89477,3,0,31 33,0,10,,89421,3,0,31 33,0,11,,89474,3,,,0,10,,89422,3,0,31 33,0,10,,89475,3,,,0,49,,89423,3,0,31 33,0,19,,89424,3,0,31 33,0,19,,89425,3,0,31 33,0,18,,89426,3,0,31 33,0,61,,89427,3,0,31 33,0,21,,89428,3,0,31 33,0,61,,89429,3,0,31 33,0,21,,89430,3,0,31 33,0
1000000,'S2-1_3',534,,89483,3,0,31 33,0,20,,89484,3,0,31 33,0,59,,89565,3,0,31 33,0,18,,89566,3,,,0,14,,89568,3,,,0,10,,89564,3,,,0,48,,89517,3,,,0,8,,89518,3,,,0,11,,89519,3,,,0,11,,89520,3,,,0,10,,89521,3,,,0,11,,89522,3,,,0,50,,89523,3,,,0,10,,89524,3,,,0,9,,89567,3,,,0,9,,89485,3,0,31 33,0,9,,89486,3,,,0,10,,89487,3,0,31 33,0,50,,89488,3,,,0,11,,89489,3,0,31 33,0,9,,89525,3,,,0,11,,89490,3,0,31 33,0,11,,89491,3,,,0,11,,89492,3,0,31 33,0,51,,89493,3,,,0,11,,89494,3,0,31 33,0,10,,89495,3,,,0,11,,89497,3,0,31 33,0,10,,89496,3,,,0,11,,89527,3,0,31 33,0,51,,89526,3,,,0,11,,89528,3,0,31 33,0,11,,89529,3,,,0,10,,89530,3,0,31 33,0,10,,89531,3,,,0,50,,89532,3,0,31 33,0,12,,89533,3,,,0,11,,89534,3,0,31 33,0,10,,89535,3,,,0,10,,89536,3,0,31 33,0,10,,89537,3,,,0,49,,89538,3,0,31 33,0,10,,89539,3,,,0,10,,89498,3,0,31 33,0,11,,89499,3,,,0,9,,89540,3,0,31 33,0,10,,89500,3,,,0,49,,89501,3,0,31 33,0,11,,89502,3,,,0,10,,89541,3,0,31 33,0,11,,89503,3,,,0,9,,89504,3,0,31 33,0,10,,89505,3,,,0,50,,89506,3,0,31 33,0,11,,89542,3,,,0,11,,89543,3,,,0,9,,89544,3,,,0,10,,89545,3,,,0,9,,89546,3,,,0,51,,89547,3,,,0,10,,89548,3,,,0,11,,89549,3,,,0,9,,89550,3,,,0,9,,89551,3,,,0,9,,89552,3,,,0,50,,89553,3,,,0,10,,89554,3,,,0,10,,89555,3,,,0,10,,89556,3,,,0,10,,89557,3,,,0,10,,89558,3,0,31 33,0,51,,89559,3,,,0,9,,89563,3,0,31 33,0,10,,89507,3,0,31 33,0,11,,89560,3,,,0,10,,89508,3,0,31 33,0,10,,89561,3,,,0,49,,89509,3,0,31 33,0,19,,89510,3,0,31 33,0,19,,89511,3,0,31 33,0,18,,89512,3,0,31 33,0,61,,89513,3,0,31 33,0,21,,89514,3,0,31 33,0,61,,89515,3,0,31 33,0,21,,89516,3,0,31 33,0
1000000,'S2-2_6',531,,89569,3,0,31 33,0,79,,89570,3,0,31 33,0,41,,89571,3,,,0,80,,89572,3,,,0,69,,89573,3,0,31 33,0,15,,89574,3,,,0,16,,89575,3,0,31 33,0,15,,89576,3,0,31 33,0,13,,89577,3,,,0,55,,89578,3,0,31 33,0,15,,89636,3,0,31 33,0,16,,89579,3,,,0,56,,89580,3,0,31 33,0,16,,89581,3,0,31 33,0,14,,89582,3,,,0,16,,89583,3,0,31 33,0,55,,89584,3,0,31 33,0,16,,89585,3,,,0,15,,89586,3,0,31 33,0,15,,89587,3,0,31 33,0,56,,89588,3,,,0,14,,89589,3,0,31 33,0,16,,89590,3,0,31 33,0,15,,89591,3,,,0,54,,89592,3,0,31 33,0,9,,89593,3,0,31 33,0,11,,89594,3,,,0,12,,89595,3,0,31 33,0,10,,89596,3,0,31 33,0,9,,89597,3,0,31 33,0,49,,89598,3,,,0,10,,89599,3,0,31 33,0,11,,89600,3,0,31 33,0,10,,89601,3,0,31 33,0,10,,89602,3,,,0,12,,89603,3,0,31 33,0,49,,89604,3,0,31 33,0,9,,89605,3,0,31 33,0,10,,89606,3,,,0,11,,89607,3,0,31 33,0,10,,89608,3,0,31 33,0,10,,89609,3,0,31 33,0,51,,89610,3,,,0,11,,89611,3,0,31 33,0,9,,89612,3,0,31 33,0,10,,89613,3,0,31 33,0,11,,89614,3,,,0,53,,89615,3,0,31 33,0,9,,89616,3,0,31 33,0,9,,89617,3,0,31 33,0,10,,89618,3,,,0,9,,89619,3,0,31 33,0,9,,89620,3,0,31 33,0,10,,89621,3,0,31 33,0,49,,89623,3,0,31 33,0,10,,89622,3,,,0,9,,89624,3,0,31 33,0,9,,89625,3,0,31 33,0,9,,89627,3,0,31 33,0,10,,89626,3,0,31 33,0,51,,89628,3,0,31 33,0,21,,89629,3,0,31 33,0,17,,89630,3,0,31 33,0,60,,89631,3,0,31 33,0,20,,89632,3,0,31 33,0,20,,89633,3,0,31 33,0,60,,89634,3,0,31 33,0,20,,89635,3,0,31 33,0
1000000,'S2-3_7',801,,89637,3,0,31 33,0,40,,89638,3,0,31 33,0,80,,89639,3,0,31 33,0,80,,89640,3,0,31 33,0,40,,89641,3,0,31 33,0,80,,89642,3,0,31 33,0,80,,89643,3,0,31 33,0,40,,89644,3,0,31 33,0,80,,89645,3,0,31 33,0,80,,89646,3,0,31 33,0,40,,89647,3,0,31 33,0,80,,89648,3,0,31 33,0,80,,89649,3,0,31 33,0,40,,89650,3,0,31 33,0,80,,89651,3,0,31 33,0,80,,89652,3,0,31 33,0,40,,89653,3,0,31 33,0,80,,89654,3,0,31 33,0
1000000,'S2-4_1',534,,89655,3,0,31 33,0,20,,89656,3,0,31 33,0,59,,89737,3,0,31 33,0,18,,89738,3,,,0,14,,89740,3,,,0,10,,89736,3,,,0,48,,89689,3,,,0,8,,89690,3,,,0,11,,89691,3,,,0,11,,89692,3,,,0,10,,89693,3,,,0,11,,89694,3,,,0,50,,89695,3,,,0,10,,89696,3,,,0,9,,89739,3,,,0,9,,89657,3,0,31 33,0,9,,89658,3,,,0,10,,89659,3,0,31 33,0,50,,89660,3,,,0,11,,89661,3,0,31 33,0,9,,89697,3,,,0,11,,89662,3,0,31 33,0,11,,89663,3,,,0,11,,89664,3,0,31 33,0,51,,89665,3,,,0,11,,89666,3,0,31 33,0,10,,89667,3,,,0,11,,89669,3,0,31 33,0,10,,89668,3,,,0,11,,89699,3,0,31 33,0,51,,89698,3,,,0,11,,89700,3,0,31 33,0,11,,89701,3,,,0,10,,89702,3,0,31 33,0,10,,89703,3,,,0,50,,89704,3,0,31 33,0,12,,89705,3,,,0,11,,89706,3,0,31 33,0,10,,89707,3,,,0,10,,89708,3,0,31 33,0,10,,89709,3,,,0,49,,89710,3,0,31 33,0,10,,89711,3,,,0,10,,89670,3,0,31 33,0,11,,89671,3,,,0,9,,89712,3,0,31 33,0,10,,89672,3,,,0,49,,89673,3,0,31 33,0,11,,89674,3,,,0,10,,89713,3,0,31 33,0,11,,89675,3,,,0,9,,89676,3,0,31 33,0,10,,89677,3,,,0,50,,89678,3,0,31 33,0,11,,89714,3,,,0,11,,89715,3,,,0,9,,89716,3,,,0,10,,89717,3,,,0,9,,89718,3,,,0,51,,89719,3,,,0,10,,89720,3,,,0,11,,89721,3,,,0,9,,89722,3,,,0,9,,89723,3,,,0,9,,89724,3,,,0,50,,89725,3,,,0,10,,89726,3,,,0,10,,89727,3,,,0,10,,89728,3,,,0,10,,89729,3,,,0,10,,89730,3,0,31 33,0,51,,89731,3,,,0,9,,89735,3,0,31 33,0,10,,89679,3,0,31 33,0,11,,89732,3,,,0,10,,89680,3,0,31 33,0,10,,89733,3,,,0,49,,89681,3,0,31 33,0,19,,89682,3,0,31 33,0,19,,89683,3,0,31 33,0,18,,89684,3,0,31 33,0,61,,89685,3,0,31 33,0,21,,89686,3,0,31 33,0,61,,89687,3,0,31 33,0,21,,89688,3,0,31 33,0
1000000,'S2-4_2',534,,89741,3,0,31 33,0,20,,89742,3,0,31 33,0,59,,89823,3,0,31 33,0,18,,89824,3,,,0,14,,89826,3,,,0,10,,89822,3,,,0,48,,89775,3,,,0,8,,89776,3,,,0,11,,89777,3,,,0,11,,89778,3,,,0,10,,89779,3,,,0,11,,89780,3,,,0,50,,89781,3,,,0,10,,89782,3,,,0,9,,89825,3,,,0,9,,89743,3,0,31 33,0,9,,89744,3,,,0,10,,89745,3,0,31 33,0,50,,89746,3,,,0,11,,89747,3,0,31 33,0,9,,89783,3,,,0,11,,89748,3,0,31 33,0,11,,89749,3,,,0,11,,89750,3,0,31 33,0,51,,89751,3,,,0,11,,89752,3,0,31 33,0,10,,89753,3,,,0,11,,89755,3,0,31 33,0,10,,89754,3,,,0,11,,89785,3,0,31 33,0,51,,89784,3,,,0,11,,89786,3,0,31 33,0,11,,89787,3,,,0,10,,89788,3,0,31 33,0,10,,89789,3,,,0,50,,89790,3,0,31 33,0,12,,89791,3,,,0,11,,89792,3,0,31 33,0,10,,89793,3,,,0,10,,89794,3,0,31 33,0,10,,89795,3,,,0,49,,89796,3,0,31 33,0,10,,89797,3,,,0,10,,89756,3,0,31 33,0,11,,89757,3,,,0,9,,89798,3,0,31 33,0,10,,89758,3,,,0,49,,89759,3,0,31 33,0,11,,89760,3,,,0,10,,89799,3,0,31 33,0,11,,89761,3,,,0,9,,89762,3,0,31 33,0,10,,89763,3,,,0,50,,89764,3,0,31 33,0,11,,89800,3,,,0,11,,89801,3,,,0,9,,89802,3,,,0,10,,89803,3,,,0,9,,89804,3,,,0,51,,89805,3,,,0,10,,89806,3,,,0,11,,89807,3,,,0,9,,89808,3,,,0,9,,89809,3,,,0,9,,89810,3,,,0,50,,89811,3,,,0,10,,89812,3,,,0,10,,89813,3,,,0,10,,89814,3,,,0,10,,89815,3,,,0,10,,89816,3,0,31 33,0,51,,89817,3,,,0,9,,89821,3,0,31 33,0,10,,89765,3,0,31 33,0,11,,89818,3,,,0,10,,89766,3,0,31 33,0,10,,89819,3,,,0,49,,89767,3,0,31 33,0,19,,89768,3,0,31 33,0,19,,89769,3,0,31 33,0,18,,89770,3,0,31 33,0,61,,89771,3,0,31 33,0,21,,89772,3,0,31 33,0,61,,89773,3,0,31 33,0,21,,89774,3,0,31 33,0
1000000,'S2-4_4',534,,89827,3,0,31 33,0,20,,89828,3,0,31 33,0,59,,89909,3,0,31 33,0,18,,89910,3,,,0,14,,89912,3,,,0,10,,89908,3,,,0,48,,89861,3,,,0,8,,89862,3,,,0,11,,89863,3,,,0,11,,89864,3,,,0,10,,89865,3,,,0,11,,89866,3,,,0,50,,89867,3,,,0,10,,89868,3,,,0,9,,89911,3,,,0,9,,89829,3,0,31 33,0,9,,89830,3,,,0,10,,89831,3,0,31 33,0,50,,89832,3,,,0,11,,89833,3,0,31 33,0,9,,89869,3,,,0,11,,89834,3,0,31 33,0,11,,89835,3,,,0,11,,89836,3,0,31 33,0,51,,89837,3,,,0,11,,89838,3,0,31 33,0,10,,89839,3,,,0,11,,89841,3,0,31 33,0,10,,89840,3,,,0,11,,89871,3,0,31 33,0,51,,89870,3,,,0,11,,89872,3,0,31 33,0,11,,89873,3,,,0,10,,89874,3,0,31 33,0,10,,89875,3,,,0,50,,89876,3,0,31 33,0,12,,89877,3,,,0,11,,89878,3,0,31 33,0,10,,89879,3,,,0,10,,89880,3,0,31 33,0,10,,89881,3,,,0,49,,89882,3,0,31 33,0,10,,89883,3,,,0,10,,89842,3,0,31 33,0,11,,89843,3,,,0,9,,89884,3,0,31 33,0,10,,89844,3,,,0,49,,89845,3,0,31 33,0,11,,89846,3,,,0,10,,89885,3,0,31 33,0,11,,89847,3,,,0,9,,89848,3,0,31 33,0,10,,89849,3,,,0,50,,89850,3,0,31 33,0,11,,89886,3,,,0,11,,89887,3,,,0,9,,89888,3,,,0,10,,89889,3,,,0,9,,89890,3,,,0,51,,89891,3,,,0,10,,89892,3,,,0,11,,89893,3,,,0,9,,89894,3,,,0,9,,89895,3,,,0,9,,89896,3,,,0,50,,89897,3,,,0,10,,89898,3,,,0,10,,89899,3,,,0,10,,89900,3,,,0,10,,89901,3,,,0,10,,89902,3,0,31 33,0,51,,89903,3,,,0,9,,89907,3,0,31 33,0,10,,89851,3,0,31 33,0,11,,89904,3,,,0,10,,89852,3,0,31 33,0,10,,89905,3,,,0,49,,89853,3,0,31 33,0,19,,89854,3,0,31 33,0,19,,89855,3,0,31 33,0,18,,89856,3,0,31 33,0,61,,89857,3,0,31 33,0,21,,89858,3,0,31 33,0,61,,89859,3,0,31 33,0,21,,89860,3,0,31 33,0
