601,'S2-0_4',610,,86435,8,,,0,108,,86448,8,,,0,96,,86436,8,,,0,102,,86437,8,,,0,99,,86438,8,,,0,100,,86439,8,,,0,101,,86452,8,,,0,24,,86440,8,,,0,80,,86441,8,,,0,104,,86442,8,,,0,94,,86443,8,,,0,39,,86449,8,,,0,79,,86444,9,,,0,76,,86450,8,,,0,28,,86445,9,,,0,73,,86451,9,,,0,27,,86446,8,,,0,94,,86447,8,,,0
601,'S2-0_5',610,,86453,8,,,0,108,,86466,8,,,0,96,,86454,8,,,0,102,,86455,8,,,0,99,,86456,8,,,0,100,,86457,8,,,0,101,,86470,8,,,0,24,,86458,8,,,0,80,,86459,8,,,0,104,,86460,8,,,0,94,,86461,8,,,0,39,,86467,8,,,0,79,,86462,9,,,0,76,,86468,8,,,0,28,,86463,9,,,0,73,,86469,9,,,0,27,,86464,8,,,0,94,,86465,8,,,0
601,'S2-1_3',610,,86471,8,,,0,108,,86485,8,,,0,96,,86472,8,,,0,102,,86473,8,,,0,99,,86474,8,,,0,100,,86475,8,,,0,101,,86476,9,,,0,24,,86477,8,,,0,80,,86478,8,,,0,104,,86479,8,,,0,94,,86480,8,,,0,39,,86486,8,,,0,79,,86481,9,,,0,76,,86487,8,,,0,28,,86482,9,,,0,73,,86488,9,,,0,27,,86483,8,,,0,94,,86484,8,,,0
601,'S2-2_6',740,,86489,8,,,0,90,,86491,8,,,0,96,,86492,8,,,0,93,,86493,8,,,0,89,,86494,8,,,0,49,,86495,8,,,0,88,,86496,8,,,0,89,,86497,8,,,0,88,,86498,8,,,0,89,,86499,8,,,0,100,,86500,8,,,0,91,,86501,8,,,0,54,,86502,8,,,0,87,,86503,8,,,0,90,,86490,8,,,0
601,'S2-4_1',610,,86504,8,,,0,108,,86517,8,,,0,96,,86505,8,,,0,102,,86506,8,,,0,99,,86507,8,,,0,100,,86508,8,,,0,101,,86521,8,,,0,24,,86509,8,,,0,80,,86510,8,,,0,104,,86511,8,,,0,94,,86512,8,,,0,39,,86518,8,,,0,79,,86513,9,,,0,76,,86519,8,,,0,28,,86514,9,,,0,73,,86520,9,,,0,27,,86515,8,,,0,94,,86516,8,,,0
601,'S2-4_2',610,,86522,8,,,0,108,,86535,8,,,0,96,,86523,8,,,0,102,,86524,8,,,0,99,,86525,8,,,0,100,,86526,8,,,0,101,,86539,8,,,0,24,,86527,8,,,0,80,,86528,8,,,0,104,,86529,8,,,0,94,,86530,8,,,0,39,,86536,8,,,0,79,,86531,9,,,0,76,,86537,8,,,0,28,,86532,9,,,0,73,,86538,9,,,0,27,,86533,8,,,0,94,,86534,8,,,0
601,'S2-4_4',610,,86540,8,,,0,108,,86553,8,,,0,96,,86541,8,,,0,102,,86542,8,,,0,99,,86543,8,,,0,100,,86544,8,,,0,101,,86557,8,,,0,24,,86545,8,,,0,80,,86546,8,,,0,104,,86547,8,,,0,94,,86548,8,,,0,39,,86554,8,,,0,79,,86549,9,,,0,76,,86555,8,,,0,28,,86550,9,,,0,73,,86556,9,,,0,27,,86551,8,,,0,94,,86552,8,,,0
901,'S2-0_4',738,,86988,4,0,26,0,66,,86989,4,0,27 63,0,102,,86994,4,0,23 24,0,152,,86995,4,0,23 24,0,147,,86990,4,0,27 63,0,34,,86999,4,,,0,105,,86996,4,0,23 24,0,111,,86997,4,0,23 24,0,150,,86991,4,0,27 63,0,21,,87002,4,,,0,79,,86992,4,0,27 63,0,100,,86993,4,0,27 63,0,128,,87003,4,,,0
901,'S2-0_5',738,,87004,4,0,26,0,66,,87005,4,0,27 63,0,102,,87010,4,0,23 24,0,152,,87011,4,0,23 24,0,147,,87006,4,0,27 63,0,34,,87015,4,,,0,105,,87012,4,0,23 24,0,111,,87013,4,0,23 24,0,150,,87007,4,0,27 63,0,21,,87018,4,,,0,79,,87008,4,0,27 63,0,100,,87009,4,0,27 63,0,128,,87019,4,,,0
901,'S2-1_3',738,,87020,4,0,26,0,66,,87021,4,0,27 63,0,102,,87026,4,0,23 24,0,152,,87027,4,0,23 24,0,147,,87022,4,0,27 63,0,34,,87031,4,,,0,105,,87028,4,0,23 24,0,111,,87029,4,0,23 24,0,150,,87023,4,0,27 63,0,21,,87034,4,,,0,79,,87024,4,0,27 63,0,100,,87025,4,0,27 63,0,128,,87035,4,,,0
901,'S2-2_6',738,,87036,4,0,23 24,0,99,,87048,4,0,25,0,368,,87046,4,0,25,0,318,,87044,4,0,25,0,82,,87037,4,0,23 24,0,103,,87038,4,0,23 24,0,135,,87039,4,0,23 24,0,90,,87040,4,0,23 24,0
901,'S2-4_1',738,,87049,4,0,26,0,66,,87050,4,0,27 63,0,102,,87055,4,0,23 24,0,152,,87056,4,0,23 24,0,147,,87051,4,0,27 63,0,34,,87060,4,,,0,105,,87057,4,0,23 24,0,111,,87058,4,0,23 24,0,150,,87052,4,0,27 63,0,21,,87063,4,,,0,79,,87053,4,0,27 63,0,100,,87054,4,0,27 63,0,128,,87064,4,,,0
901,'S2-4_2',738,,87065,4,0,26,0,66,,87066,4,0,27 63,0,102,,87071,4,0,23 24,0,152,,87072,4,0,23 24,0,147,,87067,4,0,27 63,0,34,,87076,4,,,0,105,,87073,4,0,23 24,0,111,,87074,4,0,23 24,0,150,,87068,4,0,27 63,0,21,,87079,4,,,0,79,,87069,4,0,27 63,0,100,,87070,4,0,27 63,0,128,,87080,4,,,0
901,'S2-4_4',738,,87081,4,0,26,0,66,,87082,4,0,27 63,0,102,,87087,4,0,23 24,0,152,,87088,4,0,23 24,0,147,,87083,4,0,27 63,0,34,,87092,4,,,0,105,,87089,4,0,23 24,0,111,,87090,4,0,23 24,0,150,,87084,4,0,27 63,0,21,,87095,4,,,0,79,,87085,4,0,27 63,0,100,,87086,4,0,27 63,0,128,,87096,4,,,0
1901,'S2-0_4',1605,,87878,4,,,0,100,,87879,4,,,0,100,,87880,4,,,0
1901,'S2-0_5',1605,,87887,4,,,0,100,,87888,4,,,0,100,,87889,4,,,0
1901,'S2-1_3',1205,,87899,4,,,0,34,,87900,4,,,0
1901,'S2-4_1',1605,,87902,4,,,0,100,,87903,4,,,0,100,,87904,4,,,0
1901,'S2-4_2',1605,,87911,4,,,0,100,,87912,4,,,0,100,,87913,4,,,0
1901,'S2-4_4',1605,,87920,4,,,0,100,,87921,4,,,0,100,,87922,4,,,0
2601,'S2-0_4',735,,88503,7,,,0,2,,88516,7,,,0,1,,88501,7,,,0,2,,88494,20,,,0,72,,88504,20,,,0,24,,88506,20,,,0,9,,88502,8,,,0,55,,88505,20,,,0,39,,88495,20,,,0,100,,88496,20,,,0,100,,88513,20,,,0,100,,88497,20,,,0,67,,88514,20,,,0,22,,88515,20,,,0,5,,88517,7,,,0,87,,88498,20,,,0,95,,88499,20,,,0,114,,88508,20,,,0,89,,88509,20,,,0,27,,88510,20,,,0,89,,88511,20,,,0,22,,88512,20,,,0,93,,88507,20,,,0
2601,'S2-0_5',735,,88527,7,,,0,2,,88540,7,,,0,1,,88525,7,,,0,2,,88518,20,,,0,72,,88528,20,,,0,24,,88530,20,,,0,9,,88526,8,,,0,55,,88529,20,,,0,39,,88519,20,,,0,100,,88520,20,,,0,100,,88537,20,,,0,100,,88521,20,,,0,67,,88538,20,,,0,22,,88539,20,,,0,5,,88541,7,,,0,87,,88522,20,,,0,95,,88523,20,,,0,114,,88532,20,,,0,89,,88533,20,,,0,27,,88534,20,,,0,89,,88535,20,,,0,22,,88536,20,,,0,93,,88531,20,,,0
2601,'S2-1_3',735,,88550,7,,,0,2,,88563,7,,,0,1,,88548,7,,,0,2,,88542,20,,,0,72,,88551,20,,,0,24,,88553,20,,,0,9,,88549,8,,,0,55,,88552,20,,,0,39,,88543,20,,,0,100,,88544,20,,,0,100,,88560,20,,,0,100,,88545,20,,,0,67,,88561,20,,,0,22,,88562,20,,,0,92,,88546,20,,,0,95,,88547,20,,,0,114,,88555,20,,,0,89,,88556,20,,,0,27,,88557,20,,,0,89,,88558,20,,,0,22,,88559,20,,,0,93,,88554,20,,,0
2601,'S2-2_6',739,,88564,20,,,0,86,,88567,20,,,0,85,,88568,20,,,0,47,,88569,20,,,0,90,,88570,20,,,0,84,,88571,20,,,0,83,,88572,20,,,0,45,,88573,20,,,0,82,,88574,20,,,0,85,,88575,20,,,0,86,,88576,20,,,0,90,,88577,20,,,0,46,,88578,20,,,0,81,,88579,20,,,0,86,,88580,20,,,0,43,,88566,20,,,0,81,,88565,20,,,0
2601,'S2-4_1',735,,88590,7,,,0,2,,88603,7,,,0,1,,88588,7,,,0,2,,88581,20,,,0,72,,88591,20,,,0,24,,88593,20,,,0,9,,88589,8,,,0,55,,88592,20,,,0,39,,88582,20,,,0,100,,88583,20,,,0,100,,88600,20,,,0,100,,88584,20,,,0,67,,88601,20,,,0,22,,88602,20,,,0,5,,88604,7,,,0,87,,88585,20,,,0,95,,88586,20,,,0,114,,88595,20,,,0,89,,88596,20,,,0,27,,88597,20,,,0,89,,88598,20,,,0,22,,88599,20,,,0,93,,88594,20,,,0
2601,'S2-4_2',735,,88614,7,,,0,2,,88627,7,,,0,1,,88612,7,,,0,2,,88605,20,,,0,72,,88615,20,,,0,24,,88617,20,,,0,9,,88613,8,,,0,55,,88616,20,,,0,39,,88606,20,,,0,100,,88607,20,,,0,100,,88624,20,,,0,100,,88608,20,,,0,67,,88625,20,,,0,22,,88626,20,,,0,5,,88628,7,,,0,87,,88609,20,,,0,95,,88610,20,,,0,114,,88619,20,,,0,89,,88620,20,,,0,27,,88621,20,,,0,89,,88622,20,,,0,22,,88623,20,,,0,93,,88618,20,,,0
2601,'S2-4_4',735,,88638,7,,,0,2,,88651,7,,,0,1,,88636,7,,,0,2,,88629,20,,,0,72,,88639,20,,,0,24,,88641,20,,,0,9,,88637,8,,,0,55,,88640,20,,,0,39,,88630,20,,,0,100,,88631,20,,,0,100,,88648,20,,,0,100,,88632,20,,,0,67,,88649,20,,,0,22,,88650,20,,,0,5,,88652,7,,,0,87,,88633,20,,,0,95,,88634,20,,,0,114,,88643,20,,,0,89,,88644,20,,,0,27,,88645,20,,,0,89,,88646,20,,,0,22,,88647,20,,,0,93,,88642,20,,,0
