400,'S2-0_4',734,,85693,29,0,43,0,16,,85701,29,0,40,0,55,,85670,29,0,40,0,13,,85671,29,0,40,0,14,,85695,29,0,40,0,14,,85672,29,0,40,0,13,,85673,29,0,40,0,71,,85674,29,0,40,0,79,,85675,41,0,40,0,31,,85676,29,0,40,0,71,,85677,29,0,40,0,36,,85678,29,0,40,0,76,,85679,29,0,40,0,23,,85699,29,,,0,65,,85696,41,0,40,0,29,,85680,29,0,40,0,67,,85681,29,0,40,0,30,,85684,41,0,40,0,75,,85682,29,0,40,0,30,,85685,41,0,40,0,77,,85683,29,0,40,0,29,,85702,29,0,40,0,69,,85686,41,0,40,0,5,,85697,13,0,40,0,13,,85687,29,0,40,0,14,,85703,29,,,0,54,,85689,29,0,40,0,25,,85692,13,0,40,0,18,,85700,29,,,0,75,,85690,29,0,40,0,24,,85691,41,0,40,0
400,'S2-0_5',734,,85727,29,0,43,0,16,,85735,29,0,40,0,55,,85704,29,0,40,0,13,,85705,29,0,40,0,14,,85729,29,0,40,0,14,,85706,29,0,40,0,13,,85707,29,0,40,0,71,,85708,29,0,40,0,79,,85709,41,0,40,0,31,,85710,29,0,40,0,71,,85711,29,0,40,0,36,,85712,29,0,40,0,76,,85713,29,0,40,0,23,,85733,29,,,0,65,,85730,41,0,40,0,29,,85714,29,0,40,0,67,,85715,29,0,40,0,30,,85718,41,0,40,0,75,,85716,29,0,40,0,30,,85719,41,0,40,0,77,,85717,29,0,40,0,29,,85736,29,0,40,0,69,,85720,41,0,40,0,5,,85731,13,0,40,0,13,,85721,29,0,40,0,14,,85737,29,,,0,54,,85723,29,0,40,0,25,,85726,13,0,40,0,18,,85734,29,,,0,75,,85724,29,0,40,0,24,,85725,41,0,40,0
400,'S2-1_3',734,,85760,29,0,43,0,16,,85768,29,0,40,0,55,,85738,29,0,40,0,13,,85739,29,0,40,0,14,,85762,29,0,40,0,14,,85740,29,0,40,0,13,,85741,29,0,40,0,71,,85742,29,0,40,0,79,,85743,41,0,40,0,31,,85744,29,0,40,0,71,,85745,29,0,40,0,36,,85746,29,0,40,0,76,,85747,29,0,40,0,23,,85766,29,,,0,65,,85763,41,0,40,0,29,,85748,29,0,40,0,67,,85749,29,0,40,0,30,,85752,41,0,40,0,75,,85750,29,0,40,0,30,,85753,41,0,40,0,77,,85751,29,0,40,0,29,,85769,29,0,40,0,69,,85754,41,0,40,0,5,,85764,13,0,40,0,13,,85755,29,0,40,0,14,,85770,29,,,0,54,,85757,29,0,40,0,25,,85756,41,0,40,0,18,,85767,29,,,0,75,,85758,29,0,40,0,24,,85759,41,0,40,0
400,'S2-2_6',730,,85777,29,0,40,0,105,,85778,29,0,40,0,73,,85771,41,0,40,0,27,,85779,29,0,40,0,72,,85780,29,0,40,0,30,,85781,29,0,40,0,71,,85772,41,0,40,0,31,,85782,29,0,40,0,69,,85784,29,0,40,0,30,,85783,29,0,40,0,69,,85773,41,0,40,0,31,,85785,29,0,40,0,70,,85786,29,0,40,0,29,,85787,29,0,40,0,73,,85774,41,0,40,0,32,,85788,29,0,40,0,69,,85789,29,0,40,0,30,,85790,29,0,40,0,73,,85775,41,0,40,0,34,,85791,29,0,40,0,71,,85792,29,0,40,0,31,,85793,29,0,40,0,69,,85776,41,0,40,0,31,,85794,29,0,40,0
400,'S2-3_7',845,,85795,41,0,40,0,165,,85796,41,0,40,0,125,,85797,41,0,40,0,200,,85798,41,0,40,0,166,,85799,41,0,40,0,125,,85800,41,0,40,0,126,,85801,41,0,40,0,164,,85802,41,0,40,0
400,'S2-4_1',734,,85826,29,0,43,0,16,,85834,29,0,40,0,55,,85803,29,0,40,0,13,,85804,29,0,40,0,14,,85828,29,0,40,0,14,,85805,29,0,40,0,13,,85806,29,0,40,0,71,,85807,29,0,40,0,79,,85808,41,0,40,0,31,,85809,29,0,40,0,71,,85810,29,0,40,0,36,,85811,29,0,40,0,76,,85812,29,0,40,0,23,,85832,29,,,0,65,,85829,41,0,40,0,29,,85813,29,0,40,0,67,,85814,29,0,40,0,30,,85817,41,0,40,0,75,,85815,29,0,40,0,30,,85818,41,0,40,0,77,,85816,29,0,40,0,29,,85835,29,0,40,0,69,,85819,41,0,40,0,5,,85830,13,0,40,0,13,,85820,29,0,40,0,14,,85836,29,,,0,54,,85822,29,0,40,0,25,,85825,13,0,40,0,18,,85833,29,,,0,75,,85823,29,0,40,0,24,,85824,41,0,40,0
400,'S2-4_2',734,,85860,29,0,43,0,16,,85868,29,0,40,0,55,,85837,29,0,40,0,13,,85838,29,0,40,0,14,,85862,29,0,40,0,14,,85839,29,0,40,0,13,,85840,29,0,40,0,71,,85841,29,0,40,0,79,,85842,41,0,40,0,31,,85843,29,0,40,0,71,,85844,29,0,40,0,36,,85845,29,0,40,0,76,,85846,29,0,40,0,23,,85866,29,,,0,65,,85863,41,0,40,0,29,,85847,29,0,40,0,67,,85848,29,0,40,0,30,,85851,41,0,40,0,75,,85849,29,0,40,0,30,,85852,41,0,40,0,77,,85850,29,0,40,0,29,,85869,29,0,40,0,69,,85853,41,0,40,0,5,,85864,13,0,40,0,13,,85854,29,0,40,0,14,,85870,29,,,0,54,,85856,29,0,40,0,25,,85859,13,0,40,0,18,,85867,29,,,0,75,,85857,29,0,40,0,24,,85858,41,0,40,0
400,'S2-4_4',734,,85894,29,0,43,0,16,,85902,29,0,40,0,55,,85871,29,0,40,0,13,,85872,29,0,40,0,14,,85896,29,0,40,0,14,,85873,29,0,40,0,13,,85874,29,0,40,0,71,,85875,29,0,40,0,79,,85876,41,0,40,0,31,,85877,29,0,40,0,71,,85878,29,0,40,0,36,,85879,29,0,40,0,76,,85880,29,0,40,0,23,,85900,29,,,0,65,,85897,41,0,40,0,29,,85881,29,0,40,0,67,,85882,29,0,40,0,30,,85885,41,0,40,0,75,,85883,29,0,40,0,30,,85886,41,0,40,0,77,,85884,29,0,40,0,29,,85903,29,0,40,0,69,,85887,41,0,40,0,5,,85898,13,0,40,0,13,,85888,29,0,40,0,14,,85904,29,,,0,54,,85890,29,0,40,0,25,,85893,13,0,40,0,18,,85901,29,,,0,75,,85891,29,0,40,0,24,,85892,41,0,40,0
2300,'S2-0_4',1611,,88084,10,,,0,103,,88085,10,,,0,99,,88086,10,,,0
2300,'S2-0_5',1611,,88087,10,,,0,103,,88088,10,,,0,99,,88089,10,,,0
2300,'S2-1_3',1217,,88091,10,,,0,3,,88090,10,,,0
2300,'S2-4_1',1611,,88092,10,,,0,103,,88093,10,,,0,99,,88094,10,,,0
2300,'S2-4_2',1611,,88095,10,,,0,103,,88096,10,,,0,99,,88097,10,,,0
2300,'S2-4_4',1611,,88098,10,,,0,103,,88099,10,,,0,99,,88100,10,,,0
