500,'S2-0_4',703,,86140,10,,,0,118,,86128,10,,,0,105,,86129,10,,,0,99,,86130,10,,,0,105,,86131,10,,,0,101,,86132,10,,,0,84,,86133,10,,,0,94,,86134,10,,,0,100,,86135,10,,,0,102,,86136,10,,,0,106,,86137,10,,,0,103,,86142,10,,,0,100,,86138,10,,,0
500,'S2-0_5',703,,86155,10,,,0,118,,86143,10,,,0,105,,86144,10,,,0,99,,86145,10,,,0,105,,86146,10,,,0,101,,86147,10,,,0,84,,86148,10,,,0,94,,86149,10,,,0,100,,86150,10,,,0,102,,86151,10,,,0,106,,86152,10,,,0,103,,86157,10,,,0,100,,86153,10,,,0
500,'S2-1_3',703,,86170,10,,,0,118,,86158,10,,,0,105,,86159,10,,,0,99,,86160,10,,,0,105,,86161,10,,,0,101,,86162,10,,,0,84,,86163,10,,,0,94,,86164,10,,,0,100,,86165,10,,,0,102,,86166,10,,,0,106,,86167,10,,,0,103,,86172,10,,,0,100,,86168,10,,,0
500,'S2-2_6',721,,86184,10,,,0,98,,86173,10,,,0,99,,86174,10,,,0,101,,86175,10,,,0,100,,86176,10,,,0,96,,86177,10,,,0,98,,86178,10,,,0,100,,86179,10,,,0,99,,86180,10,,,0,101,,86181,10,,,0,100,,86182,10,,,0,193,,86183,10,,,0
500,'S2-4_1',703,,86197,10,,,0,118,,86185,10,,,0,105,,86186,10,,,0,99,,86187,10,,,0,105,,86188,10,,,0,101,,86189,10,,,0,84,,86190,10,,,0,94,,86191,10,,,0,100,,86192,10,,,0,102,,86193,10,,,0,106,,86194,10,,,0,103,,86199,10,,,0,100,,86195,10,,,0
500,'S2-4_2',703,,86212,10,,,0,118,,86200,10,,,0,105,,86201,10,,,0,99,,86202,10,,,0,105,,86203,10,,,0,101,,86204,10,,,0,84,,86205,10,,,0,94,,86206,10,,,0,100,,86207,10,,,0,102,,86208,10,,,0,106,,86209,10,,,0,103,,86214,10,,,0,100,,86210,10,,,0
500,'S2-4_4',703,,86227,10,,,0,118,,86215,10,,,0,105,,86216,10,,,0,99,,86217,10,,,0,105,,86218,10,,,0,101,,86219,10,,,0,84,,86220,10,,,0,94,,86221,10,,,0,100,,86222,10,,,0,102,,86223,10,,,0,106,,86224,10,,,0,103,,86229,10,,,0,100,,86225,10,,,0
2900500,'S2-0_4',656,,91418,10,,,0,145,,91419,10,,,0
2900500,'S2-0_5',656,,91420,10,,,0,145,,91421,10,,,0
2900500,'S2-1_3',656,,91422,10,,,0,145,,91423,10,,,0
2900500,'S2-4_1',656,,91424,10,,,0,145,,91425,10,,,0
2900500,'S2-4_2',656,,91426,10,,,0,145,,91427,10,,,0
2900500,'S2-4_4',656,,91428,10,,,0,145,,91429,10,,,0
