600,'S2-0_4',648,,86324,2,,,0,57,,86338,2,0,11 12,0,53,,86325,2,,,0,149,,86326,2,0,11 12,0,102,,86327,2,0,11 12,0,91,,86328,2,0,11 12,0,111,,86329,2,0,11 12,0,106,,86330,2,0,11 12,0,95,,86339,2,0,11 12,0,93,,86331,2,0,11 12,0,54,,86332,2,0,11 12,0,79,,86333,2,0,11 12,0,85,,86334,2,0,11 12,0,77,,86335,2,0,11 12,0,31,,86336,2,0,11 12,0,84,,86337,2,0,11 12,0
600,'S2-0_5',648,,86340,2,,,0,57,,86354,2,0,11 12,0,53,,86341,2,,,0,149,,86342,2,0,11 12,0,102,,86343,2,0,11 12,0,91,,86344,2,0,11 12,0,111,,86345,2,0,11 12,0,106,,86346,2,0,11 12,0,95,,86355,2,0,11 12,0,93,,86347,2,0,11 12,0,54,,86348,2,0,11 12,0,79,,86349,2,0,11 12,0,85,,86350,2,0,11 12,0,77,,86351,2,0,11 12,0,31,,86352,2,0,11 12,0,84,,86353,2,0,11 12,0
600,'S2-1_3',648,,86356,2,,,0,57,,86370,2,0,11 12,0,53,,86357,2,,,0,149,,86358,2,0,11 12,0,102,,86359,2,0,11 12,0,91,,86360,2,0,11 12,0,111,,86361,2,0,11 12,0,106,,86362,2,0,11 12,0,95,,86371,2,0,11 12,0,93,,86363,2,0,11 12,0,54,,86364,2,0,11 12,0,79,,86365,2,0,11 12,0,85,,86366,2,0,11 12,0,77,,86367,2,0,11 12,0,31,,86368,2,0,11 12,0,84,,86369,2,0,11 12,0
600,'S2-2_6',737,,86372,2,0,11 12,0,93,,86374,2,0,11 12,0,90,,86375,2,0,11 12,0,86,,86376,2,0,11 12,0,50,,86377,2,0,11 12,0,91,,86378,2,0,11 12,0,89,,86379,2,0,11 12,0,90,,86380,2,0,11 12,0,87,,86381,2,0,11 12,0,98,,86382,2,0,11 12,0,89,,86383,2,0,11 12,0,50,,86384,2,0,11 12,0,90,,86385,2,0,11 12,0,96,,86386,2,0,11 12,0,83,,86373,2,0,11 12,0
600,'S2-4_1',648,,86387,2,,,0,57,,86401,2,0,11 12,0,53,,86388,2,,,0,149,,86389,2,0,11 12,0,102,,86390,2,0,11 12,0,91,,86391,2,0,11 12,0,111,,86392,2,0,11 12,0,106,,86393,2,0,11 12,0,95,,86402,2,0,11 12,0,93,,86394,2,0,11 12,0,54,,86395,2,0,11 12,0,79,,86396,2,0,11 12,0,85,,86397,2,0,11 12,0,77,,86398,2,0,11 12,0,31,,86399,2,0,11 12,0,84,,86400,2,0,11 12,0
600,'S2-4_2',648,,86403,2,,,0,57,,86417,2,0,11 12,0,53,,86404,2,,,0,149,,86405,2,0,11 12,0,102,,86406,2,0,11 12,0,91,,86407,2,0,11 12,0,111,,86408,2,0,11 12,0,106,,86409,2,0,11 12,0,95,,86418,2,0,11 12,0,93,,86410,2,0,11 12,0,54,,86411,2,0,11 12,0,79,,86412,2,0,11 12,0,85,,86413,2,0,11 12,0,77,,86414,2,0,11 12,0,31,,86415,2,0,11 12,0,84,,86416,2,0,11 12,0
600,'S2-4_4',648,,86419,2,,,0,57,,86433,2,0,11 12,0,53,,86420,2,,,0,149,,86421,2,0,11 12,0,102,,86422,2,0,11 12,0,91,,86423,2,0,11 12,0,111,,86424,2,0,11 12,0,106,,86425,2,0,11 12,0,95,,86434,2,0,11 12,0,93,,86426,2,0,11 12,0,54,,86427,2,0,11 12,0,79,,86428,2,0,11 12,0,85,,86429,2,0,11 12,0,77,,86430,2,0,11 12,0,31,,86431,2,0,11 12,0,84,,86432,2,0,11 12,0
1801,'S2-0_4',653,,87778,4,0,56 2 57,0,68,,87777,4,0,56 2 57,0,25,,87779,4,0,56 2 57,0,62,,87785,4,,,0,900,,87780,4,0,56 2 57,0,30,,87781,4,0,56 2 57,0,74,,87782,4,0,56 2 57,0,31,,87783,4,0,56 2 57,0,64,,87784,4,0,56 2 57,0
1801,'S2-0_5',653,,87787,4,0,56 2 57,0,68,,87786,4,0,56 2 57,0,25,,87788,4,0,56 2 57,0,62,,87794,4,,,0,900,,87789,4,0,56 2 57,0,30,,87790,4,0,56 2 57,0,74,,87791,4,0,56 2 57,0,31,,87792,4,0,56 2 57,0,64,,87793,4,0,56 2 57,0
1801,'S2-1_3',653,,87796,4,0,56 2 57,0,68,,87795,4,0,56 2 57,0,25,,87797,4,0,56 2 57,0,62,,87798,4,0,56 2 57,0,502,,87801,4,0,56 2 57,0,428,,87799,4,0,56 2 57,0,105,,87800,4,0,56 2 57,0
1801,'S2-4_1',653,,87803,4,0,56 2 57,0,68,,87802,4,0,56 2 57,0,25,,87804,4,0,56 2 57,0,62,,87810,4,,,0,900,,87805,4,0,56 2 57,0,30,,87806,4,0,56 2 57,0,74,,87807,4,0,56 2 57,0,31,,87808,4,0,56 2 57,0,64,,87809,4,0,56 2 57,0
1801,'S2-4_2',653,,87812,4,0,56 2 57,0,68,,87811,4,0,56 2 57,0,25,,87813,4,0,56 2 57,0,62,,87819,4,,,0,900,,87814,4,0,56 2 57,0,30,,87815,4,0,56 2 57,0,74,,87816,4,0,56 2 57,0,31,,87817,4,0,56 2 57,0,64,,87818,4,0,56 2 57,0
1801,'S2-4_4',653,,87821,4,0,56 2 57,0,68,,87820,4,0,56 2 57,0,25,,87822,4,0,56 2 57,0,62,,87828,4,,,0,900,,87823,4,0,56 2 57,0,30,,87824,4,0,56 2 57,0,74,,87825,4,0,56 2 57,0,31,,87826,4,0,56 2 57,0,64,,87827,4,0,56 2 57,0
2900600,'S2-0_4',658,,91443,2,,,0,155,,91444,2,,,0
2900600,'S2-0_5',658,,91445,2,,,0,155,,91446,2,,,0
2900600,'S2-1_3',658,,91447,2,,,0,155,,91448,2,,,0
2900600,'S2-4_1',658,,91449,2,,,0,155,,91450,2,,,0
2900600,'S2-4_2',658,,91451,2,,,0,155,,91452,2,,,0
2900600,'S2-4_4',658,,91453,2,,,0,155,,91454,2,,,0
