1600,'S2-0_4',916,,87527,5,0,25,0,87,,87531,5,,,0,119,,87528,5,0,25,0,127,,87533,5,,,0,62,,87534,5,0,54 55,0,112,,87529,5,,,0,193,,87530,5,0,25,0,92,,87535,5,,,0,137,,87532,5,,,0
1600,'S2-0_5',916,,87537,5,0,25,0,87,,87541,5,,,0,119,,87538,5,0,25,0,127,,87543,5,,,0,62,,87544,5,0,54 55,0,112,,87539,5,,,0,193,,87540,5,0,25,0,92,,87545,5,,,0,137,,87542,5,,,0
1600,'S2-1_3',916,,87547,5,0,25,0,87,,87551,5,,,0,119,,87548,5,0,25,0,127,,87553,5,,,0,62,,87554,5,0,54 55,0,112,,87549,5,,,0,193,,87550,5,0,25,0,92,,87555,5,,,0,137,,87552,5,,,0
1600,'S2-2_6',916,,87557,5,0,25,0,87,,87561,5,,,0,119,,87558,5,0,25,0,127,,87563,5,,,0,62,,87564,5,0,54 55,0,112,,87559,5,,,0,193,,87560,5,0,25,0,92,,87565,5,,,0,137,,87562,5,,,0
1600,'S2-4_1',916,,87567,5,0,25,0,87,,87571,5,,,0,119,,87568,5,0,25,0,127,,87573,5,,,0,62,,87574,5,0,54 55,0,112,,87569,5,,,0,193,,87570,5,0,25,0,92,,87575,5,,,0,137,,87572,5,,,0
1600,'S2-4_2',916,,87577,5,0,25,0,87,,87581,5,,,0,119,,87578,5,0,25,0,127,,87583,5,,,0,62,,87584,5,0,54 55,0,112,,87579,5,,,0,193,,87580,5,0,25,0,92,,87585,5,,,0,137,,87582,5,,,0
1600,'S2-4_4',916,,87587,5,0,25,0,87,,87591,5,,,0,119,,87588,5,0,25,0,127,,87593,5,,,0,62,,87594,5,0,54 55,0,112,,87589,5,,,0,193,,87590,5,0,25,0,92,,87595,5,,,0,137,,87592,5,,,0
1601,'S2-0_4',856,,87596,14,,,0,87,,87597,7,,,0,159,,87598,14,,,0,125,,87601,19,,,0,174,,87599,14,,,0,138,,87602,14,,,0,107,,87603,7,,,0,175,,87600,14,,,0
1601,'S2-0_5',856,,87604,14,,,0,87,,87605,7,,,0,159,,87606,14,,,0,125,,87609,19,,,0,174,,87607,14,,,0,138,,87610,14,,,0,107,,87611,7,,,0,175,,87608,14,,,0
1601,'S2-1_3',856,,87612,14,,,0,87,,87613,7,,,0,159,,87614,14,,,0,125,,87617,19,,,0,174,,87615,14,,,0,138,,87618,14,,,0,107,,87619,7,,,0,175,,87616,14,,,0
1601,'S2-2_6',856,,87620,14,,,0,87,,87621,7,,,0,159,,87622,14,,,0,125,,87625,19,,,0,174,,87623,14,,,0,138,,87626,14,,,0,107,,87627,7,,,0,175,,87624,14,,,0
1601,'S2-4_1',856,,87628,14,,,0,87,,87629,7,,,0,159,,87630,14,,,0,125,,87633,19,,,0,174,,87631,14,,,0,138,,87634,14,,,0,107,,87635,7,,,0,175,,87632,14,,,0
1601,'S2-4_2',856,,87636,14,,,0,87,,87637,7,,,0,159,,87638,14,,,0,125,,87641,19,,,0,174,,87639,14,,,0,138,,87642,14,,,0,107,,87643,7,,,0,175,,87640,14,,,0
1601,'S2-4_4',856,,87644,14,,,0,87,,87645,7,,,0,159,,87646,14,,,0,125,,87649,19,,,0,174,,87647,14,,,0,138,,87650,14,,,0,107,,87651,7,,,0,175,,87648,14,,,0
2100,'S2-0_4',1648,,87973,5,,,0
2100,'S2-1_3',1648,,87978,5,,,0
2100,'S2-4_1',1648,,87980,5,,,0
2100,'S2-4_2',1648,,87982,5,,,0
2100,'S2-4_4',1648,,87984,5,,,0
2101,'S2-0_4',748,,87987,4,,,0
2101,'S2-0_5',748,,87990,4,,,0
2101,'S2-1_3',748,,87993,4,,,0
2101,'S2-4_1',748,,87996,4,,,0
2101,'S2-4_2',748,,87999,4,,,0
2101,'S2-4_4',748,,88002,4,,,0
