401,'S2-0_4',1330,,85905,2,0,41,0
401,'S2-0_5',1330,,85937,2,0,41,0
401,'S2-1_3',1330,,85969,2,0,41,0
401,'S2-4_1',1330,,86032,2,0,41,0
401,'S2-4_2',1330,,86064,2,0,41,0
401,'S2-4_4',1330,,86096,2,0,41,0
2301,'S2-0_4',704,,88101,2,,,0
2301,'S2-0_5',704,,88104,2,,,0
2301,'S2-1_3',704,,88107,2,,,0
2301,'S2-4_1',704,,88110,2,,,0
2301,'S2-4_2',704,,88113,2,,,0
2301,'S2-4_4',704,,88116,2,,,0
2900401,'S2-0_4',650,,91406,2,,,0,165,,91407,2,,,0
2900401,'S2-0_5',650,,91408,2,,,0,165,,91409,2,,,0
2900401,'S2-1_3',650,,91410,2,,,0,165,,91411,2,,,0
2900401,'S2-4_1',650,,91412,2,,,0,165,,91413,2,,,0
2900401,'S2-4_2',650,,91414,2,,,0,165,,91415,2,,,0
2900401,'S2-4_4',650,,91416,2,,,0,165,,91417,2,,,0
