2401,'S2-0_4',742,,88141,20,0,18 19,0,895,,88142,18,,,0,104,,88143,18,,,0
2401,'S2-0_5',742,,88144,20,0,18 19,0,895,,88145,18,,,0,104,,88146,18,,,0
2401,'S2-1_3',742,,88147,20,0,18 19,0
2401,'S2-4_1',742,,88148,20,0,18 19,0,895,,88149,18,,,0,104,,88150,18,,,0
2401,'S2-4_2',742,,88151,20,0,18 19,0,895,,88152,18,,,0,104,,88153,18,,,0
2401,'S2-4_4',742,,88154,20,0,18 19,0,895,,88155,18,,,0,104,,88156,18,,,0
2000001,'S2-0_4',656,,90979,22,,,0,69,,90956,22,,,0,14,,90937,16,,,0,3,,90935,12,0,18 19,0,1,,90939,22,,,0,16,,90964,22,,,0,56,,90947,22,,,0,14,,90982,22,,,0,14,,90929,22,,,0,14,,90957,22,,,0,54,,90941,22,,,0,16,,90965,22,,,0,16,,90949,22,,,0,57,,90973,22,,,0,17,,90930,22,,,0,15,,90963,22,,,0,15,,90940,22,,,0,56,,90966,22,,,0,17,,90948,22,,,0,16,,90975,22,,,0,15,,90931,22,,,0,56,,90961,22,,,0,15,,90946,22,,,0,16,,90967,22,,,0,15,,90955,22,,,0,54,,90974,22,,,0,16,,90933,22,,,0,12,,90958,22,,,0,17,,90942,22,,,0,55,,90969,22,,,0,15,,90950,22,,,0,15,,90978,22,,,0,15,,90934,22,,,0,56,,90959,22,,,0,16,,90943,22,,,0,15,,90968,22,,,0,16,,90951,22,,,0,54,,90977,22,,,0,16,,90932,22,,,0,17,,90960,22,,,0,17,,90944,22,,,0,56,,90970,22,,,0,17,,90952,22,,,0,17,,90928,22,,,0,56,,90976,22,,,0,16,,90983,22,,,0,10,,90962,22,,,0,12,,90945,22,,,0,13,,90971,22,,,0,54,,90953,22,,,0,11,,90927,22,,,0,13,,90980,22,,,0,14,,90936,22,,,0,62,,90972,22,,,0,20,,90954,22,,,0,19,,90981,22,,,0,59,,90938,22,,,0
2000001,'S2-0_5',656,,91036,22,,,0,69,,91013,22,,,0,14,,90994,16,,,0,3,,90992,12,0,18 19,0,1,,90996,22,,,0,16,,91021,22,,,0,56,,91004,22,,,0,14,,91039,22,,,0,14,,90986,22,,,0,14,,91014,22,,,0,54,,90998,22,,,0,16,,91022,22,,,0,16,,91006,22,,,0,57,,91030,22,,,0,17,,90987,22,,,0,15,,91020,22,,,0,15,,90997,22,,,0,56,,91023,22,,,0,17,,91005,22,,,0,16,,91032,22,,,0,15,,90988,22,,,0,56,,91018,22,,,0,15,,91003,22,,,0,16,,91024,22,,,0,15,,91012,22,,,0,54,,91031,22,,,0,16,,90990,22,,,0,12,,91015,22,,,0,17,,90999,22,,,0,55,,91026,22,,,0,15,,91007,22,,,0,15,,91035,22,,,0,15,,90991,22,,,0,56,,91016,22,,,0,16,,91000,22,,,0,15,,91025,22,,,0,16,,91008,22,,,0,54,,91034,22,,,0,16,,90989,22,,,0,17,,91017,22,,,0,17,,91001,22,,,0,56,,91027,22,,,0,17,,91009,22,,,0,17,,90985,22,,,0,56,,91033,22,,,0,16,,91040,22,,,0,10,,91019,22,,,0,12,,91002,22,,,0,13,,91028,22,,,0,54,,91010,22,,,0,11,,90984,22,,,0,13,,91037,22,,,0,14,,90993,22,,,0,62,,91029,22,,,0,20,,91011,22,,,0,19,,91038,22,,,0,59,,90995,22,,,0
2000001,'S2-1_3',656,,91093,22,,,0,69,,91070,22,,,0,14,,91051,16,,,0,3,,91049,12,0,18 19,0,1,,91053,22,,,0,16,,91078,22,,,0,56,,91061,22,,,0,14,,91096,22,,,0,14,,91043,22,,,0,14,,91071,22,,,0,54,,91055,22,,,0,16,,91079,22,,,0,16,,91063,22,,,0,57,,91087,22,,,0,17,,91044,22,,,0,15,,91077,22,,,0,15,,91054,22,,,0,56,,91080,22,,,0,17,,91062,22,,,0,16,,91089,22,,,0,15,,91045,22,,,0,56,,91075,22,,,0,15,,91060,22,,,0,16,,91081,22,,,0,15,,91069,22,,,0,54,,91088,22,,,0,16,,91047,22,,,0,12,,91072,22,,,0,17,,91056,22,,,0,55,,91083,22,,,0,15,,91064,22,,,0,15,,91092,22,,,0,15,,91048,22,,,0,56,,91073,22,,,0,16,,91057,22,,,0,15,,91082,22,,,0,16,,91065,22,,,0,54,,91091,22,,,0,16,,91046,22,,,0,17,,91074,22,,,0,17,,91058,22,,,0,56,,91084,22,,,0,17,,91066,22,,,0,17,,91042,22,,,0,56,,91090,22,,,0,16,,91097,22,,,0,10,,91076,22,,,0,12,,91059,22,,,0,13,,91085,22,,,0,54,,91067,22,,,0,11,,91041,22,,,0,13,,91094,22,,,0,14,,91050,22,,,0,62,,91086,22,,,0,20,,91068,22,,,0,19,,91095,22,,,0,59,,91052,22,,,0
2000001,'S2-2_6',659,,91098,22,,,0,81,,91099,22,,,0,80,,91100,22,,,0,32,,91138,22,,,0,61,,91102,22,,,0,20,,91101,22,,,0,21,,91103,22,,,0,60,,91104,22,,,0,19,,91106,22,,,0,18,,91105,22,,,0,60,,91111,22,,,0,19,,91109,22,,,0,18,,91113,22,,,0,59,,91107,22,,,0,19,,91112,22,,,0,20,,91108,22,,,0,57,,91110,22,,,0,18,,91119,22,,,0,18,,91116,22,,,0,20,,91117,22,,,0,61,,91118,22,,,0,18,,91115,22,,,0,17,,91114,22,,,0,59,,91120,22,,,0,22,,91121,22,,,0,20,,91123,22,,,0,59,,91122,22,,,0,20,,91124,22,,,0,20,,91125,22,,,0,61,,91126,22,,,0,20,,91128,22,,,0,19,,91127,22,,,0,58,,91129,22,,,0,19,,91130,22,,,0,19,,91131,22,,,0,58,,91132,22,,,0,17,,91133,22,,,0,18,,91134,22,,,0,62,,91135,22,,,0,24,,91136,22,,,0,22,,91137,22,,,0
2000001,'S2-3_7',832,,91156,22,,,0,80,,91139,22,,,0,40,,91140,22,,,0,80,,91141,22,,,0,80,,91142,22,,,0,40,,91143,22,,,0,80,,91144,22,,,0,79,,91145,22,,,0,40,,91147,22,,,0,80,,91146,22,,,0,80,,91148,22,,,0,40,,91149,22,,,0,80,,91150,22,,,0,80,,91151,22,,,0,40,,91153,22,,,0,80,,91152,22,,,0,80,,91154,22,,,0,40,,91155,22,,,0
2000001,'S2-4_1',656,,91209,22,,,0,69,,91186,22,,,0,14,,91167,16,,,0,3,,91165,12,0,18 19,0,1,,91169,22,,,0,16,,91194,22,,,0,56,,91177,22,,,0,14,,91212,22,,,0,14,,91159,22,,,0,14,,91187,22,,,0,54,,91171,22,,,0,16,,91195,22,,,0,16,,91179,22,,,0,57,,91203,22,,,0,17,,91160,22,,,0,15,,91193,22,,,0,15,,91170,22,,,0,56,,91196,22,,,0,17,,91178,22,,,0,16,,91205,22,,,0,15,,91161,22,,,0,56,,91191,22,,,0,15,,91176,22,,,0,16,,91197,22,,,0,15,,91185,22,,,0,54,,91204,22,,,0,16,,91163,22,,,0,12,,91188,22,,,0,17,,91172,22,,,0,55,,91199,22,,,0,15,,91180,22,,,0,15,,91208,22,,,0,15,,91164,22,,,0,56,,91189,22,,,0,16,,91173,22,,,0,15,,91198,22,,,0,16,,91181,22,,,0,54,,91207,22,,,0,16,,91162,22,,,0,17,,91190,22,,,0,17,,91174,22,,,0,56,,91200,22,,,0,17,,91182,22,,,0,17,,91158,22,,,0,56,,91206,22,,,0,16,,91213,22,,,0,10,,91192,22,,,0,12,,91175,22,,,0,13,,91201,22,,,0,54,,91183,22,,,0,11,,91157,22,,,0,13,,91210,22,,,0,14,,91166,22,,,0,62,,91202,22,,,0,20,,91184,22,,,0,19,,91211,22,,,0,59,,91168,22,,,0
2000001,'S2-4_2',656,,91266,22,,,0,69,,91243,22,,,0,14,,91224,16,,,0,3,,91222,12,0,18 19,0,1,,91226,22,,,0,16,,91251,22,,,0,56,,91234,22,,,0,14,,91269,22,,,0,14,,91216,22,,,0,14,,91244,22,,,0,54,,91228,22,,,0,16,,91252,22,,,0,16,,91236,22,,,0,57,,91260,22,,,0,17,,91217,22,,,0,15,,91250,22,,,0,15,,91227,22,,,0,56,,91253,22,,,0,17,,91235,22,,,0,16,,91262,22,,,0,15,,91218,22,,,0,56,,91248,22,,,0,15,,91233,22,,,0,16,,91254,22,,,0,15,,91242,22,,,0,54,,91261,22,,,0,16,,91220,22,,,0,12,,91245,22,,,0,17,,91229,22,,,0,55,,91256,22,,,0,15,,91237,22,,,0,15,,91265,22,,,0,15,,91221,22,,,0,56,,91246,22,,,0,16,,91230,22,,,0,15,,91255,22,,,0,16,,91238,22,,,0,54,,91264,22,,,0,16,,91219,22,,,0,17,,91247,22,,,0,17,,91231,22,,,0,56,,91257,22,,,0,17,,91239,22,,,0,17,,91215,22,,,0,56,,91263,22,,,0,16,,91270,22,,,0,10,,91249,22,,,0,12,,91232,22,,,0,13,,91258,22,,,0,54,,91240,22,,,0,11,,91214,22,,,0,13,,91267,22,,,0,14,,91223,22,,,0,62,,91259,22,,,0,20,,91241,22,,,0,19,,91268,22,,,0,59,,91225,22,,,0
2000001,'S2-4_4',656,,91323,22,,,0,69,,91300,22,,,0,14,,91281,16,,,0,3,,91279,12,0,18 19,0,1,,91283,22,,,0,16,,91308,22,,,0,56,,91291,22,,,0,14,,91326,22,,,0,14,,91273,22,,,0,14,,91301,22,,,0,54,,91285,22,,,0,16,,91309,22,,,0,16,,91293,22,,,0,57,,91317,22,,,0,17,,91274,22,,,0,15,,91307,22,,,0,15,,91284,22,,,0,56,,91310,22,,,0,17,,91292,22,,,0,16,,91319,22,,,0,15,,91275,22,,,0,56,,91305,22,,,0,15,,91290,22,,,0,16,,91311,22,,,0,15,,91299,22,,,0,54,,91318,22,,,0,16,,91277,22,,,0,12,,91302,22,,,0,17,,91286,22,,,0,55,,91313,22,,,0,15,,91294,22,,,0,15,,91322,22,,,0,15,,91278,22,,,0,56,,91303,22,,,0,16,,91287,22,,,0,15,,91312,22,,,0,16,,91295,22,,,0,54,,91321,22,,,0,16,,91276,22,,,0,17,,91304,22,,,0,17,,91288,22,,,0,56,,91314,22,,,0,17,,91296,22,,,0,17,,91272,22,,,0,56,,91320,22,,,0,16,,91327,22,,,0,10,,91306,22,,,0,12,,91289,22,,,0,13,,91315,22,,,0,54,,91297,22,,,0,11,,91271,22,,,0,13,,91324,22,,,0,14,,91280,22,,,0,62,,91316,22,,,0,20,,91298,22,,,0,19,,91325,22,,,0,59,,91282,22,,,0
