401,'S2-0_4',637,,85922,2,0,41,0,19,,85906,2,0,41,0,48,,85923,2,0,41,0,21,,85907,2,0,41,0,12,,85930,2,,,0,68,,85908,2,0,41,0,11,,85909,2,0,41,0,41,,85910,2,0,41,0,75,,85911,2,0,41,0,74,,85912,2,0,41,0,35,,85932,2,,,0,71,,85913,2,0,41,0,28,,85914,2,0,41,0,15,,85931,2,,,0,71,,85927,2,0,41,0,75,,85933,2,,,0,33,,85905,5,0,41,0,77,,85915,2,0,41,0,28,,85934,2,,,0,72,,85916,2,0,41,0,25,,85917,2,0,41,0,13,,85918,2,0,41,0,53,,85928,2,0,41,0,19,,85924,2,0,41,0,16,,85919,2,0,41,0,11,,85925,2,0,41,0,53,,85929,2,,,0,38,,85920,2,0,41,0,61,,85926,2,0,41,0,44,,85921,2,0,41,0,61,,85935,2,,,0
401,'S2-0_5',637,,85954,2,0,41,0,19,,85938,2,0,41,0,48,,85955,2,0,41,0,21,,85939,2,0,41,0,12,,85962,2,,,0,68,,85940,2,0,41,0,11,,85941,2,0,41,0,41,,85942,2,0,41,0,75,,85943,2,0,41,0,74,,85944,2,0,41,0,35,,85964,2,,,0,71,,85945,2,0,41,0,28,,85946,2,0,41,0,15,,85963,2,,,0,71,,85959,2,0,41,0,75,,85965,2,,,0,33,,85937,5,0,41,0,77,,85947,2,0,41,0,28,,85966,2,,,0,72,,85948,2,0,41,0,25,,85949,2,0,41,0,13,,85950,2,0,41,0,53,,85960,2,0,41,0,19,,85956,2,0,41,0,16,,85951,2,0,41,0,11,,85957,2,0,41,0,53,,85961,2,,,0,38,,85952,2,0,41,0,61,,85958,2,0,41,0,44,,85953,2,0,41,0,61,,85967,2,,,0
401,'S2-1_3',637,,85986,2,0,41,0,19,,85970,2,0,41,0,48,,85987,2,0,41,0,21,,85971,2,0,41,0,12,,85994,2,,,0,68,,85972,2,0,41,0,11,,85973,2,0,41,0,41,,85974,2,0,41,0,75,,85975,2,0,41,0,74,,85976,2,0,41,0,35,,85996,2,,,0,71,,85977,2,0,41,0,28,,85978,2,0,41,0,15,,85995,2,,,0,71,,85991,2,0,41,0,75,,85997,2,,,0,33,,85969,5,0,41,0,77,,85979,2,0,41,0,28,,85998,2,,,0,72,,85980,2,0,41,0,25,,85981,2,0,41,0,13,,85982,2,0,41,0,53,,85992,2,0,41,0,19,,85988,2,0,41,0,16,,85983,2,0,41,0,11,,85989,2,0,41,0,53,,85993,2,,,0,38,,85984,2,0,41,0,61,,85990,2,0,41,0,44,,85985,2,0,41,0,61,,85999,2,,,0
401,'S2-2_6',647,,86001,2,,,0,154,,86008,2,0,41,0,35,,86002,2,,,0,69,,86009,2,0,41,0,32,,86010,2,0,41,0,67,,86011,2,0,41,0,32,,86003,2,,,0,70,,86012,2,0,41,0,31,,86013,2,0,41,0,71,,86014,2,0,41,0,30,,86004,2,,,0,69,,86015,2,0,41,0,29,,86016,2,0,41,0,70,,86017,2,0,41,0,31,,86005,2,,,0,69,,86018,2,0,41,0,32,,86019,2,0,41,0,73,,86020,2,0,41,0,31,,86006,2,,,0,71,,86021,2,0,41,0,33,,86022,2,0,41,0,72,,86023,2,0,41,0,31,,86024,2,0,41,0,70,,86007,2,,,0
401,'S2-3_7',926,,86025,2,,,0,125,,86026,2,,,0,165,,86027,2,,,0,200,,86028,2,,,0,125,,86029,2,,,0,165,,86030,2,,,0,125,,86031,2,,,0
401,'S2-4_1',637,,86049,2,0,41,0,19,,86033,2,0,41,0,48,,86050,2,0,41,0,21,,86034,2,0,41,0,12,,86057,2,,,0,68,,86035,2,0,41,0,11,,86036,2,0,41,0,41,,86037,2,0,41,0,75,,86038,2,0,41,0,74,,86039,2,0,41,0,35,,86059,2,,,0,71,,86040,2,0,41,0,28,,86041,2,0,41,0,15,,86058,2,,,0,71,,86054,2,0,41,0,75,,86060,2,,,0,33,,86032,5,0,41,0,77,,86042,2,0,41,0,28,,86061,2,,,0,72,,86043,2,0,41,0,25,,86044,2,0,41,0,13,,86045,2,0,41,0,53,,86055,2,0,41,0,19,,86051,2,0,41,0,16,,86046,2,0,41,0,11,,86052,2,0,41,0,53,,86056,2,,,0,38,,86047,2,0,41,0,61,,86053,2,0,41,0,44,,86048,2,0,41,0,61,,86062,2,,,0
401,'S2-4_2',637,,86081,2,0,41,0,19,,86065,2,0,41,0,48,,86082,2,0,41,0,21,,86066,2,0,41,0,12,,86089,2,,,0,68,,86067,2,0,41,0,11,,86068,2,0,41,0,41,,86069,2,0,41,0,75,,86070,2,0,41,0,74,,86071,2,0,41,0,35,,86091,2,,,0,71,,86072,2,0,41,0,28,,86073,2,0,41,0,15,,86090,2,,,0,71,,86086,2,0,41,0,75,,86092,2,,,0,33,,86064,5,0,41,0,77,,86074,2,0,41,0,28,,86093,2,,,0,72,,86075,2,0,41,0,25,,86076,2,0,41,0,13,,86077,2,0,41,0,53,,86087,2,0,41,0,19,,86083,2,0,41,0,16,,86078,2,0,41,0,11,,86084,2,0,41,0,53,,86088,2,,,0,38,,86079,2,0,41,0,61,,86085,2,0,41,0,44,,86080,2,0,41,0,61,,86094,2,,,0
401,'S2-4_4',637,,86113,2,0,41,0,19,,86097,2,0,41,0,48,,86114,2,0,41,0,21,,86098,2,0,41,0,12,,86121,2,,,0,68,,86099,2,0,41,0,11,,86100,2,0,41,0,41,,86101,2,0,41,0,75,,86102,2,0,41,0,74,,86103,2,0,41,0,35,,86123,2,,,0,71,,86104,2,0,41,0,28,,86105,2,0,41,0,15,,86122,2,,,0,71,,86118,2,0,41,0,75,,86124,2,,,0,33,,86096,5,0,41,0,77,,86106,2,0,41,0,28,,86125,2,,,0,72,,86107,2,0,41,0,25,,86108,2,0,41,0,13,,86109,2,0,41,0,53,,86119,2,0,41,0,19,,86115,2,0,41,0,16,,86110,2,0,41,0,11,,86116,2,0,41,0,53,,86120,2,,,0,38,,86111,2,0,41,0,61,,86117,2,0,41,0,44,,86112,2,0,41,0,61,,86126,2,,,0
2301,'S2-0_4',708,,88101,5,,,0
2301,'S2-0_5',708,,88104,5,,,0
2301,'S2-1_3',708,,88107,5,,,0
2301,'S2-4_1',708,,88110,5,,,0
2301,'S2-4_2',708,,88113,5,,,0
2301,'S2-4_4',708,,88116,5,,,0
2900401,'S2-0_4',654,,91406,5,,,0,165,,91407,5,,,0
2900401,'S2-0_5',654,,91408,5,,,0,165,,91409,5,,,0
2900401,'S2-1_3',654,,91410,5,,,0,165,,91411,5,,,0
2900401,'S2-4_1',654,,91412,5,,,0,165,,91413,5,,,0
2900401,'S2-4_2',654,,91414,5,,,0,165,,91415,5,,,0
2900401,'S2-4_4',654,,91416,5,,,0,165,,91417,5,,,0
