400,'S2-0_4',921,,85675,4,0,40,0,304,,85696,4,0,40,0,124,,85684,4,0,40,0,104,,85685,4,0,40,0,165,,85686,4,0,40,0,119,,85688,4,0,40,0,164,,85691,4,0,40,0
400,'S2-0_5',921,,85709,4,0,40,0,304,,85730,4,0,40,0,124,,85718,4,0,40,0,104,,85719,4,0,40,0,165,,85720,4,0,40,0,119,,85722,4,0,40,0,164,,85725,4,0,40,0
400,'S2-1_3',921,,85743,4,0,40,0,304,,85763,4,0,40,0,124,,85752,4,0,40,0,104,,85753,4,0,40,0,165,,85754,4,0,40,0,119,,85756,4,0,40,0,164,,85759,4,0,40,0
400,'S2-2_6',824,,85771,4,0,40,0,197,,85772,4,0,40,0,201,,85773,4,0,40,0,201,,85774,4,0,40,0,202,,85775,4,0,40,0,209,,85776,4,0,40,0
400,'S2-3_7',805,,85795,4,0,40,0,125,,85796,4,0,40,0,125,,85797,4,0,40,0,200,,85798,4,0,40,0,165,,85799,4,0,40,0,125,,85800,4,0,40,0,166,,85801,4,0,40,0,125,,85802,4,0,40,0
400,'S2-4_1',921,,85808,4,0,40,0,304,,85829,4,0,40,0,124,,85817,4,0,40,0,104,,85818,4,0,40,0,165,,85819,4,0,40,0,119,,85821,4,0,40,0,164,,85824,4,0,40,0
400,'S2-4_2',921,,85842,4,0,40,0,304,,85863,4,0,40,0,124,,85851,4,0,40,0,104,,85852,4,0,40,0,165,,85853,4,0,40,0,119,,85855,4,0,40,0,164,,85858,4,0,40,0
400,'S2-4_4',921,,85876,4,0,40,0,304,,85897,4,0,40,0,124,,85885,4,0,40,0,104,,85886,4,0,40,0,165,,85887,4,0,40,0,119,,85889,4,0,40,0,164,,85892,4,0,40,0
2901200,'S2-0_4',640,,91492,4,,,0,104,,91491,4,,,0
2901200,'S2-0_5',640,,91494,4,,,0,104,,91493,4,,,0
2901200,'S2-1_3',640,,91496,4,,,0,104,,91495,4,,,0
2901200,'S2-4_1',640,,91498,4,,,0,104,,91497,4,,,0
2901200,'S2-4_2',640,,91500,4,,,0,104,,91499,4,,,0
2901200,'S2-4_4',640,,91502,4,,,0,104,,91501,4,,,0
