501,'S2-0_4',950,,86230,32,,,0,105,,86231,32,,,0,101,,86232,32,,,0,85,,86233,32,,,0,94,,86234,32,,,0,98,,86235,32,,,0,103,,86236,32,,,0,103,,86237,32,,,0,107,,86238,32,,,0,101,,86242,32,,,0,166,,86243,32,,,0
501,'S2-0_5',950,,86244,32,,,0,105,,86245,32,,,0,101,,86246,32,,,0,85,,86247,32,,,0,94,,86248,32,,,0,98,,86249,32,,,0,103,,86250,32,,,0,103,,86251,32,,,0,107,,86252,32,,,0,101,,86256,32,,,0,166,,86257,32,,,0
501,'S2-1_3',950,,86258,32,,,0,105,,86259,32,,,0,101,,86260,32,,,0,85,,86261,32,,,0,94,,86262,32,,,0,98,,86263,32,,,0,103,,86264,32,,,0,103,,86265,32,,,0,107,,86266,32,,,0,101,,86268,32,,,0,166,,86269,32,,,0
501,'S2-2_6',840,,86270,32,,,0,101,,86271,32,,,0,101,,86272,32,,,0,100,,86273,32,,,0,99,,86274,32,,,0,94,,86275,32,,,0,99,,86276,32,,,0,101,,86277,32,,,0,99,,86278,32,,,0,104,,86279,32,,,0,98,,86280,32,,,0,186,,86281,32,,,0
501,'S2-4_1',950,,86282,32,,,0,105,,86283,32,,,0,101,,86284,32,,,0,85,,86285,32,,,0,94,,86286,32,,,0,98,,86287,32,,,0,103,,86288,32,,,0,103,,86289,32,,,0,107,,86290,32,,,0,101,,86294,32,,,0,166,,86295,32,,,0
501,'S2-4_2',950,,86296,32,,,0,105,,86297,32,,,0,101,,86298,32,,,0,85,,86299,32,,,0,94,,86300,32,,,0,98,,86301,32,,,0,103,,86302,32,,,0,103,,86303,32,,,0,107,,86304,32,,,0,101,,86308,32,,,0,166,,86309,32,,,0
501,'S2-4_4',950,,86310,32,,,0,105,,86311,32,,,0,101,,86312,32,,,0,85,,86313,32,,,0,94,,86314,32,,,0,98,,86315,32,,,0,103,,86316,32,,,0,103,,86317,32,,,0,107,,86318,32,,,0,101,,86322,32,,,0,166,,86323,32,,,0
2900501,'S2-0_4',1748,,91430,5,,,0,110,,91431,5,,,0
2900501,'S2-0_5',1748,,91432,5,,,0,110,,91433,5,,,0
2900501,'S2-1_3',1253,,91434,5,,,0,495,,91435,5,,,0,110,,91436,5,,,0
2900501,'S2-4_1',1748,,91437,5,,,0,110,,91438,5,,,0
2900501,'S2-4_2',1748,,91439,5,,,0,110,,91440,5,,,0
2900501,'S2-4_4',1748,,91441,5,,,0,110,,91442,5,,,0
