300,'S2-0_4',700,,85225,20,,,0,24,,85226,20,,,0,32,,85227,20,,,0,64,,85228,20,,,0,25,,85229,20,,,0,70,,85230,20,,,0,32,,85231,20,,,0,72,,85232,20,,,0,32,,85233,20,,,0,72,,85234,20,,,0,32,,85235,20,,,0,72,,85236,20,,,0,32,,85237,20,,,0,72,,85238,20,,,0,72,,85239,20,,,0,32,,85240,20,,,0,72,,85241,20,,,0,33,,85242,20,,,0,70,,85244,20,,,0,27,,85245,20,,,0,68,,85246,20,,,0,29,,85247,20,,,0,70,,85248,20,,,0,30,,85252,20,,,0,71,,85249,20,,,0,31,,85250,20,,,0,73,,85251,20,,,0,30,,85243,20,,,0
300,'S2-0_5',700,,85253,20,,,0,24,,85254,20,,,0,32,,85255,20,,,0,64,,85256,20,,,0,25,,85257,20,,,0,70,,85258,20,,,0,32,,85259,20,,,0,72,,85260,20,,,0,32,,85261,20,,,0,72,,85262,20,,,0,32,,85263,20,,,0,72,,85264,20,,,0,32,,85265,20,,,0,72,,85266,20,,,0,72,,85267,20,,,0,32,,85268,20,,,0,72,,85269,20,,,0,33,,85270,20,,,0,70,,85272,20,,,0,27,,85273,20,,,0,68,,85274,20,,,0,29,,85275,20,,,0,70,,85276,20,,,0,30,,85280,20,,,0,71,,85277,20,,,0,31,,85278,20,,,0,73,,85279,20,,,0,30,,85271,20,,,0
300,'S2-1_3',700,,85281,20,,,0,24,,85282,20,,,0,32,,85283,20,,,0,64,,85284,20,,,0,25,,85285,20,,,0,70,,85286,20,,,0,32,,85287,20,,,0,72,,85288,20,,,0,32,,85289,20,,,0,72,,85290,20,,,0,32,,85291,20,,,0,72,,85292,20,,,0,32,,85293,20,,,0,72,,85294,20,,,0,72,,85295,20,,,0,32,,85296,20,,,0,72,,85297,20,,,0,33,,85298,20,,,0,70,,85300,20,,,0,27,,85301,20,,,0,68,,85302,20,,,0,29,,85303,20,,,0,70,,85304,20,,,0,30,,85308,20,,,0,71,,85305,20,,,0,31,,85306,20,,,0,73,,85307,20,,,0,30,,85299,20,,,0
300,'S2-2_6',701,,85309,20,,,0,30,,85311,20,,,0,70,,85312,20,,,0,30,,85310,20,,,0,70,,85314,20,,,0,29,,85315,20,,,0,29,,85313,20,,,0,71,,85316,20,,,0,70,,85317,20,,,0,30,,85320,20,,,0,29,,85319,20,,,0,69,,85318,20,,,0,28,,85322,20,,,0,70,,85321,20,,,0,30,,85323,20,,,0,69,,85324,20,,,0,32,,85325,20,,,0,72,,85326,20,,,0,71,,85327,20,,,0,31,,85328,20,,,0,72,,85329,20,,,0,32,,85330,20,,,0,70,,85331,20,,,0,31,,85336,20,,,0,71,,85332,20,,,0,30,,85333,20,,,0,64,,85334,20,,,0,30,,85335,20,,,0
300,'S2-3_7',906,,85359,20,,,0,32,,85360,20,,,0,75,,85361,20,,,0,34,,85362,20,,,0,72,,85353,20,,,0,33,,85358,20,,,0,73,,85357,20,,,0,33,,85356,20,,,0,72,,85355,20,,,0,71,,85337,20,,,0,28,,85338,20,,,0,29,,85339,20,,,0,68,,85340,20,,,0,28,,85341,20,,,0,68,,85342,20,,,0,32,,85343,20,,,0,68,,85344,20,,,0,27,,85345,20,,,0,68,,85346,20,,,0,29,,85347,20,,,0,67,,85348,20,,,0,26,,85349,20,,,0,66,,85350,20,,,0,24,,85351,20,,,0,24,,85354,20,,,0,65,,85352,20,,,0
300,'S2-4_1',700,,85363,20,,,0,24,,85364,20,,,0,32,,85365,20,,,0,64,,85366,20,,,0,25,,85367,20,,,0,70,,85368,20,,,0,32,,85369,20,,,0,72,,85370,20,,,0,32,,85371,20,,,0,72,,85372,20,,,0,32,,85373,20,,,0,72,,85374,20,,,0,32,,85375,20,,,0,72,,85376,20,,,0,72,,85377,20,,,0,32,,85378,20,,,0,72,,85379,20,,,0,33,,85380,20,,,0,70,,85382,20,,,0,27,,85383,20,,,0,68,,85384,20,,,0,29,,85385,20,,,0,70,,85386,20,,,0,30,,85390,20,,,0,71,,85387,20,,,0,31,,85388,20,,,0,73,,85389,20,,,0,30,,85381,20,,,0
300,'S2-4_2',700,,85391,20,,,0,24,,85392,20,,,0,32,,85393,20,,,0,64,,85394,20,,,0,25,,85395,20,,,0,70,,85396,20,,,0,32,,85397,20,,,0,72,,85398,20,,,0,32,,85399,20,,,0,72,,85400,20,,,0,32,,85401,20,,,0,72,,85402,20,,,0,32,,85403,20,,,0,72,,85404,20,,,0,72,,85405,20,,,0,32,,85406,20,,,0,72,,85407,20,,,0,33,,85408,20,,,0,70,,85410,20,,,0,27,,85411,20,,,0,68,,85412,20,,,0,29,,85413,20,,,0,70,,85414,20,,,0,30,,85418,20,,,0,71,,85415,20,,,0,31,,85416,20,,,0,73,,85417,20,,,0,30,,85409,20,,,0
300,'S2-4_4',700,,85419,20,,,0,24,,85420,20,,,0,32,,85421,20,,,0,64,,85422,20,,,0,25,,85423,20,,,0,70,,85424,20,,,0,32,,85425,20,,,0,72,,85426,20,,,0,32,,85427,20,,,0,72,,85428,20,,,0,32,,85429,20,,,0,72,,85430,20,,,0,32,,85431,20,,,0,72,,85432,20,,,0,72,,85433,20,,,0,32,,85434,20,,,0,72,,85435,20,,,0,33,,85436,20,,,0,70,,85438,20,,,0,27,,85439,20,,,0,68,,85440,20,,,0,29,,85441,20,,,0,70,,85442,20,,,0,30,,85446,20,,,0,71,,85443,20,,,0,31,,85444,20,,,0,73,,85445,20,,,0,30,,85437,20,,,0
2900300,'S2-0_4',715,,91352,12,,,0,30,,91353,12,,,0,69,,91354,12,,,0
2900300,'S2-0_5',715,,91355,12,,,0,30,,91356,12,,,0,69,,91357,12,,,0
2900300,'S2-1_3',715,,91358,12,,,0,30,,91359,12,,,0,69,,91360,12,,,0
2900300,'S2-4_1',715,,91361,12,,,0,30,,91362,12,,,0,69,,91363,12,,,0
2900300,'S2-4_2',715,,91364,12,,,0,30,,91365,12,,,0,69,,91366,12,,,0
2900300,'S2-4_4',715,,91367,12,,,0,30,,91368,12,,,0,69,,91369,12,,,0
