900,'S2-0_4',623,,86862,1,,,0,100,,86880,1,,,0,631,,86877,1,,,0,396,,86878,1,,,0
900,'S2-0_5',623,,86881,1,,,0,100,,86899,1,,,0,631,,86896,1,,,0,396,,86897,1,,,0
900,'S2-1_3',623,,86900,1,,,0,100,,86918,1,,,0,631,,86915,1,,,0,396,,86916,1,,,0
900,'S2-4_1',623,,86931,1,,,0,100,,86949,1,,,0,631,,86946,1,,,0,396,,86947,1,,,0
900,'S2-4_2',623,,86950,1,,,0,100,,86968,1,,,0,631,,86965,1,,,0,396,,86966,1,,,0
900,'S2-4_4',623,,86969,1,,,0,100,,86987,1,,,0,631,,86984,1,,,0,396,,86985,1,,,0
901,'S2-0_4',1347,,86999,20,4,,0,387,,87002,21,4,,0,111,,87000,12,4,,0,95,,87001,12,4,,0,114,,87003,34,4,,0
901,'S2-0_5',1347,,87015,20,4,,0,387,,87018,21,4,,0,111,,87016,12,4,,0,95,,87017,12,4,,0,114,,87019,34,4,,0
901,'S2-1_3',1347,,87031,20,4,,0,387,,87034,21,4,,0,111,,87032,12,4,,0,95,,87033,12,4,,0,114,,87035,34,4,,0
901,'S2-4_1',1347,,87060,20,4,,0,387,,87063,21,4,,0,111,,87061,12,4,,0,95,,87062,12,4,,0,114,,87064,34,4,,0
901,'S2-4_2',1347,,87076,20,4,,0,387,,87079,21,4,,0,111,,87077,12,4,,0,95,,87078,12,4,,0,114,,87080,34,4,,0
901,'S2-4_4',1347,,87092,20,4,,0,387,,87095,21,4,,0,111,,87093,12,4,,0,95,,87094,12,4,,0,114,,87096,34,4,,0
