400,'S2-0_4',935,,85675,11,0,40,0,303,,85696,11,0,40,0,164,,85684,11,0,40,0,104,,85685,11,0,40,0,125,,85686,11,0,40,0,119,,85688,11,0,40,0,164,,85691,11,0,40,0
400,'S2-0_5',935,,85709,11,0,40,0,303,,85730,11,0,40,0,164,,85718,11,0,40,0,104,,85719,11,0,40,0,125,,85720,11,0,40,0,119,,85722,11,0,40,0,164,,85725,11,0,40,0
400,'S2-1_3',935,,85743,11,0,40,0,303,,85763,11,0,40,0,164,,85752,11,0,40,0,104,,85753,11,0,40,0,125,,85754,11,0,40,0,119,,85756,11,0,40,0,164,,85759,11,0,40,0
400,'S2-2_6',835,,85771,11,0,40,0,199,,85772,11,0,40,0,200,,85773,11,0,40,0,200,,85774,11,0,40,0,203,,85775,11,0,40,0,209,,85776,11,0,40,0
400,'S2-3_7',815,,85795,11,0,40,0,125,,85796,11,0,40,0,165,,85797,11,0,40,0,200,,85798,11,0,40,0,126,,85799,11,0,40,0,125,,85800,11,0,40,0,166,,85801,11,0,40,0,125,,85802,11,0,40,0
400,'S2-4_1',935,,85808,11,0,40,0,303,,85829,11,0,40,0,164,,85817,11,0,40,0,104,,85818,11,0,40,0,125,,85819,11,0,40,0,119,,85821,11,0,40,0,164,,85824,11,0,40,0
400,'S2-4_2',935,,85842,11,0,40,0,303,,85863,11,0,40,0,164,,85851,11,0,40,0,104,,85852,11,0,40,0,125,,85853,11,0,40,0,119,,85855,11,0,40,0,164,,85858,11,0,40,0
400,'S2-4_4',935,,85876,11,0,40,0,303,,85897,11,0,40,0,164,,85885,11,0,40,0,104,,85886,11,0,40,0,125,,85887,11,0,40,0,119,,85889,11,0,40,0,164,,85892,11,0,40,0
500,'S2-0_4',654,,86139,3,,,0,61,,86140,17,,,0,41,,86141,3,,,0,76,,86128,17,,,0,104,,86129,17,,,0,100,,86130,17,,,0,105,,86131,17,,,0,101,,86132,17,,,0,84,,86133,17,,,0,94,,86134,17,,,0,100,,86135,17,,,0,102,,86136,17,,,0,106,,86137,17,,,0,103,,86142,17,,,0,99,,86138,17,,,0
500,'S2-0_5',654,,86154,3,,,0,61,,86155,17,,,0,41,,86156,3,,,0,76,,86143,17,,,0,104,,86144,17,,,0,100,,86145,17,,,0,105,,86146,17,,,0,101,,86147,17,,,0,84,,86148,17,,,0,94,,86149,17,,,0,100,,86150,17,,,0,102,,86151,17,,,0,106,,86152,17,,,0,103,,86157,17,,,0,99,,86153,17,,,0
500,'S2-1_3',654,,86169,3,,,0,61,,86170,17,,,0,41,,86171,3,,,0,76,,86158,17,,,0,104,,86159,17,,,0,100,,86160,17,,,0,105,,86161,17,,,0,101,,86162,17,,,0,84,,86163,17,,,0,94,,86164,17,,,0,100,,86165,17,,,0,102,,86166,17,,,0,106,,86167,17,,,0,103,,86172,17,,,0,99,,86168,17,,,0
500,'S2-2_6',730,,86184,17,,,0,98,,86173,17,,,0,100,,86174,17,,,0,100,,86175,17,,,0,100,,86176,17,,,0,96,,86177,17,,,0,98,,86178,17,,,0,100,,86179,17,,,0,100,,86180,17,,,0,100,,86181,17,,,0,100,,86182,17,,,0,193,,86183,17,,,0
500,'S2-4_1',654,,86196,3,,,0,61,,86197,17,,,0,41,,86198,3,,,0,76,,86185,17,,,0,104,,86186,17,,,0,100,,86187,17,,,0,105,,86188,17,,,0,101,,86189,17,,,0,84,,86190,17,,,0,94,,86191,17,,,0,100,,86192,17,,,0,102,,86193,17,,,0,106,,86194,17,,,0,103,,86199,17,,,0,99,,86195,17,,,0
500,'S2-4_2',654,,86211,3,,,0,61,,86212,17,,,0,41,,86213,3,,,0,76,,86200,17,,,0,104,,86201,17,,,0,100,,86202,17,,,0,105,,86203,17,,,0,101,,86204,17,,,0,84,,86205,17,,,0,94,,86206,17,,,0,100,,86207,17,,,0,102,,86208,17,,,0,106,,86209,17,,,0,103,,86214,17,,,0,99,,86210,17,,,0
500,'S2-4_4',654,,86226,3,,,0,61,,86227,17,,,0,41,,86228,3,,,0,76,,86215,17,,,0,104,,86216,17,,,0,100,,86217,17,,,0,105,,86218,17,,,0,101,,86219,17,,,0,84,,86220,17,,,0,94,,86221,17,,,0,100,,86222,17,,,0,102,,86223,17,,,0,106,,86224,17,,,0,103,,86229,17,,,0,99,,86225,17,,,0
