500,'S2-0_4',704,,86140,11,,,0,118,,86128,11,,,0,105,,86129,11,,,0,99,,86130,11,,,0,105,,86131,11,,,0,101,,86132,11,,,0,84,,86133,11,,,0,94,,86134,11,,,0,100,,86135,11,,,0,102,,86136,11,,,0,106,,86137,11,,,0,103,,86142,11,,,0,100,,86138,11,,,0
500,'S2-0_5',704,,86155,11,,,0,118,,86143,11,,,0,105,,86144,11,,,0,99,,86145,11,,,0,105,,86146,11,,,0,101,,86147,11,,,0,84,,86148,11,,,0,94,,86149,11,,,0,100,,86150,11,,,0,102,,86151,11,,,0,106,,86152,11,,,0,103,,86157,11,,,0,100,,86153,11,,,0
500,'S2-1_3',704,,86170,11,,,0,118,,86158,11,,,0,105,,86159,11,,,0,99,,86160,11,,,0,105,,86161,11,,,0,101,,86162,11,,,0,84,,86163,11,,,0,94,,86164,11,,,0,100,,86165,11,,,0,102,,86166,11,,,0,106,,86167,11,,,0,103,,86172,11,,,0,100,,86168,11,,,0
500,'S2-2_6',722,,86184,11,,,0,98,,86173,11,,,0,99,,86174,11,,,0,101,,86175,11,,,0,100,,86176,11,,,0,96,,86177,11,,,0,98,,86178,11,,,0,100,,86179,11,,,0,99,,86180,11,,,0,101,,86181,11,,,0,100,,86182,11,,,0,193,,86183,11,,,0
500,'S2-4_1',704,,86197,11,,,0,118,,86185,11,,,0,105,,86186,11,,,0,99,,86187,11,,,0,105,,86188,11,,,0,101,,86189,11,,,0,84,,86190,11,,,0,94,,86191,11,,,0,100,,86192,11,,,0,102,,86193,11,,,0,106,,86194,11,,,0,103,,86199,11,,,0,100,,86195,11,,,0
500,'S2-4_2',704,,86212,11,,,0,118,,86200,11,,,0,105,,86201,11,,,0,99,,86202,11,,,0,105,,86203,11,,,0,101,,86204,11,,,0,84,,86205,11,,,0,94,,86206,11,,,0,100,,86207,11,,,0,102,,86208,11,,,0,106,,86209,11,,,0,103,,86214,11,,,0,100,,86210,11,,,0
500,'S2-4_4',704,,86227,11,,,0,118,,86215,11,,,0,105,,86216,11,,,0,99,,86217,11,,,0,105,,86218,11,,,0,101,,86219,11,,,0,84,,86220,11,,,0,94,,86221,11,,,0,100,,86222,11,,,0,102,,86223,11,,,0,106,,86224,11,,,0,103,,86229,11,,,0,100,,86225,11,,,0
2900500,'S2-0_4',657,,91418,11,,,0,145,,91419,11,,,0
2900500,'S2-0_5',657,,91420,11,,,0,145,,91421,11,,,0
2900500,'S2-1_3',657,,91422,11,,,0,145,,91423,11,,,0
2900500,'S2-4_1',657,,91424,11,,,0,145,,91425,11,,,0
2900500,'S2-4_2',657,,91426,11,,,0,145,,91427,11,,,0
2900500,'S2-4_4',657,,91428,11,,,0,145,,91429,11,,,0
