400,'S2-0_4',922,,85675,5,0,40,0,304,,85696,5,0,40,0,124,,85684,5,0,40,0,104,,85685,5,0,40,0,165,,85686,5,0,40,0,119,,85688,5,0,40,0,164,,85691,5,0,40,0
400,'S2-0_5',922,,85709,5,0,40,0,304,,85730,5,0,40,0,124,,85718,5,0,40,0,104,,85719,5,0,40,0,165,,85720,5,0,40,0,119,,85722,5,0,40,0,164,,85725,5,0,40,0
400,'S2-1_3',922,,85743,5,0,40,0,304,,85763,5,0,40,0,124,,85752,5,0,40,0,104,,85753,5,0,40,0,165,,85754,5,0,40,0,119,,85756,5,0,40,0,164,,85759,5,0,40,0
400,'S2-2_6',825,,85771,5,0,40,0,197,,85772,5,0,40,0,201,,85773,5,0,40,0,201,,85774,5,0,40,0,202,,85775,5,0,40,0,209,,85776,5,0,40,0
400,'S2-3_7',806,,85795,5,0,40,0,125,,85796,5,0,40,0,125,,85797,5,0,40,0,200,,85798,5,0,40,0,165,,85799,5,0,40,0,125,,85800,5,0,40,0,166,,85801,5,0,40,0,125,,85802,5,0,40,0
400,'S2-4_1',922,,85808,5,0,40,0,304,,85829,5,0,40,0,124,,85817,5,0,40,0,104,,85818,5,0,40,0,165,,85819,5,0,40,0,119,,85821,5,0,40,0,164,,85824,5,0,40,0
400,'S2-4_2',922,,85842,5,0,40,0,304,,85863,5,0,40,0,124,,85851,5,0,40,0,104,,85852,5,0,40,0,165,,85853,5,0,40,0,119,,85855,5,0,40,0,164,,85858,5,0,40,0
400,'S2-4_4',922,,85876,5,0,40,0,304,,85897,5,0,40,0,124,,85885,5,0,40,0,104,,85886,5,0,40,0,165,,85887,5,0,40,0,119,,85889,5,0,40,0,164,,85892,5,0,40,0
2901200,'S2-0_4',641,,91492,5,,,0,104,,91491,5,,,0
2901200,'S2-0_5',641,,91494,5,,,0,104,,91493,5,,,0
2901200,'S2-1_3',641,,91496,5,,,0,104,,91495,5,,,0
2901200,'S2-4_1',641,,91498,5,,,0,104,,91497,5,,,0
2901200,'S2-4_2',641,,91500,5,,,0,104,,91499,5,,,0
2901200,'S2-4_4',641,,91502,5,,,0,104,,91501,5,,,0
