401,'S2-0_4',842,,85930,52,,,0,296,,85932,50,,,0,118,,85931,52,,,0,101,,85933,50,,,0,180,,85934,50,,,0,274,,85929,53,,,0,145,,85935,50,,,0
401,'S2-0_5',842,,85962,52,,,0,296,,85964,50,,,0,118,,85963,52,,,0,101,,85965,50,,,0,180,,85966,50,,,0,274,,85961,53,,,0,145,,85967,50,,,0
401,'S2-1_3',842,,85994,52,,,0,296,,85996,50,,,0,118,,85995,52,,,0,101,,85997,50,,,0,180,,85998,50,,,0,274,,85993,53,,,0,145,,85999,50,,,0
401,'S2-2_6',742,,86001,50,,,0,189,,86002,50,,,0,202,,86003,50,,,0,201,,86004,50,,,0,199,,86005,50,,,0,206,,86006,50,,,0,272,,86007,50,,,0
401,'S2-3_7',1011,,86025,50,,,0,125,,86026,50,,,0,166,,86027,50,,,0,200,,86028,50,,,0,125,,86029,50,,,0,125,,86030,50,,,0,165,,86031,50,,,0
401,'S2-4_1',842,,86057,52,,,0,296,,86059,50,,,0,118,,86058,52,,,0,101,,86060,50,,,0,180,,86061,50,,,0,274,,86056,53,,,0,145,,86062,50,,,0
401,'S2-4_2',842,,86089,52,,,0,296,,86091,50,,,0,118,,86090,52,,,0,101,,86092,50,,,0,180,,86093,50,,,0,274,,86088,53,,,0,145,,86094,50,,,0
401,'S2-4_4',842,,86121,52,,,0,296,,86123,50,,,0,118,,86122,52,,,0,101,,86124,50,,,0,180,,86125,50,,,0,274,,86120,53,,,0,145,,86126,50,,,0
501,'S2-0_4',944,,86230,27,,,0,105,,86231,27,,,0,101,,86232,27,,,0,85,,86233,27,,,0,94,,86234,27,,,0,98,,86235,27,,,0,102,,86236,27,,,0,103,,86237,27,,,0,26,,86239,27,0,13,0,81,,86238,27,,,0,69,,86240,27,0,13,0,33,,86242,27,,,0,18,,86241,27,0,13,0,148,,86243,27,,,0
501,'S2-0_5',944,,86244,27,,,0,105,,86245,27,,,0,101,,86246,27,,,0,85,,86247,27,,,0,94,,86248,27,,,0,98,,86249,27,,,0,102,,86250,27,,,0,103,,86251,27,,,0,26,,86253,27,0,13,0,81,,86252,27,,,0,69,,86254,27,0,13,0,33,,86256,27,,,0,18,,86255,27,0,13,0,148,,86257,27,,,0
501,'S2-1_3',944,,86258,27,,,0,105,,86259,27,,,0,101,,86260,27,,,0,85,,86261,27,,,0,24,,86267,27,0,13,0,70,,86262,27,,,0,98,,86263,27,,,0,102,,86264,27,,,0,103,,86265,27,,,0,107,,86266,27,,,0,102,,86268,27,,,0,166,,86269,27,,,0
501,'S2-2_6',833,,86270,27,,,0,101,,86271,27,,,0,101,,86272,27,,,0,100,,86273,27,,,0,99,,86274,27,,,0,94,,86275,27,,,0,99,,86276,27,,,0,100,,86277,27,,,0,100,,86278,27,,,0,104,,86279,27,,,0,98,,86280,27,,,0,186,,86281,27,,,0
501,'S2-4_1',944,,86282,27,,,0,105,,86283,27,,,0,101,,86284,27,,,0,85,,86285,27,,,0,94,,86286,27,,,0,98,,86287,27,,,0,102,,86288,27,,,0,103,,86289,27,,,0,26,,86291,27,0,13,0,81,,86290,27,,,0,69,,86292,27,0,13,0,33,,86294,27,,,0,18,,86293,27,0,13,0,148,,86295,27,,,0
501,'S2-4_2',944,,86296,27,,,0,105,,86297,27,,,0,101,,86298,27,,,0,85,,86299,27,,,0,94,,86300,27,,,0,98,,86301,27,,,0,102,,86302,27,,,0,103,,86303,27,,,0,26,,86305,27,0,13,0,81,,86304,27,,,0,69,,86306,27,0,13,0,33,,86308,27,,,0,18,,86307,27,0,13,0,148,,86309,27,,,0
501,'S2-4_4',944,,86310,27,,,0,105,,86311,27,,,0,101,,86312,27,,,0,85,,86313,27,,,0,94,,86314,27,,,0,98,,86315,27,,,0,102,,86316,27,,,0,103,,86317,27,,,0,26,,86319,27,0,13,0,81,,86318,27,,,0,69,,86320,27,0,13,0,33,,86322,27,,,0,18,,86321,27,0,13,0,148,,86323,27,,,0
