301,'S2-0_4',732,,85473,21,,,0,21,,85447,21,,,0,74,,85474,21,,,0,73,,85448,21,,,0,30,,85449,21,,,0,71,,85450,21,,,0,32,,85451,21,,,0,72,,85452,21,,,0,33,,85453,21,,,0,73,,85454,21,,,0,32,,85455,21,,,0,71,,85456,21,,,0,33,,85457,21,,,0,72,,85458,21,,,0,31,,85459,21,,,0,70,,85460,21,,,0,27,,85461,21,,,0,67,,85462,21,,,0,31,,85463,21,,,0,70,,85464,21,,,0,30,,85465,21,,,0,70,,85466,21,,,0,25,,85467,21,,,0,63,,85468,21,,,0,24,,85469,21,,,0,29,,85470,21,,,0,68,,85471,21,,,0,30,,85472,21,,,0
301,'S2-0_5',732,,85501,21,,,0,21,,85475,21,,,0,74,,85502,21,,,0,73,,85476,21,,,0,30,,85477,21,,,0,71,,85478,21,,,0,32,,85479,21,,,0,72,,85480,21,,,0,33,,85481,21,,,0,73,,85482,21,,,0,32,,85483,21,,,0,71,,85484,21,,,0,33,,85485,21,,,0,72,,85486,21,,,0,31,,85487,21,,,0,70,,85488,21,,,0,27,,85489,21,,,0,67,,85490,21,,,0,31,,85491,21,,,0,70,,85492,21,,,0,30,,85493,21,,,0,70,,85494,21,,,0,25,,85495,21,,,0,63,,85496,21,,,0,24,,85497,21,,,0,29,,85498,21,,,0,68,,85499,21,,,0,30,,85500,21,,,0
301,'S2-1_3',732,,85529,21,,,0,21,,85503,21,,,0,74,,85530,21,,,0,73,,85504,21,,,0,30,,85505,21,,,0,71,,85506,21,,,0,32,,85507,21,,,0,72,,85508,21,,,0,33,,85509,21,,,0,73,,85510,21,,,0,32,,85511,21,,,0,71,,85512,21,,,0,33,,85513,21,,,0,72,,85514,21,,,0,31,,85515,21,,,0,70,,85516,21,,,0,27,,85517,21,,,0,67,,85518,21,,,0,31,,85519,21,,,0,70,,85520,21,,,0,30,,85521,21,,,0,70,,85522,21,,,0,25,,85523,21,,,0,63,,85524,21,,,0,24,,85525,21,,,0,29,,85526,21,,,0,68,,85527,21,,,0,30,,85528,21,,,0
301,'S2-2_6',737,,85534,21,,,0,71,,85531,21,,,0,30,,85532,21,,,0,70,,85533,21,,,0,31,,85535,21,,,0,70,,85536,21,,,0,31,,85537,21,,,0,70,,85538,21,,,0,31,,85542,21,,,0,69,,85541,21,,,0,28,,85539,21,,,0,69,,85540,21,,,0,29,,85544,21,,,0,71,,85545,21,,,0,30,,85543,21,,,0,71,,85546,21,,,0,30,,85549,21,,,0,72,,85547,21,,,0,33,,85548,21,,,0,71,,85551,21,,,0,32,,85550,21,,,0,70,,85552,21,,,0,32,,85553,21,,,0,68,,85554,21,,,0,29,,85555,21,,,0,69,,85556,21,,,0,30,,85557,21,,,0,63,,85558,21,,,0
301,'S2-3_7',811,,85580,21,,,0,32,,85575,21,,,0,72,,85581,21,,,0,33,,85576,21,,,0,72,,85582,21,,,0,33,,85577,21,,,0,73,,85583,21,,,0,32,,85578,21,,,0,72,,85584,21,,,0,73,,85559,21,,,0,27,,85560,21,,,0,29,,85561,21,,,0,66,,85562,21,,,0,28,,85563,21,,,0,67,,85564,21,,,0,29,,85565,21,,,0,68,,85585,21,,,0,26,,85566,21,,,0,72,,85567,21,,,0,34,,85568,21,,,0,68,,85569,21,,,0,28,,85570,21,,,0,65,,85571,21,,,0,25,,85572,21,,,0,67,,85573,21,,,0,27,,85579,21,,,0,25,,85574,21,,,0
301,'S2-4_1',732,,85612,21,,,0,21,,85586,21,,,0,74,,85613,21,,,0,73,,85587,21,,,0,30,,85588,21,,,0,71,,85589,21,,,0,32,,85590,21,,,0,72,,85591,21,,,0,33,,85592,21,,,0,73,,85593,21,,,0,32,,85594,21,,,0,71,,85595,21,,,0,33,,85596,21,,,0,72,,85597,21,,,0,31,,85598,21,,,0,70,,85599,21,,,0,27,,85600,21,,,0,67,,85601,21,,,0,31,,85602,21,,,0,70,,85603,21,,,0,30,,85604,21,,,0,70,,85605,21,,,0,25,,85606,21,,,0,63,,85607,21,,,0,24,,85608,21,,,0,29,,85609,21,,,0,68,,85610,21,,,0,30,,85611,21,,,0
301,'S2-4_2',732,,85640,21,,,0,21,,85614,21,,,0,74,,85641,21,,,0,73,,85615,21,,,0,30,,85616,21,,,0,71,,85617,21,,,0,32,,85618,21,,,0,72,,85619,21,,,0,33,,85620,21,,,0,73,,85621,21,,,0,32,,85622,21,,,0,71,,85623,21,,,0,33,,85624,21,,,0,72,,85625,21,,,0,31,,85626,21,,,0,70,,85627,21,,,0,27,,85628,21,,,0,67,,85629,21,,,0,31,,85630,21,,,0,70,,85631,21,,,0,30,,85632,21,,,0,70,,85633,21,,,0,25,,85634,21,,,0,63,,85635,21,,,0,24,,85636,21,,,0,29,,85637,21,,,0,68,,85638,21,,,0,30,,85639,21,,,0
301,'S2-4_4',732,,85668,21,,,0,21,,85642,21,,,0,74,,85669,21,,,0,73,,85643,21,,,0,30,,85644,21,,,0,71,,85645,21,,,0,32,,85646,21,,,0,72,,85647,21,,,0,33,,85648,21,,,0,73,,85649,21,,,0,32,,85650,21,,,0,71,,85651,21,,,0,33,,85652,21,,,0,72,,85653,21,,,0,31,,85654,21,,,0,70,,85655,21,,,0,27,,85656,21,,,0,67,,85657,21,,,0,31,,85658,21,,,0,70,,85659,21,,,0,30,,85660,21,,,0,70,,85661,21,,,0,25,,85662,21,,,0,63,,85663,21,,,0,24,,85664,21,,,0,29,,85665,21,,,0,68,,85666,21,,,0,30,,85667,21,,,0
900601,'S2-0_4',751,,89031,5,,,0,170,,89032,5,,,0,130,,89033,5,,,0,175,,89034,5,,,0,120,,89035,5,,,0,175,,89036,5,,,0,125,,89037,5,,,0,170,,89038,5,,,0
900601,'S2-0_5',751,,89039,5,,,0,170,,89040,5,,,0,130,,89041,5,,,0,175,,89042,5,,,0,120,,89043,5,,,0,175,,89044,5,,,0,125,,89045,5,,,0,170,,89046,5,,,0
900601,'S2-1_3',751,,89047,5,,,0,170,,89048,5,,,0,130,,89049,5,,,0,175,,89050,5,,,0,120,,89051,5,,,0,175,,89052,5,,,0,125,,89053,5,,,0,170,,89054,5,,,0
900601,'S2-2_6',751,,89055,5,,,0,170,,89056,5,,,0,130,,89057,5,,,0,175,,89058,5,,,0,120,,89059,5,,,0,175,,89060,5,,,0,125,,89061,5,,,0,170,,89062,5,,,0
900601,'S2-4_1',751,,89063,5,,,0,170,,89064,5,,,0,130,,89065,5,,,0,175,,89066,5,,,0,120,,89067,5,,,0,175,,89068,5,,,0,125,,89069,5,,,0,170,,89070,5,,,0
900601,'S2-4_2',751,,89071,5,,,0,170,,89072,5,,,0,130,,89073,5,,,0,175,,89074,5,,,0,120,,89075,5,,,0,175,,89076,5,,,0,125,,89077,5,,,0,170,,89078,5,,,0
900601,'S2-4_4',751,,89079,5,,,0,170,,89080,5,,,0,130,,89081,5,,,0,175,,89082,5,,,0,120,,89083,5,,,0,175,,89084,5,,,0,125,,89085,5,,,0,170,,89086,5,,,0
2900301,'S2-0_4',1722,,91370,7,,,0,28,,91371,7,,,0,73,,91372,7,,,0,22,,91373,7,,,0
2900301,'S2-0_5',1722,,91374,7,,,0,28,,91375,7,,,0,73,,91376,7,,,0,22,,91377,7,,,0
2900301,'S2-1_3',1722,,91378,7,,,0,28,,91379,7,,,0,73,,91380,7,,,0,22,,91381,7,,,0
2900301,'S2-4_1',1722,,91382,7,,,0,28,,91383,7,,,0,73,,91384,7,,,0,22,,91385,7,,,0
2900301,'S2-4_2',1722,,91386,7,,,0,28,,91387,7,,,0,73,,91388,7,,,0,22,,91389,7,,,0
2900301,'S2-4_4',1722,,91390,7,,,0,28,,91391,7,,,0,73,,91392,7,,,0,22,,91393,7,,,0
