100,'S2-0_4',720,,84209,26,0,61 8,0,14,,84206,26,0,61 8,0,16,,84210,26,0,61 8,0,55,,84197,26,,,0,15,,84216,26,0,61 8,0,20,,84207,26,4,,0,10,,84211,26,0,61 8,0,67,,84198,26,0,61 8,0,38,,84212,26,0,61 8,0,78,,84199,26,0,61 8,0,80,,84213,26,0,61 8,0,38,,84200,26,0,61 8,0,59,,84217,26,,,0,25,,84218,26,,,0,70,,84201,26,0,61 8,0,25,,84214,26,0,61 8,0,25,,84202,26,0,61 8,0,75,,84215,26,0,61 8,0,80,,84203,26,0,61 8,0,24,,84219,26,,,0,76,,84226,10,4,,0,20,,84220,26,,,0,13,,84225,3,0,61 8,0,62,,84221,26,,,0,10,,84204,26,0,61 8,0,11,,84227,10,4,,0,2,,84228,10,,,0,7,,84222,26,,,0,21,,84205,26,0,61 8,0,54,,84223,26,,,0,6,,84229,10,,,0,19,,84195,26,,,0,76,,84224,26,0,61 8,0,34,,84196,26,,,0
100,'S2-0_5',720,,84244,26,0,61 8,0,14,,84241,26,0,61 8,0,16,,84245,26,0,61 8,0,55,,84232,26,,,0,15,,84251,26,0,61 8,0,20,,84242,26,4,,0,10,,84246,26,0,61 8,0,67,,84233,26,0,61 8,0,38,,84247,26,0,61 8,0,78,,84234,26,0,61 8,0,80,,84248,26,0,61 8,0,38,,84235,26,0,61 8,0,59,,84252,26,,,0,25,,84253,26,,,0,70,,84236,26,0,61 8,0,25,,84249,26,0,61 8,0,25,,84237,26,0,61 8,0,75,,84250,26,0,61 8,0,80,,84238,26,0,61 8,0,24,,84254,26,,,0,76,,84261,10,4,,0,20,,84255,26,,,0,13,,84260,3,0,61 8,0,62,,84256,26,,,0,10,,84239,26,0,61 8,0,11,,84262,10,4,,0,2,,84263,10,,,0,7,,84257,26,,,0,21,,84240,26,0,61 8,0,54,,84258,26,,,0,6,,84264,10,,,0,19,,84230,26,,,0,76,,84259,26,0,61 8,0,34,,84231,26,,,0
100,'S2-1_3',720,,84279,26,0,61 8,0,14,,84276,26,0,61 8,0,16,,84280,26,0,61 8,0,55,,84267,26,,,0,15,,84286,26,0,61 8,0,20,,84277,26,4,,0,10,,84281,26,0,61 8,0,67,,84268,26,0,61 8,0,38,,84282,26,0,61 8,0,78,,84269,26,0,61 8,0,80,,84283,26,0,61 8,0,38,,84270,26,0,61 8,0,59,,84287,26,,,0,6,,84299,10,4,,0,4,,84296,10,4,,0,5,,84297,10,4,,0,7,,84298,3,,,0,3,,84288,26,,,0,70,,84271,26,0,61 8,0,25,,84284,26,0,61 8,0,25,,84272,26,0,61 8,0,75,,84285,26,0,61 8,0,80,,84273,26,0,61 8,0,24,,84289,26,,,0,76,,84278,26,0,61 8,0,20,,84290,26,,,0,13,,84295,3,0,61 8,0,62,,84291,26,,,0,10,,84274,26,0,61 8,0,20,,84292,26,,,0,21,,84275,26,0,61 8,0,54,,84293,26,,,0,25,,84265,26,,,0,76,,84294,26,0,61 8,0,34,,84266,26,,,0
100,'S2-2_6',720,,84300,26,0,61 8,0,110,,84312,26,0,61 8,0,95,,84301,26,0,61 8,0,31,,84313,26,0,61 8,0,70,,84302,26,0,61 8,0,32,,84314,26,0,61 8,0,70,,84303,26,0,61 8,0,29,,84315,26,0,61 8,0,71,,84304,26,0,61 8,0,28,,84316,26,0,61 8,0,70,,84305,26,0,61 8,0,30,,84317,26,0,61 8,0,70,,84306,26,0,61 8,0,31,,84318,26,0,61 8,0,69,,84307,26,0,61 8,0,31,,84319,26,0,61 8,0,71,,84308,26,0,61 8,0,31,,84320,26,0,61 8,0,73,,84309,26,0,61 8,0,68,,84321,26,0,61 8,0,30,,84310,26,0,61 8,0,71,,84322,26,0,61 8,0,29,,84311,26,0,61 8,0
100,'S2-3_7',925,,84323,26,0,61 8,0,105,,84328,26,0,61 8,0,106,,84324,26,0,61 8,0,104,,84329,26,0,61 8,0,90,,84325,26,0,61 8,0,100,,84330,26,0,61 8,0,105,,84326,26,0,61 8,0,105,,84331,26,0,61 8,0,105,,84327,26,0,61 8,0,105,,84332,26,0,61 8,0
100,'S2-4_1',720,,84347,26,0,61 8,0,14,,84344,26,0,61 8,0,16,,84348,26,0,61 8,0,55,,84335,26,,,0,15,,84354,26,0,61 8,0,20,,84345,26,4,,0,10,,84349,26,0,61 8,0,67,,84336,26,0,61 8,0,38,,84350,26,0,61 8,0,78,,84337,26,0,61 8,0,80,,84351,26,0,61 8,0,38,,84338,26,0,61 8,0,59,,84355,26,,,0,25,,84356,26,,,0,70,,84339,26,0,61 8,0,25,,84352,26,0,61 8,0,25,,84340,26,0,61 8,0,75,,84353,26,0,61 8,0,80,,84341,26,0,61 8,0,24,,84357,26,,,0,76,,84364,10,4,,0,20,,84358,26,,,0,13,,84363,3,0,61 8,0,62,,84359,26,,,0,10,,84342,26,0,61 8,0,11,,84365,10,4,,0,2,,84366,10,,,0,7,,84360,26,,,0,21,,84343,26,0,61 8,0,54,,84361,26,,,0,6,,84367,10,,,0,19,,84333,26,,,0,76,,84362,26,0,61 8,0,34,,84334,26,,,0
100,'S2-4_2',720,,84382,26,0,61 8,0,14,,84379,26,0,61 8,0,16,,84383,26,0,61 8,0,55,,84370,26,,,0,15,,84389,26,0,61 8,0,20,,84380,26,4,,0,10,,84384,26,0,61 8,0,67,,84371,26,0,61 8,0,38,,84385,26,0,61 8,0,78,,84372,26,0,61 8,0,80,,84386,26,0,61 8,0,38,,84373,26,0,61 8,0,59,,84390,26,,,0,25,,84391,26,,,0,70,,84374,26,0,61 8,0,25,,84387,26,0,61 8,0,25,,84375,26,0,61 8,0,75,,84388,26,0,61 8,0,80,,84376,26,0,61 8,0,24,,84392,26,,,0,76,,84399,10,4,,0,20,,84393,26,,,0,13,,84398,3,0,61 8,0,62,,84394,26,,,0,10,,84377,26,0,61 8,0,11,,84400,10,4,,0,2,,84401,10,,,0,7,,84395,26,,,0,21,,84378,26,0,61 8,0,54,,84396,26,,,0,6,,84402,10,,,0,19,,84368,26,,,0,76,,84397,26,0,61 8,0,34,,84369,26,,,0
100,'S2-4_4',720,,84417,26,0,61 8,0,14,,84414,26,0,61 8,0,16,,84418,26,0,61 8,0,55,,84405,26,,,0,15,,84424,26,0,61 8,0,20,,84415,26,4,,0,10,,84419,26,0,61 8,0,67,,84406,26,0,61 8,0,38,,84420,26,0,61 8,0,78,,84407,26,0,61 8,0,80,,84421,26,0,61 8,0,38,,84408,26,0,61 8,0,59,,84425,26,,,0,25,,84426,26,,,0,70,,84409,26,0,61 8,0,25,,84422,26,0,61 8,0,25,,84410,26,0,61 8,0,75,,84423,26,0,61 8,0,80,,84411,26,0,61 8,0,24,,84427,26,,,0,76,,84434,10,4,,0,20,,84428,26,,,0,13,,84433,3,0,61 8,0,62,,84429,26,,,0,10,,84412,26,0,61 8,0,11,,84435,10,4,,0,2,,84436,10,,,0,7,,84430,26,,,0,21,,84413,26,0,61 8,0,54,,84431,26,,,0,6,,84437,10,,,0,19,,84403,26,,,0,76,,84432,26,0,61 8,0,34,,84404,26,,,0
300,'S2-0_4',725,,85225,35,,,0,25,,85226,35,,,0,70,,85227,35,,,0,23,,85228,35,,,0,65,,85229,35,,,0,30,,85230,35,,,0,72,,85231,35,,,0,32,,85232,35,,,0,71,,85233,35,,,0,32,,85234,35,,,0,72,,85235,35,,,0,32,,85236,35,,,0,73,,85237,35,,,0,33,,85238,35,,,0,72,,85239,35,,,0,73,,85240,35,,,0,32,,85241,35,,,0,74,,85242,35,,,0,29,,85244,35,,,0,68,,85245,35,,,0,28,,85246,35,,,0,27,,85247,35,,,0,68,,85248,35,,,0,30,,85252,35,,,0,71,,85249,35,,,0,30,,85250,35,,,0,73,,85251,35,,,0,70,,85243,35,,,0
300,'S2-0_5',725,,85253,35,,,0,25,,85254,35,,,0,70,,85255,35,,,0,23,,85256,35,,,0,65,,85257,35,,,0,30,,85258,35,,,0,72,,85259,35,,,0,32,,85260,35,,,0,71,,85261,35,,,0,32,,85262,35,,,0,72,,85263,35,,,0,32,,85264,35,,,0,73,,85265,35,,,0,33,,85266,35,,,0,72,,85267,35,,,0,73,,85268,35,,,0,32,,85269,35,,,0,74,,85270,35,,,0,29,,85272,35,,,0,68,,85273,35,,,0,28,,85274,35,,,0,27,,85275,35,,,0,68,,85276,35,,,0,30,,85280,35,,,0,71,,85277,35,,,0,30,,85278,35,,,0,73,,85279,35,,,0,70,,85271,35,,,0
300,'S2-1_3',725,,85281,35,,,0,25,,85282,35,,,0,70,,85283,35,,,0,23,,85284,35,,,0,65,,85285,35,,,0,30,,85286,35,,,0,72,,85287,35,,,0,32,,85288,35,,,0,71,,85289,35,,,0,32,,85290,35,,,0,72,,85291,35,,,0,32,,85292,35,,,0,73,,85293,35,,,0,33,,85294,35,,,0,72,,85295,35,,,0,73,,85296,35,,,0,32,,85297,35,,,0,74,,85298,35,,,0,29,,85300,35,,,0,68,,85301,35,,,0,28,,85302,35,,,0,27,,85303,35,,,0,68,,85304,35,,,0,30,,85308,35,,,0,71,,85305,35,,,0,30,,85306,35,,,0,73,,85307,35,,,0,70,,85299,35,,,0
300,'S2-2_6',720,,85309,35,,,0,30,,85311,35,,,0,70,,85312,35,,,0,30,,85310,35,,,0,70,,85314,35,,,0,30,,85315,35,,,0,69,,85313,35,,,0,31,,85316,35,,,0,70,,85317,35,,,0,30,,85320,35,,,0,69,,85319,35,,,0,29,,85318,35,,,0,68,,85322,35,,,0,30,,85321,35,,,0,70,,85323,35,,,0,30,,85324,35,,,0,72,,85325,35,,,0,32,,85326,35,,,0,71,,85327,35,,,0,31,,85328,35,,,0,72,,85329,35,,,0,32,,85330,35,,,0,70,,85331,35,,,0,31,,85336,35,,,0,70,,85332,35,,,0,30,,85333,35,,,0,64,,85334,35,,,0,30,,85335,35,,,0
300,'S2-3_7',926,,85359,35,,,0,33,,85360,35,,,0,75,,85361,35,,,0,74,,85362,35,,,0,32,,85353,35,,,0,72,,85358,35,,,0,33,,85357,35,,,0,72,,85356,35,,,0,33,,85355,35,,,0,72,,85337,35,,,0,28,,85338,35,,,0,70,,85339,35,,,0,28,,85340,35,,,0,68,,85341,35,,,0,30,,85342,35,,,0,72,,85343,35,,,0,28,,85344,35,,,0,67,,85345,35,,,0,28,,85346,35,,,0,69,,85347,35,,,0,26,,85348,35,,,0,65,,85349,35,,,0,25,,85350,35,,,0,23,,85351,35,,,0,64,,85354,35,,,0,24,,85352,35,,,0
300,'S2-4_1',725,,85363,35,,,0,25,,85364,35,,,0,70,,85365,35,,,0,23,,85366,35,,,0,65,,85367,35,,,0,30,,85368,35,,,0,72,,85369,35,,,0,32,,85370,35,,,0,71,,85371,35,,,0,32,,85372,35,,,0,72,,85373,35,,,0,32,,85374,35,,,0,73,,85375,35,,,0,33,,85376,35,,,0,72,,85377,35,,,0,73,,85378,35,,,0,32,,85379,35,,,0,74,,85380,35,,,0,29,,85382,35,,,0,68,,85383,35,,,0,28,,85384,35,,,0,27,,85385,35,,,0,68,,85386,35,,,0,30,,85390,35,,,0,71,,85387,35,,,0,30,,85388,35,,,0,73,,85389,35,,,0,70,,85381,35,,,0
300,'S2-4_2',725,,85391,35,,,0,25,,85392,35,,,0,70,,85393,35,,,0,23,,85394,35,,,0,65,,85395,35,,,0,30,,85396,35,,,0,72,,85397,35,,,0,32,,85398,35,,,0,71,,85399,35,,,0,32,,85400,35,,,0,72,,85401,35,,,0,32,,85402,35,,,0,73,,85403,35,,,0,33,,85404,35,,,0,72,,85405,35,,,0,73,,85406,35,,,0,32,,85407,35,,,0,74,,85408,35,,,0,29,,85410,35,,,0,68,,85411,35,,,0,28,,85412,35,,,0,27,,85413,35,,,0,68,,85414,35,,,0,30,,85418,35,,,0,71,,85415,35,,,0,30,,85416,35,,,0,73,,85417,35,,,0,70,,85409,35,,,0
300,'S2-4_4',725,,85419,35,,,0,25,,85420,35,,,0,70,,85421,35,,,0,23,,85422,35,,,0,65,,85423,35,,,0,30,,85424,35,,,0,72,,85425,35,,,0,32,,85426,35,,,0,71,,85427,35,,,0,32,,85428,35,,,0,72,,85429,35,,,0,32,,85430,35,,,0,73,,85431,35,,,0,33,,85432,35,,,0,72,,85433,35,,,0,73,,85434,35,,,0,32,,85435,35,,,0,74,,85436,35,,,0,29,,85438,35,,,0,68,,85439,35,,,0,28,,85440,35,,,0,27,,85441,35,,,0,68,,85442,35,,,0,30,,85446,35,,,0,71,,85443,35,,,0,30,,85444,35,,,0,73,,85445,35,,,0,70,,85437,35,,,0
400,'S2-0_4',720,,85693,17,0,43,0,15,,85701,17,0,40,0,15,,85670,17,0,40,0,55,,85671,17,0,40,0,15,,85695,17,0,40,0,15,,85672,17,0,40,0,13,,85673,17,0,40,0,71,,85674,17,0,40,0,39,,85675,29,0,40,0,71,,85676,17,0,40,0,71,,85677,17,0,40,0,35,,85678,17,0,40,0,75,,85679,17,0,40,0,25,,85699,17,,,0,65,,85696,29,0,40,0,29,,85680,17,0,40,0,26,,85681,17,0,40,0,70,,85684,29,0,40,0,75,,85682,17,0,40,0,30,,85685,29,0,40,0,75,,85683,17,0,40,0,28,,85702,17,0,40,0,67,,85686,29,0,40,0,5,,85697,1,0,40,0,15,,85687,17,0,40,0,15,,85703,17,,,0,15,,85689,17,0,40,0,65,,85692,1,0,40,0,20,,85700,17,,,0,75,,85690,17,0,40,0,25,,85691,29,0,40,0
400,'S2-0_5',720,,85727,17,0,43,0,15,,85735,17,0,40,0,15,,85704,17,0,40,0,55,,85705,17,0,40,0,15,,85729,17,0,40,0,15,,85706,17,0,40,0,13,,85707,17,0,40,0,71,,85708,17,0,40,0,39,,85709,29,0,40,0,71,,85710,17,0,40,0,71,,85711,17,0,40,0,35,,85712,17,0,40,0,75,,85713,17,0,40,0,25,,85733,17,,,0,65,,85730,29,0,40,0,29,,85714,17,0,40,0,26,,85715,17,0,40,0,70,,85718,29,0,40,0,75,,85716,17,0,40,0,30,,85719,29,0,40,0,75,,85717,17,0,40,0,28,,85736,17,0,40,0,67,,85720,29,0,40,0,5,,85731,1,0,40,0,15,,85721,17,0,40,0,15,,85737,17,,,0,15,,85723,17,0,40,0,65,,85726,1,0,40,0,20,,85734,17,,,0,75,,85724,17,0,40,0,25,,85725,29,0,40,0
400,'S2-1_3',720,,85760,17,0,43,0,15,,85768,17,0,40,0,15,,85738,17,0,40,0,55,,85739,17,0,40,0,15,,85762,17,0,40,0,15,,85740,17,0,40,0,13,,85741,17,0,40,0,71,,85742,17,0,40,0,39,,85743,29,0,40,0,71,,85744,17,0,40,0,71,,85745,17,0,40,0,35,,85746,17,0,40,0,75,,85747,17,0,40,0,25,,85766,17,,,0,65,,85763,29,0,40,0,29,,85748,17,0,40,0,26,,85749,17,0,40,0,70,,85752,29,0,40,0,75,,85750,17,0,40,0,30,,85753,29,0,40,0,75,,85751,17,0,40,0,28,,85769,17,0,40,0,67,,85754,29,0,40,0,5,,85764,1,0,40,0,15,,85755,17,0,40,0,15,,85770,17,,,0,15,,85757,17,0,40,0,65,,85756,29,0,40,0,20,,85767,17,,,0,75,,85758,17,0,40,0,25,,85759,29,0,40,0
400,'S2-2_6',720,,85777,17,0,40,0,104,,85778,17,0,40,0,34,,85771,29,0,40,0,67,,85779,17,0,40,0,32,,85780,17,0,40,0,70,,85781,17,0,40,0,30,,85772,29,0,40,0,71,,85782,17,0,40,0,29,,85784,17,0,40,0,71,,85783,17,0,40,0,29,,85773,29,0,40,0,70,,85785,17,0,40,0,31,,85786,17,0,40,0,69,,85787,17,0,40,0,32,,85774,29,0,40,0,72,,85788,17,0,40,0,69,,85789,17,0,40,0,30,,85790,17,0,40,0,72,,85775,29,0,40,0,35,,85791,17,0,40,0,71,,85792,17,0,40,0,32,,85793,17,0,40,0,69,,85776,29,0,40,0,31,,85794,17,0,40,0
400,'S2-3_7',835,,85795,29,0,40,0,165,,85796,29,0,40,0,125,,85797,29,0,40,0,200,,85798,29,0,40,0,126,,85799,29,0,40,0,165,,85800,29,0,40,0,126,,85801,29,0,40,0,165,,85802,29,0,40,0
400,'S2-4_1',720,,85826,17,0,43,0,15,,85834,17,0,40,0,15,,85803,17,0,40,0,55,,85804,17,0,40,0,15,,85828,17,0,40,0,15,,85805,17,0,40,0,13,,85806,17,0,40,0,71,,85807,17,0,40,0,39,,85808,29,0,40,0,71,,85809,17,0,40,0,71,,85810,17,0,40,0,35,,85811,17,0,40,0,75,,85812,17,0,40,0,25,,85832,17,,,0,65,,85829,29,0,40,0,29,,85813,17,0,40,0,26,,85814,17,0,40,0,70,,85817,29,0,40,0,75,,85815,17,0,40,0,30,,85818,29,0,40,0,75,,85816,17,0,40,0,28,,85835,17,0,40,0,67,,85819,29,0,40,0,5,,85830,1,0,40,0,15,,85820,17,0,40,0,15,,85836,17,,,0,15,,85822,17,0,40,0,65,,85825,1,0,40,0,20,,85833,17,,,0,75,,85823,17,0,40,0,25,,85824,29,0,40,0
400,'S2-4_2',720,,85860,17,0,43,0,15,,85868,17,0,40,0,15,,85837,17,0,40,0,55,,85838,17,0,40,0,15,,85862,17,0,40,0,15,,85839,17,0,40,0,13,,85840,17,0,40,0,71,,85841,17,0,40,0,39,,85842,29,0,40,0,71,,85843,17,0,40,0,71,,85844,17,0,40,0,35,,85845,17,0,40,0,75,,85846,17,0,40,0,25,,85866,17,,,0,65,,85863,29,0,40,0,29,,85847,17,0,40,0,26,,85848,17,0,40,0,70,,85851,29,0,40,0,75,,85849,17,0,40,0,30,,85852,29,0,40,0,75,,85850,17,0,40,0,28,,85869,17,0,40,0,67,,85853,29,0,40,0,5,,85864,1,0,40,0,15,,85854,17,0,40,0,15,,85870,17,,,0,15,,85856,17,0,40,0,65,,85859,1,0,40,0,20,,85867,17,,,0,75,,85857,17,0,40,0,25,,85858,29,0,40,0
400,'S2-4_4',720,,85894,17,0,43,0,15,,85902,17,0,40,0,15,,85871,17,0,40,0,55,,85872,17,0,40,0,15,,85896,17,0,40,0,15,,85873,17,0,40,0,13,,85874,17,0,40,0,71,,85875,17,0,40,0,39,,85876,29,0,40,0,71,,85877,17,0,40,0,71,,85878,17,0,40,0,35,,85879,17,0,40,0,75,,85880,17,0,40,0,25,,85900,17,,,0,65,,85897,29,0,40,0,29,,85881,17,0,40,0,26,,85882,17,0,40,0,70,,85885,29,0,40,0,75,,85883,17,0,40,0,30,,85886,29,0,40,0,75,,85884,17,0,40,0,28,,85903,17,0,40,0,67,,85887,29,0,40,0,5,,85898,1,0,40,0,15,,85888,17,0,40,0,15,,85904,17,,,0,15,,85890,17,0,40,0,65,,85893,1,0,40,0,20,,85901,17,,,0,75,,85891,17,0,40,0,25,,85892,29,0,40,0
500,'S2-0_4',720,,86139,23,,,0,20,,86140,37,,,0,80,,86141,23,,,0,36,,86128,37,,,0,144,,86129,37,,,0,100,,86130,37,,,0,105,,86131,37,,,0,100,,86132,37,,,0,44,,86133,37,,,0,94,,86134,37,,,0,100,,86135,37,,,0,103,,86136,37,,,0,107,,86137,37,,,0,101,,86142,37,,,0,98,,86138,37,,,0
500,'S2-0_5',720,,86154,23,,,0,20,,86155,37,,,0,80,,86156,23,,,0,36,,86143,37,,,0,144,,86144,37,,,0,100,,86145,37,,,0,105,,86146,37,,,0,100,,86147,37,,,0,44,,86148,37,,,0,94,,86149,37,,,0,100,,86150,37,,,0,103,,86151,37,,,0,107,,86152,37,,,0,101,,86157,37,,,0,98,,86153,37,,,0
500,'S2-1_3',720,,86169,23,,,0,20,,86170,37,,,0,80,,86171,23,,,0,36,,86158,37,,,0,144,,86159,37,,,0,100,,86160,37,,,0,105,,86161,37,,,0,100,,86162,37,,,0,44,,86163,37,,,0,94,,86164,37,,,0,100,,86165,37,,,0,103,,86166,37,,,0,107,,86167,37,,,0,101,,86172,37,,,0,98,,86168,37,,,0
500,'S2-2_6',750,,86184,37,,,0,100,,86173,37,,,0,100,,86174,37,,,0,100,,86175,37,,,0,99,,86176,37,,,0,96,,86177,37,,,0,98,,86178,37,,,0,100,,86179,37,,,0,100,,86180,37,,,0,100,,86181,37,,,0,100,,86182,37,,,0,191,,86183,37,,,0
500,'S2-4_1',720,,86196,23,,,0,20,,86197,37,,,0,80,,86198,23,,,0,36,,86185,37,,,0,144,,86186,37,,,0,100,,86187,37,,,0,105,,86188,37,,,0,100,,86189,37,,,0,44,,86190,37,,,0,94,,86191,37,,,0,100,,86192,37,,,0,103,,86193,37,,,0,107,,86194,37,,,0,101,,86199,37,,,0,98,,86195,37,,,0
500,'S2-4_2',720,,86211,23,,,0,20,,86212,37,,,0,80,,86213,23,,,0,36,,86200,37,,,0,144,,86201,37,,,0,100,,86202,37,,,0,105,,86203,37,,,0,100,,86204,37,,,0,44,,86205,37,,,0,94,,86206,37,,,0,100,,86207,37,,,0,103,,86208,37,,,0,107,,86209,37,,,0,101,,86214,37,,,0,98,,86210,37,,,0
500,'S2-4_4',720,,86226,23,,,0,20,,86227,37,,,0,80,,86228,23,,,0,36,,86215,37,,,0,144,,86216,37,,,0,100,,86217,37,,,0,105,,86218,37,,,0,100,,86219,37,,,0,44,,86220,37,,,0,94,,86221,37,,,0,100,,86222,37,,,0,103,,86223,37,,,0,107,,86224,37,,,0,101,,86229,37,,,0,98,,86225,37,,,0
2300,'S2-0_4',1601,,88084,1,,,0,100,,88085,1,,,0,100,,88086,1,,,0
2300,'S2-0_5',1601,,88087,1,,,0,100,,88088,1,,,0,100,,88089,1,,,0
2300,'S2-1_3',1205,,88091,1,,,0,3,,88090,1,,,0
2300,'S2-4_1',1601,,88092,1,,,0,100,,88093,1,,,0,100,,88094,1,,,0
2300,'S2-4_2',1601,,88095,1,,,0,100,,88096,1,,,0,100,,88097,1,,,0
2300,'S2-4_4',1601,,88098,1,,,0,100,,88099,1,,,0,100,,88100,1,,,0
2600,'S2-0_4',709,,88333,16,,,0,13,,88344,16,,,0,84,,88345,16,,,0,16,,88346,16,,,0,84,,88347,16,,,0,29,,88348,16,,,0,95,,88334,16,,,0,99,,88335,16,,,0,98,,88336,16,,,0,27,,88337,16,,,0,70,,88352,16,,,0,95,,88353,16,,,0,111,,88338,16,,,0,85,,88339,16,,,0,25,,88349,16,,,0,71,,88350,16,,,0,21,,88340,16,,,0,68,,88341,16,,,0,32,,88342,16,,,0,69,,88355,16,,,0
2600,'S2-0_5',709,,88357,16,,,0,13,,88368,16,,,0,84,,88369,16,,,0,16,,88370,16,,,0,84,,88371,16,,,0,29,,88372,16,,,0,95,,88358,16,,,0,99,,88359,16,,,0,98,,88360,16,,,0,27,,88361,16,,,0,70,,88376,16,,,0,95,,88377,16,,,0,111,,88362,16,,,0,85,,88363,16,,,0,25,,88373,16,,,0,71,,88374,16,,,0,21,,88364,16,,,0,68,,88365,16,,,0,32,,88366,16,,,0,69,,88379,16,,,0
2600,'S2-1_3',709,,88381,16,,,0,13,,88392,16,,,0,84,,88393,16,,,0,16,,88394,16,,,0,84,,88395,16,,,0,29,,88396,16,,,0,95,,88382,16,,,0,99,,88383,16,,,0,98,,88384,16,,,0,27,,88385,16,,,0,70,,88400,16,,,0,95,,88401,16,,,0,111,,88386,16,,,0,85,,88387,16,,,0,25,,88397,16,,,0,71,,88398,16,,,0,21,,88388,16,,,0,68,,88389,16,,,0,32,,88390,16,,,0,69,,88402,16,,,0
2600,'S2-2_6',730,,88404,16,,,0,85,,88405,16,,,0,85,,88406,16,,,0,45,,88407,16,,,0,84,,88408,16,,,0,90,,88409,16,,,0,84,,88410,16,,,0,42,,88411,16,,,0,85,,88412,16,,,0,85,,88413,16,,,0,43,,88414,16,,,0,85,,88415,16,,,0,90,,88416,16,,,0,86,,88417,16,,,0,83,,88418,16,,,0,45,,88419,16,,,0,83,,88420,16,,,0
2600,'S2-4_1',709,,88421,16,,,0,13,,88432,16,,,0,84,,88433,16,,,0,16,,88434,16,,,0,84,,88435,16,,,0,29,,88436,16,,,0,95,,88422,16,,,0,99,,88423,16,,,0,98,,88424,16,,,0,27,,88425,16,,,0,70,,88440,16,,,0,95,,88441,16,,,0,111,,88426,16,,,0,85,,88427,16,,,0,25,,88437,16,,,0,71,,88438,16,,,0,21,,88428,16,,,0,68,,88429,16,,,0,32,,88430,16,,,0,69,,88443,16,,,0
2600,'S2-4_2',709,,88445,16,,,0,13,,88456,16,,,0,84,,88457,16,,,0,16,,88458,16,,,0,84,,88459,16,,,0,29,,88460,16,,,0,95,,88446,16,,,0,99,,88447,16,,,0,98,,88448,16,,,0,27,,88449,16,,,0,70,,88464,16,,,0,95,,88465,16,,,0,111,,88450,16,,,0,85,,88451,16,,,0,25,,88461,16,,,0,71,,88462,16,,,0,21,,88452,16,,,0,68,,88453,16,,,0,32,,88454,16,,,0,69,,88467,16,,,0
2600,'S2-4_4',709,,88470,16,,,0,13,,88481,16,,,0,84,,88482,16,,,0,16,,88483,16,,,0,84,,88484,16,,,0,29,,88485,16,,,0,95,,88471,16,,,0,99,,88472,16,,,0,98,,88473,16,,,0,27,,88474,16,,,0,70,,88489,16,,,0,95,,88490,16,,,0,111,,88475,16,,,0,85,,88476,16,,,0,25,,88486,16,,,0,71,,88487,16,,,0,21,,88477,16,,,0,68,,88478,16,,,0,32,,88479,16,,,0,69,,88492,16,,,0
901500,'S2-0_4',858,,89087,11,,,0,60,,89088,11,,,0,20,,89089,11,,,0,20,,89090,11,,,0,60,,89091,11,,,0,20,,89092,11,,,0,20,,89093,11,,,0,60,,89094,11,,,0,20,,89095,11,,,0,20,,89096,11,,,0,60,,89097,11,,,0,20,,89098,11,,,0,20,,89099,11,,,0,60,,89100,11,,,0,20,,89101,11,,,0,20,,89102,11,,,0,60,,89103,11,,,0,20,,89104,11,,,0,20,,89105,11,,,0,80,,89106,11,,,0,20,,89107,11,,,0,60,,89108,11,,,0,20,,89109,11,,,0,20,,89110,11,,,0,60,,89111,11,,,0,20,,89112,11,,,0,20,,89113,11,,,0,60,,89114,11,,,0,20,,89115,11,,,0,20,,89116,11,,,0,60,,89117,11,,,0,20,,89118,11,,,0
901500,'S2-0_5',858,,89119,11,,,0,60,,89120,11,,,0,20,,89121,11,,,0,20,,89122,11,,,0,60,,89123,11,,,0,20,,89124,11,,,0,20,,89125,11,,,0,60,,89126,11,,,0,20,,89127,11,,,0,20,,89128,11,,,0,60,,89129,11,,,0,20,,89130,11,,,0,20,,89131,11,,,0,60,,89132,11,,,0,20,,89133,11,,,0,20,,89134,11,,,0,60,,89135,11,,,0,20,,89136,11,,,0,20,,89137,11,,,0,80,,89138,11,,,0,20,,89139,11,,,0,60,,89140,11,,,0,20,,89141,11,,,0,20,,89142,11,,,0,60,,89143,11,,,0,20,,89144,11,,,0,20,,89145,11,,,0,60,,89146,11,,,0,20,,89147,11,,,0,20,,89148,11,,,0,60,,89149,11,,,0,20,,89150,11,,,0
901500,'S2-1_3',858,,89151,11,,,0,60,,89152,11,,,0,20,,89153,11,,,0,20,,89154,11,,,0,60,,89155,11,,,0,20,,89156,11,,,0,20,,89157,11,,,0,60,,89158,11,,,0,20,,89159,11,,,0,20,,89160,11,,,0,60,,89161,11,,,0,20,,89162,11,,,0,20,,89163,11,,,0,60,,89164,11,,,0,20,,89165,11,,,0,20,,89166,11,,,0,60,,89167,11,,,0,20,,89168,11,,,0,20,,89169,11,,,0,80,,89170,11,,,0,20,,89171,11,,,0,60,,89172,11,,,0,20,,89173,11,,,0,20,,89174,11,,,0,60,,89175,11,,,0,20,,89176,11,,,0,20,,89177,11,,,0,60,,89178,11,,,0,20,,89179,11,,,0,20,,89180,11,,,0,60,,89181,11,,,0,20,,89182,11,,,0
901500,'S2-2_6',858,,89183,11,,,0,60,,89184,11,,,0,20,,89185,11,,,0,20,,89186,11,,,0,60,,89187,11,,,0,20,,89188,11,,,0,20,,89189,11,,,0,60,,89190,11,,,0,20,,89191,11,,,0,20,,89192,11,,,0,60,,89193,11,,,0,20,,89194,11,,,0,20,,89195,11,,,0,60,,89196,11,,,0,20,,89197,11,,,0,20,,89198,11,,,0,60,,89199,11,,,0,20,,89200,11,,,0,20,,89201,11,,,0,80,,89202,11,,,0,20,,89203,11,,,0,60,,89204,11,,,0,20,,89205,11,,,0,20,,89206,11,,,0,60,,89207,11,,,0,20,,89208,11,,,0,20,,89209,11,,,0,60,,89210,11,,,0,20,,89211,11,,,0,20,,89212,11,,,0,60,,89213,11,,,0,20,,89214,11,,,0
901500,'S2-4_1',858,,89215,11,,,0,60,,89216,11,,,0,20,,89217,11,,,0,20,,89218,11,,,0,60,,89219,11,,,0,20,,89220,11,,,0,20,,89221,11,,,0,60,,89222,11,,,0,20,,89223,11,,,0,20,,89224,11,,,0,60,,89225,11,,,0,20,,89226,11,,,0,20,,89227,11,,,0,60,,89228,11,,,0,20,,89229,11,,,0,20,,89230,11,,,0,60,,89231,11,,,0,20,,89232,11,,,0,20,,89233,11,,,0,80,,89234,11,,,0,20,,89235,11,,,0,60,,89236,11,,,0,20,,89237,11,,,0,20,,89238,11,,,0,60,,89239,11,,,0,20,,89240,11,,,0,20,,89241,11,,,0,60,,89242,11,,,0,20,,89243,11,,,0,20,,89244,11,,,0,60,,89245,11,,,0,20,,89246,11,,,0
901500,'S2-4_2',858,,89247,11,,,0,60,,89248,11,,,0,20,,89249,11,,,0,20,,89250,11,,,0,60,,89251,11,,,0,20,,89252,11,,,0,20,,89253,11,,,0,60,,89254,11,,,0,20,,89255,11,,,0,20,,89256,11,,,0,60,,89257,11,,,0,20,,89258,11,,,0,20,,89259,11,,,0,60,,89260,11,,,0,20,,89261,11,,,0,20,,89262,11,,,0,60,,89263,11,,,0,20,,89264,11,,,0,20,,89265,11,,,0,80,,89266,11,,,0,20,,89267,11,,,0,60,,89268,11,,,0,20,,89269,11,,,0,20,,89270,11,,,0,60,,89271,11,,,0,20,,89272,11,,,0,20,,89273,11,,,0,60,,89274,11,,,0,20,,89275,11,,,0,20,,89276,11,,,0,60,,89277,11,,,0,20,,89278,11,,,0
901500,'S2-4_4',858,,89279,11,,,0,60,,89280,11,,,0,20,,89281,11,,,0,20,,89282,11,,,0,60,,89283,11,,,0,20,,89284,11,,,0,20,,89285,11,,,0,60,,89286,11,,,0,20,,89287,11,,,0,20,,89288,11,,,0,60,,89289,11,,,0,20,,89290,11,,,0,20,,89291,11,,,0,60,,89292,11,,,0,20,,89293,11,,,0,20,,89294,11,,,0,60,,89295,11,,,0,20,,89296,11,,,0,20,,89297,11,,,0,80,,89298,11,,,0,20,,89299,11,,,0,60,,89300,11,,,0,20,,89301,11,,,0,20,,89302,11,,,0,60,,89303,11,,,0,20,,89304,11,,,0,20,,89305,11,,,0,60,,89306,11,,,0,20,,89307,11,,,0,20,,89308,11,,,0,60,,89309,11,,,0,20,,89310,11,,,0
2000000,'S2-0_4',655,,90554,15,,,0,63,,90536,15,,,0,17,,90564,15,,,0,15,,90520,15,,,0,55,,90547,15,,,0,15,,90529,15,,,0,15,,90556,15,,,0,15,,90539,15,,,0,56,,90567,15,,,0,16,,90521,15,,,0,16,,90552,15,,,0,16,,90530,15,,,0,56,,90557,15,,,0,16,,90537,15,,,0,16,,90565,15,,,0,16,,90522,15,,,0,56,,90553,15,,,0,14,,90531,15,,,0,16,,90558,15,,,0,56,,90538,15,,,0,15,,90568,15,,,0,18,,90523,15,,,0,12,,90546,15,,,0,56,,90532,15,,,0,15,,90555,15,,,0,15,,90540,15,,,0,15,,90566,15,,,0,55,,90525,15,,,0,15,,90548,15,,,0,15,,90535,15,,,0,15,,90560,15,,,0,55,,90541,15,,,0,15,,90569,15,,,0,15,,90526,15,,,0,15,,90549,15,,,0,56,,90534,15,,,0,7,,90517,13,4,,0,8,,90559,15,,,0,15,,90542,15,,,0,16,,90518,15,,,0,56,,90570,15,,,0,15,,90516,13,4,,0,3,,90524,15,,,0,14,,90551,15,,,0,16,,90533,15,,,0,55,,90561,15,,,0,8,,90573,13,4,,0,7,,90544,15,,,0,13,,90519,15,,,0,13,,90571,15,,,0,54,,90527,15,,,0,14,,90550,15,,,0,14,,90562,15,,,0,19,,90543,15,,,0,62,,90572,15,,,0,20,,90528,15,,,0,19,,90563,15,,,0,60,,90545,15,,,0
2000000,'S2-0_5',655,,90613,15,,,0,63,,90595,15,,,0,17,,90623,15,,,0,15,,90579,15,,,0,55,,90606,15,,,0,15,,90588,15,,,0,15,,90615,15,,,0,15,,90598,15,,,0,56,,90626,15,,,0,16,,90580,15,,,0,16,,90611,15,,,0,16,,90589,15,,,0,56,,90616,15,,,0,16,,90596,15,,,0,16,,90624,15,,,0,16,,90581,15,,,0,56,,90612,15,,,0,14,,90590,15,,,0,16,,90617,15,,,0,56,,90597,15,,,0,15,,90627,15,,,0,18,,90582,15,,,0,12,,90605,15,,,0,56,,90591,15,,,0,15,,90614,15,,,0,15,,90599,15,,,0,15,,90625,15,,,0,55,,90584,15,,,0,15,,90607,15,,,0,15,,90594,15,,,0,15,,90619,15,,,0,55,,90600,15,,,0,15,,90628,15,,,0,15,,90585,15,,,0,15,,90608,15,,,0,56,,90593,15,,,0,7,,90576,13,4,,0,8,,90618,15,,,0,15,,90601,15,,,0,16,,90577,15,,,0,56,,90629,15,,,0,15,,90575,13,4,,0,3,,90583,15,,,0,14,,90610,15,,,0,16,,90592,15,,,0,55,,90620,15,,,0,8,,90632,13,4,,0,7,,90603,15,,,0,13,,90578,15,,,0,13,,90630,15,,,0,54,,90586,15,,,0,14,,90609,15,,,0,14,,90621,15,,,0,19,,90602,15,,,0,62,,90631,15,,,0,20,,90587,15,,,0,19,,90622,15,,,0,60,,90604,15,,,0
2000000,'S2-1_3',655,,90671,15,,,0,63,,90653,15,,,0,17,,90681,15,,,0,15,,90637,15,,,0,55,,90664,15,,,0,15,,90646,15,,,0,15,,90673,15,,,0,15,,90656,15,,,0,56,,90684,15,,,0,16,,90638,15,,,0,16,,90669,15,,,0,16,,90647,15,,,0,56,,90674,15,,,0,16,,90654,15,,,0,16,,90682,15,,,0,16,,90639,15,,,0,56,,90670,15,,,0,14,,90648,15,,,0,16,,90675,15,,,0,56,,90655,15,,,0,15,,90685,15,,,0,10,,90690,13,4,,0,3,,90634,13,4,,0,2,,90633,13,4,,0,3,,90640,15,,,0,12,,90663,15,,,0,56,,90649,15,,,0,15,,90672,15,,,0,15,,90657,15,,,0,15,,90683,15,,,0,55,,90642,15,,,0,15,,90665,15,,,0,15,,90652,15,,,0,15,,90677,15,,,0,55,,90658,15,,,0,15,,90686,15,,,0,15,,90643,15,,,0,15,,90666,15,,,0,56,,90651,15,,,0,15,,90676,15,,,0,15,,90659,15,,,0,16,,90635,15,,,0,56,,90687,15,,,0,18,,90641,15,,,0,14,,90668,15,,,0,16,,90650,15,,,0,55,,90678,15,,,0,15,,90661,15,,,0,13,,90636,15,,,0,13,,90688,15,,,0,54,,90644,15,,,0,14,,90667,15,,,0,14,,90679,15,,,0,19,,90660,15,,,0,62,,90689,15,,,0,20,,90645,15,,,0,19,,90680,15,,,0,60,,90662,15,,,0
2000000,'S2-2_6',652,,90691,15,,,0,81,,90692,15,,,0,79,,90693,15,,,0,30,,90694,15,,,0,60,,90695,15,,,0,20,,90696,15,,,0,19,,90697,15,,,0,18,,90698,15,,,0,60,,90699,15,,,0,20,,90700,15,,,0,18,,90701,15,,,0,59,,90702,15,,,0,19,,90703,15,,,0,20,,90704,15,,,0,58,,90705,15,,,0,19,,90706,15,,,0,18,,90707,15,,,0,59,,90708,15,,,0,19,,90709,15,,,0,19,,90710,15,,,0,58,,90711,15,,,0,19,,90712,15,,,0,20,,90713,15,,,0,60,,90714,15,,,0,19,,90715,15,,,0,19,,90716,15,,,0,60,,90717,15,,,0,20,,90718,15,,,0,20,,90719,15,,,0,60,,90720,15,,,0,19,,90721,15,,,0,20,,90722,15,,,0,60,,90723,15,,,0,20,,90724,15,,,0,18,,90725,15,,,0,20,,90726,15,,,0,64,,90727,15,,,0,24,,90728,15,,,0,65,,90729,15,,,0,24,,90730,15,,,0,65,,90731,15,,,0
2000000,'S2-3_7',829,,90732,15,,,0,80,,90733,15,,,0,40,,90734,15,,,0,80,,90735,15,,,0,80,,90736,15,,,0,40,,90737,15,,,0,80,,90738,15,,,0,80,,90739,15,,,0,40,,90740,15,,,0,80,,90741,15,,,0,80,,90742,15,,,0,40,,90743,15,,,0,80,,90744,15,,,0,80,,90745,15,,,0,40,,90746,15,,,0,80,,90747,15,,,0,80,,90748,15,,,0,40,,90749,15,,,0
2000000,'S2-4_1',655,,90789,15,,,0,63,,90771,15,,,0,17,,90799,15,,,0,15,,90755,15,,,0,55,,90782,15,,,0,15,,90764,15,,,0,15,,90791,15,,,0,15,,90774,15,,,0,56,,90802,15,,,0,16,,90756,15,,,0,16,,90787,15,,,0,16,,90765,15,,,0,56,,90792,15,,,0,16,,90772,15,,,0,16,,90800,15,,,0,16,,90757,15,,,0,56,,90788,15,,,0,14,,90766,15,,,0,16,,90793,15,,,0,56,,90773,15,,,0,15,,90803,15,,,0,18,,90758,15,,,0,12,,90781,15,,,0,56,,90767,15,,,0,15,,90790,15,,,0,15,,90775,15,,,0,15,,90801,15,,,0,55,,90760,15,,,0,15,,90783,15,,,0,15,,90770,15,,,0,15,,90795,15,,,0,55,,90776,15,,,0,15,,90804,15,,,0,15,,90761,15,,,0,15,,90784,15,,,0,56,,90769,15,,,0,7,,90752,13,4,,0,8,,90794,15,,,0,15,,90777,15,,,0,16,,90753,15,,,0,56,,90805,15,,,0,15,,90751,13,4,,0,3,,90759,15,,,0,14,,90786,15,,,0,16,,90768,15,,,0,55,,90796,15,,,0,8,,90808,13,4,,0,7,,90779,15,,,0,13,,90754,15,,,0,13,,90806,15,,,0,54,,90762,15,,,0,14,,90785,15,,,0,14,,90797,15,,,0,19,,90778,15,,,0,62,,90807,15,,,0,20,,90763,15,,,0,19,,90798,15,,,0,60,,90780,15,,,0
2000000,'S2-4_2',655,,90848,15,,,0,63,,90830,15,,,0,17,,90858,15,,,0,15,,90814,15,,,0,55,,90841,15,,,0,15,,90823,15,,,0,15,,90850,15,,,0,15,,90833,15,,,0,56,,90861,15,,,0,16,,90815,15,,,0,16,,90846,15,,,0,16,,90824,15,,,0,56,,90851,15,,,0,16,,90831,15,,,0,16,,90859,15,,,0,16,,90816,15,,,0,56,,90847,15,,,0,14,,90825,15,,,0,16,,90852,15,,,0,56,,90832,15,,,0,15,,90862,15,,,0,18,,90817,15,,,0,12,,90840,15,,,0,56,,90826,15,,,0,15,,90849,15,,,0,15,,90834,15,,,0,15,,90860,15,,,0,55,,90819,15,,,0,15,,90842,15,,,0,15,,90829,15,,,0,15,,90854,15,,,0,55,,90835,15,,,0,15,,90863,15,,,0,15,,90820,15,,,0,15,,90843,15,,,0,56,,90828,15,,,0,7,,90811,13,4,,0,8,,90853,15,,,0,15,,90836,15,,,0,16,,90812,15,,,0,56,,90864,15,,,0,15,,90810,13,4,,0,3,,90818,15,,,0,14,,90845,15,,,0,16,,90827,15,,,0,55,,90855,15,,,0,8,,90867,13,4,,0,7,,90838,15,,,0,13,,90813,15,,,0,13,,90865,15,,,0,54,,90821,15,,,0,14,,90844,15,,,0,14,,90856,15,,,0,19,,90837,15,,,0,62,,90866,15,,,0,20,,90822,15,,,0,19,,90857,15,,,0,60,,90839,15,,,0
2000000,'S2-4_4',655,,90907,15,,,0,63,,90889,15,,,0,17,,90917,15,,,0,15,,90873,15,,,0,55,,90900,15,,,0,15,,90882,15,,,0,15,,90909,15,,,0,15,,90892,15,,,0,56,,90920,15,,,0,16,,90874,15,,,0,16,,90905,15,,,0,16,,90883,15,,,0,56,,90910,15,,,0,16,,90890,15,,,0,16,,90918,15,,,0,16,,90875,15,,,0,56,,90906,15,,,0,14,,90884,15,,,0,16,,90911,15,,,0,56,,90891,15,,,0,15,,90921,15,,,0,18,,90876,15,,,0,12,,90899,15,,,0,56,,90885,15,,,0,15,,90908,15,,,0,15,,90893,15,,,0,15,,90919,15,,,0,55,,90878,15,,,0,15,,90901,15,,,0,15,,90888,15,,,0,15,,90913,15,,,0,55,,90894,15,,,0,15,,90922,15,,,0,15,,90879,15,,,0,15,,90902,15,,,0,56,,90887,15,,,0,7,,90870,13,4,,0,8,,90912,15,,,0,15,,90895,15,,,0,16,,90871,15,,,0,56,,90923,15,,,0,15,,90869,13,4,,0,3,,90877,15,,,0,14,,90904,15,,,0,16,,90886,15,,,0,55,,90914,15,,,0,8,,90926,13,4,,0,7,,90897,15,,,0,13,,90872,15,,,0,13,,90924,15,,,0,54,,90880,15,,,0,14,,90903,15,,,0,14,,90915,15,,,0,19,,90896,15,,,0,62,,90925,15,,,0,20,,90881,15,,,0,19,,90916,15,,,0,60,,90898,15,,,0
2900400,'S2-0_4',1645,,91394,1,,,0,100,,91395,1,,,0
2900400,'S2-0_5',1645,,91396,1,,,0,100,,91397,1,,,0
2900400,'S2-1_3',1645,,91398,1,,,0,100,,91399,1,,,0
2900400,'S2-4_1',1645,,91400,1,,,0,100,,91401,1,,,0
2900400,'S2-4_2',1645,,91402,1,,,0,100,,91403,1,,,0
2900400,'S2-4_4',1645,,91404,1,,,0,100,,91405,1,,,0
3000000,'S2-0_4',640,,91563,11,,,0,19,,91562,11,,,0,61,,91522,11,,,0,20,,91523,11,,,0,60,,91524,11,,,0,20,,91525,11,,,0,20,,91526,11,,,0,62,,91527,11,,,0,20,,91528,11,,,0,20,,91529,11,,,0,60,,91530,11,,,0,19,,91531,11,,,0,21,,91532,11,,,0,60,,91533,11,,,0,20,,91534,11,,,0,19,,91535,11,,,0,60,,91536,11,,,0,21,,91537,11,,,0,21,,91538,11,,,0,59,,91539,11,,,0,20,,91540,11,,,0,19,,91541,11,,,0,60,,91542,11,,,0,21,,91543,11,,,0,20,,91544,11,,,0,60,,91545,11,,,0,20,,91546,11,,,0,19,,91547,11,,,0,59,,91548,11,,,0,17,,91549,11,,,0,19,,91550,11,,,0,18,,91551,11,,,0,61,,91552,11,,,0,21,,91553,11,,,0,21,,91554,11,,,0,61,,91555,11,,,0,21,,91556,11,,,0,20,,91557,11,,,0,60,,91558,11,,,0,29,,91559,11,,,0,74,,91560,11,,,0,32,,91561,11,,,0
3000000,'S2-0_5',640,,91609,11,,,0,19,,91608,11,,,0,61,,91568,11,,,0,20,,91569,11,,,0,60,,91570,11,,,0,20,,91571,11,,,0,20,,91572,11,,,0,62,,91573,11,,,0,20,,91574,11,,,0,20,,91575,11,,,0,60,,91576,11,,,0,19,,91577,11,,,0,21,,91578,11,,,0,60,,91579,11,,,0,20,,91580,11,,,0,19,,91581,11,,,0,60,,91582,11,,,0,21,,91583,11,,,0,21,,91584,11,,,0,59,,91585,11,,,0,20,,91586,11,,,0,19,,91587,11,,,0,60,,91588,11,,,0,21,,91589,11,,,0,20,,91590,11,,,0,60,,91591,11,,,0,20,,91592,11,,,0,19,,91593,11,,,0,59,,91594,11,,,0,17,,91595,11,,,0,19,,91596,11,,,0,18,,91597,11,,,0,61,,91598,11,,,0,21,,91599,11,,,0,21,,91600,11,,,0,61,,91601,11,,,0,21,,91602,11,,,0,20,,91603,11,,,0,60,,91604,11,,,0,29,,91605,11,,,0,74,,91606,11,,,0,32,,91607,11,,,0
3000000,'S2-1_3',640,,91655,11,,,0,19,,91654,11,,,0,61,,91614,11,,,0,20,,91615,11,,,0,60,,91616,11,,,0,20,,91617,11,,,0,20,,91618,11,,,0,62,,91619,11,,,0,20,,91620,11,,,0,20,,91621,11,,,0,60,,91622,11,,,0,19,,91623,11,,,0,21,,91624,11,,,0,60,,91625,11,,,0,20,,91626,11,,,0,19,,91627,11,,,0,60,,91628,11,,,0,21,,91629,11,,,0,21,,91630,11,,,0,59,,91631,11,,,0,20,,91632,11,,,0,19,,91633,11,,,0,60,,91634,11,,,0,21,,91635,11,,,0,20,,91636,11,,,0,60,,91637,11,,,0,20,,91638,11,,,0,19,,91639,11,,,0,59,,91640,11,,,0,17,,91641,11,,,0,19,,91642,11,,,0,18,,91643,11,,,0,61,,91644,11,,,0,21,,91645,11,,,0,21,,91646,11,,,0,61,,91647,11,,,0,21,,91648,11,,,0,20,,91649,11,,,0,60,,91650,11,,,0,29,,91651,11,,,0,74,,91652,11,,,0,32,,91653,11,,,0
3000000,'S2-2_6',644,,91660,11,,,0,81,,91661,11,,,0,81,,91662,11,,,0,30,,91663,11,,,0,20,,91664,11,,,0,60,,91665,11,,,0,21,,91666,11,,,0,20,,91667,11,,,0,60,,91668,11,,,0,20,,91669,11,,,0,20,,91670,11,,,0,59,,91671,11,,,0,20,,91672,11,,,0,20,,91673,11,,,0,60,,91674,11,,,0,19,,91675,11,,,0,20,,91676,11,,,0,60,,91677,11,,,0,20,,91678,11,,,0,20,,91679,11,,,0,61,,91680,11,,,0,20,,91681,11,,,0,20,,91682,11,,,0,60,,91683,11,,,0,20,,91684,11,,,0,20,,91685,11,,,0,60,,91686,11,,,0,20,,91687,11,,,0,20,,91688,11,,,0,60,,91689,11,,,0,20,,91690,11,,,0,20,,91691,11,,,0,59,,91692,11,,,0,20,,91693,11,,,0,19,,91694,11,,,0,70,,91695,11,,,0,30,,91696,11,,,0,70,,91697,11,,,0,29,,91698,11,,,0
3000000,'S2-3_7',805,,91700,11,,,0,130,,91701,11,,,0,170,,91708,11,,,0,130,,91707,11,,,0,170,,91706,11,,,0,130,,91704,11,,,0,170,,91705,11,,,0,129,,91703,11,,,0,170,,91702,11,,,0
3000000,'S2-4_1',640,,91755,11,,,0,19,,91754,11,,,0,61,,91714,11,,,0,20,,91715,11,,,0,60,,91716,11,,,0,20,,91717,11,,,0,20,,91718,11,,,0,62,,91719,11,,,0,20,,91720,11,,,0,20,,91721,11,,,0,60,,91722,11,,,0,19,,91723,11,,,0,21,,91724,11,,,0,60,,91725,11,,,0,20,,91726,11,,,0,19,,91727,11,,,0,60,,91728,11,,,0,21,,91729,11,,,0,21,,91730,11,,,0,59,,91731,11,,,0,20,,91732,11,,,0,19,,91733,11,,,0,60,,91734,11,,,0,21,,91735,11,,,0,20,,91736,11,,,0,60,,91737,11,,,0,20,,91738,11,,,0,19,,91739,11,,,0,59,,91740,11,,,0,17,,91741,11,,,0,19,,91742,11,,,0,18,,91743,11,,,0,61,,91744,11,,,0,21,,91745,11,,,0,21,,91746,11,,,0,61,,91747,11,,,0,21,,91748,11,,,0,20,,91749,11,,,0,60,,91750,11,,,0,29,,91751,11,,,0,74,,91752,11,,,0,32,,91753,11,,,0
3000000,'S2-4_2',640,,91801,11,,,0,19,,91800,11,,,0,61,,91760,11,,,0,20,,91761,11,,,0,60,,91762,11,,,0,20,,91763,11,,,0,20,,91764,11,,,0,62,,91765,11,,,0,20,,91766,11,,,0,20,,91767,11,,,0,60,,91768,11,,,0,19,,91769,11,,,0,21,,91770,11,,,0,60,,91771,11,,,0,20,,91772,11,,,0,19,,91773,11,,,0,60,,91774,11,,,0,21,,91775,11,,,0,21,,91776,11,,,0,59,,91777,11,,,0,20,,91778,11,,,0,19,,91779,11,,,0,60,,91780,11,,,0,21,,91781,11,,,0,20,,91782,11,,,0,60,,91783,11,,,0,20,,91784,11,,,0,19,,91785,11,,,0,59,,91786,11,,,0,17,,91787,11,,,0,19,,91788,11,,,0,18,,91789,11,,,0,61,,91790,11,,,0,21,,91791,11,,,0,21,,91792,11,,,0,61,,91793,11,,,0,21,,91794,11,,,0,20,,91795,11,,,0,60,,91796,11,,,0,29,,91797,11,,,0,74,,91798,11,,,0,32,,91799,11,,,0
3000000,'S2-4_4',640,,91847,11,,,0,19,,91846,11,,,0,61,,91806,11,,,0,20,,91807,11,,,0,60,,91808,11,,,0,20,,91809,11,,,0,20,,91810,11,,,0,62,,91811,11,,,0,20,,91812,11,,,0,20,,91813,11,,,0,60,,91814,11,,,0,19,,91815,11,,,0,21,,91816,11,,,0,60,,91817,11,,,0,20,,91818,11,,,0,19,,91819,11,,,0,60,,91820,11,,,0,21,,91821,11,,,0,21,,91822,11,,,0,59,,91823,11,,,0,20,,91824,11,,,0,19,,91825,11,,,0,60,,91826,11,,,0,21,,91827,11,,,0,20,,91828,11,,,0,60,,91829,11,,,0,20,,91830,11,,,0,19,,91831,11,,,0,59,,91832,11,,,0,17,,91833,11,,,0,19,,91834,11,,,0,18,,91835,11,,,0,61,,91836,11,,,0,21,,91837,11,,,0,21,,91838,11,,,0,61,,91839,11,,,0,21,,91840,11,,,0,20,,91841,11,,,0,60,,91842,11,,,0,29,,91843,11,,,0,74,,91844,11,,,0,32,,91845,11,,,0
