1001,'S2-0_4',824,,87200,19,,,0,106,,87202,22,,,0,86,,87203,22,,,0,39,,87207,20,,,0,86,,87204,22,,,0,90,,87208,20,,,0,82,,87209,20,,,0,31,,87210,20,,,0,95,,87201,19,,,0,78,,87211,17,,,0,137,,87212,16,,,0,151,,87213,7,,,0,50,,87205,7,,,0,168,,87206,22,,,0
1001,'S2-0_5',824,,87214,19,,,0,106,,87216,22,,,0,86,,87217,22,,,0,39,,87221,20,,,0,86,,87218,22,,,0,90,,87222,20,,,0,82,,87223,20,,,0,31,,87224,20,,,0,95,,87215,19,,,0,78,,87225,17,,,0,137,,87226,16,,,0,151,,87227,7,,,0,50,,87219,7,,,0,168,,87220,22,,,0
1001,'S2-1_3',824,,87228,19,,,0,106,,87230,22,,,0,86,,87231,22,,,0,39,,87235,20,,,0,86,,87232,22,,,0,90,,87236,20,,,0,82,,87237,20,,,0,31,,87238,20,,,0,95,,87229,19,,,0,78,,87239,17,,,0,137,,87240,16,,,0,151,,87241,7,,,0,50,,87233,7,,,0,168,,87234,22,,,0
1001,'S2-2_6',821,,87242,19,,,0,108,,87243,22,,,0,101,,87250,20,,,0,102,,87244,22,,,0,100,,87251,20,,,0,85,,87252,20,,,0,119,,87247,19,,,0,83,,87253,20,,,0,135,,87248,16,,,0,158,,87249,16,,,0,102,,87245,22,,,0,107,,87246,22,,,0
1001,'S2-4_1',824,,87254,19,,,0,106,,87256,22,,,0,86,,87257,22,,,0,39,,87261,20,,,0,86,,87258,22,,,0,90,,87262,20,,,0,82,,87263,20,,,0,31,,87264,20,,,0,95,,87255,19,,,0,78,,87265,17,,,0,137,,87266,16,,,0,151,,87267,7,,,0,50,,87259,7,,,0,168,,87260,22,,,0
1001,'S2-4_2',824,,87268,19,,,0,106,,87270,22,,,0,86,,87271,22,,,0,39,,87275,20,,,0,86,,87272,22,,,0,90,,87276,20,,,0,82,,87277,20,,,0,31,,87278,20,,,0,95,,87269,19,,,0,78,,87279,17,,,0,137,,87280,16,,,0,151,,87281,7,,,0,50,,87273,7,,,0,168,,87274,22,,,0
1001,'S2-4_4',824,,87282,19,,,0,106,,87284,22,,,0,86,,87285,22,,,0,39,,87289,20,,,0,86,,87286,22,,,0,90,,87290,20,,,0,82,,87291,20,,,0,31,,87292,20,,,0,95,,87283,19,,,0,78,,87293,17,,,0,137,,87294,16,,,0,151,,87295,7,,,0,50,,87287,7,,,0,168,,87288,22,,,0
1101,'S2-0_4',1711,,87324,23,,,0,111,,87325,23,,,0,103,,87326,23,,,0
1101,'S2-0_5',1711,,87327,23,,,0,111,,87328,23,,,0,103,,87329,23,,,0
1101,'S2-1_3',1711,,87330,23,,,0,111,,87331,23,,,0,103,,87332,23,,,0
1101,'S2-2_6',1654,,87333,22,,,0,158,,87334,22,,,0
1101,'S2-4_1',1711,,87335,23,,,0,111,,87336,23,,,0,103,,87337,23,,,0
1101,'S2-4_2',1711,,87338,23,,,0,111,,87339,23,,,0,103,,87340,23,,,0
1101,'S2-4_4',1711,,87341,23,,,0,111,,87342,23,,,0,103,,87343,23,,,0
