1501,'S2-0_4',706,,87436,17,,,0,18,,87437,17,,,0,95,,87438,17,,,0,21,,87439,17,,,0,118,,87440,17,,,0,156,,87441,17,,,0,118,,87442,17,,,0,94,,87443,17,,,0,118,,87444,17,,,0,99,,87435,5,,,0,163,,87445,17,,,0,110,,87446,17,,,0,95,,87447,17,,,0
1501,'S2-0_5',706,,87449,17,,,0,18,,87450,17,,,0,95,,87451,17,,,0,21,,87452,17,,,0,118,,87453,17,,,0,156,,87454,17,,,0,118,,87455,17,,,0,94,,87456,17,,,0,118,,87457,17,,,0,99,,87448,5,,,0,163,,87458,17,,,0,110,,87459,17,,,0,95,,87460,17,,,0
1501,'S2-1_3',706,,87462,17,,,0,18,,87463,17,,,0,95,,87464,17,,,0,21,,87465,17,,,0,118,,87466,17,,,0,156,,87467,17,,,0,118,,87468,17,,,0,94,,87469,17,,,0,118,,87470,17,,,0,99,,87461,5,,,0,163,,87471,17,,,0,110,,87472,17,,,0,95,,87473,17,,,0
1501,'S2-2_6',706,,87475,17,,,0,18,,87476,17,,,0,95,,87477,17,,,0,21,,87478,17,,,0,118,,87479,17,,,0,156,,87480,17,,,0,118,,87481,17,,,0,94,,87482,17,,,0,118,,87483,17,,,0,99,,87474,5,,,0,163,,87484,17,,,0,110,,87485,17,,,0,95,,87486,17,,,0
1501,'S2-4_1',706,,87488,17,,,0,18,,87489,17,,,0,95,,87490,17,,,0,21,,87491,17,,,0,118,,87492,17,,,0,156,,87493,17,,,0,118,,87494,17,,,0,94,,87495,17,,,0,118,,87496,17,,,0,99,,87487,5,,,0,163,,87497,17,,,0,110,,87498,17,,,0,95,,87499,17,,,0
1501,'S2-4_2',706,,87501,17,,,0,18,,87502,17,,,0,95,,87503,17,,,0,21,,87504,17,,,0,118,,87505,17,,,0,156,,87506,17,,,0,118,,87507,17,,,0,94,,87508,17,,,0,118,,87509,17,,,0,99,,87500,5,,,0,163,,87510,17,,,0,110,,87511,17,,,0,95,,87512,17,,,0
1501,'S2-4_4',706,,87514,17,,,0,18,,87515,17,,,0,95,,87516,17,,,0,21,,87517,17,,,0,118,,87518,17,,,0,156,,87519,17,,,0,118,,87520,17,,,0,94,,87521,17,,,0,118,,87522,17,,,0,99,,87513,5,,,0,163,,87523,17,,,0,110,,87524,17,,,0,95,,87525,17,,,0
2001,'S2-0_4',710,,87948,13,,,0,121,,87949,13,,,0,79,,87950,13,,,0,891,,87951,13,,,0
2001,'S2-0_5',710,,87952,13,,,0,121,,87953,13,,,0,79,,87954,13,,,0,891,,87955,13,,,0
2001,'S2-1_3',710,,87956,13,,,0,121,,87957,13,,,0,79,,87958,13,,,0,446,,87960,13,,,0,445,,87959,13,,,0
2001,'S2-4_1',710,,87961,13,,,0,121,,87962,13,,,0,79,,87963,13,,,0,891,,87964,13,,,0
2001,'S2-4_2',710,,87965,13,,,0,121,,87966,13,,,0,79,,87967,13,,,0,891,,87968,13,,,0
2001,'S2-4_4',710,,87969,13,,,0,121,,87970,13,,,0,79,,87971,13,,,0,891,,87972,13,,,0
4000001,'S2-0_4',649,,92520,11,,,0,58,,92538,9,,,0,17,,92521,11,,,0,18,,92562,9,,,0,63,,92522,11,,,0,20,,92539,9,,,0,21,,92523,11,,,0,60,,92540,9,,,0,21,,92524,11,,,0,20,,92541,9,,,0,59,,92561,11,,,0,20,,92542,9,,,0,20,,92525,11,,,0,60,,92543,9,,,0,21,,92526,11,,,0,19,,92544,9,,,0,58,,92527,11,,,0,22,,92545,9,,,0,20,,92528,11,,,0,60,,92546,9,,,0,19,,92529,11,,,0,20,,92547,9,,,0,60,,92560,11,,,0,21,,92548,9,,,0,19,,92530,11,,,0,59,,92549,9,,,0,20,,92531,11,,,0,20,,92550,9,,,0,59,,92559,11,,,0,20,,92551,9,,,0,16,,92532,11,,,0,20,,92552,9,,,0,59,,92533,11,,,0,23,,92553,9,,,0,61,,92534,11,,,0,22,,92554,9,,,0,22,,92535,11,,,0,61,,92555,9,,,0,22,,92536,11,,,0,20,,92556,9,,,0,61,,92557,9,,,0,20,,92537,11,,,0,70,,92558,9,,,0
4000001,'S2-0_5',649,,92563,11,,,0,58,,92581,9,,,0,17,,92564,11,,,0,18,,92605,9,,,0,63,,92565,11,,,0,20,,92582,9,,,0,21,,92566,11,,,0,60,,92583,9,,,0,21,,92567,11,,,0,20,,92584,9,,,0,59,,92604,11,,,0,20,,92585,9,,,0,20,,92568,11,,,0,60,,92586,9,,,0,21,,92569,11,,,0,19,,92587,9,,,0,58,,92570,11,,,0,22,,92588,9,,,0,20,,92571,11,,,0,60,,92589,9,,,0,19,,92572,11,,,0,20,,92590,9,,,0,60,,92603,11,,,0,21,,92591,9,,,0,19,,92573,11,,,0,59,,92592,9,,,0,20,,92574,11,,,0,20,,92593,9,,,0,59,,92602,11,,,0,20,,92594,9,,,0,16,,92575,11,,,0,20,,92595,9,,,0,59,,92576,11,,,0,23,,92596,9,,,0,61,,92577,11,,,0,22,,92597,9,,,0,22,,92578,11,,,0,61,,92598,9,,,0,22,,92579,11,,,0,20,,92599,9,,,0,61,,92600,9,,,0,20,,92580,11,,,0,70,,92601,9,,,0
4000001,'S2-1_3',649,,92606,11,,,0,58,,92624,9,,,0,17,,92607,11,,,0,18,,92648,9,,,0,63,,92608,11,,,0,20,,92625,9,,,0,21,,92609,11,,,0,60,,92626,9,,,0,21,,92610,11,,,0,20,,92627,9,,,0,59,,92647,11,,,0,20,,92628,9,,,0,20,,92611,11,,,0,60,,92629,9,,,0,21,,92612,11,,,0,19,,92630,9,,,0,58,,92613,11,,,0,22,,92631,9,,,0,20,,92614,11,,,0,60,,92632,9,,,0,19,,92615,11,,,0,20,,92633,9,,,0,60,,92646,11,,,0,21,,92634,9,,,0,19,,92616,11,,,0,59,,92635,9,,,0,20,,92617,11,,,0,20,,92636,9,,,0,59,,92645,11,,,0,20,,92637,9,,,0,16,,92618,11,,,0,20,,92638,9,,,0,59,,92619,11,,,0,23,,92639,9,,,0,61,,92620,11,,,0,22,,92640,9,,,0,22,,92621,11,,,0,61,,92641,9,,,0,22,,92622,11,,,0,20,,92642,9,,,0,61,,92643,9,,,0,20,,92623,11,,,0,70,,92644,9,,,0
4000001,'S2-2_6',649,,92649,11,,,0,59,,92670,9,,,0,20,,92650,11,,,0,20,,92671,9,,,0,59,,92651,11,,,0,20,,92672,9,,,0,20,,92652,11,,,0,61,,92673,9,,,0,20,,92653,11,,,0,21,,92674,9,,,0,61,,92654,11,,,0,20,,92675,9,,,0,21,,92655,11,,,0,61,,92676,9,,,0,22,,92656,11,,,0,20,,92677,9,,,0,63,,92657,11,,,0,21,,92678,9,,,0,21,,92658,11,,,0,58,,92679,9,,,0,18,,92659,11,,,0,17,,92680,9,,,0,58,,92660,11,,,0,19,,92681,9,,,0,20,,92661,11,,,0,60,,92682,9,,,0,20,,92662,11,,,0,20,,92683,9,,,0,59,,92663,11,,,0,19,,92684,9,,,0,20,,92664,11,,,0,60,,92685,9,,,0,20,,92665,11,,,0,20,,92686,9,,,0,61,,92666,11,,,0,21,,92687,9,,,0,20,,92667,11,,,0,60,,92688,9,,,0,20,,92668,9,,,0,21,,92689,11,,,0,61,,92691,9,,,0,20,,92669,11,,,0,70,,92690,9,,,0
4000001,'S2-3_7',906,,92693,11,,,0,110,,92698,9,,,0,110,,92694,11,,,0,110,,92699,9,,,0,110,,92695,11,,,0,110,,92700,9,,,0,150,,92696,11,,,0,110,,92701,9,,,0,110,,92697,11,,,0,110,,92692,9,,,0
4000001,'S2-4_1',649,,92702,11,,,0,58,,92720,9,,,0,17,,92703,11,,,0,18,,92744,9,,,0,63,,92704,11,,,0,20,,92721,9,,,0,21,,92705,11,,,0,60,,92722,9,,,0,21,,92706,11,,,0,20,,92723,9,,,0,59,,92743,11,,,0,20,,92724,9,,,0,20,,92707,11,,,0,60,,92725,9,,,0,21,,92708,11,,,0,19,,92726,9,,,0,58,,92709,11,,,0,22,,92727,9,,,0,20,,92710,11,,,0,60,,92728,9,,,0,19,,92711,11,,,0,20,,92729,9,,,0,60,,92742,11,,,0,21,,92730,9,,,0,19,,92712,11,,,0,59,,92731,9,,,0,20,,92713,11,,,0,20,,92732,9,,,0,59,,92741,11,,,0,20,,92733,9,,,0,16,,92714,11,,,0,20,,92734,9,,,0,59,,92715,11,,,0,23,,92735,9,,,0,61,,92716,11,,,0,22,,92736,9,,,0,22,,92717,11,,,0,61,,92737,9,,,0,22,,92718,11,,,0,20,,92738,9,,,0,61,,92739,9,,,0,20,,92719,11,,,0,70,,92740,9,,,0
4000001,'S2-4_2',649,,92745,11,,,0,58,,92763,9,,,0,17,,92746,11,,,0,18,,92787,9,,,0,63,,92747,11,,,0,20,,92764,9,,,0,21,,92748,11,,,0,60,,92765,9,,,0,21,,92749,11,,,0,20,,92766,9,,,0,59,,92786,11,,,0,20,,92767,9,,,0,20,,92750,11,,,0,60,,92768,9,,,0,21,,92751,11,,,0,19,,92769,9,,,0,58,,92752,11,,,0,22,,92770,9,,,0,20,,92753,11,,,0,60,,92771,9,,,0,19,,92754,11,,,0,20,,92772,9,,,0,60,,92785,11,,,0,21,,92773,9,,,0,19,,92755,11,,,0,59,,92774,9,,,0,20,,92756,11,,,0,20,,92775,9,,,0,59,,92784,11,,,0,20,,92776,9,,,0,16,,92757,11,,,0,20,,92777,9,,,0,59,,92758,11,,,0,23,,92778,9,,,0,61,,92759,11,,,0,22,,92779,9,,,0,22,,92760,11,,,0,61,,92780,9,,,0,22,,92761,11,,,0,20,,92781,9,,,0,61,,92782,9,,,0,20,,92762,11,,,0,70,,92783,9,,,0
4000001,'S2-4_4',649,,92788,11,,,0,58,,92806,9,,,0,17,,92789,11,,,0,18,,92830,9,,,0,63,,92790,11,,,0,20,,92807,9,,,0,21,,92791,11,,,0,60,,92808,9,,,0,21,,92792,11,,,0,20,,92809,9,,,0,59,,92829,11,,,0,20,,92810,9,,,0,20,,92793,11,,,0,60,,92811,9,,,0,21,,92794,11,,,0,19,,92812,9,,,0,58,,92795,11,,,0,22,,92813,9,,,0,20,,92796,11,,,0,60,,92814,9,,,0,19,,92797,11,,,0,20,,92815,9,,,0,60,,92828,11,,,0,21,,92816,9,,,0,19,,92798,11,,,0,59,,92817,9,,,0,20,,92799,11,,,0,20,,92818,9,,,0,59,,92827,11,,,0,20,,92819,9,,,0,16,,92800,11,,,0,20,,92820,9,,,0,59,,92801,11,,,0,23,,92821,9,,,0,61,,92802,11,,,0,22,,92822,9,,,0,22,,92803,11,,,0,61,,92823,9,,,0,22,,92804,11,,,0,20,,92824,9,,,0,61,,92825,9,,,0,20,,92805,11,,,0,70,,92826,9,,,0
