1000,'S2-0_4',910,,87111,27,0,18 30,0,146,,87102,27,0,18 30,0,87,,87103,27,0,18 30,0,77,,87104,27,0,18 30,0,80,,87105,27,0,18 30,0,59,,87106,27,0,18 30,0,79,,87108,27,,,0,70,,87109,27,,,0,96,,87110,27,,,0,335,,87107,27,0,18 30,0
1000,'S2-0_5',910,,87126,27,0,18 30,0,146,,87117,27,0,18 30,0,87,,87118,27,0,18 30,0,77,,87119,27,0,18 30,0,80,,87120,27,0,18 30,0,59,,87121,27,0,18 30,0,79,,87123,27,,,0,70,,87124,27,,,0,96,,87125,27,,,0,335,,87122,27,0,18 30,0
1000,'S2-1_3',910,,87141,27,0,18 30,0,146,,87132,27,0,18 30,0,87,,87133,27,0,18 30,0,77,,87134,27,0,18 30,0,80,,87135,27,0,18 30,0,59,,87136,27,0,18 30,0,79,,87138,27,,,0,70,,87139,27,,,0,96,,87140,27,,,0,335,,87137,27,0,18 30,0
1000,'S2-2_6',908,,87149,27,0,18 30,0,144,,87150,27,0,18 30,0,101,,87151,27,0,18 30,0,101,,87152,27,0,18 30,0,101,,87153,27,0,18 30,0,92,,87147,27,,,0,155,,87148,27,,,0,337,,87154,27,0,18 30,0
1000,'S2-4_1',910,,87169,27,0,18 30,0,146,,87160,27,0,18 30,0,87,,87161,27,0,18 30,0,77,,87162,27,0,18 30,0,80,,87163,27,0,18 30,0,59,,87164,27,0,18 30,0,79,,87166,27,,,0,70,,87167,27,,,0,96,,87168,27,,,0,335,,87165,27,0,18 30,0
1000,'S2-4_2',910,,87184,27,0,18 30,0,146,,87175,27,0,18 30,0,87,,87176,27,0,18 30,0,77,,87177,27,0,18 30,0,80,,87178,27,0,18 30,0,59,,87179,27,0,18 30,0,79,,87181,27,,,0,70,,87182,27,,,0,96,,87183,27,,,0,335,,87180,27,0,18 30,0
1000,'S2-4_4',910,,87199,27,0,18 30,0,146,,87190,27,0,18 30,0,87,,87191,27,0,18 30,0,77,,87192,27,0,18 30,0,80,,87193,27,0,18 30,0,59,,87194,27,0,18 30,0,79,,87196,27,,,0,70,,87197,27,,,0,96,,87198,27,,,0,335,,87195,27,0,18 30,0
1001,'S2-0_4',812,,87200,14,,,0,106,,87202,17,,,0,86,,87203,17,,,0,39,,87207,15,,,0,86,,87204,17,,,0,90,,87208,15,,,0,82,,87209,15,,,0,31,,87210,15,,,0,95,,87201,14,,,0,584,,87206,17,,,0
1001,'S2-0_5',812,,87214,14,,,0,106,,87216,17,,,0,86,,87217,17,,,0,39,,87221,15,,,0,86,,87218,17,,,0,90,,87222,15,,,0,82,,87223,15,,,0,31,,87224,15,,,0,95,,87215,14,,,0,584,,87220,17,,,0
1001,'S2-1_3',812,,87228,14,,,0,106,,87230,17,,,0,86,,87231,17,,,0,39,,87235,15,,,0,86,,87232,17,,,0,90,,87236,15,,,0,82,,87237,15,,,0,31,,87238,15,,,0,95,,87229,14,,,0,584,,87234,17,,,0
1001,'S2-2_6',809,,87242,14,,,0,108,,87243,17,,,0,101,,87250,15,,,0,102,,87244,17,,,0,100,,87251,15,,,0,85,,87252,15,,,0,202,,87253,15,,,0,395,,87245,17,,,0,107,,87246,17,,,0
1001,'S2-4_1',812,,87254,14,,,0,106,,87256,17,,,0,86,,87257,17,,,0,39,,87261,15,,,0,86,,87258,17,,,0,90,,87262,15,,,0,82,,87263,15,,,0,31,,87264,15,,,0,95,,87255,14,,,0,584,,87260,17,,,0
1001,'S2-4_2',812,,87268,14,,,0,106,,87270,17,,,0,86,,87271,17,,,0,39,,87275,15,,,0,86,,87272,17,,,0,90,,87276,15,,,0,82,,87277,15,,,0,31,,87278,15,,,0,95,,87269,14,,,0,584,,87274,17,,,0
1001,'S2-4_4',812,,87282,14,,,0,106,,87284,17,,,0,86,,87285,17,,,0,39,,87289,15,,,0,86,,87286,17,,,0,90,,87290,15,,,0,82,,87291,15,,,0,31,,87292,15,,,0,95,,87283,14,,,0,584,,87288,17,,,0
1100,'S2-0_4',656,,87296,13,,,0,160,,87297,13,,,0,922,,87298,13,,,0,111,,87299,13,,,0
1100,'S2-0_5',656,,87300,13,,,0,160,,87301,13,,,0,922,,87302,13,,,0,111,,87303,13,,,0
1100,'S2-1_3',656,,87304,13,,,0,160,,87305,13,,,0,922,,87306,13,,,0,111,,87307,13,,,0
1100,'S2-2_6',656,,87308,13,,,0,160,,87309,13,,,0,905,,87310,13,,,0,119,,87311,13,,,0
1100,'S2-4_1',656,,87312,13,,,0,160,,87313,13,,,0,922,,87314,13,,,0,111,,87315,13,,,0
1100,'S2-4_2',656,,87316,13,,,0,160,,87317,13,,,0,922,,87318,13,,,0,111,,87319,13,,,0
1100,'S2-4_4',656,,87320,13,,,0,160,,87321,13,,,0,922,,87322,13,,,0,111,,87323,13,,,0
1101,'S2-0_4',1654,,87324,12,,,0,152,,87325,12,,,0,103,,87326,12,,,0
1101,'S2-0_5',1654,,87327,12,,,0,152,,87328,12,,,0,103,,87329,12,,,0
1101,'S2-1_3',1654,,87330,12,,,0,152,,87331,12,,,0,103,,87332,12,,,0
1101,'S2-2_6',1638,,87333,11,,,0,119,,87334,11,,,0
1101,'S2-4_1',1654,,87335,12,,,0,152,,87336,12,,,0,103,,87337,12,,,0
1101,'S2-4_2',1654,,87338,12,,,0,152,,87339,12,,,0,103,,87340,12,,,0
1101,'S2-4_4',1654,,87341,12,,,0,152,,87342,12,,,0,103,,87343,12,,,0
