1001,'S2-0_4',811,,87200,13,,,0,106,,87202,16,,,0,86,,87203,16,,,0,39,,87207,14,,,0,86,,87204,16,,,0,90,,87208,14,,,0,82,,87209,14,,,0,31,,87210,14,,,0,95,,87201,13,,,0,584,,87206,16,,,0
1001,'S2-0_5',811,,87214,13,,,0,106,,87216,16,,,0,86,,87217,16,,,0,39,,87221,14,,,0,86,,87218,16,,,0,90,,87222,14,,,0,82,,87223,14,,,0,31,,87224,14,,,0,95,,87215,13,,,0,584,,87220,16,,,0
1001,'S2-1_3',811,,87228,13,,,0,106,,87230,16,,,0,86,,87231,16,,,0,39,,87235,14,,,0,86,,87232,16,,,0,90,,87236,14,,,0,82,,87237,14,,,0,31,,87238,14,,,0,95,,87229,13,,,0,584,,87234,16,,,0
1001,'S2-2_6',808,,87242,13,,,0,108,,87243,16,,,0,101,,87250,14,,,0,102,,87244,16,,,0,100,,87251,14,,,0,85,,87252,14,,,0,202,,87253,14,,,0,395,,87245,16,,,0,107,,87246,16,,,0
1001,'S2-4_1',811,,87254,13,,,0,106,,87256,16,,,0,86,,87257,16,,,0,39,,87261,14,,,0,86,,87258,16,,,0,90,,87262,14,,,0,82,,87263,14,,,0,31,,87264,14,,,0,95,,87255,13,,,0,584,,87260,16,,,0
1001,'S2-4_2',811,,87268,13,,,0,106,,87270,16,,,0,86,,87271,16,,,0,39,,87275,14,,,0,86,,87272,16,,,0,90,,87276,14,,,0,82,,87277,14,,,0,31,,87278,14,,,0,95,,87269,13,,,0,584,,87274,16,,,0
1001,'S2-4_4',811,,87282,13,,,0,106,,87284,16,,,0,86,,87285,16,,,0,39,,87289,14,,,0,86,,87286,16,,,0,90,,87290,14,,,0,82,,87291,14,,,0,31,,87292,14,,,0,95,,87283,13,,,0,584,,87288,16,,,0
1101,'S2-0_4',1654,,87324,11,,,0,152,,87325,11,,,0,103,,87326,11,,,0
1101,'S2-0_5',1654,,87327,11,,,0,152,,87328,11,,,0,103,,87329,11,,,0
1101,'S2-1_3',1654,,87330,11,,,0,152,,87331,11,,,0,103,,87332,11,,,0
1101,'S2-2_6',1637,,87333,10,,,0,119,,87334,10,,,0
1101,'S2-4_1',1654,,87335,11,,,0,152,,87336,11,,,0,103,,87337,11,,,0
1101,'S2-4_2',1654,,87338,11,,,0,152,,87339,11,,,0,103,,87340,11,,,0
1101,'S2-4_4',1654,,87341,11,,,0,152,,87342,11,,,0,103,,87343,11,,,0
