401,'S2-0_4',859,,85930,61,,,0,297,,85932,59,,,0,157,,85931,61,,,0,101,,85933,59,,,0,140,,85934,59,,,0,275,,85929,62,,,0,183,,85935,59,,,0
401,'S2-0_5',859,,85962,61,,,0,297,,85964,59,,,0,157,,85963,61,,,0,101,,85965,59,,,0,140,,85966,59,,,0,275,,85961,62,,,0,183,,85967,59,,,0
401,'S2-1_3',859,,85994,61,,,0,297,,85996,59,,,0,157,,85995,61,,,0,101,,85997,59,,,0,140,,85998,59,,,0,275,,85993,62,,,0,183,,85999,59,,,0
401,'S2-2_6',756,,86001,59,,,0,191,,86002,59,,,0,202,,86003,59,,,0,200,,86004,59,,,0,200,,86005,59,,,0,206,,86006,59,,,0,271,,86007,59,,,0
401,'S2-3_7',1028,,86025,59,,,0,125,,86026,59,,,0,166,,86027,59,,,0,200,,86028,59,,,0,125,,86029,59,,,0,165,,86030,59,,,0,125,,86031,59,,,0
401,'S2-4_1',859,,86057,61,,,0,297,,86059,59,,,0,157,,86058,61,,,0,101,,86060,59,,,0,140,,86061,59,,,0,275,,86056,62,,,0,183,,86062,59,,,0
401,'S2-4_2',859,,86089,61,,,0,297,,86091,59,,,0,157,,86090,61,,,0,101,,86092,59,,,0,140,,86093,59,,,0,275,,86088,62,,,0,183,,86094,59,,,0
401,'S2-4_4',859,,86121,61,,,0,297,,86123,59,,,0,157,,86122,61,,,0,101,,86124,59,,,0,140,,86125,59,,,0,275,,86120,62,,,0,183,,86126,59,,,0
2901201,'S2-0_4',1711,,91504,13,,,0,105,,91505,13,,,0,98,,91503,13,,,0
2901201,'S2-0_5',1711,,91507,13,,,0,105,,91508,13,,,0,98,,91506,13,,,0
2901201,'S2-1_3',1314,,91510,13,,,0,397,,91511,13,,,0,105,,91512,13,,,0,98,,91509,13,,,0
2901201,'S2-4_1',1711,,91514,13,,,0,105,,91515,13,,,0,98,,91513,13,,,0
2901201,'S2-4_2',1711,,91517,13,,,0,105,,91518,13,,,0,98,,91516,13,,,0
2901201,'S2-4_4',1711,,91520,13,,,0,105,,91521,13,,,0,98,,91519,13,,,0
