501,'S2-0_4',927,,86230,11,,,0,105,,86231,11,,,0,100,,86232,11,,,0,86,,86233,11,,,0,95,,86234,11,,,0,98,,86235,11,,,0,102,,86236,11,,,0,101,,86237,11,,,0,25,,86239,11,0,13,0,81,,86238,11,,,0,29,,86240,11,0,13,0,75,,86242,11,,,0,19,,86241,11,0,13,0,109,,86243,11,,,0
501,'S2-0_5',927,,86244,11,,,0,105,,86245,11,,,0,100,,86246,11,,,0,86,,86247,11,,,0,95,,86248,11,,,0,98,,86249,11,,,0,102,,86250,11,,,0,101,,86251,11,,,0,25,,86253,11,0,13,0,81,,86252,11,,,0,29,,86254,11,0,13,0,75,,86256,11,,,0,19,,86255,11,0,13,0,109,,86257,11,,,0
501,'S2-1_3',927,,86258,11,,,0,105,,86259,11,,,0,100,,86260,11,,,0,86,,86261,11,,,0,25,,86267,11,0,13,0,70,,86262,11,,,0,98,,86263,11,,,0,102,,86264,11,,,0,101,,86265,11,,,0,106,,86266,11,,,0,104,,86268,11,,,0,128,,86269,11,,,0
501,'S2-2_6',819,,86270,11,,,0,101,,86271,11,,,0,100,,86272,11,,,0,100,,86273,11,,,0,100,,86274,11,,,0,94,,86275,11,,,0,99,,86276,11,,,0,100,,86277,11,,,0,100,,86278,11,,,0,100,,86279,11,,,0,100,,86280,11,,,0,189,,86281,11,,,0
501,'S2-4_1',927,,86282,11,,,0,105,,86283,11,,,0,100,,86284,11,,,0,86,,86285,11,,,0,95,,86286,11,,,0,98,,86287,11,,,0,102,,86288,11,,,0,101,,86289,11,,,0,25,,86291,11,0,13,0,81,,86290,11,,,0,29,,86292,11,0,13,0,75,,86294,11,,,0,19,,86293,11,0,13,0,109,,86295,11,,,0
501,'S2-4_2',927,,86296,11,,,0,105,,86297,11,,,0,100,,86298,11,,,0,86,,86299,11,,,0,95,,86300,11,,,0,98,,86301,11,,,0,102,,86302,11,,,0,101,,86303,11,,,0,25,,86305,11,0,13,0,81,,86304,11,,,0,29,,86306,11,0,13,0,75,,86308,11,,,0,19,,86307,11,0,13,0,109,,86309,11,,,0
501,'S2-4_4',927,,86310,11,,,0,105,,86311,11,,,0,100,,86312,11,,,0,86,,86313,11,,,0,95,,86314,11,,,0,98,,86315,11,,,0,102,,86316,11,,,0,101,,86317,11,,,0,25,,86319,11,0,13,0,81,,86318,11,,,0,29,,86320,11,0,13,0,75,,86322,11,,,0,19,,86321,11,0,13,0,109,,86323,11,,,0
1000001,'S2-0_4',549,,89913,16,,,0,60,,89914,16,,,0,20,,89915,16,,,0,20,,89916,16,,,0,61,,89917,16,,,0,10,,89997,16,,,0,10,,89998,16,,,0,10,,89948,22,,,0,10,,89949,22,,,0,50,,89950,22,,,0,11,,89951,22,,,0,10,,89952,22,,,0,9,,89953,22,,,0,10,,89954,22,,,0,10,,89955,22,,,0,50,,89956,22,,,0,10,,89957,22,,,0,10,,89958,22,,,0,11,,89959,22,,,0,11,,89918,16,,,0,11,,89919,22,,,0,50,,89920,16,,,0,10,,89921,22,,,0,11,,89922,16,,,0,11,,89960,22,,,0,11,,89923,16,,,0,11,,89924,22,,,0,50,,89925,16,,,0,11,,89926,22,,,0,10,,89927,16,,,0,11,,89961,22,,,0,10,,89928,16,,,0,51,,89929,22,,,0,10,,89930,16,,,0,9,,89931,22,,,0,10,,89962,16,,,0,10,,89963,22,,,0,10,,89964,16,,,0,10,,89965,22,,,0,50,,89966,16,,,0,10,,89967,22,,,0,10,,89968,16,,,0,9,,89969,22,,,0,10,,89970,16,,,0,10,,89971,22,,,0,50,,89972,16,,,0,10,,89973,22,,,0,10,,89974,16,,,0,10,,89932,22,,,0,10,,89933,16,,,0,9,,89975,22,,,0,50,,89934,16,,,0,10,,89935,22,,,0,11,,89936,16,,,0,11,,89976,22,,,0,11,,89937,16,,,0,51,,89938,22,,,0,11,,89939,16,,,0,10,,89940,22,,,0,9,,89941,22,,,0,10,,89977,22,,,0,10,,89978,22,,,0,50,,89979,22,,,0,11,,89980,22,,,0,11,,89981,22,,,0,11,,89982,22,,,0,10,,89983,22,,,0,10,,89984,22,,,0,50,,89985,22,,,0,10,,89986,22,,,0,10,,89987,22,,,0,8,,89988,22,,,0,9,,89989,22,,,0,9,,89990,22,,,0,8,,89991,22,,,0,49,,89992,16,,,0,9,,89993,22,,,0,10,,89994,16,,,0,13,,89996,22,,,0,19,,89995,22,,,0,60,,89942,16,,,0,20,,89943,16,,,0,20,,89944,16,,,0,60,,89945,16,,,0,19,,89946,16,,,0,20,,89947,16,,,0
1000001,'S2-0_5',549,,89999,16,,,0,60,,90000,16,,,0,20,,90001,16,,,0,20,,90002,16,,,0,61,,90003,16,,,0,10,,90083,16,,,0,10,,90084,16,,,0,10,,90034,22,,,0,10,,90035,22,,,0,50,,90036,22,,,0,11,,90037,22,,,0,10,,90038,22,,,0,9,,90039,22,,,0,10,,90040,22,,,0,10,,90041,22,,,0,50,,90042,22,,,0,10,,90043,22,,,0,10,,90044,22,,,0,11,,90045,22,,,0,11,,90004,16,,,0,11,,90005,22,,,0,50,,90006,16,,,0,10,,90007,22,,,0,11,,90008,16,,,0,11,,90046,22,,,0,11,,90009,16,,,0,11,,90010,22,,,0,50,,90011,16,,,0,11,,90012,22,,,0,10,,90013,16,,,0,11,,90047,22,,,0,10,,90014,16,,,0,51,,90015,22,,,0,10,,90016,16,,,0,9,,90017,22,,,0,10,,90048,16,,,0,10,,90049,22,,,0,10,,90050,16,,,0,10,,90051,22,,,0,50,,90052,16,,,0,10,,90053,22,,,0,10,,90054,16,,,0,9,,90055,22,,,0,10,,90056,16,,,0,10,,90057,22,,,0,50,,90058,16,,,0,10,,90059,22,,,0,10,,90060,16,,,0,10,,90018,22,,,0,10,,90019,16,,,0,9,,90061,22,,,0,50,,90020,16,,,0,10,,90021,22,,,0,11,,90022,16,,,0,11,,90062,22,,,0,11,,90023,16,,,0,51,,90024,22,,,0,11,,90025,16,,,0,10,,90026,22,,,0,9,,90027,22,,,0,10,,90063,22,,,0,10,,90064,22,,,0,50,,90065,22,,,0,11,,90066,22,,,0,11,,90067,22,,,0,11,,90068,22,,,0,10,,90069,22,,,0,10,,90070,22,,,0,50,,90071,22,,,0,10,,90072,22,,,0,10,,90073,22,,,0,8,,90074,22,,,0,9,,90075,22,,,0,9,,90076,22,,,0,8,,90077,22,,,0,49,,90078,16,,,0,9,,90079,22,,,0,10,,90080,16,,,0,13,,90082,22,,,0,19,,90081,22,,,0,60,,90028,16,,,0,20,,90029,16,,,0,20,,90030,16,,,0,60,,90031,16,,,0,19,,90032,16,,,0,20,,90033,16,,,0
1000001,'S2-1_3',549,,90085,16,,,0,60,,90086,16,,,0,20,,90087,16,,,0,20,,90088,16,,,0,61,,90089,16,,,0,10,,90169,16,,,0,10,,90170,16,,,0,10,,90120,22,,,0,10,,90121,22,,,0,50,,90122,22,,,0,11,,90123,22,,,0,10,,90124,22,,,0,9,,90125,22,,,0,10,,90126,22,,,0,10,,90127,22,,,0,50,,90128,22,,,0,10,,90129,22,,,0,10,,90130,22,,,0,11,,90131,22,,,0,11,,90090,16,,,0,11,,90091,22,,,0,50,,90092,16,,,0,10,,90093,22,,,0,11,,90094,16,,,0,11,,90132,22,,,0,11,,90095,16,,,0,11,,90096,22,,,0,50,,90097,16,,,0,11,,90098,22,,,0,10,,90099,16,,,0,11,,90133,22,,,0,10,,90100,16,,,0,51,,90101,22,,,0,10,,90102,16,,,0,9,,90103,22,,,0,10,,90134,16,,,0,10,,90135,22,,,0,10,,90136,16,,,0,10,,90137,22,,,0,50,,90138,16,,,0,10,,90139,22,,,0,10,,90140,16,,,0,9,,90141,22,,,0,10,,90142,16,,,0,10,,90143,22,,,0,50,,90144,16,,,0,10,,90145,22,,,0,10,,90146,16,,,0,10,,90104,22,,,0,10,,90105,16,,,0,9,,90147,22,,,0,50,,90106,16,,,0,10,,90107,22,,,0,11,,90108,16,,,0,11,,90148,22,,,0,11,,90109,16,,,0,51,,90110,22,,,0,11,,90111,16,,,0,10,,90112,22,,,0,9,,90113,22,,,0,10,,90149,22,,,0,10,,90150,22,,,0,50,,90151,22,,,0,11,,90152,22,,,0,11,,90153,22,,,0,11,,90154,22,,,0,10,,90155,22,,,0,10,,90156,22,,,0,50,,90157,22,,,0,10,,90158,22,,,0,10,,90159,22,,,0,8,,90160,22,,,0,9,,90161,22,,,0,9,,90162,22,,,0,8,,90163,22,,,0,49,,90164,16,,,0,9,,90165,22,,,0,10,,90166,16,,,0,13,,90168,22,,,0,19,,90167,22,,,0,60,,90114,16,,,0,20,,90115,16,,,0,20,,90116,16,,,0,60,,90117,16,,,0,19,,90118,16,,,0,20,,90119,16,,,0
1000001,'S2-2_6',549,,90171,16,,,0,81,,90172,16,,,0,81,,90173,16,,,0,30,,90174,16,,,0,69,,90175,22,,,0,29,,90176,22,,,0,15,,90177,16,,,0,55,,90178,16,,,0,15,,90179,22,,,0,15,,90180,16,,,0,15,,90181,16,,,0,55,,90182,22,,,0,16,,90183,16,,,0,15,,90184,16,,,0,16,,90185,22,,,0,55,,90186,16,,,0,15,,90187,16,,,0,16,,90188,22,,,0,15,,90189,16,,,0,56,,90190,16,,,0,15,,90191,22,,,0,14,,90192,16,,,0,16,,90193,16,,,0,56,,90194,22,,,0,9,,90195,16,,,0,10,,90196,16,,,0,8,,90197,16,,,0,10,,90199,16,,,0,50,,90198,22,,,0,10,,90200,16,,,0,11,,90201,16,,,0,12,,90202,22,,,0,10,,90203,16,,,0,9,,90204,16,,,0,50,,90205,16,,,0,11,,90206,22,,,0,10,,90207,16,,,0,10,,90208,16,,,0,11,,90209,16,,,0,11,,90210,22,,,0,49,,90211,16,,,0,10,,90212,16,,,0,10,,90213,16,,,0,12,,90214,22,,,0,9,,90215,16,,,0,9,,90216,16,,,0,49,,90217,16,,,0,10,,90219,16,,,0,9,,90218,22,,,0,10,,90220,16,,,0,10,,90221,16,,,0,10,,90223,16,,,0,50,,90222,22,,,0,9,,90224,16,,,0,9,,90225,16,,,0,9,,90227,16,,,0,10,,90226,22,,,0,10,,90228,16,,,0,53,,90229,16,,,0,19,,90230,22,,,0,17,,90231,16,,,0,61,,90232,16,,,0,21,,90233,16,,,0,17,,90234,16,,,0,19,,90235,16,,,0,60,,90236,16,,,0,20,,90237,16,,,0,20,,90238,16,,,0
1000001,'S2-3_7',819,,90239,16,,,0,40,,90240,16,,,0,80,,90241,16,,,0,80,,90242,16,,,0,40,,90243,16,,,0,80,,90244,16,,,0,80,,90245,16,,,0,40,,90246,16,,,0,80,,90247,16,,,0,80,,90248,16,,,0,40,,90249,16,,,0,80,,90250,16,,,0,80,,90251,16,,,0,40,,90252,16,,,0,80,,90253,16,,,0,80,,90254,16,,,0,40,,90255,16,,,0,80,,90256,16,,,0
1000001,'S2-4_1',549,,90257,16,,,0,60,,90258,16,,,0,20,,90259,16,,,0,20,,90260,16,,,0,61,,90261,16,,,0,10,,90341,16,,,0,10,,90342,16,,,0,10,,90292,22,,,0,10,,90293,22,,,0,50,,90294,22,,,0,11,,90295,22,,,0,10,,90296,22,,,0,9,,90297,22,,,0,10,,90298,22,,,0,10,,90299,22,,,0,50,,90300,22,,,0,10,,90301,22,,,0,10,,90302,22,,,0,11,,90303,22,,,0,11,,90262,16,,,0,11,,90263,22,,,0,50,,90264,16,,,0,10,,90265,22,,,0,11,,90266,16,,,0,11,,90304,22,,,0,11,,90267,16,,,0,11,,90268,22,,,0,50,,90269,16,,,0,11,,90270,22,,,0,10,,90271,16,,,0,11,,90305,22,,,0,10,,90272,16,,,0,51,,90273,22,,,0,10,,90274,16,,,0,9,,90275,22,,,0,10,,90306,16,,,0,10,,90307,22,,,0,10,,90308,16,,,0,10,,90309,22,,,0,50,,90310,16,,,0,10,,90311,22,,,0,10,,90312,16,,,0,9,,90313,22,,,0,10,,90314,16,,,0,10,,90315,22,,,0,50,,90316,16,,,0,10,,90317,22,,,0,10,,90318,16,,,0,10,,90276,22,,,0,10,,90277,16,,,0,9,,90319,22,,,0,50,,90278,16,,,0,10,,90279,22,,,0,11,,90280,16,,,0,11,,90320,22,,,0,11,,90281,16,,,0,51,,90282,22,,,0,11,,90283,16,,,0,10,,90284,22,,,0,9,,90285,22,,,0,10,,90321,22,,,0,10,,90322,22,,,0,50,,90323,22,,,0,11,,90324,22,,,0,11,,90325,22,,,0,11,,90326,22,,,0,10,,90327,22,,,0,10,,90328,22,,,0,50,,90329,22,,,0,10,,90330,22,,,0,10,,90331,22,,,0,8,,90332,22,,,0,9,,90333,22,,,0,9,,90334,22,,,0,8,,90335,22,,,0,49,,90336,16,,,0,9,,90337,22,,,0,10,,90338,16,,,0,13,,90340,22,,,0,19,,90339,22,,,0,60,,90286,16,,,0,20,,90287,16,,,0,20,,90288,16,,,0,60,,90289,16,,,0,19,,90290,16,,,0,20,,90291,16,,,0
1000001,'S2-4_2',549,,90343,16,,,0,60,,90344,16,,,0,20,,90345,16,,,0,20,,90346,16,,,0,61,,90347,16,,,0,10,,90427,16,,,0,10,,90428,16,,,0,10,,90378,22,,,0,10,,90379,22,,,0,50,,90380,22,,,0,11,,90381,22,,,0,10,,90382,22,,,0,9,,90383,22,,,0,10,,90384,22,,,0,10,,90385,22,,,0,50,,90386,22,,,0,10,,90387,22,,,0,10,,90388,22,,,0,11,,90389,22,,,0,11,,90348,16,,,0,11,,90349,22,,,0,50,,90350,16,,,0,10,,90351,22,,,0,11,,90352,16,,,0,11,,90390,22,,,0,11,,90353,16,,,0,11,,90354,22,,,0,50,,90355,16,,,0,11,,90356,22,,,0,10,,90357,16,,,0,11,,90391,22,,,0,10,,90358,16,,,0,51,,90359,22,,,0,10,,90360,16,,,0,9,,90361,22,,,0,10,,90392,16,,,0,10,,90393,22,,,0,10,,90394,16,,,0,10,,90395,22,,,0,50,,90396,16,,,0,10,,90397,22,,,0,10,,90398,16,,,0,9,,90399,22,,,0,10,,90400,16,,,0,10,,90401,22,,,0,50,,90402,16,,,0,10,,90403,22,,,0,10,,90404,16,,,0,10,,90362,22,,,0,10,,90363,16,,,0,9,,90405,22,,,0,50,,90364,16,,,0,10,,90365,22,,,0,11,,90366,16,,,0,11,,90406,22,,,0,11,,90367,16,,,0,51,,90368,22,,,0,11,,90369,16,,,0,10,,90370,22,,,0,9,,90371,22,,,0,10,,90407,22,,,0,10,,90408,22,,,0,50,,90409,22,,,0,11,,90410,22,,,0,11,,90411,22,,,0,11,,90412,22,,,0,10,,90413,22,,,0,10,,90414,22,,,0,50,,90415,22,,,0,10,,90416,22,,,0,10,,90417,22,,,0,8,,90418,22,,,0,9,,90419,22,,,0,9,,90420,22,,,0,8,,90421,22,,,0,49,,90422,16,,,0,9,,90423,22,,,0,10,,90424,16,,,0,13,,90426,22,,,0,19,,90425,22,,,0,60,,90372,16,,,0,20,,90373,16,,,0,20,,90374,16,,,0,60,,90375,16,,,0,19,,90376,16,,,0,20,,90377,16,,,0
1000001,'S2-4_4',549,,90429,16,,,0,60,,90430,16,,,0,20,,90431,16,,,0,20,,90432,16,,,0,61,,90433,16,,,0,10,,90513,16,,,0,10,,90514,16,,,0,10,,90464,22,,,0,10,,90465,22,,,0,50,,90466,22,,,0,11,,90467,22,,,0,10,,90468,22,,,0,9,,90469,22,,,0,10,,90470,22,,,0,10,,90471,22,,,0,50,,90472,22,,,0,10,,90473,22,,,0,10,,90474,22,,,0,11,,90475,22,,,0,11,,90434,16,,,0,11,,90435,22,,,0,50,,90436,16,,,0,10,,90437,22,,,0,11,,90438,16,,,0,11,,90476,22,,,0,11,,90439,16,,,0,11,,90440,22,,,0,50,,90441,16,,,0,11,,90442,22,,,0,10,,90443,16,,,0,11,,90477,22,,,0,10,,90444,16,,,0,51,,90445,22,,,0,10,,90446,16,,,0,9,,90447,22,,,0,10,,90478,16,,,0,10,,90479,22,,,0,10,,90480,16,,,0,10,,90481,22,,,0,50,,90482,16,,,0,10,,90483,22,,,0,10,,90484,16,,,0,9,,90485,22,,,0,10,,90486,16,,,0,10,,90487,22,,,0,50,,90488,16,,,0,10,,90489,22,,,0,10,,90490,16,,,0,10,,90448,22,,,0,10,,90449,16,,,0,9,,90491,22,,,0,50,,90450,16,,,0,10,,90451,22,,,0,11,,90452,16,,,0,11,,90492,22,,,0,11,,90453,16,,,0,51,,90454,22,,,0,11,,90455,16,,,0,10,,90456,22,,,0,9,,90457,22,,,0,10,,90493,22,,,0,10,,90494,22,,,0,50,,90495,22,,,0,11,,90496,22,,,0,11,,90497,22,,,0,11,,90498,22,,,0,10,,90499,22,,,0,10,,90500,22,,,0,50,,90501,22,,,0,10,,90502,22,,,0,10,,90503,22,,,0,8,,90504,22,,,0,9,,90505,22,,,0,9,,90506,22,,,0,8,,90507,22,,,0,49,,90508,16,,,0,9,,90509,22,,,0,10,,90510,16,,,0,13,,90512,22,,,0,19,,90511,22,,,0,60,,90458,16,,,0,20,,90459,16,,,0,20,,90460,16,,,0,60,,90461,16,,,0,19,,90462,16,,,0,20,,90463,16,,,0
