200,'S2-0_4',653,,84701,7,0,38,0,61,,84702,7,0,38,0,34,,84676,7,0,35 37,0,81,,84670,7,0,9 10,0,96,,84690,7,0,9 10,0,99,,84671,7,0,35 37,0,182,,84681,7,0,34,0,139,,84685,7,0,34,0,165,,84699,7,0,38,0,147,,84687,7,0,34,0,78,,84695,7,0,35 37,0,70,,84688,7,0,34,0,37,,84679,7,0,38,0,66,,84689,7,0,34,0
200,'S2-0_5',653,,84740,7,0,38,0,61,,84741,7,0,38,0,34,,84715,7,0,35 37,0,81,,84709,7,0,9 10,0,96,,84729,7,0,9 10,0,99,,84710,7,0,35 37,0,182,,84720,7,0,34,0,139,,84724,7,0,34,0,165,,84738,7,0,38,0,147,,84726,7,0,34,0,78,,84734,7,0,35 37,0,70,,84727,7,0,34,0,37,,84718,7,0,38,0,66,,84728,7,0,34,0
200,'S2-1_3',653,,84779,7,0,38,0,61,,84780,7,0,38,0,34,,84754,7,0,35 37,0,81,,84748,7,0,9 10,0,96,,84768,7,0,9 10,0,99,,84749,7,0,35 37,0,182,,84759,7,0,34,0,139,,84763,7,0,34,0,165,,84777,7,0,38,0,147,,84765,7,0,34,0,78,,84773,7,0,35 37,0,70,,84766,7,0,34,0,37,,84757,7,0,38,0,66,,84767,7,0,34,0
200,'S2-2_6',647,,84786,7,0,34,0,107,,84787,7,0,34,0,85,,84810,7,0,38,0,168,,84789,7,0,34,0,111,,84790,7,0,34,0,104,,84791,5,0,34,0,98,,84792,7,0,34,0,102,,84793,7,0,34,0,105,,84794,7,0,34,0,103,,84795,7,0,34,0,101,,84796,7,0,34,0,113,,84807,7,0,35 37,0
200,'S2-4_1',653,,84861,7,0,38,0,61,,84862,7,0,38,0,34,,84836,7,0,35 37,0,81,,84830,7,0,9 10,0,96,,84850,7,0,9 10,0,99,,84831,7,0,35 37,0,182,,84841,7,0,34,0,139,,84845,7,0,34,0,165,,84859,7,0,38,0,147,,84847,7,0,34,0,78,,84855,7,0,35 37,0,70,,84848,7,0,34,0,37,,84839,7,0,38,0,66,,84849,7,0,34,0
200,'S2-4_2',653,,84900,7,0,38,0,61,,84901,7,0,38,0,34,,84875,7,0,35 37,0,81,,84869,7,0,9 10,0,96,,84889,7,0,9 10,0,99,,84870,7,0,35 37,0,182,,84880,7,0,34,0,139,,84884,7,0,34,0,165,,84898,7,0,38,0,147,,84886,7,0,34,0,78,,84894,7,0,35 37,0,70,,84887,7,0,34,0,37,,84878,7,0,38,0,66,,84888,7,0,34,0
200,'S2-4_4',653,,84939,7,0,38,0,61,,84940,7,0,38,0,34,,84914,7,0,35 37,0,81,,84908,7,0,9 10,0,96,,84928,7,0,9 10,0,99,,84909,7,0,35 37,0,182,,84919,7,0,34,0,139,,84923,7,0,34,0,165,,84937,7,0,38,0,147,,84925,7,0,34,0,78,,84933,7,0,35 37,0,70,,84926,7,0,34,0,37,,84917,7,0,38,0,66,,84927,7,0,34,0
201,'S2-0_4',743,,84959,39,0,62,0,88,,84968,27,0,62,0,88,,84969,39,0,62,0,202,,84961,39,0,62,0,118,,84962,39,0,62,0,20,,84981,18,0,62,0,156,,84983,39,0,62,0,185,,84952,39,0,62,0,47,,84979,18,0,62,0,71,,84978,39,0,62,0,36,,84965,27,0,62,0,65,,84953,39,0,62,0,29,,84976,27,0,62,0,68,,84966,39,0,62,0,41,,84967,39,0,62,0
201,'S2-0_5',743,,84998,39,0,62,0,88,,85007,27,0,62,0,88,,85008,39,0,62,0,202,,85000,39,0,62,0,118,,85001,39,0,62,0,20,,85020,18,0,62,0,156,,85022,39,0,62,0,185,,84991,39,0,62,0,47,,85018,18,0,62,0,71,,85017,39,0,62,0,36,,85004,27,0,62,0,65,,84992,39,0,62,0,29,,85015,27,0,62,0,68,,85005,39,0,62,0,41,,85006,39,0,62,0
201,'S2-1_3',743,,85037,39,0,62,0,88,,85046,27,0,62,0,88,,85047,39,0,62,0,202,,85039,39,0,62,0,118,,85040,39,0,62,0,20,,85059,18,0,62,0,156,,85062,39,0,62,0,185,,85030,39,0,62,0,47,,85057,18,0,62,0,71,,85056,39,0,62,0,36,,85043,27,0,62,0,65,,85031,39,0,62,0,29,,85054,27,0,62,0,68,,85044,39,0,62,0,41,,85045,39,0,62,0
201,'S2-2_6',748,,85088,39,0,62,0,160,,85077,27,0,62,0,126,,85090,39,0,62,0,110,,85091,39,0,64,0,85,,85080,27,0,62,0,107,,85081,27,0,62,0,104,,85082,27,0,62,0,90,,85071,39,0,62,0,103,,85072,39,0,62,0,124,,85085,27,0,62,0,163,,85098,39,0,62,0,33,,85087,27,0,62,0
201,'S2-4_1',743,,85121,39,0,62,0,88,,85130,27,0,62,0,88,,85131,39,0,62,0,202,,85123,39,0,62,0,118,,85124,39,0,62,0,20,,85143,18,0,62,0,156,,85145,39,0,62,0,185,,85114,39,0,62,0,47,,85141,18,0,62,0,71,,85140,39,0,62,0,36,,85127,27,0,62,0,65,,85115,39,0,62,0,29,,85138,27,0,62,0,68,,85128,39,0,62,0,41,,85129,39,0,62,0
201,'S2-4_2',743,,85160,39,0,62,0,88,,85169,27,0,62,0,88,,85170,39,0,62,0,202,,85162,39,0,62,0,118,,85163,39,0,62,0,20,,85182,18,0,62,0,156,,85184,39,0,62,0,185,,85153,39,0,62,0,47,,85180,18,0,62,0,71,,85179,39,0,62,0,36,,85166,27,0,62,0,65,,85154,39,0,62,0,29,,85177,27,0,62,0,68,,85167,39,0,62,0,41,,85168,39,0,62,0
201,'S2-4_4',743,,85199,39,0,62,0,88,,85208,27,0,62,0,88,,85209,39,0,62,0,202,,85201,39,0,62,0,118,,85202,39,0,62,0,20,,85221,18,0,62,0,156,,85223,39,0,62,0,185,,85192,39,0,62,0,47,,85219,18,0,62,0,71,,85218,39,0,62,0,36,,85205,27,0,62,0,65,,85193,39,0,62,0,29,,85216,27,0,62,0,68,,85206,39,0,62,0,41,,85207,39,0,62,0
2900200,'S2-0_4',705,,91328,7,,,0,100,,91329,7,,,0
2900200,'S2-0_5',705,,91330,7,,,0,100,,91331,7,,,0
2900200,'S2-1_3',705,,91332,7,,,0,100,,91333,7,,,0
2900200,'S2-4_1',705,,91334,7,,,0,100,,91335,7,,,0
2900200,'S2-4_2',705,,91336,7,,,0,100,,91337,7,,,0
2900200,'S2-4_4',705,,91338,7,,,0,100,,91339,7,,,0
2900201,'S2-0_4',1752,,91340,3,,,0,100,,91341,3,,,0
2900201,'S2-0_5',1752,,91342,3,,,0,100,,91343,3,,,0
2900201,'S2-1_3',1752,,91344,3,,,0,100,,91345,3,,,0
2900201,'S2-4_1',1752,,91346,3,,,0,100,,91347,3,,,0
2900201,'S2-4_2',1752,,91348,3,,,0,100,,91349,3,,,0
2900201,'S2-4_4',1752,,91350,3,,,0,100,,91351,3,,,0
