300,'S2-0_4',654,,85225,14,,,0,64,,85226,14,,,0,32,,85227,14,,,0,64,,85228,14,,,0,25,,85229,14,,,0,70,,85230,14,,,0,32,,85231,14,,,0,72,,85232,14,,,0,32,,85233,14,,,0,72,,85234,14,,,0,32,,85235,14,,,0,72,,85236,14,,,0,32,,85237,14,,,0,72,,85238,14,,,0,32,,85239,14,,,0,72,,85240,14,,,0,72,,85241,14,,,0,33,,85242,14,,,0,70,,85244,14,,,0,27,,85245,14,,,0,28,,85246,14,,,0,69,,85247,14,,,0,30,,85248,14,,,0,70,,85252,14,,,0,31,,85249,14,,,0,71,,85250,14,,,0,73,,85251,14,,,0,30,,85243,14,,,0
300,'S2-0_5',654,,85253,14,,,0,64,,85254,14,,,0,32,,85255,14,,,0,64,,85256,14,,,0,25,,85257,14,,,0,70,,85258,14,,,0,32,,85259,14,,,0,72,,85260,14,,,0,32,,85261,14,,,0,72,,85262,14,,,0,32,,85263,14,,,0,72,,85264,14,,,0,32,,85265,14,,,0,72,,85266,14,,,0,32,,85267,14,,,0,72,,85268,14,,,0,72,,85269,14,,,0,33,,85270,14,,,0,70,,85272,14,,,0,27,,85273,14,,,0,28,,85274,14,,,0,69,,85275,14,,,0,30,,85276,14,,,0,70,,85280,14,,,0,31,,85277,14,,,0,71,,85278,14,,,0,73,,85279,14,,,0,30,,85271,14,,,0
300,'S2-1_3',654,,85281,14,,,0,64,,85282,14,,,0,32,,85283,14,,,0,64,,85284,14,,,0,25,,85285,14,,,0,70,,85286,14,,,0,32,,85287,14,,,0,72,,85288,14,,,0,32,,85289,14,,,0,72,,85290,14,,,0,32,,85291,14,,,0,72,,85292,14,,,0,32,,85293,14,,,0,72,,85294,14,,,0,32,,85295,14,,,0,72,,85296,14,,,0,72,,85297,14,,,0,33,,85298,14,,,0,70,,85300,14,,,0,27,,85301,14,,,0,28,,85302,14,,,0,69,,85303,14,,,0,30,,85304,14,,,0,70,,85308,14,,,0,31,,85305,14,,,0,71,,85306,14,,,0,73,,85307,14,,,0,30,,85299,14,,,0
300,'S2-2_6',657,,85309,14,,,0,69,,85311,14,,,0,29,,85312,14,,,0,70,,85310,14,,,0,30,,85314,14,,,0,69,,85315,14,,,0,28,,85313,14,,,0,71,,85316,14,,,0,30,,85317,14,,,0,70,,85320,14,,,0,30,,85319,14,,,0,69,,85318,14,,,0,29,,85322,14,,,0,70,,85321,14,,,0,29,,85323,14,,,0,69,,85324,14,,,0,32,,85325,14,,,0,72,,85326,14,,,0,31,,85327,14,,,0,71,,85328,14,,,0,32,,85329,14,,,0,72,,85330,14,,,0,30,,85331,14,,,0,71,,85336,14,,,0,71,,85332,14,,,0,30,,85333,14,,,0,26,,85334,14,,,0,70,,85335,14,,,0
300,'S2-3_7',900,,85359,14,,,0,32,,85360,14,,,0,75,,85361,14,,,0,34,,85362,14,,,0,72,,85353,14,,,0,33,,85358,14,,,0,73,,85357,14,,,0,33,,85356,14,,,0,72,,85355,14,,,0,32,,85337,14,,,0,68,,85338,14,,,0,29,,85339,14,,,0,68,,85340,14,,,0,28,,85341,14,,,0,68,,85342,14,,,0,31,,85343,14,,,0,68,,85344,14,,,0,27,,85345,14,,,0,68,,85346,14,,,0,29,,85347,14,,,0,67,,85348,14,,,0,26,,85349,14,,,0,26,,85350,14,,,0,64,,85351,14,,,0,24,,85354,14,,,0,66,,85352,14,,,0
300,'S2-4_1',654,,85363,14,,,0,64,,85364,14,,,0,32,,85365,14,,,0,64,,85366,14,,,0,25,,85367,14,,,0,70,,85368,14,,,0,32,,85369,14,,,0,72,,85370,14,,,0,32,,85371,14,,,0,72,,85372,14,,,0,32,,85373,14,,,0,72,,85374,14,,,0,32,,85375,14,,,0,72,,85376,14,,,0,32,,85377,14,,,0,72,,85378,14,,,0,72,,85379,14,,,0,33,,85380,14,,,0,70,,85382,14,,,0,27,,85383,14,,,0,28,,85384,14,,,0,69,,85385,14,,,0,30,,85386,14,,,0,70,,85390,14,,,0,31,,85387,14,,,0,71,,85388,14,,,0,73,,85389,14,,,0,30,,85381,14,,,0
300,'S2-4_2',654,,85391,14,,,0,64,,85392,14,,,0,32,,85393,14,,,0,64,,85394,14,,,0,25,,85395,14,,,0,70,,85396,14,,,0,32,,85397,14,,,0,72,,85398,14,,,0,32,,85399,14,,,0,72,,85400,14,,,0,32,,85401,14,,,0,72,,85402,14,,,0,32,,85403,14,,,0,72,,85404,14,,,0,32,,85405,14,,,0,72,,85406,14,,,0,72,,85407,14,,,0,33,,85408,14,,,0,70,,85410,14,,,0,27,,85411,14,,,0,28,,85412,14,,,0,69,,85413,14,,,0,30,,85414,14,,,0,70,,85418,14,,,0,31,,85415,14,,,0,71,,85416,14,,,0,73,,85417,14,,,0,30,,85409,14,,,0
300,'S2-4_4',654,,85419,14,,,0,64,,85420,14,,,0,32,,85421,14,,,0,64,,85422,14,,,0,25,,85423,14,,,0,70,,85424,14,,,0,32,,85425,14,,,0,72,,85426,14,,,0,32,,85427,14,,,0,72,,85428,14,,,0,32,,85429,14,,,0,72,,85430,14,,,0,32,,85431,14,,,0,72,,85432,14,,,0,32,,85433,14,,,0,72,,85434,14,,,0,72,,85435,14,,,0,33,,85436,14,,,0,70,,85438,14,,,0,27,,85439,14,,,0,28,,85440,14,,,0,69,,85441,14,,,0,30,,85442,14,,,0,70,,85446,14,,,0,31,,85443,14,,,0,71,,85444,14,,,0,73,,85445,14,,,0,30,,85437,14,,,0
2900300,'S2-0_4',709,,91352,6,,,0,30,,91353,6,,,0,69,,91354,6,,,0
2900300,'S2-0_5',709,,91355,6,,,0,30,,91356,6,,,0,69,,91357,6,,,0
2900300,'S2-1_3',709,,91358,6,,,0,30,,91359,6,,,0,69,,91360,6,,,0
2900300,'S2-4_1',709,,91361,6,,,0,30,,91362,6,,,0,69,,91363,6,,,0
2900300,'S2-4_2',709,,91364,6,,,0,30,,91365,6,,,0,69,,91366,6,,,0
2900300,'S2-4_4',709,,91367,6,,,0,30,,91368,6,,,0,69,,91369,6,,,0
