501,'S2-0_4',958,,86230,39,,,0,146,,86231,39,,,0,101,,86232,39,,,0,45,,86233,39,,,0,94,,86234,39,,,0,98,,86235,39,,,0,103,,86236,39,,,0,103,,86237,39,,,0,107,,86238,39,,,0,101,,86242,39,,,0,164,,86243,39,,,0
501,'S2-0_5',958,,86244,39,,,0,146,,86245,39,,,0,101,,86246,39,,,0,45,,86247,39,,,0,94,,86248,39,,,0,98,,86249,39,,,0,103,,86250,39,,,0,103,,86251,39,,,0,107,,86252,39,,,0,101,,86256,39,,,0,164,,86257,39,,,0
501,'S2-1_3',958,,86258,39,,,0,146,,86259,39,,,0,101,,86260,39,,,0,45,,86261,39,,,0,94,,86262,39,,,0,98,,86263,39,,,0,103,,86264,39,,,0,103,,86265,39,,,0,107,,86266,39,,,0,101,,86268,39,,,0,164,,86269,39,,,0
501,'S2-2_6',849,,86270,39,,,0,101,,86271,39,,,0,101,,86272,39,,,0,100,,86273,39,,,0,99,,86274,39,,,0,94,,86275,39,,,0,99,,86276,39,,,0,101,,86277,39,,,0,99,,86278,39,,,0,104,,86279,39,,,0,98,,86280,39,,,0,185,,86281,39,,,0
501,'S2-4_1',958,,86282,39,,,0,146,,86283,39,,,0,101,,86284,39,,,0,45,,86285,39,,,0,94,,86286,39,,,0,98,,86287,39,,,0,103,,86288,39,,,0,103,,86289,39,,,0,107,,86290,39,,,0,101,,86294,39,,,0,164,,86295,39,,,0
501,'S2-4_2',958,,86296,39,,,0,146,,86297,39,,,0,101,,86298,39,,,0,45,,86299,39,,,0,94,,86300,39,,,0,98,,86301,39,,,0,103,,86302,39,,,0,103,,86303,39,,,0,107,,86304,39,,,0,101,,86308,39,,,0,164,,86309,39,,,0
501,'S2-4_4',958,,86310,39,,,0,146,,86311,39,,,0,101,,86312,39,,,0,45,,86313,39,,,0,94,,86314,39,,,0,98,,86315,39,,,0,103,,86316,39,,,0,103,,86317,39,,,0,107,,86318,39,,,0,101,,86322,39,,,0,164,,86323,39,,,0
2900501,'S2-0_4',1757,,91430,12,,,0,150,,91431,12,,,0
2900501,'S2-0_5',1757,,91432,12,,,0,150,,91433,12,,,0
2900501,'S2-1_3',1302,,91434,12,,,0,455,,91435,12,,,0,150,,91436,12,,,0
2900501,'S2-4_1',1757,,91437,12,,,0,150,,91438,12,,,0
2900501,'S2-4_2',1757,,91439,12,,,0,150,,91440,12,,,0
2900501,'S2-4_4',1757,,91441,12,,,0,150,,91442,12,,,0
