2600,'0_6',719,,67928,8,,,0,85,,67929,8,,,0,44,,67930,8,,,0,85,,67931,8,,,0,84,,67932,8,,,0,90,,67933,8,,,0,44,,67934,8,,,0,82,,67935,8,,,0,84,,67936,8,,,0,85,,67937,8,,,0,43,,67938,8,,,0,86,,67939,8,,,0,90,,67940,8,,,0,87,,67941,8,,,0,43,,67942,8,,,0,85,,67943,8,,,0,83,,67944,8,,,0
2600,'3_1',719,,68030,8,,,0,85,,68031,8,,,0,44,,68032,8,,,0,85,,68033,8,,,0,84,,68034,8,,,0,90,,68035,8,,,0,44,,68036,8,,,0,82,,68037,8,,,0,84,,68038,8,,,0,85,,68039,8,,,0,43,,68040,8,,,0,86,,68041,8,,,0,90,,68042,8,,,0,87,,68043,8,,,0,43,,68044,8,,,0,85,,68045,8,,,0,83,,68046,8,,,0
2600,'3_2',719,,73493,8,,,0,85,,73494,8,,,0,44,,73495,8,,,0,85,,73496,8,,,0,84,,73497,8,,,0,90,,73498,8,,,0,44,,73499,8,,,0,82,,73500,8,,,0,84,,73501,8,,,0,85,,73502,8,,,0,43,,73503,8,,,0,86,,73504,8,,,0,90,,73505,8,,,0,87,,73506,8,,,0,43,,73507,8,,,0,85,,73508,8,,,0,83,,73509,8,,,0
2600,'3_3',719,,68047,8,,,0,85,,68048,8,,,0,44,,68049,8,,,0,85,,68050,8,,,0,84,,68051,8,,,0,90,,68052,8,,,0,44,,68053,8,,,0,82,,68054,8,,,0,84,,68055,8,,,0,85,,68056,8,,,0,43,,68057,8,,,0,86,,68058,8,,,0,90,,68059,8,,,0,87,,68060,8,,,0,43,,68061,8,,,0,85,,68062,8,,,0,83,,68063,8,,,0
2600,'3_4',719,,68064,8,,,0,85,,68065,8,,,0,44,,68066,8,,,0,85,,68067,8,,,0,84,,68068,8,,,0,90,,68069,8,,,0,44,,68070,8,,,0,82,,68071,8,,,0,84,,68072,8,,,0,85,,68073,8,,,0,43,,68074,8,,,0,86,,68075,8,,,0,90,,68076,8,,,0,87,,68077,8,,,0,43,,68078,8,,,0,85,,68079,8,,,0,83,,68080,8,,,0
2600,'3_5',719,,68081,8,,,0,85,,68082,8,,,0,44,,68083,8,,,0,85,,68084,8,,,0,84,,68085,8,,,0,90,,68086,8,,,0,44,,68087,8,,,0,82,,68088,8,,,0,84,,68089,8,,,0,85,,68090,8,,,0,43,,68091,8,,,0,86,,68092,8,,,0,90,,68093,8,,,0,87,,68094,8,,,0,43,,68095,8,,,0,85,,68096,8,,,0,83,,68097,8,,,0
2600,'5_1',719,,74453,8,,,0,85,,74454,8,,,0,44,,74455,8,,,0,85,,74456,8,,,0,84,,74457,8,,,0,90,,74458,8,,,0,44,,74459,8,,,0,82,,74460,8,,,0,84,,74461,8,,,0,85,,74462,8,,,0,43,,74463,8,,,0,86,,74464,8,,,0,90,,74465,8,,,0,87,,74466,8,,,0,43,,74467,8,,,0,85,,74468,8,,,0,83,,74469,8,,,0
2600,'5_2',719,,76373,8,,,0,85,,76374,8,,,0,44,,76375,8,,,0,85,,76376,8,,,0,84,,76377,8,,,0,90,,76378,8,,,0,44,,76379,8,,,0,82,,76380,8,,,0,84,,76381,8,,,0,85,,76382,8,,,0,43,,76383,8,,,0,86,,76384,8,,,0,90,,76385,8,,,0,87,,76386,8,,,0,43,,76387,8,,,0,85,,76388,8,,,0,83,,76389,8,,,0
2600,'5_3',719,,76390,8,,,0,85,,76391,8,,,0,44,,76392,8,,,0,85,,76393,8,,,0,84,,76394,8,,,0,90,,76395,8,,,0,44,,76396,8,,,0,82,,76397,8,,,0,84,,76398,8,,,0,85,,76399,8,,,0,43,,76400,8,,,0,86,,76401,8,,,0,90,,76402,8,,,0,87,,76403,8,,,0,43,,76404,8,,,0,85,,76405,8,,,0,83,,76406,8,,,0
2600,'5_4',719,,76407,8,,,0,85,,76408,8,,,0,44,,76409,8,,,0,85,,76410,8,,,0,84,,76411,8,,,0,90,,76412,8,,,0,44,,76413,8,,,0,82,,76414,8,,,0,84,,76415,8,,,0,85,,76416,8,,,0,43,,76417,8,,,0,86,,76418,8,,,0,90,,76419,8,,,0,87,,76420,8,,,0,43,,76421,8,,,0,85,,76422,8,,,0,83,,76423,8,,,0
