600,'0_4',712,,96586,21,,,0,20,,96600,21,0,11 12,0,93,,96587,21,,,0,110,,96588,21,0,11 12,0,101,,96589,21,0,11 12,0,90,,96590,21,0,11 12,0,110,,96591,21,0,11 12,0,107,,96592,21,0,11 12,0,97,,96601,21,0,11 12,0,92,,96593,21,0,11 12,0,97,,96594,21,0,11 12,0,83,,96595,21,0,11 12,0,41,,96596,21,0,11 12,0,74,,96597,21,0,11 12,0,31,,96598,21,0,11 12,0,81,,96599,21,0,11 12,0
600,'0_5',712,,96602,21,,,0,20,,96616,21,0,11 12,0,93,,96603,21,,,0,110,,96604,21,0,11 12,0,101,,96605,21,0,11 12,0,90,,96606,21,0,11 12,0,110,,96607,21,0,11 12,0,107,,96608,21,0,11 12,0,97,,96617,21,0,11 12,0,92,,96609,21,0,11 12,0,97,,96610,21,0,11 12,0,83,,96611,21,0,11 12,0,41,,96612,21,0,11 12,0,74,,96613,21,0,11 12,0,31,,96614,21,0,11 12,0,81,,96615,21,0,11 12,0
600,'1_3',712,,96618,21,,,0,20,,96632,21,0,11 12,0,93,,96619,21,,,0,110,,96620,21,0,11 12,0,101,,96621,21,0,11 12,0,90,,96622,21,0,11 12,0,110,,96623,21,0,11 12,0,107,,96624,21,0,11 12,0,97,,96633,21,0,11 12,0,92,,96625,21,0,11 12,0,97,,96626,21,0,11 12,0,83,,96627,21,0,11 12,0,41,,96628,21,0,11 12,0,74,,96629,21,0,11 12,0,31,,96630,21,0,11 12,0,81,,96631,21,0,11 12,0
600,'2_6',800,,96634,21,0,11 12,0,54,,96636,21,0,11 12,0,93,,96637,21,0,11 12,0,87,,96638,21,0,11 12,0,90,,96639,21,0,11 12,0,88,,96640,21,0,11 12,0,88,,96641,21,0,11 12,0,51,,96642,21,0,11 12,0,87,,96643,21,0,11 12,0,98,,96644,21,0,11 12,0,90,,96645,21,0,11 12,0,91,,96646,21,0,11 12,0,90,,96647,21,0,11 12,0,95,,96648,21,0,11 12,0,41,,96635,21,0,11 12,0
600,'4_1',712,,96649,21,,,0,20,,96663,21,0,11 12,0,93,,96650,21,,,0,110,,96651,21,0,11 12,0,101,,96652,21,0,11 12,0,90,,96653,21,0,11 12,0,110,,96654,21,0,11 12,0,107,,96655,21,0,11 12,0,97,,96664,21,0,11 12,0,92,,96656,21,0,11 12,0,97,,96657,21,0,11 12,0,83,,96658,21,0,11 12,0,41,,96659,21,0,11 12,0,74,,96660,21,0,11 12,0,31,,96661,21,0,11 12,0,81,,96662,21,0,11 12,0
600,'4_2',712,,96665,21,,,0,20,,96679,21,0,11 12,0,93,,96666,21,,,0,110,,96667,21,0,11 12,0,101,,96668,21,0,11 12,0,90,,96669,21,0,11 12,0,110,,96670,21,0,11 12,0,107,,96671,21,0,11 12,0,97,,96680,21,0,11 12,0,92,,96672,21,0,11 12,0,97,,96673,21,0,11 12,0,83,,96674,21,0,11 12,0,41,,96675,21,0,11 12,0,74,,96676,21,0,11 12,0,31,,96677,21,0,11 12,0,81,,96678,21,0,11 12,0
600,'4_4',712,,96681,21,,,0,20,,96695,21,0,11 12,0,93,,96682,21,,,0,110,,96683,21,0,11 12,0,101,,96684,21,0,11 12,0,90,,96685,21,0,11 12,0,110,,96686,21,0,11 12,0,107,,96687,21,0,11 12,0,97,,96696,21,0,11 12,0,92,,96688,21,0,11 12,0,97,,96689,21,0,11 12,0,83,,96690,21,0,11 12,0,41,,96691,21,0,11 12,0,74,,96692,21,0,11 12,0,31,,96693,21,0,11 12,0,81,,96694,21,0,11 12,0
600,'4_5',712,,96697,21,,,0,20,,96711,21,0,11 12,0,93,,96698,21,,,0,110,,96699,21,0,11 12,0,101,,96700,21,0,11 12,0,90,,96701,21,0,11 12,0,110,,96702,21,0,11 12,0,107,,96703,21,0,11 12,0,97,,96712,21,0,11 12,0,92,,96704,21,0,11 12,0,97,,96705,21,0,11 12,0,83,,96706,21,0,11 12,0,41,,96707,21,0,11 12,0,74,,96708,21,0,11 12,0,31,,96709,21,0,11 12,0,81,,96710,21,0,11 12,0
900,'0_4',709,,97206,22,,,0,28,,97207,22,,,0,81,,97211,28,,,0,21,,97212,19,,,0,4,,97213,29,,,0,84,,97208,22,,,0,90,,97214,29,,,0,189,,97216,25,,,0,102,,97217,25,,,0,31,,97209,22,,,0,172,,97220,30,,,0,44,,97218,25,,,0,151,,97219,25,,,0,31,,97210,22,,,0,167,,97221,30,,,0
900,'0_5',709,,97225,22,,,0,28,,97226,22,,,0,81,,97230,28,,,0,21,,97231,19,,,0,4,,97232,29,,,0,84,,97227,22,,,0,90,,97233,29,,,0,189,,97235,25,,,0,102,,97236,25,,,0,31,,97228,22,,,0,172,,97239,30,,,0,44,,97237,25,,,0,151,,97238,25,,,0,31,,97229,22,,,0,167,,97240,30,,,0
900,'1_3',709,,97244,22,,,0,28,,97245,22,,,0,81,,97249,28,,,0,21,,97250,19,,,0,4,,97251,29,,,0,84,,97246,22,,,0,90,,97252,29,,,0,189,,97254,25,,,0,102,,97255,25,,,0,31,,97247,22,,,0,172,,97258,30,,,0,44,,97256,25,,,0,151,,97257,25,,,0,31,,97248,22,,,0,167,,97259,30,,,0
900,'2_6',716,,97264,25,,,0,100,,97265,25,,,0,315,,97266,25,,,0,325,,97267,25,,,0,89,,97262,19,,,0,98,,97273,19,,,0,174,,97268,26,,,0,93,,97269,25,,,0
900,'4_1',709,,97275,22,,,0,28,,97276,22,,,0,81,,97280,28,,,0,21,,97281,19,,,0,4,,97282,29,,,0,84,,97277,22,,,0,90,,97283,29,,,0,189,,97285,25,,,0,102,,97286,25,,,0,31,,97278,22,,,0,172,,97289,30,,,0,44,,97287,25,,,0,151,,97288,25,,,0,31,,97279,22,,,0,167,,97290,30,,,0
900,'4_2',709,,97294,22,,,0,28,,97295,22,,,0,81,,97299,28,,,0,21,,97300,19,,,0,4,,97301,29,,,0,84,,97296,22,,,0,90,,97302,29,,,0,189,,97304,25,,,0,102,,97305,25,,,0,31,,97297,22,,,0,172,,97308,30,,,0,44,,97306,25,,,0,151,,97307,25,,,0,31,,97298,22,,,0,167,,97309,30,,,0
900,'4_4',709,,97313,22,,,0,28,,97314,22,,,0,81,,97318,28,,,0,21,,97319,19,,,0,4,,97320,29,,,0,84,,97315,22,,,0,90,,97321,29,,,0,189,,97323,25,,,0,102,,97324,25,,,0,31,,97316,22,,,0,172,,97327,30,,,0,44,,97325,25,,,0,151,,97326,25,,,0,31,,97317,22,,,0,167,,97328,30,,,0
900,'4_5',709,,97332,22,,,0,28,,97333,22,,,0,81,,97337,28,,,0,21,,97338,19,,,0,4,,97339,29,,,0,84,,97334,22,,,0,90,,97340,29,,,0,189,,97342,25,,,0,102,,97343,25,,,0,31,,97335,22,,,0,172,,97346,30,,,0,44,,97344,25,,,0,151,,97345,25,,,0,31,,97336,22,,,0,167,,97347,30,,,0
1900,'0_4',738,,98319,24,,,0,105,,98323,24,,,0,974,,98320,24,,,0
1900,'0_5',738,,98327,24,,,0,105,,98331,24,,,0,974,,98328,24,,,0
1900,'1_3',738,,98335,24,,,0,105,,98340,24,,,0,583,,98339,24,,,0,391,,98336,24,,,0
1900,'4_1',738,,98344,24,,,0,105,,98348,24,,,0,974,,98345,24,,,0
1900,'4_2',738,,98352,24,,,0,105,,98356,24,,,0,974,,98353,24,,,0
1900,'4_4',738,,98360,24,,,0,105,,98364,24,,,0,974,,98361,24,,,0
1900,'4_5',738,,98368,24,,,0,105,,98372,24,,,0,974,,98369,24,,,0
2600,'0_4',652,,98904,4,,,0,51,,98915,4,,,0,45,,98916,4,,,0,56,,98917,4,,,0,44,,98918,4,,,0,69,,98919,4,,,0,96,,98905,4,,,0,99,,98906,4,,,0,93,,98922,4,0,47,0,2,,98927,4,0,47,0,2,,98907,4,,,0,28,,98908,4,,,0,69,,98923,4,,,0,95,,98924,4,,,0,111,,98909,4,,,0,26,,98914,4,0,48,0,19,,98910,4,,,0,65,,98920,4,,,0,30,,98921,4,,,0,60,,98911,4,,,0,10,,98925,4,0,48,0,20,,98912,4,,,0,75,,98913,4,,,0,30,,98926,4,,,0
2600,'0_5',652,,98928,4,,,0,51,,98939,4,,,0,45,,98940,4,,,0,56,,98941,4,,,0,44,,98942,4,,,0,69,,98943,4,,,0,96,,98929,4,,,0,99,,98930,4,,,0,93,,98946,4,0,47,0,2,,98951,4,0,47,0,2,,98931,4,,,0,28,,98932,4,,,0,69,,98947,4,,,0,95,,98948,4,,,0,111,,98933,4,,,0,26,,98938,4,0,48,0,19,,98934,4,,,0,65,,98944,4,,,0,30,,98945,4,,,0,60,,98935,4,,,0,10,,98949,4,0,48,0,20,,98936,4,,,0,75,,98937,4,,,0,30,,98950,4,,,0
2600,'1_3',652,,98952,4,,,0,51,,98963,4,,,0,45,,98964,4,,,0,56,,98965,4,,,0,44,,98966,4,,,0,69,,98967,4,,,0,96,,98953,4,,,0,99,,98954,4,,,0,93,,98970,4,0,47,0,2,,98974,4,0,47,0,2,,98955,4,,,0,28,,98956,4,,,0,69,,98971,4,,,0,95,,98972,4,,,0,111,,98957,4,,,0,45,,98958,4,,,0,65,,98968,4,,,0,30,,98969,4,,,0,60,,98959,4,,,0,30,,98960,4,,,0,75,,98961,4,,,0,30,,98973,4,,,0
2600,'2_6',715,,98975,4,,,0,85,,98976,4,,,0,44,,98977,4,,,0,85,,98978,4,,,0,84,,98979,4,,,0,90,,98980,4,,,0,44,,98981,4,,,0,82,,98982,4,,,0,84,,98983,4,,,0,45,,98984,4,,,0,83,,98985,4,,,0,86,,98986,4,,,0,90,,98987,4,,,0,87,,98988,4,,,0,43,,98989,4,,,0,85,,98990,4,,,0,84,,98991,4,,,0
2600,'4_1',652,,98992,4,,,0,51,,99003,4,,,0,45,,99004,4,,,0,56,,99005,4,,,0,44,,99006,4,,,0,69,,99007,4,,,0,96,,98993,4,,,0,99,,98994,4,,,0,93,,99010,4,0,47,0,2,,99015,4,0,47,0,2,,98995,4,,,0,28,,98996,4,,,0,69,,99011,4,,,0,95,,99012,4,,,0,111,,98997,4,,,0,26,,99002,4,0,48,0,19,,98998,4,,,0,65,,99008,4,,,0,30,,99009,4,,,0,60,,98999,4,,,0,10,,99013,4,0,48,0,20,,99000,4,,,0,75,,99001,4,,,0,30,,99014,4,,,0
2600,'4_2',652,,99016,4,,,0,51,,99027,4,,,0,45,,99028,4,,,0,56,,99029,4,,,0,44,,99030,4,,,0,69,,99031,4,,,0,96,,99017,4,,,0,99,,99018,4,,,0,93,,99034,4,0,47,0,2,,99039,4,0,47,0,2,,99019,4,,,0,28,,99020,4,,,0,69,,99035,4,,,0,95,,99036,4,,,0,111,,99021,4,,,0,26,,99040,4,0,48,0,19,,99022,4,,,0,65,,99032,4,,,0,30,,99033,4,,,0,60,,99023,4,,,0,10,,99037,4,0,48,0,20,,99024,4,,,0,75,,99025,4,,,0,30,,99038,4,,,0
2600,'4_4',652,,99041,4,,,0,51,,99052,4,,,0,45,,99053,4,,,0,56,,99054,4,,,0,44,,99055,4,,,0,69,,99056,4,,,0,96,,99042,4,,,0,99,,99043,4,,,0,93,,99059,4,0,47,0,2,,99064,4,0,47,0,2,,99044,4,,,0,28,,99045,4,,,0,69,,99060,4,,,0,95,,99061,4,,,0,111,,99046,4,,,0,26,,99051,4,0,48,0,19,,99047,4,,,0,65,,99057,4,,,0,30,,99058,4,,,0,60,,99048,4,,,0,10,,99062,4,0,48,0,20,,99049,4,,,0,75,,99050,4,,,0,30,,99063,4,,,0
2600,'4_5',652,,99065,4,,,0,51,,99076,4,,,0,45,,99077,4,,,0,56,,99078,4,,,0,44,,99079,4,,,0,69,,99080,4,,,0,96,,99066,4,,,0,99,,99067,4,,,0,93,,99083,4,0,47,0,2,,99088,4,0,47,0,2,,99068,4,,,0,28,,99069,4,,,0,69,,99084,4,,,0,95,,99085,4,,,0,111,,99070,4,,,0,26,,99075,4,0,48,0,19,,99071,4,,,0,65,,99081,4,,,0,30,,99082,4,,,0,60,,99072,4,,,0,10,,99086,4,0,48,0,20,,99073,4,,,0,75,,99074,4,,,0,30,,99087,4,,,0
