1500,'0_4',746,,97759,21,,,0,61,,97760,21,,,0,114,,97761,21,,,0,117,,97762,21,,,0,118,,97763,21,,,0,80,,97764,21,,,0,75,,97765,21,,,0,97,,97766,21,,,0,222,,97767,21,,,0,109,,97768,21,,,0,98,,97769,21,,,0,110,,97770,21,,,0
1500,'0_5',746,,97772,21,,,0,61,,97773,21,,,0,114,,97774,21,,,0,117,,97775,21,,,0,118,,97776,21,,,0,80,,97777,21,,,0,75,,97778,21,,,0,97,,97779,21,,,0,222,,97780,21,,,0,109,,97781,21,,,0,98,,97782,21,,,0,110,,97783,21,,,0
1500,'1_3',746,,97785,21,,,0,61,,97786,21,,,0,114,,97787,21,,,0,117,,97788,21,,,0,118,,97789,21,,,0,80,,97790,21,,,0,75,,97791,21,,,0,97,,97792,21,,,0,222,,97793,21,,,0,109,,97794,21,,,0,98,,97795,21,,,0,110,,97796,21,,,0
1500,'2_6',746,,97798,21,,,0,61,,97799,21,,,0,114,,97800,21,,,0,117,,97801,21,,,0,118,,97802,21,,,0,80,,97803,21,,,0,75,,97804,21,,,0,97,,97805,21,,,0,222,,97806,21,,,0,109,,97807,21,,,0,98,,97808,21,,,0,110,,97809,21,,,0
1500,'4_1',746,,97811,21,,,0,61,,97812,21,,,0,114,,97813,21,,,0,117,,97814,21,,,0,118,,97815,21,,,0,80,,97816,21,,,0,75,,97817,21,,,0,97,,97818,21,,,0,222,,97819,21,,,0,109,,97820,21,,,0,98,,97821,21,,,0,110,,97822,21,,,0
1500,'4_2',746,,97824,21,,,0,61,,97825,21,,,0,114,,97826,21,,,0,117,,97827,21,,,0,118,,97828,21,,,0,80,,97829,21,,,0,75,,97830,21,,,0,97,,97831,21,,,0,222,,97832,21,,,0,109,,97833,21,,,0,98,,97834,21,,,0,110,,97835,21,,,0
1500,'4_4',746,,97837,21,,,0,61,,97838,21,,,0,114,,97839,21,,,0,117,,97840,21,,,0,118,,97841,21,,,0,80,,97842,21,,,0,75,,97843,21,,,0,97,,97844,21,,,0,222,,97845,21,,,0,109,,97846,21,,,0,98,,97847,21,,,0,110,,97848,21,,,0
1500,'4_5',746,,97850,21,,,0,61,,97851,21,,,0,114,,97852,21,,,0,117,,97853,21,,,0,118,,97854,21,,,0,80,,97855,21,,,0,75,,97856,21,,,0,97,,97857,21,,,0,222,,97858,21,,,0,109,,97859,21,,,0,98,,97860,21,,,0,110,,97861,21,,,0
1501,'0_4',656,,97863,11,,,0,58,,97864,11,,,0,95,,97865,11,,,0,21,,97866,11,,,0,117,,97867,11,,,0,156,,97868,11,,,0,118,,97869,11,,,0,94,,97870,11,,,0,118,,97871,11,,,0,222,,97872,11,,,0,150,,97873,11,,,0,95,,97874,11,,,0
1501,'0_5',656,,97876,11,,,0,58,,97877,11,,,0,95,,97878,11,,,0,21,,97879,11,,,0,117,,97880,11,,,0,156,,97881,11,,,0,118,,97882,11,,,0,94,,97883,11,,,0,118,,97884,11,,,0,222,,97885,11,,,0,150,,97886,11,,,0,95,,97887,11,,,0
1501,'1_3',656,,97889,11,,,0,58,,97890,11,,,0,95,,97891,11,,,0,21,,97892,11,,,0,117,,97893,11,,,0,156,,97894,11,,,0,118,,97895,11,,,0,94,,97896,11,,,0,118,,97897,11,,,0,222,,97898,11,,,0,150,,97899,11,,,0,95,,97900,11,,,0
1501,'2_6',656,,97902,11,,,0,58,,97903,11,,,0,95,,97904,11,,,0,21,,97905,11,,,0,117,,97906,11,,,0,156,,97907,11,,,0,118,,97908,11,,,0,94,,97909,11,,,0,118,,97910,11,,,0,222,,97911,11,,,0,150,,97912,11,,,0,95,,97913,11,,,0
1501,'4_1',656,,97915,11,,,0,58,,97916,11,,,0,95,,97917,11,,,0,21,,97918,11,,,0,117,,97919,11,,,0,156,,97920,11,,,0,118,,97921,11,,,0,94,,97922,11,,,0,118,,97923,11,,,0,222,,97924,11,,,0,150,,97925,11,,,0,95,,97926,11,,,0
1501,'4_2',656,,97928,11,,,0,58,,97929,11,,,0,95,,97930,11,,,0,21,,97931,11,,,0,117,,97932,11,,,0,156,,97933,11,,,0,118,,97934,11,,,0,94,,97935,11,,,0,118,,97936,11,,,0,222,,97937,11,,,0,150,,97938,11,,,0,95,,97939,11,,,0
1501,'4_4',656,,97941,11,,,0,58,,97942,11,,,0,95,,97943,11,,,0,21,,97944,11,,,0,117,,97945,11,,,0,156,,97946,11,,,0,118,,97947,11,,,0,94,,97948,11,,,0,118,,97949,11,,,0,222,,97950,11,,,0,150,,97951,11,,,0,95,,97952,11,,,0
1501,'4_5',656,,97954,11,,,0,58,,97955,11,,,0,95,,97956,11,,,0,21,,97957,11,,,0,117,,97958,11,,,0,156,,97959,11,,,0,118,,97960,11,,,0,94,,97961,11,,,0,118,,97962,11,,,0,222,,97963,11,,,0,150,,97964,11,,,0,95,,97965,11,,,0
