901,'0_6',758,,66610,18,,,0,99,,66618,18,0,66,0,97,,66615,3,,,0,168,,66621,18,,,0,95,,66619,18,0,66,0,94,,66616,3,,,0,100,,66617,3,0,25,0,92,,66620,3,0,25,0,42,,66622,18,,,0,91,,66611,18,,,0,96,,66612,18,,,0,126,,66613,18,,,0,95,,66614,18,,,0
901,'3_1',758,,66688,18,,,0,99,,66696,18,0,66,0,97,,66693,3,,,0,168,,66699,18,,,0,95,,66697,18,0,66,0,94,,66694,3,,,0,100,,66695,3,0,25,0,92,,66698,3,0,25,0,42,,66700,18,,,0,91,,66689,18,,,0,96,,66690,18,,,0,126,,66691,18,,,0,95,,66692,18,,,0
901,'3_2',758,,73368,18,,,0,99,,73376,18,0,66,0,97,,73373,3,,,0,168,,73379,18,,,0,95,,73377,18,0,66,0,94,,73374,3,,,0,100,,73375,3,0,25,0,92,,73378,3,0,25,0,42,,73380,18,,,0,91,,73369,18,,,0,96,,73370,18,,,0,126,,73371,18,,,0,95,,73372,18,,,0
901,'3_3',758,,66701,18,,,0,99,,66709,18,0,66,0,97,,66706,3,,,0,168,,66712,18,,,0,95,,66710,18,0,66,0,94,,66707,3,,,0,100,,66708,3,0,25,0,92,,66711,3,0,25,0,42,,66713,18,,,0,91,,66702,18,,,0,96,,66703,18,,,0,126,,66704,18,,,0,95,,66705,18,,,0
901,'3_4',758,,66714,18,,,0,99,,66722,18,0,66,0,97,,66719,3,,,0,168,,66725,18,,,0,95,,66723,18,0,66,0,94,,66720,3,,,0,100,,66721,3,0,25,0,92,,66724,3,0,25,0,42,,66726,18,,,0,91,,66715,18,,,0,96,,66716,18,,,0,126,,66717,18,,,0,95,,66718,18,,,0
901,'3_5',758,,66727,18,,,0,99,,66735,18,0,66,0,97,,66732,3,,,0,168,,66738,18,,,0,95,,66736,18,0,66,0,94,,66733,3,,,0,100,,66734,3,0,25,0,92,,66737,3,0,25,0,42,,66739,18,,,0,91,,66728,18,,,0,96,,66729,18,,,0,126,,66730,18,,,0,95,,66731,18,,,0
901,'5_1',758,,74328,18,,,0,99,,74336,18,0,66,0,97,,74333,3,,,0,168,,74339,18,,,0,95,,74337,18,0,66,0,94,,74334,3,,,0,100,,74335,3,0,25,0,92,,74338,3,0,25,0,42,,74340,18,,,0,91,,74329,18,,,0,96,,74330,18,,,0,126,,74331,18,,,0,95,,74332,18,,,0
901,'5_2',758,,75998,18,,,0,99,,76006,18,0,66,0,97,,76003,3,,,0,168,,76009,18,,,0,95,,76007,18,0,66,0,94,,76004,3,,,0,100,,76005,3,0,25,0,92,,76008,3,0,25,0,42,,76010,18,,,0,91,,75999,18,,,0,96,,76000,18,,,0,126,,76001,18,,,0,95,,76002,18,,,0
901,'5_3',758,,76011,18,,,0,99,,76019,18,0,66,0,97,,76016,3,,,0,168,,76022,18,,,0,95,,76020,18,0,66,0,94,,76017,3,,,0,100,,76018,3,0,25,0,92,,76021,3,0,25,0,42,,76023,18,,,0,91,,76012,18,,,0,96,,76013,18,,,0,126,,76014,18,,,0,95,,76015,18,,,0
901,'5_4',758,,76024,18,,,0,99,,76032,18,0,66,0,97,,76029,3,,,0,168,,76035,18,,,0,95,,76033,18,0,66,0,94,,76030,3,,,0,100,,76031,3,0,25,0,92,,76034,3,0,25,0,42,,76036,18,,,0,91,,76025,18,,,0,96,,76026,18,,,0,126,,76027,18,,,0,95,,76028,18,,,0
1601,'0_6',842,,67449,3,,,0,205,,67451,3,,,0,153,,67454,3,,,0,146,,67452,3,,,0,178,,67455,3,,,0,282,,67453,3,,,0
1601,'3_1',842,,67497,3,,,0,205,,67499,3,,,0,153,,67502,3,,,0,146,,67500,3,,,0,178,,67503,3,,,0,282,,67501,3,,,0
1601,'3_2',842,,73448,3,,,0,205,,73450,3,,,0,153,,73453,3,,,0,146,,73451,3,,,0,178,,73454,3,,,0,282,,73452,3,,,0
1601,'3_3',842,,67505,3,,,0,205,,67507,3,,,0,153,,67510,3,,,0,146,,67508,3,,,0,178,,67511,3,,,0,282,,67509,3,,,0
1601,'3_4',842,,67513,3,,,0,205,,67515,3,,,0,153,,67518,3,,,0,146,,67516,3,,,0,178,,67519,3,,,0,282,,67517,3,,,0
1601,'3_5',842,,67521,3,,,0,205,,67523,3,,,0,153,,67526,3,,,0,146,,67524,3,,,0,178,,67527,3,,,0,282,,67525,3,,,0
1601,'5_1',842,,74408,3,,,0,205,,74410,3,,,0,153,,74413,3,,,0,146,,74411,3,,,0,178,,74414,3,,,0,282,,74412,3,,,0
1601,'5_2',842,,76238,3,,,0,205,,76240,3,,,0,153,,76243,3,,,0,146,,76241,3,,,0,178,,76244,3,,,0,282,,76242,3,,,0
1601,'5_3',842,,76246,3,,,0,205,,76248,3,,,0,153,,76251,3,,,0,146,,76249,3,,,0,178,,76252,3,,,0,282,,76250,3,,,0
1601,'5_4',842,,76254,3,,,0,205,,76256,3,,,0,153,,76259,3,,,0,146,,76257,3,,,0,178,,76260,3,,,0,282,,76258,3,,,0
