101,'0_6',723,,63047,29,0,5,0,115,,63048,29,0,5,0,105,,63049,29,0,5,0,70,,63060,29,0,6,0,30,,63050,29,0,5,0,71,,63061,29,0,6,0,30,,63051,29,0,5,0,70,,63062,29,0,6,0,29,,63052,29,0,5,0,69,,63063,29,0,6,0,31,,63053,29,0,5,0,70,,63064,29,0,6,0,30,,63054,29,0,5,0,70,,63065,29,0,6,0,30,,63055,29,0,5,0,72,,63066,29,0,6,0,31,,63056,29,0,5,0,69,,63067,29,0,6,0,33,,63057,29,0,5,0,70,,63068,29,0,6,0,34,,63058,29,0,5,0,65,,63069,29,0,6,0,26,,63059,29,0,5,0
101,'1_7',928,,63070,29,0,6,0,105,,63075,29,0,5,0,105,,63071,29,0,6,0,105,,63076,29,0,5,0,105,,63072,29,0,6,0,90,,63077,29,0,5,0,100,,63073,29,0,6,0,105,,63078,29,0,5,0,105,,63074,29,0,6,0,105,,63079,29,0,5,0
101,'5_1',723,,73998,35,0,5,0,30,,73999,29,0,5,0,75,,74000,35,0,6,0,30,,74002,29,0,5,0,75,,74001,35,0,6,0,75,,74003,29,0,5,0,32,,74007,29,0,6,0,72,,74004,29,0,5,0,32,,74005,29,0,6,0,70,,74006,29,0,5,0,29,,74008,29,0,6,0,70,,74009,29,0,5,0,30,,74010,29,0,6,0,69,,74012,35,0,5,0,31,,74011,29,0,6,0,71,,74013,35,0,5,0,30,,74015,29,0,6,0,71,,74019,29,0,5,0,32,,74018,29,0,6,0,72,,74016,29,0,5,0,30,,74017,29,0,6,0,70,,74014,35,0,5,0,24,,74020,29,0,6,0,70,,74021,35,0,5,0,25,,74022,29,0,6,0
101,'5_2',723,,75008,35,0,5,0,30,,75009,29,0,5,0,75,,75010,35,0,6,0,30,,75012,29,0,5,0,75,,75011,35,0,6,0,75,,75013,29,0,5,0,32,,75017,29,0,6,0,72,,75014,29,0,5,0,32,,75015,29,0,6,0,70,,75016,29,0,5,0,29,,75018,29,0,6,0,70,,75019,29,0,5,0,30,,75020,29,0,6,0,69,,75022,35,0,5,0,31,,75021,29,0,6,0,71,,75023,35,0,5,0,30,,75025,29,0,6,0,71,,75029,29,0,5,0,32,,75028,29,0,6,0,72,,75026,29,0,5,0,30,,75027,29,0,6,0,70,,75024,35,0,5,0,24,,75030,29,0,6,0,70,,75031,35,0,5,0,25,,75032,29,0,6,0
101,'5_3',723,,75033,35,0,5,0,30,,75034,29,0,5,0,75,,75035,35,0,6,0,30,,75037,29,0,5,0,75,,75036,35,0,6,0,75,,75038,29,0,5,0,32,,75042,29,0,6,0,72,,75039,29,0,5,0,32,,75040,29,0,6,0,70,,75041,29,0,5,0,29,,75043,29,0,6,0,70,,75044,29,0,5,0,30,,75045,29,0,6,0,69,,75047,35,0,5,0,31,,75046,29,0,6,0,71,,75048,35,0,5,0,30,,75050,29,0,6,0,71,,75054,29,0,5,0,32,,75053,29,0,6,0,72,,75051,29,0,5,0,30,,75052,29,0,6,0,70,,75049,35,0,5,0,24,,75055,29,0,6,0,70,,75056,35,0,5,0,25,,75057,29,0,6,0
101,'5_4',723,,75058,35,0,5,0,30,,75059,29,0,5,0,75,,75060,35,0,6,0,30,,75062,29,0,5,0,75,,75061,35,0,6,0,75,,75063,29,0,5,0,32,,75067,29,0,6,0,72,,75064,29,0,5,0,32,,75065,29,0,6,0,70,,75066,29,0,5,0,29,,75068,29,0,6,0,70,,75069,29,0,5,0,30,,75070,29,0,6,0,69,,75072,35,0,5,0,31,,75071,29,0,6,0,71,,75073,35,0,5,0,30,,75075,29,0,6,0,71,,75079,29,0,5,0,32,,75078,29,0,6,0,72,,75076,29,0,5,0,30,,75077,29,0,6,0,70,,75074,35,0,5,0,24,,75080,29,0,6,0,70,,75081,35,0,5,0,25,,75082,29,0,6,0
101,'5_5',723,,77838,35,0,5,0,30,,77839,29,0,5,0,75,,77840,35,0,6,0,30,,77842,29,0,5,0,75,,77841,35,0,6,0,75,,77843,29,0,5,0,32,,77847,29,0,6,0,72,,77844,29,0,5,0,32,,77845,29,0,6,0,70,,77846,29,0,5,0,29,,77848,29,0,6,0,70,,77849,29,0,5,0,30,,77850,29,0,6,0,69,,77852,35,0,5,0,31,,77851,29,0,6,0,71,,77853,35,0,5,0,30,,77855,29,0,6,0,71,,77859,29,0,5,0,32,,77858,29,0,6,0,72,,77856,29,0,5,0,30,,77857,29,0,6,0,70,,77854,35,0,5,0,24,,77860,29,0,6,0,70,,77861,35,0,5,0,25,,77862,29,0,6,0
101,'6_7',928,,78799,29,0,6,0,105,,78804,29,0,5,0,105,,78800,29,0,6,0,105,,78805,29,0,5,0,105,,78801,29,0,6,0,90,,78806,29,0,5,0,100,,78802,29,0,6,0,105,,78807,29,0,5,0,105,,78803,29,0,6,0,105,,78808,29,0,5,0
101,'7_1',723,,80122,35,0,5,0,30,,80123,29,0,5,0,75,,80124,35,0,6,0,30,,80126,29,0,5,0,75,,80125,35,0,6,0,75,,80127,29,0,5,0,32,,80131,29,0,6,0,72,,80128,29,0,5,0,32,,80129,29,0,6,0,70,,80130,29,0,5,0,29,,80132,29,0,6,0,70,,80133,29,0,5,0,30,,80134,29,0,6,0,69,,80136,35,0,5,0,31,,80135,29,0,6,0,71,,80137,35,0,5,0,30,,80139,29,0,6,0,71,,80143,29,0,5,0,32,,80142,29,0,6,0,72,,80140,29,0,5,0,30,,80141,29,0,6,0,70,,80138,35,0,5,0,24,,80144,29,0,6,0,70,,80145,35,0,5,0,25,,80146,29,0,6,0
101,'7_4',723,,79137,35,0,5,0,30,,79138,29,0,5,0,75,,79139,35,0,6,0,30,,79141,29,0,5,0,75,,79140,35,0,6,0,75,,79142,29,0,5,0,32,,79146,29,0,6,0,72,,79143,29,0,5,0,32,,79144,29,0,6,0,70,,79145,29,0,5,0,29,,79147,29,0,6,0,70,,79148,29,0,5,0,30,,79149,29,0,6,0,69,,79151,35,0,5,0,31,,79150,29,0,6,0,71,,79152,35,0,5,0,30,,79154,29,0,6,0,71,,79158,29,0,5,0,32,,79157,29,0,6,0,72,,79155,29,0,5,0,30,,79156,29,0,6,0,70,,79153,35,0,5,0,24,,79159,29,0,6,0,70,,79160,35,0,5,0,25,,79161,29,0,6,0
101,'7_5',723,,80147,35,0,5,0,30,,80148,29,0,5,0,75,,80149,35,0,6,0,30,,80151,29,0,5,0,75,,80150,35,0,6,0,75,,80152,29,0,5,0,32,,80156,29,0,6,0,72,,80153,29,0,5,0,32,,80154,29,0,6,0,70,,80155,29,0,5,0,29,,80157,29,0,6,0,70,,80158,29,0,5,0,30,,80159,29,0,6,0,69,,80161,35,0,5,0,31,,80160,29,0,6,0,71,,80162,35,0,5,0,30,,80164,29,0,6,0,71,,80168,29,0,5,0,32,,80167,29,0,6,0,72,,80165,29,0,5,0,30,,80166,29,0,6,0,70,,80163,35,0,5,0,24,,80169,29,0,6,0,70,,80170,35,0,5,0,25,,80171,29,0,6,0
301,'0_6',646,,64459,4,,,0,72,,64460,4,,,0,32,,64461,4,,,0,72,,64462,4,,,0,32,,64463,4,,,0,72,,64464,4,,,0,32,,64465,4,,,0,72,,64466,4,,,0,73,,64467,4,,,0,32,,64468,4,,,0,73,,64469,4,,,0,32,,64434,4,,,0,67,,64435,4,,,0,27,,64436,4,,,0,66,,64437,4,,,0,28,,64438,4,,,0,27,,64439,4,,,0,69,,64440,4,,,0,28,,64458,4,,,0,68,,64441,4,,,0,32,,64442,4,,,0,72,,64443,4,,,0,29,,64444,4,,,0,68,,64445,4,,,0,26,,64446,4,,,0,67,,64447,4,,,0,27,,64448,4,,,0,67,,64470,4,,,0,26,,64449,4,,,0,18,,64450,4,0,67 68,0,70,,64451,4,0,67 68,0,30,,64452,4,0,67 68,0,70,,64453,4,0,67 68,0,30,,64454,4,0,67 68,0,70,,64455,4,0,67 68,0,30,,64456,4,0,67 68,0,70,,64457,4,0,67 68,0
301,'1_7',750,,64492,4,,,0,72,,64487,4,,,0,32,,64493,4,,,0,72,,64488,4,,,0,32,,64494,4,,,0,72,,64489,4,,,0,73,,64495,4,,,0,32,,64490,4,,,0,73,,64496,4,,,0,32,,64471,4,,,0,67,,64472,4,,,0,27,,64473,4,,,0,66,,64474,4,,,0,28,,64475,4,,,0,27,,64476,4,,,0,69,,64477,4,,,0,28,,64497,4,,,0,68,,64478,4,,,0,32,,64479,4,,,0,72,,64480,4,,,0,29,,64481,4,,,0,68,,64482,4,,,0,26,,64483,4,,,0,67,,64484,4,,,0,27,,64485,4,,,0,67,,64491,4,,,0,26,,64486,4,,,0
301,'5_1',646,,74141,4,,,0,72,,74142,4,,,0,32,,74143,4,,,0,72,,74144,4,,,0,32,,74145,4,,,0,72,,74146,4,,,0,32,,74147,4,,,0,72,,74148,4,,,0,73,,74149,4,,,0,32,,74150,4,,,0,73,,74151,4,,,0,32,,74124,4,,,0,67,,74125,4,,,0,27,,74126,4,,,0,66,,74127,4,,,0,28,,74128,4,,,0,27,,74129,4,,,0,69,,74130,4,,,0,28,,74140,4,,,0,68,,74131,4,,,0,32,,74132,4,,,0,72,,74133,4,,,0,29,,74134,4,,,0,68,,74135,4,,,0,26,,74136,4,,,0,67,,74137,4,,,0,27,,74138,4,,,0,67,,74152,4,,,0,26,,74139,4,,,0
301,'5_2',646,,75403,4,,,0,72,,75404,4,,,0,32,,75405,4,,,0,72,,75406,4,,,0,32,,75407,4,,,0,72,,75408,4,,,0,32,,75409,4,,,0,72,,75410,4,,,0,73,,75411,4,,,0,32,,75412,4,,,0,73,,75413,4,,,0,32,,75386,4,,,0,67,,75387,4,,,0,27,,75388,4,,,0,66,,75389,4,,,0,28,,75390,4,,,0,27,,75391,4,,,0,69,,75392,4,,,0,28,,75402,4,,,0,68,,75393,4,,,0,32,,75394,4,,,0,72,,75395,4,,,0,29,,75396,4,,,0,68,,75397,4,,,0,26,,75398,4,,,0,67,,75399,4,,,0,27,,75400,4,,,0,67,,75414,4,,,0,26,,75401,4,,,0
301,'5_3',646,,75432,4,,,0,72,,75433,4,,,0,32,,75434,4,,,0,72,,75435,4,,,0,32,,75436,4,,,0,72,,75437,4,,,0,32,,75438,4,,,0,72,,75439,4,,,0,73,,75440,4,,,0,32,,75441,4,,,0,73,,75442,4,,,0,32,,75415,4,,,0,67,,75416,4,,,0,27,,75417,4,,,0,66,,75418,4,,,0,28,,75419,4,,,0,27,,75420,4,,,0,69,,75421,4,,,0,28,,75431,4,,,0,68,,75422,4,,,0,32,,75423,4,,,0,72,,75424,4,,,0,29,,75425,4,,,0,68,,75426,4,,,0,26,,75427,4,,,0,67,,75428,4,,,0,27,,75429,4,,,0,67,,75443,4,,,0,26,,75430,4,,,0
301,'5_4',646,,75461,4,,,0,72,,75462,4,,,0,32,,75463,4,,,0,72,,75464,4,,,0,32,,75465,4,,,0,72,,75466,4,,,0,32,,75467,4,,,0,72,,75468,4,,,0,73,,75469,4,,,0,32,,75470,4,,,0,73,,75471,4,,,0,32,,75444,4,,,0,67,,75445,4,,,0,27,,75446,4,,,0,66,,75447,4,,,0,28,,75448,4,,,0,27,,75449,4,,,0,69,,75450,4,,,0,28,,75460,4,,,0,68,,75451,4,,,0,32,,75452,4,,,0,72,,75453,4,,,0,29,,75454,4,,,0,68,,75455,4,,,0,26,,75456,4,,,0,67,,75457,4,,,0,27,,75458,4,,,0,67,,75472,4,,,0,26,,75459,4,,,0
301,'5_5',646,,77996,4,,,0,72,,77997,4,,,0,32,,77998,4,,,0,72,,77999,4,,,0,32,,78000,4,,,0,72,,78001,4,,,0,32,,78002,4,,,0,72,,78003,4,,,0,73,,78004,4,,,0,32,,78005,4,,,0,73,,78006,4,,,0,32,,77971,4,,,0,67,,77972,4,,,0,27,,77973,4,,,0,66,,77974,4,,,0,28,,77975,4,,,0,27,,77976,4,,,0,69,,77977,4,,,0,28,,77995,4,,,0,68,,77978,4,,,0,32,,77979,4,,,0,72,,77980,4,,,0,29,,77981,4,,,0,68,,77982,4,,,0,26,,77983,4,,,0,67,,77984,4,,,0,27,,77985,4,,,0,67,,78007,4,,,0,26,,77986,4,,,0,18,,77987,4,0,67 68,0,70,,77988,4,0,67 68,0,30,,77989,4,0,67 68,0,70,,77990,4,0,67 68,0,30,,77991,4,0,67 68,0,70,,77992,4,0,67 68,0,30,,77993,4,0,67 68,0,70,,77994,4,0,67 68,0
301,'6_7',646,,78887,4,,,0,72,,78888,4,,,0,32,,78889,4,,,0,72,,78890,4,,,0,32,,78891,4,,,0,72,,78892,4,,,0,32,,78893,4,,,0,72,,78894,4,,,0,73,,78895,4,,,0,32,,78896,4,,,0,73,,78897,4,,,0,32,,78862,4,,,0,67,,78863,4,,,0,27,,78864,4,,,0,66,,78865,4,,,0,28,,78866,4,,,0,27,,78867,4,,,0,69,,78868,4,,,0,28,,78886,4,,,0,68,,78869,4,,,0,32,,78870,4,,,0,72,,78871,4,,,0,29,,78872,4,,,0,68,,78873,4,,,0,26,,78874,4,,,0,67,,78875,4,,,0,27,,78876,4,,,0,67,,78898,4,,,0,26,,78877,4,,,0,18,,78878,4,0,67 68,0,70,,78879,4,0,67 68,0,30,,78880,4,0,67 68,0,70,,78881,4,0,67 68,0,30,,78882,4,0,67 68,0,70,,78883,4,0,67 68,0,30,,78884,4,0,67 68,0,70,,78885,4,0,67 68,0
301,'7_1',646,,80398,4,,,0,72,,80399,4,,,0,32,,80400,4,,,0,72,,80401,4,,,0,32,,80402,4,,,0,72,,80403,4,,,0,32,,80404,4,,,0,72,,80405,4,,,0,73,,80406,4,,,0,32,,80407,4,,,0,73,,80408,4,,,0,32,,80381,4,,,0,67,,80382,4,,,0,27,,80383,4,,,0,66,,80384,4,,,0,28,,80385,4,,,0,27,,80386,4,,,0,69,,80387,4,,,0,28,,80397,4,,,0,68,,80388,4,,,0,32,,80389,4,,,0,72,,80390,4,,,0,29,,80391,4,,,0,68,,80392,4,,,0,26,,80393,4,,,0,67,,80394,4,,,0,27,,80395,4,,,0,67,,80409,4,,,0,26,,80396,4,,,0
301,'7_4',646,,79280,4,,,0,72,,79281,4,,,0,32,,79282,4,,,0,72,,79283,4,,,0,32,,79284,4,,,0,72,,79285,4,,,0,32,,79286,4,,,0,72,,79287,4,,,0,73,,79288,4,,,0,32,,79289,4,,,0,73,,79290,4,,,0,32,,79263,4,,,0,67,,79264,4,,,0,27,,79265,4,,,0,66,,79266,4,,,0,28,,79267,4,,,0,27,,79268,4,,,0,69,,79269,4,,,0,28,,79279,4,,,0,68,,79270,4,,,0,32,,79271,4,,,0,72,,79272,4,,,0,29,,79273,4,,,0,68,,79274,4,,,0,26,,79275,4,,,0,67,,79276,4,,,0,27,,79277,4,,,0,67,,79291,4,,,0,26,,79278,4,,,0
301,'7_5',646,,80435,4,,,0,72,,80436,4,,,0,32,,80437,4,,,0,72,,80438,4,,,0,32,,80439,4,,,0,72,,80440,4,,,0,32,,80441,4,,,0,72,,80442,4,,,0,73,,80443,4,,,0,32,,80444,4,,,0,73,,80445,4,,,0,32,,80410,4,,,0,67,,80411,4,,,0,27,,80412,4,,,0,66,,80413,4,,,0,28,,80414,4,,,0,27,,80415,4,,,0,69,,80416,4,,,0,28,,80434,4,,,0,68,,80417,4,,,0,32,,80418,4,,,0,72,,80419,4,,,0,29,,80420,4,,,0,68,,80421,4,,,0,26,,80422,4,,,0,67,,80423,4,,,0,27,,80424,4,,,0,67,,80446,4,,,0,26,,80425,4,,,0,18,,80426,4,0,67 68,0,70,,80427,4,0,67 68,0,30,,80428,4,0,67 68,0,70,,80429,4,0,67 68,0,30,,80430,4,0,67 68,0,70,,80431,4,0,67 68,0,30,,80432,4,0,67 68,0,70,,80433,4,0,67 68,0
401,'0_6',723,,65084,35,,,0,125,,65083,35,0,41,0,70,,65081,35,,,0,23,,65070,35,0,41,0,72,,65082,35,0,41,0,31,,65071,35,0,41,0,75,,65077,35,,,0,26,,65072,35,0,41,0,73,,65073,35,0,41,0,32,,65089,35,0,41,0,71,,65091,35,,,0,32,,65078,35,0,41,0,70,,65069,35,0,41,0,28,,65074,35,0,41,0,68,,65079,35,,,0,27,,65075,35,0,41,0,70,,65092,35,0,41,0,31,,65088,35,0,41,0,66,,65085,35,,,0,25,,65086,35,0,41,0,66,,65090,35,,,0,34,,65087,35,0,41,0,75,,65076,35,0,41,0,35,,65080,35,,,0
401,'1_7',956,,65093,35,,,0,165,,65094,35,,,0,125,,65095,35,,,0,201,,65096,35,,,0,165,,65097,35,,,0,125,,65098,35,,,0,165,,65099,35,,,0
401,'5_1',723,,74188,43,,,0,16,,74189,37,0,41,0,79,,74200,37,0,41,0,35,,74179,38,0,41,0,65,,74201,35,,,0,26,,74180,35,0,41,0,69,,74202,35,0,41,0,31,,74181,35,0,41,0,75,,74196,35,,,0,30,,74182,35,0,41,0,70,,74183,35,0,41,0,32,,74195,37,0,41,0,75,,74193,38,,,0,30,,74197,35,0,41,0,67,,74178,35,0,41,0,28,,74184,35,0,41,0,68,,74198,35,,,0,25,,74185,35,0,41,0,72,,74186,35,,,0,25,,74194,38,0,41,0,68,,74190,37,,,0,29,,74191,40,0,41,0,77,,74203,38,,,0,23,,74192,37,0,41,0,70,,74187,35,0,41,0,38,,74199,35,,,0
401,'5_2',723,,75558,43,,,0,16,,75559,37,0,41,0,79,,75570,37,0,41,0,35,,75549,38,0,41,0,65,,75571,35,,,0,26,,75550,35,0,41,0,69,,75572,35,0,41,0,31,,75551,35,0,41,0,75,,75566,35,,,0,30,,75552,35,0,41,0,70,,75553,35,0,41,0,32,,75565,37,0,41,0,75,,75563,38,,,0,30,,75567,35,0,41,0,67,,75548,35,0,41,0,28,,75554,35,0,41,0,68,,75568,35,,,0,25,,75555,35,0,41,0,72,,75556,35,,,0,25,,75564,38,0,41,0,68,,75560,37,,,0,29,,75561,40,0,41,0,77,,75573,38,,,0,23,,75562,37,0,41,0,70,,75557,35,0,41,0,38,,75569,35,,,0
401,'5_3',723,,75584,43,,,0,16,,75585,37,0,41,0,79,,75596,37,0,41,0,35,,75575,38,0,41,0,65,,75597,35,,,0,26,,75576,35,0,41,0,69,,75598,35,0,41,0,31,,75577,35,0,41,0,75,,75592,35,,,0,30,,75578,35,0,41,0,70,,75579,35,0,41,0,32,,75591,37,0,41,0,75,,75589,38,,,0,30,,75593,35,0,41,0,67,,75574,35,0,41,0,28,,75580,35,0,41,0,68,,75594,35,,,0,25,,75581,35,0,41,0,72,,75582,35,,,0,25,,75590,38,0,41,0,68,,75586,37,,,0,29,,75587,40,0,41,0,77,,75599,38,,,0,23,,75588,37,0,41,0,70,,75583,35,0,41,0,38,,75595,35,,,0
401,'5_4',723,,75610,43,,,0,16,,75611,37,0,41,0,79,,75622,37,0,41,0,35,,75601,38,0,41,0,65,,75623,35,,,0,26,,75602,35,0,41,0,69,,75624,35,0,41,0,31,,75603,35,0,41,0,75,,75618,35,,,0,30,,75604,35,0,41,0,70,,75605,35,0,41,0,32,,75617,37,0,41,0,75,,75615,38,,,0,30,,75619,35,0,41,0,67,,75600,35,0,41,0,28,,75606,35,0,41,0,68,,75620,35,,,0,25,,75607,35,0,41,0,72,,75608,35,,,0,25,,75616,38,0,41,0,68,,75612,37,,,0,29,,75613,40,0,41,0,77,,75625,38,,,0,23,,75614,37,0,41,0,70,,75609,35,0,41,0,38,,75621,35,,,0
401,'5_5',723,,78043,43,,,0,16,,78044,37,0,41,0,79,,78055,37,0,41,0,35,,78034,38,0,41,0,65,,78056,35,,,0,26,,78035,35,0,41,0,69,,78057,35,0,41,0,31,,78036,35,0,41,0,75,,78051,35,,,0,30,,78037,35,0,41,0,70,,78038,35,0,41,0,32,,78050,37,0,41,0,75,,78048,38,,,0,30,,78052,35,0,41,0,67,,78033,35,0,41,0,28,,78039,35,0,41,0,68,,78053,35,,,0,25,,78040,35,0,41,0,72,,78041,35,,,0,25,,78049,38,0,41,0,68,,78045,37,,,0,29,,78046,40,0,41,0,77,,78058,38,,,0,23,,78047,37,0,41,0,70,,78042,35,0,41,0,38,,78054,35,,,0
401,'6_7',956,,78907,35,,,0,165,,78908,35,,,0,125,,78909,35,,,0,201,,78910,35,,,0,165,,78911,35,,,0,125,,78912,35,,,0,165,,78913,35,,,0
401,'7_1',723,,80507,43,,,0,16,,80508,37,0,41,0,79,,80519,37,0,41,0,35,,80498,38,0,41,0,65,,80520,35,,,0,26,,80499,35,0,41,0,69,,80521,35,0,41,0,31,,80500,35,0,41,0,75,,80515,35,,,0,30,,80501,35,0,41,0,70,,80502,35,0,41,0,32,,80514,37,0,41,0,75,,80512,38,,,0,30,,80516,35,0,41,0,67,,80497,35,0,41,0,28,,80503,35,0,41,0,68,,80517,35,,,0,25,,80504,35,0,41,0,72,,80505,35,,,0,25,,80513,38,0,41,0,68,,80509,37,,,0,29,,80510,40,0,41,0,77,,80522,38,,,0,23,,80511,37,0,41,0,70,,80506,35,0,41,0,38,,80518,35,,,0
401,'7_4',723,,79327,43,,,0,16,,79328,37,0,41,0,79,,79339,37,0,41,0,35,,79318,38,0,41,0,65,,79340,35,,,0,26,,79319,35,0,41,0,69,,79341,35,0,41,0,31,,79320,35,0,41,0,75,,79335,35,,,0,30,,79321,35,0,41,0,70,,79322,35,0,41,0,32,,79334,37,0,41,0,75,,79332,38,,,0,30,,79336,35,0,41,0,67,,79317,35,0,41,0,28,,79323,35,0,41,0,68,,79337,35,,,0,25,,79324,35,0,41,0,72,,79325,35,,,0,25,,79333,38,0,41,0,68,,79329,37,,,0,29,,79330,40,0,41,0,77,,79342,38,,,0,23,,79331,37,0,41,0,70,,79326,35,0,41,0,38,,79338,35,,,0
401,'7_5',723,,80533,43,,,0,16,,80534,37,0,41,0,79,,80545,37,0,41,0,35,,80524,38,0,41,0,65,,80546,35,,,0,26,,80525,35,0,41,0,69,,80547,35,0,41,0,31,,80526,35,0,41,0,75,,80541,35,,,0,30,,80527,35,0,41,0,70,,80528,35,0,41,0,32,,80540,37,0,41,0,75,,80538,38,,,0,30,,80542,35,0,41,0,67,,80523,35,0,41,0,28,,80529,35,0,41,0,68,,80543,35,,,0,25,,80530,35,0,41,0,72,,80531,35,,,0,25,,80539,38,0,41,0,68,,80535,37,,,0,29,,80536,40,0,41,0,77,,80548,38,,,0,23,,80537,37,0,41,0,70,,80532,35,0,41,0,38,,80544,35,,,0
701,'0_6',723,,66147,19,,,0,110,,66148,19,,,0,110,,66149,19,,,0,110,,66150,19,,,0,150,,66151,19,,,0,110,,66152,19,,,0,110,,66153,19,,,0,110,,66154,19,,,0,110,,66155,19,,,0,110,,66145,19,,,0,150,,66146,19,,,0
701,'5_1',725,,74279,19,,,0,109,,74280,19,,,0,110,,74281,19,,,0,110,,74282,19,,,0,150,,74283,19,,,0,110,,74284,19,,,0,110,,74285,19,,,0,110,,74286,19,,,0,110,,74287,19,,,0,110,,74288,19,,,0,150,,74289,19,,,0
701,'5_2',725,,75851,19,,,0,109,,75852,19,,,0,110,,75853,19,,,0,110,,75854,19,,,0,150,,75855,19,,,0,110,,75856,19,,,0,110,,75857,19,,,0,110,,75858,19,,,0,110,,75859,19,,,0,110,,75860,19,,,0,150,,75861,19,,,0
701,'5_3',725,,75862,19,,,0,109,,75863,19,,,0,110,,75864,19,,,0,110,,75865,19,,,0,150,,75866,19,,,0,110,,75867,19,,,0,110,,75868,19,,,0,110,,75869,19,,,0,110,,75870,19,,,0,110,,75871,19,,,0,150,,75872,19,,,0
701,'5_4',725,,75873,19,,,0,109,,75874,19,,,0,110,,75875,19,,,0,110,,75876,19,,,0,150,,75877,19,,,0,110,,75878,19,,,0,110,,75879,19,,,0,110,,75880,19,,,0,110,,75881,19,,,0,110,,75882,19,,,0,150,,75883,19,,,0
701,'5_5',725,,78134,19,,,0,109,,78135,19,,,0,110,,78136,19,,,0,110,,78137,19,,,0,150,,78138,19,,,0,110,,78139,19,,,0,110,,78140,19,,,0,110,,78141,19,,,0,110,,78142,19,,,0,110,,78143,19,,,0,150,,78144,19,,,0
701,'7_1',725,,80699,19,,,0,109,,80700,19,,,0,110,,80701,19,,,0,110,,80702,19,,,0,150,,80703,19,,,0,110,,80704,19,,,0,110,,80705,19,,,0,110,,80706,19,,,0,110,,80707,19,,,0,110,,80708,19,,,0,150,,80709,19,,,0
701,'7_4',725,,79418,19,,,0,109,,79419,19,,,0,110,,79420,19,,,0,110,,79421,19,,,0,150,,79422,19,,,0,110,,79423,19,,,0,110,,79424,19,,,0,110,,79425,19,,,0,110,,79426,19,,,0,110,,79427,19,,,0,150,,79428,19,,,0
701,'7_5',725,,80710,19,,,0,109,,80711,19,,,0,110,,80712,19,,,0,110,,80713,19,,,0,150,,80714,19,,,0,110,,80715,19,,,0,110,,80716,19,,,0,110,,80717,19,,,0,110,,80718,19,,,0,110,,80719,19,,,0,150,,80720,19,,,0
2000001,'0_6',650,,70573,13,,,0,81,,70574,13,,,0,79,,70575,13,,,0,31,,70613,13,,,0,61,,70577,13,,,0,20,,70576,13,,,0,20,,70578,13,,,0,60,,70579,13,,,0,19,,70581,13,,,0,19,,70580,13,,,0,60,,70586,13,,,0,20,,70584,13,,,0,17,,70588,13,,,0,19,,70582,13,,,0,59,,70587,13,,,0,20,,70583,13,,,0,17,,70585,13,,,0,58,,70594,13,,,0,18,,70591,13,,,0,20,,70592,13,,,0,61,,70593,13,,,0,18,,70590,13,,,0,17,,70589,13,,,0,59,,70595,13,,,0,21,,70596,13,,,0,20,,70598,13,,,0,59,,70597,13,,,0,20,,70599,13,,,0,20,,70600,13,,,0,61,,70601,13,,,0,20,,70603,13,,,0,19,,70602,13,,,0,59,,70604,13,,,0,19,,70605,13,,,0,18,,70606,13,,,0,19,,70607,13,,,0,57,,70608,13,,,0,18,,70609,13,,,0,23,,70610,13,,,0,64,,70611,13,,,0,23,,70612,13,,,0
2000001,'1_7',822,,70631,13,,,0,80,,70614,13,,,0,40,,70615,13,,,0,80,,70616,13,,,0,80,,70617,13,,,0,40,,70618,13,,,0,80,,70619,13,,,0,80,,70620,13,,,0,40,,70622,13,,,0,80,,70621,13,,,0,80,,70623,13,,,0,40,,70624,13,,,0,80,,70625,13,,,0,80,,70626,13,,,0,40,,70628,13,,,0,80,,70627,13,,,0,80,,70629,13,,,0,40,,70630,13,,,0
2000001,'5_1',652,,74701,13,,,0,68,,74702,13,,,0,19,,74742,13,,,0,20,,74703,13,,,0,60,,74743,13,,,0,21,,74705,13,,,0,62,,74704,13,,,0,21,,74706,13,,,0,21,,74707,13,,,0,60,,74709,13,,,0,19,,74708,13,,,0,19,,74714,13,,,0,58,,74712,13,,,0,19,,74716,13,,,0,18,,74710,13,,,0,19,,74715,13,,,0,59,,74711,13,,,0,19,,74713,13,,,0,18,,74722,13,,,0,58,,74719,13,,,0,19,,74720,13,,,0,20,,74721,13,,,0,60,,74718,13,,,0,18,,74717,13,,,0,18,,74723,13,,,0,59,,74724,13,,,0,21,,74726,13,,,0,20,,74725,13,,,0,59,,74727,13,,,0,20,,74728,13,,,0,19,,74729,13,,,0,61,,74731,13,,,0,20,,74730,13,,,0,20,,74732,13,,,0,61,,74733,13,,,0,19,,74734,13,,,0,20,,74735,13,,,0,60,,74736,13,,,0,19,,74737,13,,,0,20,,74738,13,,,0,59,,74739,13,,,0,19,,74740,13,,,0,22,,74741,13,,,0
2000001,'5_2',652,,77117,13,,,0,68,,77118,13,,,0,19,,77158,13,,,0,20,,77119,13,,,0,60,,77159,13,,,0,21,,77121,13,,,0,62,,77120,13,,,0,21,,77122,13,,,0,21,,77123,13,,,0,60,,77125,13,,,0,19,,77124,13,,,0,19,,77130,13,,,0,58,,77128,13,,,0,19,,77132,13,,,0,18,,77126,13,,,0,19,,77131,13,,,0,59,,77127,13,,,0,19,,77129,13,,,0,18,,77138,13,,,0,58,,77135,13,,,0,19,,77136,13,,,0,20,,77137,13,,,0,60,,77134,13,,,0,18,,77133,13,,,0,18,,77139,13,,,0,59,,77140,13,,,0,21,,77142,13,,,0,20,,77141,13,,,0,59,,77143,13,,,0,20,,77144,13,,,0,19,,77145,13,,,0,61,,77147,13,,,0,20,,77146,13,,,0,20,,77148,13,,,0,61,,77149,13,,,0,19,,77150,13,,,0,20,,77151,13,,,0,60,,77152,13,,,0,19,,77153,13,,,0,20,,77154,13,,,0,59,,77155,13,,,0,19,,77156,13,,,0,22,,77157,13,,,0
2000001,'5_3',652,,77160,13,,,0,68,,77161,13,,,0,19,,77201,13,,,0,20,,77162,13,,,0,60,,77202,13,,,0,21,,77164,13,,,0,62,,77163,13,,,0,21,,77165,13,,,0,21,,77166,13,,,0,60,,77168,13,,,0,19,,77167,13,,,0,19,,77173,13,,,0,58,,77171,13,,,0,19,,77175,13,,,0,18,,77169,13,,,0,19,,77174,13,,,0,59,,77170,13,,,0,19,,77172,13,,,0,18,,77181,13,,,0,58,,77178,13,,,0,19,,77179,13,,,0,20,,77180,13,,,0,60,,77177,13,,,0,18,,77176,13,,,0,18,,77182,13,,,0,59,,77183,13,,,0,21,,77185,13,,,0,20,,77184,13,,,0,59,,77186,13,,,0,20,,77187,13,,,0,19,,77188,13,,,0,61,,77190,13,,,0,20,,77189,13,,,0,20,,77191,13,,,0,61,,77192,13,,,0,19,,77193,13,,,0,20,,77194,13,,,0,60,,77195,13,,,0,19,,77196,13,,,0,20,,77197,13,,,0,59,,77198,13,,,0,19,,77199,13,,,0,22,,77200,13,,,0
2000001,'5_4',652,,77203,13,,,0,68,,77204,13,,,0,19,,77244,13,,,0,20,,77205,13,,,0,60,,77245,13,,,0,21,,77207,13,,,0,62,,77206,13,,,0,21,,77208,13,,,0,21,,77209,13,,,0,60,,77211,13,,,0,19,,77210,13,,,0,19,,77216,13,,,0,58,,77214,13,,,0,19,,77218,13,,,0,18,,77212,13,,,0,19,,77217,13,,,0,59,,77213,13,,,0,19,,77215,13,,,0,18,,77224,13,,,0,58,,77221,13,,,0,19,,77222,13,,,0,20,,77223,13,,,0,60,,77220,13,,,0,18,,77219,13,,,0,18,,77225,13,,,0,59,,77226,13,,,0,21,,77228,13,,,0,20,,77227,13,,,0,59,,77229,13,,,0,20,,77230,13,,,0,19,,77231,13,,,0,61,,77233,13,,,0,20,,77232,13,,,0,20,,77234,13,,,0,61,,77235,13,,,0,19,,77236,13,,,0,20,,77237,13,,,0,60,,77238,13,,,0,19,,77239,13,,,0,20,,77240,13,,,0,59,,77241,13,,,0,19,,77242,13,,,0,22,,77243,13,,,0
2000001,'5_5',652,,78557,13,,,0,68,,78558,13,,,0,19,,78598,13,,,0,20,,78559,13,,,0,60,,78599,13,,,0,21,,78561,13,,,0,62,,78560,13,,,0,21,,78562,13,,,0,21,,78563,13,,,0,60,,78565,13,,,0,19,,78564,13,,,0,19,,78570,13,,,0,58,,78568,13,,,0,19,,78572,13,,,0,18,,78566,13,,,0,19,,78571,13,,,0,59,,78567,13,,,0,19,,78569,13,,,0,18,,78578,13,,,0,58,,78575,13,,,0,19,,78576,13,,,0,20,,78577,13,,,0,60,,78574,13,,,0,18,,78573,13,,,0,18,,78579,13,,,0,59,,78580,13,,,0,21,,78582,13,,,0,20,,78581,13,,,0,59,,78583,13,,,0,20,,78584,13,,,0,19,,78585,13,,,0,61,,78587,13,,,0,20,,78586,13,,,0,20,,78588,13,,,0,61,,78589,13,,,0,19,,78590,13,,,0,20,,78591,13,,,0,60,,78592,13,,,0,19,,78593,13,,,0,20,,78594,13,,,0,59,,78595,13,,,0,19,,78596,13,,,0,22,,78597,13,,,0
2000001,'6_7',822,,79053,13,,,0,80,,79036,13,,,0,40,,79037,13,,,0,80,,79038,13,,,0,80,,79039,13,,,0,40,,79040,13,,,0,80,,79041,13,,,0,80,,79042,13,,,0,40,,79044,13,,,0,80,,79043,13,,,0,80,,79045,13,,,0,40,,79046,13,,,0,80,,79047,13,,,0,80,,79048,13,,,0,40,,79050,13,,,0,80,,79049,13,,,0,80,,79051,13,,,0,40,,79052,13,,,0
2000001,'7_1',652,,81544,13,,,0,68,,81545,13,,,0,19,,81585,13,,,0,20,,81546,13,,,0,60,,81586,13,,,0,21,,81548,13,,,0,62,,81547,13,,,0,21,,81549,13,,,0,21,,81550,13,,,0,60,,81552,13,,,0,19,,81551,13,,,0,19,,81557,13,,,0,58,,81555,13,,,0,19,,81559,13,,,0,18,,81553,13,,,0,19,,81558,13,,,0,59,,81554,13,,,0,19,,81556,13,,,0,18,,81565,13,,,0,58,,81562,13,,,0,19,,81563,13,,,0,20,,81564,13,,,0,60,,81561,13,,,0,18,,81560,13,,,0,18,,81566,13,,,0,59,,81567,13,,,0,21,,81569,13,,,0,20,,81568,13,,,0,59,,81570,13,,,0,20,,81571,13,,,0,19,,81572,13,,,0,61,,81574,13,,,0,20,,81573,13,,,0,20,,81575,13,,,0,61,,81576,13,,,0,19,,81577,13,,,0,20,,81578,13,,,0,60,,81579,13,,,0,19,,81580,13,,,0,20,,81581,13,,,0,59,,81582,13,,,0,19,,81583,13,,,0,22,,81584,13,,,0
2000001,'7_4',652,,79840,13,,,0,68,,79841,13,,,0,19,,79881,13,,,0,20,,79842,13,,,0,60,,79882,13,,,0,21,,79844,13,,,0,62,,79843,13,,,0,21,,79845,13,,,0,21,,79846,13,,,0,60,,79848,13,,,0,19,,79847,13,,,0,19,,79853,13,,,0,58,,79851,13,,,0,19,,79855,13,,,0,18,,79849,13,,,0,19,,79854,13,,,0,59,,79850,13,,,0,19,,79852,13,,,0,18,,79861,13,,,0,58,,79858,13,,,0,19,,79859,13,,,0,20,,79860,13,,,0,60,,79857,13,,,0,18,,79856,13,,,0,18,,79862,13,,,0,59,,79863,13,,,0,21,,79865,13,,,0,20,,79864,13,,,0,59,,79866,13,,,0,20,,79867,13,,,0,19,,79868,13,,,0,61,,79870,13,,,0,20,,79869,13,,,0,20,,79871,13,,,0,61,,79872,13,,,0,19,,79873,13,,,0,20,,79874,13,,,0,60,,79875,13,,,0,19,,79876,13,,,0,20,,79877,13,,,0,59,,79878,13,,,0,19,,79879,13,,,0,22,,79880,13,,,0
2000001,'7_5',652,,81587,13,,,0,68,,81588,13,,,0,19,,81628,13,,,0,20,,81589,13,,,0,60,,81629,13,,,0,21,,81591,13,,,0,62,,81590,13,,,0,21,,81592,13,,,0,21,,81593,13,,,0,60,,81595,13,,,0,19,,81594,13,,,0,19,,81600,13,,,0,58,,81598,13,,,0,19,,81602,13,,,0,18,,81596,13,,,0,19,,81601,13,,,0,59,,81597,13,,,0,19,,81599,13,,,0,18,,81608,13,,,0,58,,81605,13,,,0,19,,81606,13,,,0,20,,81607,13,,,0,60,,81604,13,,,0,18,,81603,13,,,0,18,,81609,13,,,0,59,,81610,13,,,0,21,,81612,13,,,0,20,,81611,13,,,0,59,,81613,13,,,0,20,,81614,13,,,0,19,,81615,13,,,0,61,,81617,13,,,0,20,,81616,13,,,0,20,,81618,13,,,0,61,,81619,13,,,0,19,,81620,13,,,0,20,,81621,13,,,0,60,,81622,13,,,0,19,,81623,13,,,0,20,,81624,13,,,0,59,,81625,13,,,0,19,,81626,13,,,0,22,,81627,13,,,0
