500,'1_3',706,,96403,14,,,0,118,,96391,14,,,0,105,,96392,14,,,0,99,,96393,14,,,0,105,,96394,14,,,0,101,,96395,14,,,0,84,,96396,14,,,0,94,,96397,14,,,0,100,,96398,14,,,0,102,,96399,14,,,0,106,,96400,14,,,0,103,,96405,14,,,0,100,,96401,14,,,0
500,'2_6',724,,96417,14,,,0,98,,96406,14,,,0,99,,96407,14,,,0,100,,96408,14,,,0,100,,96409,14,,,0,96,,96410,14,,,0,98,,96411,14,,,0,101,,96412,14,,,0,99,,96413,14,,,0,100,,96414,14,,,0,100,,96415,14,,,0,193,,96416,14,,,0
500,'4_1',706,,96430,14,,,0,118,,96418,14,,,0,105,,96419,14,,,0,99,,96420,14,,,0,105,,96421,14,,,0,101,,96422,14,,,0,84,,96423,14,,,0,94,,96424,14,,,0,100,,96425,14,,,0,102,,96426,14,,,0,106,,96427,14,,,0,103,,96432,14,,,0,100,,96428,14,,,0
500,'4_2',706,,96445,14,,,0,118,,96433,14,,,0,105,,96434,14,,,0,99,,96435,14,,,0,105,,96436,14,,,0,101,,96437,14,,,0,84,,96438,14,,,0,94,,96439,14,,,0,100,,96440,14,,,0,102,,96441,14,,,0,106,,96442,14,,,0,103,,96447,14,,,0,100,,96443,14,,,0
500,'4_4',706,,96460,14,,,0,118,,96448,14,,,0,105,,96449,14,,,0,99,,96450,14,,,0,105,,96451,14,,,0,101,,96452,14,,,0,84,,96453,14,,,0,94,,96454,14,,,0,100,,96455,14,,,0,102,,96456,14,,,0,106,,96457,14,,,0,103,,96462,14,,,0,100,,96458,14,,,0
500,'4_5',706,,96475,14,,,0,118,,96463,14,,,0,105,,96464,14,,,0,99,,96465,14,,,0,105,,96466,14,,,0,101,,96467,14,,,0,84,,96468,14,,,0,94,,96469,14,,,0,100,,96470,14,,,0,102,,96471,14,,,0,106,,96472,14,,,0,103,,96477,14,,,0,100,,96473,14,,,0
2900500,'1_3',659,,102515,14,,,0,145,,102516,14,,,0
2900500,'4_1',659,,102517,14,,,0,145,,102518,14,,,0
2900500,'4_2',659,,102519,14,,,0,145,,102520,14,,,0
2900500,'4_4',659,,102521,14,,,0,145,,102522,14,,,0
2900500,'4_5',659,,102523,14,,,0,145,,102524,14,,,0
