1501,'S2-0_2',659,,87898,13,,,0,58,,87899,13,,,0,95,,87900,13,,,0,21,,87901,13,,,0,117,,87902,13,,,0,156,,87903,13,,,0,118,,87904,13,,,0,94,,87905,13,,,0,118,,87906,13,,,0,99,,87897,1,,,0,123,,87907,13,,,0,150,,87908,13,,,0,95,,87909,13,,,0
1501,'S2-0_4',659,,87911,13,,,0,58,,87912,13,,,0,95,,87913,13,,,0,21,,87914,13,,,0,117,,87915,13,,,0,156,,87916,13,,,0,118,,87917,13,,,0,94,,87918,13,,,0,118,,87919,13,,,0,99,,87910,1,,,0,123,,87920,13,,,0,150,,87921,13,,,0,95,,87922,13,,,0
1501,'S2-0_5',659,,87924,13,,,0,58,,87925,13,,,0,95,,87926,13,,,0,21,,87927,13,,,0,117,,87928,13,,,0,156,,87929,13,,,0,118,,87930,13,,,0,94,,87931,13,,,0,118,,87932,13,,,0,99,,87923,1,,,0,123,,87933,13,,,0,150,,87934,13,,,0,95,,87935,13,,,0
1501,'S2-1_3',659,,87937,13,,,0,58,,87938,13,,,0,95,,87939,13,,,0,21,,87940,13,,,0,117,,87941,13,,,0,156,,87942,13,,,0,118,,87943,13,,,0,94,,87944,13,,,0,118,,87945,13,,,0,99,,87936,1,,,0,123,,87946,13,,,0,150,,87947,13,,,0,95,,87948,13,,,0
1501,'S2-2_6',659,,87950,13,,,0,58,,87951,13,,,0,95,,87952,13,,,0,21,,87953,13,,,0,117,,87954,13,,,0,156,,87955,13,,,0,118,,87956,13,,,0,94,,87957,13,,,0,118,,87958,13,,,0,99,,87949,1,,,0,123,,87959,13,,,0,150,,87960,13,,,0,95,,87961,13,,,0
1501,'S2-4_1',659,,87963,13,,,0,58,,87964,13,,,0,95,,87965,13,,,0,21,,87966,13,,,0,117,,87967,13,,,0,156,,87968,13,,,0,118,,87969,13,,,0,94,,87970,13,,,0,118,,87971,13,,,0,99,,87962,1,,,0,123,,87972,13,,,0,150,,87973,13,,,0,95,,87974,13,,,0
1501,'S2-4_2',659,,87976,13,,,0,58,,87977,13,,,0,95,,87978,13,,,0,21,,87979,13,,,0,117,,87980,13,,,0,156,,87981,13,,,0,118,,87982,13,,,0,94,,87983,13,,,0,118,,87984,13,,,0,99,,87975,1,,,0,123,,87985,13,,,0,150,,87986,13,,,0,95,,87987,13,,,0
1501,'S2-4_4',659,,87989,13,,,0,58,,87990,13,,,0,95,,87991,13,,,0,21,,87992,13,,,0,117,,87993,13,,,0,156,,87994,13,,,0,118,,87995,13,,,0,94,,87996,13,,,0,118,,87997,13,,,0,99,,87988,1,,,0,123,,87998,13,,,0,150,,87999,13,,,0,95,,88000,13,,,0
2001,'S2-0_2',703,,88491,10,,,0,121,,88492,10,,,0,79,,88493,10,,,0,850,,88494,10,,,0
2001,'S2-0_4',703,,88495,10,,,0,121,,88496,10,,,0,79,,88497,10,,,0,850,,88498,10,,,0
2001,'S2-0_5',703,,88499,10,,,0,121,,88500,10,,,0,79,,88501,10,,,0,850,,88502,10,,,0
2001,'S2-1_3',703,,88503,10,,,0,121,,88504,10,,,0,79,,88505,10,,,0,445,,88507,10,,,0,405,,88506,10,,,0
2001,'S2-4_1',703,,88508,10,,,0,121,,88509,10,,,0,79,,88510,10,,,0,850,,88511,10,,,0
2001,'S2-4_2',703,,88512,10,,,0,121,,88513,10,,,0,79,,88514,10,,,0,850,,88515,10,,,0
2001,'S2-4_4',703,,88516,10,,,0,121,,88517,10,,,0,79,,88518,10,,,0,850,,88519,10,,,0
