400,'0_6',756,,64825,46,0,40,0,95,,64817,46,0,40,0,68,,64806,58,0,40,0,30,,64805,46,0,40,0,71,,64804,46,0,40,0,32,,64807,46,0,40,0,72,,64821,58,0,40,0,31,,64808,46,0,40,0,72,,64809,46,0,40,0,28,,64827,46,0,40,0,69,,64824,58,0,40,0,31,,64810,46,0,40,0,69,,64811,46,0,40,0,28,,64812,46,0,40,0,69,,64814,58,0,40,0,32,,64815,46,0,40,0,75,,64813,46,0,40,0,74,,64826,46,0,40,0,25,,64818,58,0,40,0,22,,64822,46,0,40,0,66,,64823,46,0,40,0,37,,64819,46,0,40,0,68,,64820,58,0,40,0,85,,64816,58,0,40,0
400,'1_7',859,,64828,58,0,40,0,165,,64829,58,0,40,0,125,,64830,58,0,40,0,200,,64831,58,0,40,0,166,,64832,58,0,40,0,125,,64833,58,0,40,0,166,,64834,58,0,40,0,124,,64835,58,0,40,0
400,'5_1',749,,74177,50,,,0,70,,74174,47,0,40,0,32,,74168,46,0,40,0,68,,74155,58,0,40,0,30,,74154,46,0,40,0,70,,74153,46,0,40,0,37,,74156,46,0,40,0,69,,74175,58,0,40,0,30,,74157,46,0,40,0,76,,74158,46,0,40,0,74,,74171,49,0,40,0,24,,74169,59,0,40,0,26,,74159,46,0,40,0,69,,74160,46,0,40,0,26,,74161,46,0,40,0,71,,74163,58,0,40,0,32,,74164,46,0,40,0,75,,74162,46,0,40,0,82,,74173,50,,,0,25,,74170,59,0,40,0,69,,74165,50,0,40,0,16,,74166,58,,,0,36,,74172,49,0,40,0,69,,74176,58,0,40,0,86,,74167,58,0,40,0
400,'5_2',749,,75497,50,,,0,70,,75494,47,0,40,0,32,,75488,46,0,40,0,68,,75475,58,0,40,0,30,,75474,46,0,40,0,70,,75473,46,0,40,0,37,,75476,46,0,40,0,69,,75495,58,0,40,0,30,,75477,46,0,40,0,76,,75478,46,0,40,0,74,,75491,49,0,40,0,24,,75489,59,0,40,0,26,,75479,46,0,40,0,69,,75480,46,0,40,0,26,,75481,46,0,40,0,71,,75483,58,0,40,0,32,,75484,46,0,40,0,75,,75482,46,0,40,0,82,,75493,50,,,0,25,,75490,59,0,40,0,69,,75485,50,0,40,0,16,,75486,58,,,0,36,,75492,49,0,40,0,69,,75496,58,0,40,0,86,,75487,58,0,40,0
400,'5_3',749,,75522,50,,,0,70,,75519,47,0,40,0,32,,75513,46,0,40,0,68,,75500,58,0,40,0,30,,75499,46,0,40,0,70,,75498,46,0,40,0,37,,75501,46,0,40,0,69,,75520,58,0,40,0,30,,75502,46,0,40,0,76,,75503,46,0,40,0,74,,75516,49,0,40,0,24,,75514,59,0,40,0,26,,75504,46,0,40,0,69,,75505,46,0,40,0,26,,75506,46,0,40,0,71,,75508,58,0,40,0,32,,75509,46,0,40,0,75,,75507,46,0,40,0,82,,75518,50,,,0,25,,75515,59,0,40,0,69,,75510,50,0,40,0,16,,75511,58,,,0,36,,75517,49,0,40,0,69,,75521,58,0,40,0,86,,75512,58,0,40,0
400,'7_1',749,,80471,50,,,0,70,,80468,47,0,40,0,32,,80462,46,0,40,0,68,,80449,58,0,40,0,30,,80448,46,0,40,0,70,,80447,46,0,40,0,37,,80450,46,0,40,0,69,,80469,58,0,40,0,30,,80451,46,0,40,0,76,,80452,46,0,40,0,74,,80465,49,0,40,0,24,,80463,59,0,40,0,26,,80453,46,0,40,0,69,,80454,46,0,40,0,26,,80455,46,0,40,0,71,,80457,58,0,40,0,32,,80458,46,0,40,0,75,,80456,46,0,40,0,82,,80467,50,,,0,25,,80464,59,0,40,0,69,,80459,50,0,40,0,16,,80460,58,,,0,36,,80466,49,0,40,0,69,,80470,58,0,40,0,86,,80461,58,0,40,0
400,'7_2',749,,82392,50,,,0,70,,82389,47,0,40,0,32,,82383,46,0,40,0,68,,82370,58,0,40,0,30,,82369,46,0,40,0,70,,82368,46,0,40,0,37,,82371,46,0,40,0,69,,82390,58,0,40,0,30,,82372,46,0,40,0,76,,82373,46,0,40,0,74,,82386,49,0,40,0,24,,82384,59,0,40,0,26,,82374,46,0,40,0,69,,82375,46,0,40,0,26,,82376,46,0,40,0,71,,82378,58,0,40,0,32,,82379,46,0,40,0,75,,82377,46,0,40,0,82,,82388,50,,,0,25,,82385,59,0,40,0,69,,82380,50,0,40,0,16,,82381,58,,,0,36,,82387,49,0,40,0,69,,82391,58,0,40,0,86,,82382,58,0,40,0
400,'7_3',749,,82417,50,,,0,70,,82414,47,0,40,0,32,,82408,46,0,40,0,68,,82395,58,0,40,0,30,,82394,46,0,40,0,70,,82393,46,0,40,0,37,,82396,46,0,40,0,69,,82415,58,0,40,0,30,,82397,46,0,40,0,76,,82398,46,0,40,0,74,,82411,49,0,40,0,24,,82409,59,0,40,0,26,,82399,46,0,40,0,69,,82400,46,0,40,0,26,,82401,46,0,40,0,71,,82403,58,0,40,0,32,,82404,46,0,40,0,75,,82402,46,0,40,0,82,,82413,50,,,0,25,,82410,59,0,40,0,69,,82405,50,0,40,0,16,,82406,58,,,0,36,,82412,49,0,40,0,69,,82416,58,0,40,0,86,,82407,58,0,40,0
400,'7_4',749,,79316,50,,,0,70,,79313,47,0,40,0,32,,79307,46,0,40,0,68,,79294,58,0,40,0,30,,79293,46,0,40,0,70,,79292,46,0,40,0,37,,79295,46,0,40,0,69,,79314,58,0,40,0,30,,79296,46,0,40,0,76,,79297,46,0,40,0,74,,79310,49,0,40,0,24,,79308,59,0,40,0,26,,79298,46,0,40,0,69,,79299,46,0,40,0,26,,79300,46,0,40,0,71,,79302,58,0,40,0,32,,79303,46,0,40,0,75,,79301,46,0,40,0,82,,79312,50,,,0,25,,79309,59,0,40,0,69,,79304,50,0,40,0,16,,79305,58,,,0,36,,79311,49,0,40,0,69,,79315,58,0,40,0,86,,79306,58,0,40,0
400,'7_5',749,,80496,50,,,0,70,,80493,47,0,40,0,32,,80487,46,0,40,0,68,,80474,58,0,40,0,30,,80473,46,0,40,0,70,,80472,46,0,40,0,37,,80475,46,0,40,0,69,,80494,58,0,40,0,30,,80476,46,0,40,0,76,,80477,46,0,40,0,74,,80490,49,0,40,0,24,,80488,59,0,40,0,26,,80478,46,0,40,0,69,,80479,46,0,40,0,26,,80480,46,0,40,0,71,,80482,58,0,40,0,32,,80483,46,0,40,0,75,,80481,46,0,40,0,82,,80492,50,,,0,25,,80489,59,0,40,0,69,,80484,50,0,40,0,16,,80485,58,,,0,36,,80491,49,0,40,0,69,,80495,58,0,40,0,86,,80486,58,0,40,0
