800,'0_4',701,,97030,12,,,0,33,,97031,12,,,0,67,,97032,12,,,0,31,,97033,12,,,0,80,,97034,12,,,0,110,,97035,12,,,0,117,,97036,12,,,0,111,,97037,12,,,0,150,,97038,12,,,0,112,,97040,12,,,0,110,,97039,12,,,0
800,'0_5',701,,97041,12,,,0,33,,97042,12,,,0,67,,97043,12,,,0,31,,97044,12,,,0,80,,97045,12,,,0,110,,97046,12,,,0,117,,97047,12,,,0,111,,97048,12,,,0,150,,97049,12,,,0,112,,97051,12,,,0,110,,97050,12,,,0
800,'1_3',701,,97052,12,,,0,33,,97053,12,,,0,67,,97054,12,,,0,31,,97055,12,,,0,80,,97056,12,,,0,110,,97057,12,,,0,117,,97058,12,,,0,111,,97059,12,,,0,150,,97060,12,,,0,112,,97062,12,,,0,110,,97061,12,,,0
800,'4_1',701,,97063,12,,,0,33,,97064,12,,,0,67,,97065,12,,,0,31,,97066,12,,,0,80,,97067,12,,,0,110,,97068,12,,,0,117,,97069,12,,,0,111,,97070,12,,,0,150,,97071,12,,,0,112,,97073,12,,,0,110,,97072,12,,,0
800,'4_2',701,,97074,12,,,0,33,,97075,12,,,0,67,,97076,12,,,0,31,,97077,12,,,0,80,,97078,12,,,0,110,,97079,12,,,0,117,,97080,12,,,0,111,,97081,12,,,0,150,,97082,12,,,0,112,,97084,12,,,0,110,,97083,12,,,0
800,'4_4',701,,97085,12,,,0,33,,97086,12,,,0,67,,97087,12,,,0,31,,97088,12,,,0,80,,97089,12,,,0,110,,97090,12,,,0,117,,97091,12,,,0,111,,97092,12,,,0,150,,97093,12,,,0,112,,97095,12,,,0,110,,97094,12,,,0
800,'4_5',701,,97096,12,,,0,33,,97097,12,,,0,67,,97098,12,,,0,31,,97099,12,,,0,80,,97100,12,,,0,110,,97101,12,,,0,117,,97102,12,,,0,111,,97103,12,,,0,150,,97104,12,,,0,112,,97106,12,,,0,110,,97105,12,,,0
2200,'0_4',705,,98522,8,0,11 15 16,0,20,,98528,8,0,17,0,102,,98523,8,0,11 15 16,0,513,,98525,8,0,42,0,305,,98526,8,0,42,0,63,,98524,8,0,11 15 16,0,37,,98527,8,0,42,0
2200,'0_5',705,,98529,8,0,11 15 16,0,20,,98535,8,0,17,0,102,,98530,8,0,11 15 16,0,513,,98532,8,0,42,0,305,,98533,8,0,42,0,63,,98531,8,0,11 15 16,0,37,,98534,8,0,42,0
2200,'1_3',705,,98536,8,0,11 15 16,0,20,,98540,8,0,17,0,102,,98537,8,0,11 15 16,0,513,,98539,8,0,42,0,368,,98538,8,0,11 15 16,0
2200,'4_1',705,,98541,8,0,11 15 16,0,20,,98547,8,0,17,0,102,,98542,8,0,11 15 16,0,513,,98544,8,0,42,0,305,,98545,8,0,42,0,63,,98543,8,0,11 15 16,0,37,,98546,8,0,42,0
2200,'4_2',705,,98548,8,0,11 15 16,0,20,,98554,8,0,17,0,102,,98549,8,0,11 15 16,0,513,,98551,8,0,42,0,305,,98552,8,0,42,0,63,,98550,8,0,11 15 16,0,37,,98553,8,0,42,0
2200,'4_4',705,,98555,8,0,11 15 16,0,20,,98561,8,0,17,0,102,,98556,8,0,11 15 16,0,513,,98558,8,0,42,0,305,,98559,8,0,42,0,63,,98557,8,0,11 15 16,0,37,,98560,8,0,42,0
2200,'4_5',705,,98562,8,0,11 15 16,0,20,,98568,8,0,17,0,102,,98563,8,0,11 15 16,0,513,,98565,8,0,42,0,305,,98566,8,0,42,0,63,,98564,8,0,11 15 16,0,37,,98567,8,0,42,0
