401,'0_6',728,,65084,41,,,0,125,,65083,41,0,41,0,70,,65081,41,,,0,23,,65070,41,0,41,0,72,,65082,41,0,41,0,31,,65071,41,0,41,0,75,,65077,41,,,0,26,,65072,41,0,41,0,73,,65073,41,0,41,0,32,,65089,41,0,41,0,72,,65091,41,,,0,32,,65078,41,0,41,0,69,,65069,41,0,41,0,28,,65074,41,0,41,0,68,,65079,41,,,0,27,,65075,41,0,41,0,70,,65092,41,0,41,0,31,,65088,41,0,41,0,66,,65085,41,,,0,25,,65086,41,0,41,0,66,,65090,41,,,0,35,,65087,41,0,41,0,75,,65076,41,0,41,0,34,,65080,41,,,0
401,'1_7',1002,,65093,41,,,0,125,,65094,41,,,0,125,,65095,41,,,0,201,,65096,41,,,0,165,,65097,41,,,0,125,,65098,41,,,0,165,,65099,41,,,0
401,'5_1',728,,74188,49,,,0,16,,74189,43,0,41,0,79,,74200,43,0,41,0,35,,74179,44,0,41,0,65,,74201,41,,,0,26,,74180,41,0,41,0,69,,74202,41,0,41,0,31,,74181,41,0,41,0,75,,74196,41,,,0,30,,74182,41,0,41,0,70,,74183,41,0,41,0,32,,74195,43,0,41,0,76,,74193,44,,,0,70,,74197,41,0,41,0,26,,74178,41,0,41,0,28,,74184,41,0,41,0,68,,74198,41,,,0,25,,74185,41,0,41,0,72,,74186,41,,,0,25,,74194,44,0,41,0,68,,74190,43,,,0,29,,74191,46,0,41,0,78,,74203,44,,,0,23,,74192,43,0,41,0,70,,74187,41,0,41,0,37,,74199,41,,,0
401,'5_2',728,,75558,49,,,0,16,,75559,43,0,41,0,79,,75570,43,0,41,0,35,,75549,44,0,41,0,65,,75571,41,,,0,26,,75550,41,0,41,0,69,,75572,41,0,41,0,31,,75551,41,0,41,0,75,,75566,41,,,0,30,,75552,41,0,41,0,70,,75553,41,0,41,0,32,,75565,43,0,41,0,76,,75563,44,,,0,70,,75567,41,0,41,0,26,,75548,41,0,41,0,28,,75554,41,0,41,0,68,,75568,41,,,0,25,,75555,41,0,41,0,72,,75556,41,,,0,25,,75564,44,0,41,0,68,,75560,43,,,0,29,,75561,46,0,41,0,78,,75573,44,,,0,23,,75562,43,0,41,0,70,,75557,41,0,41,0,37,,75569,41,,,0
401,'5_3',728,,75584,49,,,0,16,,75585,43,0,41,0,79,,75596,43,0,41,0,35,,75575,44,0,41,0,65,,75597,41,,,0,26,,75576,41,0,41,0,69,,75598,41,0,41,0,31,,75577,41,0,41,0,75,,75592,41,,,0,30,,75578,41,0,41,0,70,,75579,41,0,41,0,32,,75591,43,0,41,0,76,,75589,44,,,0,70,,75593,41,0,41,0,26,,75574,41,0,41,0,28,,75580,41,0,41,0,68,,75594,41,,,0,25,,75581,41,0,41,0,72,,75582,41,,,0,25,,75590,44,0,41,0,68,,75586,43,,,0,29,,75587,46,0,41,0,78,,75599,44,,,0,23,,75588,43,0,41,0,70,,75583,41,0,41,0,37,,75595,41,,,0
401,'7_1',728,,80507,49,,,0,16,,80508,43,0,41,0,79,,80519,43,0,41,0,35,,80498,44,0,41,0,65,,80520,41,,,0,26,,80499,41,0,41,0,69,,80521,41,0,41,0,31,,80500,41,0,41,0,75,,80515,41,,,0,30,,80501,41,0,41,0,70,,80502,41,0,41,0,32,,80514,43,0,41,0,76,,80512,44,,,0,70,,80516,41,0,41,0,26,,80497,41,0,41,0,28,,80503,41,0,41,0,68,,80517,41,,,0,25,,80504,41,0,41,0,72,,80505,41,,,0,25,,80513,44,0,41,0,68,,80509,43,,,0,29,,80510,46,0,41,0,78,,80522,44,,,0,23,,80511,43,0,41,0,70,,80506,41,0,41,0,37,,80518,41,,,0
401,'7_2',728,,82428,49,,,0,16,,82429,43,0,41,0,79,,82440,43,0,41,0,35,,82419,44,0,41,0,65,,82441,41,,,0,26,,82420,41,0,41,0,69,,82442,41,0,41,0,31,,82421,41,0,41,0,75,,82436,41,,,0,30,,82422,41,0,41,0,70,,82423,41,0,41,0,32,,82435,43,0,41,0,76,,82433,44,,,0,70,,82437,41,0,41,0,26,,82418,41,0,41,0,28,,82424,41,0,41,0,68,,82438,41,,,0,25,,82425,41,0,41,0,72,,82426,41,,,0,25,,82434,44,0,41,0,68,,82430,43,,,0,29,,82431,46,0,41,0,78,,82443,44,,,0,23,,82432,43,0,41,0,70,,82427,41,0,41,0,37,,82439,41,,,0
401,'7_3',728,,82454,49,,,0,16,,82455,43,0,41,0,79,,82466,43,0,41,0,35,,82445,44,0,41,0,65,,82467,41,,,0,26,,82446,41,0,41,0,69,,82468,41,0,41,0,31,,82447,41,0,41,0,75,,82462,41,,,0,30,,82448,41,0,41,0,70,,82449,41,0,41,0,32,,82461,43,0,41,0,76,,82459,44,,,0,70,,82463,41,0,41,0,26,,82444,41,0,41,0,28,,82450,41,0,41,0,68,,82464,41,,,0,25,,82451,41,0,41,0,72,,82452,41,,,0,25,,82460,44,0,41,0,68,,82456,43,,,0,29,,82457,46,0,41,0,78,,82469,44,,,0,23,,82458,43,0,41,0,70,,82453,41,0,41,0,37,,82465,41,,,0
401,'7_4',728,,79327,49,,,0,16,,79328,43,0,41,0,79,,79339,43,0,41,0,35,,79318,44,0,41,0,65,,79340,41,,,0,26,,79319,41,0,41,0,69,,79341,41,0,41,0,31,,79320,41,0,41,0,75,,79335,41,,,0,30,,79321,41,0,41,0,70,,79322,41,0,41,0,32,,79334,43,0,41,0,76,,79332,44,,,0,70,,79336,41,0,41,0,26,,79317,41,0,41,0,28,,79323,41,0,41,0,68,,79337,41,,,0,25,,79324,41,0,41,0,72,,79325,41,,,0,25,,79333,44,0,41,0,68,,79329,43,,,0,29,,79330,46,0,41,0,78,,79342,44,,,0,23,,79331,43,0,41,0,70,,79326,41,0,41,0,37,,79338,41,,,0
401,'7_5',728,,80533,49,,,0,16,,80534,43,0,41,0,79,,80545,43,0,41,0,35,,80524,44,0,41,0,65,,80546,41,,,0,26,,80525,41,0,41,0,69,,80547,41,0,41,0,31,,80526,41,0,41,0,75,,80541,41,,,0,30,,80527,41,0,41,0,70,,80528,41,0,41,0,32,,80540,43,0,41,0,76,,80538,44,,,0,70,,80542,41,0,41,0,26,,80523,41,0,41,0,28,,80529,41,0,41,0,68,,80543,41,,,0,25,,80530,41,0,41,0,72,,80531,41,,,0,25,,80539,44,0,41,0,68,,80535,43,,,0,29,,80536,46,0,41,0,78,,80548,44,,,0,23,,80537,43,0,41,0,70,,80532,41,0,41,0,37,,80544,41,,,0
