101,'1_3',754,,94441,57,0,6,0,68,,94442,57,0,6,0,29,,94443,57,0,6,0,95,,94447,51,0,6,0,157,,94448,51,0,6,0,114,,94449,51,0,6,0,89,,94450,51,0,6,0,114,,94444,57,0,6,0,97,,94451,51,0,6,0,100,,94452,51,0,6,0,92,,94453,51,0,6,0,34,,94454,51,0,6,0,80,,94455,51,0,6,0,32,,94445,57,0,6,0,84,,94446,57,0,6,0
101,'2_6',1040,,94487,51,0,6,0,100,,94488,51,0,6,0,98,,94489,51,0,6,0,99,,94490,51,0,6,0,100,,94491,51,0,6,0,101,,94492,51,0,6,0,103,,94493,51,0,6,0,103,,94494,51,0,6,0,100,,94495,51,0,6,0,96,,94496,51,0,6,0
101,'4_1',754,,94507,57,0,6,0,68,,94508,57,0,6,0,29,,94509,57,0,6,0,95,,94513,51,0,6,0,157,,94514,51,0,6,0,114,,94515,51,0,6,0,89,,94516,51,0,6,0,114,,94510,57,0,6,0,97,,94517,51,0,6,0,100,,94518,51,0,6,0,92,,94519,51,0,6,0,34,,94520,51,0,6,0,80,,94521,51,0,6,0,32,,94511,57,0,6,0,84,,94512,57,0,6,0
101,'4_2',754,,94540,57,0,6,0,68,,94541,57,0,6,0,29,,94542,57,0,6,0,95,,94546,51,0,6,0,157,,94547,51,0,6,0,114,,94548,51,0,6,0,89,,94549,51,0,6,0,114,,94543,57,0,6,0,97,,94550,51,0,6,0,100,,94551,51,0,6,0,92,,94552,51,0,6,0,34,,94553,51,0,6,0,80,,94554,51,0,6,0,32,,94544,57,0,6,0,84,,94545,57,0,6,0
101,'4_4',754,,94573,57,0,6,0,68,,94574,57,0,6,0,29,,94575,57,0,6,0,95,,94579,51,0,6,0,157,,94580,51,0,6,0,114,,94581,51,0,6,0,89,,94582,51,0,6,0,114,,94576,57,0,6,0,97,,94583,51,0,6,0,100,,94584,51,0,6,0,92,,94585,51,0,6,0,34,,94586,51,0,6,0,80,,94587,51,0,6,0,32,,94577,57,0,6,0,84,,94578,57,0,6,0
101,'4_5',754,,94606,57,0,6,0,68,,94607,57,0,6,0,29,,94608,57,0,6,0,95,,94612,51,0,6,0,157,,94613,51,0,6,0,114,,94614,51,0,6,0,89,,94615,51,0,6,0,114,,94609,57,0,6,0,97,,94616,51,0,6,0,100,,94617,51,0,6,0,92,,94618,51,0,6,0,34,,94619,51,0,6,0,80,,94620,51,0,6,0,32,,94610,57,0,6,0,84,,94611,57,0,6,0
101,'5_7',950,,94639,51,0,6,0,250,,94640,51,0,6,0,210,,94641,51,0,6,0,190,,94642,51,0,6,0,210,,94643,51,0,6,0
801,'1_3',848,,97141,18,,,0,108,,97142,18,,,0,150,,97143,18,,,0,119,,97135,18,,,0,111,,97144,18,,,0,112,,97145,18,,,0,152,,97146,18,,,0,36,,97136,18,,,0,76,,97137,18,,,0,30,,97138,18,,,0,76,,97139,18,,,0,33,,97140,18,,,0,71,,97147,18,,,0,34,,97148,18,,,0
801,'4_1',848,,97155,18,,,0,108,,97156,18,,,0,150,,97157,18,,,0,119,,97149,18,,,0,111,,97158,18,,,0,112,,97159,18,,,0,152,,97160,18,,,0,36,,97150,18,,,0,76,,97151,18,,,0,30,,97152,18,,,0,76,,97153,18,,,0,33,,97154,18,,,0,71,,97161,18,,,0,34,,97162,18,,,0
801,'4_2',848,,97169,18,,,0,108,,97170,18,,,0,150,,97171,18,,,0,119,,97163,18,,,0,111,,97172,18,,,0,112,,97173,18,,,0,152,,97174,18,,,0,36,,97164,18,,,0,76,,97165,18,,,0,30,,97166,18,,,0,76,,97167,18,,,0,33,,97168,18,,,0,71,,97175,18,,,0,34,,97176,18,,,0
801,'4_4',848,,97183,18,,,0,108,,97184,18,,,0,150,,97185,18,,,0,119,,97177,18,,,0,111,,97186,18,,,0,112,,97187,18,,,0,152,,97188,18,,,0,36,,97178,18,,,0,76,,97179,18,,,0,30,,97180,18,,,0,76,,97181,18,,,0,33,,97182,18,,,0,71,,97189,18,,,0,34,,97190,18,,,0
801,'4_5',848,,97197,18,,,0,108,,97198,18,,,0,150,,97199,18,,,0,119,,97191,18,,,0,111,,97200,18,,,0,112,,97201,18,,,0,152,,97202,18,,,0,36,,97192,18,,,0,76,,97193,18,,,0,30,,97194,18,,,0,76,,97195,18,,,0,33,,97196,18,,,0,71,,97203,18,,,0,34,,97204,18,,,0
