101,'S2-0_2',729,,84473,38,0,6,0,7,,84505,6,0,7,0,3,,84503,32,0,7,0,20,,84474,38,0,6,0,55,,84501,32,0,5,0,15,,84475,38,0,6,0,17,,84504,38,0,5,0,13,,84488,32,0,7,0,65,,84479,32,0,6,0,80,,84489,38,0,5,0,35,,84480,32,0,6,0,80,,84492,32,0,5,0,35,,84481,32,0,6,0,70,,84493,32,0,5,0,20,,84482,32,0,6,0,75,,84494,32,0,5,0,38,,84476,38,0,6,0,67,,84490,38,0,5,0,30,,84483,32,0,6,0,65,,84495,32,0,5,0,35,,84484,32,0,6,0,62,,84496,32,0,5,0,28,,84485,32,0,6,0,12,,84500,6,0,5,0,61,,84486,32,0,6,0,21,,84491,38,0,5,0,19,,84487,32,0,6,0,64,,84497,32,0,5,0,13,,84477,38,0,6,0,16,,84498,32,0,5,0,68,,84478,38,0,6,0,35,,84499,32,0,5,0
101,'S2-0_4',729,,84506,38,0,6,0,7,,84538,6,0,7,0,3,,84536,32,0,7,0,20,,84507,38,0,6,0,55,,84534,32,0,5,0,15,,84508,38,0,6,0,17,,84537,38,0,5,0,13,,84521,32,0,7,0,65,,84512,32,0,6,0,80,,84522,38,0,5,0,35,,84513,32,0,6,0,80,,84525,32,0,5,0,35,,84514,32,0,6,0,70,,84526,32,0,5,0,20,,84515,32,0,6,0,75,,84527,32,0,5,0,38,,84509,38,0,6,0,67,,84523,38,0,5,0,30,,84516,32,0,6,0,65,,84528,32,0,5,0,35,,84517,32,0,6,0,62,,84529,32,0,5,0,28,,84518,32,0,6,0,12,,84533,6,0,5,0,61,,84519,32,0,6,0,21,,84524,38,0,5,0,19,,84520,32,0,6,0,64,,84530,32,0,5,0,13,,84510,38,0,6,0,16,,84531,32,0,5,0,68,,84511,38,0,6,0,35,,84532,32,0,5,0
101,'S2-0_5',729,,84539,38,0,6,0,7,,84571,6,0,7,0,3,,84569,32,0,7,0,20,,84540,38,0,6,0,55,,84567,32,0,5,0,15,,84541,38,0,6,0,17,,84570,38,0,5,0,13,,84554,32,0,7,0,65,,84545,32,0,6,0,80,,84555,38,0,5,0,35,,84546,32,0,6,0,80,,84558,32,0,5,0,35,,84547,32,0,6,0,70,,84559,32,0,5,0,20,,84548,32,0,6,0,75,,84560,32,0,5,0,38,,84542,38,0,6,0,67,,84556,38,0,5,0,30,,84549,32,0,6,0,65,,84561,32,0,5,0,35,,84550,32,0,6,0,62,,84562,32,0,5,0,28,,84551,32,0,6,0,12,,84566,6,0,5,0,61,,84552,32,0,6,0,21,,84557,38,0,5,0,19,,84553,32,0,6,0,64,,84563,32,0,5,0,13,,84543,38,0,6,0,16,,84564,32,0,5,0,68,,84544,38,0,6,0,35,,84565,32,0,5,0
101,'S2-1_3',729,,84572,38,0,6,0,7,,84604,6,0,7,0,3,,84602,32,0,7,0,20,,84573,38,0,6,0,55,,84600,32,0,5,0,15,,84574,38,0,6,0,17,,84603,38,0,5,0,13,,84587,32,0,7,0,65,,84578,32,0,6,0,80,,84588,38,0,5,0,35,,84579,32,0,6,0,80,,84591,32,0,5,0,35,,84580,32,0,6,0,70,,84592,32,0,5,0,20,,84581,32,0,6,0,75,,84593,32,0,5,0,38,,84575,38,0,6,0,67,,84589,38,0,5,0,30,,84582,32,0,6,0,65,,84594,32,0,5,0,35,,84583,32,0,6,0,62,,84595,32,0,5,0,28,,84584,32,0,6,0,12,,84599,6,0,5,0,61,,84585,32,0,6,0,21,,84590,38,0,5,0,19,,84586,32,0,6,0,64,,84596,32,0,5,0,13,,84576,38,0,6,0,16,,84597,32,0,5,0,68,,84577,38,0,6,0,35,,84598,32,0,5,0
101,'S2-2_6',727,,84605,32,0,5,0,116,,84606,32,0,5,0,106,,84607,32,0,5,0,70,,84618,32,0,6,0,29,,84608,32,0,5,0,70,,84619,32,0,6,0,31,,84609,32,0,5,0,70,,84620,32,0,6,0,29,,84610,32,0,5,0,68,,84621,32,0,6,0,31,,84611,32,0,5,0,70,,84622,32,0,6,0,30,,84612,32,0,5,0,70,,84623,32,0,6,0,32,,84613,32,0,5,0,71,,84624,32,0,6,0,31,,84614,32,0,5,0,69,,84625,32,0,6,0,33,,84615,32,0,5,0,69,,84626,32,0,6,0,35,,84616,32,0,5,0,65,,84627,32,0,6,0,26,,84617,32,0,5,0
101,'S2-3_7',933,,84628,32,0,6,0,105,,84633,32,0,5,0,105,,84629,32,0,6,0,105,,84634,32,0,5,0,105,,84630,32,0,6,0,90,,84635,32,0,5,0,100,,84631,32,0,6,0,105,,84636,32,0,5,0,105,,84632,32,0,6,0,105,,84637,32,0,5,0
101,'S2-4_1',729,,84638,38,0,6,0,7,,84670,6,0,7,0,3,,84668,32,0,7,0,20,,84639,38,0,6,0,55,,84666,32,0,5,0,15,,84640,38,0,6,0,17,,84669,38,0,5,0,13,,84653,32,0,7,0,65,,84644,32,0,6,0,80,,84654,38,0,5,0,35,,84645,32,0,6,0,80,,84657,32,0,5,0,35,,84646,32,0,6,0,70,,84658,32,0,5,0,20,,84647,32,0,6,0,75,,84659,32,0,5,0,38,,84641,38,0,6,0,67,,84655,38,0,5,0,30,,84648,32,0,6,0,65,,84660,32,0,5,0,35,,84649,32,0,6,0,62,,84661,32,0,5,0,28,,84650,32,0,6,0,12,,84665,6,0,5,0,61,,84651,32,0,6,0,21,,84656,38,0,5,0,19,,84652,32,0,6,0,64,,84662,32,0,5,0,13,,84642,38,0,6,0,16,,84663,32,0,5,0,68,,84643,38,0,6,0,35,,84664,32,0,5,0
101,'S2-4_2',729,,84671,38,0,6,0,7,,84703,6,0,7,0,3,,84701,32,0,7,0,20,,84672,38,0,6,0,55,,84699,32,0,5,0,15,,84673,38,0,6,0,17,,84702,38,0,5,0,13,,84686,32,0,7,0,65,,84677,32,0,6,0,80,,84687,38,0,5,0,35,,84678,32,0,6,0,80,,84690,32,0,5,0,35,,84679,32,0,6,0,70,,84691,32,0,5,0,20,,84680,32,0,6,0,75,,84692,32,0,5,0,38,,84674,38,0,6,0,67,,84688,38,0,5,0,30,,84681,32,0,6,0,65,,84693,32,0,5,0,35,,84682,32,0,6,0,62,,84694,32,0,5,0,28,,84683,32,0,6,0,12,,84698,6,0,5,0,61,,84684,32,0,6,0,21,,84689,38,0,5,0,19,,84685,32,0,6,0,64,,84695,32,0,5,0,13,,84675,38,0,6,0,16,,84696,32,0,5,0,68,,84676,38,0,6,0,35,,84697,32,0,5,0
101,'S2-4_4',729,,84704,38,0,6,0,7,,84736,6,0,7,0,3,,84734,32,0,7,0,20,,84705,38,0,6,0,55,,84732,32,0,5,0,15,,84706,38,0,6,0,17,,84735,38,0,5,0,13,,84719,32,0,7,0,65,,84710,32,0,6,0,80,,84720,38,0,5,0,35,,84711,32,0,6,0,80,,84723,32,0,5,0,35,,84712,32,0,6,0,70,,84724,32,0,5,0,20,,84713,32,0,6,0,75,,84725,32,0,5,0,38,,84707,38,0,6,0,67,,84721,38,0,5,0,30,,84714,32,0,6,0,65,,84726,32,0,5,0,35,,84715,32,0,6,0,62,,84727,32,0,5,0,28,,84716,32,0,6,0,12,,84731,6,0,5,0,61,,84717,32,0,6,0,21,,84722,38,0,5,0,19,,84718,32,0,6,0,64,,84728,32,0,5,0,13,,84708,38,0,6,0,16,,84729,32,0,5,0,68,,84709,38,0,6,0,35,,84730,32,0,5,0
2000001,'S2-0_2',650,,91963,16,,,0,67,,91940,16,,,0,14,,91921,10,,,0,3,,91919,6,0,18 19,0,1,,91923,16,,,0,16,,91948,16,,,0,56,,91931,16,,,0,14,,91966,16,,,0,14,,91913,16,,,0,14,,91941,16,,,0,55,,91925,16,,,0,16,,91949,16,,,0,16,,91933,16,,,0,17,,91957,16,,,0,57,,91914,16,,,0,15,,91947,16,,,0,15,,91924,16,,,0,16,,91950,16,,,0,56,,91932,16,,,0,16,,91959,16,,,0,15,,91915,16,,,0,16,,91945,16,,,0,55,,91930,16,,,0,17,,91951,16,,,0,15,,91939,16,,,0,54,,91958,16,,,0,16,,91917,16,,,0,12,,91942,16,,,0,17,,91926,16,,,0,55,,91953,16,,,0,15,,91934,16,,,0,15,,91962,16,,,0,15,,91918,16,,,0,56,,91943,16,,,0,16,,91927,16,,,0,15,,91952,16,,,0,16,,91935,16,,,0,54,,91961,16,,,0,15,,91916,16,,,0,16,,91944,16,,,0,17,,91928,16,,,0,56,,91954,16,,,0,17,,91936,16,,,0,17,,91912,16,,,0,16,,91960,16,,,0,57,,91967,16,,,0,11,,91946,16,,,0,12,,91929,16,,,0,14,,91955,16,,,0,54,,91937,16,,,0,11,,91911,16,,,0,13,,91964,16,,,0,14,,91920,16,,,0,62,,91956,16,,,0,20,,91938,16,,,0,20,,91965,16,,,0,59,,91922,16,,,0
2000001,'S2-0_4',650,,92020,16,,,0,67,,91997,16,,,0,14,,91978,10,,,0,3,,91976,6,0,18 19,0,1,,91980,16,,,0,16,,92005,16,,,0,56,,91988,16,,,0,14,,92023,16,,,0,14,,91970,16,,,0,14,,91998,16,,,0,55,,91982,16,,,0,16,,92006,16,,,0,16,,91990,16,,,0,17,,92014,16,,,0,57,,91971,16,,,0,15,,92004,16,,,0,15,,91981,16,,,0,16,,92007,16,,,0,56,,91989,16,,,0,16,,92016,16,,,0,15,,91972,16,,,0,16,,92002,16,,,0,55,,91987,16,,,0,17,,92008,16,,,0,15,,91996,16,,,0,54,,92015,16,,,0,16,,91974,16,,,0,12,,91999,16,,,0,17,,91983,16,,,0,55,,92010,16,,,0,15,,91991,16,,,0,15,,92019,16,,,0,15,,91975,16,,,0,56,,92000,16,,,0,16,,91984,16,,,0,15,,92009,16,,,0,16,,91992,16,,,0,54,,92018,16,,,0,15,,91973,16,,,0,16,,92001,16,,,0,17,,91985,16,,,0,56,,92011,16,,,0,17,,91993,16,,,0,17,,91969,16,,,0,16,,92017,16,,,0,57,,92024,16,,,0,11,,92003,16,,,0,12,,91986,16,,,0,14,,92012,16,,,0,54,,91994,16,,,0,11,,91968,16,,,0,13,,92021,16,,,0,14,,91977,16,,,0,62,,92013,16,,,0,20,,91995,16,,,0,20,,92022,16,,,0,59,,91979,16,,,0
2000001,'S2-0_5',650,,92077,16,,,0,67,,92054,16,,,0,14,,92035,10,,,0,3,,92033,6,0,18 19,0,1,,92037,16,,,0,16,,92062,16,,,0,56,,92045,16,,,0,14,,92080,16,,,0,14,,92027,16,,,0,14,,92055,16,,,0,55,,92039,16,,,0,16,,92063,16,,,0,16,,92047,16,,,0,17,,92071,16,,,0,57,,92028,16,,,0,15,,92061,16,,,0,15,,92038,16,,,0,16,,92064,16,,,0,56,,92046,16,,,0,16,,92073,16,,,0,15,,92029,16,,,0,16,,92059,16,,,0,55,,92044,16,,,0,17,,92065,16,,,0,15,,92053,16,,,0,54,,92072,16,,,0,16,,92031,16,,,0,12,,92056,16,,,0,17,,92040,16,,,0,55,,92067,16,,,0,15,,92048,16,,,0,15,,92076,16,,,0,15,,92032,16,,,0,56,,92057,16,,,0,16,,92041,16,,,0,15,,92066,16,,,0,16,,92049,16,,,0,54,,92075,16,,,0,15,,92030,16,,,0,16,,92058,16,,,0,17,,92042,16,,,0,56,,92068,16,,,0,17,,92050,16,,,0,17,,92026,16,,,0,16,,92074,16,,,0,57,,92081,16,,,0,11,,92060,16,,,0,12,,92043,16,,,0,14,,92069,16,,,0,54,,92051,16,,,0,11,,92025,16,,,0,13,,92078,16,,,0,14,,92034,16,,,0,62,,92070,16,,,0,20,,92052,16,,,0,20,,92079,16,,,0,59,,92036,16,,,0
2000001,'S2-1_3',650,,92134,16,,,0,67,,92111,16,,,0,14,,92092,10,,,0,3,,92090,6,0,18 19,0,1,,92094,16,,,0,16,,92119,16,,,0,56,,92102,16,,,0,14,,92137,16,,,0,14,,92084,16,,,0,14,,92112,16,,,0,55,,92096,16,,,0,16,,92120,16,,,0,16,,92104,16,,,0,17,,92128,16,,,0,57,,92085,16,,,0,15,,92118,16,,,0,15,,92095,16,,,0,16,,92121,16,,,0,56,,92103,16,,,0,16,,92130,16,,,0,15,,92086,16,,,0,16,,92116,16,,,0,55,,92101,16,,,0,17,,92122,16,,,0,15,,92110,16,,,0,54,,92129,16,,,0,16,,92088,16,,,0,12,,92113,16,,,0,17,,92097,16,,,0,55,,92124,16,,,0,15,,92105,16,,,0,15,,92133,16,,,0,15,,92089,16,,,0,56,,92114,16,,,0,16,,92098,16,,,0,15,,92123,16,,,0,16,,92106,16,,,0,54,,92132,16,,,0,15,,92087,16,,,0,16,,92115,16,,,0,17,,92099,16,,,0,56,,92125,16,,,0,17,,92107,16,,,0,17,,92083,16,,,0,16,,92131,16,,,0,57,,92138,16,,,0,11,,92117,16,,,0,12,,92100,16,,,0,14,,92126,16,,,0,54,,92108,16,,,0,11,,92082,16,,,0,13,,92135,16,,,0,14,,92091,16,,,0,62,,92127,16,,,0,20,,92109,16,,,0,20,,92136,16,,,0,59,,92093,16,,,0
2000001,'S2-2_6',654,,92139,16,,,0,81,,92140,16,,,0,79,,92141,16,,,0,32,,92179,16,,,0,61,,92143,16,,,0,20,,92142,16,,,0,21,,92144,16,,,0,60,,92145,16,,,0,19,,92147,16,,,0,18,,92146,16,,,0,60,,92152,16,,,0,19,,92150,16,,,0,18,,92154,16,,,0,59,,92148,16,,,0,19,,92153,16,,,0,20,,92149,16,,,0,16,,92151,16,,,0,58,,92160,16,,,0,18,,92157,16,,,0,20,,92158,16,,,0,61,,92159,16,,,0,18,,92156,16,,,0,17,,92155,16,,,0,59,,92161,16,,,0,23,,92162,16,,,0,20,,92164,16,,,0,59,,92163,16,,,0,19,,92165,16,,,0,20,,92166,16,,,0,61,,92167,16,,,0,20,,92169,16,,,0,19,,92168,16,,,0,58,,92170,16,,,0,19,,92171,16,,,0,19,,92172,16,,,0,59,,92173,16,,,0,17,,92174,16,,,0,18,,92175,16,,,0,62,,92176,16,,,0,24,,92177,16,,,0,23,,92178,16,,,0
2000001,'S2-3_7',827,,92197,16,,,0,80,,92180,16,,,0,40,,92181,16,,,0,80,,92182,16,,,0,80,,92183,16,,,0,40,,92184,16,,,0,80,,92185,16,,,0,80,,92186,16,,,0,40,,92188,16,,,0,80,,92187,16,,,0,80,,92189,16,,,0,40,,92190,16,,,0,80,,92191,16,,,0,80,,92192,16,,,0,40,,92194,16,,,0,80,,92193,16,,,0,80,,92195,16,,,0,40,,92196,16,,,0
2000001,'S2-4_1',650,,92250,16,,,0,67,,92227,16,,,0,14,,92208,10,,,0,3,,92206,6,0,18 19,0,1,,92210,16,,,0,16,,92235,16,,,0,56,,92218,16,,,0,14,,92253,16,,,0,14,,92200,16,,,0,14,,92228,16,,,0,55,,92212,16,,,0,16,,92236,16,,,0,16,,92220,16,,,0,17,,92244,16,,,0,57,,92201,16,,,0,15,,92234,16,,,0,15,,92211,16,,,0,16,,92237,16,,,0,56,,92219,16,,,0,16,,92246,16,,,0,15,,92202,16,,,0,16,,92232,16,,,0,55,,92217,16,,,0,17,,92238,16,,,0,15,,92226,16,,,0,54,,92245,16,,,0,16,,92204,16,,,0,12,,92229,16,,,0,17,,92213,16,,,0,55,,92240,16,,,0,15,,92221,16,,,0,15,,92249,16,,,0,15,,92205,16,,,0,56,,92230,16,,,0,16,,92214,16,,,0,15,,92239,16,,,0,16,,92222,16,,,0,54,,92248,16,,,0,15,,92203,16,,,0,16,,92231,16,,,0,17,,92215,16,,,0,56,,92241,16,,,0,17,,92223,16,,,0,17,,92199,16,,,0,16,,92247,16,,,0,57,,92254,16,,,0,11,,92233,16,,,0,12,,92216,16,,,0,14,,92242,16,,,0,54,,92224,16,,,0,11,,92198,16,,,0,13,,92251,16,,,0,14,,92207,16,,,0,62,,92243,16,,,0,20,,92225,16,,,0,20,,92252,16,,,0,59,,92209,16,,,0
2000001,'S2-4_2',650,,92307,16,,,0,67,,92284,16,,,0,14,,92265,10,,,0,3,,92263,6,0,18 19,0,1,,92267,16,,,0,16,,92292,16,,,0,56,,92275,16,,,0,14,,92310,16,,,0,14,,92257,16,,,0,14,,92285,16,,,0,55,,92269,16,,,0,16,,92293,16,,,0,16,,92277,16,,,0,17,,92301,16,,,0,57,,92258,16,,,0,15,,92291,16,,,0,15,,92268,16,,,0,16,,92294,16,,,0,56,,92276,16,,,0,16,,92303,16,,,0,15,,92259,16,,,0,16,,92289,16,,,0,55,,92274,16,,,0,17,,92295,16,,,0,15,,92283,16,,,0,54,,92302,16,,,0,16,,92261,16,,,0,12,,92286,16,,,0,17,,92270,16,,,0,55,,92297,16,,,0,15,,92278,16,,,0,15,,92306,16,,,0,15,,92262,16,,,0,56,,92287,16,,,0,16,,92271,16,,,0,15,,92296,16,,,0,16,,92279,16,,,0,54,,92305,16,,,0,15,,92260,16,,,0,16,,92288,16,,,0,17,,92272,16,,,0,56,,92298,16,,,0,17,,92280,16,,,0,17,,92256,16,,,0,16,,92304,16,,,0,57,,92311,16,,,0,11,,92290,16,,,0,12,,92273,16,,,0,14,,92299,16,,,0,54,,92281,16,,,0,11,,92255,16,,,0,13,,92308,16,,,0,14,,92264,16,,,0,62,,92300,16,,,0,20,,92282,16,,,0,20,,92309,16,,,0,59,,92266,16,,,0
2000001,'S2-4_4',650,,92364,16,,,0,67,,92341,16,,,0,14,,92322,10,,,0,3,,92320,6,0,18 19,0,1,,92324,16,,,0,16,,92349,16,,,0,56,,92332,16,,,0,14,,92367,16,,,0,14,,92314,16,,,0,14,,92342,16,,,0,55,,92326,16,,,0,16,,92350,16,,,0,16,,92334,16,,,0,17,,92358,16,,,0,57,,92315,16,,,0,15,,92348,16,,,0,15,,92325,16,,,0,16,,92351,16,,,0,56,,92333,16,,,0,16,,92360,16,,,0,15,,92316,16,,,0,16,,92346,16,,,0,55,,92331,16,,,0,17,,92352,16,,,0,15,,92340,16,,,0,54,,92359,16,,,0,16,,92318,16,,,0,12,,92343,16,,,0,17,,92327,16,,,0,55,,92354,16,,,0,15,,92335,16,,,0,15,,92363,16,,,0,15,,92319,16,,,0,56,,92344,16,,,0,16,,92328,16,,,0,15,,92353,16,,,0,16,,92336,16,,,0,54,,92362,16,,,0,15,,92317,16,,,0,16,,92345,16,,,0,17,,92329,16,,,0,56,,92355,16,,,0,17,,92337,16,,,0,17,,92313,16,,,0,16,,92361,16,,,0,57,,92368,16,,,0,11,,92347,16,,,0,12,,92330,16,,,0,14,,92356,16,,,0,54,,92338,16,,,0,11,,92312,16,,,0,13,,92365,16,,,0,14,,92321,16,,,0,62,,92357,16,,,0,20,,92339,16,,,0,20,,92366,16,,,0,59,,92323,16,,,0
