601,'S2-0_2',609,,86748,6,,,0,108,,86761,6,,,0,96,,86749,6,,,0,102,,86750,6,,,0,98,,86751,6,,,0,100,,86752,6,,,0,101,,86765,6,,,0,24,,86753,6,,,0,80,,86754,6,,,0,104,,86755,6,,,0,94,,86756,6,,,0,39,,86762,6,,,0,79,,86757,7,,,0,76,,86763,6,,,0,28,,86758,7,,,0,73,,86764,7,,,0,27,,86759,6,,,0,95,,86760,6,,,0
601,'S2-0_4',609,,86766,6,,,0,108,,86779,6,,,0,96,,86767,6,,,0,102,,86768,6,,,0,98,,86769,6,,,0,100,,86770,6,,,0,101,,86783,6,,,0,24,,86771,6,,,0,80,,86772,6,,,0,104,,86773,6,,,0,94,,86774,6,,,0,39,,86780,6,,,0,79,,86775,7,,,0,76,,86781,6,,,0,28,,86776,7,,,0,73,,86782,7,,,0,27,,86777,6,,,0,95,,86778,6,,,0
601,'S2-0_5',609,,86784,6,,,0,108,,86797,6,,,0,96,,86785,6,,,0,102,,86786,6,,,0,98,,86787,6,,,0,100,,86788,6,,,0,101,,86801,6,,,0,24,,86789,6,,,0,80,,86790,6,,,0,104,,86791,6,,,0,94,,86792,6,,,0,39,,86798,6,,,0,79,,86793,7,,,0,76,,86799,6,,,0,28,,86794,7,,,0,73,,86800,7,,,0,27,,86795,6,,,0,95,,86796,6,,,0
601,'S2-1_3',609,,86802,6,,,0,108,,86816,6,,,0,96,,86803,6,,,0,102,,86804,6,,,0,98,,86805,6,,,0,100,,86806,6,,,0,101,,86807,7,,,0,24,,86808,6,,,0,80,,86809,6,,,0,104,,86810,6,,,0,94,,86811,6,,,0,39,,86817,6,,,0,79,,86812,7,,,0,76,,86818,6,,,0,28,,86813,7,,,0,73,,86819,7,,,0,27,,86814,6,,,0,95,,86815,6,,,0
601,'S2-2_6',739,,86820,6,,,0,90,,86822,6,,,0,96,,86823,6,,,0,93,,86824,6,,,0,89,,86825,6,,,0,49,,86826,6,,,0,88,,86827,6,,,0,89,,86828,6,,,0,88,,86829,6,,,0,89,,86830,6,,,0,100,,86831,6,,,0,91,,86832,6,,,0,54,,86833,6,,,0,87,,86834,6,,,0,90,,86821,6,,,0
601,'S2-4_1',609,,86835,6,,,0,108,,86848,6,,,0,96,,86836,6,,,0,102,,86837,6,,,0,98,,86838,6,,,0,100,,86839,6,,,0,101,,86852,6,,,0,24,,86840,6,,,0,80,,86841,6,,,0,104,,86842,6,,,0,94,,86843,6,,,0,39,,86849,6,,,0,79,,86844,7,,,0,76,,86850,6,,,0,28,,86845,7,,,0,73,,86851,7,,,0,27,,86846,6,,,0,95,,86847,6,,,0
601,'S2-4_2',609,,86853,6,,,0,108,,86866,6,,,0,96,,86854,6,,,0,102,,86855,6,,,0,98,,86856,6,,,0,100,,86857,6,,,0,101,,86870,6,,,0,24,,86858,6,,,0,80,,86859,6,,,0,104,,86860,6,,,0,94,,86861,6,,,0,39,,86867,6,,,0,79,,86862,7,,,0,76,,86868,6,,,0,28,,86863,7,,,0,73,,86869,7,,,0,27,,86864,6,,,0,95,,86865,6,,,0
601,'S2-4_4',609,,86871,6,,,0,108,,86884,6,,,0,96,,86872,6,,,0,102,,86873,6,,,0,98,,86874,6,,,0,100,,86875,6,,,0,101,,86888,6,,,0,24,,86876,6,,,0,80,,86877,6,,,0,104,,86878,6,,,0,94,,86879,6,,,0,39,,86885,6,,,0,79,,86880,7,,,0,76,,86886,6,,,0,28,,86881,7,,,0,73,,86887,7,,,0,27,,86882,6,,,0,95,,86883,6,,,0
901,'S2-0_2',736,,87385,2,0,26,0,66,,87386,2,0,27 63,0,102,,87391,2,0,23 24,0,152,,87392,2,0,23 24,0,147,,87387,2,0,27 63,0,34,,87396,2,,,0,105,,87393,2,0,23 24,0,111,,87394,2,0,23 24,0,150,,87388,2,0,27 63,0,21,,87399,2,,,0,79,,87389,2,0,27 63,0,100,,87390,2,0,27 63,0,129,,87400,2,,,0
901,'S2-0_4',736,,87401,2,0,26,0,66,,87402,2,0,27 63,0,102,,87407,2,0,23 24,0,152,,87408,2,0,23 24,0,147,,87403,2,0,27 63,0,34,,87412,2,,,0,105,,87409,2,0,23 24,0,111,,87410,2,0,23 24,0,150,,87404,2,0,27 63,0,21,,87415,2,,,0,79,,87405,2,0,27 63,0,100,,87406,2,0,27 63,0,129,,87416,2,,,0
901,'S2-0_5',736,,87417,2,0,26,0,66,,87418,2,0,27 63,0,102,,87423,2,0,23 24,0,152,,87424,2,0,23 24,0,147,,87419,2,0,27 63,0,34,,87428,2,,,0,105,,87425,2,0,23 24,0,111,,87426,2,0,23 24,0,150,,87420,2,0,27 63,0,21,,87431,2,,,0,79,,87421,2,0,27 63,0,100,,87422,2,0,27 63,0,129,,87432,2,,,0
901,'S2-1_3',736,,87433,2,0,26,0,66,,87434,2,0,27 63,0,102,,87439,2,0,23 24,0,152,,87440,2,0,23 24,0,147,,87435,2,0,27 63,0,34,,87444,2,,,0,105,,87441,2,0,23 24,0,111,,87442,2,0,23 24,0,150,,87436,2,0,27 63,0,21,,87447,2,,,0,79,,87437,2,0,27 63,0,100,,87438,2,0,27 63,0,129,,87448,2,,,0
901,'S2-2_6',737,,87449,2,0,23 24,0,99,,87461,2,0,25,0,368,,87459,2,0,25,0,318,,87457,2,0,25,0,82,,87450,2,0,23 24,0,103,,87451,2,0,23 24,0,135,,87452,2,0,23 24,0,90,,87453,2,0,23 24,0
901,'S2-4_1',736,,87462,2,0,26,0,66,,87463,2,0,27 63,0,102,,87468,2,0,23 24,0,152,,87469,2,0,23 24,0,147,,87464,2,0,27 63,0,34,,87473,2,,,0,105,,87470,2,0,23 24,0,111,,87471,2,0,23 24,0,150,,87465,2,0,27 63,0,21,,87476,2,,,0,79,,87466,2,0,27 63,0,100,,87467,2,0,27 63,0,129,,87477,2,,,0
901,'S2-4_2',736,,87478,2,0,26,0,66,,87479,2,0,27 63,0,102,,87484,2,0,23 24,0,152,,87485,2,0,23 24,0,147,,87480,2,0,27 63,0,34,,87489,2,,,0,105,,87486,2,0,23 24,0,111,,87487,2,0,23 24,0,150,,87481,2,0,27 63,0,21,,87492,2,,,0,79,,87482,2,0,27 63,0,100,,87483,2,0,27 63,0,129,,87493,2,,,0
901,'S2-4_4',736,,87494,2,0,26,0,66,,87495,2,0,27 63,0,102,,87500,2,0,23 24,0,152,,87501,2,0,23 24,0,147,,87496,2,0,27 63,0,34,,87505,2,,,0,105,,87502,2,0,23 24,0,111,,87503,2,0,23 24,0,150,,87497,2,0,27 63,0,21,,87508,2,,,0,79,,87498,2,0,27 63,0,100,,87499,2,0,27 63,0,129,,87509,2,,,0
1901,'S2-0_2',1603,,88409,2,,,0,100,,88410,2,,,0,100,,88411,2,,,0
1901,'S2-0_4',1603,,88418,2,,,0,100,,88419,2,,,0,100,,88420,2,,,0
1901,'S2-0_5',1603,,88427,2,,,0,100,,88428,2,,,0,100,,88429,2,,,0
1901,'S2-1_3',1203,,88439,2,,,0,34,,88440,2,,,0
1901,'S2-4_1',1603,,88442,2,,,0,100,,88443,2,,,0,100,,88444,2,,,0
1901,'S2-4_2',1603,,88451,2,,,0,100,,88452,2,,,0,100,,88453,2,,,0
1901,'S2-4_4',1603,,88460,2,,,0,100,,88461,2,,,0,100,,88462,2,,,0
2601,'S2-0_2',733,,89133,5,,,0,2,,89146,5,,,0,1,,89131,5,,,0,2,,89124,18,,,0,72,,89134,18,,,0,24,,89136,18,,,0,9,,89132,6,,,0,15,,89135,18,,,0,79,,89125,18,,,0,100,,89126,18,,,0,100,,89143,18,,,0,100,,89127,18,,,0,67,,89144,18,,,0,22,,89145,18,,,0,5,,89147,5,,,0,87,,89128,18,,,0,95,,89129,18,,,0,114,,89138,18,,,0,89,,89139,18,,,0,27,,89140,18,,,0,89,,89141,18,,,0,23,,89142,18,,,0,93,,89137,18,,,0
2601,'S2-0_4',733,,89157,5,,,0,2,,89170,5,,,0,1,,89155,5,,,0,2,,89148,18,,,0,72,,89158,18,,,0,24,,89160,18,,,0,9,,89156,6,,,0,15,,89159,18,,,0,79,,89149,18,,,0,100,,89150,18,,,0,100,,89167,18,,,0,100,,89151,18,,,0,67,,89168,18,,,0,22,,89169,18,,,0,5,,89171,5,,,0,87,,89152,18,,,0,95,,89153,18,,,0,114,,89162,18,,,0,89,,89163,18,,,0,27,,89164,18,,,0,89,,89165,18,,,0,23,,89166,18,,,0,93,,89161,18,,,0
2601,'S2-0_5',733,,89181,5,,,0,2,,89194,5,,,0,1,,89179,5,,,0,2,,89172,18,,,0,72,,89182,18,,,0,24,,89184,18,,,0,9,,89180,6,,,0,15,,89183,18,,,0,79,,89173,18,,,0,100,,89174,18,,,0,100,,89191,18,,,0,100,,89175,18,,,0,67,,89192,18,,,0,22,,89193,18,,,0,5,,89195,5,,,0,87,,89176,18,,,0,95,,89177,18,,,0,114,,89186,18,,,0,89,,89187,18,,,0,27,,89188,18,,,0,89,,89189,18,,,0,23,,89190,18,,,0,93,,89185,18,,,0
2601,'S2-1_3',733,,89204,5,,,0,2,,89217,5,,,0,1,,89202,5,,,0,2,,89196,18,,,0,72,,89205,18,,,0,24,,89207,18,,,0,9,,89203,6,,,0,15,,89206,18,,,0,79,,89197,18,,,0,100,,89198,18,,,0,100,,89214,18,,,0,100,,89199,18,,,0,67,,89215,18,,,0,22,,89216,18,,,0,92,,89200,18,,,0,95,,89201,18,,,0,114,,89209,18,,,0,89,,89210,18,,,0,27,,89211,18,,,0,89,,89212,18,,,0,23,,89213,18,,,0,93,,89208,18,,,0
2601,'S2-2_6',738,,89218,18,,,0,86,,89221,18,,,0,85,,89222,18,,,0,47,,89223,18,,,0,90,,89224,18,,,0,84,,89225,18,,,0,83,,89226,18,,,0,45,,89227,18,,,0,82,,89228,18,,,0,85,,89229,18,,,0,86,,89230,18,,,0,90,,89231,18,,,0,46,,89232,18,,,0,81,,89233,18,,,0,86,,89234,18,,,0,43,,89220,18,,,0,81,,89219,18,,,0
2601,'S2-4_1',733,,89244,5,,,0,2,,89257,5,,,0,1,,89242,5,,,0,2,,89235,18,,,0,72,,89245,18,,,0,24,,89247,18,,,0,9,,89243,6,,,0,15,,89246,18,,,0,79,,89236,18,,,0,100,,89237,18,,,0,100,,89254,18,,,0,100,,89238,18,,,0,67,,89255,18,,,0,22,,89256,18,,,0,5,,89258,5,,,0,87,,89239,18,,,0,95,,89240,18,,,0,114,,89249,18,,,0,89,,89250,18,,,0,27,,89251,18,,,0,89,,89252,18,,,0,23,,89253,18,,,0,93,,89248,18,,,0
2601,'S2-4_2',733,,89268,5,,,0,2,,89281,5,,,0,1,,89266,5,,,0,2,,89259,18,,,0,72,,89269,18,,,0,24,,89271,18,,,0,9,,89267,6,,,0,15,,89270,18,,,0,79,,89260,18,,,0,100,,89261,18,,,0,100,,89278,18,,,0,100,,89262,18,,,0,67,,89279,18,,,0,22,,89280,18,,,0,5,,89282,5,,,0,87,,89263,18,,,0,95,,89264,18,,,0,114,,89273,18,,,0,89,,89274,18,,,0,27,,89275,18,,,0,89,,89276,18,,,0,23,,89277,18,,,0,93,,89272,18,,,0
2601,'S2-4_4',733,,89292,5,,,0,2,,89305,5,,,0,1,,89290,5,,,0,2,,89283,18,,,0,72,,89293,18,,,0,24,,89295,18,,,0,9,,89291,6,,,0,15,,89294,18,,,0,79,,89284,18,,,0,100,,89285,18,,,0,100,,89302,18,,,0,100,,89286,18,,,0,67,,89303,18,,,0,22,,89304,18,,,0,5,,89306,5,,,0,87,,89287,18,,,0,95,,89288,18,,,0,114,,89297,18,,,0,89,,89298,18,,,0,27,,89299,18,,,0,89,,89300,18,,,0,23,,89301,18,,,0,93,,89296,18,,,0
