900,'0_4',648,,97206,7,,,0,68,,97207,7,,,0,41,,97211,13,,,0,61,,97212,4,,,0,4,,97213,14,,,0,84,,97208,7,,,0,49,,97214,14,,,0,94,,97215,10,0,50,0,93,,97216,10,,,0,105,,97217,10,,,0,70,,97209,7,,,0,130,,97220,15,,,0,84,,97218,10,,,0,110,,97219,10,,,0,72,,97210,7,,,0,130,,97221,15,,,0,78,,97222,7,0,50,0
900,'0_5',648,,97225,7,,,0,68,,97226,7,,,0,41,,97230,13,,,0,61,,97231,4,,,0,4,,97232,14,,,0,84,,97227,7,,,0,49,,97233,14,,,0,94,,97234,10,0,50,0,93,,97235,10,,,0,105,,97236,10,,,0,70,,97228,7,,,0,130,,97239,15,,,0,84,,97237,10,,,0,110,,97238,10,,,0,72,,97229,7,,,0,130,,97240,15,,,0,78,,97241,7,0,50,0
900,'1_3',648,,97244,7,,,0,68,,97245,7,,,0,41,,97249,13,,,0,61,,97250,4,,,0,4,,97251,14,,,0,84,,97246,7,,,0,49,,97252,14,,,0,94,,97253,10,0,50,0,93,,97254,10,,,0,105,,97255,10,,,0,70,,97247,7,,,0,130,,97258,15,,,0,84,,97256,10,,,0,110,,97257,10,,,0,72,,97248,7,,,0,130,,97259,15,,,0,78,,97260,7,0,50,0
900,'2_6',658,,97264,10,,,0,99,,97265,10,,,0,158,,97263,10,0,50,0,126,,97270,4,0,50,0,70,,97266,10,,,0,136,,97272,11,0,50,0,97,,97271,4,0,50,0,90,,97267,10,,,0,90,,97262,4,,,0,98,,97273,4,,,0,135,,97268,11,,,0,94,,97269,10,,,0
900,'4_1',648,,97275,7,,,0,68,,97276,7,,,0,41,,97280,13,,,0,61,,97281,4,,,0,4,,97282,14,,,0,84,,97277,7,,,0,49,,97283,14,,,0,94,,97284,10,0,50,0,93,,97285,10,,,0,105,,97286,10,,,0,70,,97278,7,,,0,130,,97289,15,,,0,84,,97287,10,,,0,110,,97288,10,,,0,72,,97279,7,,,0,130,,97290,15,,,0,78,,97291,7,0,50,0
900,'4_2',648,,97294,7,,,0,68,,97295,7,,,0,41,,97299,13,,,0,61,,97300,4,,,0,4,,97301,14,,,0,84,,97296,7,,,0,49,,97302,14,,,0,94,,97303,10,0,50,0,93,,97304,10,,,0,105,,97305,10,,,0,70,,97297,7,,,0,130,,97308,15,,,0,84,,97306,10,,,0,110,,97307,10,,,0,72,,97298,7,,,0,130,,97309,15,,,0,78,,97310,7,0,50,0
900,'4_4',648,,97313,7,,,0,68,,97314,7,,,0,41,,97318,13,,,0,61,,97319,4,,,0,4,,97320,14,,,0,84,,97315,7,,,0,49,,97321,14,,,0,94,,97322,10,0,50,0,93,,97323,10,,,0,105,,97324,10,,,0,70,,97316,7,,,0,130,,97327,15,,,0,84,,97325,10,,,0,110,,97326,10,,,0,72,,97317,7,,,0,130,,97328,15,,,0,78,,97329,7,0,50,0
900,'4_5',648,,97332,7,,,0,68,,97333,7,,,0,41,,97337,13,,,0,61,,97338,4,,,0,4,,97339,14,,,0,84,,97334,7,,,0,49,,97340,14,,,0,94,,97341,10,0,50,0,93,,97342,10,,,0,105,,97343,10,,,0,70,,97335,7,,,0,130,,97346,15,,,0,84,,97344,10,,,0,110,,97345,10,,,0,72,,97336,7,,,0,130,,97347,15,,,0,78,,97348,7,0,50,0
1600,'0_4',816,,97966,12,,,0,206,,97971,16,,,0,296,,97973,21,,,0,123,,97969,16,,,0,297,,97975,21,,,0,165,,97972,16,,,0
1600,'0_5',816,,97976,12,,,0,206,,97981,16,,,0,296,,97983,21,,,0,123,,97979,16,,,0,297,,97985,21,,,0,165,,97982,16,,,0
1600,'1_3',816,,97986,12,,,0,206,,97991,16,,,0,296,,97993,21,,,0,123,,97989,16,,,0,297,,97995,21,,,0,165,,97992,16,,,0
1600,'2_6',816,,97996,12,,,0,206,,98001,16,,,0,296,,98003,21,,,0,123,,97999,16,,,0,297,,98005,21,,,0,165,,98002,16,,,0
1600,'4_1',816,,98006,12,,,0,206,,98011,16,,,0,296,,98013,21,,,0,123,,98009,16,,,0,297,,98015,21,,,0,165,,98012,16,,,0
1600,'4_2',816,,98016,12,,,0,206,,98021,16,,,0,296,,98023,21,,,0,123,,98019,16,,,0,297,,98025,21,,,0,165,,98022,16,,,0
1600,'4_4',816,,98026,12,,,0,206,,98031,16,,,0,296,,98033,21,,,0,123,,98029,16,,,0,297,,98035,21,,,0,165,,98032,16,,,0
1600,'4_5',816,,98036,12,,,0,206,,98041,16,,,0,296,,98043,21,,,0,123,,98039,16,,,0,297,,98045,21,,,0,165,,98042,16,,,0
2900900,'0_4',703,,102568,7,,,0,100,,102569,7,,,0
2900900,'0_5',703,,102570,7,,,0,100,,102571,7,,,0
2900900,'1_3',703,,102572,7,,,0,100,,102573,7,,,0
2900900,'4_1',703,,102574,7,,,0,100,,102575,7,,,0
2900900,'4_2',703,,102576,7,,,0,100,,102577,7,,,0
2900900,'4_4',703,,102578,7,,,0,100,,102579,7,,,0
2900900,'4_5',703,,102580,7,,,0,100,,102581,7,,,0
