201,'0_4',802,,94986,45,4,,0,48,,94995,33,4,,0,88,,94996,45,4,,0,202,,94988,45,4,,0,118,,94989,45,4,,0,60,,95008,24,4,,0,116,,95010,45,4,,0,186,,94979,45,4,,0,87,,95006,24,4,,0,31,,95005,45,4,,0,75,,94992,33,4,,0,25,,94980,45,4,,0,68,,95003,33,4,,0,28,,94993,45,4,,0,80,,94994,45,4,,0
201,'0_5',802,,95025,45,4,,0,48,,95034,33,4,,0,88,,95035,45,4,,0,202,,95027,45,4,,0,118,,95028,45,4,,0,60,,95047,24,4,,0,116,,95049,45,4,,0,186,,95018,45,4,,0,87,,95045,24,4,,0,31,,95044,45,4,,0,75,,95031,33,4,,0,25,,95019,45,4,,0,68,,95042,33,4,,0,28,,95032,45,4,,0,80,,95033,45,4,,0
201,'1_3',802,,95064,45,4,,0,48,,95073,33,4,,0,88,,95074,45,4,,0,202,,95066,45,4,,0,118,,95067,45,4,,0,60,,95086,24,4,,0,116,,95089,45,4,,0,186,,95057,45,4,,0,87,,95084,24,4,,0,31,,95083,45,4,,0,75,,95070,33,4,,0,25,,95058,45,4,,0,68,,95081,33,4,,0,28,,95071,45,4,,0,80,,95072,45,4,,0
201,'2_6',807,,95115,45,4,,0,119,,95104,33,4,,0,126,,95117,45,4,,0,195,,95107,33,4,,0,107,,95108,33,4,,0,105,,95109,33,4,,0,90,,95098,45,4,,0,102,,95099,45,4,,0,165,,95112,33,4,,0,123,,95125,45,4,,0,72,,95114,33,4,,0
201,'4_1',802,,95148,45,4,,0,48,,95157,33,4,,0,88,,95158,45,4,,0,202,,95150,45,4,,0,118,,95151,45,4,,0,60,,95170,24,4,,0,116,,95172,45,4,,0,186,,95141,45,4,,0,87,,95168,24,4,,0,31,,95167,45,4,,0,75,,95154,33,4,,0,25,,95142,45,4,,0,68,,95165,33,4,,0,28,,95155,45,4,,0,80,,95156,45,4,,0
201,'4_2',802,,95187,45,4,,0,48,,95196,33,4,,0,88,,95197,45,4,,0,202,,95189,45,4,,0,118,,95190,45,4,,0,60,,95209,24,4,,0,116,,95211,45,4,,0,186,,95180,45,4,,0,87,,95207,24,4,,0,31,,95206,45,4,,0,75,,95193,33,4,,0,25,,95181,45,4,,0,68,,95204,33,4,,0,28,,95194,45,4,,0,80,,95195,45,4,,0
201,'4_4',802,,95226,45,4,,0,48,,95235,33,4,,0,88,,95236,45,4,,0,202,,95228,45,4,,0,118,,95229,45,4,,0,60,,95248,24,4,,0,116,,95250,45,4,,0,186,,95219,45,4,,0,87,,95246,24,4,,0,31,,95245,45,4,,0,75,,95232,33,4,,0,25,,95220,45,4,,0,68,,95243,33,4,,0,28,,95233,45,4,,0,80,,95234,45,4,,0
201,'4_5',802,,95265,45,4,,0,48,,95274,33,4,,0,88,,95275,45,4,,0,202,,95267,45,4,,0,118,,95268,45,4,,0,60,,95287,24,4,,0,116,,95289,45,4,,0,186,,95258,45,4,,0,87,,95285,24,4,,0,31,,95284,45,4,,0,75,,95271,33,4,,0,25,,95259,45,4,,0,68,,95282,33,4,,0,28,,95272,45,4,,0,80,,95273,45,4,,0
2900201,'0_4',1812,,102420,9,4,,0,98,,102421,9,4,,0
2900201,'0_5',1812,,102422,9,4,,0,98,,102423,9,4,,0
2900201,'1_3',1812,,102424,9,4,,0,98,,102425,9,4,,0
2900201,'4_1',1812,,102426,9,4,,0,98,,102427,9,4,,0
2900201,'4_2',1812,,102428,9,4,,0,98,,102429,9,4,,0
2900201,'4_4',1812,,102430,9,4,,0,98,,102431,9,4,,0
2900201,'4_5',1812,,102432,9,4,,0,98,,102433,9,4,,0
