400,'S2-0_2',729,,85895,23,0,43,0,15,,85903,23,0,40,0,15,,85872,23,0,40,0,54,,85873,23,0,40,0,14,,85897,23,0,40,0,15,,85874,23,0,40,0,13,,85875,23,0,40,0,72,,85876,23,0,40,0,78,,85877,35,0,40,0,31,,85878,23,0,40,0,71,,85879,23,0,40,0,36,,85880,23,0,40,0,76,,85881,23,0,40,0,23,,85901,23,,,0,65,,85898,35,0,40,0,29,,85882,23,0,40,0,67,,85883,23,0,40,0,30,,85886,35,0,40,0,75,,85884,23,0,40,0,30,,85887,35,0,40,0,76,,85885,23,0,40,0,28,,85904,23,0,40,0,68,,85888,35,0,40,0,5,,85899,7,0,40,0,14,,85889,23,0,40,0,15,,85905,23,,,0,14,,85891,23,0,40,0,65,,85894,7,0,40,0,19,,85902,23,,,0,75,,85892,23,0,40,0,24,,85893,35,0,40,0
400,'S2-0_4',729,,85929,23,0,43,0,15,,85937,23,0,40,0,15,,85906,23,0,40,0,54,,85907,23,0,40,0,14,,85931,23,0,40,0,15,,85908,23,0,40,0,13,,85909,23,0,40,0,72,,85910,23,0,40,0,78,,85911,35,0,40,0,31,,85912,23,0,40,0,71,,85913,23,0,40,0,36,,85914,23,0,40,0,76,,85915,23,0,40,0,23,,85935,23,,,0,65,,85932,35,0,40,0,29,,85916,23,0,40,0,67,,85917,23,0,40,0,30,,85920,35,0,40,0,75,,85918,23,0,40,0,30,,85921,35,0,40,0,76,,85919,23,0,40,0,28,,85938,23,0,40,0,68,,85922,35,0,40,0,5,,85933,7,0,40,0,14,,85923,23,0,40,0,15,,85939,23,,,0,14,,85925,23,0,40,0,65,,85928,7,0,40,0,19,,85936,23,,,0,75,,85926,23,0,40,0,24,,85927,35,0,40,0
400,'S2-0_5',729,,85963,23,0,43,0,15,,85971,23,0,40,0,15,,85940,23,0,40,0,54,,85941,23,0,40,0,14,,85965,23,0,40,0,15,,85942,23,0,40,0,13,,85943,23,0,40,0,72,,85944,23,0,40,0,78,,85945,35,0,40,0,31,,85946,23,0,40,0,71,,85947,23,0,40,0,36,,85948,23,0,40,0,76,,85949,23,0,40,0,23,,85969,23,,,0,65,,85966,35,0,40,0,29,,85950,23,0,40,0,67,,85951,23,0,40,0,30,,85954,35,0,40,0,75,,85952,23,0,40,0,30,,85955,35,0,40,0,76,,85953,23,0,40,0,28,,85972,23,0,40,0,68,,85956,35,0,40,0,5,,85967,7,0,40,0,14,,85957,23,0,40,0,15,,85973,23,,,0,14,,85959,23,0,40,0,65,,85962,7,0,40,0,19,,85970,23,,,0,75,,85960,23,0,40,0,24,,85961,35,0,40,0
400,'S2-1_3',729,,85996,23,0,43,0,15,,86004,23,0,40,0,15,,85974,23,0,40,0,54,,85975,23,0,40,0,14,,85998,23,0,40,0,15,,85976,23,0,40,0,13,,85977,23,0,40,0,72,,85978,23,0,40,0,78,,85979,35,0,40,0,31,,85980,23,0,40,0,71,,85981,23,0,40,0,36,,85982,23,0,40,0,76,,85983,23,0,40,0,23,,86002,23,,,0,65,,85999,35,0,40,0,29,,85984,23,0,40,0,67,,85985,23,0,40,0,30,,85988,35,0,40,0,75,,85986,23,0,40,0,30,,85989,35,0,40,0,76,,85987,23,0,40,0,28,,86005,23,0,40,0,68,,85990,35,0,40,0,5,,86000,7,0,40,0,14,,85991,23,0,40,0,15,,86006,23,,,0,14,,85993,23,0,40,0,65,,85992,35,0,40,0,19,,86003,23,,,0,75,,85994,23,0,40,0,24,,85995,35,0,40,0
400,'S2-2_6',727,,86013,23,0,40,0,104,,86014,23,0,40,0,74,,86007,35,0,40,0,27,,86015,23,0,40,0,72,,86016,23,0,40,0,30,,86017,23,0,40,0,71,,86008,35,0,40,0,31,,86018,23,0,40,0,69,,86020,23,0,40,0,30,,86019,23,0,40,0,69,,86009,35,0,40,0,31,,86021,23,0,40,0,70,,86022,23,0,40,0,29,,86023,23,0,40,0,73,,86010,35,0,40,0,32,,86024,23,0,40,0,69,,86025,23,0,40,0,30,,86026,23,0,40,0,72,,86011,35,0,40,0,35,,86027,23,0,40,0,71,,86028,23,0,40,0,31,,86029,23,0,40,0,69,,86012,35,0,40,0,31,,86030,23,0,40,0
400,'S2-3_7',841,,86031,35,0,40,0,165,,86032,35,0,40,0,125,,86033,35,0,40,0,200,,86034,35,0,40,0,126,,86035,35,0,40,0,165,,86036,35,0,40,0,126,,86037,35,0,40,0,165,,86038,35,0,40,0
400,'S2-4_1',729,,86062,23,0,43,0,15,,86070,23,0,40,0,15,,86039,23,0,40,0,54,,86040,23,0,40,0,14,,86064,23,0,40,0,15,,86041,23,0,40,0,13,,86042,23,0,40,0,72,,86043,23,0,40,0,78,,86044,35,0,40,0,31,,86045,23,0,40,0,71,,86046,23,0,40,0,36,,86047,23,0,40,0,76,,86048,23,0,40,0,23,,86068,23,,,0,65,,86065,35,0,40,0,29,,86049,23,0,40,0,67,,86050,23,0,40,0,30,,86053,35,0,40,0,75,,86051,23,0,40,0,30,,86054,35,0,40,0,76,,86052,23,0,40,0,28,,86071,23,0,40,0,68,,86055,35,0,40,0,5,,86066,7,0,40,0,14,,86056,23,0,40,0,15,,86072,23,,,0,14,,86058,23,0,40,0,65,,86061,7,0,40,0,19,,86069,23,,,0,75,,86059,23,0,40,0,24,,86060,35,0,40,0
400,'S2-4_2',729,,86096,23,0,43,0,15,,86104,23,0,40,0,15,,86073,23,0,40,0,54,,86074,23,0,40,0,14,,86098,23,0,40,0,15,,86075,23,0,40,0,13,,86076,23,0,40,0,72,,86077,23,0,40,0,78,,86078,35,0,40,0,31,,86079,23,0,40,0,71,,86080,23,0,40,0,36,,86081,23,0,40,0,76,,86082,23,0,40,0,23,,86102,23,,,0,65,,86099,35,0,40,0,29,,86083,23,0,40,0,67,,86084,23,0,40,0,30,,86087,35,0,40,0,75,,86085,23,0,40,0,30,,86088,35,0,40,0,76,,86086,23,0,40,0,28,,86105,23,0,40,0,68,,86089,35,0,40,0,5,,86100,7,0,40,0,14,,86090,23,0,40,0,15,,86106,23,,,0,14,,86092,23,0,40,0,65,,86095,7,0,40,0,19,,86103,23,,,0,75,,86093,23,0,40,0,24,,86094,35,0,40,0
400,'S2-4_4',729,,86130,23,0,43,0,15,,86138,23,0,40,0,15,,86107,23,0,40,0,54,,86108,23,0,40,0,14,,86132,23,0,40,0,15,,86109,23,0,40,0,13,,86110,23,0,40,0,72,,86111,23,0,40,0,78,,86112,35,0,40,0,31,,86113,23,0,40,0,71,,86114,23,0,40,0,36,,86115,23,0,40,0,76,,86116,23,0,40,0,23,,86136,23,,,0,65,,86133,35,0,40,0,29,,86117,23,0,40,0,67,,86118,23,0,40,0,30,,86121,35,0,40,0,75,,86119,23,0,40,0,30,,86122,35,0,40,0,76,,86120,23,0,40,0,28,,86139,23,0,40,0,68,,86123,35,0,40,0,5,,86134,7,0,40,0,14,,86124,23,0,40,0,15,,86140,23,,,0,14,,86126,23,0,40,0,65,,86129,7,0,40,0,19,,86137,23,,,0,75,,86127,23,0,40,0,24,,86128,35,0,40,0
2500,'S2-0_2',737,,88736,7,,,0,72,,88737,7,,,0,41,,88738,7,,,0,152,,88739,7,,,0,112,,88740,7,,,0,130,,88741,7,,,0,156,,88742,7,,,0,116,,88743,7,,,0,84,,88744,7,,,0,46,,88745,7,,,0,109,,88746,7,,,0,84,,88747,7,,,0,112,,88748,7,,,0
2500,'S2-0_4',737,,88749,7,,,0,72,,88750,7,,,0,41,,88751,7,,,0,152,,88752,7,,,0,112,,88753,7,,,0,130,,88754,7,,,0,156,,88755,7,,,0,116,,88756,7,,,0,84,,88757,7,,,0,46,,88758,7,,,0,109,,88759,7,,,0,84,,88760,7,,,0,112,,88761,7,,,0
2500,'S2-0_5',737,,88762,7,,,0,72,,88763,7,,,0,41,,88764,7,,,0,152,,88765,7,,,0,112,,88766,7,,,0,130,,88767,7,,,0,156,,88768,7,,,0,116,,88769,7,,,0,84,,88770,7,,,0,46,,88771,7,,,0,109,,88772,7,,,0,84,,88773,7,,,0,112,,88774,7,,,0
2500,'S2-1_3',737,,88775,7,,,0,72,,88776,7,,,0,41,,88777,7,,,0,152,,88778,7,,,0,112,,88779,7,,,0,130,,88780,7,,,0,156,,88781,7,,,0,116,,88782,7,,,0,84,,88783,7,,,0,46,,88784,7,,,0,109,,88785,7,,,0,84,,88786,7,,,0,112,,88787,7,,,0
2500,'S2-2_6',737,,88788,7,,,0,113,,88789,7,,,0,167,,88790,7,,,0,113,,88791,7,,,0,128,,88792,7,,,0,152,,88793,7,,,0,131,,88794,7,,,0,160,,88795,7,,,0,121,,88796,7,,,0,115,,88797,7,,,0
2500,'S2-4_1',737,,88798,7,,,0,72,,88799,7,,,0,41,,88800,7,,,0,152,,88801,7,,,0,112,,88802,7,,,0,130,,88803,7,,,0,156,,88804,7,,,0,116,,88805,7,,,0,84,,88806,7,,,0,46,,88807,7,,,0,109,,88808,7,,,0,84,,88809,7,,,0,112,,88810,7,,,0
2500,'S2-4_2',737,,88811,7,,,0,72,,88812,7,,,0,41,,88813,7,,,0,152,,88814,7,,,0,112,,88815,7,,,0,130,,88816,7,,,0,156,,88817,7,,,0,116,,88818,7,,,0,84,,88819,7,,,0,46,,88820,7,,,0,109,,88821,7,,,0,84,,88822,7,,,0,112,,88823,7,,,0
2500,'S2-4_4',737,,88824,7,,,0,72,,88825,7,,,0,41,,88826,7,,,0,152,,88827,7,,,0,112,,88828,7,,,0,130,,88829,7,,,0,156,,88830,7,,,0,116,,88831,7,,,0,84,,88832,7,,,0,46,,88833,7,,,0,109,,88834,7,,,0,84,,88835,7,,,0,112,,88836,7,,,0
2600,'S2-0_2',717,,88938,22,,,0,16,,88949,22,,,0,80,,88950,22,,,0,18,,88951,22,,,0,84,,88952,22,,,0,29,,88953,22,,,0,95,,88939,22,,,0,99,,88940,22,,,0,96,,88941,22,,,0,68,,88942,22,,,0,30,,88957,22,,,0,95,,88958,22,,,0,111,,88943,22,,,0,86,,88944,22,,,0,25,,88954,22,,,0,73,,88955,22,,,0,20,,88945,22,,,0,67,,88946,22,,,0,31,,88947,22,,,0,68,,88960,22,,,0
2600,'S2-0_4',717,,88963,22,,,0,16,,88974,22,,,0,80,,88975,22,,,0,18,,88976,22,,,0,84,,88977,22,,,0,29,,88978,22,,,0,95,,88964,22,,,0,99,,88965,22,,,0,96,,88966,22,,,0,68,,88967,22,,,0,30,,88982,22,,,0,95,,88983,22,,,0,111,,88968,22,,,0,86,,88969,22,,,0,25,,88979,22,,,0,73,,88980,22,,,0,20,,88970,22,,,0,67,,88971,22,,,0,31,,88972,22,,,0,68,,88985,22,,,0
2600,'S2-0_5',717,,88987,22,,,0,16,,88998,22,,,0,80,,88999,22,,,0,18,,89000,22,,,0,84,,89001,22,,,0,29,,89002,22,,,0,95,,88988,22,,,0,99,,88989,22,,,0,96,,88990,22,,,0,68,,88991,22,,,0,30,,89006,22,,,0,95,,89007,22,,,0,111,,88992,22,,,0,86,,88993,22,,,0,25,,89003,22,,,0,73,,89004,22,,,0,20,,88994,22,,,0,67,,88995,22,,,0,31,,88996,22,,,0,68,,89009,22,,,0
2600,'S2-1_3',717,,89011,22,,,0,16,,89022,22,,,0,80,,89023,22,,,0,18,,89024,22,,,0,84,,89025,22,,,0,29,,89026,22,,,0,95,,89012,22,,,0,99,,89013,22,,,0,96,,89014,22,,,0,68,,89015,22,,,0,30,,89030,22,,,0,95,,89031,22,,,0,111,,89016,22,,,0,86,,89017,22,,,0,25,,89027,22,,,0,73,,89028,22,,,0,20,,89018,22,,,0,67,,89019,22,,,0,31,,89020,22,,,0,68,,89032,22,,,0
2600,'S2-2_6',738,,89034,22,,,0,85,,89035,22,,,0,85,,89036,22,,,0,45,,89037,22,,,0,84,,89038,22,,,0,90,,89039,22,,,0,84,,89040,22,,,0,42,,89041,22,,,0,85,,89042,22,,,0,85,,89043,22,,,0,83,,89044,22,,,0,45,,89045,22,,,0,90,,89046,22,,,0,86,,89047,22,,,0,83,,89048,22,,,0,45,,89049,22,,,0,82,,89050,22,,,0
2600,'S2-4_1',717,,89051,22,,,0,16,,89062,22,,,0,80,,89063,22,,,0,18,,89064,22,,,0,84,,89065,22,,,0,29,,89066,22,,,0,95,,89052,22,,,0,99,,89053,22,,,0,96,,89054,22,,,0,68,,89055,22,,,0,30,,89070,22,,,0,95,,89071,22,,,0,111,,89056,22,,,0,86,,89057,22,,,0,25,,89067,22,,,0,73,,89068,22,,,0,20,,89058,22,,,0,67,,89059,22,,,0,31,,89060,22,,,0,68,,89073,22,,,0
2600,'S2-4_2',717,,89075,22,,,0,16,,89086,22,,,0,80,,89087,22,,,0,18,,89088,22,,,0,84,,89089,22,,,0,29,,89090,22,,,0,95,,89076,22,,,0,99,,89077,22,,,0,96,,89078,22,,,0,68,,89079,22,,,0,30,,89094,22,,,0,95,,89095,22,,,0,111,,89080,22,,,0,86,,89081,22,,,0,25,,89091,22,,,0,73,,89092,22,,,0,20,,89082,22,,,0,67,,89083,22,,,0,31,,89084,22,,,0,68,,89097,22,,,0
2600,'S2-4_4',717,,89100,22,,,0,16,,89111,22,,,0,80,,89112,22,,,0,18,,89113,22,,,0,84,,89114,22,,,0,29,,89115,22,,,0,95,,89101,22,,,0,99,,89102,22,,,0,96,,89103,22,,,0,68,,89104,22,,,0,30,,89119,22,,,0,95,,89120,22,,,0,111,,89105,22,,,0,86,,89106,22,,,0,25,,89116,22,,,0,73,,89117,22,,,0,20,,89107,22,,,0,67,,89108,22,,,0,31,,89109,22,,,0,68,,89122,22,,,0
3000000,'S2-0_2',647,,92636,17,,,0,59,,92635,17,,,0,20,,92640,2,0,14,0,4,,92595,17,,,0,9,,92637,2,0,14,0,11,,92596,17,,,0,8,,92638,2,0,14,0,51,,92597,17,,,0,8,,92639,2,0,14,0,11,,92598,17,,,0,20,,92599,17,,,0,62,,92600,17,,,0,21,,92601,17,,,0,19,,92602,17,,,0,61,,92603,17,,,0,18,,92604,17,,,0,21,,92605,17,,,0,60,,92606,17,,,0,20,,92607,17,,,0,20,,92608,17,,,0,61,,92609,17,,,0,20,,92610,17,,,0,20,,92611,17,,,0,59,,92612,17,,,0,20,,92613,17,,,0,19,,92614,17,,,0,61,,92615,17,,,0,21,,92616,17,,,0,20,,92617,17,,,0,60,,92618,17,,,0,19,,92619,17,,,0,19,,92620,17,,,0,61,,92621,17,,,0,16,,92622,17,,,0,20,,92623,17,,,0,60,,92624,17,,,0,20,,92625,17,,,0,20,,92626,17,,,0,60,,92627,17,,,0,20,,92628,17,,,0,21,,92629,17,,,0,60,,92630,17,,,0,19,,92631,17,,,0,29,,92632,17,,,0,73,,92633,17,,,0,72,,92634,17,,,0
3000000,'S2-0_4',647,,92682,17,,,0,59,,92681,17,,,0,20,,92686,2,0,14,0,4,,92641,17,,,0,9,,92683,2,0,14,0,11,,92642,17,,,0,8,,92684,2,0,14,0,51,,92643,17,,,0,8,,92685,2,0,14,0,11,,92644,17,,,0,20,,92645,17,,,0,62,,92646,17,,,0,21,,92647,17,,,0,19,,92648,17,,,0,61,,92649,17,,,0,18,,92650,17,,,0,21,,92651,17,,,0,60,,92652,17,,,0,20,,92653,17,,,0,20,,92654,17,,,0,61,,92655,17,,,0,20,,92656,17,,,0,20,,92657,17,,,0,59,,92658,17,,,0,20,,92659,17,,,0,19,,92660,17,,,0,61,,92661,17,,,0,21,,92662,17,,,0,20,,92663,17,,,0,60,,92664,17,,,0,19,,92665,17,,,0,19,,92666,17,,,0,61,,92667,17,,,0,16,,92668,17,,,0,20,,92669,17,,,0,60,,92670,17,,,0,20,,92671,17,,,0,20,,92672,17,,,0,60,,92673,17,,,0,20,,92674,17,,,0,21,,92675,17,,,0,60,,92676,17,,,0,19,,92677,17,,,0,29,,92678,17,,,0,73,,92679,17,,,0,72,,92680,17,,,0
3000000,'S2-0_5',647,,92728,17,,,0,59,,92727,17,,,0,20,,92732,2,0,14,0,4,,92687,17,,,0,9,,92729,2,0,14,0,11,,92688,17,,,0,8,,92730,2,0,14,0,51,,92689,17,,,0,8,,92731,2,0,14,0,11,,92690,17,,,0,20,,92691,17,,,0,62,,92692,17,,,0,21,,92693,17,,,0,19,,92694,17,,,0,61,,92695,17,,,0,18,,92696,17,,,0,21,,92697,17,,,0,60,,92698,17,,,0,20,,92699,17,,,0,20,,92700,17,,,0,61,,92701,17,,,0,20,,92702,17,,,0,20,,92703,17,,,0,59,,92704,17,,,0,20,,92705,17,,,0,19,,92706,17,,,0,61,,92707,17,,,0,21,,92708,17,,,0,20,,92709,17,,,0,60,,92710,17,,,0,19,,92711,17,,,0,19,,92712,17,,,0,61,,92713,17,,,0,16,,92714,17,,,0,20,,92715,17,,,0,60,,92716,17,,,0,20,,92717,17,,,0,20,,92718,17,,,0,60,,92719,17,,,0,20,,92720,17,,,0,21,,92721,17,,,0,60,,92722,17,,,0,19,,92723,17,,,0,29,,92724,17,,,0,73,,92725,17,,,0,72,,92726,17,,,0
3000000,'S2-1_3',647,,92774,17,,,0,59,,92773,17,,,0,20,,92778,2,0,14,0,4,,92733,17,,,0,9,,92775,2,0,14,0,11,,92734,17,,,0,8,,92776,2,0,14,0,51,,92735,17,,,0,8,,92777,2,0,14,0,11,,92736,17,,,0,20,,92737,17,,,0,62,,92738,17,,,0,21,,92739,17,,,0,19,,92740,17,,,0,61,,92741,17,,,0,18,,92742,17,,,0,21,,92743,17,,,0,60,,92744,17,,,0,20,,92745,17,,,0,20,,92746,17,,,0,61,,92747,17,,,0,20,,92748,17,,,0,20,,92749,17,,,0,59,,92750,17,,,0,20,,92751,17,,,0,19,,92752,17,,,0,61,,92753,17,,,0,21,,92754,17,,,0,20,,92755,17,,,0,60,,92756,17,,,0,19,,92757,17,,,0,19,,92758,17,,,0,61,,92759,17,,,0,16,,92760,17,,,0,20,,92761,17,,,0,60,,92762,17,,,0,20,,92763,17,,,0,20,,92764,17,,,0,60,,92765,17,,,0,20,,92766,17,,,0,21,,92767,17,,,0,60,,92768,17,,,0,19,,92769,17,,,0,29,,92770,17,,,0,73,,92771,17,,,0,72,,92772,17,,,0
3000000,'S2-2_6',650,,92779,17,,,0,82,,92780,17,,,0,82,,92781,17,,,0,30,,92782,17,,,0,60,,92783,17,,,0,20,,92784,17,,,0,21,,92785,17,,,0,60,,92786,17,,,0,20,,92787,17,,,0,20,,92788,17,,,0,61,,92789,17,,,0,19,,92790,17,,,0,20,,92791,17,,,0,60,,92792,17,,,0,19,,92793,17,,,0,19,,92794,17,,,0,60,,92795,17,,,0,20,,92796,17,,,0,21,,92797,17,,,0,59,,92798,17,,,0,21,,92799,17,,,0,20,,92800,17,,,0,61,,92801,17,,,0,20,,92802,17,,,0,20,,92803,17,,,0,60,,92804,17,,,0,20,,92805,17,,,0,20,,92806,17,,,0,60,,92807,17,,,0,20,,92808,17,,,0,20,,92809,17,,,0,60,,92810,17,,,0,19,,92811,17,,,0,19,,92812,17,,,0,59,,92813,17,,,0,30,,92814,17,,,0,70,,92815,17,,,0,29,,92816,17,,,0,69,,92817,17,,,0
3000000,'S2-3_7',812,,92819,17,,,0,130,,92820,17,,,0,170,,92827,17,,,0,130,,92826,17,,,0,170,,92825,17,,,0,130,,92823,17,,,0,100,,92832,2,0,14,0,70,,92824,17,,,0,30,,92818,2,0,14,0,70,,92828,2,0,14,0,29,,92822,17,,,0,71,,92829,2,0,14,0,30,,92830,2,0,14,0,69,,92821,17,,,0,91,,92831,2,0,14,0
3000000,'S2-4_1',647,,92874,17,,,0,59,,92873,17,,,0,20,,92878,2,0,14,0,4,,92833,17,,,0,9,,92875,2,0,14,0,11,,92834,17,,,0,8,,92876,2,0,14,0,51,,92835,17,,,0,8,,92877,2,0,14,0,11,,92836,17,,,0,20,,92837,17,,,0,62,,92838,17,,,0,21,,92839,17,,,0,19,,92840,17,,,0,61,,92841,17,,,0,18,,92842,17,,,0,21,,92843,17,,,0,60,,92844,17,,,0,20,,92845,17,,,0,20,,92846,17,,,0,61,,92847,17,,,0,20,,92848,17,,,0,20,,92849,17,,,0,59,,92850,17,,,0,20,,92851,17,,,0,19,,92852,17,,,0,61,,92853,17,,,0,21,,92854,17,,,0,20,,92855,17,,,0,60,,92856,17,,,0,19,,92857,17,,,0,19,,92858,17,,,0,61,,92859,17,,,0,16,,92860,17,,,0,20,,92861,17,,,0,60,,92862,17,,,0,20,,92863,17,,,0,20,,92864,17,,,0,60,,92865,17,,,0,20,,92866,17,,,0,21,,92867,17,,,0,60,,92868,17,,,0,19,,92869,17,,,0,29,,92870,17,,,0,73,,92871,17,,,0,72,,92872,17,,,0
3000000,'S2-4_2',647,,92920,17,,,0,59,,92919,17,,,0,20,,92924,2,0,14,0,4,,92879,17,,,0,9,,92921,2,0,14,0,11,,92880,17,,,0,8,,92922,2,0,14,0,51,,92881,17,,,0,8,,92923,2,0,14,0,11,,92882,17,,,0,20,,92883,17,,,0,62,,92884,17,,,0,21,,92885,17,,,0,19,,92886,17,,,0,61,,92887,17,,,0,18,,92888,17,,,0,21,,92889,17,,,0,60,,92890,17,,,0,20,,92891,17,,,0,20,,92892,17,,,0,61,,92893,17,,,0,20,,92894,17,,,0,20,,92895,17,,,0,59,,92896,17,,,0,20,,92897,17,,,0,19,,92898,17,,,0,61,,92899,17,,,0,21,,92900,17,,,0,20,,92901,17,,,0,60,,92902,17,,,0,19,,92903,17,,,0,19,,92904,17,,,0,61,,92905,17,,,0,16,,92906,17,,,0,20,,92907,17,,,0,60,,92908,17,,,0,20,,92909,17,,,0,20,,92910,17,,,0,60,,92911,17,,,0,20,,92912,17,,,0,21,,92913,17,,,0,60,,92914,17,,,0,19,,92915,17,,,0,29,,92916,17,,,0,73,,92917,17,,,0,72,,92918,17,,,0
3000000,'S2-4_4',647,,92966,17,,,0,59,,92965,17,,,0,20,,92970,2,0,14,0,4,,92925,17,,,0,9,,92967,2,0,14,0,11,,92926,17,,,0,8,,92968,2,0,14,0,51,,92927,17,,,0,8,,92969,2,0,14,0,11,,92928,17,,,0,20,,92929,17,,,0,62,,92930,17,,,0,21,,92931,17,,,0,19,,92932,17,,,0,61,,92933,17,,,0,18,,92934,17,,,0,21,,92935,17,,,0,60,,92936,17,,,0,20,,92937,17,,,0,20,,92938,17,,,0,61,,92939,17,,,0,20,,92940,17,,,0,20,,92941,17,,,0,59,,92942,17,,,0,20,,92943,17,,,0,19,,92944,17,,,0,61,,92945,17,,,0,21,,92946,17,,,0,20,,92947,17,,,0,60,,92948,17,,,0,19,,92949,17,,,0,19,,92950,17,,,0,61,,92951,17,,,0,16,,92952,17,,,0,20,,92953,17,,,0,60,,92954,17,,,0,20,,92955,17,,,0,20,,92956,17,,,0,60,,92957,17,,,0,20,,92958,17,,,0,21,,92959,17,,,0,60,,92960,17,,,0,19,,92961,17,,,0,29,,92962,17,,,0,73,,92963,17,,,0,72,,92964,17,,,0
