400,'5_1',733,,74177,35,,,0,74,,74174,35,0,40,0,510,,74169,47,0,40,0,336,,74173,35,,,0,69,,74170,47,0,40,0,26,,74165,35,0,40,0
400,'5_2',733,,75497,35,,,0,74,,75494,35,0,40,0,510,,75489,47,0,40,0,336,,75493,35,,,0,69,,75490,47,0,40,0,26,,75485,35,0,40,0
400,'5_3',733,,75522,35,,,0,74,,75519,35,0,40,0,510,,75514,47,0,40,0,336,,75518,35,,,0,69,,75515,47,0,40,0,26,,75510,35,0,40,0
400,'5_4',733,,75547,35,,,0,74,,75544,35,0,40,0,510,,75539,47,0,40,0,336,,75543,35,,,0,69,,75540,47,0,40,0,26,,75535,35,0,40,0
400,'5_5',733,,78032,35,,,0,74,,78029,35,0,40,0,510,,78024,47,0,40,0,336,,78028,35,,,0,69,,78025,47,0,40,0,26,,78020,35,0,40,0
400,'7_1',733,,80471,35,,,0,74,,80468,35,0,40,0,510,,80463,47,0,40,0,336,,80467,35,,,0,69,,80464,47,0,40,0,26,,80459,35,0,40,0
400,'7_4',733,,79316,35,,,0,74,,79313,35,0,40,0,510,,79308,47,0,40,0,336,,79312,35,,,0,69,,79309,47,0,40,0,26,,79304,35,0,40,0
400,'7_5',733,,80496,35,,,0,74,,80493,35,0,40,0,510,,80488,47,0,40,0,336,,80492,35,,,0,69,,80489,47,0,40,0,26,,80484,35,0,40,0
401,'5_1',701,,74188,26,,,0,16,,74189,20,0,41,0,40,,74200,20,0,41,0,471,,74195,20,0,41,0,416,,74190,20,,,0,68,,74191,23,0,41,0,104,,74192,20,0,41,0
401,'5_2',701,,75558,26,,,0,16,,75559,20,0,41,0,40,,75570,20,0,41,0,471,,75565,20,0,41,0,416,,75560,20,,,0,68,,75561,23,0,41,0,104,,75562,20,0,41,0
401,'5_3',701,,75584,26,,,0,16,,75585,20,0,41,0,40,,75596,20,0,41,0,471,,75591,20,0,41,0,416,,75586,20,,,0,68,,75587,23,0,41,0,104,,75588,20,0,41,0
401,'5_4',701,,75610,26,,,0,16,,75611,20,0,41,0,40,,75622,20,0,41,0,471,,75617,20,0,41,0,416,,75612,20,,,0,68,,75613,23,0,41,0,104,,75614,20,0,41,0
401,'5_5',701,,78043,26,,,0,16,,78044,20,0,41,0,40,,78055,20,0,41,0,471,,78050,20,0,41,0,416,,78045,20,,,0,68,,78046,23,0,41,0,104,,78047,20,0,41,0
401,'7_1',701,,80507,26,,,0,16,,80508,20,0,41,0,40,,80519,20,0,41,0,471,,80514,20,0,41,0,416,,80509,20,,,0,68,,80510,23,0,41,0,104,,80511,20,0,41,0
401,'7_4',701,,79327,26,,,0,16,,79328,20,0,41,0,40,,79339,20,0,41,0,471,,79334,20,0,41,0,416,,79329,20,,,0,68,,79330,23,0,41,0,104,,79331,20,0,41,0
401,'7_5',701,,80533,26,,,0,16,,80534,20,0,41,0,40,,80545,20,0,41,0,471,,80540,20,0,41,0,416,,80535,20,,,0,68,,80536,23,0,41,0,104,,80537,20,0,41,0
