501,'S2-0_2',950,,86513,33,,,0,105,,86514,33,,,0,101,,86515,33,,,0,85,,86516,33,,,0,94,,86517,33,,,0,98,,86518,33,,,0,103,,86519,33,,,0,103,,86520,33,,,0,107,,86521,33,,,0,101,,86525,33,,,0,166,,86526,33,,,0
501,'S2-0_4',950,,86527,33,,,0,105,,86528,33,,,0,101,,86529,33,,,0,85,,86530,33,,,0,94,,86531,33,,,0,98,,86532,33,,,0,103,,86533,33,,,0,103,,86534,33,,,0,107,,86535,33,,,0,101,,86539,33,,,0,166,,86540,33,,,0
501,'S2-0_5',950,,86541,33,,,0,105,,86542,33,,,0,101,,86543,33,,,0,85,,86544,33,,,0,94,,86545,33,,,0,98,,86546,33,,,0,103,,86547,33,,,0,103,,86548,33,,,0,107,,86549,33,,,0,101,,86553,33,,,0,166,,86554,33,,,0
501,'S2-1_3',950,,86555,33,,,0,105,,86556,33,,,0,101,,86557,33,,,0,85,,86558,33,,,0,94,,86559,33,,,0,98,,86560,33,,,0,103,,86561,33,,,0,103,,86562,33,,,0,107,,86563,33,,,0,101,,86565,33,,,0,166,,86566,33,,,0
501,'S2-2_6',840,,86567,33,,,0,101,,86568,33,,,0,101,,86569,33,,,0,100,,86570,33,,,0,99,,86571,33,,,0,94,,86572,33,,,0,99,,86573,33,,,0,101,,86574,33,,,0,99,,86575,33,,,0,104,,86576,33,,,0,98,,86577,33,,,0,186,,86578,33,,,0
501,'S2-4_1',950,,86579,33,,,0,105,,86580,33,,,0,101,,86581,33,,,0,85,,86582,33,,,0,94,,86583,33,,,0,98,,86584,33,,,0,103,,86585,33,,,0,103,,86586,33,,,0,107,,86587,33,,,0,101,,86591,33,,,0,166,,86592,33,,,0
501,'S2-4_2',950,,86593,33,,,0,105,,86594,33,,,0,101,,86595,33,,,0,85,,86596,33,,,0,94,,86597,33,,,0,98,,86598,33,,,0,103,,86599,33,,,0,103,,86600,33,,,0,107,,86601,33,,,0,101,,86605,33,,,0,166,,86606,33,,,0
501,'S2-4_4',950,,86607,33,,,0,105,,86608,33,,,0,101,,86609,33,,,0,85,,86610,33,,,0,94,,86611,33,,,0,98,,86612,33,,,0,103,,86613,33,,,0,103,,86614,33,,,0,107,,86615,33,,,0,101,,86619,33,,,0,166,,86620,33,,,0
2900501,'S2-0_2',1748,,92488,6,,,0,110,,92489,6,,,0
2900501,'S2-0_4',1748,,92490,6,,,0,110,,92491,6,,,0
2900501,'S2-0_5',1748,,92492,6,,,0,110,,92493,6,,,0
2900501,'S2-1_3',1253,,92494,6,,,0,495,,92495,6,,,0,110,,92496,6,,,0
2900501,'S2-4_1',1748,,92497,6,,,0,110,,92498,6,,,0
2900501,'S2-4_2',1748,,92499,6,,,0,110,,92500,6,,,0
2900501,'S2-4_4',1748,,92501,6,,,0,110,,92502,6,,,0
