100,'0_6',743,,62779,48,0,61 8,0,109,,62791,48,0,61 8,0,95,,62780,48,0,61 8,0,70,,62792,48,0,61 8,0,30,,62781,48,0,61 8,0,72,,62793,48,0,61 8,0,30,,62782,48,0,61 8,0,69,,62794,48,0,61 8,0,30,,62783,48,0,61 8,0,68,,62795,48,0,61 8,0,31,,62784,48,0,61 8,0,70,,62796,48,0,61 8,0,30,,62785,48,0,61 8,0,70,,62797,48,0,61 8,0,30,,62786,48,0,61 8,0,72,,62798,48,0,61 8,0,32,,62787,48,0,61 8,0,72,,62799,48,0,61 8,0,31,,62788,48,0,61 8,0,68,,62800,48,0,61 8,0,27,,62789,48,0,61 8,0,71,,62801,48,0,61 8,0,28,,62790,48,0,61 8,0
100,'1_7',945,,62802,48,0,61 8,0,104,,62807,48,0,61 8,0,106,,62803,48,0,61 8,0,104,,62808,48,0,61 8,0,90,,62804,48,0,61 8,0,100,,62809,48,0,61 8,0,106,,62805,48,0,61 8,0,145,,62810,48,0,61 8,0,104,,62806,48,0,61 8,0,105,,62811,48,0,61 8,0
100,'5_1',743,,73973,48,0,61 8,0,69,,73974,48,,,0,35,,73976,48,0,61 8,0,65,,73977,48,0,61 8,0,30,,73975,48,0,61 8,0,69,,73978,48,0,61 8,0,35,,73979,48,0,61 8,0,70,,73982,48,0,61 8,0,31,,73980,48,0,61 8,0,72,,73981,48,0,61 8,0,31,,73984,48,,,0,70,,73983,48,0,61 8,0,31,,73985,48,,,0,70,,73986,48,0,61 8,0,30,,73988,48,0,61 8,0,69,,73987,48,0,61 8,0,31,,73992,48,0,61 8,0,71,,73991,48,0,61 8,0,32,,73993,48,,,0,75,,73989,48,0,61 8,0,28,,73994,48,,,0,70,,73990,48,0,61 8,0,27,,73995,48,,,0,70,,73996,48,0,61 8,0,29,,73997,48,,,0
100,'5_2',743,,74933,48,0,61 8,0,69,,74934,48,,,0,35,,74936,48,0,61 8,0,65,,74937,48,0,61 8,0,30,,74935,48,0,61 8,0,69,,74938,48,0,61 8,0,35,,74939,48,0,61 8,0,70,,74942,48,0,61 8,0,31,,74940,48,0,61 8,0,72,,74941,48,0,61 8,0,31,,74944,48,,,0,70,,74943,48,0,61 8,0,31,,74945,48,,,0,70,,74946,48,0,61 8,0,30,,74948,48,0,61 8,0,69,,74947,48,0,61 8,0,31,,74952,48,0,61 8,0,71,,74951,48,0,61 8,0,32,,74953,48,,,0,75,,74949,48,0,61 8,0,28,,74954,48,,,0,70,,74950,48,0,61 8,0,27,,74955,48,,,0,70,,74956,48,0,61 8,0,29,,74957,48,,,0
100,'5_3',743,,74958,48,0,61 8,0,69,,74959,48,,,0,35,,74961,48,0,61 8,0,65,,74962,48,0,61 8,0,30,,74960,48,0,61 8,0,69,,74963,48,0,61 8,0,35,,74964,48,0,61 8,0,70,,74967,48,0,61 8,0,31,,74965,48,0,61 8,0,72,,74966,48,0,61 8,0,31,,74969,48,,,0,70,,74968,48,0,61 8,0,31,,74970,48,,,0,70,,74971,48,0,61 8,0,30,,74973,48,0,61 8,0,69,,74972,48,0,61 8,0,31,,74977,48,0,61 8,0,71,,74976,48,0,61 8,0,32,,74978,48,,,0,75,,74974,48,0,61 8,0,28,,74979,48,,,0,70,,74975,48,0,61 8,0,27,,74980,48,,,0,70,,74981,48,0,61 8,0,29,,74982,48,,,0
100,'7_1',743,,80072,48,0,61 8,0,69,,80073,48,,,0,35,,80075,48,0,61 8,0,65,,80076,48,0,61 8,0,30,,80074,48,0,61 8,0,69,,80077,48,0,61 8,0,35,,80078,48,0,61 8,0,70,,80081,48,0,61 8,0,31,,80079,48,0,61 8,0,72,,80080,48,0,61 8,0,31,,80083,48,,,0,70,,80082,48,0,61 8,0,31,,80084,48,,,0,70,,80085,48,0,61 8,0,30,,80087,48,0,61 8,0,69,,80086,48,0,61 8,0,31,,80091,48,0,61 8,0,71,,80090,48,0,61 8,0,32,,80092,48,,,0,75,,80088,48,0,61 8,0,28,,80093,48,,,0,70,,80089,48,0,61 8,0,27,,80094,48,,,0,70,,80095,48,0,61 8,0,29,,80096,48,,,0
100,'7_2',743,,82008,48,0,61 8,0,69,,82009,48,,,0,35,,82011,48,0,61 8,0,65,,82012,48,0,61 8,0,30,,82010,48,0,61 8,0,69,,82013,48,0,61 8,0,35,,82014,48,0,61 8,0,70,,82017,48,0,61 8,0,31,,82015,48,0,61 8,0,72,,82016,48,0,61 8,0,31,,82019,48,,,0,70,,82018,48,0,61 8,0,31,,82020,48,,,0,70,,82021,48,0,61 8,0,30,,82023,48,0,61 8,0,69,,82022,48,0,61 8,0,31,,82027,48,0,61 8,0,71,,82026,48,0,61 8,0,32,,82028,48,,,0,75,,82024,48,0,61 8,0,28,,82029,48,,,0,70,,82025,48,0,61 8,0,27,,82030,48,,,0,70,,82031,48,0,61 8,0,29,,82032,48,,,0
100,'7_3',743,,82033,48,0,61 8,0,69,,82034,48,,,0,35,,82036,48,0,61 8,0,65,,82037,48,0,61 8,0,30,,82035,48,0,61 8,0,69,,82038,48,0,61 8,0,35,,82039,48,0,61 8,0,70,,82042,48,0,61 8,0,31,,82040,48,0,61 8,0,72,,82041,48,0,61 8,0,31,,82044,48,,,0,70,,82043,48,0,61 8,0,31,,82045,48,,,0,70,,82046,48,0,61 8,0,30,,82048,48,0,61 8,0,69,,82047,48,0,61 8,0,31,,82052,48,0,61 8,0,71,,82051,48,0,61 8,0,32,,82053,48,,,0,75,,82049,48,0,61 8,0,28,,82054,48,,,0,70,,82050,48,0,61 8,0,27,,82055,48,,,0,70,,82056,48,0,61 8,0,29,,82057,48,,,0
100,'7_4',743,,79112,48,0,61 8,0,69,,79113,48,,,0,35,,79115,48,0,61 8,0,65,,79116,48,0,61 8,0,30,,79114,48,0,61 8,0,69,,79117,48,0,61 8,0,35,,79118,48,0,61 8,0,70,,79121,48,0,61 8,0,31,,79119,48,0,61 8,0,72,,79120,48,0,61 8,0,31,,79123,48,,,0,70,,79122,48,0,61 8,0,31,,79124,48,,,0,70,,79125,48,0,61 8,0,30,,79127,48,0,61 8,0,69,,79126,48,0,61 8,0,31,,79131,48,0,61 8,0,71,,79130,48,0,61 8,0,32,,79132,48,,,0,75,,79128,48,0,61 8,0,28,,79133,48,,,0,70,,79129,48,0,61 8,0,27,,79134,48,,,0,70,,79135,48,0,61 8,0,29,,79136,48,,,0
100,'7_5',743,,80097,48,0,61 8,0,69,,80098,48,,,0,35,,80100,48,0,61 8,0,65,,80101,48,0,61 8,0,30,,80099,48,0,61 8,0,69,,80102,48,0,61 8,0,35,,80103,48,0,61 8,0,70,,80106,48,0,61 8,0,31,,80104,48,0,61 8,0,72,,80105,48,0,61 8,0,31,,80108,48,,,0,70,,80107,48,0,61 8,0,31,,80109,48,,,0,70,,80110,48,0,61 8,0,30,,80112,48,0,61 8,0,69,,80111,48,0,61 8,0,31,,80116,48,0,61 8,0,71,,80115,48,0,61 8,0,32,,80117,48,,,0,75,,80113,48,0,61 8,0,28,,80118,48,,,0,70,,80114,48,0,61 8,0,27,,80119,48,,,0,70,,80120,48,0,61 8,0,29,,80121,48,,,0
