101,'0_6',721,,63047,28,0,5,0,115,,63048,28,0,5,0,105,,63049,28,0,5,0,70,,63060,28,0,6,0,30,,63050,28,0,5,0,71,,63061,28,0,6,0,30,,63051,28,0,5,0,70,,63062,28,0,6,0,29,,63052,28,0,5,0,69,,63063,28,0,6,0,31,,63053,28,0,5,0,70,,63064,28,0,6,0,30,,63054,28,0,5,0,70,,63065,28,0,6,0,30,,63055,28,0,5,0,72,,63066,28,0,6,0,31,,63056,28,0,5,0,69,,63067,28,0,6,0,33,,63057,28,0,5,0,70,,63068,28,0,6,0,34,,63058,28,0,5,0,65,,63069,28,0,6,0,26,,63059,28,0,5,0
101,'1_7',926,,63070,28,0,6,0,105,,63075,28,0,5,0,105,,63071,28,0,6,0,105,,63076,28,0,5,0,105,,63072,28,0,6,0,90,,63077,28,0,5,0,100,,63073,28,0,6,0,105,,63078,28,0,5,0,105,,63074,28,0,6,0,105,,63079,28,0,5,0
101,'5_1',721,,73998,34,0,5,0,30,,73999,28,0,5,0,75,,74000,34,0,6,0,30,,74002,28,0,5,0,75,,74001,34,0,6,0,75,,74003,28,0,5,0,32,,74007,28,0,6,0,72,,74004,28,0,5,0,32,,74005,28,0,6,0,70,,74006,28,0,5,0,29,,74008,28,0,6,0,70,,74009,28,0,5,0,30,,74010,28,0,6,0,69,,74012,34,0,5,0,31,,74011,28,0,6,0,71,,74013,34,0,5,0,30,,74015,28,0,6,0,71,,74019,28,0,5,0,32,,74018,28,0,6,0,72,,74016,28,0,5,0,30,,74017,28,0,6,0,70,,74014,34,0,5,0,24,,74020,28,0,6,0,70,,74021,34,0,5,0,25,,74022,28,0,6,0
101,'5_2',721,,75008,34,0,5,0,30,,75009,28,0,5,0,75,,75010,34,0,6,0,30,,75012,28,0,5,0,75,,75011,34,0,6,0,75,,75013,28,0,5,0,32,,75017,28,0,6,0,72,,75014,28,0,5,0,32,,75015,28,0,6,0,70,,75016,28,0,5,0,29,,75018,28,0,6,0,70,,75019,28,0,5,0,30,,75020,28,0,6,0,69,,75022,34,0,5,0,31,,75021,28,0,6,0,71,,75023,34,0,5,0,30,,75025,28,0,6,0,71,,75029,28,0,5,0,32,,75028,28,0,6,0,72,,75026,28,0,5,0,30,,75027,28,0,6,0,70,,75024,34,0,5,0,24,,75030,28,0,6,0,70,,75031,34,0,5,0,25,,75032,28,0,6,0
101,'5_3',721,,75033,34,0,5,0,30,,75034,28,0,5,0,75,,75035,34,0,6,0,30,,75037,28,0,5,0,75,,75036,34,0,6,0,75,,75038,28,0,5,0,32,,75042,28,0,6,0,72,,75039,28,0,5,0,32,,75040,28,0,6,0,70,,75041,28,0,5,0,29,,75043,28,0,6,0,70,,75044,28,0,5,0,30,,75045,28,0,6,0,69,,75047,34,0,5,0,31,,75046,28,0,6,0,71,,75048,34,0,5,0,30,,75050,28,0,6,0,71,,75054,28,0,5,0,32,,75053,28,0,6,0,72,,75051,28,0,5,0,30,,75052,28,0,6,0,70,,75049,34,0,5,0,24,,75055,28,0,6,0,70,,75056,34,0,5,0,25,,75057,28,0,6,0
101,'7_1',721,,80122,34,0,5,0,30,,80123,28,0,5,0,75,,80124,34,0,6,0,30,,80126,28,0,5,0,75,,80125,34,0,6,0,75,,80127,28,0,5,0,32,,80131,28,0,6,0,72,,80128,28,0,5,0,32,,80129,28,0,6,0,70,,80130,28,0,5,0,29,,80132,28,0,6,0,70,,80133,28,0,5,0,30,,80134,28,0,6,0,69,,80136,34,0,5,0,31,,80135,28,0,6,0,71,,80137,34,0,5,0,30,,80139,28,0,6,0,71,,80143,28,0,5,0,32,,80142,28,0,6,0,72,,80140,28,0,5,0,30,,80141,28,0,6,0,70,,80138,34,0,5,0,24,,80144,28,0,6,0,70,,80145,34,0,5,0,25,,80146,28,0,6,0
101,'7_2',721,,82058,34,0,5,0,30,,82059,28,0,5,0,75,,82060,34,0,6,0,30,,82062,28,0,5,0,75,,82061,34,0,6,0,75,,82063,28,0,5,0,32,,82067,28,0,6,0,72,,82064,28,0,5,0,32,,82065,28,0,6,0,70,,82066,28,0,5,0,29,,82068,28,0,6,0,70,,82069,28,0,5,0,30,,82070,28,0,6,0,69,,82072,34,0,5,0,31,,82071,28,0,6,0,71,,82073,34,0,5,0,30,,82075,28,0,6,0,71,,82079,28,0,5,0,32,,82078,28,0,6,0,72,,82076,28,0,5,0,30,,82077,28,0,6,0,70,,82074,34,0,5,0,24,,82080,28,0,6,0,70,,82081,34,0,5,0,25,,82082,28,0,6,0
101,'7_3',721,,82083,34,0,5,0,30,,82084,28,0,5,0,75,,82085,34,0,6,0,30,,82087,28,0,5,0,75,,82086,34,0,6,0,75,,82088,28,0,5,0,32,,82092,28,0,6,0,72,,82089,28,0,5,0,32,,82090,28,0,6,0,70,,82091,28,0,5,0,29,,82093,28,0,6,0,70,,82094,28,0,5,0,30,,82095,28,0,6,0,69,,82097,34,0,5,0,31,,82096,28,0,6,0,71,,82098,34,0,5,0,30,,82100,28,0,6,0,71,,82104,28,0,5,0,32,,82103,28,0,6,0,72,,82101,28,0,5,0,30,,82102,28,0,6,0,70,,82099,34,0,5,0,24,,82105,28,0,6,0,70,,82106,34,0,5,0,25,,82107,28,0,6,0
101,'7_4',721,,79137,34,0,5,0,30,,79138,28,0,5,0,75,,79139,34,0,6,0,30,,79141,28,0,5,0,75,,79140,34,0,6,0,75,,79142,28,0,5,0,32,,79146,28,0,6,0,72,,79143,28,0,5,0,32,,79144,28,0,6,0,70,,79145,28,0,5,0,29,,79147,28,0,6,0,70,,79148,28,0,5,0,30,,79149,28,0,6,0,69,,79151,34,0,5,0,31,,79150,28,0,6,0,71,,79152,34,0,5,0,30,,79154,28,0,6,0,71,,79158,28,0,5,0,32,,79157,28,0,6,0,72,,79155,28,0,5,0,30,,79156,28,0,6,0,70,,79153,34,0,5,0,24,,79159,28,0,6,0,70,,79160,34,0,5,0,25,,79161,28,0,6,0
101,'7_5',721,,80147,34,0,5,0,30,,80148,28,0,5,0,75,,80149,34,0,6,0,30,,80151,28,0,5,0,75,,80150,34,0,6,0,75,,80152,28,0,5,0,32,,80156,28,0,6,0,72,,80153,28,0,5,0,32,,80154,28,0,6,0,70,,80155,28,0,5,0,29,,80157,28,0,6,0,70,,80158,28,0,5,0,30,,80159,28,0,6,0,69,,80161,34,0,5,0,31,,80160,28,0,6,0,71,,80162,34,0,5,0,30,,80164,28,0,6,0,71,,80168,28,0,5,0,32,,80167,28,0,6,0,72,,80165,28,0,5,0,30,,80166,28,0,6,0,70,,80163,34,0,5,0,24,,80169,28,0,6,0,70,,80170,34,0,5,0,25,,80171,28,0,6,0
301,'0_6',644,,64459,3,,,0,72,,64460,3,,,0,32,,64461,3,,,0,72,,64462,3,,,0,32,,64463,3,,,0,72,,64464,3,,,0,32,,64465,3,,,0,72,,64466,3,,,0,73,,64467,3,,,0,32,,64468,3,,,0,73,,64469,3,,,0,31,,64434,3,,,0,67,,64435,3,,,0,27,,64436,3,,,0,26,,64437,3,,,0,68,,64438,3,,,0,27,,64439,3,,,0,69,,64440,3,,,0,28,,64458,3,,,0,69,,64441,3,,,0,32,,64442,3,,,0,72,,64443,3,,,0,28,,64444,3,,,0,68,,64445,3,,,0,27,,64446,3,,,0,67,,64447,3,,,0,27,,64448,3,,,0,67,,64470,3,,,0,26,,64449,3,,,0,19,,64450,3,0,67 68,0,70,,64451,3,0,67 68,0,30,,64452,3,0,67 68,0,70,,64453,3,0,67 68,0,30,,64454,3,0,67 68,0,70,,64455,3,0,67 68,0,30,,64456,3,0,67 68,0,70,,64457,3,0,67 68,0
301,'1_7',748,,64492,3,,,0,72,,64487,3,,,0,32,,64493,3,,,0,72,,64488,3,,,0,32,,64494,3,,,0,72,,64489,3,,,0,73,,64495,3,,,0,32,,64490,3,,,0,73,,64496,3,,,0,31,,64471,3,,,0,67,,64472,3,,,0,27,,64473,3,,,0,26,,64474,3,,,0,68,,64475,3,,,0,27,,64476,3,,,0,69,,64477,3,,,0,28,,64497,3,,,0,69,,64478,3,,,0,32,,64479,3,,,0,72,,64480,3,,,0,28,,64481,3,,,0,68,,64482,3,,,0,27,,64483,3,,,0,67,,64484,3,,,0,27,,64485,3,,,0,67,,64491,3,,,0,26,,64486,3,,,0
301,'5_1',644,,74141,3,,,0,72,,74142,3,,,0,32,,74143,3,,,0,72,,74144,3,,,0,32,,74145,3,,,0,72,,74146,3,,,0,32,,74147,3,,,0,72,,74148,3,,,0,73,,74149,3,,,0,32,,74150,3,,,0,73,,74151,3,,,0,31,,74124,3,,,0,67,,74125,3,,,0,27,,74126,3,,,0,26,,74127,3,,,0,68,,74128,3,,,0,27,,74129,3,,,0,69,,74130,3,,,0,28,,74140,3,,,0,69,,74131,3,,,0,32,,74132,3,,,0,72,,74133,3,,,0,28,,74134,3,,,0,68,,74135,3,,,0,27,,74136,3,,,0,67,,74137,3,,,0,27,,74138,3,,,0,67,,74152,3,,,0,26,,74139,3,,,0
301,'5_2',644,,75403,3,,,0,72,,75404,3,,,0,32,,75405,3,,,0,72,,75406,3,,,0,32,,75407,3,,,0,72,,75408,3,,,0,32,,75409,3,,,0,72,,75410,3,,,0,73,,75411,3,,,0,32,,75412,3,,,0,73,,75413,3,,,0,31,,75386,3,,,0,67,,75387,3,,,0,27,,75388,3,,,0,26,,75389,3,,,0,68,,75390,3,,,0,27,,75391,3,,,0,69,,75392,3,,,0,28,,75402,3,,,0,69,,75393,3,,,0,32,,75394,3,,,0,72,,75395,3,,,0,28,,75396,3,,,0,68,,75397,3,,,0,27,,75398,3,,,0,67,,75399,3,,,0,27,,75400,3,,,0,67,,75414,3,,,0,26,,75401,3,,,0
301,'5_3',644,,75432,3,,,0,72,,75433,3,,,0,32,,75434,3,,,0,72,,75435,3,,,0,32,,75436,3,,,0,72,,75437,3,,,0,32,,75438,3,,,0,72,,75439,3,,,0,73,,75440,3,,,0,32,,75441,3,,,0,73,,75442,3,,,0,31,,75415,3,,,0,67,,75416,3,,,0,27,,75417,3,,,0,26,,75418,3,,,0,68,,75419,3,,,0,27,,75420,3,,,0,69,,75421,3,,,0,28,,75431,3,,,0,69,,75422,3,,,0,32,,75423,3,,,0,72,,75424,3,,,0,28,,75425,3,,,0,68,,75426,3,,,0,27,,75427,3,,,0,67,,75428,3,,,0,27,,75429,3,,,0,67,,75443,3,,,0,26,,75430,3,,,0
301,'7_1',644,,80398,3,,,0,72,,80399,3,,,0,32,,80400,3,,,0,72,,80401,3,,,0,32,,80402,3,,,0,72,,80403,3,,,0,32,,80404,3,,,0,72,,80405,3,,,0,73,,80406,3,,,0,32,,80407,3,,,0,73,,80408,3,,,0,31,,80381,3,,,0,67,,80382,3,,,0,27,,80383,3,,,0,26,,80384,3,,,0,68,,80385,3,,,0,27,,80386,3,,,0,69,,80387,3,,,0,28,,80397,3,,,0,69,,80388,3,,,0,32,,80389,3,,,0,72,,80390,3,,,0,28,,80391,3,,,0,68,,80392,3,,,0,27,,80393,3,,,0,67,,80394,3,,,0,27,,80395,3,,,0,67,,80409,3,,,0,26,,80396,3,,,0
301,'7_2',644,,82327,3,,,0,72,,82328,3,,,0,32,,82329,3,,,0,72,,82330,3,,,0,32,,82331,3,,,0,72,,82332,3,,,0,32,,82333,3,,,0,72,,82334,3,,,0,73,,82335,3,,,0,32,,82336,3,,,0,73,,82337,3,,,0,31,,82310,3,,,0,67,,82311,3,,,0,27,,82312,3,,,0,26,,82313,3,,,0,68,,82314,3,,,0,27,,82315,3,,,0,69,,82316,3,,,0,28,,82326,3,,,0,69,,82317,3,,,0,32,,82318,3,,,0,72,,82319,3,,,0,28,,82320,3,,,0,68,,82321,3,,,0,27,,82322,3,,,0,67,,82323,3,,,0,27,,82324,3,,,0,67,,82338,3,,,0,26,,82325,3,,,0
301,'7_3',644,,82356,3,,,0,72,,82357,3,,,0,32,,82358,3,,,0,72,,82359,3,,,0,32,,82360,3,,,0,72,,82361,3,,,0,32,,82362,3,,,0,72,,82363,3,,,0,73,,82364,3,,,0,32,,82365,3,,,0,73,,82366,3,,,0,31,,82339,3,,,0,67,,82340,3,,,0,27,,82341,3,,,0,26,,82342,3,,,0,68,,82343,3,,,0,27,,82344,3,,,0,69,,82345,3,,,0,28,,82355,3,,,0,69,,82346,3,,,0,32,,82347,3,,,0,72,,82348,3,,,0,28,,82349,3,,,0,68,,82350,3,,,0,27,,82351,3,,,0,67,,82352,3,,,0,27,,82353,3,,,0,67,,82367,3,,,0,26,,82354,3,,,0
301,'7_4',644,,79280,3,,,0,72,,79281,3,,,0,32,,79282,3,,,0,72,,79283,3,,,0,32,,79284,3,,,0,72,,79285,3,,,0,32,,79286,3,,,0,72,,79287,3,,,0,73,,79288,3,,,0,32,,79289,3,,,0,73,,79290,3,,,0,31,,79263,3,,,0,67,,79264,3,,,0,27,,79265,3,,,0,26,,79266,3,,,0,68,,79267,3,,,0,27,,79268,3,,,0,69,,79269,3,,,0,28,,79279,3,,,0,69,,79270,3,,,0,32,,79271,3,,,0,72,,79272,3,,,0,28,,79273,3,,,0,68,,79274,3,,,0,27,,79275,3,,,0,67,,79276,3,,,0,27,,79277,3,,,0,67,,79291,3,,,0,26,,79278,3,,,0
301,'7_5',644,,80435,3,,,0,72,,80436,3,,,0,32,,80437,3,,,0,72,,80438,3,,,0,32,,80439,3,,,0,72,,80440,3,,,0,32,,80441,3,,,0,72,,80442,3,,,0,73,,80443,3,,,0,32,,80444,3,,,0,73,,80445,3,,,0,31,,80410,3,,,0,67,,80411,3,,,0,27,,80412,3,,,0,26,,80413,3,,,0,68,,80414,3,,,0,27,,80415,3,,,0,69,,80416,3,,,0,28,,80434,3,,,0,69,,80417,3,,,0,32,,80418,3,,,0,72,,80419,3,,,0,28,,80420,3,,,0,68,,80421,3,,,0,27,,80422,3,,,0,67,,80423,3,,,0,27,,80424,3,,,0,67,,80446,3,,,0,26,,80425,3,,,0,19,,80426,3,0,67 68,0,70,,80427,3,0,67 68,0,30,,80428,3,0,67 68,0,70,,80429,3,0,67 68,0,30,,80430,3,0,67 68,0,70,,80431,3,0,67 68,0,30,,80432,3,0,67 68,0,70,,80433,3,0,67 68,0
401,'0_6',721,,65084,34,,,0,125,,65083,34,0,41,0,70,,65081,34,,,0,23,,65070,34,0,41,0,72,,65082,34,0,41,0,31,,65071,34,0,41,0,75,,65077,34,,,0,26,,65072,34,0,41,0,73,,65073,34,0,41,0,32,,65089,34,0,41,0,71,,65091,34,,,0,32,,65078,34,0,41,0,70,,65069,34,0,41,0,28,,65074,34,0,41,0,68,,65079,34,,,0,27,,65075,34,0,41,0,70,,65092,34,0,41,0,31,,65088,34,0,41,0,66,,65085,34,,,0,25,,65086,34,0,41,0,66,,65090,34,,,0,34,,65087,34,0,41,0,75,,65076,34,0,41,0,35,,65080,34,,,0
401,'1_7',954,,65093,34,,,0,165,,65094,34,,,0,125,,65095,34,,,0,201,,65096,34,,,0,165,,65097,34,,,0,125,,65098,34,,,0,165,,65099,34,,,0
401,'5_1',721,,74188,42,,,0,16,,74189,36,0,41,0,79,,74200,36,0,41,0,35,,74179,37,0,41,0,65,,74201,34,,,0,26,,74180,34,0,41,0,69,,74202,34,0,41,0,31,,74181,34,0,41,0,75,,74196,34,,,0,30,,74182,34,0,41,0,70,,74183,34,0,41,0,32,,74195,36,0,41,0,75,,74193,37,,,0,30,,74197,34,0,41,0,67,,74178,34,0,41,0,28,,74184,34,0,41,0,68,,74198,34,,,0,25,,74185,34,0,41,0,72,,74186,34,,,0,25,,74194,37,0,41,0,68,,74190,36,,,0,29,,74191,39,0,41,0,77,,74203,37,,,0,23,,74192,36,0,41,0,70,,74187,34,0,41,0,38,,74199,34,,,0
401,'5_2',721,,75558,42,,,0,16,,75559,36,0,41,0,79,,75570,36,0,41,0,35,,75549,37,0,41,0,65,,75571,34,,,0,26,,75550,34,0,41,0,69,,75572,34,0,41,0,31,,75551,34,0,41,0,75,,75566,34,,,0,30,,75552,34,0,41,0,70,,75553,34,0,41,0,32,,75565,36,0,41,0,75,,75563,37,,,0,30,,75567,34,0,41,0,67,,75548,34,0,41,0,28,,75554,34,0,41,0,68,,75568,34,,,0,25,,75555,34,0,41,0,72,,75556,34,,,0,25,,75564,37,0,41,0,68,,75560,36,,,0,29,,75561,39,0,41,0,77,,75573,37,,,0,23,,75562,36,0,41,0,70,,75557,34,0,41,0,38,,75569,34,,,0
401,'5_3',721,,75584,42,,,0,16,,75585,36,0,41,0,79,,75596,36,0,41,0,35,,75575,37,0,41,0,65,,75597,34,,,0,26,,75576,34,0,41,0,69,,75598,34,0,41,0,31,,75577,34,0,41,0,75,,75592,34,,,0,30,,75578,34,0,41,0,70,,75579,34,0,41,0,32,,75591,36,0,41,0,75,,75589,37,,,0,30,,75593,34,0,41,0,67,,75574,34,0,41,0,28,,75580,34,0,41,0,68,,75594,34,,,0,25,,75581,34,0,41,0,72,,75582,34,,,0,25,,75590,37,0,41,0,68,,75586,36,,,0,29,,75587,39,0,41,0,77,,75599,37,,,0,23,,75588,36,0,41,0,70,,75583,34,0,41,0,38,,75595,34,,,0
401,'7_1',721,,80507,42,,,0,16,,80508,36,0,41,0,79,,80519,36,0,41,0,35,,80498,37,0,41,0,65,,80520,34,,,0,26,,80499,34,0,41,0,69,,80521,34,0,41,0,31,,80500,34,0,41,0,75,,80515,34,,,0,30,,80501,34,0,41,0,70,,80502,34,0,41,0,32,,80514,36,0,41,0,75,,80512,37,,,0,30,,80516,34,0,41,0,67,,80497,34,0,41,0,28,,80503,34,0,41,0,68,,80517,34,,,0,25,,80504,34,0,41,0,72,,80505,34,,,0,25,,80513,37,0,41,0,68,,80509,36,,,0,29,,80510,39,0,41,0,77,,80522,37,,,0,23,,80511,36,0,41,0,70,,80506,34,0,41,0,38,,80518,34,,,0
401,'7_2',721,,82428,42,,,0,16,,82429,36,0,41,0,79,,82440,36,0,41,0,35,,82419,37,0,41,0,65,,82441,34,,,0,26,,82420,34,0,41,0,69,,82442,34,0,41,0,31,,82421,34,0,41,0,75,,82436,34,,,0,30,,82422,34,0,41,0,70,,82423,34,0,41,0,32,,82435,36,0,41,0,75,,82433,37,,,0,30,,82437,34,0,41,0,67,,82418,34,0,41,0,28,,82424,34,0,41,0,68,,82438,34,,,0,25,,82425,34,0,41,0,72,,82426,34,,,0,25,,82434,37,0,41,0,68,,82430,36,,,0,29,,82431,39,0,41,0,77,,82443,37,,,0,23,,82432,36,0,41,0,70,,82427,34,0,41,0,38,,82439,34,,,0
401,'7_3',721,,82454,42,,,0,16,,82455,36,0,41,0,79,,82466,36,0,41,0,35,,82445,37,0,41,0,65,,82467,34,,,0,26,,82446,34,0,41,0,69,,82468,34,0,41,0,31,,82447,34,0,41,0,75,,82462,34,,,0,30,,82448,34,0,41,0,70,,82449,34,0,41,0,32,,82461,36,0,41,0,75,,82459,37,,,0,30,,82463,34,0,41,0,67,,82444,34,0,41,0,28,,82450,34,0,41,0,68,,82464,34,,,0,25,,82451,34,0,41,0,72,,82452,34,,,0,25,,82460,37,0,41,0,68,,82456,36,,,0,29,,82457,39,0,41,0,77,,82469,37,,,0,23,,82458,36,0,41,0,70,,82453,34,0,41,0,38,,82465,34,,,0
401,'7_4',721,,79327,42,,,0,16,,79328,36,0,41,0,79,,79339,36,0,41,0,35,,79318,37,0,41,0,65,,79340,34,,,0,26,,79319,34,0,41,0,69,,79341,34,0,41,0,31,,79320,34,0,41,0,75,,79335,34,,,0,30,,79321,34,0,41,0,70,,79322,34,0,41,0,32,,79334,36,0,41,0,75,,79332,37,,,0,30,,79336,34,0,41,0,67,,79317,34,0,41,0,28,,79323,34,0,41,0,68,,79337,34,,,0,25,,79324,34,0,41,0,72,,79325,34,,,0,25,,79333,37,0,41,0,68,,79329,36,,,0,29,,79330,39,0,41,0,77,,79342,37,,,0,23,,79331,36,0,41,0,70,,79326,34,0,41,0,38,,79338,34,,,0
401,'7_5',721,,80533,42,,,0,16,,80534,36,0,41,0,79,,80545,36,0,41,0,35,,80524,37,0,41,0,65,,80546,34,,,0,26,,80525,34,0,41,0,69,,80547,34,0,41,0,31,,80526,34,0,41,0,75,,80541,34,,,0,30,,80527,34,0,41,0,70,,80528,34,0,41,0,32,,80540,36,0,41,0,75,,80538,37,,,0,30,,80542,34,0,41,0,67,,80523,34,0,41,0,28,,80529,34,0,41,0,68,,80543,34,,,0,25,,80530,34,0,41,0,72,,80531,34,,,0,25,,80539,37,0,41,0,68,,80535,36,,,0,29,,80536,39,0,41,0,77,,80548,37,,,0,23,,80537,36,0,41,0,70,,80532,34,0,41,0,38,,80544,34,,,0
701,'0_6',721,,66147,18,,,0,110,,66148,18,,,0,110,,66149,18,,,0,110,,66150,18,,,0,150,,66151,18,,,0,110,,66152,18,,,0,110,,66153,18,,,0,110,,66154,18,,,0,110,,66155,18,,,0,110,,66145,18,,,0,150,,66146,18,,,0
701,'5_1',722,,74279,18,,,0,110,,74280,18,,,0,110,,74281,18,,,0,110,,74282,18,,,0,150,,74283,18,,,0,110,,74284,18,,,0,110,,74285,18,,,0,110,,74286,18,,,0,110,,74287,18,,,0,110,,74288,18,,,0,150,,74289,18,,,0
701,'5_2',722,,75851,18,,,0,110,,75852,18,,,0,110,,75853,18,,,0,110,,75854,18,,,0,150,,75855,18,,,0,110,,75856,18,,,0,110,,75857,18,,,0,110,,75858,18,,,0,110,,75859,18,,,0,110,,75860,18,,,0,150,,75861,18,,,0
701,'5_3',722,,75862,18,,,0,110,,75863,18,,,0,110,,75864,18,,,0,110,,75865,18,,,0,150,,75866,18,,,0,110,,75867,18,,,0,110,,75868,18,,,0,110,,75869,18,,,0,110,,75870,18,,,0,110,,75871,18,,,0,150,,75872,18,,,0
701,'7_1',722,,80699,18,,,0,110,,80700,18,,,0,110,,80701,18,,,0,110,,80702,18,,,0,150,,80703,18,,,0,110,,80704,18,,,0,110,,80705,18,,,0,110,,80706,18,,,0,110,,80707,18,,,0,110,,80708,18,,,0,150,,80709,18,,,0
701,'7_2',722,,82620,18,,,0,110,,82621,18,,,0,110,,82622,18,,,0,110,,82623,18,,,0,150,,82624,18,,,0,110,,82625,18,,,0,110,,82626,18,,,0,110,,82627,18,,,0,110,,82628,18,,,0,110,,82629,18,,,0,150,,82630,18,,,0
701,'7_3',722,,82631,18,,,0,110,,82632,18,,,0,110,,82633,18,,,0,110,,82634,18,,,0,150,,82635,18,,,0,110,,82636,18,,,0,110,,82637,18,,,0,110,,82638,18,,,0,110,,82639,18,,,0,110,,82640,18,,,0,150,,82641,18,,,0
701,'7_4',722,,79418,18,,,0,110,,79419,18,,,0,110,,79420,18,,,0,110,,79421,18,,,0,150,,79422,18,,,0,110,,79423,18,,,0,110,,79424,18,,,0,110,,79425,18,,,0,110,,79426,18,,,0,110,,79427,18,,,0,150,,79428,18,,,0
701,'7_5',722,,80710,18,,,0,110,,80711,18,,,0,110,,80712,18,,,0,110,,80713,18,,,0,150,,80714,18,,,0,110,,80715,18,,,0,110,,80716,18,,,0,110,,80717,18,,,0,110,,80718,18,,,0,110,,80719,18,,,0,150,,80720,18,,,0
2000001,'0_6',649,,70573,12,,,0,80,,70574,12,,,0,79,,70575,12,,,0,31,,70613,12,,,0,61,,70577,12,,,0,20,,70576,12,,,0,20,,70578,12,,,0,60,,70579,12,,,0,19,,70581,12,,,0,19,,70580,12,,,0,20,,70586,12,,,0,60,,70584,12,,,0,17,,70588,12,,,0,19,,70582,12,,,0,59,,70587,12,,,0,20,,70583,12,,,0,17,,70585,12,,,0,58,,70594,12,,,0,18,,70591,12,,,0,20,,70592,12,,,0,61,,70593,12,,,0,18,,70590,12,,,0,17,,70589,12,,,0,59,,70595,12,,,0,21,,70596,12,,,0,20,,70598,12,,,0,59,,70597,12,,,0,20,,70599,12,,,0,20,,70600,12,,,0,61,,70601,12,,,0,20,,70603,12,,,0,19,,70602,12,,,0,59,,70604,12,,,0,19,,70605,12,,,0,18,,70606,12,,,0,19,,70607,12,,,0,57,,70608,12,,,0,18,,70609,12,,,0,23,,70610,12,,,0,64,,70611,12,,,0,23,,70612,12,,,0
2000001,'1_7',820,,70631,12,,,0,80,,70614,12,,,0,40,,70615,12,,,0,80,,70616,12,,,0,80,,70617,12,,,0,40,,70618,12,,,0,80,,70619,12,,,0,80,,70620,12,,,0,40,,70622,12,,,0,80,,70621,12,,,0,80,,70623,12,,,0,40,,70624,12,,,0,80,,70625,12,,,0,80,,70626,12,,,0,40,,70628,12,,,0,80,,70627,12,,,0,80,,70629,12,,,0,40,,70630,12,,,0
2000001,'5_1',651,,74701,12,,,0,67,,74702,12,,,0,19,,74742,12,,,0,20,,74703,12,,,0,60,,74743,12,,,0,21,,74705,12,,,0,62,,74704,12,,,0,21,,74706,12,,,0,21,,74707,12,,,0,60,,74709,12,,,0,19,,74708,12,,,0,19,,74714,12,,,0,18,,74712,12,,,0,59,,74716,12,,,0,18,,74710,12,,,0,19,,74715,12,,,0,59,,74711,12,,,0,19,,74713,12,,,0,18,,74722,12,,,0,58,,74719,12,,,0,19,,74720,12,,,0,20,,74721,12,,,0,60,,74718,12,,,0,18,,74717,12,,,0,18,,74723,12,,,0,59,,74724,12,,,0,21,,74726,12,,,0,20,,74725,12,,,0,59,,74727,12,,,0,20,,74728,12,,,0,19,,74729,12,,,0,61,,74731,12,,,0,20,,74730,12,,,0,20,,74732,12,,,0,61,,74733,12,,,0,19,,74734,12,,,0,20,,74735,12,,,0,60,,74736,12,,,0,19,,74737,12,,,0,20,,74738,12,,,0,59,,74739,12,,,0,19,,74740,12,,,0,22,,74741,12,,,0
2000001,'5_2',651,,77117,12,,,0,67,,77118,12,,,0,19,,77158,12,,,0,20,,77119,12,,,0,60,,77159,12,,,0,21,,77121,12,,,0,62,,77120,12,,,0,21,,77122,12,,,0,21,,77123,12,,,0,60,,77125,12,,,0,19,,77124,12,,,0,19,,77130,12,,,0,18,,77128,12,,,0,59,,77132,12,,,0,18,,77126,12,,,0,19,,77131,12,,,0,59,,77127,12,,,0,19,,77129,12,,,0,18,,77138,12,,,0,58,,77135,12,,,0,19,,77136,12,,,0,20,,77137,12,,,0,60,,77134,12,,,0,18,,77133,12,,,0,18,,77139,12,,,0,59,,77140,12,,,0,21,,77142,12,,,0,20,,77141,12,,,0,59,,77143,12,,,0,20,,77144,12,,,0,19,,77145,12,,,0,61,,77147,12,,,0,20,,77146,12,,,0,20,,77148,12,,,0,61,,77149,12,,,0,19,,77150,12,,,0,20,,77151,12,,,0,60,,77152,12,,,0,19,,77153,12,,,0,20,,77154,12,,,0,59,,77155,12,,,0,19,,77156,12,,,0,22,,77157,12,,,0
2000001,'5_3',651,,77160,12,,,0,67,,77161,12,,,0,19,,77201,12,,,0,20,,77162,12,,,0,60,,77202,12,,,0,21,,77164,12,,,0,62,,77163,12,,,0,21,,77165,12,,,0,21,,77166,12,,,0,60,,77168,12,,,0,19,,77167,12,,,0,19,,77173,12,,,0,18,,77171,12,,,0,59,,77175,12,,,0,18,,77169,12,,,0,19,,77174,12,,,0,59,,77170,12,,,0,19,,77172,12,,,0,18,,77181,12,,,0,58,,77178,12,,,0,19,,77179,12,,,0,20,,77180,12,,,0,60,,77177,12,,,0,18,,77176,12,,,0,18,,77182,12,,,0,59,,77183,12,,,0,21,,77185,12,,,0,20,,77184,12,,,0,59,,77186,12,,,0,20,,77187,12,,,0,19,,77188,12,,,0,61,,77190,12,,,0,20,,77189,12,,,0,20,,77191,12,,,0,61,,77192,12,,,0,19,,77193,12,,,0,20,,77194,12,,,0,60,,77195,12,,,0,19,,77196,12,,,0,20,,77197,12,,,0,59,,77198,12,,,0,19,,77199,12,,,0,22,,77200,12,,,0
2000001,'7_1',651,,81544,12,,,0,67,,81545,12,,,0,19,,81585,12,,,0,20,,81546,12,,,0,60,,81586,12,,,0,21,,81548,12,,,0,62,,81547,12,,,0,21,,81549,12,,,0,21,,81550,12,,,0,60,,81552,12,,,0,19,,81551,12,,,0,19,,81557,12,,,0,18,,81555,12,,,0,59,,81559,12,,,0,18,,81553,12,,,0,19,,81558,12,,,0,59,,81554,12,,,0,19,,81556,12,,,0,18,,81565,12,,,0,58,,81562,12,,,0,19,,81563,12,,,0,20,,81564,12,,,0,60,,81561,12,,,0,18,,81560,12,,,0,18,,81566,12,,,0,59,,81567,12,,,0,21,,81569,12,,,0,20,,81568,12,,,0,59,,81570,12,,,0,20,,81571,12,,,0,19,,81572,12,,,0,61,,81574,12,,,0,20,,81573,12,,,0,20,,81575,12,,,0,61,,81576,12,,,0,19,,81577,12,,,0,20,,81578,12,,,0,60,,81579,12,,,0,19,,81580,12,,,0,20,,81581,12,,,0,59,,81582,12,,,0,19,,81583,12,,,0,22,,81584,12,,,0
2000001,'7_2',651,,83464,12,,,0,67,,83465,12,,,0,19,,83505,12,,,0,20,,83466,12,,,0,60,,83506,12,,,0,21,,83468,12,,,0,62,,83467,12,,,0,21,,83469,12,,,0,21,,83470,12,,,0,60,,83472,12,,,0,19,,83471,12,,,0,19,,83477,12,,,0,18,,83475,12,,,0,59,,83479,12,,,0,18,,83473,12,,,0,19,,83478,12,,,0,59,,83474,12,,,0,19,,83476,12,,,0,18,,83485,12,,,0,58,,83482,12,,,0,19,,83483,12,,,0,20,,83484,12,,,0,60,,83481,12,,,0,18,,83480,12,,,0,18,,83486,12,,,0,59,,83487,12,,,0,21,,83489,12,,,0,20,,83488,12,,,0,59,,83490,12,,,0,20,,83491,12,,,0,19,,83492,12,,,0,61,,83494,12,,,0,20,,83493,12,,,0,20,,83495,12,,,0,61,,83496,12,,,0,19,,83497,12,,,0,20,,83498,12,,,0,60,,83499,12,,,0,19,,83500,12,,,0,20,,83501,12,,,0,59,,83502,12,,,0,19,,83503,12,,,0,22,,83504,12,,,0
2000001,'7_3',651,,83507,12,,,0,67,,83508,12,,,0,19,,83548,12,,,0,20,,83509,12,,,0,60,,83549,12,,,0,21,,83511,12,,,0,62,,83510,12,,,0,21,,83512,12,,,0,21,,83513,12,,,0,60,,83515,12,,,0,19,,83514,12,,,0,19,,83520,12,,,0,18,,83518,12,,,0,59,,83522,12,,,0,18,,83516,12,,,0,19,,83521,12,,,0,59,,83517,12,,,0,19,,83519,12,,,0,18,,83528,12,,,0,58,,83525,12,,,0,19,,83526,12,,,0,20,,83527,12,,,0,60,,83524,12,,,0,18,,83523,12,,,0,18,,83529,12,,,0,59,,83530,12,,,0,21,,83532,12,,,0,20,,83531,12,,,0,59,,83533,12,,,0,20,,83534,12,,,0,19,,83535,12,,,0,61,,83537,12,,,0,20,,83536,12,,,0,20,,83538,12,,,0,61,,83539,12,,,0,19,,83540,12,,,0,20,,83541,12,,,0,60,,83542,12,,,0,19,,83543,12,,,0,20,,83544,12,,,0,59,,83545,12,,,0,19,,83546,12,,,0,22,,83547,12,,,0
2000001,'7_4',651,,79840,12,,,0,67,,79841,12,,,0,19,,79881,12,,,0,20,,79842,12,,,0,60,,79882,12,,,0,21,,79844,12,,,0,62,,79843,12,,,0,21,,79845,12,,,0,21,,79846,12,,,0,60,,79848,12,,,0,19,,79847,12,,,0,19,,79853,12,,,0,18,,79851,12,,,0,59,,79855,12,,,0,18,,79849,12,,,0,19,,79854,12,,,0,59,,79850,12,,,0,19,,79852,12,,,0,18,,79861,12,,,0,58,,79858,12,,,0,19,,79859,12,,,0,20,,79860,12,,,0,60,,79857,12,,,0,18,,79856,12,,,0,18,,79862,12,,,0,59,,79863,12,,,0,21,,79865,12,,,0,20,,79864,12,,,0,59,,79866,12,,,0,20,,79867,12,,,0,19,,79868,12,,,0,61,,79870,12,,,0,20,,79869,12,,,0,20,,79871,12,,,0,61,,79872,12,,,0,19,,79873,12,,,0,20,,79874,12,,,0,60,,79875,12,,,0,19,,79876,12,,,0,20,,79877,12,,,0,59,,79878,12,,,0,19,,79879,12,,,0,22,,79880,12,,,0
2000001,'7_5',651,,81587,12,,,0,67,,81588,12,,,0,19,,81628,12,,,0,20,,81589,12,,,0,60,,81629,12,,,0,21,,81591,12,,,0,62,,81590,12,,,0,21,,81592,12,,,0,21,,81593,12,,,0,60,,81595,12,,,0,19,,81594,12,,,0,19,,81600,12,,,0,18,,81598,12,,,0,59,,81602,12,,,0,18,,81596,12,,,0,19,,81601,12,,,0,59,,81597,12,,,0,19,,81599,12,,,0,18,,81608,12,,,0,58,,81605,12,,,0,19,,81606,12,,,0,20,,81607,12,,,0,60,,81604,12,,,0,18,,81603,12,,,0,18,,81609,12,,,0,59,,81610,12,,,0,21,,81612,12,,,0,20,,81611,12,,,0,59,,81613,12,,,0,20,,81614,12,,,0,19,,81615,12,,,0,61,,81617,12,,,0,20,,81616,12,,,0,20,,81618,12,,,0,61,,81619,12,,,0,19,,81620,12,,,0,20,,81621,12,,,0,60,,81622,12,,,0,19,,81623,12,,,0,20,,81624,12,,,0,59,,81625,12,,,0,19,,81626,12,,,0,22,,81627,12,,,0
