900,'0_6',707,,66482,16,,,0,100,,66483,16,,,0,218,,66491,10,,,0,97,,66484,16,,,0,178,,66489,17,,,0,147,,66485,16,,,0,98,,66480,10,,,0,90,,66490,15,,,0,84,,66492,16,,,0,88,,66486,16,,,0,96,,66487,16,,,0
900,'7_1',707,,80773,16,,,0,100,,80774,16,,,0,218,,80782,10,,,0,97,,80775,16,,,0,178,,80780,17,,,0,147,,80776,16,,,0,98,,80771,10,,,0,90,,80781,15,,,0,84,,80783,16,,,0,88,,80777,16,,,0,96,,80778,16,,,0
900,'7_2',707,,82694,16,,,0,100,,82695,16,,,0,218,,82703,10,,,0,97,,82696,16,,,0,178,,82701,17,,,0,147,,82697,16,,,0,98,,82692,10,,,0,90,,82702,15,,,0,84,,82704,16,,,0,88,,82698,16,,,0,96,,82699,16,,,0
900,'7_3',707,,82707,16,,,0,100,,82708,16,,,0,218,,82716,10,,,0,97,,82709,16,,,0,178,,82714,17,,,0,147,,82710,16,,,0,98,,82705,10,,,0,90,,82715,15,,,0,84,,82717,16,,,0,88,,82711,16,,,0,96,,82712,16,,,0
900,'7_4',707,,79456,16,,,0,100,,79457,16,,,0,218,,79465,10,,,0,97,,79458,16,,,0,178,,79463,17,,,0,147,,79459,16,,,0,98,,79454,10,,,0,90,,79464,15,,,0,84,,79466,16,,,0,88,,79460,16,,,0,96,,79461,16,,,0
900,'7_5',707,,80786,16,,,0,100,,80787,16,,,0,218,,80795,10,,,0,97,,80788,16,,,0,178,,80793,17,,,0,147,,80789,16,,,0,98,,80784,10,,,0,90,,80794,15,,,0,84,,80796,16,,,0,88,,80790,16,,,0,96,,80791,16,,,0
1000,'0_6',659,,66740,30,,,0,144,,66741,30,,,0,102,,66742,33,,,0,105,,66750,36,,,0,43,,66753,37,,,0,154,,66743,33,,,0,110,,66754,37,,,0,96,,66744,33,,,0,95,,66755,34,,,0,98,,66751,36,,,0,95,,66745,33,,,0,36,,66746,37,,,0,111,,66748,33,,,0,95,,66752,36,,,0,99,,66749,34,,,0,102,,66747,33,,,0
1000,'1_7',1139,,66756,33,,,0,361,,66757,33,,,0,408,,66758,33,,,0,307,,66759,32,,,0
1000,'7_1',658,,80823,29,,,0,98,,80824,29,,,0,171,,80825,35,0,18 30,0,87,,80826,33,,,0,105,,80831,35,0,18 30,0,94,,80827,33,0,18 30,0,114,,80832,35,0,18 30,0,104,,80833,32,0,18 30,0,105,,80828,36,,,0,90,,80834,32,,,0,118,,80829,36,,,0,101,,80835,32,,,0,162,,80830,36,0,18 30,0
1000,'7_2',658,,82744,29,,,0,98,,82745,29,,,0,171,,82746,35,0,18 30,0,87,,82747,33,,,0,105,,82752,35,0,18 30,0,94,,82748,33,0,18 30,0,114,,82753,35,0,18 30,0,104,,82754,32,0,18 30,0,105,,82749,36,,,0,90,,82755,32,,,0,118,,82750,36,,,0,101,,82756,32,,,0,162,,82751,36,0,18 30,0
1000,'7_3',658,,82757,29,,,0,98,,82758,29,,,0,171,,82759,35,0,18 30,0,87,,82760,33,,,0,105,,82765,35,0,18 30,0,94,,82761,33,0,18 30,0,114,,82766,35,0,18 30,0,104,,82767,32,0,18 30,0,105,,82762,36,,,0,90,,82768,32,,,0,118,,82763,36,,,0,101,,82769,32,,,0,162,,82764,36,0,18 30,0
1000,'7_4',658,,79480,29,,,0,98,,79481,29,,,0,171,,79482,35,0,18 30,0,87,,79483,33,,,0,105,,79488,35,0,18 30,0,94,,79484,33,0,18 30,0,114,,79489,35,0,18 30,0,104,,79490,32,0,18 30,0,105,,79485,36,,,0,90,,79491,32,,,0,118,,79486,36,,,0,101,,79492,32,,,0,162,,79487,36,0,18 30,0
1000,'7_5',658,,80836,29,,,0,98,,80837,29,,,0,171,,80838,35,0,18 30,0,87,,80839,33,,,0,105,,80844,35,0,18 30,0,94,,80840,33,0,18 30,0,114,,80845,35,0,18 30,0,104,,80846,32,0,18 30,0,105,,80841,36,,,0,90,,80847,32,,,0,118,,80842,36,,,0,101,,80848,32,,,0,162,,80843,36,0,18 30,0
1000,'8_7',1139,,84059,33,,,0,361,,84060,33,,,0,408,,84061,33,,,0,307,,84062,32,,,0
1100,'0_6',710,,67029,18,,,0,128,,67030,21,,,0,905,,67031,21,,,0,159,,67032,21,,,0
1100,'7_1',710,,80873,18,,,0,128,,80874,21,,,0,905,,80875,21,,,0,159,,80876,21,,,0
1100,'7_2',710,,82794,18,,,0,128,,82795,21,,,0,905,,82796,21,,,0,159,,82797,21,,,0
1100,'7_3',710,,82798,18,,,0,128,,82799,21,,,0,905,,82800,21,,,0,159,,82801,21,,,0
1100,'7_4',710,,79505,18,,,0,128,,79506,21,,,0,905,,79507,21,,,0,159,,79508,21,,,0
1100,'7_5',710,,80877,18,,,0,128,,80878,21,,,0,905,,80879,21,,,0,159,,80880,21,,,0
1000000,'0_6',531,,68818,4,0,31 33,0,80,,68819,4,0,31 33,0,40,,68829,4,,,0,80,,68830,4,,,0,16,,68831,4,0,31 33,0,55,,68832,4,0,31 33,0,15,,68833,4,,,0,15,,68834,4,0,31 33,0,15,,68835,4,0,31 33,0,54,,68836,4,,,0,15,,68837,4,0,31 33,0,15,,68873,4,0,31 33,0,17,,68838,4,,,0,56,,68839,4,0,31 33,0,15,,68840,4,,,0,16,,68841,4,0,31 33,0,16,,68842,4,0,31 33,0,55,,68843,4,,,0,16,,68844,4,0,31 33,0,15,,68845,4,0,31 33,0,16,,68846,4,,,0,55,,68847,4,0,31 33,0,16,,68848,4,0,31 33,0,16,,68849,4,,,0,15,,68850,4,0,31 33,0,55,,68851,4,,,0,15,,68852,4,0,31 33,0,15,,68853,4,0,31 33,0,15,,68854,4,,,0,56,,68855,4,0,31 33,0,16,,68856,4,0,31 33,0,15,,68857,4,,,0,16,,68858,4,0,31 33,0,56,,68859,4,0,31 33,0,16,,68860,4,,,0,16,,68861,4,0,31 33,0,56,,68862,4,,,0,16,,68863,4,0,31 33,0,16,,68864,4,0,31 33,0,16,,68865,4,,,0,56,,68866,4,0,31 33,0,16,,68868,4,0,31 33,0,17,,68867,4,,,0,16,,68869,4,0,31 33,0,56,,68870,4,,,0,15,,68871,4,0,31 33,0,15,,68872,4,0,31 33,0,15,,68820,4,0,31 33,0,55,,68821,4,0,31 33,0,15,,68822,4,0,31 33,0,16,,68823,4,0,31 33,0,60,,68824,4,0,31 33,0,20,,68825,4,0,31 33,0,20,,68826,4,0,31 33,0,60,,68827,4,0,31 33,0,19,,68828,4,0,31 33,0
1000000,'1_7',801,,68874,4,0,31 33,0,40,,68875,4,0,31 33,0,80,,68876,4,0,31 33,0,80,,68877,4,0,31 33,0,40,,68878,4,0,31 33,0,80,,68879,4,0,31 33,0,80,,68880,4,0,31 33,0,40,,68881,4,0,31 33,0,80,,68882,4,0,31 33,0,80,,68883,4,0,31 33,0,40,,68884,4,0,31 33,0,80,,68885,4,0,31 33,0,80,,68886,4,0,31 33,0,40,,68887,4,0,31 33,0,80,,68888,4,0,31 33,0,80,,68889,4,0,31 33,0,40,,68890,4,0,31 33,0,80,,68891,4,0,31 33,0
1000000,'7_1',536,,81212,4,0,31 33,0,20,,81213,4,0,31 33,0,59,,81214,4,0,31 33,0,19,,81215,4,,,0,15,,81241,4,,,0,54,,81230,4,,,0,14,,81265,4,,,0,13,,81251,4,,,0,15,,81256,4,,,0,55,,81266,4,,,0,14,,81243,4,,,0,15,,81253,4,0,31 33,0,15,,81258,4,,,0,15,,81226,4,0,31 33,0,55,,81229,4,,,0,15,,81260,4,0,31 33,0,16,,81259,4,,,0,56,,81248,4,0,31 33,0,15,,81218,4,,,0,16,,81244,4,0,31 33,0,16,,81227,4,,,0,55,,81245,4,0,31 33,0,16,,81239,4,,,0,16,,81236,4,0,31 33,0,16,,81234,4,,,0,56,,81250,4,0,31 33,0,16,,81220,4,,,0,16,,81216,4,0,31 33,0,15,,81262,4,,,0,55,,81242,4,0,31 33,0,15,,81219,4,,,0,16,,81237,4,0,31 33,0,15,,81257,4,,,0,54,,81235,4,0,31 33,0,14,,81232,4,,,0,13,,81231,4,0,31 33,0,14,,81240,4,,,0,54,,81249,4,0,31 33,0,14,,81252,4,,,0,14,,81267,4,,,0,14,,81268,4,,,0,54,,81263,4,,,0,14,,81269,4,,,0,15,,81255,4,,,0,15,,81270,4,,,0,15,,81223,4,,,0,55,,81271,4,,,0,15,,81222,4,,,0,16,,81272,4,,,0,55,,81264,4,,,0,15,,81233,4,0,31 33,0,15,,81217,4,0,31 33,0,15,,81228,4,,,0,55,,81224,4,0,31 33,0,19,,81238,4,0,31 33,0,20,,81225,4,0,31 33,0,61,,81221,4,0,31 33,0,20,,81254,4,0,31 33,0,21,,81246,4,0,31 33,0,61,,81247,4,0,31 33,0,20,,81261,4,0,31 33,0
1000000,'7_2',536,,83132,4,0,31 33,0,20,,83133,4,0,31 33,0,59,,83134,4,0,31 33,0,19,,83135,4,,,0,15,,83161,4,,,0,54,,83150,4,,,0,14,,83185,4,,,0,13,,83171,4,,,0,15,,83176,4,,,0,55,,83186,4,,,0,14,,83163,4,,,0,15,,83173,4,0,31 33,0,15,,83178,4,,,0,15,,83146,4,0,31 33,0,55,,83149,4,,,0,15,,83180,4,0,31 33,0,16,,83179,4,,,0,56,,83168,4,0,31 33,0,15,,83138,4,,,0,16,,83164,4,0,31 33,0,16,,83147,4,,,0,55,,83165,4,0,31 33,0,16,,83159,4,,,0,16,,83156,4,0,31 33,0,16,,83154,4,,,0,56,,83170,4,0,31 33,0,16,,83140,4,,,0,16,,83136,4,0,31 33,0,15,,83182,4,,,0,55,,83162,4,0,31 33,0,15,,83139,4,,,0,16,,83157,4,0,31 33,0,15,,83177,4,,,0,54,,83155,4,0,31 33,0,14,,83152,4,,,0,13,,83151,4,0,31 33,0,14,,83160,4,,,0,54,,83169,4,0,31 33,0,14,,83172,4,,,0,14,,83187,4,,,0,14,,83188,4,,,0,54,,83183,4,,,0,14,,83189,4,,,0,15,,83175,4,,,0,15,,83190,4,,,0,15,,83143,4,,,0,55,,83191,4,,,0,15,,83142,4,,,0,16,,83192,4,,,0,55,,83184,4,,,0,15,,83153,4,0,31 33,0,15,,83137,4,0,31 33,0,15,,83148,4,,,0,55,,83144,4,0,31 33,0,19,,83158,4,0,31 33,0,20,,83145,4,0,31 33,0,61,,83141,4,0,31 33,0,20,,83174,4,0,31 33,0,21,,83166,4,0,31 33,0,61,,83167,4,0,31 33,0,20,,83181,4,0,31 33,0
1000000,'7_3',536,,83193,4,0,31 33,0,20,,83194,4,0,31 33,0,59,,83195,4,0,31 33,0,19,,83196,4,,,0,15,,83222,4,,,0,54,,83211,4,,,0,14,,83246,4,,,0,13,,83232,4,,,0,15,,83237,4,,,0,55,,83247,4,,,0,14,,83224,4,,,0,15,,83234,4,0,31 33,0,15,,83239,4,,,0,15,,83207,4,0,31 33,0,55,,83210,4,,,0,15,,83241,4,0,31 33,0,16,,83240,4,,,0,56,,83229,4,0,31 33,0,15,,83199,4,,,0,16,,83225,4,0,31 33,0,16,,83208,4,,,0,55,,83226,4,0,31 33,0,16,,83220,4,,,0,16,,83217,4,0,31 33,0,16,,83215,4,,,0,56,,83231,4,0,31 33,0,16,,83201,4,,,0,16,,83197,4,0,31 33,0,15,,83243,4,,,0,55,,83223,4,0,31 33,0,15,,83200,4,,,0,16,,83218,4,0,31 33,0,15,,83238,4,,,0,54,,83216,4,0,31 33,0,14,,83213,4,,,0,13,,83212,4,0,31 33,0,14,,83221,4,,,0,54,,83230,4,0,31 33,0,14,,83233,4,,,0,14,,83248,4,,,0,14,,83249,4,,,0,54,,83244,4,,,0,14,,83250,4,,,0,15,,83236,4,,,0,15,,83251,4,,,0,15,,83204,4,,,0,55,,83252,4,,,0,15,,83203,4,,,0,16,,83253,4,,,0,55,,83245,4,,,0,15,,83214,4,0,31 33,0,15,,83198,4,0,31 33,0,15,,83209,4,,,0,55,,83205,4,0,31 33,0,19,,83219,4,0,31 33,0,20,,83206,4,0,31 33,0,61,,83202,4,0,31 33,0,20,,83235,4,0,31 33,0,21,,83227,4,0,31 33,0,61,,83228,4,0,31 33,0,20,,83242,4,0,31 33,0
1000000,'7_4',536,,79674,4,0,31 33,0,20,,79675,4,0,31 33,0,59,,79676,4,0,31 33,0,19,,79677,4,,,0,15,,79703,4,,,0,54,,79692,4,,,0,14,,79727,4,,,0,13,,79713,4,,,0,15,,79718,4,,,0,55,,79728,4,,,0,14,,79705,4,,,0,15,,79715,4,0,31 33,0,15,,79720,4,,,0,15,,79688,4,0,31 33,0,55,,79691,4,,,0,15,,79722,4,0,31 33,0,16,,79721,4,,,0,56,,79710,4,0,31 33,0,15,,79680,4,,,0,16,,79706,4,0,31 33,0,16,,79689,4,,,0,55,,79707,4,0,31 33,0,16,,79701,4,,,0,16,,79698,4,0,31 33,0,16,,79696,4,,,0,56,,79712,4,0,31 33,0,16,,79682,4,,,0,16,,79678,4,0,31 33,0,15,,79724,4,,,0,55,,79704,4,0,31 33,0,15,,79681,4,,,0,16,,79699,4,0,31 33,0,15,,79719,4,,,0,54,,79697,4,0,31 33,0,14,,79694,4,,,0,13,,79693,4,0,31 33,0,14,,79702,4,,,0,54,,79711,4,0,31 33,0,14,,79714,4,,,0,14,,79729,4,,,0,14,,79730,4,,,0,54,,79725,4,,,0,14,,79731,4,,,0,15,,79717,4,,,0,15,,79732,4,,,0,15,,79685,4,,,0,55,,79733,4,,,0,15,,79684,4,,,0,16,,79734,4,,,0,55,,79726,4,,,0,15,,79695,4,0,31 33,0,15,,79679,4,0,31 33,0,15,,79690,4,,,0,55,,79686,4,0,31 33,0,19,,79700,4,0,31 33,0,20,,79687,4,0,31 33,0,61,,79683,4,0,31 33,0,20,,79716,4,0,31 33,0,21,,79708,4,0,31 33,0,61,,79709,4,0,31 33,0,20,,79723,4,0,31 33,0
1000000,'7_5',536,,81273,4,0,31 33,0,20,,81274,4,0,31 33,0,59,,81275,4,0,31 33,0,19,,81276,4,,,0,15,,81302,4,,,0,54,,81291,4,,,0,14,,81326,4,,,0,13,,81312,4,,,0,15,,81317,4,,,0,55,,81327,4,,,0,14,,81304,4,,,0,15,,81314,4,0,31 33,0,15,,81319,4,,,0,15,,81287,4,0,31 33,0,55,,81290,4,,,0,15,,81321,4,0,31 33,0,16,,81320,4,,,0,56,,81309,4,0,31 33,0,15,,81279,4,,,0,16,,81305,4,0,31 33,0,16,,81288,4,,,0,55,,81306,4,0,31 33,0,16,,81300,4,,,0,16,,81297,4,0,31 33,0,16,,81295,4,,,0,56,,81311,4,0,31 33,0,16,,81281,4,,,0,16,,81277,4,0,31 33,0,15,,81323,4,,,0,55,,81303,4,0,31 33,0,15,,81280,4,,,0,16,,81298,4,0,31 33,0,15,,81318,4,,,0,54,,81296,4,0,31 33,0,14,,81293,4,,,0,13,,81292,4,0,31 33,0,14,,81301,4,,,0,54,,81310,4,0,31 33,0,14,,81313,4,,,0,14,,81328,4,,,0,14,,81329,4,,,0,54,,81324,4,,,0,14,,81330,4,,,0,15,,81316,4,,,0,15,,81331,4,,,0,15,,81284,4,,,0,55,,81332,4,,,0,15,,81283,4,,,0,16,,81333,4,,,0,55,,81325,4,,,0,15,,81294,4,0,31 33,0,15,,81278,4,0,31 33,0,15,,81289,4,,,0,55,,81285,4,0,31 33,0,19,,81299,4,0,31 33,0,20,,81286,4,0,31 33,0,61,,81282,4,0,31 33,0,20,,81315,4,0,31 33,0,21,,81307,4,0,31 33,0,61,,81308,4,0,31 33,0,20,,81322,4,0,31 33,0
1000000,'8_7',801,,84077,4,0,31 33,0,40,,84078,4,0,31 33,0,80,,84079,4,0,31 33,0,80,,84080,4,0,31 33,0,40,,84081,4,0,31 33,0,80,,84082,4,0,31 33,0,80,,84083,4,0,31 33,0,40,,84084,4,0,31 33,0,80,,84085,4,0,31 33,0,80,,84086,4,0,31 33,0,40,,84087,4,0,31 33,0,80,,84088,4,0,31 33,0,80,,84089,4,0,31 33,0,40,,84090,4,0,31 33,0,80,,84091,4,0,31 33,0,80,,84092,4,0,31 33,0,40,,84093,4,0,31 33,0,80,,84094,4,0,31 33,0
