3000001,'0_6',634,,71656,6,,,0,80,,71657,6,,,0,44,,71658,6,,,0,77,,71659,6,,,0,20,,71660,6,,,0,60,,71661,6,,,0,20,,71662,6,,,0,20,,71663,6,,,0,60,,71664,6,,,0,20,,71665,6,,,0,20,,71666,6,,,0,60,,71667,6,,,0,20,,71668,6,,,0,20,,71669,6,,,0,59,,71670,6,,,0,20,,71671,6,,,0,20,,71672,6,,,0,60,,71673,6,,,0,20,,71674,6,,,0,20,,71675,6,,,0,60,,71676,6,,,0,20,,71677,6,,,0,21,,71678,6,,,0,60,,71679,6,,,0,20,,71680,6,,,0,20,,71681,6,,,0,60,,71682,6,,,0,20,,71683,6,,,0,20,,71684,6,,,0,60,,71685,6,,,0,20,,71686,6,,,0,19,,71687,6,,,0,60,,71688,6,,,0,20,,71689,6,,,0,20,,71690,6,,,0,71,,71692,6,,,0,29,,71693,6,,,0,70,,71691,6,,,0,30,,71694,6,,,0
3000001,'1_7',842,,71695,6,,,0,170,,71697,6,,,0,130,,71698,6,,,0,170,,71699,6,,,0,130,,71700,6,,,0,170,,71701,6,,,0,130,,71702,6,,,0,170,,71703,6,,,0,130,,71696,6,,,0
3000001,'5_1',644,,74844,6,,,0,59,,74803,6,,,0,20,,74804,6,,,0,20,,74805,6,,,0,60,,74806,6,,,0,19,,74807,6,,,0,19,,74808,6,,,0,60,,74809,6,,,0,21,,74810,6,,,0,19,,74811,6,,,0,60,,74812,6,,,0,20,,74813,6,,,0,19,,74814,6,,,0,61,,74815,6,,,0,20,,74816,6,,,0,19,,74817,6,,,0,19,,74818,6,,,0,60,,74819,6,,,0,20,,74820,6,,,0,20,,74821,6,,,0,60,,74822,6,,,0,19,,74823,6,,,0,21,,74824,6,,,0,60,,74825,6,,,0,19,,74826,6,,,0,21,,74827,6,,,0,60,,74828,6,,,0,20,,74829,6,,,0,20,,74830,6,,,0,60,,74831,6,,,0,20,,74832,6,,,0,20,,74833,6,,,0,60,,74834,6,,,0,21,,74835,6,,,0,60,,74836,6,,,0,19,,74837,6,,,0,22,,74838,6,,,0,61,,74839,6,,,0,21,,74840,6,,,0,31,,74841,6,,,0,67,,74842,6,,,0,31,,74843,6,,,0
3000001,'5_2',644,,77464,6,,,0,59,,77423,6,,,0,20,,77424,6,,,0,20,,77425,6,,,0,60,,77426,6,,,0,19,,77427,6,,,0,19,,77428,6,,,0,60,,77429,6,,,0,21,,77430,6,,,0,19,,77431,6,,,0,60,,77432,6,,,0,20,,77433,6,,,0,19,,77434,6,,,0,61,,77435,6,,,0,20,,77436,6,,,0,19,,77437,6,,,0,19,,77438,6,,,0,60,,77439,6,,,0,20,,77440,6,,,0,20,,77441,6,,,0,60,,77442,6,,,0,19,,77443,6,,,0,21,,77444,6,,,0,60,,77445,6,,,0,19,,77446,6,,,0,21,,77447,6,,,0,60,,77448,6,,,0,20,,77449,6,,,0,20,,77450,6,,,0,60,,77451,6,,,0,20,,77452,6,,,0,20,,77453,6,,,0,60,,77454,6,,,0,21,,77455,6,,,0,60,,77456,6,,,0,19,,77457,6,,,0,22,,77458,6,,,0,61,,77459,6,,,0,21,,77460,6,,,0,31,,77461,6,,,0,67,,77462,6,,,0,31,,77463,6,,,0
3000001,'5_3',644,,77506,6,,,0,59,,77465,6,,,0,20,,77466,6,,,0,20,,77467,6,,,0,60,,77468,6,,,0,19,,77469,6,,,0,19,,77470,6,,,0,60,,77471,6,,,0,21,,77472,6,,,0,19,,77473,6,,,0,60,,77474,6,,,0,20,,77475,6,,,0,19,,77476,6,,,0,61,,77477,6,,,0,20,,77478,6,,,0,19,,77479,6,,,0,19,,77480,6,,,0,60,,77481,6,,,0,20,,77482,6,,,0,20,,77483,6,,,0,60,,77484,6,,,0,19,,77485,6,,,0,21,,77486,6,,,0,60,,77487,6,,,0,19,,77488,6,,,0,21,,77489,6,,,0,60,,77490,6,,,0,20,,77491,6,,,0,20,,77492,6,,,0,60,,77493,6,,,0,20,,77494,6,,,0,20,,77495,6,,,0,60,,77496,6,,,0,21,,77497,6,,,0,60,,77498,6,,,0,19,,77499,6,,,0,22,,77500,6,,,0,61,,77501,6,,,0,21,,77502,6,,,0,31,,77503,6,,,0,67,,77504,6,,,0,31,,77505,6,,,0
3000001,'7_1',644,,81789,6,,,0,59,,81748,6,,,0,20,,81749,6,,,0,20,,81750,6,,,0,60,,81751,6,,,0,19,,81752,6,,,0,19,,81753,6,,,0,60,,81754,6,,,0,21,,81755,6,,,0,19,,81756,6,,,0,60,,81757,6,,,0,20,,81758,6,,,0,19,,81759,6,,,0,61,,81760,6,,,0,20,,81761,6,,,0,19,,81762,6,,,0,19,,81763,6,,,0,60,,81764,6,,,0,20,,81765,6,,,0,20,,81766,6,,,0,60,,81767,6,,,0,19,,81768,6,,,0,21,,81769,6,,,0,60,,81770,6,,,0,19,,81771,6,,,0,21,,81772,6,,,0,60,,81773,6,,,0,20,,81774,6,,,0,20,,81775,6,,,0,60,,81776,6,,,0,20,,81777,6,,,0,20,,81778,6,,,0,60,,81779,6,,,0,21,,81780,6,,,0,60,,81781,6,,,0,19,,81782,6,,,0,22,,81783,6,,,0,61,,81784,6,,,0,21,,81785,6,,,0,31,,81786,6,,,0,67,,81787,6,,,0,31,,81788,6,,,0
3000001,'7_2',644,,83709,6,,,0,59,,83668,6,,,0,20,,83669,6,,,0,20,,83670,6,,,0,60,,83671,6,,,0,19,,83672,6,,,0,19,,83673,6,,,0,60,,83674,6,,,0,21,,83675,6,,,0,19,,83676,6,,,0,60,,83677,6,,,0,20,,83678,6,,,0,19,,83679,6,,,0,61,,83680,6,,,0,20,,83681,6,,,0,19,,83682,6,,,0,19,,83683,6,,,0,60,,83684,6,,,0,20,,83685,6,,,0,20,,83686,6,,,0,60,,83687,6,,,0,19,,83688,6,,,0,21,,83689,6,,,0,60,,83690,6,,,0,19,,83691,6,,,0,21,,83692,6,,,0,60,,83693,6,,,0,20,,83694,6,,,0,20,,83695,6,,,0,60,,83696,6,,,0,20,,83697,6,,,0,20,,83698,6,,,0,60,,83699,6,,,0,21,,83700,6,,,0,60,,83701,6,,,0,19,,83702,6,,,0,22,,83703,6,,,0,61,,83704,6,,,0,21,,83705,6,,,0,31,,83706,6,,,0,67,,83707,6,,,0,31,,83708,6,,,0
3000001,'7_3',644,,83751,6,,,0,59,,83710,6,,,0,20,,83711,6,,,0,20,,83712,6,,,0,60,,83713,6,,,0,19,,83714,6,,,0,19,,83715,6,,,0,60,,83716,6,,,0,21,,83717,6,,,0,19,,83718,6,,,0,60,,83719,6,,,0,20,,83720,6,,,0,19,,83721,6,,,0,61,,83722,6,,,0,20,,83723,6,,,0,19,,83724,6,,,0,19,,83725,6,,,0,60,,83726,6,,,0,20,,83727,6,,,0,20,,83728,6,,,0,60,,83729,6,,,0,19,,83730,6,,,0,21,,83731,6,,,0,60,,83732,6,,,0,19,,83733,6,,,0,21,,83734,6,,,0,60,,83735,6,,,0,20,,83736,6,,,0,20,,83737,6,,,0,60,,83738,6,,,0,20,,83739,6,,,0,20,,83740,6,,,0,60,,83741,6,,,0,21,,83742,6,,,0,60,,83743,6,,,0,19,,83744,6,,,0,22,,83745,6,,,0,61,,83746,6,,,0,21,,83747,6,,,0,31,,83748,6,,,0,67,,83749,6,,,0,31,,83750,6,,,0
3000001,'7_4',644,,79983,6,,,0,59,,79942,6,,,0,20,,79943,6,,,0,20,,79944,6,,,0,60,,79945,6,,,0,19,,79946,6,,,0,19,,79947,6,,,0,60,,79948,6,,,0,21,,79949,6,,,0,19,,79950,6,,,0,60,,79951,6,,,0,20,,79952,6,,,0,19,,79953,6,,,0,61,,79954,6,,,0,20,,79955,6,,,0,19,,79956,6,,,0,19,,79957,6,,,0,60,,79958,6,,,0,20,,79959,6,,,0,20,,79960,6,,,0,60,,79961,6,,,0,19,,79962,6,,,0,21,,79963,6,,,0,60,,79964,6,,,0,19,,79965,6,,,0,21,,79966,6,,,0,60,,79967,6,,,0,20,,79968,6,,,0,20,,79969,6,,,0,60,,79970,6,,,0,20,,79971,6,,,0,20,,79972,6,,,0,60,,79973,6,,,0,21,,79974,6,,,0,60,,79975,6,,,0,19,,79976,6,,,0,22,,79977,6,,,0,61,,79978,6,,,0,21,,79979,6,,,0,31,,79980,6,,,0,67,,79981,6,,,0,31,,79982,6,,,0
3000001,'7_5',644,,81831,6,,,0,59,,81790,6,,,0,20,,81791,6,,,0,20,,81792,6,,,0,60,,81793,6,,,0,19,,81794,6,,,0,19,,81795,6,,,0,60,,81796,6,,,0,21,,81797,6,,,0,19,,81798,6,,,0,60,,81799,6,,,0,20,,81800,6,,,0,19,,81801,6,,,0,61,,81802,6,,,0,20,,81803,6,,,0,19,,81804,6,,,0,19,,81805,6,,,0,60,,81806,6,,,0,20,,81807,6,,,0,20,,81808,6,,,0,60,,81809,6,,,0,19,,81810,6,,,0,21,,81811,6,,,0,60,,81812,6,,,0,19,,81813,6,,,0,21,,81814,6,,,0,60,,81815,6,,,0,20,,81816,6,,,0,20,,81817,6,,,0,60,,81818,6,,,0,20,,81819,6,,,0,20,,81820,6,,,0,60,,81821,6,,,0,21,,81822,6,,,0,60,,81823,6,,,0,19,,81824,6,,,0,22,,81825,6,,,0,61,,81826,6,,,0,21,,81827,6,,,0,31,,81828,6,,,0,67,,81829,6,,,0,31,,81830,6,,,0
