401,'0_6',652,,65084,7,,,0,163,,65083,7,0,41,0,32,,65081,7,,,0,64,,65070,7,0,41,0,32,,65082,7,0,41,0,69,,65071,7,0,41,0,35,,65077,7,,,0,67,,65072,7,0,41,0,32,,65073,7,0,41,0,73,,65089,7,0,41,0,31,,65091,7,,,0,72,,65078,7,0,41,0,29,,65069,7,0,41,0,68,,65074,7,0,41,0,28,,65079,7,,,0,67,,65075,7,0,41,0,29,,65092,7,0,41,0,71,,65088,7,0,41,0,26,,65085,7,,,0,64,,65086,7,0,41,0,27,,65090,7,,,0,76,,65087,7,0,41,0,36,,65076,7,0,41,0,76,,65080,7,,,0
401,'1_7',930,,65093,7,,,0,125,,65094,7,,,0,165,,65095,7,,,0,201,,65096,7,,,0,125,,65097,7,,,0,165,,65098,7,,,0,125,,65099,7,,,0
401,'5_1',647,,74188,10,,,0,58,,74189,7,0,41,0,39,,74200,7,0,41,0,76,,74179,10,0,41,0,27,,74201,7,,,0,67,,74180,7,0,41,0,29,,74202,7,0,41,0,69,,74181,7,0,41,0,35,,74196,7,,,0,71,,74182,7,0,41,0,29,,74183,7,0,41,0,69,,74195,7,0,41,0,36,,74193,7,,,0,73,,74197,7,0,41,0,26,,74178,7,0,41,0,68,,74184,7,0,41,0,28,,74198,7,,,0,65,,74185,7,0,41,0,31,,74186,7,,,0,62,,74194,7,0,41,0,27,,74190,7,,,0,24,,74191,7,0,41,0,86,,74203,10,,,0,62,,74192,7,0,41,0,34,,74187,7,0,41,0,79,,74199,7,,,0
401,'5_2',647,,75558,10,,,0,58,,75559,7,0,41,0,39,,75570,7,0,41,0,76,,75549,10,0,41,0,27,,75571,7,,,0,67,,75550,7,0,41,0,29,,75572,7,0,41,0,69,,75551,7,0,41,0,35,,75566,7,,,0,71,,75552,7,0,41,0,29,,75553,7,0,41,0,69,,75565,7,0,41,0,36,,75563,7,,,0,73,,75567,7,0,41,0,26,,75548,7,0,41,0,68,,75554,7,0,41,0,28,,75568,7,,,0,65,,75555,7,0,41,0,31,,75556,7,,,0,62,,75564,7,0,41,0,27,,75560,7,,,0,24,,75561,7,0,41,0,86,,75573,10,,,0,62,,75562,7,0,41,0,34,,75557,7,0,41,0,79,,75569,7,,,0
401,'5_3',647,,75584,10,,,0,58,,75585,7,0,41,0,39,,75596,7,0,41,0,76,,75575,10,0,41,0,27,,75597,7,,,0,67,,75576,7,0,41,0,29,,75598,7,0,41,0,69,,75577,7,0,41,0,35,,75592,7,,,0,71,,75578,7,0,41,0,29,,75579,7,0,41,0,69,,75591,7,0,41,0,36,,75589,7,,,0,73,,75593,7,0,41,0,26,,75574,7,0,41,0,68,,75580,7,0,41,0,28,,75594,7,,,0,65,,75581,7,0,41,0,31,,75582,7,,,0,62,,75590,7,0,41,0,27,,75586,7,,,0,24,,75587,7,0,41,0,86,,75599,10,,,0,62,,75588,7,0,41,0,34,,75583,7,0,41,0,79,,75595,7,,,0
401,'7_1',647,,80507,10,,,0,58,,80508,7,0,41,0,39,,80519,7,0,41,0,76,,80498,10,0,41,0,27,,80520,7,,,0,67,,80499,7,0,41,0,29,,80521,7,0,41,0,69,,80500,7,0,41,0,35,,80515,7,,,0,71,,80501,7,0,41,0,29,,80502,7,0,41,0,69,,80514,7,0,41,0,36,,80512,7,,,0,73,,80516,7,0,41,0,26,,80497,7,0,41,0,68,,80503,7,0,41,0,28,,80517,7,,,0,65,,80504,7,0,41,0,31,,80505,7,,,0,62,,80513,7,0,41,0,27,,80509,7,,,0,24,,80510,7,0,41,0,86,,80522,10,,,0,62,,80511,7,0,41,0,34,,80506,7,0,41,0,79,,80518,7,,,0
401,'7_2',647,,82428,10,,,0,58,,82429,7,0,41,0,39,,82440,7,0,41,0,76,,82419,10,0,41,0,27,,82441,7,,,0,67,,82420,7,0,41,0,29,,82442,7,0,41,0,69,,82421,7,0,41,0,35,,82436,7,,,0,71,,82422,7,0,41,0,29,,82423,7,0,41,0,69,,82435,7,0,41,0,36,,82433,7,,,0,73,,82437,7,0,41,0,26,,82418,7,0,41,0,68,,82424,7,0,41,0,28,,82438,7,,,0,65,,82425,7,0,41,0,31,,82426,7,,,0,62,,82434,7,0,41,0,27,,82430,7,,,0,24,,82431,7,0,41,0,86,,82443,10,,,0,62,,82432,7,0,41,0,34,,82427,7,0,41,0,79,,82439,7,,,0
401,'7_3',647,,82454,10,,,0,58,,82455,7,0,41,0,39,,82466,7,0,41,0,76,,82445,10,0,41,0,27,,82467,7,,,0,67,,82446,7,0,41,0,29,,82468,7,0,41,0,69,,82447,7,0,41,0,35,,82462,7,,,0,71,,82448,7,0,41,0,29,,82449,7,0,41,0,69,,82461,7,0,41,0,36,,82459,7,,,0,73,,82463,7,0,41,0,26,,82444,7,0,41,0,68,,82450,7,0,41,0,28,,82464,7,,,0,65,,82451,7,0,41,0,31,,82452,7,,,0,62,,82460,7,0,41,0,27,,82456,7,,,0,24,,82457,7,0,41,0,86,,82469,10,,,0,62,,82458,7,0,41,0,34,,82453,7,0,41,0,79,,82465,7,,,0
401,'7_4',647,,79327,10,,,0,58,,79328,7,0,41,0,39,,79339,7,0,41,0,76,,79318,10,0,41,0,27,,79340,7,,,0,67,,79319,7,0,41,0,29,,79341,7,0,41,0,69,,79320,7,0,41,0,35,,79335,7,,,0,71,,79321,7,0,41,0,29,,79322,7,0,41,0,69,,79334,7,0,41,0,36,,79332,7,,,0,73,,79336,7,0,41,0,26,,79317,7,0,41,0,68,,79323,7,0,41,0,28,,79337,7,,,0,65,,79324,7,0,41,0,31,,79325,7,,,0,62,,79333,7,0,41,0,27,,79329,7,,,0,24,,79330,7,0,41,0,86,,79342,10,,,0,62,,79331,7,0,41,0,34,,79326,7,0,41,0,79,,79338,7,,,0
401,'7_5',647,,80533,10,,,0,58,,80534,7,0,41,0,39,,80545,7,0,41,0,76,,80524,10,0,41,0,27,,80546,7,,,0,67,,80525,7,0,41,0,29,,80547,7,0,41,0,69,,80526,7,0,41,0,35,,80541,7,,,0,71,,80527,7,0,41,0,29,,80528,7,0,41,0,69,,80540,7,0,41,0,36,,80538,7,,,0,73,,80542,7,0,41,0,26,,80523,7,0,41,0,68,,80529,7,0,41,0,28,,80543,7,,,0,65,,80530,7,0,41,0,31,,80531,7,,,0,62,,80539,7,0,41,0,27,,80535,7,,,0,24,,80536,7,0,41,0,86,,80548,10,,,0,62,,80537,7,0,41,0,34,,80532,7,0,41,0,79,,80544,7,,,0
