300,'1_3',711,,95355,29,,,0,25,,95356,29,,,0,70,,95357,29,,,0,24,,95358,29,,,0,25,,95359,29,,,0,70,,95360,29,,,0,32,,95361,29,,,0,72,,95362,29,,,0,71,,95363,29,,,0,32,,95364,29,,,0,72,,95365,29,,,0,32,,95366,29,,,0,72,,95367,29,,,0,33,,95368,29,,,0,72,,95369,29,,,0,33,,95370,29,,,0,72,,95371,29,,,0,34,,95372,29,,,0,69,,95374,29,,,0,27,,95375,29,,,0,68,,95376,29,,,0,28,,95377,29,,,0,69,,95378,29,,,0,30,,95382,29,,,0,71,,95379,29,,,0,31,,95380,29,,,0,73,,95381,29,,,0,30,,95373,29,,,0
300,'2_6',710,,95383,29,,,0,30,,95385,29,,,0,70,,95386,29,,,0,30,,95384,29,,,0,70,,95388,29,,,0,29,,95389,29,,,0,69,,95387,29,,,0,31,,95390,29,,,0,70,,95391,29,,,0,30,,95394,29,,,0,69,,95393,29,,,0,29,,95392,29,,,0,68,,95396,29,,,0,30,,95395,29,,,0,70,,95397,29,,,0,29,,95398,29,,,0,72,,95399,29,,,0,32,,95400,29,,,0,71,,95401,29,,,0,31,,95402,29,,,0,72,,95403,29,,,0,32,,95404,29,,,0,70,,95405,29,,,0,31,,95410,29,,,0,71,,95406,29,,,0,30,,95407,29,,,0,64,,95408,29,,,0,30,,95409,29,,,0
300,'4_1',711,,95437,29,,,0,25,,95438,29,,,0,70,,95439,29,,,0,24,,95440,29,,,0,25,,95441,29,,,0,70,,95442,29,,,0,32,,95443,29,,,0,72,,95444,29,,,0,71,,95445,29,,,0,32,,95446,29,,,0,72,,95447,29,,,0,32,,95448,29,,,0,72,,95449,29,,,0,33,,95450,29,,,0,72,,95451,29,,,0,33,,95452,29,,,0,72,,95453,29,,,0,34,,95454,29,,,0,69,,95456,29,,,0,27,,95457,29,,,0,68,,95458,29,,,0,28,,95459,29,,,0,69,,95460,29,,,0,30,,95464,29,,,0,71,,95461,29,,,0,31,,95462,29,,,0,73,,95463,29,,,0,30,,95455,29,,,0
300,'4_2',711,,95465,29,,,0,25,,95466,29,,,0,70,,95467,29,,,0,24,,95468,29,,,0,25,,95469,29,,,0,70,,95470,29,,,0,32,,95471,29,,,0,72,,95472,29,,,0,71,,95473,29,,,0,32,,95474,29,,,0,72,,95475,29,,,0,32,,95476,29,,,0,72,,95477,29,,,0,33,,95478,29,,,0,72,,95479,29,,,0,33,,95480,29,,,0,72,,95481,29,,,0,34,,95482,29,,,0,69,,95484,29,,,0,27,,95485,29,,,0,68,,95486,29,,,0,28,,95487,29,,,0,69,,95488,29,,,0,30,,95492,29,,,0,71,,95489,29,,,0,31,,95490,29,,,0,73,,95491,29,,,0,30,,95483,29,,,0
300,'4_4',711,,95493,29,,,0,25,,95494,29,,,0,70,,95495,29,,,0,24,,95496,29,,,0,25,,95497,29,,,0,70,,95498,29,,,0,32,,95499,29,,,0,72,,95500,29,,,0,71,,95501,29,,,0,32,,95502,29,,,0,72,,95503,29,,,0,32,,95504,29,,,0,72,,95505,29,,,0,33,,95506,29,,,0,72,,95507,29,,,0,33,,95508,29,,,0,72,,95509,29,,,0,34,,95510,29,,,0,69,,95512,29,,,0,27,,95513,29,,,0,68,,95514,29,,,0,28,,95515,29,,,0,69,,95516,29,,,0,30,,95520,29,,,0,71,,95517,29,,,0,31,,95518,29,,,0,73,,95519,29,,,0,30,,95511,29,,,0
300,'4_5',711,,95521,29,,,0,25,,95522,29,,,0,70,,95523,29,,,0,24,,95524,29,,,0,25,,95525,29,,,0,70,,95526,29,,,0,32,,95527,29,,,0,72,,95528,29,,,0,71,,95529,29,,,0,32,,95530,29,,,0,72,,95531,29,,,0,32,,95532,29,,,0,72,,95533,29,,,0,33,,95534,29,,,0,72,,95535,29,,,0,33,,95536,29,,,0,72,,95537,29,,,0,34,,95538,29,,,0,69,,95540,29,,,0,27,,95541,29,,,0,68,,95542,29,,,0,28,,95543,29,,,0,69,,95544,29,,,0,30,,95548,29,,,0,71,,95545,29,,,0,31,,95546,29,,,0,73,,95547,29,,,0,30,,95539,29,,,0
300,'5_7',929,,95549,29,,,0,100,,95550,29,,,0,100,,95551,29,,,0,100,,95552,29,,,0,100,,95553,29,,,0,100,,95554,29,,,0,100,,95555,29,,,0,100,,95556,29,,,0,100,,95557,29,,,0,100,,95558,29,,,0,100,,95559,29,,,0
800,'1_3',706,,97052,18,,,0,33,,97053,18,,,0,67,,97054,18,,,0,31,,97055,18,,,0,80,,97056,18,,,0,110,,97057,18,,,0,117,,97058,18,,,0,111,,97059,18,,,0,150,,97060,18,,,0,112,,97062,18,,,0,110,,97061,18,,,0
800,'4_1',706,,97063,18,,,0,33,,97064,18,,,0,67,,97065,18,,,0,31,,97066,18,,,0,80,,97067,18,,,0,110,,97068,18,,,0,117,,97069,18,,,0,111,,97070,18,,,0,150,,97071,18,,,0,112,,97073,18,,,0,110,,97072,18,,,0
800,'4_2',706,,97074,18,,,0,33,,97075,18,,,0,67,,97076,18,,,0,31,,97077,18,,,0,80,,97078,18,,,0,110,,97079,18,,,0,117,,97080,18,,,0,111,,97081,18,,,0,150,,97082,18,,,0,112,,97084,18,,,0,110,,97083,18,,,0
800,'4_4',706,,97085,18,,,0,33,,97086,18,,,0,67,,97087,18,,,0,31,,97088,18,,,0,80,,97089,18,,,0,110,,97090,18,,,0,117,,97091,18,,,0,111,,97092,18,,,0,150,,97093,18,,,0,112,,97095,18,,,0,110,,97094,18,,,0
800,'4_5',706,,97096,18,,,0,33,,97097,18,,,0,67,,97098,18,,,0,31,,97099,18,,,0,80,,97100,18,,,0,110,,97101,18,,,0,117,,97102,18,,,0,111,,97103,18,,,0,150,,97104,18,,,0,112,,97106,18,,,0,110,,97105,18,,,0
2200,'1_3',712,,98536,14,0,11 15 16,0,121,,98537,14,0,11 15 16,0,881,,98538,14,0,11 15 16,0
2200,'4_1',712,,98541,14,0,11 15 16,0,121,,98542,14,0,11 15 16,0,881,,98543,14,0,11 15 16,0
2200,'4_2',712,,98548,14,0,11 15 16,0,121,,98549,14,0,11 15 16,0,881,,98550,14,0,11 15 16,0
2200,'4_4',712,,98555,14,0,11 15 16,0,121,,98556,14,0,11 15 16,0,881,,98557,14,0,11 15 16,0
2200,'4_5',712,,98562,14,0,11 15 16,0,121,,98563,14,0,11 15 16,0,881,,98564,14,0,11 15 16,0
