2400,'0_4',732,,98657,8,,,0,868,,98658,3,,,0,103,,98659,3,,,0,55,,98660,3,,,0
2400,'0_5',732,,98661,8,,,0,868,,98662,3,,,0,103,,98663,3,,,0,55,,98664,3,,,0
2400,'1_3',732,,98665,8,,,0,490,,98666,3,,,0
2400,'4_1',732,,98667,8,,,0,868,,98668,3,,,0,103,,98669,3,,,0,55,,98670,3,,,0
2400,'4_2',732,,98671,8,,,0,868,,98672,3,,,0,103,,98673,3,,,0,55,,98674,3,,,0
2400,'4_4',732,,98675,8,,,0,868,,98676,3,,,0,103,,98677,3,,,0,55,,98678,3,,,0
2400,'4_5',732,,98679,8,,,0,868,,98680,3,,,0,103,,98681,3,,,0,55,,98682,3,,,0
2000000,'0_4',642,,101480,5,,,0,61,,101462,5,,,0,16,,101490,5,,,0,14,,101446,5,,,0,15,,101473,5,,,0,55,,101455,5,,,0,15,,101482,5,,,0,15,,101465,5,,,0,16,,101493,5,,,0,57,,101447,5,,,0,16,,101478,5,,,0,15,,101456,5,,,0,16,,101483,5,,,0,55,,101463,5,,,0,16,,101491,5,,,0,16,,101448,5,,,0,16,,101479,5,,,0,55,,101457,5,,,0,16,,101484,5,,,0,17,,101464,5,,,0,14,,101494,5,,,0,57,,101449,5,,,0,14,,101472,5,,,0,16,,101458,5,,,0,55,,101481,5,,,0,15,,101466,5,,,0,15,,101492,5,,,0,15,,101451,5,,,0,55,,101474,5,,,0,15,,101461,5,,,0,15,,101486,5,,,0,15,,101467,5,,,0,14,,101495,5,,,0,55,,101452,5,,,0,15,,101475,5,,,0,16,,101460,5,,,0,7,,101443,3,0,9 10,0,48,,101485,5,,,0,14,,101468,5,,,0,16,,101444,5,,,0,13,,101496,5,,,0,15,,101442,3,0,9 10,0,43,,101450,5,,,0,14,,101477,5,,,0,17,,101459,5,,,0,15,,101487,5,,,0,10,,101499,3,0,9 10,0,46,,101470,5,,,0,14,,101445,5,,,0,15,,101497,5,,,0,15,,101453,5,,,0,55,,101476,5,,,0,14,,101488,5,,,0,19,,101469,5,,,0,22,,101498,5,,,0,61,,101454,5,,,0,19,,101489,5,,,0,21,,101471,5,,,0
2000000,'0_5',642,,101539,5,,,0,61,,101521,5,,,0,16,,101549,5,,,0,14,,101505,5,,,0,15,,101532,5,,,0,55,,101514,5,,,0,15,,101541,5,,,0,15,,101524,5,,,0,16,,101552,5,,,0,57,,101506,5,,,0,16,,101537,5,,,0,15,,101515,5,,,0,16,,101542,5,,,0,55,,101522,5,,,0,16,,101550,5,,,0,16,,101507,5,,,0,16,,101538,5,,,0,55,,101516,5,,,0,16,,101543,5,,,0,17,,101523,5,,,0,14,,101553,5,,,0,57,,101508,5,,,0,14,,101531,5,,,0,16,,101517,5,,,0,55,,101540,5,,,0,15,,101525,5,,,0,15,,101551,5,,,0,15,,101510,5,,,0,55,,101533,5,,,0,15,,101520,5,,,0,15,,101545,5,,,0,15,,101526,5,,,0,14,,101554,5,,,0,55,,101511,5,,,0,15,,101534,5,,,0,16,,101519,5,,,0,7,,101502,3,0,9 10,0,48,,101544,5,,,0,14,,101527,5,,,0,16,,101503,5,,,0,13,,101555,5,,,0,15,,101501,3,0,9 10,0,43,,101509,5,,,0,14,,101536,5,,,0,17,,101518,5,,,0,15,,101546,5,,,0,10,,101558,3,0,9 10,0,46,,101529,5,,,0,14,,101504,5,,,0,15,,101556,5,,,0,15,,101512,5,,,0,55,,101535,5,,,0,14,,101547,5,,,0,19,,101528,5,,,0,22,,101557,5,,,0,61,,101513,5,,,0,19,,101548,5,,,0,21,,101530,5,,,0
2000000,'1_3',642,,101597,5,,,0,61,,101579,5,,,0,16,,101607,5,,,0,14,,101563,5,,,0,15,,101590,5,,,0,55,,101572,5,,,0,15,,101599,5,,,0,15,,101582,5,,,0,16,,101610,5,,,0,57,,101564,5,,,0,16,,101595,5,,,0,15,,101573,5,,,0,16,,101600,5,,,0,55,,101580,5,,,0,16,,101608,5,,,0,16,,101565,5,,,0,16,,101596,5,,,0,55,,101574,5,,,0,16,,101601,5,,,0,17,,101581,5,,,0,14,,101611,5,,,0,49,,101616,3,0,9 10,0,3,,101560,3,0,9 10,0,2,,101559,3,0,9 10,0,3,,101566,5,,,0,14,,101589,5,,,0,16,,101575,5,,,0,55,,101598,5,,,0,15,,101583,5,,,0,15,,101609,5,,,0,15,,101568,5,,,0,55,,101591,5,,,0,15,,101578,5,,,0,15,,101603,5,,,0,15,,101584,5,,,0,14,,101612,5,,,0,55,,101569,5,,,0,15,,101592,5,,,0,16,,101577,5,,,0,55,,101602,5,,,0,14,,101585,5,,,0,16,,101561,5,,,0,13,,101613,5,,,0,58,,101567,5,,,0,14,,101594,5,,,0,17,,101576,5,,,0,15,,101604,5,,,0,56,,101587,5,,,0,14,,101562,5,,,0,15,,101614,5,,,0,15,,101570,5,,,0,55,,101593,5,,,0,14,,101605,5,,,0,19,,101586,5,,,0,22,,101615,5,,,0,61,,101571,5,,,0,19,,101606,5,,,0,21,,101588,5,,,0
2000000,'2_6',639,,101617,5,,,0,81,,101618,5,,,0,39,,101619,5,,,0,68,,101620,5,,,0,21,,101621,5,,,0,60,,101622,5,,,0,17,,101623,5,,,0,18,,101624,5,,,0,59,,101625,5,,,0,20,,101626,5,,,0,19,,101627,5,,,0,59,,101628,5,,,0,19,,101629,5,,,0,20,,101630,5,,,0,19,,101631,5,,,0,59,,101632,5,,,0,18,,101633,5,,,0,19,,101634,5,,,0,59,,101635,5,,,0,19,,101636,5,,,0,18,,101637,5,,,0,59,,101638,5,,,0,20,,101639,5,,,0,20,,101640,5,,,0,59,,101641,5,,,0,19,,101642,5,,,0,20,,101643,5,,,0,60,,101644,5,,,0,20,,101645,5,,,0,20,,101646,5,,,0,59,,101647,5,,,0,20,,101648,5,,,0,20,,101649,5,,,0,60,,101650,5,,,0,18,,101651,5,,,0,20,,101652,5,,,0,64,,101653,5,,,0,25,,101654,5,,,0,25,,101655,5,,,0,65,,101656,5,,,0,25,,101657,5,,,0
2000000,'3_7',815,,101658,5,,,0,40,,101659,5,,,0,80,,101660,5,,,0,80,,101661,5,,,0,40,,101662,5,,,0,80,,101663,5,,,0,80,,101664,5,,,0,40,,101665,5,,,0,80,,101666,5,,,0,80,,101667,5,,,0,40,,101668,5,,,0,80,,101669,5,,,0,80,,101670,5,,,0,40,,101671,5,,,0,80,,101672,5,,,0,80,,101673,5,,,0,40,,101674,5,,,0,80,,101675,5,,,0
2000000,'4_1',642,,101715,5,,,0,61,,101697,5,,,0,16,,101725,5,,,0,14,,101681,5,,,0,15,,101708,5,,,0,55,,101690,5,,,0,15,,101717,5,,,0,15,,101700,5,,,0,16,,101728,5,,,0,57,,101682,5,,,0,16,,101713,5,,,0,15,,101691,5,,,0,16,,101718,5,,,0,55,,101698,5,,,0,16,,101726,5,,,0,16,,101683,5,,,0,16,,101714,5,,,0,55,,101692,5,,,0,16,,101719,5,,,0,17,,101699,5,,,0,14,,101729,5,,,0,57,,101684,5,,,0,14,,101707,5,,,0,16,,101693,5,,,0,55,,101716,5,,,0,15,,101701,5,,,0,15,,101727,5,,,0,15,,101686,5,,,0,55,,101709,5,,,0,15,,101696,5,,,0,15,,101721,5,,,0,15,,101702,5,,,0,14,,101730,5,,,0,55,,101687,5,,,0,15,,101710,5,,,0,16,,101695,5,,,0,7,,101678,3,0,9 10,0,48,,101720,5,,,0,14,,101703,5,,,0,16,,101679,5,,,0,13,,101731,5,,,0,15,,101677,3,0,9 10,0,43,,101685,5,,,0,14,,101712,5,,,0,17,,101694,5,,,0,15,,101722,5,,,0,10,,101734,3,0,9 10,0,46,,101705,5,,,0,14,,101680,5,,,0,15,,101732,5,,,0,15,,101688,5,,,0,55,,101711,5,,,0,14,,101723,5,,,0,19,,101704,5,,,0,22,,101733,5,,,0,61,,101689,5,,,0,19,,101724,5,,,0,21,,101706,5,,,0
2000000,'4_2',642,,101774,5,,,0,61,,101756,5,,,0,16,,101784,5,,,0,14,,101740,5,,,0,15,,101767,5,,,0,55,,101749,5,,,0,15,,101776,5,,,0,15,,101759,5,,,0,16,,101787,5,,,0,57,,101741,5,,,0,16,,101772,5,,,0,15,,101750,5,,,0,16,,101777,5,,,0,55,,101757,5,,,0,16,,101785,5,,,0,16,,101742,5,,,0,16,,101773,5,,,0,55,,101751,5,,,0,16,,101778,5,,,0,17,,101758,5,,,0,14,,101788,5,,,0,57,,101743,5,,,0,14,,101766,5,,,0,16,,101752,5,,,0,55,,101775,5,,,0,15,,101760,5,,,0,15,,101786,5,,,0,15,,101745,5,,,0,55,,101768,5,,,0,15,,101755,5,,,0,15,,101780,5,,,0,15,,101761,5,,,0,14,,101789,5,,,0,55,,101746,5,,,0,15,,101769,5,,,0,16,,101754,5,,,0,7,,101737,3,0,9 10,0,48,,101779,5,,,0,14,,101762,5,,,0,16,,101738,5,,,0,13,,101790,5,,,0,15,,101736,3,0,9 10,0,43,,101744,5,,,0,14,,101771,5,,,0,17,,101753,5,,,0,15,,101781,5,,,0,10,,101793,3,0,9 10,0,46,,101764,5,,,0,14,,101739,5,,,0,15,,101791,5,,,0,15,,101747,5,,,0,55,,101770,5,,,0,14,,101782,5,,,0,19,,101763,5,,,0,22,,101792,5,,,0,61,,101748,5,,,0,19,,101783,5,,,0,21,,101765,5,,,0
2000000,'4_4',642,,101833,5,,,0,61,,101815,5,,,0,16,,101843,5,,,0,14,,101799,5,,,0,15,,101826,5,,,0,55,,101808,5,,,0,15,,101835,5,,,0,15,,101818,5,,,0,16,,101846,5,,,0,57,,101800,5,,,0,16,,101831,5,,,0,15,,101809,5,,,0,16,,101836,5,,,0,55,,101816,5,,,0,16,,101844,5,,,0,16,,101801,5,,,0,16,,101832,5,,,0,55,,101810,5,,,0,16,,101837,5,,,0,17,,101817,5,,,0,14,,101847,5,,,0,57,,101802,5,,,0,14,,101825,5,,,0,16,,101811,5,,,0,55,,101834,5,,,0,15,,101819,5,,,0,15,,101845,5,,,0,15,,101804,5,,,0,55,,101827,5,,,0,15,,101814,5,,,0,15,,101839,5,,,0,15,,101820,5,,,0,14,,101848,5,,,0,55,,101805,5,,,0,15,,101828,5,,,0,16,,101813,5,,,0,7,,101796,3,0,9 10,0,48,,101838,5,,,0,14,,101821,5,,,0,16,,101797,5,,,0,13,,101849,5,,,0,15,,101795,3,0,9 10,0,43,,101803,5,,,0,14,,101830,5,,,0,17,,101812,5,,,0,15,,101840,5,,,0,10,,101852,3,0,9 10,0,46,,101823,5,,,0,14,,101798,5,,,0,15,,101850,5,,,0,15,,101806,5,,,0,55,,101829,5,,,0,14,,101841,5,,,0,19,,101822,5,,,0,22,,101851,5,,,0,61,,101807,5,,,0,19,,101842,5,,,0,21,,101824,5,,,0
2000000,'4_5',642,,101892,5,,,0,61,,101874,5,,,0,16,,101902,5,,,0,14,,101858,5,,,0,15,,101885,5,,,0,55,,101867,5,,,0,15,,101894,5,,,0,15,,101877,5,,,0,16,,101905,5,,,0,57,,101859,5,,,0,16,,101890,5,,,0,15,,101868,5,,,0,16,,101895,5,,,0,55,,101875,5,,,0,16,,101903,5,,,0,16,,101860,5,,,0,16,,101891,5,,,0,55,,101869,5,,,0,16,,101896,5,,,0,17,,101876,5,,,0,14,,101906,5,,,0,57,,101861,5,,,0,14,,101884,5,,,0,16,,101870,5,,,0,55,,101893,5,,,0,15,,101878,5,,,0,15,,101904,5,,,0,15,,101863,5,,,0,55,,101886,5,,,0,15,,101873,5,,,0,15,,101898,5,,,0,15,,101879,5,,,0,14,,101907,5,,,0,55,,101864,5,,,0,15,,101887,5,,,0,16,,101872,5,,,0,7,,101855,3,0,9 10,0,48,,101897,5,,,0,14,,101880,5,,,0,16,,101856,5,,,0,13,,101908,5,,,0,15,,101854,3,0,9 10,0,43,,101862,5,,,0,14,,101889,5,,,0,17,,101871,5,,,0,15,,101899,5,,,0,10,,101911,3,0,9 10,0,46,,101882,5,,,0,14,,101857,5,,,0,15,,101909,5,,,0,15,,101865,5,,,0,55,,101888,5,,,0,14,,101900,5,,,0,19,,101881,5,,,0,22,,101910,5,,,0,61,,101866,5,,,0,19,,101901,5,,,0,21,,101883,5,,,0
2000000,'5_7',815,,101912,5,,,0,40,,101913,5,,,0,80,,101914,5,,,0,80,,101915,5,,,0,40,,101916,5,,,0,80,,101917,5,,,0,80,,101918,5,,,0,40,,101919,5,,,0,80,,101920,5,,,0,80,,101921,5,,,0,40,,101922,5,,,0,80,,101923,5,,,0,80,,101924,5,,,0,40,,101925,5,,,0,80,,101926,5,,,0,80,,101927,5,,,0,40,,101928,5,,,0,80,,101929,5,,,0
