1501,'0_6',711,,67220,21,,,0,19,,67221,21,,,0,94,,67222,21,,,0,21,,67223,21,,,0,158,,67224,21,,,0,116,,67225,21,,,0,118,,67226,21,,,0,94,,67227,21,,,0,118,,67228,21,,,0,99,,67219,9,,,0,166,,67229,21,,,0,108,,67230,21,,,0,94,,67231,21,,,0
1501,'5_1',711,,74386,21,,,0,19,,74387,21,,,0,94,,74388,21,,,0,21,,74389,21,,,0,158,,74390,21,,,0,116,,74391,21,,,0,118,,74392,21,,,0,94,,74393,21,,,0,118,,74394,21,,,0,99,,74385,9,,,0,166,,74395,21,,,0,108,,74396,21,,,0,94,,74397,21,,,0
1501,'5_2',711,,76170,21,,,0,19,,76171,21,,,0,94,,76172,21,,,0,21,,76173,21,,,0,158,,76174,21,,,0,116,,76175,21,,,0,118,,76176,21,,,0,94,,76177,21,,,0,118,,76178,21,,,0,99,,76169,9,,,0,166,,76179,21,,,0,108,,76180,21,,,0,94,,76181,21,,,0
1501,'5_3',711,,76183,21,,,0,19,,76184,21,,,0,94,,76185,21,,,0,21,,76186,21,,,0,158,,76187,21,,,0,116,,76188,21,,,0,118,,76189,21,,,0,94,,76190,21,,,0,118,,76191,21,,,0,99,,76182,9,,,0,166,,76192,21,,,0,108,,76193,21,,,0,94,,76194,21,,,0
1501,'7_1',711,,80912,21,,,0,19,,80913,21,,,0,94,,80914,21,,,0,21,,80915,21,,,0,158,,80916,21,,,0,116,,80917,21,,,0,118,,80918,21,,,0,94,,80919,21,,,0,118,,80920,21,,,0,99,,80911,9,,,0,166,,80921,21,,,0,108,,80922,21,,,0,94,,80923,21,,,0
1501,'7_2',711,,82833,21,,,0,19,,82834,21,,,0,94,,82835,21,,,0,21,,82836,21,,,0,158,,82837,21,,,0,116,,82838,21,,,0,118,,82839,21,,,0,94,,82840,21,,,0,118,,82841,21,,,0,99,,82832,9,,,0,166,,82842,21,,,0,108,,82843,21,,,0,94,,82844,21,,,0
1501,'7_3',711,,82846,21,,,0,19,,82847,21,,,0,94,,82848,21,,,0,21,,82849,21,,,0,158,,82850,21,,,0,116,,82851,21,,,0,118,,82852,21,,,0,94,,82853,21,,,0,118,,82854,21,,,0,99,,82845,9,,,0,166,,82855,21,,,0,108,,82856,21,,,0,94,,82857,21,,,0
1501,'7_4',711,,79525,21,,,0,19,,79526,21,,,0,94,,79527,21,,,0,21,,79528,21,,,0,158,,79529,21,,,0,116,,79530,21,,,0,118,,79531,21,,,0,94,,79532,21,,,0,118,,79533,21,,,0,99,,79524,9,,,0,166,,79534,21,,,0,108,,79535,21,,,0,94,,79536,21,,,0
1501,'7_5',711,,80925,21,,,0,19,,80926,21,,,0,94,,80927,21,,,0,21,,80928,21,,,0,158,,80929,21,,,0,116,,80930,21,,,0,118,,80931,21,,,0,94,,80932,21,,,0,118,,80933,21,,,0,99,,80924,9,,,0,166,,80934,21,,,0,108,,80935,21,,,0,94,,80936,21,,,0
1000001,'0_6',537,,69463,7,,,0,79,,69464,7,,,0,42,,69465,7,,,0,83,,69466,13,,,0,15,,69472,7,,,0,54,,69473,7,,,0,14,,69474,13,,,0,15,,69475,7,,,0,15,,69476,7,,,0,56,,69477,13,,,0,15,,69478,7,,,0,15,,69479,7,,,0,14,,69480,13,,,0,56,,69481,7,,,0,16,,69482,7,,,0,16,,69483,13,,,0,15,,69484,7,,,0,56,,69485,13,,,0,16,,69486,7,,,0,16,,69487,7,,,0,56,,69488,13,,,0,15,,69489,7,,,0,16,,69490,7,,,0,15,,69491,13,,,0,54,,69492,7,,,0,15,,69493,7,,,0,15,,69494,13,,,0,16,,69495,7,,,0,55,,69496,13,,,0,16,,69497,7,,,0,16,,69498,7,,,0,16,,69499,13,,,0,56,,69500,7,,,0,16,,69501,7,,,0,16,,69502,13,,,0,16,,69503,7,,,0,56,,69504,7,,,0,16,,69505,13,,,0,16,,69506,7,,,0,15,,69507,13,,,0,56,,69508,7,,,0,16,,69509,7,,,0,16,,69510,13,,,0,56,,69512,7,,,0,16,,69514,7,,,0,17,,69513,13,,,0,15,,69511,7,,,0,56,,69471,13,,,0,20,,69470,7,,,0,20,,69468,7,,,0,61,,69461,7,,,0,18,,69459,7,,,0,20,,69462,7,,,0,60,,69469,7,,,0,20,,69467,7,,,0,21,,69460,7,,,0
1000001,'1_7',805,,69515,7,,,0,40,,69516,7,,,0,80,,69517,7,,,0,80,,69518,7,,,0,40,,69519,7,,,0,80,,69520,7,,,0,80,,69521,7,,,0,40,,69522,7,,,0,80,,69523,7,,,0,80,,69524,7,,,0,40,,69525,7,,,0,80,,69526,7,,,0,80,,69527,7,,,0,40,,69528,7,,,0,80,,69529,7,,,0,80,,69530,7,,,0,40,,69531,7,,,0,80,,69532,7,,,0
1000001,'5_1',540,,74596,7,,,0,17,,74611,7,,,0,55,,74610,7,,,0,15,,74609,7,,,0,14,,74608,7,,,0,15,,74607,7,,,0,54,,74599,7,,,0,15,,74597,13,,,0,14,,74600,13,,,0,15,,74601,13,,,0,54,,74602,13,,,0,15,,74603,13,,,0,16,,74604,13,,,0,14,,74605,13,,,0,55,,74606,13,,,0,15,,74612,7,,,0,15,,74631,13,,,0,15,,74613,7,,,0,56,,74632,13,,,0,15,,74614,7,,,0,16,,74633,13,,,0,16,,74615,7,,,0,56,,74634,13,,,0,16,,74616,7,,,0,16,,74635,13,,,0,56,,74617,7,,,0,15,,74636,13,,,0,17,,74618,7,,,0,15,,74637,13,,,0,55,,74619,7,,,0,15,,74638,13,,,0,16,,74620,7,,,0,15,,74639,13,,,0,56,,74621,7,,,0,16,,74640,13,,,0,16,,74622,7,,,0,15,,74641,13,,,0,54,,74623,7,,,0,14,,74642,13,,,0,14,,74624,7,,,0,14,,74643,13,,,0,54,,74625,7,,,0,15,,74644,13,,,0,14,,74626,13,,,0,14,,74645,13,,,0,14,,74627,13,,,0,55,,74646,13,,,0,15,,74628,13,,,0,15,,74647,13,,,0,15,,74629,13,,,0,55,,74648,13,,,0,16,,74630,13,,,0,14,,74598,13,,,0,58,,74649,13,,,0,19,,74654,7,,,0,20,,74650,13,,,0,61,,74655,7,,,0,19,,74651,7,,,0,19,,74656,7,,,0,20,,74652,7,,,0,60,,74657,7,,,0,21,,74653,7,,,0
1000001,'5_2',540,,76802,7,,,0,17,,76817,7,,,0,55,,76816,7,,,0,15,,76815,7,,,0,14,,76814,7,,,0,15,,76813,7,,,0,54,,76805,7,,,0,15,,76803,13,,,0,14,,76806,13,,,0,15,,76807,13,,,0,54,,76808,13,,,0,15,,76809,13,,,0,16,,76810,13,,,0,14,,76811,13,,,0,55,,76812,13,,,0,15,,76818,7,,,0,15,,76837,13,,,0,15,,76819,7,,,0,56,,76838,13,,,0,15,,76820,7,,,0,16,,76839,13,,,0,16,,76821,7,,,0,56,,76840,13,,,0,16,,76822,7,,,0,16,,76841,13,,,0,56,,76823,7,,,0,15,,76842,13,,,0,17,,76824,7,,,0,15,,76843,13,,,0,55,,76825,7,,,0,15,,76844,13,,,0,16,,76826,7,,,0,15,,76845,13,,,0,56,,76827,7,,,0,16,,76846,13,,,0,16,,76828,7,,,0,15,,76847,13,,,0,54,,76829,7,,,0,14,,76848,13,,,0,14,,76830,7,,,0,14,,76849,13,,,0,54,,76831,7,,,0,15,,76850,13,,,0,14,,76832,13,,,0,14,,76851,13,,,0,14,,76833,13,,,0,55,,76852,13,,,0,15,,76834,13,,,0,15,,76853,13,,,0,15,,76835,13,,,0,55,,76854,13,,,0,16,,76836,13,,,0,14,,76804,13,,,0,58,,76855,13,,,0,19,,76860,7,,,0,20,,76856,13,,,0,61,,76861,7,,,0,19,,76857,7,,,0,19,,76862,7,,,0,20,,76858,7,,,0,60,,76863,7,,,0,21,,76859,7,,,0
1000001,'5_3',540,,76864,7,,,0,17,,76879,7,,,0,55,,76878,7,,,0,15,,76877,7,,,0,14,,76876,7,,,0,15,,76875,7,,,0,54,,76867,7,,,0,15,,76865,13,,,0,14,,76868,13,,,0,15,,76869,13,,,0,54,,76870,13,,,0,15,,76871,13,,,0,16,,76872,13,,,0,14,,76873,13,,,0,55,,76874,13,,,0,15,,76880,7,,,0,15,,76899,13,,,0,15,,76881,7,,,0,56,,76900,13,,,0,15,,76882,7,,,0,16,,76901,13,,,0,16,,76883,7,,,0,56,,76902,13,,,0,16,,76884,7,,,0,16,,76903,13,,,0,56,,76885,7,,,0,15,,76904,13,,,0,17,,76886,7,,,0,15,,76905,13,,,0,55,,76887,7,,,0,15,,76906,13,,,0,16,,76888,7,,,0,15,,76907,13,,,0,56,,76889,7,,,0,16,,76908,13,,,0,16,,76890,7,,,0,15,,76909,13,,,0,54,,76891,7,,,0,14,,76910,13,,,0,14,,76892,7,,,0,14,,76911,13,,,0,54,,76893,7,,,0,15,,76912,13,,,0,14,,76894,13,,,0,14,,76913,13,,,0,14,,76895,13,,,0,55,,76914,13,,,0,15,,76896,13,,,0,15,,76915,13,,,0,15,,76897,13,,,0,55,,76916,13,,,0,16,,76898,13,,,0,14,,76866,13,,,0,58,,76917,13,,,0,19,,76922,7,,,0,20,,76918,13,,,0,61,,76923,7,,,0,19,,76919,7,,,0,19,,76924,7,,,0,20,,76920,7,,,0,60,,76925,7,,,0,21,,76921,7,,,0
1000001,'7_1',540,,81334,7,,,0,17,,81349,7,,,0,55,,81348,7,,,0,15,,81347,7,,,0,14,,81346,7,,,0,15,,81345,7,,,0,54,,81337,7,,,0,15,,81335,13,,,0,14,,81338,13,,,0,15,,81339,13,,,0,54,,81340,13,,,0,15,,81341,13,,,0,16,,81342,13,,,0,14,,81343,13,,,0,55,,81344,13,,,0,15,,81350,7,,,0,15,,81369,13,,,0,15,,81351,7,,,0,56,,81370,13,,,0,15,,81352,7,,,0,16,,81371,13,,,0,16,,81353,7,,,0,56,,81372,13,,,0,16,,81354,7,,,0,16,,81373,13,,,0,56,,81355,7,,,0,15,,81374,13,,,0,17,,81356,7,,,0,15,,81375,13,,,0,55,,81357,7,,,0,15,,81376,13,,,0,16,,81358,7,,,0,15,,81377,13,,,0,56,,81359,7,,,0,16,,81378,13,,,0,16,,81360,7,,,0,15,,81379,13,,,0,54,,81361,7,,,0,14,,81380,13,,,0,14,,81362,7,,,0,14,,81381,13,,,0,54,,81363,7,,,0,15,,81382,13,,,0,14,,81364,13,,,0,14,,81383,13,,,0,14,,81365,13,,,0,55,,81384,13,,,0,15,,81366,13,,,0,15,,81385,13,,,0,15,,81367,13,,,0,55,,81386,13,,,0,16,,81368,13,,,0,14,,81336,13,,,0,58,,81387,13,,,0,19,,81392,7,,,0,20,,81388,13,,,0,61,,81393,7,,,0,19,,81389,7,,,0,19,,81394,7,,,0,20,,81390,7,,,0,60,,81395,7,,,0,21,,81391,7,,,0
1000001,'7_2',540,,83254,7,,,0,17,,83269,7,,,0,55,,83268,7,,,0,15,,83267,7,,,0,14,,83266,7,,,0,15,,83265,7,,,0,54,,83257,7,,,0,15,,83255,13,,,0,14,,83258,13,,,0,15,,83259,13,,,0,54,,83260,13,,,0,15,,83261,13,,,0,16,,83262,13,,,0,14,,83263,13,,,0,55,,83264,13,,,0,15,,83270,7,,,0,15,,83289,13,,,0,15,,83271,7,,,0,56,,83290,13,,,0,15,,83272,7,,,0,16,,83291,13,,,0,16,,83273,7,,,0,56,,83292,13,,,0,16,,83274,7,,,0,16,,83293,13,,,0,56,,83275,7,,,0,15,,83294,13,,,0,17,,83276,7,,,0,15,,83295,13,,,0,55,,83277,7,,,0,15,,83296,13,,,0,16,,83278,7,,,0,15,,83297,13,,,0,56,,83279,7,,,0,16,,83298,13,,,0,16,,83280,7,,,0,15,,83299,13,,,0,54,,83281,7,,,0,14,,83300,13,,,0,14,,83282,7,,,0,14,,83301,13,,,0,54,,83283,7,,,0,15,,83302,13,,,0,14,,83284,13,,,0,14,,83303,13,,,0,14,,83285,13,,,0,55,,83304,13,,,0,15,,83286,13,,,0,15,,83305,13,,,0,15,,83287,13,,,0,55,,83306,13,,,0,16,,83288,13,,,0,14,,83256,13,,,0,58,,83307,13,,,0,19,,83312,7,,,0,20,,83308,13,,,0,61,,83313,7,,,0,19,,83309,7,,,0,19,,83314,7,,,0,20,,83310,7,,,0,60,,83315,7,,,0,21,,83311,7,,,0
1000001,'7_3',540,,83316,7,,,0,17,,83331,7,,,0,55,,83330,7,,,0,15,,83329,7,,,0,14,,83328,7,,,0,15,,83327,7,,,0,54,,83319,7,,,0,15,,83317,13,,,0,14,,83320,13,,,0,15,,83321,13,,,0,54,,83322,13,,,0,15,,83323,13,,,0,16,,83324,13,,,0,14,,83325,13,,,0,55,,83326,13,,,0,15,,83332,7,,,0,15,,83351,13,,,0,15,,83333,7,,,0,56,,83352,13,,,0,15,,83334,7,,,0,16,,83353,13,,,0,16,,83335,7,,,0,56,,83354,13,,,0,16,,83336,7,,,0,16,,83355,13,,,0,56,,83337,7,,,0,15,,83356,13,,,0,17,,83338,7,,,0,15,,83357,13,,,0,55,,83339,7,,,0,15,,83358,13,,,0,16,,83340,7,,,0,15,,83359,13,,,0,56,,83341,7,,,0,16,,83360,13,,,0,16,,83342,7,,,0,15,,83361,13,,,0,54,,83343,7,,,0,14,,83362,13,,,0,14,,83344,7,,,0,14,,83363,13,,,0,54,,83345,7,,,0,15,,83364,13,,,0,14,,83346,13,,,0,14,,83365,13,,,0,14,,83347,13,,,0,55,,83366,13,,,0,15,,83348,13,,,0,15,,83367,13,,,0,15,,83349,13,,,0,55,,83368,13,,,0,16,,83350,13,,,0,14,,83318,13,,,0,58,,83369,13,,,0,19,,83374,7,,,0,20,,83370,13,,,0,61,,83375,7,,,0,19,,83371,7,,,0,19,,83376,7,,,0,20,,83372,7,,,0,60,,83377,7,,,0,21,,83373,7,,,0
1000001,'7_4',540,,79735,7,,,0,17,,79750,7,,,0,55,,79749,7,,,0,15,,79748,7,,,0,14,,79747,7,,,0,15,,79746,7,,,0,54,,79738,7,,,0,15,,79736,13,,,0,14,,79739,13,,,0,15,,79740,13,,,0,54,,79741,13,,,0,15,,79742,13,,,0,16,,79743,13,,,0,14,,79744,13,,,0,55,,79745,13,,,0,15,,79751,7,,,0,15,,79770,13,,,0,15,,79752,7,,,0,56,,79771,13,,,0,15,,79753,7,,,0,16,,79772,13,,,0,16,,79754,7,,,0,56,,79773,13,,,0,16,,79755,7,,,0,16,,79774,13,,,0,56,,79756,7,,,0,15,,79775,13,,,0,17,,79757,7,,,0,15,,79776,13,,,0,55,,79758,7,,,0,15,,79777,13,,,0,16,,79759,7,,,0,15,,79778,13,,,0,56,,79760,7,,,0,16,,79779,13,,,0,16,,79761,7,,,0,15,,79780,13,,,0,54,,79762,7,,,0,14,,79781,13,,,0,14,,79763,7,,,0,14,,79782,13,,,0,54,,79764,7,,,0,15,,79783,13,,,0,14,,79765,13,,,0,14,,79784,13,,,0,14,,79766,13,,,0,55,,79785,13,,,0,15,,79767,13,,,0,15,,79786,13,,,0,15,,79768,13,,,0,55,,79787,13,,,0,16,,79769,13,,,0,14,,79737,13,,,0,58,,79788,13,,,0,19,,79793,7,,,0,20,,79789,13,,,0,61,,79794,7,,,0,19,,79790,7,,,0,19,,79795,7,,,0,20,,79791,7,,,0,60,,79796,7,,,0,21,,79792,7,,,0
1000001,'7_5',540,,81396,7,,,0,17,,81411,7,,,0,55,,81410,7,,,0,15,,81409,7,,,0,14,,81408,7,,,0,15,,81407,7,,,0,54,,81399,7,,,0,15,,81397,13,,,0,14,,81400,13,,,0,15,,81401,13,,,0,54,,81402,13,,,0,15,,81403,13,,,0,16,,81404,13,,,0,14,,81405,13,,,0,55,,81406,13,,,0,15,,81412,7,,,0,15,,81431,13,,,0,15,,81413,7,,,0,56,,81432,13,,,0,15,,81414,7,,,0,16,,81433,13,,,0,16,,81415,7,,,0,56,,81434,13,,,0,16,,81416,7,,,0,16,,81435,13,,,0,56,,81417,7,,,0,15,,81436,13,,,0,17,,81418,7,,,0,15,,81437,13,,,0,55,,81419,7,,,0,15,,81438,13,,,0,16,,81420,7,,,0,15,,81439,13,,,0,56,,81421,7,,,0,16,,81440,13,,,0,16,,81422,7,,,0,15,,81441,13,,,0,54,,81423,7,,,0,14,,81442,13,,,0,14,,81424,7,,,0,14,,81443,13,,,0,54,,81425,7,,,0,15,,81444,13,,,0,14,,81426,13,,,0,14,,81445,13,,,0,14,,81427,13,,,0,55,,81446,13,,,0,15,,81428,13,,,0,15,,81447,13,,,0,15,,81429,13,,,0,55,,81448,13,,,0,16,,81430,13,,,0,14,,81398,13,,,0,58,,81449,13,,,0,19,,81454,7,,,0,20,,81450,13,,,0,61,,81455,7,,,0,19,,81451,7,,,0,19,,81456,7,,,0,20,,81452,7,,,0,60,,81457,7,,,0,21,,81453,7,,,0
