700,'0_6',725,,66037,17,,,0,110,,66038,17,,,0,110,,66039,17,,,0,110,,66040,17,,,0,150,,66041,17,,,0,110,,66042,17,,,0,110,,66043,17,,,0,110,,66044,17,,,0,110,,66045,17,,,0,110,,66035,17,,,0,150,,66036,17,,,0
700,'7_1',726,,80677,17,,,0,110,,80679,17,,,0,110,,80680,17,,,0,110,,80681,17,,,0,150,,80682,17,,,0,110,,80683,17,,,0,110,,80684,17,,,0,110,,80685,17,,,0,113,,80686,17,,,0,109,,80687,17,,,0,147,,80678,17,,,0
700,'7_2',726,,82598,17,,,0,110,,82600,17,,,0,110,,82601,17,,,0,110,,82602,17,,,0,150,,82603,17,,,0,110,,82604,17,,,0,110,,82605,17,,,0,110,,82606,17,,,0,113,,82607,17,,,0,109,,82608,17,,,0,147,,82599,17,,,0
700,'7_3',726,,82609,17,,,0,110,,82611,17,,,0,110,,82612,17,,,0,110,,82613,17,,,0,150,,82614,17,,,0,110,,82615,17,,,0,110,,82616,17,,,0,110,,82617,17,,,0,113,,82618,17,,,0,109,,82619,17,,,0,147,,82610,17,,,0
700,'7_4',726,,79407,17,,,0,110,,79409,17,,,0,110,,79410,17,,,0,110,,79411,17,,,0,150,,79412,17,,,0,110,,79413,17,,,0,110,,79414,17,,,0,110,,79415,17,,,0,113,,79416,17,,,0,109,,79417,17,,,0,147,,79408,17,,,0
700,'7_5',726,,80688,17,,,0,110,,80690,17,,,0,110,,80691,17,,,0,110,,80692,17,,,0,150,,80693,17,,,0,110,,80694,17,,,0,110,,80695,17,,,0,110,,80696,17,,,0,113,,80697,17,,,0,109,,80698,17,,,0,147,,80689,17,,,0
901500,'0_6',844,,68498,6,,,0,60,,68499,6,,,0,20,,68500,6,,,0,20,,68501,6,,,0,60,,68502,6,,,0,20,,68503,6,,,0,20,,68504,6,,,0,60,,68505,6,,,0,20,,68506,6,,,0,20,,68507,6,,,0,60,,68508,6,,,0,20,,68509,6,,,0,20,,68510,6,,,0,60,,68511,6,,,0,20,,68512,6,,,0,20,,68513,6,,,0,60,,68514,6,,,0,20,,68515,6,,,0,20,,68516,6,,,0,80,,68517,6,,,0,20,,68518,6,,,0,60,,68519,6,,,0,20,,68520,6,,,0,20,,68521,6,,,0,60,,68522,6,,,0,20,,68523,6,,,0,20,,68524,6,,,0,60,,68525,6,,,0,20,,68526,6,,,0,20,,68527,6,,,0,60,,68528,6,,,0,20,,68529,6,,,0
901500,'7_1',844,,81148,6,,,0,60,,81149,6,,,0,20,,81150,6,,,0,20,,81151,6,,,0,60,,81152,6,,,0,20,,81153,6,,,0,20,,81154,6,,,0,60,,81155,6,,,0,20,,81156,6,,,0,20,,81157,6,,,0,60,,81158,6,,,0,20,,81159,6,,,0,20,,81160,6,,,0,60,,81161,6,,,0,20,,81162,6,,,0,20,,81163,6,,,0,60,,81164,6,,,0,20,,81165,6,,,0,20,,81166,6,,,0,80,,81167,6,,,0,20,,81168,6,,,0,60,,81169,6,,,0,20,,81170,6,,,0,20,,81171,6,,,0,60,,81172,6,,,0,20,,81173,6,,,0,20,,81174,6,,,0,60,,81175,6,,,0,20,,81176,6,,,0,20,,81177,6,,,0,60,,81178,6,,,0,20,,81179,6,,,0
901500,'7_2',844,,83068,6,,,0,60,,83069,6,,,0,20,,83070,6,,,0,20,,83071,6,,,0,60,,83072,6,,,0,20,,83073,6,,,0,20,,83074,6,,,0,60,,83075,6,,,0,20,,83076,6,,,0,20,,83077,6,,,0,60,,83078,6,,,0,20,,83079,6,,,0,20,,83080,6,,,0,60,,83081,6,,,0,20,,83082,6,,,0,20,,83083,6,,,0,60,,83084,6,,,0,20,,83085,6,,,0,20,,83086,6,,,0,80,,83087,6,,,0,20,,83088,6,,,0,60,,83089,6,,,0,20,,83090,6,,,0,20,,83091,6,,,0,60,,83092,6,,,0,20,,83093,6,,,0,20,,83094,6,,,0,60,,83095,6,,,0,20,,83096,6,,,0,20,,83097,6,,,0,60,,83098,6,,,0,20,,83099,6,,,0
901500,'7_3',844,,83100,6,,,0,60,,83101,6,,,0,20,,83102,6,,,0,20,,83103,6,,,0,60,,83104,6,,,0,20,,83105,6,,,0,20,,83106,6,,,0,60,,83107,6,,,0,20,,83108,6,,,0,20,,83109,6,,,0,60,,83110,6,,,0,20,,83111,6,,,0,20,,83112,6,,,0,60,,83113,6,,,0,20,,83114,6,,,0,20,,83115,6,,,0,60,,83116,6,,,0,20,,83117,6,,,0,20,,83118,6,,,0,80,,83119,6,,,0,20,,83120,6,,,0,60,,83121,6,,,0,20,,83122,6,,,0,20,,83123,6,,,0,60,,83124,6,,,0,20,,83125,6,,,0,20,,83126,6,,,0,60,,83127,6,,,0,20,,83128,6,,,0,20,,83129,6,,,0,60,,83130,6,,,0,20,,83131,6,,,0
901500,'7_4',844,,79642,6,,,0,60,,79643,6,,,0,20,,79644,6,,,0,20,,79645,6,,,0,60,,79646,6,,,0,20,,79647,6,,,0,20,,79648,6,,,0,60,,79649,6,,,0,20,,79650,6,,,0,20,,79651,6,,,0,60,,79652,6,,,0,20,,79653,6,,,0,20,,79654,6,,,0,60,,79655,6,,,0,20,,79656,6,,,0,20,,79657,6,,,0,60,,79658,6,,,0,20,,79659,6,,,0,20,,79660,6,,,0,80,,79661,6,,,0,20,,79662,6,,,0,60,,79663,6,,,0,20,,79664,6,,,0,20,,79665,6,,,0,60,,79666,6,,,0,20,,79667,6,,,0,20,,79668,6,,,0,60,,79669,6,,,0,20,,79670,6,,,0,20,,79671,6,,,0,60,,79672,6,,,0,20,,79673,6,,,0
901500,'7_5',844,,81180,6,,,0,60,,81181,6,,,0,20,,81182,6,,,0,20,,81183,6,,,0,60,,81184,6,,,0,20,,81185,6,,,0,20,,81186,6,,,0,60,,81187,6,,,0,20,,81188,6,,,0,20,,81189,6,,,0,60,,81190,6,,,0,20,,81191,6,,,0,20,,81192,6,,,0,60,,81193,6,,,0,20,,81194,6,,,0,20,,81195,6,,,0,60,,81196,6,,,0,20,,81197,6,,,0,20,,81198,6,,,0,80,,81199,6,,,0,20,,81200,6,,,0,60,,81201,6,,,0,20,,81202,6,,,0,20,,81203,6,,,0,60,,81204,6,,,0,20,,81205,6,,,0,20,,81206,6,,,0,60,,81207,6,,,0,20,,81208,6,,,0,20,,81209,6,,,0,60,,81210,6,,,0,20,,81211,6,,,0
