900601,'0_6',811,,68348,22,,,0,130,,68349,22,,,0,170,,68350,22,,,0,135,,68351,22,,,0,160,,68352,22,,,0,135,,68353,22,,,0,165,,68354,22,,,0,130,,68355,22,,,0
900601,'3_1',811,,68396,22,,,0,130,,68397,22,,,0,170,,68398,22,,,0,135,,68399,22,,,0,160,,68400,22,,,0,135,,68401,22,,,0,165,,68402,22,,,0,130,,68403,22,,,0
900601,'3_2',811,,73535,22,,,0,130,,73536,22,,,0,170,,73537,22,,,0,135,,73538,22,,,0,160,,73539,22,,,0,135,,73540,22,,,0,165,,73541,22,,,0,130,,73542,22,,,0
900601,'3_3',811,,68404,22,,,0,130,,68405,22,,,0,170,,68406,22,,,0,135,,68407,22,,,0,160,,68408,22,,,0,135,,68409,22,,,0,165,,68410,22,,,0,130,,68411,22,,,0
900601,'3_4',811,,68412,22,,,0,130,,68413,22,,,0,170,,68414,22,,,0,135,,68415,22,,,0,160,,68416,22,,,0,135,,68417,22,,,0,165,,68418,22,,,0,130,,68419,22,,,0
900601,'3_5',811,,68420,22,,,0,130,,68421,22,,,0,170,,68422,22,,,0,135,,68423,22,,,0,160,,68424,22,,,0,135,,68425,22,,,0,165,,68426,22,,,0,130,,68427,22,,,0
900601,'5_1',811,,74495,22,,,0,130,,74496,22,,,0,170,,74497,22,,,0,135,,74498,22,,,0,160,,74499,22,,,0,135,,74500,22,,,0,165,,74501,22,,,0,130,,74502,22,,,0
900601,'5_2',811,,76499,22,,,0,130,,76500,22,,,0,170,,76501,22,,,0,135,,76502,22,,,0,160,,76503,22,,,0,135,,76504,22,,,0,165,,76505,22,,,0,130,,76506,22,,,0
900601,'5_3',811,,76507,22,,,0,130,,76508,22,,,0,170,,76509,22,,,0,135,,76510,22,,,0,160,,76511,22,,,0,135,,76512,22,,,0,165,,76513,22,,,0,130,,76514,22,,,0
900601,'5_4',811,,76515,22,,,0,130,,76516,22,,,0,170,,76517,22,,,0,135,,76518,22,,,0,160,,76519,22,,,0,135,,76520,22,,,0,165,,76521,22,,,0,130,,76522,22,,,0
