100,'0_6',749,,62779,53,0,61 8,0,109,,62791,53,0,61 8,0,94,,62780,53,0,61 8,0,70,,62792,53,0,61 8,0,30,,62781,53,0,61 8,0,73,,62793,53,0,61 8,0,29,,62782,53,0,61 8,0,69,,62794,53,0,61 8,0,30,,62783,53,0,61 8,0,68,,62795,53,0,61 8,0,31,,62784,53,0,61 8,0,70,,62796,53,0,61 8,0,30,,62785,53,0,61 8,0,71,,62797,53,0,61 8,0,30,,62786,53,0,61 8,0,72,,62798,53,0,61 8,0,32,,62787,53,0,61 8,0,72,,62799,53,0,61 8,0,72,,62788,53,0,61 8,0,28,,62800,53,0,61 8,0,26,,62789,53,0,61 8,0,71,,62801,53,0,61 8,0,28,,62790,53,0,61 8,0
100,'1_7',950,,62802,53,0,61 8,0,104,,62807,53,0,61 8,0,146,,62803,53,0,61 8,0,104,,62808,53,0,61 8,0,50,,62804,53,0,61 8,0,100,,62809,53,0,61 8,0,146,,62805,53,0,61 8,0,105,,62810,53,0,61 8,0,104,,62806,53,0,61 8,0,105,,62811,53,0,61 8,0
100,'5_1',749,,73973,53,0,61 8,0,69,,73974,53,,,0,35,,73976,53,0,61 8,0,64,,73977,53,0,61 8,0,30,,73975,53,0,61 8,0,69,,73978,53,0,61 8,0,35,,73979,53,0,61 8,0,71,,73982,53,0,61 8,0,30,,73980,53,0,61 8,0,72,,73981,53,0,61 8,0,31,,73984,53,,,0,70,,73983,53,0,61 8,0,31,,73985,53,,,0,70,,73986,53,0,61 8,0,30,,73988,53,0,61 8,0,70,,73987,53,0,61 8,0,31,,73992,53,0,61 8,0,71,,73991,53,0,61 8,0,72,,73993,53,,,0,36,,73989,53,0,61 8,0,68,,73994,53,,,0,30,,73990,53,0,61 8,0,66,,73995,53,,,0,30,,73996,53,0,61 8,0,29,,73997,53,,,0
100,'5_2',749,,74933,53,0,61 8,0,69,,74934,53,,,0,35,,74936,53,0,61 8,0,64,,74937,53,0,61 8,0,30,,74935,53,0,61 8,0,69,,74938,53,0,61 8,0,35,,74939,53,0,61 8,0,71,,74942,53,0,61 8,0,30,,74940,53,0,61 8,0,72,,74941,53,0,61 8,0,31,,74944,53,,,0,70,,74943,53,0,61 8,0,31,,74945,53,,,0,70,,74946,53,0,61 8,0,30,,74948,53,0,61 8,0,70,,74947,53,0,61 8,0,31,,74952,53,0,61 8,0,71,,74951,53,0,61 8,0,72,,74953,53,,,0,36,,74949,53,0,61 8,0,68,,74954,53,,,0,30,,74950,53,0,61 8,0,66,,74955,53,,,0,30,,74956,53,0,61 8,0,29,,74957,53,,,0
100,'5_3',749,,74958,53,0,61 8,0,69,,74959,53,,,0,35,,74961,53,0,61 8,0,64,,74962,53,0,61 8,0,30,,74960,53,0,61 8,0,69,,74963,53,0,61 8,0,35,,74964,53,0,61 8,0,71,,74967,53,0,61 8,0,30,,74965,53,0,61 8,0,72,,74966,53,0,61 8,0,31,,74969,53,,,0,70,,74968,53,0,61 8,0,31,,74970,53,,,0,70,,74971,53,0,61 8,0,30,,74973,53,0,61 8,0,70,,74972,53,0,61 8,0,31,,74977,53,0,61 8,0,71,,74976,53,0,61 8,0,72,,74978,53,,,0,36,,74974,53,0,61 8,0,68,,74979,53,,,0,30,,74975,53,0,61 8,0,66,,74980,53,,,0,30,,74981,53,0,61 8,0,29,,74982,53,,,0
100,'7_1',749,,80072,53,0,61 8,0,69,,80073,53,,,0,35,,80075,53,0,61 8,0,64,,80076,53,0,61 8,0,30,,80074,53,0,61 8,0,69,,80077,53,0,61 8,0,35,,80078,53,0,61 8,0,71,,80081,53,0,61 8,0,30,,80079,53,0,61 8,0,72,,80080,53,0,61 8,0,31,,80083,53,,,0,70,,80082,53,0,61 8,0,31,,80084,53,,,0,70,,80085,53,0,61 8,0,30,,80087,53,0,61 8,0,70,,80086,53,0,61 8,0,31,,80091,53,0,61 8,0,71,,80090,53,0,61 8,0,72,,80092,53,,,0,36,,80088,53,0,61 8,0,68,,80093,53,,,0,30,,80089,53,0,61 8,0,66,,80094,53,,,0,30,,80095,53,0,61 8,0,29,,80096,53,,,0
100,'7_2',749,,82008,53,0,61 8,0,69,,82009,53,,,0,35,,82011,53,0,61 8,0,64,,82012,53,0,61 8,0,30,,82010,53,0,61 8,0,69,,82013,53,0,61 8,0,35,,82014,53,0,61 8,0,71,,82017,53,0,61 8,0,30,,82015,53,0,61 8,0,72,,82016,53,0,61 8,0,31,,82019,53,,,0,70,,82018,53,0,61 8,0,31,,82020,53,,,0,70,,82021,53,0,61 8,0,30,,82023,53,0,61 8,0,70,,82022,53,0,61 8,0,31,,82027,53,0,61 8,0,71,,82026,53,0,61 8,0,72,,82028,53,,,0,36,,82024,53,0,61 8,0,68,,82029,53,,,0,30,,82025,53,0,61 8,0,66,,82030,53,,,0,30,,82031,53,0,61 8,0,29,,82032,53,,,0
100,'7_3',749,,82033,53,0,61 8,0,69,,82034,53,,,0,35,,82036,53,0,61 8,0,64,,82037,53,0,61 8,0,30,,82035,53,0,61 8,0,69,,82038,53,0,61 8,0,35,,82039,53,0,61 8,0,71,,82042,53,0,61 8,0,30,,82040,53,0,61 8,0,72,,82041,53,0,61 8,0,31,,82044,53,,,0,70,,82043,53,0,61 8,0,31,,82045,53,,,0,70,,82046,53,0,61 8,0,30,,82048,53,0,61 8,0,70,,82047,53,0,61 8,0,31,,82052,53,0,61 8,0,71,,82051,53,0,61 8,0,72,,82053,53,,,0,36,,82049,53,0,61 8,0,68,,82054,53,,,0,30,,82050,53,0,61 8,0,66,,82055,53,,,0,30,,82056,53,0,61 8,0,29,,82057,53,,,0
100,'7_4',749,,79112,53,0,61 8,0,69,,79113,53,,,0,35,,79115,53,0,61 8,0,64,,79116,53,0,61 8,0,30,,79114,53,0,61 8,0,69,,79117,53,0,61 8,0,35,,79118,53,0,61 8,0,71,,79121,53,0,61 8,0,30,,79119,53,0,61 8,0,72,,79120,53,0,61 8,0,31,,79123,53,,,0,70,,79122,53,0,61 8,0,31,,79124,53,,,0,70,,79125,53,0,61 8,0,30,,79127,53,0,61 8,0,70,,79126,53,0,61 8,0,31,,79131,53,0,61 8,0,71,,79130,53,0,61 8,0,72,,79132,53,,,0,36,,79128,53,0,61 8,0,68,,79133,53,,,0,30,,79129,53,0,61 8,0,66,,79134,53,,,0,30,,79135,53,0,61 8,0,29,,79136,53,,,0
100,'7_5',749,,80097,53,0,61 8,0,69,,80098,53,,,0,35,,80100,53,0,61 8,0,64,,80101,53,0,61 8,0,30,,80099,53,0,61 8,0,69,,80102,53,0,61 8,0,35,,80103,53,0,61 8,0,71,,80106,53,0,61 8,0,30,,80104,53,0,61 8,0,72,,80105,53,0,61 8,0,31,,80108,53,,,0,70,,80107,53,0,61 8,0,31,,80109,53,,,0,70,,80110,53,0,61 8,0,30,,80112,53,0,61 8,0,70,,80111,53,0,61 8,0,31,,80116,53,0,61 8,0,71,,80115,53,0,61 8,0,72,,80117,53,,,0,36,,80113,53,0,61 8,0,68,,80118,53,,,0,30,,80114,53,0,61 8,0,66,,80119,53,,,0,30,,80120,53,0,61 8,0,29,,80121,53,,,0
