400,'0_6',821,,64806,4,0,40,0,202,,64821,4,0,40,0,202,,64824,4,0,40,0,195,,64814,4,0,40,0,201,,64818,4,0,40,0,200,,64820,4,0,40,0,84,,64816,4,0,40,0
400,'1_7',805,,64828,4,0,40,0,125,,64829,4,0,40,0,125,,64830,4,0,40,0,200,,64831,4,0,40,0,165,,64832,4,0,40,0,125,,64833,4,0,40,0,166,,64834,4,0,40,0,125,,64835,4,0,40,0
400,'5_1',821,,74155,4,0,40,0,203,,74175,4,0,40,0,201,,74169,4,0,40,0,195,,74163,4,0,40,0,205,,74170,4,0,40,0,93,,74166,4,,,0,108,,74176,4,0,40,0,86,,74167,4,0,40,0
400,'5_2',821,,75475,4,0,40,0,203,,75495,4,0,40,0,201,,75489,4,0,40,0,195,,75483,4,0,40,0,205,,75490,4,0,40,0,93,,75486,4,,,0,108,,75496,4,0,40,0,86,,75487,4,0,40,0
400,'5_3',821,,75500,4,0,40,0,203,,75520,4,0,40,0,201,,75514,4,0,40,0,195,,75508,4,0,40,0,205,,75515,4,0,40,0,93,,75511,4,,,0,108,,75521,4,0,40,0,86,,75512,4,0,40,0
400,'7_1',821,,80449,4,0,40,0,203,,80469,4,0,40,0,201,,80463,4,0,40,0,195,,80457,4,0,40,0,205,,80464,4,0,40,0,93,,80460,4,,,0,108,,80470,4,0,40,0,86,,80461,4,0,40,0
400,'7_2',821,,82370,4,0,40,0,203,,82390,4,0,40,0,201,,82384,4,0,40,0,195,,82378,4,0,40,0,205,,82385,4,0,40,0,93,,82381,4,,,0,108,,82391,4,0,40,0,86,,82382,4,0,40,0
400,'7_3',821,,82395,4,0,40,0,203,,82415,4,0,40,0,201,,82409,4,0,40,0,195,,82403,4,0,40,0,205,,82410,4,0,40,0,93,,82406,4,,,0,108,,82416,4,0,40,0,86,,82407,4,0,40,0
400,'7_4',821,,79294,4,0,40,0,203,,79314,4,0,40,0,201,,79308,4,0,40,0,195,,79302,4,0,40,0,205,,79309,4,0,40,0,93,,79305,4,,,0,108,,79315,4,0,40,0,86,,79306,4,0,40,0
400,'7_5',821,,80474,4,0,40,0,203,,80494,4,0,40,0,201,,80488,4,0,40,0,195,,80482,4,0,40,0,205,,80489,4,0,40,0,93,,80485,4,,,0,108,,80495,4,0,40,0,86,,80486,4,0,40,0
2901200,'5_1',646,,74756,4,,,0,104,,74757,4,,,0
2901200,'5_2',646,,77282,4,,,0,104,,77283,4,,,0
2901200,'5_3',646,,77284,4,,,0,104,,77285,4,,,0
2901200,'7_1',646,,81654,4,,,0,104,,81655,4,,,0
2901200,'7_2',646,,83574,4,,,0,104,,83575,4,,,0
2901200,'7_3',646,,83576,4,,,0,104,,83577,4,,,0
2901200,'7_4',646,,79895,4,,,0,104,,79896,4,,,0
2901200,'7_5',646,,81656,4,,,0,104,,81657,4,,,0
