300,'S2-0_2',700,,85371,20,,,0,24,,85372,20,,,0,32,,85373,20,,,0,64,,85374,20,,,0,25,,85375,20,,,0,70,,85376,20,,,0,32,,85377,20,,,0,72,,85378,20,,,0,32,,85379,20,,,0,72,,85380,20,,,0,32,,85381,20,,,0,72,,85382,20,,,0,32,,85383,20,,,0,72,,85384,20,,,0,72,,85385,20,,,0,32,,85386,20,,,0,72,,85387,20,,,0,33,,85388,20,,,0,70,,85390,20,,,0,27,,85391,20,,,0,68,,85392,20,,,0,29,,85393,20,,,0,70,,85394,20,,,0,30,,85398,20,,,0,71,,85395,20,,,0,31,,85396,20,,,0,73,,85397,20,,,0,30,,85389,20,,,0
300,'S2-0_4',700,,85399,20,,,0,24,,85400,20,,,0,32,,85401,20,,,0,64,,85402,20,,,0,25,,85403,20,,,0,70,,85404,20,,,0,32,,85405,20,,,0,72,,85406,20,,,0,32,,85407,20,,,0,72,,85408,20,,,0,32,,85409,20,,,0,72,,85410,20,,,0,32,,85411,20,,,0,72,,85412,20,,,0,72,,85413,20,,,0,32,,85414,20,,,0,72,,85415,20,,,0,33,,85416,20,,,0,70,,85418,20,,,0,27,,85419,20,,,0,68,,85420,20,,,0,29,,85421,20,,,0,70,,85422,20,,,0,30,,85426,20,,,0,71,,85423,20,,,0,31,,85424,20,,,0,73,,85425,20,,,0,30,,85417,20,,,0
300,'S2-0_5',700,,85427,20,,,0,24,,85428,20,,,0,32,,85429,20,,,0,64,,85430,20,,,0,25,,85431,20,,,0,70,,85432,20,,,0,32,,85433,20,,,0,72,,85434,20,,,0,32,,85435,20,,,0,72,,85436,20,,,0,32,,85437,20,,,0,72,,85438,20,,,0,32,,85439,20,,,0,72,,85440,20,,,0,72,,85441,20,,,0,32,,85442,20,,,0,72,,85443,20,,,0,33,,85444,20,,,0,70,,85446,20,,,0,27,,85447,20,,,0,68,,85448,20,,,0,29,,85449,20,,,0,70,,85450,20,,,0,30,,85454,20,,,0,71,,85451,20,,,0,31,,85452,20,,,0,73,,85453,20,,,0,30,,85445,20,,,0
300,'S2-1_3',700,,85455,20,,,0,24,,85456,20,,,0,32,,85457,20,,,0,64,,85458,20,,,0,25,,85459,20,,,0,70,,85460,20,,,0,32,,85461,20,,,0,72,,85462,20,,,0,32,,85463,20,,,0,72,,85464,20,,,0,32,,85465,20,,,0,72,,85466,20,,,0,32,,85467,20,,,0,72,,85468,20,,,0,72,,85469,20,,,0,32,,85470,20,,,0,72,,85471,20,,,0,33,,85472,20,,,0,70,,85474,20,,,0,27,,85475,20,,,0,68,,85476,20,,,0,29,,85477,20,,,0,70,,85478,20,,,0,30,,85482,20,,,0,71,,85479,20,,,0,31,,85480,20,,,0,73,,85481,20,,,0,30,,85473,20,,,0
300,'S2-2_6',701,,85483,20,,,0,30,,85485,20,,,0,70,,85486,20,,,0,30,,85484,20,,,0,70,,85488,20,,,0,29,,85489,20,,,0,29,,85487,20,,,0,71,,85490,20,,,0,70,,85491,20,,,0,30,,85494,20,,,0,29,,85493,20,,,0,69,,85492,20,,,0,28,,85496,20,,,0,70,,85495,20,,,0,30,,85497,20,,,0,69,,85498,20,,,0,32,,85499,20,,,0,72,,85500,20,,,0,71,,85501,20,,,0,31,,85502,20,,,0,72,,85503,20,,,0,32,,85504,20,,,0,70,,85505,20,,,0,31,,85510,20,,,0,71,,85506,20,,,0,30,,85507,20,,,0,64,,85508,20,,,0,30,,85509,20,,,0
300,'S2-3_7',906,,85533,20,,,0,32,,85534,20,,,0,75,,85535,20,,,0,34,,85536,20,,,0,72,,85527,20,,,0,33,,85532,20,,,0,73,,85531,20,,,0,33,,85530,20,,,0,72,,85529,20,,,0,71,,85511,20,,,0,28,,85512,20,,,0,29,,85513,20,,,0,68,,85514,20,,,0,28,,85515,20,,,0,68,,85516,20,,,0,32,,85517,20,,,0,68,,85518,20,,,0,27,,85519,20,,,0,68,,85520,20,,,0,29,,85521,20,,,0,67,,85522,20,,,0,26,,85523,20,,,0,66,,85524,20,,,0,24,,85525,20,,,0,24,,85528,20,,,0,65,,85526,20,,,0
300,'S2-4_1',700,,85537,20,,,0,24,,85538,20,,,0,32,,85539,20,,,0,64,,85540,20,,,0,25,,85541,20,,,0,70,,85542,20,,,0,32,,85543,20,,,0,72,,85544,20,,,0,32,,85545,20,,,0,72,,85546,20,,,0,32,,85547,20,,,0,72,,85548,20,,,0,32,,85549,20,,,0,72,,85550,20,,,0,72,,85551,20,,,0,32,,85552,20,,,0,72,,85553,20,,,0,33,,85554,20,,,0,70,,85556,20,,,0,27,,85557,20,,,0,68,,85558,20,,,0,29,,85559,20,,,0,70,,85560,20,,,0,30,,85564,20,,,0,71,,85561,20,,,0,31,,85562,20,,,0,73,,85563,20,,,0,30,,85555,20,,,0
300,'S2-4_2',700,,85565,20,,,0,24,,85566,20,,,0,32,,85567,20,,,0,64,,85568,20,,,0,25,,85569,20,,,0,70,,85570,20,,,0,32,,85571,20,,,0,72,,85572,20,,,0,32,,85573,20,,,0,72,,85574,20,,,0,32,,85575,20,,,0,72,,85576,20,,,0,32,,85577,20,,,0,72,,85578,20,,,0,72,,85579,20,,,0,32,,85580,20,,,0,72,,85581,20,,,0,33,,85582,20,,,0,70,,85584,20,,,0,27,,85585,20,,,0,68,,85586,20,,,0,29,,85587,20,,,0,70,,85588,20,,,0,30,,85592,20,,,0,71,,85589,20,,,0,31,,85590,20,,,0,73,,85591,20,,,0,30,,85583,20,,,0
300,'S2-4_4',700,,85593,20,,,0,24,,85594,20,,,0,32,,85595,20,,,0,64,,85596,20,,,0,25,,85597,20,,,0,70,,85598,20,,,0,32,,85599,20,,,0,72,,85600,20,,,0,32,,85601,20,,,0,72,,85602,20,,,0,32,,85603,20,,,0,72,,85604,20,,,0,32,,85605,20,,,0,72,,85606,20,,,0,72,,85607,20,,,0,32,,85608,20,,,0,72,,85609,20,,,0,33,,85610,20,,,0,70,,85612,20,,,0,27,,85613,20,,,0,68,,85614,20,,,0,29,,85615,20,,,0,70,,85616,20,,,0,30,,85620,20,,,0,71,,85617,20,,,0,31,,85618,20,,,0,73,,85619,20,,,0,30,,85611,20,,,0
2900300,'S2-0_2',715,,92397,12,,,0,30,,92398,12,,,0,69,,92399,12,,,0
2900300,'S2-0_4',715,,92400,12,,,0,30,,92401,12,,,0,69,,92402,12,,,0
2900300,'S2-0_5',715,,92403,12,,,0,30,,92404,12,,,0,69,,92405,12,,,0
2900300,'S2-1_3',715,,92406,12,,,0,30,,92407,12,,,0,69,,92408,12,,,0
2900300,'S2-4_1',715,,92409,12,,,0,30,,92410,12,,,0,69,,92411,12,,,0
2900300,'S2-4_2',715,,92412,12,,,0,30,,92413,12,,,0,69,,92414,12,,,0
2900300,'S2-4_4',715,,92415,12,,,0,30,,92416,12,,,0,69,,92417,12,,,0
