4000000,'0_6',653,,72135,19,0,46,0,82,,72113,19,0,46,0,80,,72114,19,0,46,0,41,,72115,19,0,46,0,80,,72116,19,0,46,0,81,,72117,19,0,46,0,83,,72118,19,0,46,0,43,,72119,19,0,46,0,83,,72120,19,0,46,0,99,,72100,19,0,46,0,79,,72101,19,0,46,0,37,,72102,19,0,46,0,79,,72103,19,0,46,0,80,,72104,19,0,46,0,43,,72105,19,0,46,0,82,,72106,19,0,46,0,79,,72107,19,0,46,0,36,,72108,19,0,46,0,76,,72109,19,0,46,0,39,,72110,19,0,46,0,79,,72111,19,0,46,0
4000000,'1_7',841,,72136,19,0,46,0,261,,72137,19,0,46,0,220,,72138,19,0,46,0,220,,72139,19,0,46,0,260,,72140,19,0,46,0
4000000,'3_1',653,,72416,19,0,46,0,82,,72394,19,0,46,0,80,,72395,19,0,46,0,41,,72396,19,0,46,0,80,,72397,19,0,46,0,81,,72398,19,0,46,0,83,,72399,19,0,46,0,43,,72400,19,0,46,0,83,,72401,19,0,46,0,99,,72381,19,0,46,0,79,,72382,19,0,46,0,37,,72383,19,0,46,0,79,,72384,19,0,46,0,80,,72385,19,0,46,0,43,,72386,19,0,46,0,82,,72387,19,0,46,0,79,,72388,19,0,46,0,36,,72389,19,0,46,0,76,,72390,19,0,46,0,39,,72391,19,0,46,0,79,,72392,19,0,46,0
4000000,'3_2',653,,73929,19,0,46,0,82,,73907,19,0,46,0,80,,73908,19,0,46,0,41,,73909,19,0,46,0,80,,73910,19,0,46,0,81,,73911,19,0,46,0,83,,73912,19,0,46,0,43,,73913,19,0,46,0,83,,73914,19,0,46,0,99,,73894,19,0,46,0,79,,73895,19,0,46,0,37,,73896,19,0,46,0,79,,73897,19,0,46,0,80,,73898,19,0,46,0,43,,73899,19,0,46,0,82,,73900,19,0,46,0,79,,73901,19,0,46,0,36,,73902,19,0,46,0,76,,73903,19,0,46,0,39,,73904,19,0,46,0,79,,73905,19,0,46,0
4000000,'3_3',653,,72461,19,0,46,0,82,,72439,19,0,46,0,80,,72440,19,0,46,0,41,,72441,19,0,46,0,80,,72442,19,0,46,0,81,,72443,19,0,46,0,83,,72444,19,0,46,0,43,,72445,19,0,46,0,83,,72446,19,0,46,0,99,,72426,19,0,46,0,79,,72427,19,0,46,0,37,,72428,19,0,46,0,79,,72429,19,0,46,0,80,,72430,19,0,46,0,43,,72431,19,0,46,0,82,,72432,19,0,46,0,79,,72433,19,0,46,0,36,,72434,19,0,46,0,76,,72435,19,0,46,0,39,,72436,19,0,46,0,79,,72437,19,0,46,0
4000000,'3_4',653,,72506,19,0,46,0,82,,72484,19,0,46,0,80,,72485,19,0,46,0,41,,72486,19,0,46,0,80,,72487,19,0,46,0,81,,72488,19,0,46,0,83,,72489,19,0,46,0,43,,72490,19,0,46,0,83,,72491,19,0,46,0,99,,72471,19,0,46,0,79,,72472,19,0,46,0,37,,72473,19,0,46,0,79,,72474,19,0,46,0,80,,72475,19,0,46,0,43,,72476,19,0,46,0,82,,72477,19,0,46,0,79,,72478,19,0,46,0,36,,72479,19,0,46,0,76,,72480,19,0,46,0,39,,72481,19,0,46,0,79,,72482,19,0,46,0
4000000,'3_5',653,,72551,19,0,46,0,82,,72529,19,0,46,0,80,,72530,19,0,46,0,41,,72531,19,0,46,0,80,,72532,19,0,46,0,81,,72533,19,0,46,0,83,,72534,19,0,46,0,43,,72535,19,0,46,0,83,,72536,19,0,46,0,99,,72516,19,0,46,0,79,,72517,19,0,46,0,37,,72518,19,0,46,0,79,,72519,19,0,46,0,80,,72520,19,0,46,0,43,,72521,19,0,46,0,82,,72522,19,0,46,0,79,,72523,19,0,46,0,36,,72524,19,0,46,0,76,,72525,19,0,46,0,39,,72526,19,0,46,0,79,,72527,19,0,46,0
4000000,'5_1',653,,74889,19,0,46,0,82,,74867,19,0,46,0,80,,74868,19,0,46,0,41,,74869,19,0,46,0,80,,74870,19,0,46,0,81,,74871,19,0,46,0,83,,74872,19,0,46,0,43,,74873,19,0,46,0,83,,74874,19,0,46,0,99,,74854,19,0,46,0,79,,74855,19,0,46,0,37,,74856,19,0,46,0,79,,74857,19,0,46,0,80,,74858,19,0,46,0,43,,74859,19,0,46,0,82,,74860,19,0,46,0,79,,74861,19,0,46,0,36,,74862,19,0,46,0,76,,74863,19,0,46,0,39,,74864,19,0,46,0,79,,74865,19,0,46,0
4000000,'5_2',653,,77593,19,0,46,0,82,,77571,19,0,46,0,80,,77572,19,0,46,0,41,,77573,19,0,46,0,80,,77574,19,0,46,0,81,,77575,19,0,46,0,83,,77576,19,0,46,0,43,,77577,19,0,46,0,83,,77578,19,0,46,0,99,,77558,19,0,46,0,79,,77559,19,0,46,0,37,,77560,19,0,46,0,79,,77561,19,0,46,0,80,,77562,19,0,46,0,43,,77563,19,0,46,0,82,,77564,19,0,46,0,79,,77565,19,0,46,0,36,,77566,19,0,46,0,76,,77567,19,0,46,0,39,,77568,19,0,46,0,79,,77569,19,0,46,0
4000000,'5_3',653,,77638,19,0,46,0,82,,77616,19,0,46,0,80,,77617,19,0,46,0,41,,77618,19,0,46,0,80,,77619,19,0,46,0,81,,77620,19,0,46,0,83,,77621,19,0,46,0,43,,77622,19,0,46,0,83,,77623,19,0,46,0,99,,77603,19,0,46,0,79,,77604,19,0,46,0,37,,77605,19,0,46,0,79,,77606,19,0,46,0,80,,77607,19,0,46,0,43,,77608,19,0,46,0,82,,77609,19,0,46,0,79,,77610,19,0,46,0,36,,77611,19,0,46,0,76,,77612,19,0,46,0,39,,77613,19,0,46,0,79,,77614,19,0,46,0
4000000,'5_4',653,,77683,19,0,46,0,82,,77661,19,0,46,0,80,,77662,19,0,46,0,41,,77663,19,0,46,0,80,,77664,19,0,46,0,81,,77665,19,0,46,0,83,,77666,19,0,46,0,43,,77667,19,0,46,0,83,,77668,19,0,46,0,99,,77648,19,0,46,0,79,,77649,19,0,46,0,37,,77650,19,0,46,0,79,,77651,19,0,46,0,80,,77652,19,0,46,0,43,,77653,19,0,46,0,82,,77654,19,0,46,0,79,,77655,19,0,46,0,36,,77656,19,0,46,0,76,,77657,19,0,46,0,39,,77658,19,0,46,0,79,,77659,19,0,46,0
