900,'0_6',708,,66482,17,,,0,100,,66483,17,,,0,218,,66491,11,,,0,97,,66484,17,,,0,178,,66489,18,,,0,147,,66485,17,,,0,98,,66480,11,,,0,90,,66490,16,,,0,84,,66492,17,,,0,88,,66486,17,,,0,96,,66487,17,,,0
900,'3_1',708,,66560,17,,,0,100,,66561,17,,,0,218,,66569,11,,,0,97,,66562,17,,,0,178,,66567,18,,,0,147,,66563,17,,,0,98,,66558,11,,,0,90,,66568,16,,,0,84,,66570,17,,,0,88,,66564,17,,,0,96,,66565,17,,,0
900,'3_2',708,,73357,17,,,0,100,,73358,17,,,0,218,,73366,11,,,0,97,,73359,17,,,0,178,,73364,18,,,0,147,,73360,17,,,0,98,,73355,11,,,0,90,,73365,16,,,0,84,,73367,17,,,0,88,,73361,17,,,0,96,,73362,17,,,0
900,'3_3',708,,66573,17,,,0,100,,66574,17,,,0,218,,66582,11,,,0,97,,66575,17,,,0,178,,66580,18,,,0,147,,66576,17,,,0,98,,66571,11,,,0,90,,66581,16,,,0,84,,66583,17,,,0,88,,66577,17,,,0,96,,66578,17,,,0
900,'3_4',708,,66586,17,,,0,100,,66587,17,,,0,218,,66595,11,,,0,97,,66588,17,,,0,178,,66593,18,,,0,147,,66589,17,,,0,98,,66584,11,,,0,90,,66594,16,,,0,84,,66596,17,,,0,88,,66590,17,,,0,96,,66591,17,,,0
900,'3_5',708,,66599,17,,,0,100,,66600,17,,,0,218,,66608,11,,,0,97,,66601,17,,,0,178,,66606,18,,,0,147,,66602,17,,,0,98,,66597,11,,,0,90,,66607,16,,,0,84,,66609,17,,,0,88,,66603,17,,,0,96,,66604,17,,,0
900,'5_1',708,,74317,17,,,0,100,,74318,17,,,0,218,,74326,11,,,0,97,,74319,17,,,0,178,,74324,18,,,0,147,,74320,17,,,0,98,,74315,11,,,0,90,,74325,16,,,0,84,,74327,17,,,0,88,,74321,17,,,0,96,,74322,17,,,0
900,'5_2',708,,75961,17,,,0,100,,75962,17,,,0,218,,75970,11,,,0,97,,75963,17,,,0,178,,75968,18,,,0,147,,75964,17,,,0,98,,75959,11,,,0,90,,75969,16,,,0,84,,75971,17,,,0,88,,75965,17,,,0,96,,75966,17,,,0
900,'5_3',708,,75974,17,,,0,100,,75975,17,,,0,218,,75983,11,,,0,97,,75976,17,,,0,178,,75981,18,,,0,147,,75977,17,,,0,98,,75972,11,,,0,90,,75982,16,,,0,84,,75984,17,,,0,88,,75978,17,,,0,96,,75979,17,,,0
900,'5_4',708,,75987,17,,,0,100,,75988,17,,,0,218,,75996,11,,,0,97,,75989,17,,,0,178,,75994,18,,,0,147,,75990,17,,,0,98,,75985,11,,,0,90,,75995,16,,,0,84,,75997,17,,,0,88,,75991,17,,,0,96,,75992,17,,,0
1000,'0_6',700,,66740,31,,,0,104,,66741,31,,,0,102,,66742,34,,,0,105,,66750,37,,,0,43,,66753,38,,,0,154,,66743,34,,,0,110,,66754,38,,,0,96,,66744,34,,,0,95,,66755,35,,,0,98,,66751,37,,,0,95,,66745,34,,,0,36,,66746,38,,,0,111,,66748,34,,,0,95,,66752,37,,,0,99,,66749,35,,,0,102,,66747,34,,,0
1000,'1_7',1140,,66756,34,,,0,361,,66757,34,,,0,408,,66758,34,,,0,307,,66759,33,,,0
1000,'3_1',659,,66825,30,,,0,98,,66826,30,,,0,171,,66827,36,0,18 30,0,87,,66828,34,,,0,105,,66833,36,0,18 30,0,94,,66829,34,0,18 30,0,114,,66834,36,0,18 30,0,104,,66835,33,0,18 30,0,105,,66830,37,,,0,90,,66836,33,,,0,118,,66831,37,,,0,101,,66837,33,,,0,162,,66832,37,0,18 30,0
1000,'3_2',659,,73381,30,,,0,98,,73382,30,,,0,171,,73383,36,0,18 30,0,87,,73384,34,,,0,105,,73389,36,0,18 30,0,94,,73385,34,0,18 30,0,114,,73390,36,0,18 30,0,104,,73391,33,0,18 30,0,105,,73386,37,,,0,90,,73392,33,,,0,118,,73387,37,,,0,101,,73393,33,,,0,162,,73388,37,0,18 30,0
1000,'3_3',659,,66838,30,,,0,98,,66839,30,,,0,171,,66840,36,0,18 30,0,87,,66841,34,,,0,105,,66846,36,0,18 30,0,94,,66842,34,0,18 30,0,114,,66847,36,0,18 30,0,104,,66848,33,0,18 30,0,105,,66843,37,,,0,90,,66849,33,,,0,118,,66844,37,,,0,101,,66850,33,,,0,162,,66845,37,0,18 30,0
1000,'3_4',659,,66851,30,,,0,98,,66852,30,,,0,171,,66853,36,0,18 30,0,87,,66854,34,,,0,105,,66859,36,0,18 30,0,94,,66855,34,0,18 30,0,114,,66860,36,0,18 30,0,104,,66861,33,0,18 30,0,105,,66856,37,,,0,90,,66862,33,,,0,118,,66857,37,,,0,101,,66863,33,,,0,162,,66858,37,0,18 30,0
1000,'3_5',659,,66864,30,,,0,98,,66865,30,,,0,171,,66866,36,0,18 30,0,87,,66867,34,,,0,105,,66872,36,0,18 30,0,94,,66868,34,0,18 30,0,114,,66873,36,0,18 30,0,104,,66874,33,0,18 30,0,105,,66869,37,,,0,90,,66875,33,,,0,118,,66870,37,,,0,101,,66876,33,,,0,162,,66871,37,0,18 30,0
1000,'5_1',659,,74341,30,,,0,98,,74342,30,,,0,171,,74343,36,0,18 30,0,87,,74344,34,,,0,105,,74349,36,0,18 30,0,94,,74345,34,0,18 30,0,114,,74350,36,0,18 30,0,104,,74351,33,0,18 30,0,105,,74346,37,,,0,90,,74352,33,,,0,118,,74347,37,,,0,101,,74353,33,,,0,162,,74348,37,0,18 30,0
1000,'5_2',659,,76037,30,,,0,98,,76038,30,,,0,171,,76039,36,0,18 30,0,87,,76040,34,,,0,105,,76045,36,0,18 30,0,94,,76041,34,0,18 30,0,114,,76046,36,0,18 30,0,104,,76047,33,0,18 30,0,105,,76042,37,,,0,90,,76048,33,,,0,118,,76043,37,,,0,101,,76049,33,,,0,162,,76044,37,0,18 30,0
1000,'5_3',659,,76050,30,,,0,98,,76051,30,,,0,171,,76052,36,0,18 30,0,87,,76053,34,,,0,105,,76058,36,0,18 30,0,94,,76054,34,0,18 30,0,114,,76059,36,0,18 30,0,104,,76060,33,0,18 30,0,105,,76055,37,,,0,90,,76061,33,,,0,118,,76056,37,,,0,101,,76062,33,,,0,162,,76057,37,0,18 30,0
1000,'5_4',659,,76063,30,,,0,98,,76064,30,,,0,171,,76065,36,0,18 30,0,87,,76066,34,,,0,105,,76071,36,0,18 30,0,94,,76067,34,0,18 30,0,114,,76072,36,0,18 30,0,104,,76073,33,0,18 30,0,105,,76068,37,,,0,90,,76074,33,,,0,118,,76069,37,,,0,101,,76075,33,,,0,162,,76070,37,0,18 30,0
1000000,'0_6',532,,68818,5,0,31 33,0,80,,68819,5,0,31 33,0,40,,68829,5,,,0,80,,68830,5,,,0,16,,68831,5,0,31 33,0,55,,68832,5,0,31 33,0,15,,68833,5,,,0,15,,68834,5,0,31 33,0,15,,68835,5,0,31 33,0,54,,68836,5,,,0,15,,68837,5,0,31 33,0,15,,68873,5,0,31 33,0,17,,68838,5,,,0,56,,68839,5,0,31 33,0,15,,68840,5,,,0,16,,68841,5,0,31 33,0,16,,68842,5,0,31 33,0,55,,68843,5,,,0,16,,68844,5,0,31 33,0,15,,68845,5,0,31 33,0,16,,68846,5,,,0,55,,68847,5,0,31 33,0,16,,68848,5,0,31 33,0,16,,68849,5,,,0,15,,68850,5,0,31 33,0,55,,68851,5,,,0,15,,68852,5,0,31 33,0,15,,68853,5,0,31 33,0,15,,68854,5,,,0,56,,68855,5,0,31 33,0,16,,68856,5,0,31 33,0,15,,68857,5,,,0,16,,68858,5,0,31 33,0,56,,68859,5,0,31 33,0,16,,68860,5,,,0,16,,68861,5,0,31 33,0,56,,68862,5,,,0,16,,68863,5,0,31 33,0,16,,68864,5,0,31 33,0,16,,68865,5,,,0,56,,68866,5,0,31 33,0,16,,68868,5,0,31 33,0,17,,68867,5,,,0,16,,68869,5,0,31 33,0,56,,68870,5,,,0,15,,68871,5,0,31 33,0,15,,68872,5,0,31 33,0,15,,68820,5,0,31 33,0,55,,68821,5,0,31 33,0,15,,68822,5,0,31 33,0,16,,68823,5,0,31 33,0,60,,68824,5,0,31 33,0,20,,68825,5,0,31 33,0,20,,68826,5,0,31 33,0,60,,68827,5,0,31 33,0,19,,68828,5,0,31 33,0
1000000,'1_7',802,,68874,5,0,31 33,0,40,,68875,5,0,31 33,0,80,,68876,5,0,31 33,0,80,,68877,5,0,31 33,0,40,,68878,5,0,31 33,0,80,,68879,5,0,31 33,0,80,,68880,5,0,31 33,0,40,,68881,5,0,31 33,0,80,,68882,5,0,31 33,0,80,,68883,5,0,31 33,0,40,,68884,5,0,31 33,0,80,,68885,5,0,31 33,0,80,,68886,5,0,31 33,0,40,,68887,5,0,31 33,0,80,,68888,5,0,31 33,0,80,,68889,5,0,31 33,0,40,,68890,5,0,31 33,0,80,,68891,5,0,31 33,0
1000000,'3_1',537,,69197,5,0,31 33,0,20,,69198,5,0,31 33,0,59,,69199,5,0,31 33,0,19,,69200,5,,,0,15,,69226,5,,,0,54,,69215,5,,,0,14,,69250,5,,,0,13,,69236,5,,,0,15,,69241,5,,,0,55,,69251,5,,,0,14,,69228,5,,,0,15,,69238,5,0,31 33,0,15,,69243,5,,,0,55,,69211,5,0,31 33,0,15,,69214,5,,,0,15,,69245,5,0,31 33,0,16,,69244,5,,,0,56,,69233,5,0,31 33,0,15,,69203,5,,,0,16,,69229,5,0,31 33,0,16,,69212,5,,,0,55,,69230,5,0,31 33,0,16,,69224,5,,,0,16,,69221,5,0,31 33,0,16,,69219,5,,,0,56,,69235,5,0,31 33,0,16,,69205,5,,,0,16,,69201,5,0,31 33,0,15,,69247,5,,,0,55,,69227,5,0,31 33,0,15,,69204,5,,,0,16,,69222,5,0,31 33,0,15,,69242,5,,,0,54,,69220,5,0,31 33,0,14,,69217,5,,,0,13,,69216,5,0,31 33,0,14,,69225,5,,,0,54,,69234,5,0,31 33,0,14,,69237,5,,,0,14,,69252,5,,,0,14,,69253,5,,,0,54,,69248,5,,,0,14,,69254,5,,,0,15,,69240,5,,,0,15,,69255,5,,,0,55,,69208,5,,,0,15,,69256,5,,,0,15,,69207,5,,,0,16,,69257,5,,,0,55,,69249,5,,,0,15,,69218,5,0,31 33,0,15,,69202,5,0,31 33,0,15,,69213,5,,,0,55,,69209,5,0,31 33,0,19,,69223,5,0,31 33,0,20,,69210,5,0,31 33,0,61,,69206,5,0,31 33,0,20,,69239,5,0,31 33,0,21,,69231,5,0,31 33,0,61,,69232,5,0,31 33,0,20,,69246,5,0,31 33,0
1000000,'3_2',537,,73575,5,0,31 33,0,20,,73576,5,0,31 33,0,59,,73577,5,0,31 33,0,19,,73578,5,,,0,15,,73604,5,,,0,54,,73593,5,,,0,14,,73628,5,,,0,13,,73614,5,,,0,15,,73619,5,,,0,55,,73629,5,,,0,14,,73606,5,,,0,15,,73616,5,0,31 33,0,15,,73621,5,,,0,55,,73589,5,0,31 33,0,15,,73592,5,,,0,15,,73623,5,0,31 33,0,16,,73622,5,,,0,56,,73611,5,0,31 33,0,15,,73581,5,,,0,16,,73607,5,0,31 33,0,16,,73590,5,,,0,55,,73608,5,0,31 33,0,16,,73602,5,,,0,16,,73599,5,0,31 33,0,16,,73597,5,,,0,56,,73613,5,0,31 33,0,16,,73583,5,,,0,16,,73579,5,0,31 33,0,15,,73625,5,,,0,55,,73605,5,0,31 33,0,15,,73582,5,,,0,16,,73600,5,0,31 33,0,15,,73620,5,,,0,54,,73598,5,0,31 33,0,14,,73595,5,,,0,13,,73594,5,0,31 33,0,14,,73603,5,,,0,54,,73612,5,0,31 33,0,14,,73615,5,,,0,14,,73630,5,,,0,14,,73631,5,,,0,54,,73626,5,,,0,14,,73632,5,,,0,15,,73618,5,,,0,15,,73633,5,,,0,55,,73586,5,,,0,15,,73634,5,,,0,15,,73585,5,,,0,16,,73635,5,,,0,55,,73627,5,,,0,15,,73596,5,0,31 33,0,15,,73580,5,0,31 33,0,15,,73591,5,,,0,55,,73587,5,0,31 33,0,19,,73601,5,0,31 33,0,20,,73588,5,0,31 33,0,61,,73584,5,0,31 33,0,20,,73617,5,0,31 33,0,21,,73609,5,0,31 33,0,61,,73610,5,0,31 33,0,20,,73624,5,0,31 33,0
1000000,'3_3',537,,69258,5,0,31 33,0,20,,69259,5,0,31 33,0,59,,69260,5,0,31 33,0,19,,69261,5,,,0,15,,69287,5,,,0,54,,69276,5,,,0,14,,69311,5,,,0,13,,69297,5,,,0,15,,69302,5,,,0,55,,69312,5,,,0,14,,69289,5,,,0,15,,69299,5,0,31 33,0,15,,69304,5,,,0,55,,69272,5,0,31 33,0,15,,69275,5,,,0,15,,69306,5,0,31 33,0,16,,69305,5,,,0,56,,69294,5,0,31 33,0,15,,69264,5,,,0,16,,69290,5,0,31 33,0,16,,69273,5,,,0,55,,69291,5,0,31 33,0,16,,69285,5,,,0,16,,69282,5,0,31 33,0,16,,69280,5,,,0,56,,69296,5,0,31 33,0,16,,69266,5,,,0,16,,69262,5,0,31 33,0,15,,69308,5,,,0,55,,69288,5,0,31 33,0,15,,69265,5,,,0,16,,69283,5,0,31 33,0,15,,69303,5,,,0,54,,69281,5,0,31 33,0,14,,69278,5,,,0,13,,69277,5,0,31 33,0,14,,69286,5,,,0,54,,69295,5,0,31 33,0,14,,69298,5,,,0,14,,69313,5,,,0,14,,69314,5,,,0,54,,69309,5,,,0,14,,69315,5,,,0,15,,69301,5,,,0,15,,69316,5,,,0,55,,69269,5,,,0,15,,69317,5,,,0,15,,69268,5,,,0,16,,69318,5,,,0,55,,69310,5,,,0,15,,69279,5,0,31 33,0,15,,69263,5,0,31 33,0,15,,69274,5,,,0,55,,69270,5,0,31 33,0,19,,69284,5,0,31 33,0,20,,69271,5,0,31 33,0,61,,69267,5,0,31 33,0,20,,69300,5,0,31 33,0,21,,69292,5,0,31 33,0,61,,69293,5,0,31 33,0,20,,69307,5,0,31 33,0
1000000,'3_4',537,,69319,5,0,31 33,0,20,,69320,5,0,31 33,0,59,,69321,5,0,31 33,0,19,,69322,5,,,0,15,,69348,5,,,0,54,,69337,5,,,0,14,,69372,5,,,0,13,,69358,5,,,0,15,,69363,5,,,0,55,,69373,5,,,0,14,,69350,5,,,0,15,,69360,5,0,31 33,0,15,,69365,5,,,0,55,,69333,5,0,31 33,0,15,,69336,5,,,0,15,,69367,5,0,31 33,0,16,,69366,5,,,0,56,,69355,5,0,31 33,0,15,,69325,5,,,0,16,,69351,5,0,31 33,0,16,,69334,5,,,0,55,,69352,5,0,31 33,0,16,,69346,5,,,0,16,,69343,5,0,31 33,0,16,,69341,5,,,0,56,,69357,5,0,31 33,0,16,,69327,5,,,0,16,,69323,5,0,31 33,0,15,,69369,5,,,0,55,,69349,5,0,31 33,0,15,,69326,5,,,0,16,,69344,5,0,31 33,0,15,,69364,5,,,0,54,,69342,5,0,31 33,0,14,,69339,5,,,0,13,,69338,5,0,31 33,0,14,,69347,5,,,0,54,,69356,5,0,31 33,0,14,,69359,5,,,0,14,,69374,5,,,0,14,,69375,5,,,0,54,,69370,5,,,0,14,,69376,5,,,0,15,,69362,5,,,0,15,,69377,5,,,0,55,,69330,5,,,0,15,,69378,5,,,0,15,,69329,5,,,0,16,,69379,5,,,0,55,,69371,5,,,0,15,,69340,5,0,31 33,0,15,,69324,5,0,31 33,0,15,,69335,5,,,0,55,,69331,5,0,31 33,0,19,,69345,5,0,31 33,0,20,,69332,5,0,31 33,0,61,,69328,5,0,31 33,0,20,,69361,5,0,31 33,0,21,,69353,5,0,31 33,0,61,,69354,5,0,31 33,0,20,,69368,5,0,31 33,0
1000000,'3_5',537,,69380,5,0,31 33,0,20,,69381,5,0,31 33,0,59,,69382,5,0,31 33,0,19,,69383,5,,,0,15,,69409,5,,,0,54,,69398,5,,,0,14,,69433,5,,,0,13,,69419,5,,,0,15,,69424,5,,,0,55,,69434,5,,,0,14,,69411,5,,,0,15,,69421,5,0,31 33,0,15,,69426,5,,,0,55,,69394,5,0,31 33,0,15,,69397,5,,,0,15,,69428,5,0,31 33,0,16,,69427,5,,,0,56,,69416,5,0,31 33,0,15,,69386,5,,,0,16,,69412,5,0,31 33,0,16,,69395,5,,,0,55,,69413,5,0,31 33,0,16,,69407,5,,,0,16,,69404,5,0,31 33,0,16,,69402,5,,,0,56,,69418,5,0,31 33,0,16,,69388,5,,,0,16,,69384,5,0,31 33,0,15,,69430,5,,,0,55,,69410,5,0,31 33,0,15,,69387,5,,,0,16,,69405,5,0,31 33,0,15,,69425,5,,,0,54,,69403,5,0,31 33,0,14,,69400,5,,,0,13,,69399,5,0,31 33,0,14,,69408,5,,,0,54,,69417,5,0,31 33,0,14,,69420,5,,,0,14,,69435,5,,,0,14,,69436,5,,,0,54,,69431,5,,,0,14,,69437,5,,,0,15,,69423,5,,,0,15,,69438,5,,,0,55,,69391,5,,,0,15,,69439,5,,,0,15,,69390,5,,,0,16,,69440,5,,,0,55,,69432,5,,,0,15,,69401,5,0,31 33,0,15,,69385,5,0,31 33,0,15,,69396,5,,,0,55,,69392,5,0,31 33,0,19,,69406,5,0,31 33,0,20,,69393,5,0,31 33,0,61,,69389,5,0,31 33,0,20,,69422,5,0,31 33,0,21,,69414,5,0,31 33,0,61,,69415,5,0,31 33,0,20,,69429,5,0,31 33,0
1000000,'5_1',537,,74535,5,0,31 33,0,20,,74536,5,0,31 33,0,59,,74537,5,0,31 33,0,19,,74538,5,,,0,15,,74564,5,,,0,54,,74553,5,,,0,14,,74588,5,,,0,13,,74574,5,,,0,15,,74579,5,,,0,55,,74589,5,,,0,14,,74566,5,,,0,15,,74576,5,0,31 33,0,15,,74581,5,,,0,55,,74549,5,0,31 33,0,15,,74552,5,,,0,15,,74583,5,0,31 33,0,16,,74582,5,,,0,56,,74571,5,0,31 33,0,15,,74541,5,,,0,16,,74567,5,0,31 33,0,16,,74550,5,,,0,55,,74568,5,0,31 33,0,16,,74562,5,,,0,16,,74559,5,0,31 33,0,16,,74557,5,,,0,56,,74573,5,0,31 33,0,16,,74543,5,,,0,16,,74539,5,0,31 33,0,15,,74585,5,,,0,55,,74565,5,0,31 33,0,15,,74542,5,,,0,16,,74560,5,0,31 33,0,15,,74580,5,,,0,54,,74558,5,0,31 33,0,14,,74555,5,,,0,13,,74554,5,0,31 33,0,14,,74563,5,,,0,54,,74572,5,0,31 33,0,14,,74575,5,,,0,14,,74590,5,,,0,14,,74591,5,,,0,54,,74586,5,,,0,14,,74592,5,,,0,15,,74578,5,,,0,15,,74593,5,,,0,55,,74546,5,,,0,15,,74594,5,,,0,15,,74545,5,,,0,16,,74595,5,,,0,55,,74587,5,,,0,15,,74556,5,0,31 33,0,15,,74540,5,0,31 33,0,15,,74551,5,,,0,55,,74547,5,0,31 33,0,19,,74561,5,0,31 33,0,20,,74548,5,0,31 33,0,61,,74544,5,0,31 33,0,20,,74577,5,0,31 33,0,21,,74569,5,0,31 33,0,61,,74570,5,0,31 33,0,20,,74584,5,0,31 33,0
1000000,'5_2',537,,76619,5,0,31 33,0,20,,76620,5,0,31 33,0,59,,76621,5,0,31 33,0,19,,76622,5,,,0,15,,76648,5,,,0,54,,76637,5,,,0,14,,76672,5,,,0,13,,76658,5,,,0,15,,76663,5,,,0,55,,76673,5,,,0,14,,76650,5,,,0,15,,76660,5,0,31 33,0,15,,76665,5,,,0,55,,76633,5,0,31 33,0,15,,76636,5,,,0,15,,76667,5,0,31 33,0,16,,76666,5,,,0,56,,76655,5,0,31 33,0,15,,76625,5,,,0,16,,76651,5,0,31 33,0,16,,76634,5,,,0,55,,76652,5,0,31 33,0,16,,76646,5,,,0,16,,76643,5,0,31 33,0,16,,76641,5,,,0,56,,76657,5,0,31 33,0,16,,76627,5,,,0,16,,76623,5,0,31 33,0,15,,76669,5,,,0,55,,76649,5,0,31 33,0,15,,76626,5,,,0,16,,76644,5,0,31 33,0,15,,76664,5,,,0,54,,76642,5,0,31 33,0,14,,76639,5,,,0,13,,76638,5,0,31 33,0,14,,76647,5,,,0,54,,76656,5,0,31 33,0,14,,76659,5,,,0,14,,76674,5,,,0,14,,76675,5,,,0,54,,76670,5,,,0,14,,76676,5,,,0,15,,76662,5,,,0,15,,76677,5,,,0,55,,76630,5,,,0,15,,76678,5,,,0,15,,76629,5,,,0,16,,76679,5,,,0,55,,76671,5,,,0,15,,76640,5,0,31 33,0,15,,76624,5,0,31 33,0,15,,76635,5,,,0,55,,76631,5,0,31 33,0,19,,76645,5,0,31 33,0,20,,76632,5,0,31 33,0,61,,76628,5,0,31 33,0,20,,76661,5,0,31 33,0,21,,76653,5,0,31 33,0,61,,76654,5,0,31 33,0,20,,76668,5,0,31 33,0
1000000,'5_3',537,,76680,5,0,31 33,0,20,,76681,5,0,31 33,0,59,,76682,5,0,31 33,0,19,,76683,5,,,0,15,,76709,5,,,0,54,,76698,5,,,0,14,,76733,5,,,0,13,,76719,5,,,0,15,,76724,5,,,0,55,,76734,5,,,0,14,,76711,5,,,0,15,,76721,5,0,31 33,0,15,,76726,5,,,0,55,,76694,5,0,31 33,0,15,,76697,5,,,0,15,,76728,5,0,31 33,0,16,,76727,5,,,0,56,,76716,5,0,31 33,0,15,,76686,5,,,0,16,,76712,5,0,31 33,0,16,,76695,5,,,0,55,,76713,5,0,31 33,0,16,,76707,5,,,0,16,,76704,5,0,31 33,0,16,,76702,5,,,0,56,,76718,5,0,31 33,0,16,,76688,5,,,0,16,,76684,5,0,31 33,0,15,,76730,5,,,0,55,,76710,5,0,31 33,0,15,,76687,5,,,0,16,,76705,5,0,31 33,0,15,,76725,5,,,0,54,,76703,5,0,31 33,0,14,,76700,5,,,0,13,,76699,5,0,31 33,0,14,,76708,5,,,0,54,,76717,5,0,31 33,0,14,,76720,5,,,0,14,,76735,5,,,0,14,,76736,5,,,0,54,,76731,5,,,0,14,,76737,5,,,0,15,,76723,5,,,0,15,,76738,5,,,0,55,,76691,5,,,0,15,,76739,5,,,0,15,,76690,5,,,0,16,,76740,5,,,0,55,,76732,5,,,0,15,,76701,5,0,31 33,0,15,,76685,5,0,31 33,0,15,,76696,5,,,0,55,,76692,5,0,31 33,0,19,,76706,5,0,31 33,0,20,,76693,5,0,31 33,0,61,,76689,5,0,31 33,0,20,,76722,5,0,31 33,0,21,,76714,5,0,31 33,0,61,,76715,5,0,31 33,0,20,,76729,5,0,31 33,0
1000000,'5_4',537,,76741,5,0,31 33,0,20,,76742,5,0,31 33,0,59,,76743,5,0,31 33,0,19,,76744,5,,,0,15,,76770,5,,,0,54,,76759,5,,,0,14,,76794,5,,,0,13,,76780,5,,,0,15,,76785,5,,,0,55,,76795,5,,,0,14,,76772,5,,,0,15,,76782,5,0,31 33,0,15,,76787,5,,,0,55,,76755,5,0,31 33,0,15,,76758,5,,,0,15,,76789,5,0,31 33,0,16,,76788,5,,,0,56,,76777,5,0,31 33,0,15,,76747,5,,,0,16,,76773,5,0,31 33,0,16,,76756,5,,,0,55,,76774,5,0,31 33,0,16,,76768,5,,,0,16,,76765,5,0,31 33,0,16,,76763,5,,,0,56,,76779,5,0,31 33,0,16,,76749,5,,,0,16,,76745,5,0,31 33,0,15,,76791,5,,,0,55,,76771,5,0,31 33,0,15,,76748,5,,,0,16,,76766,5,0,31 33,0,15,,76786,5,,,0,54,,76764,5,0,31 33,0,14,,76761,5,,,0,13,,76760,5,0,31 33,0,14,,76769,5,,,0,54,,76778,5,0,31 33,0,14,,76781,5,,,0,14,,76796,5,,,0,14,,76797,5,,,0,54,,76792,5,,,0,14,,76798,5,,,0,15,,76784,5,,,0,15,,76799,5,,,0,55,,76752,5,,,0,15,,76800,5,,,0,15,,76751,5,,,0,16,,76801,5,,,0,55,,76793,5,,,0,15,,76762,5,0,31 33,0,15,,76746,5,0,31 33,0,15,,76757,5,,,0,55,,76753,5,0,31 33,0,19,,76767,5,0,31 33,0,20,,76754,5,0,31 33,0,61,,76750,5,0,31 33,0,20,,76783,5,0,31 33,0,21,,76775,5,0,31 33,0,61,,76776,5,0,31 33,0,20,,76790,5,0,31 33,0
