501,'S2-0_2',949,,86513,30,,,0,105,,86514,30,,,0,101,,86515,30,,,0,85,,86516,30,,,0,94,,86517,30,,,0,98,,86518,30,,,0,103,,86519,30,,,0,103,,86520,30,,,0,107,,86521,30,,,0,101,,86525,30,,,0,166,,86526,30,,,0
501,'S2-0_4',949,,86527,30,,,0,105,,86528,30,,,0,101,,86529,30,,,0,85,,86530,30,,,0,94,,86531,30,,,0,98,,86532,30,,,0,103,,86533,30,,,0,103,,86534,30,,,0,107,,86535,30,,,0,101,,86539,30,,,0,166,,86540,30,,,0
501,'S2-0_5',949,,86541,30,,,0,105,,86542,30,,,0,101,,86543,30,,,0,85,,86544,30,,,0,94,,86545,30,,,0,98,,86546,30,,,0,103,,86547,30,,,0,103,,86548,30,,,0,107,,86549,30,,,0,101,,86553,30,,,0,166,,86554,30,,,0
501,'S2-1_3',949,,86555,30,,,0,105,,86556,30,,,0,101,,86557,30,,,0,85,,86558,30,,,0,94,,86559,30,,,0,98,,86560,30,,,0,103,,86561,30,,,0,103,,86562,30,,,0,107,,86563,30,,,0,101,,86565,30,,,0,166,,86566,30,,,0
501,'S2-2_6',839,,86567,30,,,0,101,,86568,30,,,0,101,,86569,30,,,0,100,,86570,30,,,0,99,,86571,30,,,0,94,,86572,30,,,0,99,,86573,30,,,0,101,,86574,30,,,0,99,,86575,30,,,0,104,,86576,30,,,0,98,,86577,30,,,0,186,,86578,30,,,0
501,'S2-4_1',949,,86579,30,,,0,105,,86580,30,,,0,101,,86581,30,,,0,85,,86582,30,,,0,94,,86583,30,,,0,98,,86584,30,,,0,103,,86585,30,,,0,103,,86586,30,,,0,107,,86587,30,,,0,101,,86591,30,,,0,166,,86592,30,,,0
501,'S2-4_2',949,,86593,30,,,0,105,,86594,30,,,0,101,,86595,30,,,0,85,,86596,30,,,0,94,,86597,30,,,0,98,,86598,30,,,0,103,,86599,30,,,0,103,,86600,30,,,0,107,,86601,30,,,0,101,,86605,30,,,0,166,,86606,30,,,0
501,'S2-4_4',949,,86607,30,,,0,105,,86608,30,,,0,101,,86609,30,,,0,85,,86610,30,,,0,94,,86611,30,,,0,98,,86612,30,,,0,103,,86613,30,,,0,103,,86614,30,,,0,107,,86615,30,,,0,101,,86619,30,,,0,166,,86620,30,,,0
2900501,'S2-0_2',1746,,92488,3,,,0,110,,92489,3,,,0
2900501,'S2-0_4',1746,,92490,3,,,0,110,,92491,3,,,0
2900501,'S2-0_5',1746,,92492,3,,,0,110,,92493,3,,,0
2900501,'S2-1_3',1251,,92494,3,,,0,495,,92495,3,,,0,110,,92496,3,,,0
2900501,'S2-4_1',1746,,92497,3,,,0,110,,92498,3,,,0
2900501,'S2-4_2',1746,,92499,3,,,0,110,,92500,3,,,0
2900501,'S2-4_4',1746,,92501,3,,,0,110,,92502,3,,,0
