401,'S2-0_2',851,,86166,55,,,0,297,,86168,53,,,0,157,,86167,55,,,0,101,,86169,53,,,0,140,,86170,53,,,0,275,,86165,56,,,0,185,,86171,53,,,0
401,'S2-0_4',851,,86198,55,,,0,297,,86200,53,,,0,157,,86199,55,,,0,101,,86201,53,,,0,140,,86202,53,,,0,275,,86197,56,,,0,185,,86203,53,,,0
401,'S2-0_5',851,,86230,55,,,0,297,,86232,53,,,0,157,,86231,55,,,0,101,,86233,53,,,0,140,,86234,53,,,0,275,,86229,56,,,0,185,,86235,53,,,0
401,'S2-1_3',851,,86262,55,,,0,297,,86264,53,,,0,157,,86263,55,,,0,101,,86265,53,,,0,140,,86266,53,,,0,275,,86261,56,,,0,185,,86267,53,,,0
401,'S2-2_6',750,,86269,53,,,0,189,,86270,53,,,0,202,,86271,53,,,0,201,,86272,53,,,0,199,,86273,53,,,0,206,,86274,53,,,0,272,,86275,53,,,0
401,'S2-3_7',1021,,86293,53,,,0,125,,86294,53,,,0,166,,86295,53,,,0,200,,86296,53,,,0,125,,86297,53,,,0,165,,86298,53,,,0,125,,86299,53,,,0
401,'S2-4_1',851,,86325,55,,,0,297,,86327,53,,,0,157,,86326,55,,,0,101,,86328,53,,,0,140,,86329,53,,,0,275,,86324,56,,,0,185,,86330,53,,,0
401,'S2-4_2',851,,86357,55,,,0,297,,86359,53,,,0,157,,86358,55,,,0,101,,86360,53,,,0,140,,86361,53,,,0,275,,86356,56,,,0,185,,86362,53,,,0
401,'S2-4_4',851,,86389,55,,,0,297,,86391,53,,,0,157,,86390,55,,,0,101,,86392,53,,,0,140,,86393,53,,,0,275,,86388,56,,,0,185,,86394,53,,,0
2901201,'S2-0_2',1703,,92574,7,,,0,105,,92575,7,,,0,100,,92573,7,,,0
2901201,'S2-0_4',1703,,92577,7,,,0,105,,92578,7,,,0,100,,92576,7,,,0
2901201,'S2-0_5',1703,,92580,7,,,0,105,,92581,7,,,0,100,,92579,7,,,0
2901201,'S2-1_3',1308,,92583,7,,,0,395,,92584,7,,,0,105,,92585,7,,,0,100,,92582,7,,,0
2901201,'S2-4_1',1703,,92587,7,,,0,105,,92588,7,,,0,100,,92586,7,,,0
2901201,'S2-4_2',1703,,92590,7,,,0,105,,92591,7,,,0,100,,92589,7,,,0
2901201,'S2-4_4',1703,,92593,7,,,0,105,,92594,7,,,0,100,,92592,7,,,0
