400,'0_6',741,,64825,30,0,40,0,96,,64817,30,0,40,0,69,,64806,42,0,40,0,30,,64805,30,0,40,0,71,,64804,30,0,40,0,32,,64807,30,0,40,0,72,,64821,42,0,40,0,31,,64808,30,0,40,0,71,,64809,30,0,40,0,29,,64827,30,0,40,0,69,,64824,42,0,40,0,31,,64810,30,0,40,0,69,,64811,30,0,40,0,28,,64812,30,0,40,0,69,,64814,42,0,40,0,31,,64815,30,0,40,0,74,,64813,30,0,40,0,33,,64826,30,0,40,0,65,,64818,42,0,40,0,22,,64822,30,0,40,0,68,,64823,30,0,40,0,36,,64819,30,0,40,0,69,,64820,42,0,40,0,45,,64816,42,0,40,0
400,'1_7',845,,64828,42,0,40,0,165,,64829,42,0,40,0,125,,64830,42,0,40,0,200,,64831,42,0,40,0,166,,64832,42,0,40,0,125,,64833,42,0,40,0,126,,64834,42,0,40,0,164,,64835,42,0,40,0
400,'5_1',726,,74177,30,,,0,75,,74174,30,0,40,0,36,,74168,30,0,40,0,69,,74155,42,0,40,0,30,,74154,30,0,40,0,70,,74153,30,0,40,0,37,,74156,30,0,40,0,69,,74175,42,0,40,0,30,,74157,30,0,40,0,75,,74158,30,0,40,0,31,,74171,30,0,40,0,63,,74169,42,0,40,0,31,,74159,30,0,40,0,69,,74160,30,0,40,0,26,,74161,30,0,40,0,71,,74163,42,0,40,0,31,,74164,30,0,40,0,74,,74162,30,0,40,0,33,,74173,30,,,0,69,,74170,42,0,40,0,27,,74165,30,0,40,0,64,,74166,42,,,0,31,,74172,30,0,40,0,74,,74176,42,0,40,0,46,,74167,42,0,40,0
400,'5_2',726,,75497,30,,,0,75,,75494,30,0,40,0,36,,75488,30,0,40,0,69,,75475,42,0,40,0,30,,75474,30,0,40,0,70,,75473,30,0,40,0,37,,75476,30,0,40,0,69,,75495,42,0,40,0,30,,75477,30,0,40,0,75,,75478,30,0,40,0,31,,75491,30,0,40,0,63,,75489,42,0,40,0,31,,75479,30,0,40,0,69,,75480,30,0,40,0,26,,75481,30,0,40,0,71,,75483,42,0,40,0,31,,75484,30,0,40,0,74,,75482,30,0,40,0,33,,75493,30,,,0,69,,75490,42,0,40,0,27,,75485,30,0,40,0,64,,75486,42,,,0,31,,75492,30,0,40,0,74,,75496,42,0,40,0,46,,75487,42,0,40,0
400,'5_3',726,,75522,30,,,0,75,,75519,30,0,40,0,36,,75513,30,0,40,0,69,,75500,42,0,40,0,30,,75499,30,0,40,0,70,,75498,30,0,40,0,37,,75501,30,0,40,0,69,,75520,42,0,40,0,30,,75502,30,0,40,0,75,,75503,30,0,40,0,31,,75516,30,0,40,0,63,,75514,42,0,40,0,31,,75504,30,0,40,0,69,,75505,30,0,40,0,26,,75506,30,0,40,0,71,,75508,42,0,40,0,31,,75509,30,0,40,0,74,,75507,30,0,40,0,33,,75518,30,,,0,69,,75515,42,0,40,0,27,,75510,30,0,40,0,64,,75511,42,,,0,31,,75517,30,0,40,0,74,,75521,42,0,40,0,46,,75512,42,0,40,0
400,'7_1',726,,80471,30,,,0,75,,80468,30,0,40,0,36,,80462,30,0,40,0,69,,80449,42,0,40,0,30,,80448,30,0,40,0,70,,80447,30,0,40,0,37,,80450,30,0,40,0,69,,80469,42,0,40,0,30,,80451,30,0,40,0,75,,80452,30,0,40,0,31,,80465,30,0,40,0,63,,80463,42,0,40,0,31,,80453,30,0,40,0,69,,80454,30,0,40,0,26,,80455,30,0,40,0,71,,80457,42,0,40,0,31,,80458,30,0,40,0,74,,80456,30,0,40,0,33,,80467,30,,,0,69,,80464,42,0,40,0,27,,80459,30,0,40,0,64,,80460,42,,,0,31,,80466,30,0,40,0,74,,80470,42,0,40,0,46,,80461,42,0,40,0
400,'7_2',726,,82392,30,,,0,75,,82389,30,0,40,0,36,,82383,30,0,40,0,69,,82370,42,0,40,0,30,,82369,30,0,40,0,70,,82368,30,0,40,0,37,,82371,30,0,40,0,69,,82390,42,0,40,0,30,,82372,30,0,40,0,75,,82373,30,0,40,0,31,,82386,30,0,40,0,63,,82384,42,0,40,0,31,,82374,30,0,40,0,69,,82375,30,0,40,0,26,,82376,30,0,40,0,71,,82378,42,0,40,0,31,,82379,30,0,40,0,74,,82377,30,0,40,0,33,,82388,30,,,0,69,,82385,42,0,40,0,27,,82380,30,0,40,0,64,,82381,42,,,0,31,,82387,30,0,40,0,74,,82391,42,0,40,0,46,,82382,42,0,40,0
400,'7_3',726,,82417,30,,,0,75,,82414,30,0,40,0,36,,82408,30,0,40,0,69,,82395,42,0,40,0,30,,82394,30,0,40,0,70,,82393,30,0,40,0,37,,82396,30,0,40,0,69,,82415,42,0,40,0,30,,82397,30,0,40,0,75,,82398,30,0,40,0,31,,82411,30,0,40,0,63,,82409,42,0,40,0,31,,82399,30,0,40,0,69,,82400,30,0,40,0,26,,82401,30,0,40,0,71,,82403,42,0,40,0,31,,82404,30,0,40,0,74,,82402,30,0,40,0,33,,82413,30,,,0,69,,82410,42,0,40,0,27,,82405,30,0,40,0,64,,82406,42,,,0,31,,82412,30,0,40,0,74,,82416,42,0,40,0,46,,82407,42,0,40,0
400,'7_4',726,,79316,30,,,0,75,,79313,30,0,40,0,36,,79307,30,0,40,0,69,,79294,42,0,40,0,30,,79293,30,0,40,0,70,,79292,30,0,40,0,37,,79295,30,0,40,0,69,,79314,42,0,40,0,30,,79296,30,0,40,0,75,,79297,30,0,40,0,31,,79310,30,0,40,0,63,,79308,42,0,40,0,31,,79298,30,0,40,0,69,,79299,30,0,40,0,26,,79300,30,0,40,0,71,,79302,42,0,40,0,31,,79303,30,0,40,0,74,,79301,30,0,40,0,33,,79312,30,,,0,69,,79309,42,0,40,0,27,,79304,30,0,40,0,64,,79305,42,,,0,31,,79311,30,0,40,0,74,,79315,42,0,40,0,46,,79306,42,0,40,0
400,'7_5',726,,80496,30,,,0,75,,80493,30,0,40,0,36,,80487,30,0,40,0,69,,80474,42,0,40,0,30,,80473,30,0,40,0,70,,80472,30,0,40,0,37,,80475,30,0,40,0,69,,80494,42,0,40,0,30,,80476,30,0,40,0,75,,80477,30,0,40,0,31,,80490,30,0,40,0,63,,80488,42,0,40,0,31,,80478,30,0,40,0,69,,80479,30,0,40,0,26,,80480,30,0,40,0,71,,80482,42,0,40,0,31,,80483,30,0,40,0,74,,80481,30,0,40,0,33,,80492,30,,,0,69,,80489,42,0,40,0,27,,80484,30,0,40,0,64,,80485,42,,,0,31,,80491,30,0,40,0,74,,80495,42,0,40,0,46,,80486,42,0,40,0
