1001,'0_4',810,,97593,12,,,0,106,,97595,15,,,0,86,,97596,15,,,0,39,,97600,13,,,0,86,,97597,15,,,0,90,,97601,13,,,0,42,,97602,13,,,0,71,,97603,13,,,0,95,,97594,12,,,0,584,,97599,15,,,0
1001,'0_5',810,,97607,12,,,0,106,,97609,15,,,0,86,,97610,15,,,0,39,,97614,13,,,0,86,,97611,15,,,0,90,,97615,13,,,0,42,,97616,13,,,0,71,,97617,13,,,0,95,,97608,12,,,0,584,,97613,15,,,0
1001,'1_3',810,,97621,12,,,0,106,,97623,15,,,0,86,,97624,15,,,0,39,,97628,13,,,0,86,,97625,15,,,0,90,,97629,13,,,0,42,,97630,13,,,0,71,,97631,13,,,0,95,,97622,12,,,0,584,,97627,15,,,0
1001,'2_6',807,,97635,12,,,0,108,,97636,15,,,0,101,,97643,13,,,0,102,,97637,15,,,0,100,,97644,13,,,0,85,,97645,13,,,0,202,,97646,13,,,0,395,,97638,15,,,0,107,,97639,15,,,0
1001,'4_1',810,,97647,12,,,0,106,,97649,15,,,0,86,,97650,15,,,0,39,,97654,13,,,0,86,,97651,15,,,0,90,,97655,13,,,0,42,,97656,13,,,0,71,,97657,13,,,0,95,,97648,12,,,0,584,,97653,15,,,0
1001,'4_2',810,,97661,12,,,0,106,,97663,15,,,0,86,,97664,15,,,0,39,,97668,13,,,0,86,,97665,15,,,0,90,,97669,13,,,0,42,,97670,13,,,0,71,,97671,13,,,0,95,,97662,12,,,0,584,,97667,15,,,0
1001,'4_4',810,,97675,12,,,0,106,,97677,15,,,0,86,,97678,15,,,0,39,,97682,13,,,0,86,,97679,15,,,0,90,,97683,13,,,0,42,,97684,13,,,0,71,,97685,13,,,0,95,,97676,12,,,0,584,,97681,15,,,0
1001,'4_5',810,,97689,12,,,0,106,,97691,15,,,0,86,,97692,15,,,0,39,,97696,13,,,0,86,,97693,15,,,0,90,,97697,13,,,0,42,,97698,13,,,0,71,,97699,13,,,0,95,,97690,12,,,0,584,,97695,15,,,0
1101,'0_4',1653,,97735,10,,,0,152,,97736,10,,,0,103,,97737,10,,,0
1101,'0_5',1653,,97738,10,,,0,152,,97739,10,,,0,103,,97740,10,,,0
1101,'1_3',1653,,97741,10,,,0,152,,97742,10,,,0,103,,97743,10,,,0
1101,'2_6',1636,,97744,9,,,0,119,,97745,9,,,0
1101,'4_1',1653,,97746,10,,,0,152,,97747,10,,,0,103,,97748,10,,,0
1101,'4_2',1653,,97749,10,,,0,152,,97750,10,,,0,103,,97751,10,,,0
1101,'4_4',1653,,97752,10,,,0,152,,97753,10,,,0,103,,97754,10,,,0
1101,'4_5',1653,,97755,10,,,0,152,,97756,10,,,0,103,,97757,10,,,0
