1001,'0_6',739,,66890,28,0,61 65,0,102,,66900,31,,,0,112,,66891,31,0,61 65,0,152,,66901,34,,,0,142,,66902,34,,,0,88,,66897,34,0,61 65,0,91,,66892,31,0,61 65,0,101,,66903,34,,,0,105,,66893,31,0,61 65,0,95,,66894,31,0,61 65,0,108,,66904,31,,,0,96,,66898,34,0,61 65,0,111,,66899,34,0,61 65,0,85,,66895,31,0,61 65,0,100,,66896,31,0,61 65,0
1001,'1_7',1004,,66905,31,,,0,321,,66906,31,,,0,407,,66907,31,,,0,310,,66908,31,0,61 65,0
1001,'3_1',834,,66969,31,,,0,113,,66970,34,0,61 65,0,94,,66976,29,,,0,117,,66971,34,0,61 65,0,96,,66977,29,0,61 65,0,99,,66974,32,,,0,105,,66978,31,0,61 65,0,94,,66975,32,,,0,164,,66979,31,0,61 65,0,120,,66980,31,,,0,98,,66972,34,0,61 65,0,99,,66973,34,0,61 65,0
1001,'3_2',834,,73394,31,,,0,113,,73395,34,0,61 65,0,94,,73401,29,,,0,117,,73396,34,0,61 65,0,96,,73402,29,0,61 65,0,99,,73399,32,,,0,105,,73403,31,0,61 65,0,94,,73400,32,,,0,164,,73404,31,0,61 65,0,120,,73405,31,,,0,98,,73397,34,0,61 65,0,99,,73398,34,0,61 65,0
1001,'3_3',834,,66981,31,,,0,113,,66982,34,0,61 65,0,94,,66988,29,,,0,117,,66983,34,0,61 65,0,96,,66989,29,0,61 65,0,99,,66986,32,,,0,105,,66990,31,0,61 65,0,94,,66987,32,,,0,164,,66991,31,0,61 65,0,120,,66992,31,,,0,98,,66984,34,0,61 65,0,99,,66985,34,0,61 65,0
1001,'3_4',834,,66993,31,,,0,113,,66994,34,0,61 65,0,94,,67000,29,,,0,117,,66995,34,0,61 65,0,96,,67001,29,0,61 65,0,99,,66998,32,,,0,105,,67002,31,0,61 65,0,94,,66999,32,,,0,164,,67003,31,0,61 65,0,120,,67004,31,,,0,98,,66996,34,0,61 65,0,99,,66997,34,0,61 65,0
1001,'3_5',834,,67005,31,,,0,113,,67006,34,0,61 65,0,94,,67012,29,,,0,117,,67007,34,0,61 65,0,96,,67013,29,0,61 65,0,99,,67010,32,,,0,105,,67014,31,0,61 65,0,94,,67011,32,,,0,164,,67015,31,0,61 65,0,120,,67016,31,,,0,98,,67008,34,0,61 65,0,99,,67009,34,0,61 65,0
1001,'5_1',834,,74354,31,,,0,113,,74355,34,0,61 65,0,94,,74361,29,,,0,117,,74356,34,0,61 65,0,96,,74362,29,0,61 65,0,99,,74359,32,,,0,105,,74363,31,0,61 65,0,94,,74360,32,,,0,164,,74364,31,0,61 65,0,120,,74365,31,,,0,98,,74357,34,0,61 65,0,99,,74358,34,0,61 65,0
1001,'5_2',834,,76076,31,,,0,113,,76077,34,0,61 65,0,94,,76083,29,,,0,117,,76078,34,0,61 65,0,96,,76084,29,0,61 65,0,99,,76081,32,,,0,105,,76085,31,0,61 65,0,94,,76082,32,,,0,164,,76086,31,0,61 65,0,120,,76087,31,,,0,98,,76079,34,0,61 65,0,99,,76080,34,0,61 65,0
1001,'5_3',834,,76088,31,,,0,113,,76089,34,0,61 65,0,94,,76095,29,,,0,117,,76090,34,0,61 65,0,96,,76096,29,0,61 65,0,99,,76093,32,,,0,105,,76097,31,0,61 65,0,94,,76094,32,,,0,164,,76098,31,0,61 65,0,120,,76099,31,,,0,98,,76091,34,0,61 65,0,99,,76092,34,0,61 65,0
1001,'5_4',834,,76100,31,,,0,113,,76101,34,0,61 65,0,94,,76107,29,,,0,117,,76102,34,0,61 65,0,96,,76108,29,0,61 65,0,99,,76105,32,,,0,105,,76109,31,0,61 65,0,94,,76106,32,,,0,164,,76110,31,0,61 65,0,120,,76111,31,,,0,98,,76103,34,0,61 65,0,99,,76104,34,0,61 65,0
