1000,'0_6',638,,66740,23,,,0,103,,66741,23,,,0,94,,66742,23,,,0,101,,66750,23,,,0,83,,66753,24,,,0,117,,66743,23,,,0,108,,66754,24,,,0,98,,66744,23,,,0,95,,66755,24,,,0,95,,66751,23,,,0,98,,66745,23,,,0,73,,66746,24,,,0,115,,66748,23,,,0,92,,66752,23,,,0,103,,66749,24,,,0,102,,66747,23,,,0
1000,'1_7',1111,,66756,23,,,0,321,,66757,23,,,0,408,,66758,23,,,0,307,,66759,22,,,0
1000,'7_1',637,,80823,22,,,0,97,,80824,22,,,0,120,,80825,22,0,18 30,0,89,,80826,23,,,0,102,,80831,22,0,18 30,0,97,,80827,23,0,18 30,0,112,,80832,22,0,18 30,0,146,,80833,22,0,18 30,0,102,,80828,23,,,0,53,,80834,22,,,0,155,,80829,23,,,0,105,,80835,22,,,0,120,,80830,23,0,18 30,0
1000,'7_2',637,,82744,22,,,0,97,,82745,22,,,0,120,,82746,22,0,18 30,0,89,,82747,23,,,0,102,,82752,22,0,18 30,0,97,,82748,23,0,18 30,0,112,,82753,22,0,18 30,0,146,,82754,22,0,18 30,0,102,,82749,23,,,0,53,,82755,22,,,0,155,,82750,23,,,0,105,,82756,22,,,0,120,,82751,23,0,18 30,0
1000,'7_3',637,,82757,22,,,0,97,,82758,22,,,0,120,,82759,22,0,18 30,0,89,,82760,23,,,0,102,,82765,22,0,18 30,0,97,,82761,23,0,18 30,0,112,,82766,22,0,18 30,0,146,,82767,22,0,18 30,0,102,,82762,23,,,0,53,,82768,22,,,0,155,,82763,23,,,0,105,,82769,22,,,0,120,,82764,23,0,18 30,0
1000,'7_4',637,,79480,22,,,0,97,,79481,22,,,0,120,,79482,22,0,18 30,0,89,,79483,23,,,0,102,,79488,22,0,18 30,0,97,,79484,23,0,18 30,0,112,,79489,22,0,18 30,0,146,,79490,22,0,18 30,0,102,,79485,23,,,0,53,,79491,22,,,0,155,,79486,23,,,0,105,,79492,22,,,0,120,,79487,23,0,18 30,0
1000,'7_5',637,,80836,22,,,0,97,,80837,22,,,0,120,,80838,22,0,18 30,0,89,,80839,23,,,0,102,,80844,22,0,18 30,0,97,,80840,23,0,18 30,0,112,,80845,22,0,18 30,0,146,,80846,22,0,18 30,0,102,,80841,23,,,0,53,,80847,22,,,0,155,,80842,23,,,0,105,,80848,22,,,0,120,,80843,23,0,18 30,0
1000,'8_7',1111,,84059,23,,,0,321,,84060,23,,,0,408,,84061,23,,,0,307,,84062,22,,,0
1100,'0_6',640,,67029,2,,,0,119,,67030,2,,,0,946,,67031,2,,,0,119,,67032,2,,,0
1100,'7_1',640,,80873,2,,,0,119,,80874,2,,,0,946,,80875,2,,,0,119,,80876,2,,,0
1100,'7_2',640,,82794,2,,,0,119,,82795,2,,,0,946,,82796,2,,,0,119,,82797,2,,,0
1100,'7_3',640,,82798,2,,,0,119,,82799,2,,,0,946,,82800,2,,,0,119,,82801,2,,,0
1100,'7_4',640,,79505,2,,,0,119,,79506,2,,,0,946,,79507,2,,,0,119,,79508,2,,,0
1100,'7_5',640,,80877,2,,,0,119,,80878,2,,,0,946,,80879,2,,,0,119,,80880,2,,,0
