900,'0_4',659,,97206,12,,,0,68,,97207,12,,,0,81,,97211,18,,,0,21,,97212,9,,,0,4,,97213,19,,,0,84,,97208,12,,,0,89,,97214,19,,,0,147,,97216,15,,,0,105,,97217,15,,,0,70,,97209,12,,,0,131,,97220,20,,,0,84,,97218,15,,,0,110,,97219,15,,,0,72,,97210,12,,,0,129,,97221,20,,,0
900,'0_5',659,,97225,12,,,0,68,,97226,12,,,0,81,,97230,18,,,0,21,,97231,9,,,0,4,,97232,19,,,0,84,,97227,12,,,0,89,,97233,19,,,0,147,,97235,15,,,0,105,,97236,15,,,0,70,,97228,12,,,0,131,,97239,20,,,0,84,,97237,15,,,0,110,,97238,15,,,0,72,,97229,12,,,0,129,,97240,20,,,0
900,'1_3',659,,97244,12,,,0,68,,97245,12,,,0,81,,97249,18,,,0,21,,97250,9,,,0,4,,97251,19,,,0,84,,97246,12,,,0,89,,97252,19,,,0,147,,97254,15,,,0,105,,97255,15,,,0,70,,97247,12,,,0,131,,97258,20,,,0,84,,97256,15,,,0,110,,97257,15,,,0,72,,97248,12,,,0,129,,97259,20,,,0
900,'2_6',709,,97264,15,,,0,99,,97265,15,,,0,314,,97266,15,,,0,324,,97267,15,,,0,89,,97262,9,,,0,99,,97273,9,,,0,175,,97268,16,,,0,93,,97269,15,,,0
900,'4_1',659,,97275,12,,,0,68,,97276,12,,,0,81,,97280,18,,,0,21,,97281,9,,,0,4,,97282,19,,,0,84,,97277,12,,,0,89,,97283,19,,,0,147,,97285,15,,,0,105,,97286,15,,,0,70,,97278,12,,,0,131,,97289,20,,,0,84,,97287,15,,,0,110,,97288,15,,,0,72,,97279,12,,,0,129,,97290,20,,,0
900,'4_2',659,,97294,12,,,0,68,,97295,12,,,0,81,,97299,18,,,0,21,,97300,9,,,0,4,,97301,19,,,0,84,,97296,12,,,0,89,,97302,19,,,0,147,,97304,15,,,0,105,,97305,15,,,0,70,,97297,12,,,0,131,,97308,20,,,0,84,,97306,15,,,0,110,,97307,15,,,0,72,,97298,12,,,0,129,,97309,20,,,0
900,'4_4',659,,97313,12,,,0,68,,97314,12,,,0,81,,97318,18,,,0,21,,97319,9,,,0,4,,97320,19,,,0,84,,97315,12,,,0,89,,97321,19,,,0,147,,97323,15,,,0,105,,97324,15,,,0,70,,97316,12,,,0,131,,97327,20,,,0,84,,97325,15,,,0,110,,97326,15,,,0,72,,97317,12,,,0,129,,97328,20,,,0
900,'4_5',659,,97332,12,,,0,68,,97333,12,,,0,81,,97337,18,,,0,21,,97338,9,,,0,4,,97339,19,,,0,84,,97334,12,,,0,89,,97340,19,,,0,147,,97342,15,,,0,105,,97343,15,,,0,70,,97335,12,,,0,131,,97346,20,,,0,84,,97344,15,,,0,110,,97345,15,,,0,72,,97336,12,,,0,129,,97347,20,,,0
1000,'0_4',931,,97489,34,0,18 30,0,25,,97477,28,,,0,161,,97480,34,0,18 30,0,87,,97481,34,0,18 30,0,37,,97482,34,0,18 30,0,80,,97483,34,0,18 30,0,99,,97484,34,0,18 30,0,80,,97486,34,,,0,30,,97487,34,,,0,96,,97488,34,,,0,23,,97478,28,,,0,187,,97479,28,,,0,164,,97485,34,0,18 30,0
1000,'0_5',931,,97504,34,0,18 30,0,25,,97492,28,,,0,161,,97495,34,0,18 30,0,87,,97496,34,0,18 30,0,37,,97497,34,0,18 30,0,80,,97498,34,0,18 30,0,99,,97499,34,0,18 30,0,80,,97501,34,,,0,30,,97502,34,,,0,96,,97503,34,,,0,23,,97493,28,,,0,187,,97494,28,,,0,164,,97500,34,0,18 30,0
1000,'1_3',931,,97519,34,0,18 30,0,25,,97507,28,,,0,161,,97510,34,0,18 30,0,87,,97511,34,0,18 30,0,37,,97512,34,0,18 30,0,80,,97513,34,0,18 30,0,99,,97514,34,0,18 30,0,80,,97516,34,,,0,30,,97517,34,,,0,96,,97518,34,,,0,23,,97508,28,,,0,187,,97509,28,,,0,164,,97515,34,0,18 30,0
1000,'2_6',702,,97520,28,,,0,55,,97521,28,,,0,171,,97527,34,0,18 30,0,27,,97522,28,,,0,158,,97528,34,0,18 30,0,101,,97529,34,0,18 30,0,100,,97530,34,0,18 30,0,102,,97531,34,0,18 30,0,92,,97525,34,,,0,115,,97526,34,,,0,29,,97523,28,,,0,186,,97524,28,,,0,121,,97532,34,0,18 30,0
1000,'4_1',931,,97547,34,0,18 30,0,25,,97535,28,,,0,161,,97538,34,0,18 30,0,87,,97539,34,0,18 30,0,37,,97540,34,0,18 30,0,80,,97541,34,0,18 30,0,99,,97542,34,0,18 30,0,80,,97544,34,,,0,30,,97545,34,,,0,96,,97546,34,,,0,23,,97536,28,,,0,187,,97537,28,,,0,164,,97543,34,0,18 30,0
1000,'4_2',931,,97562,34,0,18 30,0,25,,97550,28,,,0,161,,97553,34,0,18 30,0,87,,97554,34,0,18 30,0,37,,97555,34,0,18 30,0,80,,97556,34,0,18 30,0,99,,97557,34,0,18 30,0,80,,97559,34,,,0,30,,97560,34,,,0,96,,97561,34,,,0,23,,97551,28,,,0,187,,97552,28,,,0,164,,97558,34,0,18 30,0
1000,'4_4',931,,97577,34,0,18 30,0,25,,97565,28,,,0,161,,97568,34,0,18 30,0,87,,97569,34,0,18 30,0,37,,97570,34,0,18 30,0,80,,97571,34,0,18 30,0,99,,97572,34,0,18 30,0,80,,97574,34,,,0,30,,97575,34,,,0,96,,97576,34,,,0,23,,97566,28,,,0,187,,97567,28,,,0,164,,97573,34,0,18 30,0
1000,'4_5',931,,97592,34,0,18 30,0,25,,97580,28,,,0,161,,97583,34,0,18 30,0,87,,97584,34,0,18 30,0,37,,97585,34,0,18 30,0,80,,97586,34,0,18 30,0,99,,97587,34,0,18 30,0,80,,97589,34,,,0,30,,97590,34,,,0,96,,97591,34,,,0,23,,97581,28,,,0,187,,97582,28,,,0,164,,97588,34,0,18 30,0
1100,'0_4',709,,97703,17,,,0,128,,97704,20,,,0,922,,97705,20,,,0,151,,97706,20,,,0
1100,'0_5',709,,97707,17,,,0,128,,97708,20,,,0,922,,97709,20,,,0,151,,97710,20,,,0
1100,'1_3',709,,97711,17,,,0,128,,97712,20,,,0,922,,97713,20,,,0,151,,97714,20,,,0
1100,'2_6',709,,97715,17,,,0,128,,97716,20,,,0,905,,97717,20,,,0,159,,97718,20,,,0
1100,'4_1',709,,97719,17,,,0,128,,97720,20,,,0,922,,97721,20,,,0,151,,97722,20,,,0
1100,'4_2',709,,97723,17,,,0,128,,97724,20,,,0,922,,97725,20,,,0,151,,97726,20,,,0
1100,'4_4',709,,97727,17,,,0,128,,97728,20,,,0,922,,97729,20,,,0,151,,97730,20,,,0
1100,'4_5',709,,97731,17,,,0,128,,97732,20,,,0,922,,97733,20,,,0,151,,97734,20,,,0
1900,'0_4',727,,98319,15,,,0,105,,98323,15,,,0,974,,98320,15,,,0
1900,'0_5',727,,98327,15,,,0,105,,98331,15,,,0,974,,98328,15,,,0
1900,'1_3',727,,98335,15,,,0,105,,98340,15,,,0,582,,98339,15,,,0,392,,98336,15,,,0
1900,'4_1',727,,98344,15,,,0,105,,98348,15,,,0,974,,98345,15,,,0
1900,'4_2',727,,98352,15,,,0,105,,98356,15,,,0,974,,98353,15,,,0
1900,'4_4',727,,98360,15,,,0,105,,98364,15,,,0,974,,98361,15,,,0
1900,'4_5',727,,98368,15,,,0,105,,98372,15,,,0,974,,98369,15,,,0
1000000,'0_4',534,,100029,3,0,31 33,0,20,,100030,3,0,31 33,0,59,,100111,3,0,31 33,0,18,,100112,3,,,0,14,,100114,3,,,0,10,,100110,3,,,0,48,,100063,3,,,0,8,,100064,3,,,0,11,,100065,3,,,0,11,,100066,3,,,0,10,,100067,3,,,0,11,,100068,3,,,0,50,,100069,3,,,0,10,,100070,3,,,0,9,,100113,3,,,0,9,,100031,3,0,31 33,0,9,,100032,3,,,0,10,,100033,3,0,31 33,0,50,,100034,3,,,0,11,,100035,3,0,31 33,0,9,,100071,3,,,0,11,,100036,3,0,31 33,0,11,,100037,3,,,0,11,,100038,3,0,31 33,0,51,,100039,3,,,0,11,,100040,3,0,31 33,0,10,,100041,3,,,0,11,,100043,3,0,31 33,0,10,,100042,3,,,0,11,,100073,3,0,31 33,0,51,,100072,3,,,0,11,,100074,3,0,31 33,0,11,,100075,3,,,0,10,,100076,3,0,31 33,0,10,,100077,3,,,0,50,,100078,3,0,31 33,0,12,,100079,3,,,0,11,,100080,3,0,31 33,0,10,,100081,3,,,0,10,,100082,3,0,31 33,0,10,,100083,3,,,0,49,,100084,3,0,31 33,0,10,,100085,3,,,0,10,,100044,3,0,31 33,0,11,,100045,3,,,0,9,,100086,3,0,31 33,0,10,,100046,3,,,0,49,,100047,3,0,31 33,0,11,,100048,3,,,0,10,,100087,3,0,31 33,0,11,,100049,3,,,0,9,,100050,3,0,31 33,0,10,,100051,3,,,0,50,,100052,3,0,31 33,0,11,,100088,3,,,0,11,,100089,3,,,0,9,,100090,3,,,0,10,,100091,3,,,0,9,,100092,3,,,0,51,,100093,3,,,0,10,,100094,3,,,0,11,,100095,3,,,0,9,,100096,3,,,0,9,,100097,3,,,0,9,,100098,3,,,0,50,,100099,3,,,0,10,,100100,3,,,0,10,,100101,3,,,0,10,,100102,3,,,0,10,,100103,3,,,0,10,,100104,3,0,31 33,0,51,,100105,3,,,0,9,,100109,3,0,31 33,0,10,,100053,3,0,31 33,0,11,,100106,3,,,0,10,,100054,3,0,31 33,0,10,,100107,3,,,0,49,,100055,3,0,31 33,0,19,,100056,3,0,31 33,0,19,,100057,3,0,31 33,0,18,,100058,3,0,31 33,0,61,,100059,3,0,31 33,0,21,,100060,3,0,31 33,0,61,,100061,3,0,31 33,0,21,,100062,3,0,31 33,0
1000000,'0_5',534,,100115,3,0,31 33,0,20,,100116,3,0,31 33,0,59,,100197,3,0,31 33,0,18,,100198,3,,,0,14,,100200,3,,,0,10,,100196,3,,,0,48,,100149,3,,,0,8,,100150,3,,,0,11,,100151,3,,,0,11,,100152,3,,,0,10,,100153,3,,,0,11,,100154,3,,,0,50,,100155,3,,,0,10,,100156,3,,,0,9,,100199,3,,,0,9,,100117,3,0,31 33,0,9,,100118,3,,,0,10,,100119,3,0,31 33,0,50,,100120,3,,,0,11,,100121,3,0,31 33,0,9,,100157,3,,,0,11,,100122,3,0,31 33,0,11,,100123,3,,,0,11,,100124,3,0,31 33,0,51,,100125,3,,,0,11,,100126,3,0,31 33,0,10,,100127,3,,,0,11,,100129,3,0,31 33,0,10,,100128,3,,,0,11,,100159,3,0,31 33,0,51,,100158,3,,,0,11,,100160,3,0,31 33,0,11,,100161,3,,,0,10,,100162,3,0,31 33,0,10,,100163,3,,,0,50,,100164,3,0,31 33,0,12,,100165,3,,,0,11,,100166,3,0,31 33,0,10,,100167,3,,,0,10,,100168,3,0,31 33,0,10,,100169,3,,,0,49,,100170,3,0,31 33,0,10,,100171,3,,,0,10,,100130,3,0,31 33,0,11,,100131,3,,,0,9,,100172,3,0,31 33,0,10,,100132,3,,,0,49,,100133,3,0,31 33,0,11,,100134,3,,,0,10,,100173,3,0,31 33,0,11,,100135,3,,,0,9,,100136,3,0,31 33,0,10,,100137,3,,,0,50,,100138,3,0,31 33,0,11,,100174,3,,,0,11,,100175,3,,,0,9,,100176,3,,,0,10,,100177,3,,,0,9,,100178,3,,,0,51,,100179,3,,,0,10,,100180,3,,,0,11,,100181,3,,,0,9,,100182,3,,,0,9,,100183,3,,,0,9,,100184,3,,,0,50,,100185,3,,,0,10,,100186,3,,,0,10,,100187,3,,,0,10,,100188,3,,,0,10,,100189,3,,,0,10,,100190,3,0,31 33,0,51,,100191,3,,,0,9,,100195,3,0,31 33,0,10,,100139,3,0,31 33,0,11,,100192,3,,,0,10,,100140,3,0,31 33,0,10,,100193,3,,,0,49,,100141,3,0,31 33,0,19,,100142,3,0,31 33,0,19,,100143,3,0,31 33,0,18,,100144,3,0,31 33,0,61,,100145,3,0,31 33,0,21,,100146,3,0,31 33,0,61,,100147,3,0,31 33,0,21,,100148,3,0,31 33,0
1000000,'1_3',534,,100201,3,0,31 33,0,20,,100202,3,0,31 33,0,59,,100283,3,0,31 33,0,18,,100284,3,,,0,14,,100286,3,,,0,10,,100282,3,,,0,48,,100235,3,,,0,8,,100236,3,,,0,11,,100237,3,,,0,11,,100238,3,,,0,10,,100239,3,,,0,11,,100240,3,,,0,50,,100241,3,,,0,10,,100242,3,,,0,9,,100285,3,,,0,9,,100203,3,0,31 33,0,9,,100204,3,,,0,10,,100205,3,0,31 33,0,50,,100206,3,,,0,11,,100207,3,0,31 33,0,9,,100243,3,,,0,11,,100208,3,0,31 33,0,11,,100209,3,,,0,11,,100210,3,0,31 33,0,51,,100211,3,,,0,11,,100212,3,0,31 33,0,10,,100213,3,,,0,11,,100215,3,0,31 33,0,10,,100214,3,,,0,11,,100245,3,0,31 33,0,51,,100244,3,,,0,11,,100246,3,0,31 33,0,11,,100247,3,,,0,10,,100248,3,0,31 33,0,10,,100249,3,,,0,50,,100250,3,0,31 33,0,12,,100251,3,,,0,11,,100252,3,0,31 33,0,10,,100253,3,,,0,10,,100254,3,0,31 33,0,10,,100255,3,,,0,49,,100256,3,0,31 33,0,10,,100257,3,,,0,10,,100216,3,0,31 33,0,11,,100217,3,,,0,9,,100258,3,0,31 33,0,10,,100218,3,,,0,49,,100219,3,0,31 33,0,11,,100220,3,,,0,10,,100259,3,0,31 33,0,11,,100221,3,,,0,9,,100222,3,0,31 33,0,10,,100223,3,,,0,50,,100224,3,0,31 33,0,11,,100260,3,,,0,11,,100261,3,,,0,9,,100262,3,,,0,10,,100263,3,,,0,9,,100264,3,,,0,51,,100265,3,,,0,10,,100266,3,,,0,11,,100267,3,,,0,9,,100268,3,,,0,9,,100269,3,,,0,9,,100270,3,,,0,50,,100271,3,,,0,10,,100272,3,,,0,10,,100273,3,,,0,10,,100274,3,,,0,10,,100275,3,,,0,10,,100276,3,0,31 33,0,51,,100277,3,,,0,9,,100281,3,0,31 33,0,10,,100225,3,0,31 33,0,11,,100278,3,,,0,10,,100226,3,0,31 33,0,10,,100279,3,,,0,49,,100227,3,0,31 33,0,19,,100228,3,0,31 33,0,19,,100229,3,0,31 33,0,18,,100230,3,0,31 33,0,61,,100231,3,0,31 33,0,21,,100232,3,0,31 33,0,61,,100233,3,0,31 33,0,21,,100234,3,0,31 33,0
1000000,'2_6',531,,100287,3,0,31 33,0,79,,100288,3,0,31 33,0,41,,100289,3,,,0,80,,100290,3,,,0,69,,100291,3,0,31 33,0,15,,100292,3,,,0,16,,100293,3,0,31 33,0,15,,100294,3,0,31 33,0,13,,100295,3,,,0,55,,100296,3,0,31 33,0,15,,100354,3,0,31 33,0,16,,100297,3,,,0,56,,100298,3,0,31 33,0,16,,100299,3,0,31 33,0,14,,100300,3,,,0,16,,100301,3,0,31 33,0,55,,100302,3,0,31 33,0,16,,100303,3,,,0,15,,100304,3,0,31 33,0,15,,100305,3,0,31 33,0,56,,100306,3,,,0,14,,100307,3,0,31 33,0,16,,100308,3,0,31 33,0,15,,100309,3,,,0,54,,100310,3,0,31 33,0,9,,100311,3,0,31 33,0,11,,100312,3,,,0,12,,100313,3,0,31 33,0,10,,100314,3,0,31 33,0,9,,100315,3,0,31 33,0,49,,100316,3,,,0,10,,100317,3,0,31 33,0,11,,100318,3,0,31 33,0,10,,100319,3,0,31 33,0,10,,100320,3,,,0,12,,100321,3,0,31 33,0,49,,100322,3,0,31 33,0,9,,100323,3,0,31 33,0,10,,100324,3,,,0,11,,100325,3,0,31 33,0,10,,100326,3,0,31 33,0,10,,100327,3,0,31 33,0,51,,100328,3,,,0,11,,100329,3,0,31 33,0,9,,100330,3,0,31 33,0,10,,100331,3,0,31 33,0,11,,100332,3,,,0,53,,100333,3,0,31 33,0,9,,100334,3,0,31 33,0,9,,100335,3,0,31 33,0,10,,100336,3,,,0,9,,100337,3,0,31 33,0,9,,100338,3,0,31 33,0,10,,100339,3,0,31 33,0,49,,100341,3,0,31 33,0,10,,100340,3,,,0,9,,100342,3,0,31 33,0,9,,100343,3,0,31 33,0,9,,100345,3,0,31 33,0,10,,100344,3,0,31 33,0,51,,100346,3,0,31 33,0,21,,100347,3,0,31 33,0,17,,100348,3,0,31 33,0,60,,100349,3,0,31 33,0,20,,100350,3,0,31 33,0,20,,100351,3,0,31 33,0,60,,100352,3,0,31 33,0,20,,100353,3,0,31 33,0
1000000,'3_7',801,,100355,3,0,31 33,0,40,,100356,3,0,31 33,0,80,,100357,3,0,31 33,0,80,,100358,3,0,31 33,0,40,,100359,3,0,31 33,0,80,,100360,3,0,31 33,0,80,,100361,3,0,31 33,0,40,,100362,3,0,31 33,0,80,,100363,3,0,31 33,0,80,,100364,3,0,31 33,0,40,,100365,3,0,31 33,0,80,,100366,3,0,31 33,0,80,,100367,3,0,31 33,0,40,,100368,3,0,31 33,0,80,,100369,3,0,31 33,0,80,,100370,3,0,31 33,0,40,,100371,3,0,31 33,0,80,,100372,3,0,31 33,0
1000000,'4_1',534,,100373,3,0,31 33,0,20,,100374,3,0,31 33,0,59,,100455,3,0,31 33,0,18,,100456,3,,,0,14,,100458,3,,,0,10,,100454,3,,,0,48,,100407,3,,,0,8,,100408,3,,,0,11,,100409,3,,,0,11,,100410,3,,,0,10,,100411,3,,,0,11,,100412,3,,,0,50,,100413,3,,,0,10,,100414,3,,,0,9,,100457,3,,,0,9,,100375,3,0,31 33,0,9,,100376,3,,,0,10,,100377,3,0,31 33,0,50,,100378,3,,,0,11,,100379,3,0,31 33,0,9,,100415,3,,,0,11,,100380,3,0,31 33,0,11,,100381,3,,,0,11,,100382,3,0,31 33,0,51,,100383,3,,,0,11,,100384,3,0,31 33,0,10,,100385,3,,,0,11,,100387,3,0,31 33,0,10,,100386,3,,,0,11,,100417,3,0,31 33,0,51,,100416,3,,,0,11,,100418,3,0,31 33,0,11,,100419,3,,,0,10,,100420,3,0,31 33,0,10,,100421,3,,,0,50,,100422,3,0,31 33,0,12,,100423,3,,,0,11,,100424,3,0,31 33,0,10,,100425,3,,,0,10,,100426,3,0,31 33,0,10,,100427,3,,,0,49,,100428,3,0,31 33,0,10,,100429,3,,,0,10,,100388,3,0,31 33,0,11,,100389,3,,,0,9,,100430,3,0,31 33,0,10,,100390,3,,,0,49,,100391,3,0,31 33,0,11,,100392,3,,,0,10,,100431,3,0,31 33,0,11,,100393,3,,,0,9,,100394,3,0,31 33,0,10,,100395,3,,,0,50,,100396,3,0,31 33,0,11,,100432,3,,,0,11,,100433,3,,,0,9,,100434,3,,,0,10,,100435,3,,,0,9,,100436,3,,,0,51,,100437,3,,,0,10,,100438,3,,,0,11,,100439,3,,,0,9,,100440,3,,,0,9,,100441,3,,,0,9,,100442,3,,,0,50,,100443,3,,,0,10,,100444,3,,,0,10,,100445,3,,,0,10,,100446,3,,,0,10,,100447,3,,,0,10,,100448,3,0,31 33,0,51,,100449,3,,,0,9,,100453,3,0,31 33,0,10,,100397,3,0,31 33,0,11,,100450,3,,,0,10,,100398,3,0,31 33,0,10,,100451,3,,,0,49,,100399,3,0,31 33,0,19,,100400,3,0,31 33,0,19,,100401,3,0,31 33,0,18,,100402,3,0,31 33,0,61,,100403,3,0,31 33,0,21,,100404,3,0,31 33,0,61,,100405,3,0,31 33,0,21,,100406,3,0,31 33,0
1000000,'4_2',534,,100459,3,0,31 33,0,20,,100460,3,0,31 33,0,59,,100541,3,0,31 33,0,18,,100542,3,,,0,14,,100544,3,,,0,10,,100540,3,,,0,48,,100493,3,,,0,8,,100494,3,,,0,11,,100495,3,,,0,11,,100496,3,,,0,10,,100497,3,,,0,11,,100498,3,,,0,50,,100499,3,,,0,10,,100500,3,,,0,9,,100543,3,,,0,9,,100461,3,0,31 33,0,9,,100462,3,,,0,10,,100463,3,0,31 33,0,50,,100464,3,,,0,11,,100465,3,0,31 33,0,9,,100501,3,,,0,11,,100466,3,0,31 33,0,11,,100467,3,,,0,11,,100468,3,0,31 33,0,51,,100469,3,,,0,11,,100470,3,0,31 33,0,10,,100471,3,,,0,11,,100473,3,0,31 33,0,10,,100472,3,,,0,11,,100503,3,0,31 33,0,51,,100502,3,,,0,11,,100504,3,0,31 33,0,11,,100505,3,,,0,10,,100506,3,0,31 33,0,10,,100507,3,,,0,50,,100508,3,0,31 33,0,12,,100509,3,,,0,11,,100510,3,0,31 33,0,10,,100511,3,,,0,10,,100512,3,0,31 33,0,10,,100513,3,,,0,49,,100514,3,0,31 33,0,10,,100515,3,,,0,10,,100474,3,0,31 33,0,11,,100475,3,,,0,9,,100516,3,0,31 33,0,10,,100476,3,,,0,49,,100477,3,0,31 33,0,11,,100478,3,,,0,10,,100517,3,0,31 33,0,11,,100479,3,,,0,9,,100480,3,0,31 33,0,10,,100481,3,,,0,50,,100482,3,0,31 33,0,11,,100518,3,,,0,11,,100519,3,,,0,9,,100520,3,,,0,10,,100521,3,,,0,9,,100522,3,,,0,51,,100523,3,,,0,10,,100524,3,,,0,11,,100525,3,,,0,9,,100526,3,,,0,9,,100527,3,,,0,9,,100528,3,,,0,50,,100529,3,,,0,10,,100530,3,,,0,10,,100531,3,,,0,10,,100532,3,,,0,10,,100533,3,,,0,10,,100534,3,0,31 33,0,51,,100535,3,,,0,9,,100539,3,0,31 33,0,10,,100483,3,0,31 33,0,11,,100536,3,,,0,10,,100484,3,0,31 33,0,10,,100537,3,,,0,49,,100485,3,0,31 33,0,19,,100486,3,0,31 33,0,19,,100487,3,0,31 33,0,18,,100488,3,0,31 33,0,61,,100489,3,0,31 33,0,21,,100490,3,0,31 33,0,61,,100491,3,0,31 33,0,21,,100492,3,0,31 33,0
1000000,'4_4',534,,100545,3,0,31 33,0,20,,100546,3,0,31 33,0,59,,100627,3,0,31 33,0,18,,100628,3,,,0,14,,100630,3,,,0,10,,100626,3,,,0,48,,100579,3,,,0,8,,100580,3,,,0,11,,100581,3,,,0,11,,100582,3,,,0,10,,100583,3,,,0,11,,100584,3,,,0,50,,100585,3,,,0,10,,100586,3,,,0,9,,100629,3,,,0,9,,100547,3,0,31 33,0,9,,100548,3,,,0,10,,100549,3,0,31 33,0,50,,100550,3,,,0,11,,100551,3,0,31 33,0,9,,100587,3,,,0,11,,100552,3,0,31 33,0,11,,100553,3,,,0,11,,100554,3,0,31 33,0,51,,100555,3,,,0,11,,100556,3,0,31 33,0,10,,100557,3,,,0,11,,100559,3,0,31 33,0,10,,100558,3,,,0,11,,100589,3,0,31 33,0,51,,100588,3,,,0,11,,100590,3,0,31 33,0,11,,100591,3,,,0,10,,100592,3,0,31 33,0,10,,100593,3,,,0,50,,100594,3,0,31 33,0,12,,100595,3,,,0,11,,100596,3,0,31 33,0,10,,100597,3,,,0,10,,100598,3,0,31 33,0,10,,100599,3,,,0,49,,100600,3,0,31 33,0,10,,100601,3,,,0,10,,100560,3,0,31 33,0,11,,100561,3,,,0,9,,100602,3,0,31 33,0,10,,100562,3,,,0,49,,100563,3,0,31 33,0,11,,100564,3,,,0,10,,100603,3,0,31 33,0,11,,100565,3,,,0,9,,100566,3,0,31 33,0,10,,100567,3,,,0,50,,100568,3,0,31 33,0,11,,100604,3,,,0,11,,100605,3,,,0,9,,100606,3,,,0,10,,100607,3,,,0,9,,100608,3,,,0,51,,100609,3,,,0,10,,100610,3,,,0,11,,100611,3,,,0,9,,100612,3,,,0,9,,100613,3,,,0,9,,100614,3,,,0,50,,100615,3,,,0,10,,100616,3,,,0,10,,100617,3,,,0,10,,100618,3,,,0,10,,100619,3,,,0,10,,100620,3,0,31 33,0,51,,100621,3,,,0,9,,100625,3,0,31 33,0,10,,100569,3,0,31 33,0,11,,100622,3,,,0,10,,100570,3,0,31 33,0,10,,100623,3,,,0,49,,100571,3,0,31 33,0,19,,100572,3,0,31 33,0,19,,100573,3,0,31 33,0,18,,100574,3,0,31 33,0,61,,100575,3,0,31 33,0,21,,100576,3,0,31 33,0,61,,100577,3,0,31 33,0,21,,100578,3,0,31 33,0
1000000,'4_5',534,,100631,3,0,31 33,0,20,,100632,3,0,31 33,0,59,,100713,3,0,31 33,0,18,,100714,3,,,0,14,,100716,3,,,0,10,,100712,3,,,0,48,,100665,3,,,0,8,,100666,3,,,0,11,,100667,3,,,0,11,,100668,3,,,0,10,,100669,3,,,0,11,,100670,3,,,0,50,,100671,3,,,0,10,,100672,3,,,0,9,,100715,3,,,0,9,,100633,3,0,31 33,0,9,,100634,3,,,0,10,,100635,3,0,31 33,0,50,,100636,3,,,0,11,,100637,3,0,31 33,0,9,,100673,3,,,0,11,,100638,3,0,31 33,0,11,,100639,3,,,0,11,,100640,3,0,31 33,0,51,,100641,3,,,0,11,,100642,3,0,31 33,0,10,,100643,3,,,0,11,,100645,3,0,31 33,0,10,,100644,3,,,0,11,,100675,3,0,31 33,0,51,,100674,3,,,0,11,,100676,3,0,31 33,0,11,,100677,3,,,0,10,,100678,3,0,31 33,0,10,,100679,3,,,0,50,,100680,3,0,31 33,0,12,,100681,3,,,0,11,,100682,3,0,31 33,0,10,,100683,3,,,0,10,,100684,3,0,31 33,0,10,,100685,3,,,0,49,,100686,3,0,31 33,0,10,,100687,3,,,0,10,,100646,3,0,31 33,0,11,,100647,3,,,0,9,,100688,3,0,31 33,0,10,,100648,3,,,0,49,,100649,3,0,31 33,0,11,,100650,3,,,0,10,,100689,3,0,31 33,0,11,,100651,3,,,0,9,,100652,3,0,31 33,0,10,,100653,3,,,0,50,,100654,3,0,31 33,0,11,,100690,3,,,0,11,,100691,3,,,0,9,,100692,3,,,0,10,,100693,3,,,0,9,,100694,3,,,0,51,,100695,3,,,0,10,,100696,3,,,0,11,,100697,3,,,0,9,,100698,3,,,0,9,,100699,3,,,0,9,,100700,3,,,0,50,,100701,3,,,0,10,,100702,3,,,0,10,,100703,3,,,0,10,,100704,3,,,0,10,,100705,3,,,0,10,,100706,3,0,31 33,0,51,,100707,3,,,0,9,,100711,3,0,31 33,0,10,,100655,3,0,31 33,0,11,,100708,3,,,0,10,,100656,3,0,31 33,0,10,,100709,3,,,0,49,,100657,3,0,31 33,0,19,,100658,3,0,31 33,0,19,,100659,3,0,31 33,0,18,,100660,3,0,31 33,0,61,,100661,3,0,31 33,0,21,,100662,3,0,31 33,0,61,,100663,3,0,31 33,0,21,,100664,3,0,31 33,0
1000000,'5_7',801,,100717,3,0,31 33,0,40,,100718,3,0,31 33,0,80,,100719,3,0,31 33,0,80,,100720,3,0,31 33,0,40,,100721,3,0,31 33,0,80,,100722,3,0,31 33,0,80,,100723,3,0,31 33,0,40,,100724,3,0,31 33,0,80,,100725,3,0,31 33,0,80,,100726,3,0,31 33,0,40,,100727,3,0,31 33,0,80,,100728,3,0,31 33,0,80,,100729,3,0,31 33,0,40,,100730,3,0,31 33,0,80,,100731,3,0,31 33,0,80,,100732,3,0,31 33,0,40,,100733,3,0,31 33,0,80,,100734,3,0,31 33,0
