1001,'0_6',657,,66890,3,0,61 65,0,94,,66900,3,,,0,152,,66891,3,0,61 65,0,105,,66901,3,,,0,143,,66902,3,,,0,87,,66897,3,0,61 65,0,97,,66892,3,0,61 65,0,95,,66903,3,,,0,111,,66893,3,0,61 65,0,95,,66894,3,0,61 65,0,108,,66904,3,,,0,92,,66898,3,0,61 65,0,111,,66899,3,0,61 65,0,90,,66895,3,0,61 65,0,100,,66896,3,0,61 65,0
1001,'1_7',919,,66905,3,,,0,320,,66906,3,,,0,410,,66907,3,,,0,310,,66908,3,0,61 65,0
1001,'7_1',747,,80849,3,,,0,108,,80850,3,0,61 65,0,97,,80856,1,,,0,153,,80851,3,0,61 65,0,101,,80857,1,0,61 65,0,94,,80854,1,,,0,109,,80858,3,0,61 65,0,50,,80855,1,,,0,169,,80859,3,0,61 65,0,121,,80860,3,,,0,94,,80852,3,0,61 65,0,99,,80853,3,0,61 65,0
1001,'7_2',747,,82770,3,,,0,108,,82771,3,0,61 65,0,97,,82777,1,,,0,153,,82772,3,0,61 65,0,101,,82778,1,0,61 65,0,94,,82775,1,,,0,109,,82779,3,0,61 65,0,50,,82776,1,,,0,169,,82780,3,0,61 65,0,121,,82781,3,,,0,94,,82773,3,0,61 65,0,99,,82774,3,0,61 65,0
1001,'7_3',747,,82782,3,,,0,108,,82783,3,0,61 65,0,97,,82789,1,,,0,153,,82784,3,0,61 65,0,101,,82790,1,0,61 65,0,94,,82787,1,,,0,109,,82791,3,0,61 65,0,50,,82788,1,,,0,169,,82792,3,0,61 65,0,121,,82793,3,,,0,94,,82785,3,0,61 65,0,99,,82786,3,0,61 65,0
1001,'7_4',747,,79493,3,,,0,108,,79494,3,0,61 65,0,97,,79500,1,,,0,153,,79495,3,0,61 65,0,101,,79501,1,0,61 65,0,94,,79498,1,,,0,109,,79502,3,0,61 65,0,50,,79499,1,,,0,169,,79503,3,0,61 65,0,121,,79504,3,,,0,94,,79496,3,0,61 65,0,99,,79497,3,0,61 65,0
1001,'7_5',747,,80861,3,,,0,108,,80862,3,0,61 65,0,97,,80868,1,,,0,153,,80863,3,0,61 65,0,101,,80869,1,0,61 65,0,94,,80866,1,,,0,109,,80870,3,0,61 65,0,50,,80867,1,,,0,169,,80871,3,0,61 65,0,121,,80872,3,,,0,94,,80864,3,0,61 65,0,99,,80865,3,0,61 65,0
1001,'8_7',919,,84063,3,,,0,320,,84064,3,,,0,410,,84065,3,,,0,310,,84066,3,0,61 65,0
1000001,'0_6',552,,69463,19,,,0,79,,69464,19,,,0,83,,69465,19,,,0,44,,69466,25,,,0,55,,69472,19,,,0,15,,69473,19,,,0,14,,69474,25,,,0,15,,69475,19,,,0,55,,69476,19,,,0,16,,69477,25,,,0,16,,69478,19,,,0,15,,69479,19,,,0,55,,69480,25,,,0,16,,69481,19,,,0,16,,69482,19,,,0,56,,69483,25,,,0,15,,69484,19,,,0,16,,69485,25,,,0,15,,69486,19,,,0,56,,69487,19,,,0,16,,69488,25,,,0,14,,69489,19,,,0,16,,69490,19,,,0,55,,69491,25,,,0,15,,69492,19,,,0,15,,69493,19,,,0,16,,69494,25,,,0,56,,69495,19,,,0,15,,69496,25,,,0,16,,69497,19,,,0,16,,69498,19,,,0,56,,69499,25,,,0,16,,69500,19,,,0,16,,69501,19,,,0,16,,69502,25,,,0,56,,69503,19,,,0,16,,69504,19,,,0,16,,69505,25,,,0,57,,69506,19,,,0,16,,69507,25,,,0,16,,69508,19,,,0,15,,69509,19,,,0,55,,69510,25,,,0,16,,69512,19,,,0,15,,69514,19,,,0,15,,69513,25,,,0,55,,69511,19,,,0,16,,69471,25,,,0,20,,69470,19,,,0,60,,69468,19,,,0,21,,69461,19,,,0,18,,69459,19,,,0,59,,69462,19,,,0,20,,69469,19,,,0,20,,69467,19,,,0,60,,69460,19,,,0
1000001,'1_7',822,,69515,19,,,0,80,,69516,19,,,0,40,,69517,19,,,0,80,,69518,19,,,0,80,,69519,19,,,0,40,,69520,19,,,0,80,,69521,19,,,0,80,,69522,19,,,0,40,,69523,19,,,0,80,,69524,19,,,0,80,,69525,19,,,0,40,,69526,19,,,0,80,,69527,19,,,0,80,,69528,19,,,0,40,,69529,19,,,0,80,,69530,19,,,0,80,,69531,19,,,0,40,,69532,19,,,0
1000001,'7_1',555,,81334,19,,,0,57,,81349,19,,,0,15,,81348,19,,,0,15,,81347,19,,,0,15,,81346,19,,,0,55,,81345,19,,,0,15,,81337,19,,,0,15,,81335,25,,,0,14,,81338,25,,,0,55,,81339,25,,,0,15,,81340,25,,,0,15,,81341,25,,,0,16,,81342,25,,,0,54,,81343,25,,,0,15,,81344,25,,,0,16,,81350,19,,,0,15,,81369,25,,,0,56,,81351,19,,,0,16,,81370,25,,,0,15,,81352,19,,,0,56,,81371,25,,,0,16,,81353,19,,,0,16,,81372,25,,,0,16,,81354,19,,,0,55,,81373,25,,,0,16,,81355,19,,,0,14,,81374,25,,,0,17,,81356,19,,,0,55,,81375,25,,,0,16,,81357,19,,,0,15,,81376,25,,,0,17,,81358,19,,,0,55,,81377,25,,,0,16,,81359,19,,,0,16,,81378,25,,,0,16,,81360,19,,,0,55,,81379,25,,,0,14,,81361,19,,,0,14,,81380,25,,,0,14,,81362,19,,,0,54,,81381,25,,,0,14,,81363,19,,,0,15,,81382,25,,,0,14,,81364,25,,,0,55,,81383,25,,,0,15,,81365,25,,,0,15,,81384,25,,,0,14,,81366,25,,,0,55,,81385,25,,,0,14,,81367,25,,,0,14,,81386,25,,,0,14,,81368,25,,,0,54,,81336,25,,,0,18,,81387,25,,,0,19,,81392,19,,,0,20,,81388,25,,,0,61,,81393,19,,,0,19,,81389,19,,,0,18,,81394,19,,,0,60,,81390,19,,,0,20,,81395,19,,,0,20,,81391,19,,,0
1000001,'7_2',555,,83254,19,,,0,57,,83269,19,,,0,15,,83268,19,,,0,15,,83267,19,,,0,15,,83266,19,,,0,55,,83265,19,,,0,15,,83257,19,,,0,15,,83255,25,,,0,14,,83258,25,,,0,55,,83259,25,,,0,15,,83260,25,,,0,15,,83261,25,,,0,16,,83262,25,,,0,54,,83263,25,,,0,15,,83264,25,,,0,16,,83270,19,,,0,15,,83289,25,,,0,56,,83271,19,,,0,16,,83290,25,,,0,15,,83272,19,,,0,56,,83291,25,,,0,16,,83273,19,,,0,16,,83292,25,,,0,16,,83274,19,,,0,55,,83293,25,,,0,16,,83275,19,,,0,14,,83294,25,,,0,17,,83276,19,,,0,55,,83295,25,,,0,16,,83277,19,,,0,15,,83296,25,,,0,17,,83278,19,,,0,55,,83297,25,,,0,16,,83279,19,,,0,16,,83298,25,,,0,16,,83280,19,,,0,55,,83299,25,,,0,14,,83281,19,,,0,14,,83300,25,,,0,14,,83282,19,,,0,54,,83301,25,,,0,14,,83283,19,,,0,15,,83302,25,,,0,14,,83284,25,,,0,55,,83303,25,,,0,15,,83285,25,,,0,15,,83304,25,,,0,14,,83286,25,,,0,55,,83305,25,,,0,14,,83287,25,,,0,14,,83306,25,,,0,14,,83288,25,,,0,54,,83256,25,,,0,18,,83307,25,,,0,19,,83312,19,,,0,20,,83308,25,,,0,61,,83313,19,,,0,19,,83309,19,,,0,18,,83314,19,,,0,60,,83310,19,,,0,20,,83315,19,,,0,20,,83311,19,,,0
1000001,'7_3',555,,83316,19,,,0,57,,83331,19,,,0,15,,83330,19,,,0,15,,83329,19,,,0,15,,83328,19,,,0,55,,83327,19,,,0,15,,83319,19,,,0,15,,83317,25,,,0,14,,83320,25,,,0,55,,83321,25,,,0,15,,83322,25,,,0,15,,83323,25,,,0,16,,83324,25,,,0,54,,83325,25,,,0,15,,83326,25,,,0,16,,83332,19,,,0,15,,83351,25,,,0,56,,83333,19,,,0,16,,83352,25,,,0,15,,83334,19,,,0,56,,83353,25,,,0,16,,83335,19,,,0,16,,83354,25,,,0,16,,83336,19,,,0,55,,83355,25,,,0,16,,83337,19,,,0,14,,83356,25,,,0,17,,83338,19,,,0,55,,83357,25,,,0,16,,83339,19,,,0,15,,83358,25,,,0,17,,83340,19,,,0,55,,83359,25,,,0,16,,83341,19,,,0,16,,83360,25,,,0,16,,83342,19,,,0,55,,83361,25,,,0,14,,83343,19,,,0,14,,83362,25,,,0,14,,83344,19,,,0,54,,83363,25,,,0,14,,83345,19,,,0,15,,83364,25,,,0,14,,83346,25,,,0,55,,83365,25,,,0,15,,83347,25,,,0,15,,83366,25,,,0,14,,83348,25,,,0,55,,83367,25,,,0,14,,83349,25,,,0,14,,83368,25,,,0,14,,83350,25,,,0,54,,83318,25,,,0,18,,83369,25,,,0,19,,83374,19,,,0,20,,83370,25,,,0,61,,83375,19,,,0,19,,83371,19,,,0,18,,83376,19,,,0,60,,83372,19,,,0,20,,83377,19,,,0,20,,83373,19,,,0
1000001,'7_4',555,,79735,19,,,0,57,,79750,19,,,0,15,,79749,19,,,0,15,,79748,19,,,0,15,,79747,19,,,0,55,,79746,19,,,0,15,,79738,19,,,0,15,,79736,25,,,0,14,,79739,25,,,0,55,,79740,25,,,0,15,,79741,25,,,0,15,,79742,25,,,0,16,,79743,25,,,0,54,,79744,25,,,0,15,,79745,25,,,0,16,,79751,19,,,0,15,,79770,25,,,0,56,,79752,19,,,0,16,,79771,25,,,0,15,,79753,19,,,0,56,,79772,25,,,0,16,,79754,19,,,0,16,,79773,25,,,0,16,,79755,19,,,0,55,,79774,25,,,0,16,,79756,19,,,0,14,,79775,25,,,0,17,,79757,19,,,0,55,,79776,25,,,0,16,,79758,19,,,0,15,,79777,25,,,0,17,,79759,19,,,0,55,,79778,25,,,0,16,,79760,19,,,0,16,,79779,25,,,0,16,,79761,19,,,0,55,,79780,25,,,0,14,,79762,19,,,0,14,,79781,25,,,0,14,,79763,19,,,0,54,,79782,25,,,0,14,,79764,19,,,0,15,,79783,25,,,0,14,,79765,25,,,0,55,,79784,25,,,0,15,,79766,25,,,0,15,,79785,25,,,0,14,,79767,25,,,0,55,,79786,25,,,0,14,,79768,25,,,0,14,,79787,25,,,0,14,,79769,25,,,0,54,,79737,25,,,0,18,,79788,25,,,0,19,,79793,19,,,0,20,,79789,25,,,0,61,,79794,19,,,0,19,,79790,19,,,0,18,,79795,19,,,0,60,,79791,19,,,0,20,,79796,19,,,0,20,,79792,19,,,0
1000001,'7_5',555,,81396,19,,,0,57,,81411,19,,,0,15,,81410,19,,,0,15,,81409,19,,,0,15,,81408,19,,,0,55,,81407,19,,,0,15,,81399,19,,,0,15,,81397,25,,,0,14,,81400,25,,,0,55,,81401,25,,,0,15,,81402,25,,,0,15,,81403,25,,,0,16,,81404,25,,,0,54,,81405,25,,,0,15,,81406,25,,,0,16,,81412,19,,,0,15,,81431,25,,,0,56,,81413,19,,,0,16,,81432,25,,,0,15,,81414,19,,,0,56,,81433,25,,,0,16,,81415,19,,,0,16,,81434,25,,,0,16,,81416,19,,,0,55,,81435,25,,,0,16,,81417,19,,,0,14,,81436,25,,,0,17,,81418,19,,,0,55,,81437,25,,,0,16,,81419,19,,,0,15,,81438,25,,,0,17,,81420,19,,,0,55,,81439,25,,,0,16,,81421,19,,,0,16,,81440,25,,,0,16,,81422,19,,,0,55,,81441,25,,,0,14,,81423,19,,,0,14,,81442,25,,,0,14,,81424,19,,,0,54,,81443,25,,,0,14,,81425,19,,,0,15,,81444,25,,,0,14,,81426,25,,,0,55,,81445,25,,,0,15,,81427,25,,,0,15,,81446,25,,,0,14,,81428,25,,,0,55,,81447,25,,,0,14,,81429,25,,,0,14,,81448,25,,,0,14,,81430,25,,,0,54,,81398,25,,,0,18,,81449,25,,,0,19,,81454,19,,,0,20,,81450,25,,,0,61,,81455,19,,,0,19,,81451,19,,,0,18,,81456,19,,,0,60,,81452,19,,,0,20,,81457,19,,,0,20,,81453,19,,,0
1000001,'8_7',822,,84095,19,,,0,80,,84096,19,,,0,40,,84097,19,,,0,80,,84098,19,,,0,80,,84099,19,,,0,40,,84100,19,,,0,80,,84101,19,,,0,80,,84102,19,,,0,40,,84103,19,,,0,80,,84104,19,,,0,80,,84105,19,,,0,40,,84106,19,,,0,80,,84107,19,,,0,80,,84108,19,,,0,40,,84109,19,,,0,80,,84110,19,,,0,80,,84111,19,,,0,40,,84112,19,,,0
