101,'0_4',756,,94375,58,4,,0,68,,94376,58,4,,0,29,,94377,58,4,,0,95,,94381,52,4,,0,157,,94382,52,4,,0,114,,94383,52,4,,0,89,,94384,52,4,,0,114,,94378,58,4,,0,97,,94385,52,4,,0,100,,94386,52,4,,0,92,,94387,52,4,,0,34,,94388,52,4,,0,80,,94389,52,4,,0,32,,94379,58,4,,0,84,,94380,58,4,,0
101,'0_5',756,,94408,58,4,,0,68,,94409,58,4,,0,29,,94410,58,4,,0,95,,94414,52,4,,0,157,,94415,52,4,,0,114,,94416,52,4,,0,89,,94417,52,4,,0,114,,94411,58,4,,0,97,,94418,52,4,,0,100,,94419,52,4,,0,92,,94420,52,4,,0,34,,94421,52,4,,0,80,,94422,52,4,,0,32,,94412,58,4,,0,84,,94413,58,4,,0
101,'1_3',756,,94441,58,4,,0,68,,94442,58,4,,0,29,,94443,58,4,,0,95,,94447,52,4,,0,157,,94448,52,4,,0,114,,94449,52,4,,0,89,,94450,52,4,,0,114,,94444,58,4,,0,97,,94451,52,4,,0,100,,94452,52,4,,0,92,,94453,52,4,,0,34,,94454,52,4,,0,80,,94455,52,4,,0,32,,94445,58,4,,0,84,,94446,58,4,,0
101,'2_6',1042,,94487,52,4,,0,100,,94488,52,4,,0,98,,94489,52,4,,0,99,,94490,52,4,,0,100,,94491,52,4,,0,101,,94492,52,4,,0,103,,94493,52,4,,0,103,,94494,52,4,,0,100,,94495,52,4,,0,96,,94496,52,4,,0
101,'3_7',952,,94497,52,4,,0,250,,94498,52,4,,0,210,,94499,52,4,,0,190,,94500,52,4,,0,210,,94501,52,4,,0
101,'4_1',756,,94507,58,4,,0,68,,94508,58,4,,0,29,,94509,58,4,,0,95,,94513,52,4,,0,157,,94514,52,4,,0,114,,94515,52,4,,0,89,,94516,52,4,,0,114,,94510,58,4,,0,97,,94517,52,4,,0,100,,94518,52,4,,0,92,,94519,52,4,,0,34,,94520,52,4,,0,80,,94521,52,4,,0,32,,94511,58,4,,0,84,,94512,58,4,,0
101,'4_2',756,,94540,58,4,,0,68,,94541,58,4,,0,29,,94542,58,4,,0,95,,94546,52,4,,0,157,,94547,52,4,,0,114,,94548,52,4,,0,89,,94549,52,4,,0,114,,94543,58,4,,0,97,,94550,52,4,,0,100,,94551,52,4,,0,92,,94552,52,4,,0,34,,94553,52,4,,0,80,,94554,52,4,,0,32,,94544,58,4,,0,84,,94545,58,4,,0
101,'4_4',756,,94573,58,4,,0,68,,94574,58,4,,0,29,,94575,58,4,,0,95,,94579,52,4,,0,157,,94580,52,4,,0,114,,94581,52,4,,0,89,,94582,52,4,,0,114,,94576,58,4,,0,97,,94583,52,4,,0,100,,94584,52,4,,0,92,,94585,52,4,,0,34,,94586,52,4,,0,80,,94587,52,4,,0,32,,94577,58,4,,0,84,,94578,58,4,,0
101,'4_5',756,,94606,58,4,,0,68,,94607,58,4,,0,29,,94608,58,4,,0,95,,94612,52,4,,0,157,,94613,52,4,,0,114,,94614,52,4,,0,89,,94615,52,4,,0,114,,94609,58,4,,0,97,,94616,52,4,,0,100,,94617,52,4,,0,92,,94618,52,4,,0,34,,94619,52,4,,0,80,,94620,52,4,,0,32,,94610,58,4,,0,84,,94611,58,4,,0
101,'5_7',952,,94639,52,4,,0,250,,94640,52,4,,0,210,,94641,52,4,,0,190,,94642,52,4,,0,210,,94643,52,4,,0
