901,'1_3',749,,97382,14,0,26,0,66,,97383,14,0,27 63,0,103,,97388,14,0,23 24,0,193,,97389,14,0,23 24,0,106,,97384,14,0,27 63,0,141,,97390,14,0,23 24,0,152,,97391,14,0,23 24,0,109,,97385,14,0,27 63,0,101,,97386,14,0,27 63,0,96,,97387,14,0,27 63,0,126,,97397,14,,,0
901,'2_6',747,,97398,14,0,23 24,0,99,,97410,14,0,25,0,367,,97408,14,0,25,0,319,,97406,14,0,25,0,82,,97399,14,0,23 24,0,105,,97400,14,0,23 24,0,133,,97401,14,0,23 24,0,90,,97402,14,0,23 24,0
901,'4_1',749,,97411,14,0,26,0,66,,97412,14,0,27 63,0,103,,97417,14,0,23 24,0,193,,97418,14,0,23 24,0,106,,97413,14,0,27 63,0,141,,97419,14,0,23 24,0,152,,97420,14,0,23 24,0,109,,97414,14,0,27 63,0,101,,97415,14,0,27 63,0,96,,97416,14,0,27 63,0,126,,97426,14,,,0
901,'4_2',749,,97427,14,0,26,0,66,,97428,14,0,27 63,0,103,,97433,14,0,23 24,0,193,,97434,14,0,23 24,0,106,,97429,14,0,27 63,0,141,,97435,14,0,23 24,0,152,,97436,14,0,23 24,0,109,,97430,14,0,27 63,0,101,,97431,14,0,27 63,0,96,,97432,14,0,27 63,0,126,,97442,14,,,0
901,'4_4',749,,97443,14,0,26,0,66,,97444,14,0,27 63,0,103,,97449,14,0,23 24,0,193,,97450,14,0,23 24,0,106,,97445,14,0,27 63,0,141,,97451,14,0,23 24,0,152,,97452,14,0,23 24,0,109,,97446,14,0,27 63,0,101,,97447,14,0,27 63,0,96,,97448,14,0,27 63,0,126,,97458,14,,,0
901,'4_5',749,,97459,14,0,26,0,66,,97460,14,0,27 63,0,103,,97465,14,0,23 24,0,193,,97466,14,0,23 24,0,106,,97461,14,0,27 63,0,141,,97467,14,0,23 24,0,152,,97468,14,0,23 24,0,109,,97462,14,0,27 63,0,101,,97463,14,0,27 63,0,96,,97464,14,0,27 63,0,126,,97474,14,,,0
1001,'1_3',756,,97621,9,,,0,100,,97623,9,,,0,86,,97624,9,,,0,79,,97628,7,,,0,86,,97625,9,,,0,50,,97629,7,,,0,82,,97630,7,,,0,71,,97631,7,,,0,101,,97622,9,,,0,38,,97632,7,,,0,183,,97633,9,,,0,317,,97627,9,,,0
1001,'2_6',753,,97635,9,,,0,103,,97636,9,,,0,101,,97643,7,,,0,102,,97637,9,,,0,100,,97644,7,,,0,85,,97645,7,,,0,164,,97640,9,,,0,38,,97646,7,,,0,187,,97641,9,,,0,118,,97642,9,,,0,90,,97638,9,,,0,107,,97639,9,,,0
1001,'4_1',756,,97647,9,,,0,100,,97649,9,,,0,86,,97650,9,,,0,79,,97654,7,,,0,86,,97651,9,,,0,50,,97655,7,,,0,82,,97656,7,,,0,71,,97657,7,,,0,101,,97648,9,,,0,38,,97658,7,,,0,183,,97659,9,,,0,317,,97653,9,,,0
1001,'4_2',756,,97661,9,,,0,100,,97663,9,,,0,86,,97664,9,,,0,79,,97668,7,,,0,86,,97665,9,,,0,50,,97669,7,,,0,82,,97670,7,,,0,71,,97671,7,,,0,101,,97662,9,,,0,38,,97672,7,,,0,183,,97673,9,,,0,317,,97667,9,,,0
1001,'4_4',756,,97675,9,,,0,100,,97677,9,,,0,86,,97678,9,,,0,79,,97682,7,,,0,86,,97679,9,,,0,50,,97683,7,,,0,82,,97684,7,,,0,71,,97685,7,,,0,101,,97676,9,,,0,38,,97686,7,,,0,183,,97687,9,,,0,317,,97681,9,,,0
1001,'4_5',756,,97689,9,,,0,100,,97691,9,,,0,86,,97692,9,,,0,79,,97696,7,,,0,86,,97693,9,,,0,50,,97697,7,,,0,82,,97698,7,,,0,71,,97699,7,,,0,101,,97690,9,,,0,38,,97700,7,,,0,183,,97701,9,,,0,317,,97695,9,,,0
1101,'1_3',1632,,97741,3,,,0,112,,97742,3,,,0,103,,97743,3,,,0
1101,'2_6',1617,,97744,3,,,0,119,,97745,3,,,0
1101,'4_1',1632,,97746,3,,,0,112,,97747,3,,,0,103,,97748,3,,,0
1101,'4_2',1632,,97749,3,,,0,112,,97750,3,,,0,103,,97751,3,,,0
1101,'4_4',1632,,97752,3,,,0,112,,97753,3,,,0,103,,97754,3,,,0
1101,'4_5',1632,,97755,3,,,0,112,,97756,3,,,0,103,,97757,3,,,0
1901,'1_3',1216,,98395,13,,,0,34,,98396,13,,,0
1901,'4_1',1617,,98398,13,,,0,100,,98399,13,,,0,99,,98400,13,,,0
1901,'4_2',1617,,98407,13,,,0,100,,98408,13,,,0,99,,98409,13,,,0
1901,'4_4',1617,,98416,13,,,0,100,,98417,13,,,0,99,,98418,13,,,0
1901,'4_5',1617,,98425,13,,,0,100,,98426,13,,,0,99,,98427,13,,,0
1000001,'1_3',556,,100907,25,,,0,60,,100908,25,,,0,20,,100909,25,,,0,21,,100910,25,,,0,62,,100911,25,,,0,10,,100991,25,,,0,10,,100992,25,,,0,11,,100942,31,,,0,50,,100943,31,,,0,9,,100944,31,,,0,11,,100945,31,,,0,10,,100946,31,,,0,10,,100947,31,,,0,10,,100948,31,,,0,50,,100949,31,,,0,10,,100950,31,,,0,9,,100951,31,,,0,10,,100952,31,,,0,12,,100953,31,,,0,12,,100912,25,,,0,51,,100913,31,,,0,10,,100914,25,,,0,9,,100915,31,,,0,11,,100916,25,,,0,11,,100954,31,,,0,11,,100917,25,,,0,51,,100918,31,,,0,10,,100919,25,,,0,11,,100920,31,,,0,10,,100921,25,,,0,11,,100955,31,,,0,52,,100922,25,,,0,11,,100923,31,,,0,10,,100924,25,,,0,8,,100925,31,,,0,9,,100956,25,,,0,10,,100957,31,,,0,10,,100958,25,,,0,50,,100959,31,,,0,10,,100960,25,,,0,10,,100961,31,,,0,10,,100962,25,,,0,9,,100963,31,,,0,10,,100964,25,,,0,51,,100965,31,,,0,10,,100966,25,,,0,10,,100967,31,,,0,10,,100968,25,,,0,11,,100926,31,,,0,50,,100927,25,,,0,9,,100969,31,,,0,10,,100928,25,,,0,9,,100929,31,,,0,11,,100930,25,,,0,11,,100970,31,,,0,52,,100931,25,,,0,12,,100932,31,,,0,11,,100933,25,,,0,10,,100934,31,,,0,9,,100935,31,,,0,10,,100971,31,,,0,52,,100972,31,,,0,11,,100973,31,,,0,12,,100974,31,,,0,11,,100975,31,,,0,8,,100976,31,,,0,9,,100977,31,,,0,49,,100978,31,,,0,8,,100979,31,,,0,10,,100980,31,,,0,9,,100981,31,,,0,8,,100982,31,,,0,9,,100983,31,,,0,9,,100984,31,,,0,48,,100985,31,,,0,9,,100986,25,,,0,9,,100987,31,,,0,10,,100988,25,,,0,12,,100990,31,,,0,59,,100989,31,,,0,20,,100936,25,,,0,20,,100937,25,,,0,60,,100938,25,,,0,20,,100939,25,,,0,19,,100940,25,,,0,60,,100941,25,,,0
1000001,'2_6',556,,100993,25,,,0,82,,100994,25,,,0,81,,100995,25,,,0,30,,100996,25,,,0,70,,100997,31,,,0,29,,100998,31,,,0,54,,100999,25,,,0,16,,101000,25,,,0,15,,101001,31,,,0,16,,101002,25,,,0,55,,101003,25,,,0,15,,101004,31,,,0,16,,101005,25,,,0,15,,101006,25,,,0,56,,101007,31,,,0,15,,101008,25,,,0,15,,101009,25,,,0,16,,101010,31,,,0,54,,101011,25,,,0,16,,101012,25,,,0,15,,101013,31,,,0,14,,101014,25,,,0,57,,101015,25,,,0,16,,101016,31,,,0,9,,101017,25,,,0,9,,101018,25,,,0,9,,101019,25,,,0,50,,101021,25,,,0,10,,101020,31,,,0,10,,101022,25,,,0,11,,101023,25,,,0,12,,101024,31,,,0,9,,101025,25,,,0,49,,101026,25,,,0,10,,101027,25,,,0,11,,101028,31,,,0,10,,101029,25,,,0,10,,101030,25,,,0,11,,101031,25,,,0,51,,101032,31,,,0,9,,101033,25,,,0,10,,101034,25,,,0,11,,101035,25,,,0,13,,101036,31,,,0,9,,101037,25,,,0,49,,101038,25,,,0,10,,101039,25,,,0,9,,101041,25,,,0,9,,101040,31,,,0,10,,101042,25,,,0,9,,101043,25,,,0,50,,101045,25,,,0,9,,101044,31,,,0,9,,101046,25,,,0,9,,101047,25,,,0,9,,101049,25,,,0,10,,101048,31,,,0,10,,101050,25,,,0,53,,101051,25,,,0,18,,101052,31,,,0,17,,101053,25,,,0,61,,101054,25,,,0,21,,101055,25,,,0,16,,101056,25,,,0,59,,101057,25,,,0,20,,101058,25,,,0,20,,101059,25,,,0,60,,101060,25,,,0
1000001,'3_7',827,,101061,25,,,0,80,,101062,25,,,0,40,,101063,25,,,0,80,,101064,25,,,0,80,,101065,25,,,0,40,,101066,25,,,0,80,,101067,25,,,0,80,,101068,25,,,0,40,,101069,25,,,0,80,,101070,25,,,0,80,,101071,25,,,0,40,,101072,25,,,0,80,,101073,25,,,0,80,,101074,25,,,0,40,,101075,25,,,0,80,,101076,25,,,0,80,,101077,25,,,0,40,,101078,25,,,0
1000001,'4_1',556,,101079,25,,,0,60,,101080,25,,,0,20,,101081,25,,,0,21,,101082,25,,,0,62,,101083,25,,,0,10,,101163,25,,,0,10,,101164,25,,,0,11,,101114,31,,,0,50,,101115,31,,,0,9,,101116,31,,,0,11,,101117,31,,,0,10,,101118,31,,,0,10,,101119,31,,,0,10,,101120,31,,,0,50,,101121,31,,,0,10,,101122,31,,,0,9,,101123,31,,,0,10,,101124,31,,,0,12,,101125,31,,,0,12,,101084,25,,,0,51,,101085,31,,,0,10,,101086,25,,,0,9,,101087,31,,,0,11,,101088,25,,,0,11,,101126,31,,,0,11,,101089,25,,,0,51,,101090,31,,,0,10,,101091,25,,,0,11,,101092,31,,,0,10,,101093,25,,,0,11,,101127,31,,,0,52,,101094,25,,,0,11,,101095,31,,,0,10,,101096,25,,,0,8,,101097,31,,,0,9,,101128,25,,,0,10,,101129,31,,,0,10,,101130,25,,,0,50,,101131,31,,,0,10,,101132,25,,,0,10,,101133,31,,,0,10,,101134,25,,,0,9,,101135,31,,,0,10,,101136,25,,,0,51,,101137,31,,,0,10,,101138,25,,,0,10,,101139,31,,,0,10,,101140,25,,,0,11,,101098,31,,,0,50,,101099,25,,,0,9,,101141,31,,,0,10,,101100,25,,,0,9,,101101,31,,,0,11,,101102,25,,,0,11,,101142,31,,,0,52,,101103,25,,,0,12,,101104,31,,,0,11,,101105,25,,,0,10,,101106,31,,,0,9,,101107,31,,,0,10,,101143,31,,,0,52,,101144,31,,,0,11,,101145,31,,,0,12,,101146,31,,,0,11,,101147,31,,,0,8,,101148,31,,,0,9,,101149,31,,,0,49,,101150,31,,,0,8,,101151,31,,,0,10,,101152,31,,,0,9,,101153,31,,,0,8,,101154,31,,,0,9,,101155,31,,,0,9,,101156,31,,,0,48,,101157,31,,,0,9,,101158,25,,,0,9,,101159,31,,,0,10,,101160,25,,,0,12,,101162,31,,,0,59,,101161,31,,,0,20,,101108,25,,,0,20,,101109,25,,,0,60,,101110,25,,,0,20,,101111,25,,,0,19,,101112,25,,,0,60,,101113,25,,,0
1000001,'4_2',556,,101165,25,,,0,60,,101166,25,,,0,20,,101167,25,,,0,21,,101168,25,,,0,62,,101169,25,,,0,10,,101249,25,,,0,10,,101250,25,,,0,11,,101200,31,,,0,50,,101201,31,,,0,9,,101202,31,,,0,11,,101203,31,,,0,10,,101204,31,,,0,10,,101205,31,,,0,10,,101206,31,,,0,50,,101207,31,,,0,10,,101208,31,,,0,9,,101209,31,,,0,10,,101210,31,,,0,12,,101211,31,,,0,12,,101170,25,,,0,51,,101171,31,,,0,10,,101172,25,,,0,9,,101173,31,,,0,11,,101174,25,,,0,11,,101212,31,,,0,11,,101175,25,,,0,51,,101176,31,,,0,10,,101177,25,,,0,11,,101178,31,,,0,10,,101179,25,,,0,11,,101213,31,,,0,52,,101180,25,,,0,11,,101181,31,,,0,10,,101182,25,,,0,8,,101183,31,,,0,9,,101214,25,,,0,10,,101215,31,,,0,10,,101216,25,,,0,50,,101217,31,,,0,10,,101218,25,,,0,10,,101219,31,,,0,10,,101220,25,,,0,9,,101221,31,,,0,10,,101222,25,,,0,51,,101223,31,,,0,10,,101224,25,,,0,10,,101225,31,,,0,10,,101226,25,,,0,11,,101184,31,,,0,50,,101185,25,,,0,9,,101227,31,,,0,10,,101186,25,,,0,9,,101187,31,,,0,11,,101188,25,,,0,11,,101228,31,,,0,52,,101189,25,,,0,12,,101190,31,,,0,11,,101191,25,,,0,10,,101192,31,,,0,9,,101193,31,,,0,10,,101229,31,,,0,52,,101230,31,,,0,11,,101231,31,,,0,12,,101232,31,,,0,11,,101233,31,,,0,8,,101234,31,,,0,9,,101235,31,,,0,49,,101236,31,,,0,8,,101237,31,,,0,10,,101238,31,,,0,9,,101239,31,,,0,8,,101240,31,,,0,9,,101241,31,,,0,9,,101242,31,,,0,48,,101243,31,,,0,9,,101244,25,,,0,9,,101245,31,,,0,10,,101246,25,,,0,12,,101248,31,,,0,59,,101247,31,,,0,20,,101194,25,,,0,20,,101195,25,,,0,60,,101196,25,,,0,20,,101197,25,,,0,19,,101198,25,,,0,60,,101199,25,,,0
1000001,'4_4',556,,101251,25,,,0,60,,101252,25,,,0,20,,101253,25,,,0,21,,101254,25,,,0,62,,101255,25,,,0,10,,101335,25,,,0,10,,101336,25,,,0,11,,101286,31,,,0,50,,101287,31,,,0,9,,101288,31,,,0,11,,101289,31,,,0,10,,101290,31,,,0,10,,101291,31,,,0,10,,101292,31,,,0,50,,101293,31,,,0,10,,101294,31,,,0,9,,101295,31,,,0,10,,101296,31,,,0,12,,101297,31,,,0,12,,101256,25,,,0,51,,101257,31,,,0,10,,101258,25,,,0,9,,101259,31,,,0,11,,101260,25,,,0,11,,101298,31,,,0,11,,101261,25,,,0,51,,101262,31,,,0,10,,101263,25,,,0,11,,101264,31,,,0,10,,101265,25,,,0,11,,101299,31,,,0,52,,101266,25,,,0,11,,101267,31,,,0,10,,101268,25,,,0,8,,101269,31,,,0,9,,101300,25,,,0,10,,101301,31,,,0,10,,101302,25,,,0,50,,101303,31,,,0,10,,101304,25,,,0,10,,101305,31,,,0,10,,101306,25,,,0,9,,101307,31,,,0,10,,101308,25,,,0,51,,101309,31,,,0,10,,101310,25,,,0,10,,101311,31,,,0,10,,101312,25,,,0,11,,101270,31,,,0,50,,101271,25,,,0,9,,101313,31,,,0,10,,101272,25,,,0,9,,101273,31,,,0,11,,101274,25,,,0,11,,101314,31,,,0,52,,101275,25,,,0,12,,101276,31,,,0,11,,101277,25,,,0,10,,101278,31,,,0,9,,101279,31,,,0,10,,101315,31,,,0,52,,101316,31,,,0,11,,101317,31,,,0,12,,101318,31,,,0,11,,101319,31,,,0,8,,101320,31,,,0,9,,101321,31,,,0,49,,101322,31,,,0,8,,101323,31,,,0,10,,101324,31,,,0,9,,101325,31,,,0,8,,101326,31,,,0,9,,101327,31,,,0,9,,101328,31,,,0,48,,101329,31,,,0,9,,101330,25,,,0,9,,101331,31,,,0,10,,101332,25,,,0,12,,101334,31,,,0,59,,101333,31,,,0,20,,101280,25,,,0,20,,101281,25,,,0,60,,101282,25,,,0,20,,101283,25,,,0,19,,101284,25,,,0,60,,101285,25,,,0
1000001,'4_5',556,,101337,25,,,0,60,,101338,25,,,0,20,,101339,25,,,0,21,,101340,25,,,0,62,,101341,25,,,0,10,,101421,25,,,0,10,,101422,25,,,0,11,,101372,31,,,0,50,,101373,31,,,0,9,,101374,31,,,0,11,,101375,31,,,0,10,,101376,31,,,0,10,,101377,31,,,0,10,,101378,31,,,0,50,,101379,31,,,0,10,,101380,31,,,0,9,,101381,31,,,0,10,,101382,31,,,0,12,,101383,31,,,0,12,,101342,25,,,0,51,,101343,31,,,0,10,,101344,25,,,0,9,,101345,31,,,0,11,,101346,25,,,0,11,,101384,31,,,0,11,,101347,25,,,0,51,,101348,31,,,0,10,,101349,25,,,0,11,,101350,31,,,0,10,,101351,25,,,0,11,,101385,31,,,0,52,,101352,25,,,0,11,,101353,31,,,0,10,,101354,25,,,0,8,,101355,31,,,0,9,,101386,25,,,0,10,,101387,31,,,0,10,,101388,25,,,0,50,,101389,31,,,0,10,,101390,25,,,0,10,,101391,31,,,0,10,,101392,25,,,0,9,,101393,31,,,0,10,,101394,25,,,0,51,,101395,31,,,0,10,,101396,25,,,0,10,,101397,31,,,0,10,,101398,25,,,0,11,,101356,31,,,0,50,,101357,25,,,0,9,,101399,31,,,0,10,,101358,25,,,0,9,,101359,31,,,0,11,,101360,25,,,0,11,,101400,31,,,0,52,,101361,25,,,0,12,,101362,31,,,0,11,,101363,25,,,0,10,,101364,31,,,0,9,,101365,31,,,0,10,,101401,31,,,0,52,,101402,31,,,0,11,,101403,31,,,0,12,,101404,31,,,0,11,,101405,31,,,0,8,,101406,31,,,0,9,,101407,31,,,0,49,,101408,31,,,0,8,,101409,31,,,0,10,,101410,31,,,0,9,,101411,31,,,0,8,,101412,31,,,0,9,,101413,31,,,0,9,,101414,31,,,0,48,,101415,31,,,0,9,,101416,25,,,0,9,,101417,31,,,0,10,,101418,25,,,0,12,,101420,31,,,0,59,,101419,31,,,0,20,,101366,25,,,0,20,,101367,25,,,0,60,,101368,25,,,0,20,,101369,25,,,0,19,,101370,25,,,0,60,,101371,25,,,0
1000001,'5_7',827,,101423,25,,,0,80,,101424,25,,,0,40,,101425,25,,,0,80,,101426,25,,,0,80,,101427,25,,,0,40,,101428,25,,,0,80,,101429,25,,,0,80,,101430,25,,,0,40,,101431,25,,,0,80,,101432,25,,,0,80,,101433,25,,,0,40,,101434,25,,,0,80,,101435,25,,,0,80,,101436,25,,,0,40,,101437,25,,,0,80,,101438,25,,,0,80,,101439,25,,,0,40,,101440,25,,,0
