300,'0_6',652,,64083,10,,,0,69,,64084,10,,,0,28,,64085,10,,,0,69,,64086,10,,,0,35,,64087,10,,,0,72,,64088,10,,,0,75,,64089,10,,,0,34,,64090,10,,,0,72,,64091,10,,,0,33,,64082,10,,,0,73,,64081,10,,,0,33,,64080,10,,,0,72,,64079,10,,,0,32,,64057,10,,,0,68,,64058,10,,,0,29,,64059,10,,,0,68,,64060,10,,,0,28,,64061,10,,,0,67,,64062,10,,,0,30,,64063,10,,,0,68,,64064,10,,,0,27,,64065,10,,,0,68,,64066,10,,,0,29,,64067,10,,,0,27,,64068,10,,,0,66,,64069,10,,,0,26,,64070,10,,,0,65,,64071,10,,,0,24,,64093,10,,,0,67,,64092,10,,,0
300,'1_7',853,,64116,10,,,0,72,,64117,10,,,0,75,,64118,10,,,0,34,,64119,10,,,0,72,,64110,10,,,0,33,,64115,10,,,0,73,,64114,10,,,0,33,,64113,10,,,0,72,,64112,10,,,0,32,,64094,10,,,0,68,,64095,10,,,0,29,,64096,10,,,0,68,,64097,10,,,0,28,,64098,10,,,0,67,,64099,10,,,0,30,,64100,10,,,0,68,,64101,10,,,0,27,,64102,10,,,0,68,,64103,10,,,0,29,,64104,10,,,0,27,,64105,10,,,0,66,,64106,10,,,0,26,,64107,10,,,0,65,,64108,10,,,0,24,,64111,10,,,0,67,,64109,10,,,0
300,'5_1',652,,74113,10,,,0,69,,74114,10,,,0,28,,74115,10,,,0,69,,74116,10,,,0,35,,74117,10,,,0,72,,74118,10,,,0,75,,74119,10,,,0,34,,74120,10,,,0,72,,74121,10,,,0,33,,74112,10,,,0,73,,74111,10,,,0,33,,74110,10,,,0,72,,74109,10,,,0,32,,74094,10,,,0,68,,74095,10,,,0,29,,74096,10,,,0,68,,74097,10,,,0,28,,74098,10,,,0,67,,74099,10,,,0,30,,74100,10,,,0,68,,74101,10,,,0,27,,74102,10,,,0,68,,74103,10,,,0,29,,74104,10,,,0,27,,74105,10,,,0,66,,74106,10,,,0,26,,74107,10,,,0,65,,74108,10,,,0,24,,74123,10,,,0,67,,74122,10,,,0
300,'5_2',652,,75315,10,,,0,69,,75316,10,,,0,28,,75317,10,,,0,69,,75318,10,,,0,35,,75319,10,,,0,72,,75320,10,,,0,75,,75321,10,,,0,34,,75322,10,,,0,72,,75323,10,,,0,33,,75314,10,,,0,73,,75313,10,,,0,33,,75312,10,,,0,72,,75311,10,,,0,32,,75296,10,,,0,68,,75297,10,,,0,29,,75298,10,,,0,68,,75299,10,,,0,28,,75300,10,,,0,67,,75301,10,,,0,30,,75302,10,,,0,68,,75303,10,,,0,27,,75304,10,,,0,68,,75305,10,,,0,29,,75306,10,,,0,27,,75307,10,,,0,66,,75308,10,,,0,26,,75309,10,,,0,65,,75310,10,,,0,24,,75325,10,,,0,67,,75324,10,,,0
300,'5_3',652,,75345,10,,,0,69,,75346,10,,,0,28,,75347,10,,,0,69,,75348,10,,,0,35,,75349,10,,,0,72,,75350,10,,,0,75,,75351,10,,,0,34,,75352,10,,,0,72,,75353,10,,,0,33,,75344,10,,,0,73,,75343,10,,,0,33,,75342,10,,,0,72,,75341,10,,,0,32,,75326,10,,,0,68,,75327,10,,,0,29,,75328,10,,,0,68,,75329,10,,,0,28,,75330,10,,,0,67,,75331,10,,,0,30,,75332,10,,,0,68,,75333,10,,,0,27,,75334,10,,,0,68,,75335,10,,,0,29,,75336,10,,,0,27,,75337,10,,,0,66,,75338,10,,,0,26,,75339,10,,,0,65,,75340,10,,,0,24,,75355,10,,,0,67,,75354,10,,,0
300,'7_1',652,,80333,10,,,0,69,,80334,10,,,0,28,,80335,10,,,0,69,,80336,10,,,0,35,,80337,10,,,0,72,,80338,10,,,0,75,,80339,10,,,0,34,,80340,10,,,0,72,,80341,10,,,0,33,,80332,10,,,0,73,,80331,10,,,0,33,,80330,10,,,0,72,,80329,10,,,0,32,,80314,10,,,0,68,,80315,10,,,0,29,,80316,10,,,0,68,,80317,10,,,0,28,,80318,10,,,0,67,,80319,10,,,0,30,,80320,10,,,0,68,,80321,10,,,0,27,,80322,10,,,0,68,,80323,10,,,0,29,,80324,10,,,0,27,,80325,10,,,0,66,,80326,10,,,0,26,,80327,10,,,0,65,,80328,10,,,0,24,,80343,10,,,0,67,,80342,10,,,0
300,'7_2',652,,82269,10,,,0,69,,82270,10,,,0,28,,82271,10,,,0,69,,82272,10,,,0,35,,82273,10,,,0,72,,82274,10,,,0,75,,82275,10,,,0,34,,82276,10,,,0,72,,82277,10,,,0,33,,82268,10,,,0,73,,82267,10,,,0,33,,82266,10,,,0,72,,82265,10,,,0,32,,82250,10,,,0,68,,82251,10,,,0,29,,82252,10,,,0,68,,82253,10,,,0,28,,82254,10,,,0,67,,82255,10,,,0,30,,82256,10,,,0,68,,82257,10,,,0,27,,82258,10,,,0,68,,82259,10,,,0,29,,82260,10,,,0,27,,82261,10,,,0,66,,82262,10,,,0,26,,82263,10,,,0,65,,82264,10,,,0,24,,82279,10,,,0,67,,82278,10,,,0
300,'7_3',652,,82299,10,,,0,69,,82300,10,,,0,28,,82301,10,,,0,69,,82302,10,,,0,35,,82303,10,,,0,72,,82304,10,,,0,75,,82305,10,,,0,34,,82306,10,,,0,72,,82307,10,,,0,33,,82298,10,,,0,73,,82297,10,,,0,33,,82296,10,,,0,72,,82295,10,,,0,32,,82280,10,,,0,68,,82281,10,,,0,29,,82282,10,,,0,68,,82283,10,,,0,28,,82284,10,,,0,67,,82285,10,,,0,30,,82286,10,,,0,68,,82287,10,,,0,27,,82288,10,,,0,68,,82289,10,,,0,29,,82290,10,,,0,27,,82291,10,,,0,66,,82292,10,,,0,26,,82293,10,,,0,65,,82294,10,,,0,24,,82309,10,,,0,67,,82308,10,,,0
300,'7_4',652,,79252,10,,,0,69,,79253,10,,,0,28,,79254,10,,,0,69,,79255,10,,,0,35,,79256,10,,,0,72,,79257,10,,,0,75,,79258,10,,,0,34,,79259,10,,,0,72,,79260,10,,,0,33,,79251,10,,,0,73,,79250,10,,,0,33,,79249,10,,,0,72,,79248,10,,,0,32,,79233,10,,,0,68,,79234,10,,,0,29,,79235,10,,,0,68,,79236,10,,,0,28,,79237,10,,,0,67,,79238,10,,,0,30,,79239,10,,,0,68,,79240,10,,,0,27,,79241,10,,,0,68,,79242,10,,,0,29,,79243,10,,,0,27,,79244,10,,,0,66,,79245,10,,,0,26,,79246,10,,,0,65,,79247,10,,,0,24,,79262,10,,,0,67,,79261,10,,,0
300,'7_5',652,,80370,10,,,0,69,,80371,10,,,0,28,,80372,10,,,0,69,,80373,10,,,0,35,,80374,10,,,0,72,,80375,10,,,0,75,,80376,10,,,0,34,,80377,10,,,0,72,,80378,10,,,0,33,,80369,10,,,0,73,,80368,10,,,0,33,,80367,10,,,0,72,,80366,10,,,0,32,,80344,10,,,0,68,,80345,10,,,0,29,,80346,10,,,0,68,,80347,10,,,0,28,,80348,10,,,0,67,,80349,10,,,0,30,,80350,10,,,0,68,,80351,10,,,0,27,,80352,10,,,0,68,,80353,10,,,0,29,,80354,10,,,0,27,,80355,10,,,0,66,,80356,10,,,0,26,,80357,10,,,0,65,,80358,10,,,0,24,,80380,10,,,0,67,,80379,10,,,0
