900,'0_6',653,,66482,8,,,0,99,,66483,8,,,0,159,,66481,8,0,50,0,99,,66491,2,,,0,97,,66484,8,,,0,137,,66489,9,,,0,98,,66488,2,0,50,0,90,,66485,8,,,0,99,,66480,2,,,0,89,,66490,7,,,0,85,,66492,8,,,0,47,,66486,8,,,0,97,,66487,8,,,0
900,'7_1',653,,80773,8,,,0,99,,80774,8,,,0,159,,80772,8,0,50,0,99,,80782,2,,,0,97,,80775,8,,,0,137,,80780,9,,,0,98,,80779,2,0,50,0,90,,80776,8,,,0,99,,80771,2,,,0,89,,80781,7,,,0,85,,80783,8,,,0,47,,80777,8,,,0,97,,80778,8,,,0
900,'7_2',653,,82694,8,,,0,99,,82695,8,,,0,159,,82693,8,0,50,0,99,,82703,2,,,0,97,,82696,8,,,0,137,,82701,9,,,0,98,,82700,2,0,50,0,90,,82697,8,,,0,99,,82692,2,,,0,89,,82702,7,,,0,85,,82704,8,,,0,47,,82698,8,,,0,97,,82699,8,,,0
900,'7_3',653,,82707,8,,,0,99,,82708,8,,,0,159,,82706,8,0,50,0,99,,82716,2,,,0,97,,82709,8,,,0,137,,82714,9,,,0,98,,82713,2,0,50,0,90,,82710,8,,,0,99,,82705,2,,,0,89,,82715,7,,,0,85,,82717,8,,,0,47,,82711,8,,,0,97,,82712,8,,,0
900,'7_4',653,,79456,8,,,0,99,,79457,8,,,0,159,,79455,8,0,50,0,99,,79465,2,,,0,97,,79458,8,,,0,137,,79463,9,,,0,98,,79462,2,0,50,0,90,,79459,8,,,0,99,,79454,2,,,0,89,,79464,7,,,0,85,,79466,8,,,0,47,,79460,8,,,0,97,,79461,8,,,0
900,'7_5',653,,80786,8,,,0,99,,80787,8,,,0,159,,80785,8,0,50,0,99,,80795,2,,,0,97,,80788,8,,,0,137,,80793,9,,,0,98,,80792,2,0,50,0,90,,80789,8,,,0,99,,80784,2,,,0,89,,80794,7,,,0,85,,80796,8,,,0,47,,80790,8,,,0,97,,80791,8,,,0
1600,'0_6',815,,67349,10,,,0,206,,67354,14,,,0,296,,67356,19,,,0,123,,67352,14,,,0,297,,67358,19,,,0,165,,67355,14,,,0
1600,'7_1',815,,80937,10,,,0,206,,80942,14,,,0,296,,80944,19,,,0,123,,80940,14,,,0,297,,80946,19,,,0,165,,80943,14,,,0
1600,'7_2',815,,82858,10,,,0,206,,82863,14,,,0,296,,82865,19,,,0,123,,82861,14,,,0,297,,82867,19,,,0,165,,82864,14,,,0
1600,'7_3',815,,82868,10,,,0,206,,82873,14,,,0,296,,82875,19,,,0,123,,82871,14,,,0,297,,82877,19,,,0,165,,82874,14,,,0
1600,'7_4',815,,79537,10,,,0,206,,79542,14,,,0,296,,79544,19,,,0,123,,79540,14,,,0,297,,79546,19,,,0,165,,79543,14,,,0
1600,'7_5',815,,80947,10,,,0,206,,80952,14,,,0,296,,80954,19,,,0,123,,80950,14,,,0,297,,80956,19,,,0,165,,80953,14,,,0
