1600,'1_3',1256,,97993,8,,,0,63,,97994,8,0,54 55,0,397,,97995,8,,,0
1600,'2_6',1256,,98003,8,,,0,63,,98004,8,0,54 55,0,397,,98005,8,,,0
1600,'4_1',1256,,98013,8,,,0,63,,98014,8,0,54 55,0,397,,98015,8,,,0
1600,'4_2',1256,,98023,8,,,0,63,,98024,8,0,54 55,0,397,,98025,8,,,0
1600,'4_4',1256,,98033,8,,,0,63,,98034,8,0,54 55,0,397,,98035,8,,,0
1600,'4_5',1256,,98043,8,,,0,63,,98044,8,0,54 55,0,397,,98045,8,,,0
1601,'1_3',1216,,98067,13,,,0
1601,'2_6',1216,,98075,13,,,0
1601,'4_1',1216,,98083,13,,,0
1601,'4_2',1216,,98091,13,,,0
1601,'4_4',1216,,98099,13,,,0
1601,'4_5',1216,,98107,13,,,0
2101,'1_3',754,,98508,7,,,0,158,,98509,4,,,0
2101,'4_1',754,,98511,7,,,0,158,,98512,4,,,0
2101,'4_2',754,,98514,7,,,0,158,,98515,4,,,0
2101,'4_4',754,,98517,7,,,0,158,,98518,4,,,0
2101,'4_5',754,,98520,7,,,0,158,,98521,4,,,0
