2401,'1_3',742,,98689,20,0,18 19,0
2401,'4_1',742,,98690,20,0,18 19,0,895,,98691,18,,,0,104,,98692,18,,,0
2401,'4_2',742,,98693,20,0,18 19,0,895,,98694,18,,,0,104,,98695,18,,,0
2401,'4_4',742,,98696,20,0,18 19,0,895,,98697,18,,,0,104,,98698,18,,,0
2401,'4_5',742,,98699,20,0,18 19,0,895,,98700,18,,,0,104,,98701,18,,,0
2000001,'1_3',656,,102096,22,,,0,69,,102073,22,,,0,14,,102054,16,,,0,3,,102052,12,0,18 19,0,1,,102056,22,,,0,16,,102081,22,,,0,56,,102064,22,,,0,14,,102099,22,,,0,14,,102046,22,,,0,14,,102074,22,,,0,54,,102058,22,,,0,16,,102082,22,,,0,16,,102066,22,,,0,57,,102090,22,,,0,17,,102047,22,,,0,15,,102080,22,,,0,15,,102057,22,,,0,56,,102083,22,,,0,17,,102065,22,,,0,16,,102092,22,,,0,15,,102048,22,,,0,56,,102078,22,,,0,15,,102063,22,,,0,16,,102084,22,,,0,15,,102072,22,,,0,54,,102091,22,,,0,16,,102050,22,,,0,12,,102075,22,,,0,17,,102059,22,,,0,55,,102086,22,,,0,15,,102067,22,,,0,15,,102095,22,,,0,15,,102051,22,,,0,56,,102076,22,,,0,16,,102060,22,,,0,15,,102085,22,,,0,16,,102068,22,,,0,54,,102094,22,,,0,16,,102049,22,,,0,17,,102077,22,,,0,17,,102061,22,,,0,56,,102087,22,,,0,17,,102069,22,,,0,17,,102045,22,,,0,56,,102093,22,,,0,16,,102100,22,,,0,10,,102079,22,,,0,12,,102062,22,,,0,13,,102088,22,,,0,54,,102070,22,,,0,11,,102044,22,,,0,13,,102097,22,,,0,14,,102053,22,,,0,62,,102089,22,,,0,20,,102071,22,,,0,19,,102098,22,,,0,59,,102055,22,,,0
2000001,'2_6',659,,102101,22,,,0,81,,102102,22,,,0,80,,102103,22,,,0,32,,102141,22,,,0,61,,102105,22,,,0,20,,102104,22,,,0,21,,102106,22,,,0,60,,102107,22,,,0,19,,102109,22,,,0,18,,102108,22,,,0,60,,102114,22,,,0,19,,102112,22,,,0,18,,102116,22,,,0,59,,102110,22,,,0,19,,102115,22,,,0,20,,102111,22,,,0,57,,102113,22,,,0,18,,102122,22,,,0,18,,102119,22,,,0,20,,102120,22,,,0,61,,102121,22,,,0,18,,102118,22,,,0,17,,102117,22,,,0,59,,102123,22,,,0,22,,102124,22,,,0,20,,102126,22,,,0,59,,102125,22,,,0,20,,102127,22,,,0,20,,102128,22,,,0,61,,102129,22,,,0,20,,102131,22,,,0,19,,102130,22,,,0,58,,102132,22,,,0,19,,102133,22,,,0,19,,102134,22,,,0,58,,102135,22,,,0,17,,102136,22,,,0,18,,102137,22,,,0,62,,102138,22,,,0,24,,102139,22,,,0,22,,102140,22,,,0
2000001,'4_1',656,,102212,22,,,0,69,,102189,22,,,0,14,,102170,16,,,0,3,,102168,12,0,18 19,0,1,,102172,22,,,0,16,,102197,22,,,0,56,,102180,22,,,0,14,,102215,22,,,0,14,,102162,22,,,0,14,,102190,22,,,0,54,,102174,22,,,0,16,,102198,22,,,0,16,,102182,22,,,0,57,,102206,22,,,0,17,,102163,22,,,0,15,,102196,22,,,0,15,,102173,22,,,0,56,,102199,22,,,0,17,,102181,22,,,0,16,,102208,22,,,0,15,,102164,22,,,0,56,,102194,22,,,0,15,,102179,22,,,0,16,,102200,22,,,0,15,,102188,22,,,0,54,,102207,22,,,0,16,,102166,22,,,0,12,,102191,22,,,0,17,,102175,22,,,0,55,,102202,22,,,0,15,,102183,22,,,0,15,,102211,22,,,0,15,,102167,22,,,0,56,,102192,22,,,0,16,,102176,22,,,0,15,,102201,22,,,0,16,,102184,22,,,0,54,,102210,22,,,0,16,,102165,22,,,0,17,,102193,22,,,0,17,,102177,22,,,0,56,,102203,22,,,0,17,,102185,22,,,0,17,,102161,22,,,0,56,,102209,22,,,0,16,,102216,22,,,0,10,,102195,22,,,0,12,,102178,22,,,0,13,,102204,22,,,0,54,,102186,22,,,0,11,,102160,22,,,0,13,,102213,22,,,0,14,,102169,22,,,0,62,,102205,22,,,0,20,,102187,22,,,0,19,,102214,22,,,0,59,,102171,22,,,0
2000001,'4_2',656,,102269,22,,,0,69,,102246,22,,,0,14,,102227,16,,,0,3,,102225,12,0,18 19,0,1,,102229,22,,,0,16,,102254,22,,,0,56,,102237,22,,,0,14,,102272,22,,,0,14,,102219,22,,,0,14,,102247,22,,,0,54,,102231,22,,,0,16,,102255,22,,,0,16,,102239,22,,,0,57,,102263,22,,,0,17,,102220,22,,,0,15,,102253,22,,,0,15,,102230,22,,,0,56,,102256,22,,,0,17,,102238,22,,,0,16,,102265,22,,,0,15,,102221,22,,,0,56,,102251,22,,,0,15,,102236,22,,,0,16,,102257,22,,,0,15,,102245,22,,,0,54,,102264,22,,,0,16,,102223,22,,,0,12,,102248,22,,,0,17,,102232,22,,,0,55,,102259,22,,,0,15,,102240,22,,,0,15,,102268,22,,,0,15,,102224,22,,,0,56,,102249,22,,,0,16,,102233,22,,,0,15,,102258,22,,,0,16,,102241,22,,,0,54,,102267,22,,,0,16,,102222,22,,,0,17,,102250,22,,,0,17,,102234,22,,,0,56,,102260,22,,,0,17,,102242,22,,,0,17,,102218,22,,,0,56,,102266,22,,,0,16,,102273,22,,,0,10,,102252,22,,,0,12,,102235,22,,,0,13,,102261,22,,,0,54,,102243,22,,,0,11,,102217,22,,,0,13,,102270,22,,,0,14,,102226,22,,,0,62,,102262,22,,,0,20,,102244,22,,,0,19,,102271,22,,,0,59,,102228,22,,,0
2000001,'4_4',656,,102326,22,,,0,69,,102303,22,,,0,14,,102284,16,,,0,3,,102282,12,0,18 19,0,1,,102286,22,,,0,16,,102311,22,,,0,56,,102294,22,,,0,14,,102329,22,,,0,14,,102276,22,,,0,14,,102304,22,,,0,54,,102288,22,,,0,16,,102312,22,,,0,16,,102296,22,,,0,57,,102320,22,,,0,17,,102277,22,,,0,15,,102310,22,,,0,15,,102287,22,,,0,56,,102313,22,,,0,17,,102295,22,,,0,16,,102322,22,,,0,15,,102278,22,,,0,56,,102308,22,,,0,15,,102293,22,,,0,16,,102314,22,,,0,15,,102302,22,,,0,54,,102321,22,,,0,16,,102280,22,,,0,12,,102305,22,,,0,17,,102289,22,,,0,55,,102316,22,,,0,15,,102297,22,,,0,15,,102325,22,,,0,15,,102281,22,,,0,56,,102306,22,,,0,16,,102290,22,,,0,15,,102315,22,,,0,16,,102298,22,,,0,54,,102324,22,,,0,16,,102279,22,,,0,17,,102307,22,,,0,17,,102291,22,,,0,56,,102317,22,,,0,17,,102299,22,,,0,17,,102275,22,,,0,56,,102323,22,,,0,16,,102330,22,,,0,10,,102309,22,,,0,12,,102292,22,,,0,13,,102318,22,,,0,54,,102300,22,,,0,11,,102274,22,,,0,13,,102327,22,,,0,14,,102283,22,,,0,62,,102319,22,,,0,20,,102301,22,,,0,19,,102328,22,,,0,59,,102285,22,,,0
2000001,'4_5',656,,102383,22,,,0,69,,102360,22,,,0,14,,102341,16,,,0,3,,102339,12,0,18 19,0,1,,102343,22,,,0,16,,102368,22,,,0,56,,102351,22,,,0,14,,102386,22,,,0,14,,102333,22,,,0,14,,102361,22,,,0,54,,102345,22,,,0,16,,102369,22,,,0,16,,102353,22,,,0,57,,102377,22,,,0,17,,102334,22,,,0,15,,102367,22,,,0,15,,102344,22,,,0,56,,102370,22,,,0,17,,102352,22,,,0,16,,102379,22,,,0,15,,102335,22,,,0,56,,102365,22,,,0,15,,102350,22,,,0,16,,102371,22,,,0,15,,102359,22,,,0,54,,102378,22,,,0,16,,102337,22,,,0,12,,102362,22,,,0,17,,102346,22,,,0,55,,102373,22,,,0,15,,102354,22,,,0,15,,102382,22,,,0,15,,102338,22,,,0,56,,102363,22,,,0,16,,102347,22,,,0,15,,102372,22,,,0,16,,102355,22,,,0,54,,102381,22,,,0,16,,102336,22,,,0,17,,102364,22,,,0,17,,102348,22,,,0,56,,102374,22,,,0,17,,102356,22,,,0,17,,102332,22,,,0,56,,102380,22,,,0,16,,102387,22,,,0,10,,102366,22,,,0,12,,102349,22,,,0,13,,102375,22,,,0,54,,102357,22,,,0,11,,102331,22,,,0,13,,102384,22,,,0,14,,102340,22,,,0,62,,102376,22,,,0,20,,102358,22,,,0,19,,102385,22,,,0,59,,102342,22,,,0
2000001,'5_7',832,,102405,22,,,0,80,,102388,22,,,0,40,,102389,22,,,0,80,,102390,22,,,0,80,,102391,22,,,0,40,,102392,22,,,0,80,,102393,22,,,0,79,,102394,22,,,0,40,,102396,22,,,0,80,,102395,22,,,0,80,,102397,22,,,0,40,,102398,22,,,0,80,,102399,22,,,0,80,,102400,22,,,0,40,,102402,22,,,0,80,,102401,22,,,0,80,,102403,22,,,0,40,,102404,22,,,0
