801,'5_1',839,,74307,7,,,0,108,,74308,7,,,0,110,,74309,7,,,0,159,,74301,7,,,0,111,,74310,7,,,0,112,,74311,7,,,0,112,,74312,7,,,0,75,,74302,7,,,0,75,,74303,7,,,0,30,,74304,7,,,0,75,,74305,7,,,0,35,,74306,7,,,0,71,,74313,7,,,0,34,,74314,7,,,0
801,'5_2',839,,75923,7,,,0,108,,75924,7,,,0,110,,75925,7,,,0,159,,75917,7,,,0,111,,75926,7,,,0,112,,75927,7,,,0,112,,75928,7,,,0,75,,75918,7,,,0,75,,75919,7,,,0,30,,75920,7,,,0,75,,75921,7,,,0,35,,75922,7,,,0,71,,75929,7,,,0,34,,75930,7,,,0
801,'5_3',839,,75937,7,,,0,108,,75938,7,,,0,110,,75939,7,,,0,159,,75931,7,,,0,111,,75940,7,,,0,112,,75941,7,,,0,112,,75942,7,,,0,75,,75932,7,,,0,75,,75933,7,,,0,30,,75934,7,,,0,75,,75935,7,,,0,35,,75936,7,,,0,71,,75943,7,,,0,34,,75944,7,,,0
801,'5_4',839,,75951,7,,,0,108,,75952,7,,,0,110,,75953,7,,,0,159,,75945,7,,,0,111,,75954,7,,,0,112,,75955,7,,,0,112,,75956,7,,,0,75,,75946,7,,,0,75,,75947,7,,,0,30,,75948,7,,,0,75,,75949,7,,,0,35,,75950,7,,,0,71,,75957,7,,,0,34,,75958,7,,,0
801,'5_5',839,,78162,7,,,0,108,,78163,7,,,0,110,,78164,7,,,0,159,,78156,7,,,0,111,,78165,7,,,0,112,,78166,7,,,0,112,,78167,7,,,0,75,,78157,7,,,0,75,,78158,7,,,0,30,,78159,7,,,0,75,,78160,7,,,0,35,,78161,7,,,0,71,,78168,7,,,0,34,,78169,7,,,0
801,'7_1',839,,80749,7,,,0,108,,80750,7,,,0,110,,80751,7,,,0,159,,80743,7,,,0,111,,80752,7,,,0,112,,80753,7,,,0,112,,80754,7,,,0,75,,80744,7,,,0,75,,80745,7,,,0,30,,80746,7,,,0,75,,80747,7,,,0,35,,80748,7,,,0,71,,80755,7,,,0,34,,80756,7,,,0
801,'7_4',839,,79446,7,,,0,108,,79447,7,,,0,110,,79448,7,,,0,159,,79440,7,,,0,111,,79449,7,,,0,112,,79450,7,,,0,112,,79451,7,,,0,75,,79441,7,,,0,75,,79442,7,,,0,30,,79443,7,,,0,75,,79444,7,,,0,35,,79445,7,,,0,71,,79452,7,,,0,34,,79453,7,,,0
801,'7_5',839,,80763,7,,,0,108,,80764,7,,,0,110,,80765,7,,,0,159,,80757,7,,,0,111,,80766,7,,,0,112,,80767,7,,,0,112,,80768,7,,,0,75,,80758,7,,,0,75,,80759,7,,,0,30,,80760,7,,,0,75,,80761,7,,,0,35,,80762,7,,,0,71,,80769,7,,,0,34,,80770,7,,,0
2201,'0_6',922,,67648,1,,,0,122,,67649,1,,,0,172,,67650,1,,,0,213,,67651,1,,,0,177,,67652,1,,,0,138,,67653,1,,,0,160,,67654,1,,,0
2201,'1_7',1245,,67655,1,,,0,159,,67656,1,,,0,120,,67657,1,,,0,120,,67658,1,,,0,160,,67659,1,,,0
2201,'5_1',922,,74426,1,,,0,122,,74427,1,,,0,172,,74428,1,,,0,213,,74429,1,,,0,177,,74430,1,,,0,138,,74431,1,,,0,160,,74432,1,,,0
2201,'5_2',922,,76292,1,,,0,122,,76293,1,,,0,172,,76294,1,,,0,213,,76295,1,,,0,177,,76296,1,,,0,138,,76297,1,,,0,160,,76298,1,,,0
2201,'5_3',922,,76299,1,,,0,122,,76300,1,,,0,172,,76301,1,,,0,213,,76302,1,,,0,177,,76303,1,,,0,138,,76304,1,,,0,160,,76305,1,,,0
2201,'5_4',922,,76306,1,,,0,122,,76307,1,,,0,172,,76308,1,,,0,213,,76309,1,,,0,177,,76310,1,,,0,138,,76311,1,,,0,160,,76312,1,,,0
2201,'5_5',922,,78282,1,,,0,122,,78283,1,,,0,172,,78284,1,,,0,213,,78285,1,,,0,177,,78286,1,,,0,138,,78287,1,,,0,160,,78288,1,,,0
2201,'6_7',1245,,78977,1,,,0,159,,78978,1,,,0,120,,78979,1,,,0,120,,78980,1,,,0,160,,78981,1,,,0
2201,'7_1',922,,80994,1,,,0,122,,80995,1,,,0,172,,80996,1,,,0,213,,80997,1,,,0,177,,80998,1,,,0,138,,80999,1,,,0,160,,81000,1,,,0
2201,'7_4',922,,79565,1,,,0,122,,79566,1,,,0,172,,79567,1,,,0,213,,79568,1,,,0,177,,79569,1,,,0,138,,79570,1,,,0,160,,79571,1,,,0
2201,'7_5',922,,81001,1,,,0,122,,81002,1,,,0,172,,81003,1,,,0,213,,81004,1,,,0,177,,81005,1,,,0,138,,81006,1,,,0,160,,81007,1,,,0
