900600,'0_6',844,,68268,17,,,0,170,,68270,17,,,0,125,,68271,17,,,0,175,,68272,17,,,0,120,,68273,17,,,0,175,,68274,17,,,0,130,,68275,17,,,0,170,,68269,17,,,0
900600,'3_1',844,,68316,17,,,0,170,,68318,17,,,0,125,,68319,17,,,0,175,,68320,17,,,0,120,,68321,17,,,0,175,,68322,17,,,0,130,,68323,17,,,0,170,,68317,17,,,0
900600,'3_2',844,,73527,17,,,0,170,,73529,17,,,0,125,,73530,17,,,0,175,,73531,17,,,0,120,,73532,17,,,0,175,,73533,17,,,0,130,,73534,17,,,0,170,,73528,17,,,0
900600,'3_3',844,,68324,17,,,0,170,,68326,17,,,0,125,,68327,17,,,0,175,,68328,17,,,0,120,,68329,17,,,0,175,,68330,17,,,0,130,,68331,17,,,0,170,,68325,17,,,0
900600,'3_4',844,,68332,17,,,0,170,,68334,17,,,0,125,,68335,17,,,0,175,,68336,17,,,0,120,,68337,17,,,0,175,,68338,17,,,0,130,,68339,17,,,0,170,,68333,17,,,0
900600,'3_5',844,,68340,17,,,0,170,,68342,17,,,0,125,,68343,17,,,0,175,,68344,17,,,0,120,,68345,17,,,0,175,,68346,17,,,0,130,,68347,17,,,0,170,,68341,17,,,0
900600,'5_1',844,,74487,17,,,0,170,,74489,17,,,0,125,,74490,17,,,0,175,,74491,17,,,0,120,,74492,17,,,0,175,,74493,17,,,0,130,,74494,17,,,0,170,,74488,17,,,0
900600,'5_2',844,,76475,17,,,0,170,,76477,17,,,0,125,,76478,17,,,0,175,,76479,17,,,0,120,,76480,17,,,0,175,,76481,17,,,0,130,,76482,17,,,0,170,,76476,17,,,0
900600,'5_3',844,,76483,17,,,0,170,,76485,17,,,0,125,,76486,17,,,0,175,,76487,17,,,0,120,,76488,17,,,0,175,,76489,17,,,0,130,,76490,17,,,0,170,,76484,17,,,0
900600,'5_4',844,,76491,17,,,0,170,,76493,17,,,0,125,,76494,17,,,0,175,,76495,17,,,0,120,,76496,17,,,0,175,,76497,17,,,0,130,,76498,17,,,0,170,,76492,17,,,0
