100,'0_6',720,,62779,26,0,61 8,0,110,,62791,26,0,61 8,0,95,,62780,26,0,61 8,0,31,,62792,26,0,61 8,0,70,,62781,26,0,61 8,0,32,,62793,26,0,61 8,0,70,,62782,26,0,61 8,0,29,,62794,26,0,61 8,0,71,,62783,26,0,61 8,0,28,,62795,26,0,61 8,0,70,,62784,26,0,61 8,0,30,,62796,26,0,61 8,0,70,,62785,26,0,61 8,0,31,,62797,26,0,61 8,0,69,,62786,26,0,61 8,0,31,,62798,26,0,61 8,0,71,,62787,26,0,61 8,0,31,,62799,26,0,61 8,0,73,,62788,26,0,61 8,0,68,,62800,26,0,61 8,0,30,,62789,26,0,61 8,0,71,,62801,26,0,61 8,0,29,,62790,26,0,61 8,0
100,'1_7',925,,62802,26,0,61 8,0,105,,62807,26,0,61 8,0,106,,62803,26,0,61 8,0,104,,62808,26,0,61 8,0,90,,62804,26,0,61 8,0,100,,62809,26,0,61 8,0,105,,62805,26,0,61 8,0,105,,62810,26,0,61 8,0,105,,62806,26,0,61 8,0,105,,62811,26,0,61 8,0
100,'7_1',720,,80072,26,0,61 8,0,30,,80073,26,,,0,75,,80075,26,0,61 8,0,25,,80076,26,0,61 8,0,70,,80074,26,0,61 8,0,30,,80077,26,0,61 8,0,75,,80078,26,0,61 8,0,30,,80081,26,0,61 8,0,71,,80079,26,0,61 8,0,32,,80080,26,0,61 8,0,72,,80083,26,,,0,70,,80082,26,0,61 8,0,30,,80084,26,,,0,70,,80085,26,0,61 8,0,30,,80087,26,0,61 8,0,70,,80086,26,0,61 8,0,30,,80091,26,0,61 8,0,70,,80090,26,0,61 8,0,31,,80092,26,,,0,74,,80088,26,0,61 8,0,30,,80093,26,,,0,70,,80089,26,0,61 8,0,30,,80094,26,,,0,70,,80095,26,0,61 8,0,30,,80096,26,,,0
100,'7_2',720,,82008,26,0,61 8,0,30,,82009,26,,,0,75,,82011,26,0,61 8,0,25,,82012,26,0,61 8,0,70,,82010,26,0,61 8,0,30,,82013,26,0,61 8,0,75,,82014,26,0,61 8,0,30,,82017,26,0,61 8,0,71,,82015,26,0,61 8,0,32,,82016,26,0,61 8,0,72,,82019,26,,,0,70,,82018,26,0,61 8,0,30,,82020,26,,,0,70,,82021,26,0,61 8,0,30,,82023,26,0,61 8,0,70,,82022,26,0,61 8,0,30,,82027,26,0,61 8,0,70,,82026,26,0,61 8,0,31,,82028,26,,,0,74,,82024,26,0,61 8,0,30,,82029,26,,,0,70,,82025,26,0,61 8,0,30,,82030,26,,,0,70,,82031,26,0,61 8,0,30,,82032,26,,,0
100,'7_3',720,,82033,26,0,61 8,0,30,,82034,26,,,0,75,,82036,26,0,61 8,0,25,,82037,26,0,61 8,0,70,,82035,26,0,61 8,0,30,,82038,26,0,61 8,0,75,,82039,26,0,61 8,0,30,,82042,26,0,61 8,0,71,,82040,26,0,61 8,0,32,,82041,26,0,61 8,0,72,,82044,26,,,0,70,,82043,26,0,61 8,0,30,,82045,26,,,0,70,,82046,26,0,61 8,0,30,,82048,26,0,61 8,0,70,,82047,26,0,61 8,0,30,,82052,26,0,61 8,0,70,,82051,26,0,61 8,0,31,,82053,26,,,0,74,,82049,26,0,61 8,0,30,,82054,26,,,0,70,,82050,26,0,61 8,0,30,,82055,26,,,0,70,,82056,26,0,61 8,0,30,,82057,26,,,0
100,'7_4',720,,79112,26,0,61 8,0,30,,79113,26,,,0,75,,79115,26,0,61 8,0,25,,79116,26,0,61 8,0,70,,79114,26,0,61 8,0,30,,79117,26,0,61 8,0,75,,79118,26,0,61 8,0,30,,79121,26,0,61 8,0,71,,79119,26,0,61 8,0,32,,79120,26,0,61 8,0,72,,79123,26,,,0,70,,79122,26,0,61 8,0,30,,79124,26,,,0,70,,79125,26,0,61 8,0,30,,79127,26,0,61 8,0,70,,79126,26,0,61 8,0,30,,79131,26,0,61 8,0,70,,79130,26,0,61 8,0,31,,79132,26,,,0,74,,79128,26,0,61 8,0,30,,79133,26,,,0,70,,79129,26,0,61 8,0,30,,79134,26,,,0,70,,79135,26,0,61 8,0,30,,79136,26,,,0
100,'7_5',720,,80097,26,0,61 8,0,30,,80098,26,,,0,75,,80100,26,0,61 8,0,25,,80101,26,0,61 8,0,70,,80099,26,0,61 8,0,30,,80102,26,0,61 8,0,75,,80103,26,0,61 8,0,30,,80106,26,0,61 8,0,71,,80104,26,0,61 8,0,32,,80105,26,0,61 8,0,72,,80108,26,,,0,70,,80107,26,0,61 8,0,30,,80109,26,,,0,70,,80110,26,0,61 8,0,30,,80112,26,0,61 8,0,70,,80111,26,0,61 8,0,30,,80116,26,0,61 8,0,70,,80115,26,0,61 8,0,31,,80117,26,,,0,74,,80113,26,0,61 8,0,30,,80118,26,,,0,70,,80114,26,0,61 8,0,30,,80119,26,,,0,70,,80120,26,0,61 8,0,30,,80121,26,,,0
100,'8_7',925,,83928,26,0,61 8,0,105,,83933,26,0,61 8,0,106,,83929,26,0,61 8,0,104,,83934,26,0,61 8,0,90,,83930,26,0,61 8,0,100,,83935,26,0,61 8,0,105,,83931,26,0,61 8,0,105,,83936,26,0,61 8,0,105,,83932,26,0,61 8,0,105,,83937,26,0,61 8,0
300,'0_6',723,,64083,35,,,0,29,,64084,35,,,0,69,,64085,35,,,0,30,,64086,35,,,0,75,,64087,35,,,0,33,,64088,35,,,0,75,,64089,35,,,0,74,,64090,35,,,0,32,,64091,35,,,0,72,,64082,35,,,0,33,,64081,35,,,0,72,,64080,35,,,0,33,,64079,35,,,0,72,,64057,35,,,0,28,,64058,35,,,0,70,,64059,35,,,0,28,,64060,35,,,0,68,,64061,35,,,0,30,,64062,35,,,0,72,,64063,35,,,0,28,,64064,35,,,0,67,,64065,35,,,0,28,,64066,35,,,0,69,,64067,35,,,0,26,,64068,35,,,0,65,,64069,35,,,0,25,,64070,35,,,0,23,,64071,35,,,0,64,,64093,35,,,0,24,,64092,35,,,0,64,,64072,23,,,0,30,,64073,23,,,0,70,,64074,23,,,0,30,,64075,23,,,0,70,,64076,23,,,0,29,,64077,23,,,0,70,,64078,23,,,0
300,'1_7',926,,64116,35,,,0,33,,64117,35,,,0,75,,64118,35,,,0,74,,64119,35,,,0,32,,64110,35,,,0,72,,64115,35,,,0,33,,64114,35,,,0,72,,64113,35,,,0,33,,64112,35,,,0,72,,64094,35,,,0,28,,64095,35,,,0,70,,64096,35,,,0,28,,64097,35,,,0,68,,64098,35,,,0,30,,64099,35,,,0,72,,64100,35,,,0,28,,64101,35,,,0,67,,64102,35,,,0,28,,64103,35,,,0,69,,64104,35,,,0,26,,64105,35,,,0,65,,64106,35,,,0,25,,64107,35,,,0,23,,64108,35,,,0,64,,64111,35,,,0,24,,64109,35,,,0
300,'7_1',723,,80333,35,,,0,29,,80334,35,,,0,69,,80335,35,,,0,30,,80336,35,,,0,75,,80337,35,,,0,33,,80338,35,,,0,75,,80339,35,,,0,74,,80340,35,,,0,32,,80341,35,,,0,72,,80332,35,,,0,33,,80331,35,,,0,72,,80330,35,,,0,33,,80329,35,,,0,72,,80314,35,,,0,28,,80315,35,,,0,70,,80316,35,,,0,28,,80317,35,,,0,68,,80318,35,,,0,30,,80319,35,,,0,72,,80320,35,,,0,28,,80321,35,,,0,67,,80322,35,,,0,28,,80323,35,,,0,69,,80324,35,,,0,26,,80325,35,,,0,65,,80326,35,,,0,25,,80327,35,,,0,23,,80328,35,,,0,64,,80343,35,,,0,24,,80342,35,,,0
300,'7_2',723,,82269,35,,,0,29,,82270,35,,,0,69,,82271,35,,,0,30,,82272,35,,,0,75,,82273,35,,,0,33,,82274,35,,,0,75,,82275,35,,,0,74,,82276,35,,,0,32,,82277,35,,,0,72,,82268,35,,,0,33,,82267,35,,,0,72,,82266,35,,,0,33,,82265,35,,,0,72,,82250,35,,,0,28,,82251,35,,,0,70,,82252,35,,,0,28,,82253,35,,,0,68,,82254,35,,,0,30,,82255,35,,,0,72,,82256,35,,,0,28,,82257,35,,,0,67,,82258,35,,,0,28,,82259,35,,,0,69,,82260,35,,,0,26,,82261,35,,,0,65,,82262,35,,,0,25,,82263,35,,,0,23,,82264,35,,,0,64,,82279,35,,,0,24,,82278,35,,,0
300,'7_3',723,,82299,35,,,0,29,,82300,35,,,0,69,,82301,35,,,0,30,,82302,35,,,0,75,,82303,35,,,0,33,,82304,35,,,0,75,,82305,35,,,0,74,,82306,35,,,0,32,,82307,35,,,0,72,,82298,35,,,0,33,,82297,35,,,0,72,,82296,35,,,0,33,,82295,35,,,0,72,,82280,35,,,0,28,,82281,35,,,0,70,,82282,35,,,0,28,,82283,35,,,0,68,,82284,35,,,0,30,,82285,35,,,0,72,,82286,35,,,0,28,,82287,35,,,0,67,,82288,35,,,0,28,,82289,35,,,0,69,,82290,35,,,0,26,,82291,35,,,0,65,,82292,35,,,0,25,,82293,35,,,0,23,,82294,35,,,0,64,,82309,35,,,0,24,,82308,35,,,0
300,'7_4',723,,79252,35,,,0,29,,79253,35,,,0,69,,79254,35,,,0,30,,79255,35,,,0,75,,79256,35,,,0,33,,79257,35,,,0,75,,79258,35,,,0,74,,79259,35,,,0,32,,79260,35,,,0,72,,79251,35,,,0,33,,79250,35,,,0,72,,79249,35,,,0,33,,79248,35,,,0,72,,79233,35,,,0,28,,79234,35,,,0,70,,79235,35,,,0,28,,79236,35,,,0,68,,79237,35,,,0,30,,79238,35,,,0,72,,79239,35,,,0,28,,79240,35,,,0,67,,79241,35,,,0,28,,79242,35,,,0,69,,79243,35,,,0,26,,79244,35,,,0,65,,79245,35,,,0,25,,79246,35,,,0,23,,79247,35,,,0,64,,79262,35,,,0,24,,79261,35,,,0
300,'7_5',723,,80370,35,,,0,29,,80371,35,,,0,69,,80372,35,,,0,30,,80373,35,,,0,75,,80374,35,,,0,33,,80375,35,,,0,75,,80376,35,,,0,74,,80377,35,,,0,32,,80378,35,,,0,72,,80369,35,,,0,33,,80368,35,,,0,72,,80367,35,,,0,33,,80366,35,,,0,72,,80344,35,,,0,28,,80345,35,,,0,70,,80346,35,,,0,28,,80347,35,,,0,68,,80348,35,,,0,30,,80349,35,,,0,72,,80350,35,,,0,28,,80351,35,,,0,67,,80352,35,,,0,28,,80353,35,,,0,69,,80354,35,,,0,26,,80355,35,,,0,65,,80356,35,,,0,25,,80357,35,,,0,23,,80358,35,,,0,64,,80380,35,,,0,24,,80379,35,,,0,64,,80359,23,,,0,30,,80360,23,,,0,70,,80361,23,,,0,30,,80362,23,,,0,70,,80363,23,,,0,29,,80364,23,,,0,70,,80365,23,,,0
300,'8_7',926,,83986,35,,,0,33,,83987,35,,,0,75,,83988,35,,,0,74,,83989,35,,,0,32,,83980,35,,,0,72,,83985,35,,,0,33,,83984,35,,,0,72,,83983,35,,,0,33,,83982,35,,,0,72,,83964,35,,,0,28,,83965,35,,,0,70,,83966,35,,,0,28,,83967,35,,,0,68,,83968,35,,,0,30,,83969,35,,,0,72,,83970,35,,,0,28,,83971,35,,,0,67,,83972,35,,,0,28,,83973,35,,,0,69,,83974,35,,,0,26,,83975,35,,,0,65,,83976,35,,,0,25,,83977,35,,,0,23,,83978,35,,,0,64,,83981,35,,,0,24,,83979,35,,,0
400,'0_6',730,,64825,17,0,40,0,95,,64817,17,0,40,0,30,,64806,29,0,40,0,70,,64805,17,0,40,0,31,,64804,17,0,40,0,72,,64807,17,0,40,0,31,,64821,29,0,40,0,71,,64808,17,0,40,0,70,,64809,17,0,40,0,31,,64827,17,0,40,0,69,,64824,29,0,40,0,30,,64810,17,0,40,0,70,,64811,17,0,40,0,28,,64812,17,0,40,0,28,,64814,29,0,40,0,71,,64815,17,0,40,0,74,,64813,17,0,40,0,33,,64826,17,0,40,0,24,,64818,29,0,40,0,63,,64822,17,0,40,0,29,,64823,17,0,40,0,76,,64819,17,0,40,0,30,,64820,29,0,40,0,85,,64816,29,0,40,0
400,'1_7',835,,64828,29,0,40,0,165,,64829,29,0,40,0,125,,64830,29,0,40,0,200,,64831,29,0,40,0,126,,64832,29,0,40,0,165,,64833,29,0,40,0,126,,64834,29,0,40,0,165,,64835,29,0,40,0
400,'7_1',715,,80471,17,,,0,35,,80468,17,0,40,0,75,,80462,17,0,40,0,30,,80449,29,0,40,0,70,,80448,17,0,40,0,30,,80447,17,0,40,0,77,,80450,17,0,40,0,68,,80469,29,0,40,0,30,,80451,17,0,40,0,75,,80452,17,0,40,0,32,,80465,17,0,40,0,63,,80463,29,0,40,0,30,,80453,17,0,40,0,70,,80454,17,0,40,0,26,,80455,17,0,40,0,30,,80457,29,0,40,0,71,,80458,17,0,40,0,74,,80456,17,0,40,0,33,,80467,17,,,0,68,,80464,29,0,40,0,28,,80459,17,0,40,0,25,,80460,29,,,0,71,,80466,17,0,40,0,75,,80470,29,0,40,0,46,,80461,29,0,40,0
400,'7_2',715,,82392,17,,,0,35,,82389,17,0,40,0,75,,82383,17,0,40,0,30,,82370,29,0,40,0,70,,82369,17,0,40,0,30,,82368,17,0,40,0,77,,82371,17,0,40,0,68,,82390,29,0,40,0,30,,82372,17,0,40,0,75,,82373,17,0,40,0,32,,82386,17,0,40,0,63,,82384,29,0,40,0,30,,82374,17,0,40,0,70,,82375,17,0,40,0,26,,82376,17,0,40,0,30,,82378,29,0,40,0,71,,82379,17,0,40,0,74,,82377,17,0,40,0,33,,82388,17,,,0,68,,82385,29,0,40,0,28,,82380,17,0,40,0,25,,82381,29,,,0,71,,82387,17,0,40,0,75,,82391,29,0,40,0,46,,82382,29,0,40,0
400,'7_3',715,,82417,17,,,0,35,,82414,17,0,40,0,75,,82408,17,0,40,0,30,,82395,29,0,40,0,70,,82394,17,0,40,0,30,,82393,17,0,40,0,77,,82396,17,0,40,0,68,,82415,29,0,40,0,30,,82397,17,0,40,0,75,,82398,17,0,40,0,32,,82411,17,0,40,0,63,,82409,29,0,40,0,30,,82399,17,0,40,0,70,,82400,17,0,40,0,26,,82401,17,0,40,0,30,,82403,29,0,40,0,71,,82404,17,0,40,0,74,,82402,17,0,40,0,33,,82413,17,,,0,68,,82410,29,0,40,0,28,,82405,17,0,40,0,25,,82406,29,,,0,71,,82412,17,0,40,0,75,,82416,29,0,40,0,46,,82407,29,0,40,0
400,'7_4',715,,79316,17,,,0,35,,79313,17,0,40,0,75,,79307,17,0,40,0,30,,79294,29,0,40,0,70,,79293,17,0,40,0,30,,79292,17,0,40,0,77,,79295,17,0,40,0,68,,79314,29,0,40,0,30,,79296,17,0,40,0,75,,79297,17,0,40,0,32,,79310,17,0,40,0,63,,79308,29,0,40,0,30,,79298,17,0,40,0,70,,79299,17,0,40,0,26,,79300,17,0,40,0,30,,79302,29,0,40,0,71,,79303,17,0,40,0,74,,79301,17,0,40,0,33,,79312,17,,,0,68,,79309,29,0,40,0,28,,79304,17,0,40,0,25,,79305,29,,,0,71,,79311,17,0,40,0,75,,79315,29,0,40,0,46,,79306,29,0,40,0
400,'7_5',715,,80496,17,,,0,35,,80493,17,0,40,0,75,,80487,17,0,40,0,30,,80474,29,0,40,0,70,,80473,17,0,40,0,30,,80472,17,0,40,0,77,,80475,17,0,40,0,68,,80494,29,0,40,0,30,,80476,17,0,40,0,75,,80477,17,0,40,0,32,,80490,17,0,40,0,63,,80488,29,0,40,0,30,,80478,17,0,40,0,70,,80479,17,0,40,0,26,,80480,17,0,40,0,30,,80482,29,0,40,0,71,,80483,17,0,40,0,74,,80481,17,0,40,0,33,,80492,17,,,0,68,,80489,29,0,40,0,28,,80484,17,0,40,0,25,,80485,29,,,0,71,,80491,17,0,40,0,75,,80495,29,0,40,0,46,,80486,29,0,40,0
400,'8_7',835,,84017,29,0,40,0,165,,84018,29,0,40,0,125,,84019,29,0,40,0,200,,84020,29,0,40,0,126,,84021,29,0,40,0,165,,84022,29,0,40,0,126,,84023,29,0,40,0,165,,84024,29,0,40,0
500,'0_6',715,,65341,37,,,0,33,,65342,37,,,0,102,,65343,37,,,0,102,,65344,37,,,0,98,,65345,37,,,0,99,,65346,37,,,0,99,,65347,37,,,0,98,,65348,37,,,0,81,,65349,37,,,0,78,,65350,37,,,0,99,,65351,37,,,0,102,,65352,37,,,0,100,,65353,37,,,0,33,,65354,37,,,0,66,,65355,37,,,0,97,,65356,37,,,0
500,'1_7',1234,,65357,37,,,0,191,,65358,37,,,0,191,,65359,37,,,0,184,,65360,37,,,0,151,,65361,37,,,0
500,'7_1',715,,80549,37,,,0,33,,80550,37,,,0,102,,80551,37,,,0,102,,80552,37,,,0,98,,80553,37,,,0,99,,80554,37,,,0,99,,80555,37,,,0,98,,80556,37,,,0,81,,80557,37,,,0,78,,80558,37,,,0,99,,80559,37,,,0,102,,80560,37,,,0,100,,80561,37,,,0,33,,80562,37,,,0,66,,80563,37,,,0,97,,80564,37,,,0
500,'7_2',715,,82470,37,,,0,33,,82471,37,,,0,102,,82472,37,,,0,102,,82473,37,,,0,98,,82474,37,,,0,99,,82475,37,,,0,99,,82476,37,,,0,98,,82477,37,,,0,81,,82478,37,,,0,78,,82479,37,,,0,99,,82480,37,,,0,102,,82481,37,,,0,100,,82482,37,,,0,33,,82483,37,,,0,66,,82484,37,,,0,97,,82485,37,,,0
500,'7_3',715,,82486,37,,,0,33,,82487,37,,,0,102,,82488,37,,,0,102,,82489,37,,,0,98,,82490,37,,,0,99,,82491,37,,,0,99,,82492,37,,,0,98,,82493,37,,,0,81,,82494,37,,,0,78,,82495,37,,,0,99,,82496,37,,,0,102,,82497,37,,,0,100,,82498,37,,,0,33,,82499,37,,,0,66,,82500,37,,,0,97,,82501,37,,,0
500,'7_4',715,,79343,37,,,0,33,,79344,37,,,0,102,,79345,37,,,0,102,,79346,37,,,0,98,,79347,37,,,0,99,,79348,37,,,0,99,,79349,37,,,0,98,,79350,37,,,0,81,,79351,37,,,0,78,,79352,37,,,0,99,,79353,37,,,0,102,,79354,37,,,0,100,,79355,37,,,0,33,,79356,37,,,0,66,,79357,37,,,0,97,,79358,37,,,0
500,'7_5',715,,80565,37,,,0,33,,80566,37,,,0,102,,80567,37,,,0,102,,80568,37,,,0,98,,80569,37,,,0,99,,80570,37,,,0,99,,80571,37,,,0,98,,80572,37,,,0,81,,80573,37,,,0,78,,80574,37,,,0,99,,80575,37,,,0,102,,80576,37,,,0,100,,80577,37,,,0,33,,80578,37,,,0,66,,80579,37,,,0,97,,80580,37,,,0
500,'8_7',1234,,84032,37,,,0,191,,84033,37,,,0,191,,84034,37,,,0,184,,84035,37,,,0,151,,84036,37,,,0
2600,'0_6',730,,67928,16,,,0,85,,67929,16,,,0,85,,67930,16,,,0,45,,67931,16,,,0,84,,67932,16,,,0,90,,67933,16,,,0,84,,67934,16,,,0,42,,67935,16,,,0,85,,67936,16,,,0,85,,67937,16,,,0,43,,67938,16,,,0,85,,67939,16,,,0,90,,67940,16,,,0,86,,67941,16,,,0,83,,67942,16,,,0,45,,67943,16,,,0,83,,67944,16,,,0
2600,'7_1',730,,81048,16,,,0,85,,81049,16,,,0,85,,81050,16,,,0,45,,81051,16,,,0,84,,81052,16,,,0,90,,81053,16,,,0,84,,81054,16,,,0,42,,81055,16,,,0,85,,81056,16,,,0,85,,81057,16,,,0,43,,81058,16,,,0,85,,81059,16,,,0,90,,81060,16,,,0,86,,81061,16,,,0,83,,81062,16,,,0,45,,81063,16,,,0,83,,81064,16,,,0
2600,'7_2',730,,82968,16,,,0,85,,82969,16,,,0,85,,82970,16,,,0,45,,82971,16,,,0,84,,82972,16,,,0,90,,82973,16,,,0,84,,82974,16,,,0,42,,82975,16,,,0,85,,82976,16,,,0,85,,82977,16,,,0,43,,82978,16,,,0,85,,82979,16,,,0,90,,82980,16,,,0,86,,82981,16,,,0,83,,82982,16,,,0,45,,82983,16,,,0,83,,82984,16,,,0
2600,'7_3',730,,82985,16,,,0,85,,82986,16,,,0,85,,82987,16,,,0,45,,82988,16,,,0,84,,82989,16,,,0,90,,82990,16,,,0,84,,82991,16,,,0,42,,82992,16,,,0,85,,82993,16,,,0,85,,82994,16,,,0,43,,82995,16,,,0,85,,82996,16,,,0,90,,82997,16,,,0,86,,82998,16,,,0,83,,82999,16,,,0,45,,83000,16,,,0,83,,83001,16,,,0
2600,'7_4',730,,79592,16,,,0,85,,79593,16,,,0,85,,79594,16,,,0,45,,79595,16,,,0,84,,79596,16,,,0,90,,79597,16,,,0,84,,79598,16,,,0,42,,79599,16,,,0,85,,79600,16,,,0,85,,79601,16,,,0,43,,79602,16,,,0,85,,79603,16,,,0,90,,79604,16,,,0,86,,79605,16,,,0,83,,79606,16,,,0,45,,79607,16,,,0,83,,79608,16,,,0
2600,'7_5',730,,81065,16,,,0,85,,81066,16,,,0,85,,81067,16,,,0,45,,81068,16,,,0,84,,81069,16,,,0,90,,81070,16,,,0,84,,81071,16,,,0,42,,81072,16,,,0,85,,81073,16,,,0,85,,81074,16,,,0,43,,81075,16,,,0,85,,81076,16,,,0,90,,81077,16,,,0,86,,81078,16,,,0,83,,81079,16,,,0,45,,81080,16,,,0,83,,81081,16,,,0
901500,'0_6',858,,68498,11,,,0,60,,68499,11,,,0,20,,68500,11,,,0,20,,68501,11,,,0,60,,68502,11,,,0,20,,68503,11,,,0,20,,68504,11,,,0,60,,68505,11,,,0,20,,68506,11,,,0,20,,68507,11,,,0,60,,68508,11,,,0,20,,68509,11,,,0,20,,68510,11,,,0,60,,68511,11,,,0,20,,68512,11,,,0,20,,68513,11,,,0,60,,68514,11,,,0,20,,68515,11,,,0,20,,68516,11,,,0,80,,68517,11,,,0,20,,68518,11,,,0,60,,68519,11,,,0,20,,68520,11,,,0,20,,68521,11,,,0,60,,68522,11,,,0,20,,68523,11,,,0,20,,68524,11,,,0,60,,68525,11,,,0,20,,68526,11,,,0,20,,68527,11,,,0,60,,68528,11,,,0,20,,68529,11,,,0
901500,'7_1',858,,81148,11,,,0,60,,81149,11,,,0,20,,81150,11,,,0,20,,81151,11,,,0,60,,81152,11,,,0,20,,81153,11,,,0,20,,81154,11,,,0,60,,81155,11,,,0,20,,81156,11,,,0,20,,81157,11,,,0,60,,81158,11,,,0,20,,81159,11,,,0,20,,81160,11,,,0,60,,81161,11,,,0,20,,81162,11,,,0,20,,81163,11,,,0,60,,81164,11,,,0,20,,81165,11,,,0,20,,81166,11,,,0,80,,81167,11,,,0,20,,81168,11,,,0,60,,81169,11,,,0,20,,81170,11,,,0,20,,81171,11,,,0,60,,81172,11,,,0,20,,81173,11,,,0,20,,81174,11,,,0,60,,81175,11,,,0,20,,81176,11,,,0,20,,81177,11,,,0,60,,81178,11,,,0,20,,81179,11,,,0
901500,'7_2',858,,83068,11,,,0,60,,83069,11,,,0,20,,83070,11,,,0,20,,83071,11,,,0,60,,83072,11,,,0,20,,83073,11,,,0,20,,83074,11,,,0,60,,83075,11,,,0,20,,83076,11,,,0,20,,83077,11,,,0,60,,83078,11,,,0,20,,83079,11,,,0,20,,83080,11,,,0,60,,83081,11,,,0,20,,83082,11,,,0,20,,83083,11,,,0,60,,83084,11,,,0,20,,83085,11,,,0,20,,83086,11,,,0,80,,83087,11,,,0,20,,83088,11,,,0,60,,83089,11,,,0,20,,83090,11,,,0,20,,83091,11,,,0,60,,83092,11,,,0,20,,83093,11,,,0,20,,83094,11,,,0,60,,83095,11,,,0,20,,83096,11,,,0,20,,83097,11,,,0,60,,83098,11,,,0,20,,83099,11,,,0
901500,'7_3',858,,83100,11,,,0,60,,83101,11,,,0,20,,83102,11,,,0,20,,83103,11,,,0,60,,83104,11,,,0,20,,83105,11,,,0,20,,83106,11,,,0,60,,83107,11,,,0,20,,83108,11,,,0,20,,83109,11,,,0,60,,83110,11,,,0,20,,83111,11,,,0,20,,83112,11,,,0,60,,83113,11,,,0,20,,83114,11,,,0,20,,83115,11,,,0,60,,83116,11,,,0,20,,83117,11,,,0,20,,83118,11,,,0,80,,83119,11,,,0,20,,83120,11,,,0,60,,83121,11,,,0,20,,83122,11,,,0,20,,83123,11,,,0,60,,83124,11,,,0,20,,83125,11,,,0,20,,83126,11,,,0,60,,83127,11,,,0,20,,83128,11,,,0,20,,83129,11,,,0,60,,83130,11,,,0,20,,83131,11,,,0
901500,'7_4',858,,79642,11,,,0,60,,79643,11,,,0,20,,79644,11,,,0,20,,79645,11,,,0,60,,79646,11,,,0,20,,79647,11,,,0,20,,79648,11,,,0,60,,79649,11,,,0,20,,79650,11,,,0,20,,79651,11,,,0,60,,79652,11,,,0,20,,79653,11,,,0,20,,79654,11,,,0,60,,79655,11,,,0,20,,79656,11,,,0,20,,79657,11,,,0,60,,79658,11,,,0,20,,79659,11,,,0,20,,79660,11,,,0,80,,79661,11,,,0,20,,79662,11,,,0,60,,79663,11,,,0,20,,79664,11,,,0,20,,79665,11,,,0,60,,79666,11,,,0,20,,79667,11,,,0,20,,79668,11,,,0,60,,79669,11,,,0,20,,79670,11,,,0,20,,79671,11,,,0,60,,79672,11,,,0,20,,79673,11,,,0
901500,'7_5',858,,81180,11,,,0,60,,81181,11,,,0,20,,81182,11,,,0,20,,81183,11,,,0,60,,81184,11,,,0,20,,81185,11,,,0,20,,81186,11,,,0,60,,81187,11,,,0,20,,81188,11,,,0,20,,81189,11,,,0,60,,81190,11,,,0,20,,81191,11,,,0,20,,81192,11,,,0,60,,81193,11,,,0,20,,81194,11,,,0,20,,81195,11,,,0,60,,81196,11,,,0,20,,81197,11,,,0,20,,81198,11,,,0,80,,81199,11,,,0,20,,81200,11,,,0,60,,81201,11,,,0,20,,81202,11,,,0,20,,81203,11,,,0,60,,81204,11,,,0,20,,81205,11,,,0,20,,81206,11,,,0,60,,81207,11,,,0,20,,81208,11,,,0,20,,81209,11,,,0,60,,81210,11,,,0,20,,81211,11,,,0
2000000,'0_6',652,,70109,15,,,0,81,,70110,15,,,0,79,,70111,15,,,0,30,,70112,15,,,0,60,,70113,15,,,0,20,,70114,15,,,0,19,,70115,15,,,0,18,,70116,15,,,0,60,,70117,15,,,0,20,,70118,15,,,0,18,,70119,15,,,0,59,,70120,15,,,0,19,,70121,15,,,0,20,,70122,15,,,0,58,,70123,15,,,0,19,,70124,15,,,0,18,,70125,15,,,0,59,,70126,15,,,0,19,,70127,15,,,0,19,,70128,15,,,0,58,,70129,15,,,0,19,,70130,15,,,0,20,,70131,15,,,0,60,,70132,15,,,0,19,,70133,15,,,0,19,,70134,15,,,0,60,,70135,15,,,0,20,,70136,15,,,0,20,,70137,15,,,0,60,,70138,15,,,0,19,,70139,15,,,0,20,,70140,15,,,0,60,,70141,15,,,0,20,,70142,15,,,0,18,,70143,15,,,0,20,,70144,15,,,0,64,,70145,15,,,0,24,,70146,15,,,0,65,,70147,15,,,0,24,,70148,15,,,0,65,,70149,15,,,0
2000000,'1_7',829,,70150,15,,,0,80,,70151,15,,,0,40,,70152,15,,,0,80,,70153,15,,,0,80,,70154,15,,,0,40,,70155,15,,,0,80,,70156,15,,,0,80,,70157,15,,,0,40,,70158,15,,,0,80,,70159,15,,,0,80,,70160,15,,,0,40,,70161,15,,,0,80,,70162,15,,,0,80,,70163,15,,,0,40,,70164,15,,,0,80,,70165,15,,,0,80,,70166,15,,,0,40,,70167,15,,,0
2000000,'7_1',652,,81458,15,,,0,65,,81459,15,,,0,25,,81499,15,,,0,60,,81460,15,,,0,21,,81461,15,,,0,20,,81462,15,,,0,61,,81463,15,,,0,20,,81464,15,,,0,19,,81465,15,,,0,58,,81466,15,,,0,18,,81467,15,,,0,19,,81468,15,,,0,19,,81469,15,,,0,59,,81470,15,,,0,19,,81471,15,,,0,19,,81472,15,,,0,59,,81473,15,,,0,19,,81474,15,,,0,19,,81475,15,,,0,59,,81476,15,,,0,18,,81477,15,,,0,19,,81478,15,,,0,59,,81479,15,,,0,19,,81480,15,,,0,20,,81481,15,,,0,60,,81482,15,,,0,19,,81483,15,,,0,19,,81484,15,,,0,59,,81485,15,,,0,20,,81486,15,,,0,20,,81487,15,,,0,61,,81488,15,,,0,21,,81489,15,,,0,21,,81490,15,,,0,61,,81491,15,,,0,21,,81492,15,,,0,21,,81493,15,,,0,61,,81494,15,,,0,20,,81495,15,,,0,19,,81496,15,,,0,64,,81497,15,,,0,24,,81498,15,,,0,65,,81500,15,,,0
2000000,'7_2',652,,83378,15,,,0,65,,83379,15,,,0,25,,83419,15,,,0,60,,83380,15,,,0,21,,83381,15,,,0,20,,83382,15,,,0,61,,83383,15,,,0,20,,83384,15,,,0,19,,83385,15,,,0,58,,83386,15,,,0,18,,83387,15,,,0,19,,83388,15,,,0,19,,83389,15,,,0,59,,83390,15,,,0,19,,83391,15,,,0,19,,83392,15,,,0,59,,83393,15,,,0,19,,83394,15,,,0,19,,83395,15,,,0,59,,83396,15,,,0,18,,83397,15,,,0,19,,83398,15,,,0,59,,83399,15,,,0,19,,83400,15,,,0,20,,83401,15,,,0,60,,83402,15,,,0,19,,83403,15,,,0,19,,83404,15,,,0,59,,83405,15,,,0,20,,83406,15,,,0,20,,83407,15,,,0,61,,83408,15,,,0,21,,83409,15,,,0,21,,83410,15,,,0,61,,83411,15,,,0,21,,83412,15,,,0,21,,83413,15,,,0,61,,83414,15,,,0,20,,83415,15,,,0,19,,83416,15,,,0,64,,83417,15,,,0,24,,83418,15,,,0,65,,83420,15,,,0
2000000,'7_3',652,,83421,15,,,0,65,,83422,15,,,0,25,,83462,15,,,0,60,,83423,15,,,0,21,,83424,15,,,0,20,,83425,15,,,0,61,,83426,15,,,0,20,,83427,15,,,0,19,,83428,15,,,0,58,,83429,15,,,0,18,,83430,15,,,0,19,,83431,15,,,0,19,,83432,15,,,0,59,,83433,15,,,0,19,,83434,15,,,0,19,,83435,15,,,0,59,,83436,15,,,0,19,,83437,15,,,0,19,,83438,15,,,0,59,,83439,15,,,0,18,,83440,15,,,0,19,,83441,15,,,0,59,,83442,15,,,0,19,,83443,15,,,0,20,,83444,15,,,0,60,,83445,15,,,0,19,,83446,15,,,0,19,,83447,15,,,0,59,,83448,15,,,0,20,,83449,15,,,0,20,,83450,15,,,0,61,,83451,15,,,0,21,,83452,15,,,0,21,,83453,15,,,0,61,,83454,15,,,0,21,,83455,15,,,0,21,,83456,15,,,0,61,,83457,15,,,0,20,,83458,15,,,0,19,,83459,15,,,0,64,,83460,15,,,0,24,,83461,15,,,0,65,,83463,15,,,0
2000000,'7_4',652,,79797,15,,,0,65,,79798,15,,,0,25,,79838,15,,,0,60,,79799,15,,,0,21,,79800,15,,,0,20,,79801,15,,,0,61,,79802,15,,,0,20,,79803,15,,,0,19,,79804,15,,,0,58,,79805,15,,,0,18,,79806,15,,,0,19,,79807,15,,,0,19,,79808,15,,,0,59,,79809,15,,,0,19,,79810,15,,,0,19,,79811,15,,,0,59,,79812,15,,,0,19,,79813,15,,,0,19,,79814,15,,,0,59,,79815,15,,,0,18,,79816,15,,,0,19,,79817,15,,,0,59,,79818,15,,,0,19,,79819,15,,,0,20,,79820,15,,,0,60,,79821,15,,,0,19,,79822,15,,,0,19,,79823,15,,,0,59,,79824,15,,,0,20,,79825,15,,,0,20,,79826,15,,,0,61,,79827,15,,,0,21,,79828,15,,,0,21,,79829,15,,,0,61,,79830,15,,,0,21,,79831,15,,,0,21,,79832,15,,,0,61,,79833,15,,,0,20,,79834,15,,,0,19,,79835,15,,,0,64,,79836,15,,,0,24,,79837,15,,,0,65,,79839,15,,,0
2000000,'7_5',652,,81501,15,,,0,65,,81502,15,,,0,25,,81542,15,,,0,60,,81503,15,,,0,21,,81504,15,,,0,20,,81505,15,,,0,61,,81506,15,,,0,20,,81507,15,,,0,19,,81508,15,,,0,58,,81509,15,,,0,18,,81510,15,,,0,19,,81511,15,,,0,19,,81512,15,,,0,59,,81513,15,,,0,19,,81514,15,,,0,19,,81515,15,,,0,59,,81516,15,,,0,19,,81517,15,,,0,19,,81518,15,,,0,59,,81519,15,,,0,18,,81520,15,,,0,19,,81521,15,,,0,59,,81522,15,,,0,19,,81523,15,,,0,20,,81524,15,,,0,60,,81525,15,,,0,19,,81526,15,,,0,19,,81527,15,,,0,59,,81528,15,,,0,20,,81529,15,,,0,20,,81530,15,,,0,61,,81531,15,,,0,21,,81532,15,,,0,21,,81533,15,,,0,61,,81534,15,,,0,21,,81535,15,,,0,21,,81536,15,,,0,61,,81537,15,,,0,20,,81538,15,,,0,19,,81539,15,,,0,64,,81540,15,,,0,24,,81541,15,,,0,65,,81543,15,,,0
2000000,'8_7',829,,84113,15,,,0,80,,84114,15,,,0,40,,84115,15,,,0,80,,84116,15,,,0,80,,84117,15,,,0,40,,84118,15,,,0,80,,84119,15,,,0,80,,84120,15,,,0,40,,84121,15,,,0,80,,84122,15,,,0,80,,84123,15,,,0,40,,84124,15,,,0,80,,84125,15,,,0,80,,84126,15,,,0,40,,84127,15,,,0,80,,84128,15,,,0,80,,84129,15,,,0,40,,84130,15,,,0
3000000,'0_6',644,,71221,11,,,0,81,,71222,11,,,0,81,,71223,11,,,0,30,,71224,11,,,0,20,,71225,11,,,0,60,,71226,11,,,0,21,,71227,11,,,0,20,,71228,11,,,0,60,,71229,11,,,0,20,,71230,11,,,0,20,,71231,11,,,0,59,,71232,11,,,0,20,,71233,11,,,0,20,,71234,11,,,0,60,,71235,11,,,0,19,,71236,11,,,0,20,,71237,11,,,0,60,,71238,11,,,0,20,,71239,11,,,0,20,,71240,11,,,0,61,,71241,11,,,0,20,,71242,11,,,0,20,,71243,11,,,0,60,,71244,11,,,0,20,,71245,11,,,0,20,,71246,11,,,0,60,,71247,11,,,0,20,,71248,11,,,0,20,,71249,11,,,0,60,,71250,11,,,0,20,,71251,11,,,0,20,,71252,11,,,0,59,,71253,11,,,0,20,,71254,11,,,0,19,,71255,11,,,0,70,,71256,11,,,0,30,,71257,11,,,0,70,,71258,11,,,0,29,,71259,11,,,0
3000000,'1_7',805,,71260,11,,,0,130,,71261,11,,,0,170,,71262,11,,,0,130,,71263,11,,,0,170,,71264,11,,,0,130,,71265,11,,,0,170,,71266,11,,,0,129,,71267,11,,,0,170,,71268,11,,,0
3000000,'7_1',640,,81705,11,,,0,60,,81704,11,,,0,20,,81664,11,,,0,20,,81665,11,,,0,60,,81666,11,,,0,20,,81667,11,,,0,20,,81668,11,,,0,61,,81669,11,,,0,20,,81670,11,,,0,20,,81671,11,,,0,61,,81672,11,,,0,20,,81673,11,,,0,20,,81674,11,,,0,60,,81675,11,,,0,20,,81676,11,,,0,20,,81677,11,,,0,60,,81678,11,,,0,19,,81679,11,,,0,20,,81680,11,,,0,60,,81681,11,,,0,21,,81682,11,,,0,20,,81683,11,,,0,60,,81684,11,,,0,20,,81685,11,,,0,19,,81686,11,,,0,60,,81687,11,,,0,20,,81688,11,,,0,20,,81689,11,,,0,60,,81690,11,,,0,19,,81691,11,,,0,20,,81692,11,,,0,61,,81693,11,,,0,20,,81694,11,,,0,21,,81695,11,,,0,60,,81696,11,,,0,20,,81697,11,,,0,19,,81698,11,,,0,59,,81699,11,,,0,18,,81700,11,,,0,29,,81701,11,,,0,73,,81702,11,,,0,33,,81703,11,,,0
3000000,'7_2',640,,83625,11,,,0,60,,83624,11,,,0,20,,83584,11,,,0,20,,83585,11,,,0,60,,83586,11,,,0,20,,83587,11,,,0,20,,83588,11,,,0,61,,83589,11,,,0,20,,83590,11,,,0,20,,83591,11,,,0,61,,83592,11,,,0,20,,83593,11,,,0,20,,83594,11,,,0,60,,83595,11,,,0,20,,83596,11,,,0,20,,83597,11,,,0,60,,83598,11,,,0,19,,83599,11,,,0,20,,83600,11,,,0,60,,83601,11,,,0,21,,83602,11,,,0,20,,83603,11,,,0,60,,83604,11,,,0,20,,83605,11,,,0,19,,83606,11,,,0,60,,83607,11,,,0,20,,83608,11,,,0,20,,83609,11,,,0,60,,83610,11,,,0,19,,83611,11,,,0,20,,83612,11,,,0,61,,83613,11,,,0,20,,83614,11,,,0,21,,83615,11,,,0,60,,83616,11,,,0,20,,83617,11,,,0,19,,83618,11,,,0,59,,83619,11,,,0,18,,83620,11,,,0,29,,83621,11,,,0,73,,83622,11,,,0,33,,83623,11,,,0
3000000,'7_3',640,,83667,11,,,0,60,,83666,11,,,0,20,,83626,11,,,0,20,,83627,11,,,0,60,,83628,11,,,0,20,,83629,11,,,0,20,,83630,11,,,0,61,,83631,11,,,0,20,,83632,11,,,0,20,,83633,11,,,0,61,,83634,11,,,0,20,,83635,11,,,0,20,,83636,11,,,0,60,,83637,11,,,0,20,,83638,11,,,0,20,,83639,11,,,0,60,,83640,11,,,0,19,,83641,11,,,0,20,,83642,11,,,0,60,,83643,11,,,0,21,,83644,11,,,0,20,,83645,11,,,0,60,,83646,11,,,0,20,,83647,11,,,0,19,,83648,11,,,0,60,,83649,11,,,0,20,,83650,11,,,0,20,,83651,11,,,0,60,,83652,11,,,0,19,,83653,11,,,0,20,,83654,11,,,0,61,,83655,11,,,0,20,,83656,11,,,0,21,,83657,11,,,0,60,,83658,11,,,0,20,,83659,11,,,0,19,,83660,11,,,0,59,,83661,11,,,0,18,,83662,11,,,0,29,,83663,11,,,0,73,,83664,11,,,0,33,,83665,11,,,0
3000000,'7_4',640,,79941,11,,,0,60,,79940,11,,,0,20,,79900,11,,,0,20,,79901,11,,,0,60,,79902,11,,,0,20,,79903,11,,,0,20,,79904,11,,,0,61,,79905,11,,,0,20,,79906,11,,,0,20,,79907,11,,,0,61,,79908,11,,,0,20,,79909,11,,,0,20,,79910,11,,,0,60,,79911,11,,,0,20,,79912,11,,,0,20,,79913,11,,,0,60,,79914,11,,,0,19,,79915,11,,,0,20,,79916,11,,,0,60,,79917,11,,,0,21,,79918,11,,,0,20,,79919,11,,,0,60,,79920,11,,,0,20,,79921,11,,,0,19,,79922,11,,,0,60,,79923,11,,,0,20,,79924,11,,,0,20,,79925,11,,,0,60,,79926,11,,,0,19,,79927,11,,,0,20,,79928,11,,,0,61,,79929,11,,,0,20,,79930,11,,,0,21,,79931,11,,,0,60,,79932,11,,,0,20,,79933,11,,,0,19,,79934,11,,,0,59,,79935,11,,,0,18,,79936,11,,,0,29,,79937,11,,,0,73,,79938,11,,,0,33,,79939,11,,,0
3000000,'7_5',640,,81747,11,,,0,60,,81746,11,,,0,20,,81706,11,,,0,20,,81707,11,,,0,60,,81708,11,,,0,20,,81709,11,,,0,20,,81710,11,,,0,61,,81711,11,,,0,20,,81712,11,,,0,20,,81713,11,,,0,61,,81714,11,,,0,20,,81715,11,,,0,20,,81716,11,,,0,60,,81717,11,,,0,20,,81718,11,,,0,20,,81719,11,,,0,60,,81720,11,,,0,19,,81721,11,,,0,20,,81722,11,,,0,60,,81723,11,,,0,21,,81724,11,,,0,20,,81725,11,,,0,60,,81726,11,,,0,20,,81727,11,,,0,19,,81728,11,,,0,60,,81729,11,,,0,20,,81730,11,,,0,20,,81731,11,,,0,60,,81732,11,,,0,19,,81733,11,,,0,20,,81734,11,,,0,61,,81735,11,,,0,20,,81736,11,,,0,21,,81737,11,,,0,60,,81738,11,,,0,20,,81739,11,,,0,19,,81740,11,,,0,59,,81741,11,,,0,18,,81742,11,,,0,29,,81743,11,,,0,73,,81744,11,,,0,33,,81745,11,,,0
3000000,'8_7',805,,84150,11,,,0,130,,84151,11,,,0,170,,84158,11,,,0,130,,84157,11,,,0,170,,84156,11,,,0,130,,84154,11,,,0,170,,84155,11,,,0,129,,84153,11,,,0,170,,84152,11,,,0
