200,'0_6',715,,63315,25,0,34,0,30,,63326,22,0,35 37,0,60,,63338,13,0,38,0,20,,63316,25,0,34,0,25,,63327,22,0,35 37,0,60,,63339,25,0,38,0,20,,63317,22,0,34,0,25,,63328,13,0,35 37,0,60,,63340,13,0,38,0,20,,63318,25,0,34,0,65,,63329,22,0,35 37,0,23,,63341,13,0,38,0,23,,63319,25,0,34,0,64,,63330,22,0,35 37,0,20,,63342,13,0,38,0,20,,63320,23,0,34,0,60,,63331,13,0,35 37,0,20,,63343,22,0,38,0,20,,63321,25,0,34,0,60,,63332,22,0,35 37,0,21,,63344,13,0,38,0,21,,63322,25,0,34,0,61,,63333,22,0,35 37,0,21,,63345,13,0,38,0,23,,63323,25,0,34,0,67,,63334,22,0,35 37,0,18,,63346,13,0,38,0,58,,63324,25,0,34,0,25,,63335,22,0,35 37,0,18,,63347,13,0,38,0,57,,63325,25,0,34,0,20,,63349,22,0,35 37,0,25,,63348,13,0,38,0,67,,63336,25,0,35 37,0,23,,63337,22,0,34,0
200,'1_7',940,,63350,22,0,38,0,165,,63351,22,0,38,0,125,,63352,22,0,38,0,110,,63353,22,0,38,0,165,,63354,22,0,38,0,125,,63355,22,0,38,0,125,,63356,22,0,38,0,165,,63357,22,0,38,0
200,'5_1',715,,74023,25,0,34,0,30,,74034,22,0,35 37,0,60,,74046,13,0,38,0,20,,74024,25,0,34,0,25,,74035,22,0,35 37,0,60,,74047,25,0,38,0,20,,74025,22,0,34,0,25,,74036,13,0,35 37,0,60,,74048,13,0,38,0,20,,74026,25,0,34,0,65,,74037,22,0,35 37,0,23,,74049,13,0,38,0,23,,74027,25,0,34,0,64,,74038,22,0,35 37,0,20,,74050,13,0,38,0,20,,74028,23,0,34,0,60,,74039,13,0,35 37,0,20,,74051,22,0,38,0,20,,74029,25,0,34,0,60,,74040,22,0,35 37,0,21,,74052,13,0,38,0,21,,74030,25,0,34,0,61,,74041,22,0,35 37,0,21,,74053,13,0,38,0,23,,74031,25,0,34,0,67,,74042,22,0,35 37,0,18,,74054,13,0,38,0,58,,74032,25,0,34,0,25,,74043,22,0,35 37,0,18,,74055,13,0,38,0,57,,74033,25,0,34,0,20,,74057,22,0,35 37,0,25,,74056,13,0,38,0,67,,74044,25,0,35 37,0,23,,74045,22,0,34,0
200,'5_2',715,,75083,25,0,34,0,30,,75094,22,0,35 37,0,60,,75106,13,0,38,0,20,,75084,25,0,34,0,25,,75095,22,0,35 37,0,60,,75107,25,0,38,0,20,,75085,22,0,34,0,25,,75096,13,0,35 37,0,60,,75108,13,0,38,0,20,,75086,25,0,34,0,65,,75097,22,0,35 37,0,23,,75109,13,0,38,0,23,,75087,25,0,34,0,64,,75098,22,0,35 37,0,20,,75110,13,0,38,0,20,,75088,23,0,34,0,60,,75099,13,0,35 37,0,20,,75111,22,0,38,0,20,,75089,25,0,34,0,60,,75100,22,0,35 37,0,21,,75112,13,0,38,0,21,,75090,25,0,34,0,61,,75101,22,0,35 37,0,21,,75113,13,0,38,0,23,,75091,25,0,34,0,67,,75102,22,0,35 37,0,18,,75114,13,0,38,0,58,,75092,25,0,34,0,25,,75103,22,0,35 37,0,18,,75115,13,0,38,0,57,,75093,25,0,34,0,20,,75117,22,0,35 37,0,25,,75116,13,0,38,0,67,,75104,25,0,35 37,0,23,,75105,22,0,34,0
200,'5_3',715,,75118,25,0,34,0,30,,75129,22,0,35 37,0,60,,75141,13,0,38,0,20,,75119,25,0,34,0,25,,75130,22,0,35 37,0,60,,75142,25,0,38,0,20,,75120,22,0,34,0,25,,75131,13,0,35 37,0,60,,75143,13,0,38,0,20,,75121,25,0,34,0,65,,75132,22,0,35 37,0,23,,75144,13,0,38,0,23,,75122,25,0,34,0,64,,75133,22,0,35 37,0,20,,75145,13,0,38,0,20,,75123,23,0,34,0,60,,75134,13,0,35 37,0,20,,75146,22,0,38,0,20,,75124,25,0,34,0,60,,75135,22,0,35 37,0,21,,75147,13,0,38,0,21,,75125,25,0,34,0,61,,75136,22,0,35 37,0,21,,75148,13,0,38,0,23,,75126,25,0,34,0,67,,75137,22,0,35 37,0,18,,75149,13,0,38,0,58,,75127,25,0,34,0,25,,75138,22,0,35 37,0,18,,75150,13,0,38,0,57,,75128,25,0,34,0,20,,75152,22,0,35 37,0,25,,75151,13,0,38,0,67,,75139,25,0,35 37,0,23,,75140,22,0,34,0
200,'7_1',715,,80172,25,0,34,0,30,,80183,22,0,35 37,0,60,,80195,13,0,38,0,20,,80173,25,0,34,0,25,,80184,22,0,35 37,0,60,,80196,25,0,38,0,20,,80174,22,0,34,0,25,,80185,13,0,35 37,0,60,,80197,13,0,38,0,20,,80175,25,0,34,0,65,,80186,22,0,35 37,0,23,,80198,13,0,38,0,23,,80176,25,0,34,0,64,,80187,22,0,35 37,0,20,,80199,13,0,38,0,20,,80177,23,0,34,0,60,,80188,13,0,35 37,0,20,,80200,22,0,38,0,20,,80178,25,0,34,0,60,,80189,22,0,35 37,0,21,,80201,13,0,38,0,21,,80179,25,0,34,0,61,,80190,22,0,35 37,0,21,,80202,13,0,38,0,23,,80180,25,0,34,0,67,,80191,22,0,35 37,0,18,,80203,13,0,38,0,58,,80181,25,0,34,0,25,,80192,22,0,35 37,0,18,,80204,13,0,38,0,57,,80182,25,0,34,0,20,,80206,22,0,35 37,0,25,,80205,13,0,38,0,67,,80193,25,0,35 37,0,23,,80194,22,0,34,0
200,'7_2',715,,82108,25,0,34,0,30,,82119,22,0,35 37,0,60,,82131,13,0,38,0,20,,82109,25,0,34,0,25,,82120,22,0,35 37,0,60,,82132,25,0,38,0,20,,82110,22,0,34,0,25,,82121,13,0,35 37,0,60,,82133,13,0,38,0,20,,82111,25,0,34,0,65,,82122,22,0,35 37,0,23,,82134,13,0,38,0,23,,82112,25,0,34,0,64,,82123,22,0,35 37,0,20,,82135,13,0,38,0,20,,82113,23,0,34,0,60,,82124,13,0,35 37,0,20,,82136,22,0,38,0,20,,82114,25,0,34,0,60,,82125,22,0,35 37,0,21,,82137,13,0,38,0,21,,82115,25,0,34,0,61,,82126,22,0,35 37,0,21,,82138,13,0,38,0,23,,82116,25,0,34,0,67,,82127,22,0,35 37,0,18,,82139,13,0,38,0,58,,82117,25,0,34,0,25,,82128,22,0,35 37,0,18,,82140,13,0,38,0,57,,82118,25,0,34,0,20,,82142,22,0,35 37,0,25,,82141,13,0,38,0,67,,82129,25,0,35 37,0,23,,82130,22,0,34,0
200,'7_3',715,,82143,25,0,34,0,30,,82154,22,0,35 37,0,60,,82166,13,0,38,0,20,,82144,25,0,34,0,25,,82155,22,0,35 37,0,60,,82167,25,0,38,0,20,,82145,22,0,34,0,25,,82156,13,0,35 37,0,60,,82168,13,0,38,0,20,,82146,25,0,34,0,65,,82157,22,0,35 37,0,23,,82169,13,0,38,0,23,,82147,25,0,34,0,64,,82158,22,0,35 37,0,20,,82170,13,0,38,0,20,,82148,23,0,34,0,60,,82159,13,0,35 37,0,20,,82171,22,0,38,0,20,,82149,25,0,34,0,60,,82160,22,0,35 37,0,21,,82172,13,0,38,0,21,,82150,25,0,34,0,61,,82161,22,0,35 37,0,21,,82173,13,0,38,0,23,,82151,25,0,34,0,67,,82162,22,0,35 37,0,18,,82174,13,0,38,0,58,,82152,25,0,34,0,25,,82163,22,0,35 37,0,18,,82175,13,0,38,0,57,,82153,25,0,34,0,20,,82177,22,0,35 37,0,25,,82176,13,0,38,0,67,,82164,25,0,35 37,0,23,,82165,22,0,34,0
200,'7_4',715,,79162,25,0,34,0,30,,79173,22,0,35 37,0,60,,79185,13,0,38,0,20,,79163,25,0,34,0,25,,79174,22,0,35 37,0,60,,79186,25,0,38,0,20,,79164,22,0,34,0,25,,79175,13,0,35 37,0,60,,79187,13,0,38,0,20,,79165,25,0,34,0,65,,79176,22,0,35 37,0,23,,79188,13,0,38,0,23,,79166,25,0,34,0,64,,79177,22,0,35 37,0,20,,79189,13,0,38,0,20,,79167,23,0,34,0,60,,79178,13,0,35 37,0,20,,79190,22,0,38,0,20,,79168,25,0,34,0,60,,79179,22,0,35 37,0,21,,79191,13,0,38,0,21,,79169,25,0,34,0,61,,79180,22,0,35 37,0,21,,79192,13,0,38,0,23,,79170,25,0,34,0,67,,79181,22,0,35 37,0,18,,79193,13,0,38,0,58,,79171,25,0,34,0,25,,79182,22,0,35 37,0,18,,79194,13,0,38,0,57,,79172,25,0,34,0,20,,79196,22,0,35 37,0,25,,79195,13,0,38,0,67,,79183,25,0,35 37,0,23,,79184,22,0,34,0
200,'7_5',715,,80207,25,0,34,0,30,,80218,22,0,35 37,0,60,,80230,13,0,38,0,20,,80208,25,0,34,0,25,,80219,22,0,35 37,0,60,,80231,25,0,38,0,20,,80209,22,0,34,0,25,,80220,13,0,35 37,0,60,,80232,13,0,38,0,20,,80210,25,0,34,0,65,,80221,22,0,35 37,0,23,,80233,13,0,38,0,23,,80211,25,0,34,0,64,,80222,22,0,35 37,0,20,,80234,13,0,38,0,20,,80212,23,0,34,0,60,,80223,13,0,35 37,0,20,,80235,22,0,38,0,20,,80213,25,0,34,0,60,,80224,22,0,35 37,0,21,,80236,13,0,38,0,21,,80214,25,0,34,0,61,,80225,22,0,35 37,0,21,,80237,13,0,38,0,23,,80215,25,0,34,0,67,,80226,22,0,35 37,0,18,,80238,13,0,38,0,58,,80216,25,0,34,0,25,,80227,22,0,35 37,0,18,,80239,13,0,38,0,57,,80217,25,0,34,0,20,,80241,22,0,35 37,0,25,,80240,13,0,38,0,67,,80228,25,0,35 37,0,23,,80229,22,0,34,0
700,'0_6',718,,66037,10,,,0,110,,66038,10,,,0,110,,66039,10,,,0,110,,66040,10,,,0,110,,66041,10,,,0,150,,66042,10,,,0,110,,66043,10,,,0,110,,66044,10,,,0,110,,66045,10,,,0,110,,66035,10,,,0,110,,66036,10,,,0
700,'5_1',717,,74268,10,,,0,110,,74270,10,,,0,110,,74271,10,,,0,110,,74272,10,,,0,110,,74273,10,,,0,150,,74274,10,,,0,110,,74275,10,,,0,110,,74276,10,,,0,110,,74277,10,,,0,110,,74278,10,,,0,110,,74269,10,,,0
700,'5_2',717,,75818,10,,,0,110,,75820,10,,,0,110,,75821,10,,,0,110,,75822,10,,,0,110,,75823,10,,,0,150,,75824,10,,,0,110,,75825,10,,,0,110,,75826,10,,,0,110,,75827,10,,,0,110,,75828,10,,,0,110,,75819,10,,,0
700,'5_3',717,,75829,10,,,0,110,,75831,10,,,0,110,,75832,10,,,0,110,,75833,10,,,0,110,,75834,10,,,0,150,,75835,10,,,0,110,,75836,10,,,0,110,,75837,10,,,0,110,,75838,10,,,0,110,,75839,10,,,0,110,,75830,10,,,0
700,'7_1',717,,80677,10,,,0,110,,80679,10,,,0,110,,80680,10,,,0,110,,80681,10,,,0,110,,80682,10,,,0,150,,80683,10,,,0,110,,80684,10,,,0,110,,80685,10,,,0,110,,80686,10,,,0,110,,80687,10,,,0,110,,80678,10,,,0
700,'7_2',717,,82598,10,,,0,110,,82600,10,,,0,110,,82601,10,,,0,110,,82602,10,,,0,110,,82603,10,,,0,150,,82604,10,,,0,110,,82605,10,,,0,110,,82606,10,,,0,110,,82607,10,,,0,110,,82608,10,,,0,110,,82599,10,,,0
700,'7_3',717,,82609,10,,,0,110,,82611,10,,,0,110,,82612,10,,,0,110,,82613,10,,,0,110,,82614,10,,,0,150,,82615,10,,,0,110,,82616,10,,,0,110,,82617,10,,,0,110,,82618,10,,,0,110,,82619,10,,,0,110,,82610,10,,,0
700,'7_4',717,,79407,10,,,0,110,,79409,10,,,0,110,,79410,10,,,0,110,,79411,10,,,0,110,,79412,10,,,0,150,,79413,10,,,0,110,,79414,10,,,0,110,,79415,10,,,0,110,,79416,10,,,0,110,,79417,10,,,0,110,,79408,10,,,0
700,'7_5',717,,80688,10,,,0,110,,80690,10,,,0,110,,80691,10,,,0,110,,80692,10,,,0,110,,80693,10,,,0,150,,80694,10,,,0,110,,80695,10,,,0,110,,80696,10,,,0,110,,80697,10,,,0,110,,80698,10,,,0,110,,80689,10,,,0
800,'5_1',720,,74290,24,4,,0,33,,74291,24,4,,0,67,,74292,24,4,,0,30,,74293,24,4,,0,80,,74294,24,4,,0,110,,74295,24,4,,0,117,,74296,24,4,,0,151,,74297,24,4,,0,111,,74298,24,4,,0,112,,74300,24,4,,0,110,,74299,24,4,,0
800,'5_2',720,,75884,24,4,,0,33,,75885,24,4,,0,67,,75886,24,4,,0,30,,75887,24,4,,0,80,,75888,24,4,,0,110,,75889,24,4,,0,117,,75890,24,4,,0,151,,75891,24,4,,0,111,,75892,24,4,,0,112,,75894,24,4,,0,110,,75893,24,4,,0
800,'5_3',720,,75895,24,4,,0,33,,75896,24,4,,0,67,,75897,24,4,,0,30,,75898,24,4,,0,80,,75899,24,4,,0,110,,75900,24,4,,0,117,,75901,24,4,,0,151,,75902,24,4,,0,111,,75903,24,4,,0,112,,75905,24,4,,0,110,,75904,24,4,,0
800,'7_1',720,,80721,24,4,,0,33,,80722,24,4,,0,67,,80723,24,4,,0,30,,80724,24,4,,0,80,,80725,24,4,,0,110,,80726,24,4,,0,117,,80727,24,4,,0,151,,80728,24,4,,0,111,,80729,24,4,,0,112,,80731,24,4,,0,110,,80730,24,4,,0
800,'7_2',720,,82642,24,4,,0,33,,82643,24,4,,0,67,,82644,24,4,,0,30,,82645,24,4,,0,80,,82646,24,4,,0,110,,82647,24,4,,0,117,,82648,24,4,,0,151,,82649,24,4,,0,111,,82650,24,4,,0,112,,82652,24,4,,0,110,,82651,24,4,,0
800,'7_3',720,,82653,24,4,,0,33,,82654,24,4,,0,67,,82655,24,4,,0,30,,82656,24,4,,0,80,,82657,24,4,,0,110,,82658,24,4,,0,117,,82659,24,4,,0,151,,82660,24,4,,0,111,,82661,24,4,,0,112,,82663,24,4,,0,110,,82662,24,4,,0
800,'7_4',720,,79429,24,4,,0,33,,79430,24,4,,0,67,,79431,24,4,,0,30,,79432,24,4,,0,80,,79433,24,4,,0,110,,79434,24,4,,0,117,,79435,24,4,,0,151,,79436,24,4,,0,111,,79437,24,4,,0,112,,79439,24,4,,0,110,,79438,24,4,,0
800,'7_5',720,,80732,24,4,,0,33,,80733,24,4,,0,67,,80734,24,4,,0,30,,80735,24,4,,0,80,,80736,24,4,,0,110,,80737,24,4,,0,117,,80738,24,4,,0,151,,80739,24,4,,0,111,,80740,24,4,,0,112,,80742,24,4,,0,110,,80741,24,4,,0
1500,'0_6',726,,67090,3,,,0,21,,67091,3,,,0,155,,67092,3,,,0,117,,67093,3,,,0,116,,67094,3,,,0,80,,67095,3,,,0,37,,67096,3,,,0,95,,67097,3,,,0,158,,67089,3,0,44,0,100,,67098,3,,,0,107,,67099,3,,,0,100,,67100,3,,,0,118,,67101,3,,,0
1500,'5_1',726,,74373,3,,,0,21,,74374,3,,,0,155,,74375,3,,,0,117,,74376,3,,,0,116,,74377,3,,,0,80,,74378,3,,,0,37,,74379,3,,,0,95,,74380,3,,,0,158,,74372,3,0,44,0,100,,74381,3,,,0,107,,74382,3,,,0,100,,74383,3,,,0,118,,74384,3,,,0
1500,'5_2',726,,76131,3,,,0,21,,76132,3,,,0,155,,76133,3,,,0,117,,76134,3,,,0,116,,76135,3,,,0,80,,76136,3,,,0,37,,76137,3,,,0,95,,76138,3,,,0,158,,76130,3,0,44,0,100,,76139,3,,,0,107,,76140,3,,,0,100,,76141,3,,,0,118,,76142,3,,,0
1500,'5_3',726,,76144,3,,,0,21,,76145,3,,,0,155,,76146,3,,,0,117,,76147,3,,,0,116,,76148,3,,,0,80,,76149,3,,,0,37,,76150,3,,,0,95,,76151,3,,,0,158,,76143,3,0,44,0,100,,76152,3,,,0,107,,76153,3,,,0,100,,76154,3,,,0,118,,76155,3,,,0
1500,'7_1',726,,80886,3,,,0,21,,80887,3,,,0,155,,80888,3,,,0,117,,80889,3,,,0,116,,80890,3,,,0,80,,80891,3,,,0,37,,80892,3,,,0,95,,80893,3,,,0,158,,80885,3,0,44,0,100,,80894,3,,,0,107,,80895,3,,,0,100,,80896,3,,,0,118,,80897,3,,,0
1500,'7_2',726,,82807,3,,,0,21,,82808,3,,,0,155,,82809,3,,,0,117,,82810,3,,,0,116,,82811,3,,,0,80,,82812,3,,,0,37,,82813,3,,,0,95,,82814,3,,,0,158,,82806,3,0,44,0,100,,82815,3,,,0,107,,82816,3,,,0,100,,82817,3,,,0,118,,82818,3,,,0
1500,'7_3',726,,82820,3,,,0,21,,82821,3,,,0,155,,82822,3,,,0,117,,82823,3,,,0,116,,82824,3,,,0,80,,82825,3,,,0,37,,82826,3,,,0,95,,82827,3,,,0,158,,82819,3,0,44,0,100,,82828,3,,,0,107,,82829,3,,,0,100,,82830,3,,,0,118,,82831,3,,,0
1500,'7_4',726,,79512,3,,,0,21,,79513,3,,,0,155,,79514,3,,,0,117,,79515,3,,,0,116,,79516,3,,,0,80,,79517,3,,,0,37,,79518,3,,,0,95,,79519,3,,,0,158,,79511,3,0,44,0,100,,79520,3,,,0,107,,79521,3,,,0,100,,79522,3,,,0,118,,79523,3,,,0
1500,'7_5',726,,80899,3,,,0,21,,80900,3,,,0,155,,80901,3,,,0,117,,80902,3,,,0,116,,80903,3,,,0,80,,80904,3,,,0,37,,80905,3,,,0,95,,80906,3,,,0,158,,80898,3,0,44,0,100,,80907,3,,,0,107,,80908,3,,,0,100,,80909,3,,,0,118,,80910,3,,,0
1000000,'0_6',545,,68818,17,0,31 33,0,81,,68819,17,0,31 33,0,81,,68829,17,,,0,42,,68830,17,,,0,56,,68831,17,0,31 33,0,15,,68832,17,0,31 33,0,15,,68833,17,,,0,15,,68834,17,0,31 33,0,55,,68835,17,0,31 33,0,15,,68836,17,,,0,16,,68837,17,0,31 33,0,16,,68873,17,0,31 33,0,56,,68838,17,,,0,16,,68839,17,0,31 33,0,15,,68840,17,,,0,16,,68841,17,0,31 33,0,56,,68842,17,0,31 33,0,16,,68843,17,,,0,16,,68844,17,0,31 33,0,15,,68845,17,0,31 33,0,56,,68846,17,,,0,15,,68847,17,0,31 33,0,15,,68848,17,0,31 33,0,15,,68849,17,,,0,55,,68850,17,0,31 33,0,15,,68851,17,,,0,16,,68852,17,0,31 33,0,55,,68853,17,0,31 33,0,15,,68854,17,,,0,16,,68855,17,0,31 33,0,16,,68856,17,0,31 33,0,56,,68857,17,,,0,16,,68858,17,0,31 33,0,16,,68859,17,0,31 33,0,16,,68860,17,,,0,56,,68861,17,0,31 33,0,16,,68862,17,,,0,16,,68863,17,0,31 33,0,16,,68864,17,0,31 33,0,56,,68865,17,,,0,16,,68866,17,0,31 33,0,16,,68868,17,0,31 33,0,16,,68867,17,,,0,55,,68869,17,0,31 33,0,15,,68870,17,,,0,15,,68871,17,0,31 33,0,15,,68872,17,0,31 33,0,55,,68820,17,0,31 33,0,15,,68821,17,0,31 33,0,15,,68822,17,0,31 33,0,56,,68823,17,0,31 33,0,20,,68824,17,0,31 33,0,20,,68825,17,0,31 33,0,19,,68826,17,0,31 33,0,59,,68827,17,0,31 33,0,19,,68828,17,0,31 33,0
1000000,'1_7',819,,68874,17,0,31 33,0,40,,68875,17,0,31 33,0,80,,68876,17,0,31 33,0,80,,68877,17,0,31 33,0,40,,68878,17,0,31 33,0,80,,68879,17,0,31 33,0,80,,68880,17,0,31 33,0,40,,68881,17,0,31 33,0,80,,68882,17,0,31 33,0,80,,68883,17,0,31 33,0,40,,68884,17,0,31 33,0,80,,68885,17,0,31 33,0,80,,68886,17,0,31 33,0,40,,68887,17,0,31 33,0,80,,68888,17,0,31 33,0,80,,68889,17,0,31 33,0,40,,68890,17,0,31 33,0,80,,68891,17,0,31 33,0
1000000,'5_1',550,,74535,17,0,31 33,0,60,,74536,17,0,31 33,0,20,,74537,17,0,31 33,0,20,,74538,17,,,0,55,,74564,17,,,0,14,,74553,17,,,0,14,,74588,17,,,0,15,,74574,17,,,0,55,,74579,17,,,0,15,,74589,17,,,0,14,,74566,17,,,0,15,,74576,17,0,31 33,0,55,,74581,17,,,0,16,,74549,17,0,31 33,0,16,,74552,17,,,0,16,,74583,17,0,31 33,0,55,,74582,17,,,0,16,,74571,17,0,31 33,0,15,,74541,17,,,0,16,,74567,17,0,31 33,0,56,,74550,17,,,0,16,,74568,17,0,31 33,0,16,,74562,17,,,0,16,,74559,17,0,31 33,0,56,,74557,17,,,0,16,,74573,17,0,31 33,0,15,,74543,17,,,0,15,,74539,17,0,31 33,0,55,,74585,17,,,0,15,,74565,17,0,31 33,0,16,,74542,17,,,0,56,,74560,17,0,31 33,0,15,,74580,17,,,0,14,,74558,17,0,31 33,0,14,,74555,17,,,0,14,,74554,17,0,31 33,0,54,,74563,17,,,0,14,,74572,17,0,31 33,0,14,,74575,17,,,0,14,,74590,17,,,0,54,,74591,17,,,0,14,,74586,17,,,0,14,,74592,17,,,0,15,,74578,17,,,0,55,,74593,17,,,0,15,,74546,17,,,0,15,,74594,17,,,0,15,,74545,17,,,0,55,,74595,17,,,0,14,,74587,17,,,0,14,,74556,17,0,31 33,0,15,,74540,17,0,31 33,0,55,,74551,17,,,0,15,,74547,17,0,31 33,0,19,,74561,17,0,31 33,0,20,,74548,17,0,31 33,0,61,,74544,17,0,31 33,0,20,,74577,17,0,31 33,0,20,,74569,17,0,31 33,0,60,,74570,17,0,31 33,0,20,,74584,17,0,31 33,0
1000000,'5_2',550,,76619,17,0,31 33,0,60,,76620,17,0,31 33,0,20,,76621,17,0,31 33,0,20,,76622,17,,,0,55,,76648,17,,,0,14,,76637,17,,,0,14,,76672,17,,,0,15,,76658,17,,,0,55,,76663,17,,,0,15,,76673,17,,,0,14,,76650,17,,,0,15,,76660,17,0,31 33,0,55,,76665,17,,,0,16,,76633,17,0,31 33,0,16,,76636,17,,,0,16,,76667,17,0,31 33,0,55,,76666,17,,,0,16,,76655,17,0,31 33,0,15,,76625,17,,,0,16,,76651,17,0,31 33,0,56,,76634,17,,,0,16,,76652,17,0,31 33,0,16,,76646,17,,,0,16,,76643,17,0,31 33,0,56,,76641,17,,,0,16,,76657,17,0,31 33,0,15,,76627,17,,,0,15,,76623,17,0,31 33,0,55,,76669,17,,,0,15,,76649,17,0,31 33,0,16,,76626,17,,,0,56,,76644,17,0,31 33,0,15,,76664,17,,,0,14,,76642,17,0,31 33,0,14,,76639,17,,,0,14,,76638,17,0,31 33,0,54,,76647,17,,,0,14,,76656,17,0,31 33,0,14,,76659,17,,,0,14,,76674,17,,,0,54,,76675,17,,,0,14,,76670,17,,,0,14,,76676,17,,,0,15,,76662,17,,,0,55,,76677,17,,,0,15,,76630,17,,,0,15,,76678,17,,,0,15,,76629,17,,,0,55,,76679,17,,,0,14,,76671,17,,,0,14,,76640,17,0,31 33,0,15,,76624,17,0,31 33,0,55,,76635,17,,,0,15,,76631,17,0,31 33,0,19,,76645,17,0,31 33,0,20,,76632,17,0,31 33,0,61,,76628,17,0,31 33,0,20,,76661,17,0,31 33,0,20,,76653,17,0,31 33,0,60,,76654,17,0,31 33,0,20,,76668,17,0,31 33,0
1000000,'5_3',550,,76680,17,0,31 33,0,60,,76681,17,0,31 33,0,20,,76682,17,0,31 33,0,20,,76683,17,,,0,55,,76709,17,,,0,14,,76698,17,,,0,14,,76733,17,,,0,15,,76719,17,,,0,55,,76724,17,,,0,15,,76734,17,,,0,14,,76711,17,,,0,15,,76721,17,0,31 33,0,55,,76726,17,,,0,16,,76694,17,0,31 33,0,16,,76697,17,,,0,16,,76728,17,0,31 33,0,55,,76727,17,,,0,16,,76716,17,0,31 33,0,15,,76686,17,,,0,16,,76712,17,0,31 33,0,56,,76695,17,,,0,16,,76713,17,0,31 33,0,16,,76707,17,,,0,16,,76704,17,0,31 33,0,56,,76702,17,,,0,16,,76718,17,0,31 33,0,15,,76688,17,,,0,15,,76684,17,0,31 33,0,55,,76730,17,,,0,15,,76710,17,0,31 33,0,16,,76687,17,,,0,56,,76705,17,0,31 33,0,15,,76725,17,,,0,14,,76703,17,0,31 33,0,14,,76700,17,,,0,14,,76699,17,0,31 33,0,54,,76708,17,,,0,14,,76717,17,0,31 33,0,14,,76720,17,,,0,14,,76735,17,,,0,54,,76736,17,,,0,14,,76731,17,,,0,14,,76737,17,,,0,15,,76723,17,,,0,55,,76738,17,,,0,15,,76691,17,,,0,15,,76739,17,,,0,15,,76690,17,,,0,55,,76740,17,,,0,14,,76732,17,,,0,14,,76701,17,0,31 33,0,15,,76685,17,0,31 33,0,55,,76696,17,,,0,15,,76692,17,0,31 33,0,19,,76706,17,0,31 33,0,20,,76693,17,0,31 33,0,61,,76689,17,0,31 33,0,20,,76722,17,0,31 33,0,20,,76714,17,0,31 33,0,60,,76715,17,0,31 33,0,20,,76729,17,0,31 33,0
1000000,'7_1',550,,81212,17,0,31 33,0,60,,81213,17,0,31 33,0,20,,81214,17,0,31 33,0,20,,81215,17,,,0,55,,81241,17,,,0,14,,81230,17,,,0,14,,81265,17,,,0,15,,81251,17,,,0,55,,81256,17,,,0,15,,81266,17,,,0,14,,81243,17,,,0,15,,81253,17,0,31 33,0,55,,81258,17,,,0,16,,81226,17,0,31 33,0,16,,81229,17,,,0,16,,81260,17,0,31 33,0,55,,81259,17,,,0,16,,81248,17,0,31 33,0,15,,81218,17,,,0,16,,81244,17,0,31 33,0,56,,81227,17,,,0,16,,81245,17,0,31 33,0,16,,81239,17,,,0,16,,81236,17,0,31 33,0,56,,81234,17,,,0,16,,81250,17,0,31 33,0,15,,81220,17,,,0,15,,81216,17,0,31 33,0,55,,81262,17,,,0,15,,81242,17,0,31 33,0,16,,81219,17,,,0,56,,81237,17,0,31 33,0,15,,81257,17,,,0,14,,81235,17,0,31 33,0,14,,81232,17,,,0,14,,81231,17,0,31 33,0,54,,81240,17,,,0,14,,81249,17,0,31 33,0,14,,81252,17,,,0,14,,81267,17,,,0,54,,81268,17,,,0,14,,81263,17,,,0,14,,81269,17,,,0,15,,81255,17,,,0,55,,81270,17,,,0,15,,81223,17,,,0,15,,81271,17,,,0,15,,81222,17,,,0,55,,81272,17,,,0,14,,81264,17,,,0,14,,81233,17,0,31 33,0,15,,81217,17,0,31 33,0,55,,81228,17,,,0,15,,81224,17,0,31 33,0,19,,81238,17,0,31 33,0,20,,81225,17,0,31 33,0,61,,81221,17,0,31 33,0,20,,81254,17,0,31 33,0,20,,81246,17,0,31 33,0,60,,81247,17,0,31 33,0,20,,81261,17,0,31 33,0
1000000,'7_2',550,,83132,17,0,31 33,0,60,,83133,17,0,31 33,0,20,,83134,17,0,31 33,0,20,,83135,17,,,0,55,,83161,17,,,0,14,,83150,17,,,0,14,,83185,17,,,0,15,,83171,17,,,0,55,,83176,17,,,0,15,,83186,17,,,0,14,,83163,17,,,0,15,,83173,17,0,31 33,0,55,,83178,17,,,0,16,,83146,17,0,31 33,0,16,,83149,17,,,0,16,,83180,17,0,31 33,0,55,,83179,17,,,0,16,,83168,17,0,31 33,0,15,,83138,17,,,0,16,,83164,17,0,31 33,0,56,,83147,17,,,0,16,,83165,17,0,31 33,0,16,,83159,17,,,0,16,,83156,17,0,31 33,0,56,,83154,17,,,0,16,,83170,17,0,31 33,0,15,,83140,17,,,0,15,,83136,17,0,31 33,0,55,,83182,17,,,0,15,,83162,17,0,31 33,0,16,,83139,17,,,0,56,,83157,17,0,31 33,0,15,,83177,17,,,0,14,,83155,17,0,31 33,0,14,,83152,17,,,0,14,,83151,17,0,31 33,0,54,,83160,17,,,0,14,,83169,17,0,31 33,0,14,,83172,17,,,0,14,,83187,17,,,0,54,,83188,17,,,0,14,,83183,17,,,0,14,,83189,17,,,0,15,,83175,17,,,0,55,,83190,17,,,0,15,,83143,17,,,0,15,,83191,17,,,0,15,,83142,17,,,0,55,,83192,17,,,0,14,,83184,17,,,0,14,,83153,17,0,31 33,0,15,,83137,17,0,31 33,0,55,,83148,17,,,0,15,,83144,17,0,31 33,0,19,,83158,17,0,31 33,0,20,,83145,17,0,31 33,0,61,,83141,17,0,31 33,0,20,,83174,17,0,31 33,0,20,,83166,17,0,31 33,0,60,,83167,17,0,31 33,0,20,,83181,17,0,31 33,0
1000000,'7_3',550,,83193,17,0,31 33,0,60,,83194,17,0,31 33,0,20,,83195,17,0,31 33,0,20,,83196,17,,,0,55,,83222,17,,,0,14,,83211,17,,,0,14,,83246,17,,,0,15,,83232,17,,,0,55,,83237,17,,,0,15,,83247,17,,,0,14,,83224,17,,,0,15,,83234,17,0,31 33,0,55,,83239,17,,,0,16,,83207,17,0,31 33,0,16,,83210,17,,,0,16,,83241,17,0,31 33,0,55,,83240,17,,,0,16,,83229,17,0,31 33,0,15,,83199,17,,,0,16,,83225,17,0,31 33,0,56,,83208,17,,,0,16,,83226,17,0,31 33,0,16,,83220,17,,,0,16,,83217,17,0,31 33,0,56,,83215,17,,,0,16,,83231,17,0,31 33,0,15,,83201,17,,,0,15,,83197,17,0,31 33,0,55,,83243,17,,,0,15,,83223,17,0,31 33,0,16,,83200,17,,,0,56,,83218,17,0,31 33,0,15,,83238,17,,,0,14,,83216,17,0,31 33,0,14,,83213,17,,,0,14,,83212,17,0,31 33,0,54,,83221,17,,,0,14,,83230,17,0,31 33,0,14,,83233,17,,,0,14,,83248,17,,,0,54,,83249,17,,,0,14,,83244,17,,,0,14,,83250,17,,,0,15,,83236,17,,,0,55,,83251,17,,,0,15,,83204,17,,,0,15,,83252,17,,,0,15,,83203,17,,,0,55,,83253,17,,,0,14,,83245,17,,,0,14,,83214,17,0,31 33,0,15,,83198,17,0,31 33,0,55,,83209,17,,,0,15,,83205,17,0,31 33,0,19,,83219,17,0,31 33,0,20,,83206,17,0,31 33,0,61,,83202,17,0,31 33,0,20,,83235,17,0,31 33,0,20,,83227,17,0,31 33,0,60,,83228,17,0,31 33,0,20,,83242,17,0,31 33,0
1000000,'7_4',550,,79674,17,0,31 33,0,60,,79675,17,0,31 33,0,20,,79676,17,0,31 33,0,20,,79677,17,,,0,55,,79703,17,,,0,14,,79692,17,,,0,14,,79727,17,,,0,15,,79713,17,,,0,55,,79718,17,,,0,15,,79728,17,,,0,14,,79705,17,,,0,15,,79715,17,0,31 33,0,55,,79720,17,,,0,16,,79688,17,0,31 33,0,16,,79691,17,,,0,16,,79722,17,0,31 33,0,55,,79721,17,,,0,16,,79710,17,0,31 33,0,15,,79680,17,,,0,16,,79706,17,0,31 33,0,56,,79689,17,,,0,16,,79707,17,0,31 33,0,16,,79701,17,,,0,16,,79698,17,0,31 33,0,56,,79696,17,,,0,16,,79712,17,0,31 33,0,15,,79682,17,,,0,15,,79678,17,0,31 33,0,55,,79724,17,,,0,15,,79704,17,0,31 33,0,16,,79681,17,,,0,56,,79699,17,0,31 33,0,15,,79719,17,,,0,14,,79697,17,0,31 33,0,14,,79694,17,,,0,14,,79693,17,0,31 33,0,54,,79702,17,,,0,14,,79711,17,0,31 33,0,14,,79714,17,,,0,14,,79729,17,,,0,54,,79730,17,,,0,14,,79725,17,,,0,14,,79731,17,,,0,15,,79717,17,,,0,55,,79732,17,,,0,15,,79685,17,,,0,15,,79733,17,,,0,15,,79684,17,,,0,55,,79734,17,,,0,14,,79726,17,,,0,14,,79695,17,0,31 33,0,15,,79679,17,0,31 33,0,55,,79690,17,,,0,15,,79686,17,0,31 33,0,19,,79700,17,0,31 33,0,20,,79687,17,0,31 33,0,61,,79683,17,0,31 33,0,20,,79716,17,0,31 33,0,20,,79708,17,0,31 33,0,60,,79709,17,0,31 33,0,20,,79723,17,0,31 33,0
1000000,'7_5',550,,81273,17,0,31 33,0,60,,81274,17,0,31 33,0,20,,81275,17,0,31 33,0,20,,81276,17,,,0,55,,81302,17,,,0,14,,81291,17,,,0,14,,81326,17,,,0,15,,81312,17,,,0,55,,81317,17,,,0,15,,81327,17,,,0,14,,81304,17,,,0,15,,81314,17,0,31 33,0,55,,81319,17,,,0,16,,81287,17,0,31 33,0,16,,81290,17,,,0,16,,81321,17,0,31 33,0,55,,81320,17,,,0,16,,81309,17,0,31 33,0,15,,81279,17,,,0,16,,81305,17,0,31 33,0,56,,81288,17,,,0,16,,81306,17,0,31 33,0,16,,81300,17,,,0,16,,81297,17,0,31 33,0,56,,81295,17,,,0,16,,81311,17,0,31 33,0,15,,81281,17,,,0,15,,81277,17,0,31 33,0,55,,81323,17,,,0,15,,81303,17,0,31 33,0,16,,81280,17,,,0,56,,81298,17,0,31 33,0,15,,81318,17,,,0,14,,81296,17,0,31 33,0,14,,81293,17,,,0,14,,81292,17,0,31 33,0,54,,81301,17,,,0,14,,81310,17,0,31 33,0,14,,81313,17,,,0,14,,81328,17,,,0,54,,81329,17,,,0,14,,81324,17,,,0,14,,81330,17,,,0,15,,81316,17,,,0,55,,81331,17,,,0,15,,81284,17,,,0,15,,81332,17,,,0,15,,81283,17,,,0,55,,81333,17,,,0,14,,81325,17,,,0,14,,81294,17,0,31 33,0,15,,81278,17,0,31 33,0,55,,81289,17,,,0,15,,81285,17,0,31 33,0,19,,81299,17,0,31 33,0,20,,81286,17,0,31 33,0,61,,81282,17,0,31 33,0,20,,81315,17,0,31 33,0,20,,81307,17,0,31 33,0,60,,81308,17,0,31 33,0,20,,81322,17,0,31 33,0
