400,'S2-0_2',726,,85895,21,0,43,0,15,,85903,21,0,40,0,15,,85872,21,0,40,0,54,,85873,21,0,40,0,15,,85897,21,0,40,0,15,,85874,21,0,40,0,13,,85875,21,0,40,0,71,,85876,21,0,40,0,79,,85877,33,0,40,0,31,,85878,21,0,40,0,71,,85879,21,0,40,0,36,,85880,21,0,40,0,75,,85881,21,0,40,0,24,,85901,21,,,0,65,,85898,33,0,40,0,29,,85882,21,0,40,0,66,,85883,21,0,40,0,30,,85886,33,0,40,0,75,,85884,21,0,40,0,30,,85887,33,0,40,0,75,,85885,21,0,40,0,28,,85904,21,0,40,0,67,,85888,33,0,40,0,5,,85899,5,0,40,0,15,,85889,21,0,40,0,15,,85905,21,,,0,15,,85891,21,0,40,0,65,,85894,5,0,40,0,20,,85902,21,,,0,75,,85892,21,0,40,0,24,,85893,33,0,40,0
400,'S2-0_4',726,,85929,21,0,43,0,15,,85937,21,0,40,0,15,,85906,21,0,40,0,54,,85907,21,0,40,0,15,,85931,21,0,40,0,15,,85908,21,0,40,0,13,,85909,21,0,40,0,71,,85910,21,0,40,0,79,,85911,33,0,40,0,31,,85912,21,0,40,0,71,,85913,21,0,40,0,36,,85914,21,0,40,0,75,,85915,21,0,40,0,24,,85935,21,,,0,65,,85932,33,0,40,0,29,,85916,21,0,40,0,66,,85917,21,0,40,0,30,,85920,33,0,40,0,75,,85918,21,0,40,0,30,,85921,33,0,40,0,75,,85919,21,0,40,0,28,,85938,21,0,40,0,67,,85922,33,0,40,0,5,,85933,5,0,40,0,15,,85923,21,0,40,0,15,,85939,21,,,0,15,,85925,21,0,40,0,65,,85928,5,0,40,0,20,,85936,21,,,0,75,,85926,21,0,40,0,24,,85927,33,0,40,0
400,'S2-0_5',726,,85963,21,0,43,0,15,,85971,21,0,40,0,15,,85940,21,0,40,0,54,,85941,21,0,40,0,15,,85965,21,0,40,0,15,,85942,21,0,40,0,13,,85943,21,0,40,0,71,,85944,21,0,40,0,79,,85945,33,0,40,0,31,,85946,21,0,40,0,71,,85947,21,0,40,0,36,,85948,21,0,40,0,75,,85949,21,0,40,0,24,,85969,21,,,0,65,,85966,33,0,40,0,29,,85950,21,0,40,0,66,,85951,21,0,40,0,30,,85954,33,0,40,0,75,,85952,21,0,40,0,30,,85955,33,0,40,0,75,,85953,21,0,40,0,28,,85972,21,0,40,0,67,,85956,33,0,40,0,5,,85967,5,0,40,0,15,,85957,21,0,40,0,15,,85973,21,,,0,15,,85959,21,0,40,0,65,,85962,5,0,40,0,20,,85970,21,,,0,75,,85960,21,0,40,0,24,,85961,33,0,40,0
400,'S2-1_3',726,,85996,21,0,43,0,15,,86004,21,0,40,0,15,,85974,21,0,40,0,54,,85975,21,0,40,0,15,,85998,21,0,40,0,15,,85976,21,0,40,0,13,,85977,21,0,40,0,71,,85978,21,0,40,0,79,,85979,33,0,40,0,31,,85980,21,0,40,0,71,,85981,21,0,40,0,36,,85982,21,0,40,0,75,,85983,21,0,40,0,24,,86002,21,,,0,65,,85999,33,0,40,0,29,,85984,21,0,40,0,66,,85985,21,0,40,0,30,,85988,33,0,40,0,75,,85986,21,0,40,0,30,,85989,33,0,40,0,75,,85987,21,0,40,0,28,,86005,21,0,40,0,67,,85990,33,0,40,0,5,,86000,5,0,40,0,15,,85991,21,0,40,0,15,,86006,21,,,0,15,,85993,21,0,40,0,65,,85992,33,0,40,0,20,,86003,21,,,0,75,,85994,21,0,40,0,24,,85995,33,0,40,0
400,'S2-2_6',725,,86013,21,0,40,0,104,,86014,21,0,40,0,74,,86007,33,0,40,0,27,,86015,21,0,40,0,72,,86016,21,0,40,0,30,,86017,21,0,40,0,70,,86008,33,0,40,0,31,,86018,21,0,40,0,69,,86020,21,0,40,0,31,,86019,21,0,40,0,69,,86009,33,0,40,0,30,,86021,21,0,40,0,71,,86022,21,0,40,0,29,,86023,21,0,40,0,72,,86010,33,0,40,0,32,,86024,21,0,40,0,69,,86025,21,0,40,0,30,,86026,21,0,40,0,72,,86011,33,0,40,0,35,,86027,21,0,40,0,71,,86028,21,0,40,0,32,,86029,21,0,40,0,69,,86012,33,0,40,0,31,,86030,21,0,40,0
400,'S2-3_7',839,,86031,33,0,40,0,165,,86032,33,0,40,0,125,,86033,33,0,40,0,200,,86034,33,0,40,0,126,,86035,33,0,40,0,165,,86036,33,0,40,0,126,,86037,33,0,40,0,165,,86038,33,0,40,0
400,'S2-4_1',726,,86062,21,0,43,0,15,,86070,21,0,40,0,15,,86039,21,0,40,0,54,,86040,21,0,40,0,15,,86064,21,0,40,0,15,,86041,21,0,40,0,13,,86042,21,0,40,0,71,,86043,21,0,40,0,79,,86044,33,0,40,0,31,,86045,21,0,40,0,71,,86046,21,0,40,0,36,,86047,21,0,40,0,75,,86048,21,0,40,0,24,,86068,21,,,0,65,,86065,33,0,40,0,29,,86049,21,0,40,0,66,,86050,21,0,40,0,30,,86053,33,0,40,0,75,,86051,21,0,40,0,30,,86054,33,0,40,0,75,,86052,21,0,40,0,28,,86071,21,0,40,0,67,,86055,33,0,40,0,5,,86066,5,0,40,0,15,,86056,21,0,40,0,15,,86072,21,,,0,15,,86058,21,0,40,0,65,,86061,5,0,40,0,20,,86069,21,,,0,75,,86059,21,0,40,0,24,,86060,33,0,40,0
400,'S2-4_2',726,,86096,21,0,43,0,15,,86104,21,0,40,0,15,,86073,21,0,40,0,54,,86074,21,0,40,0,15,,86098,21,0,40,0,15,,86075,21,0,40,0,13,,86076,21,0,40,0,71,,86077,21,0,40,0,79,,86078,33,0,40,0,31,,86079,21,0,40,0,71,,86080,21,0,40,0,36,,86081,21,0,40,0,75,,86082,21,0,40,0,24,,86102,21,,,0,65,,86099,33,0,40,0,29,,86083,21,0,40,0,66,,86084,21,0,40,0,30,,86087,33,0,40,0,75,,86085,21,0,40,0,30,,86088,33,0,40,0,75,,86086,21,0,40,0,28,,86105,21,0,40,0,67,,86089,33,0,40,0,5,,86100,5,0,40,0,15,,86090,21,0,40,0,15,,86106,21,,,0,15,,86092,21,0,40,0,65,,86095,5,0,40,0,20,,86103,21,,,0,75,,86093,21,0,40,0,24,,86094,33,0,40,0
400,'S2-4_4',726,,86130,21,0,43,0,15,,86138,21,0,40,0,15,,86107,21,0,40,0,54,,86108,21,0,40,0,15,,86132,21,0,40,0,15,,86109,21,0,40,0,13,,86110,21,0,40,0,71,,86111,21,0,40,0,79,,86112,33,0,40,0,31,,86113,21,0,40,0,71,,86114,21,0,40,0,36,,86115,21,0,40,0,75,,86116,21,0,40,0,24,,86136,21,,,0,65,,86133,33,0,40,0,29,,86117,21,0,40,0,66,,86118,21,0,40,0,30,,86121,33,0,40,0,75,,86119,21,0,40,0,30,,86122,33,0,40,0,75,,86120,21,0,40,0,28,,86139,21,0,40,0,67,,86123,33,0,40,0,5,,86134,5,0,40,0,15,,86124,21,0,40,0,15,,86140,21,,,0,15,,86126,21,0,40,0,65,,86129,5,0,40,0,20,,86137,21,,,0,75,,86127,21,0,40,0,24,,86128,33,0,40,0
500,'S2-0_2',725,,86407,27,,,0,20,,86408,41,,,0,80,,86409,27,,,0,76,,86396,41,,,0,104,,86397,41,,,0,100,,86398,41,,,0,105,,86399,41,,,0,100,,86400,41,,,0,44,,86401,41,,,0,94,,86402,41,,,0,100,,86403,41,,,0,103,,86404,41,,,0,107,,86405,41,,,0,100,,86410,41,,,0,98,,86406,41,,,0
500,'S2-0_4',725,,86422,27,,,0,20,,86423,41,,,0,80,,86424,27,,,0,76,,86411,41,,,0,104,,86412,41,,,0,100,,86413,41,,,0,105,,86414,41,,,0,100,,86415,41,,,0,44,,86416,41,,,0,94,,86417,41,,,0,100,,86418,41,,,0,103,,86419,41,,,0,107,,86420,41,,,0,100,,86425,41,,,0,98,,86421,41,,,0
500,'S2-0_5',725,,86437,27,,,0,20,,86438,41,,,0,80,,86439,27,,,0,76,,86426,41,,,0,104,,86427,41,,,0,100,,86428,41,,,0,105,,86429,41,,,0,100,,86430,41,,,0,44,,86431,41,,,0,94,,86432,41,,,0,100,,86433,41,,,0,103,,86434,41,,,0,107,,86435,41,,,0,100,,86440,41,,,0,98,,86436,41,,,0
500,'S2-1_3',725,,86452,27,,,0,20,,86453,41,,,0,80,,86454,27,,,0,76,,86441,41,,,0,104,,86442,41,,,0,100,,86443,41,,,0,105,,86444,41,,,0,100,,86445,41,,,0,44,,86446,41,,,0,94,,86447,41,,,0,100,,86448,41,,,0,103,,86449,41,,,0,107,,86450,41,,,0,100,,86455,41,,,0,98,,86451,41,,,0
500,'S2-2_6',755,,86467,41,,,0,100,,86456,41,,,0,100,,86457,41,,,0,100,,86458,41,,,0,99,,86459,41,,,0,96,,86460,41,,,0,98,,86461,41,,,0,100,,86462,41,,,0,100,,86463,41,,,0,100,,86464,41,,,0,100,,86465,41,,,0,191,,86466,41,,,0
500,'S2-4_1',725,,86479,27,,,0,20,,86480,41,,,0,80,,86481,27,,,0,76,,86468,41,,,0,104,,86469,41,,,0,100,,86470,41,,,0,105,,86471,41,,,0,100,,86472,41,,,0,44,,86473,41,,,0,94,,86474,41,,,0,100,,86475,41,,,0,103,,86476,41,,,0,107,,86477,41,,,0,100,,86482,41,,,0,98,,86478,41,,,0
500,'S2-4_2',725,,86494,27,,,0,20,,86495,41,,,0,80,,86496,27,,,0,76,,86483,41,,,0,104,,86484,41,,,0,100,,86485,41,,,0,105,,86486,41,,,0,100,,86487,41,,,0,44,,86488,41,,,0,94,,86489,41,,,0,100,,86490,41,,,0,103,,86491,41,,,0,107,,86492,41,,,0,100,,86497,41,,,0,98,,86493,41,,,0
500,'S2-4_4',725,,86509,27,,,0,20,,86510,41,,,0,80,,86511,27,,,0,76,,86498,41,,,0,104,,86499,41,,,0,100,,86500,41,,,0,105,,86501,41,,,0,100,,86502,41,,,0,44,,86503,41,,,0,94,,86504,41,,,0,100,,86505,41,,,0,103,,86506,41,,,0,107,,86507,41,,,0,100,,86512,41,,,0,98,,86508,41,,,0
600,'S2-0_2',728,,86621,29,,,0,24,,86635,29,0,11 12,0,93,,86622,29,,,0,106,,86623,29,0,11 12,0,100,,86624,29,0,11 12,0,89,,86625,29,0,11 12,0,110,,86626,29,0,11 12,0,150,,86627,29,0,11 12,0,56,,86636,29,0,11 12,0,91,,86628,29,0,11 12,0,101,,86629,29,0,11 12,0,89,,86630,29,0,11 12,0,79,,86631,29,0,11 12,0,27,,86632,29,0,11 12,0,68,,86633,29,0,11 12,0,39,,86634,29,0,11 12,0
600,'S2-0_4',728,,86637,29,,,0,24,,86651,29,0,11 12,0,93,,86638,29,,,0,106,,86639,29,0,11 12,0,100,,86640,29,0,11 12,0,89,,86641,29,0,11 12,0,110,,86642,29,0,11 12,0,150,,86643,29,0,11 12,0,56,,86652,29,0,11 12,0,91,,86644,29,0,11 12,0,101,,86645,29,0,11 12,0,89,,86646,29,0,11 12,0,79,,86647,29,0,11 12,0,27,,86648,29,0,11 12,0,68,,86649,29,0,11 12,0,39,,86650,29,0,11 12,0
600,'S2-0_5',728,,86653,29,,,0,24,,86667,29,0,11 12,0,93,,86654,29,,,0,106,,86655,29,0,11 12,0,100,,86656,29,0,11 12,0,89,,86657,29,0,11 12,0,110,,86658,29,0,11 12,0,150,,86659,29,0,11 12,0,56,,86668,29,0,11 12,0,91,,86660,29,0,11 12,0,101,,86661,29,0,11 12,0,89,,86662,29,0,11 12,0,79,,86663,29,0,11 12,0,27,,86664,29,0,11 12,0,68,,86665,29,0,11 12,0,39,,86666,29,0,11 12,0
600,'S2-1_3',728,,86669,29,,,0,24,,86683,29,0,11 12,0,93,,86670,29,,,0,106,,86671,29,0,11 12,0,100,,86672,29,0,11 12,0,89,,86673,29,0,11 12,0,110,,86674,29,0,11 12,0,150,,86675,29,0,11 12,0,56,,86684,29,0,11 12,0,91,,86676,29,0,11 12,0,101,,86677,29,0,11 12,0,89,,86678,29,0,11 12,0,79,,86679,29,0,11 12,0,27,,86680,29,0,11 12,0,68,,86681,29,0,11 12,0,39,,86682,29,0,11 12,0
600,'S2-2_6',813,,86685,29,0,11 12,0,94,,86687,29,0,11 12,0,93,,86688,29,0,11 12,0,48,,86689,29,0,11 12,0,89,,86690,29,0,11 12,0,88,,86691,29,0,11 12,0,88,,86692,29,0,11 12,0,90,,86693,29,0,11 12,0,48,,86694,29,0,11 12,0,99,,86695,29,0,11 12,0,91,,86696,29,0,11 12,0,92,,86697,29,0,11 12,0,90,,86698,29,0,11 12,0,91,,86699,29,0,11 12,0,40,,86686,29,0,11 12,0
600,'S2-4_1',728,,86700,29,,,0,24,,86714,29,0,11 12,0,93,,86701,29,,,0,106,,86702,29,0,11 12,0,100,,86703,29,0,11 12,0,89,,86704,29,0,11 12,0,110,,86705,29,0,11 12,0,150,,86706,29,0,11 12,0,56,,86715,29,0,11 12,0,91,,86707,29,0,11 12,0,101,,86708,29,0,11 12,0,89,,86709,29,0,11 12,0,79,,86710,29,0,11 12,0,27,,86711,29,0,11 12,0,68,,86712,29,0,11 12,0,39,,86713,29,0,11 12,0
600,'S2-4_2',728,,86716,29,,,0,24,,86730,29,0,11 12,0,93,,86717,29,,,0,106,,86718,29,0,11 12,0,100,,86719,29,0,11 12,0,89,,86720,29,0,11 12,0,110,,86721,29,0,11 12,0,150,,86722,29,0,11 12,0,56,,86731,29,0,11 12,0,91,,86723,29,0,11 12,0,101,,86724,29,0,11 12,0,89,,86725,29,0,11 12,0,79,,86726,29,0,11 12,0,27,,86727,29,0,11 12,0,68,,86728,29,0,11 12,0,39,,86729,29,0,11 12,0
600,'S2-4_4',728,,86732,29,,,0,24,,86746,29,0,11 12,0,93,,86733,29,,,0,106,,86734,29,0,11 12,0,100,,86735,29,0,11 12,0,89,,86736,29,0,11 12,0,110,,86737,29,0,11 12,0,150,,86738,29,0,11 12,0,56,,86747,29,0,11 12,0,91,,86739,29,0,11 12,0,101,,86740,29,0,11 12,0,89,,86741,29,0,11 12,0,79,,86742,29,0,11 12,0,27,,86743,29,0,11 12,0,68,,86744,29,0,11 12,0,39,,86745,29,0,11 12,0
2500,'S2-0_2',734,,88736,5,,,0,72,,88737,5,,,0,40,,88738,5,,,0,112,,88739,5,,,0,152,,88740,5,,,0,131,,88741,5,,,0,116,,88742,5,,,0,156,,88743,5,,,0,44,,88744,5,,,0,85,,88745,5,,,0,109,,88746,5,,,0,85,,88747,5,,,0,112,,88748,5,,,0
2500,'S2-0_4',734,,88749,5,,,0,72,,88750,5,,,0,40,,88751,5,,,0,112,,88752,5,,,0,152,,88753,5,,,0,131,,88754,5,,,0,116,,88755,5,,,0,156,,88756,5,,,0,44,,88757,5,,,0,85,,88758,5,,,0,109,,88759,5,,,0,85,,88760,5,,,0,112,,88761,5,,,0
2500,'S2-0_5',734,,88762,5,,,0,72,,88763,5,,,0,40,,88764,5,,,0,112,,88765,5,,,0,152,,88766,5,,,0,131,,88767,5,,,0,116,,88768,5,,,0,156,,88769,5,,,0,44,,88770,5,,,0,85,,88771,5,,,0,109,,88772,5,,,0,85,,88773,5,,,0,112,,88774,5,,,0
2500,'S2-1_3',734,,88775,5,,,0,72,,88776,5,,,0,40,,88777,5,,,0,112,,88778,5,,,0,152,,88779,5,,,0,131,,88780,5,,,0,116,,88781,5,,,0,156,,88782,5,,,0,44,,88783,5,,,0,85,,88784,5,,,0,109,,88785,5,,,0,85,,88786,5,,,0,112,,88787,5,,,0
2500,'S2-2_6',735,,88788,5,,,0,112,,88789,5,,,0,167,,88790,5,,,0,113,,88791,5,,,0,128,,88792,5,,,0,152,,88793,5,,,0,132,,88794,5,,,0,120,,88795,5,,,0,161,,88796,5,,,0,115,,88797,5,,,0
2500,'S2-4_1',734,,88798,5,,,0,72,,88799,5,,,0,40,,88800,5,,,0,112,,88801,5,,,0,152,,88802,5,,,0,131,,88803,5,,,0,116,,88804,5,,,0,156,,88805,5,,,0,44,,88806,5,,,0,85,,88807,5,,,0,109,,88808,5,,,0,85,,88809,5,,,0,112,,88810,5,,,0
2500,'S2-4_2',734,,88811,5,,,0,72,,88812,5,,,0,40,,88813,5,,,0,112,,88814,5,,,0,152,,88815,5,,,0,131,,88816,5,,,0,116,,88817,5,,,0,156,,88818,5,,,0,44,,88819,5,,,0,85,,88820,5,,,0,109,,88821,5,,,0,85,,88822,5,,,0,112,,88823,5,,,0
2500,'S2-4_4',734,,88824,5,,,0,72,,88825,5,,,0,40,,88826,5,,,0,112,,88827,5,,,0,152,,88828,5,,,0,131,,88829,5,,,0,116,,88830,5,,,0,156,,88831,5,,,0,44,,88832,5,,,0,85,,88833,5,,,0,109,,88834,5,,,0,85,,88835,5,,,0,112,,88836,5,,,0
2600,'S2-0_2',714,,88938,20,,,0,13,,88949,20,,,0,83,,88950,20,,,0,17,,88951,20,,,0,84,,88952,20,,,0,29,,88953,20,,,0,95,,88939,20,,,0,99,,88940,20,,,0,97,,88941,20,,,0,28,,88942,20,,,0,70,,88957,20,,,0,95,,88958,20,,,0,111,,88943,20,,,0,85,,88944,20,,,0,25,,88954,20,,,0,71,,88955,20,,,0,21,,88945,20,,,0,68,,88946,20,,,0,32,,88947,20,,,0,68,,88960,20,,,0
2600,'S2-0_4',714,,88963,20,,,0,13,,88974,20,,,0,83,,88975,20,,,0,17,,88976,20,,,0,84,,88977,20,,,0,29,,88978,20,,,0,95,,88964,20,,,0,99,,88965,20,,,0,97,,88966,20,,,0,28,,88967,20,,,0,70,,88982,20,,,0,95,,88983,20,,,0,111,,88968,20,,,0,85,,88969,20,,,0,25,,88979,20,,,0,71,,88980,20,,,0,21,,88970,20,,,0,68,,88971,20,,,0,32,,88972,20,,,0,68,,88985,20,,,0
2600,'S2-0_5',714,,88987,20,,,0,13,,88998,20,,,0,83,,88999,20,,,0,17,,89000,20,,,0,84,,89001,20,,,0,29,,89002,20,,,0,95,,88988,20,,,0,99,,88989,20,,,0,97,,88990,20,,,0,28,,88991,20,,,0,70,,89006,20,,,0,95,,89007,20,,,0,111,,88992,20,,,0,85,,88993,20,,,0,25,,89003,20,,,0,71,,89004,20,,,0,21,,88994,20,,,0,68,,88995,20,,,0,32,,88996,20,,,0,68,,89009,20,,,0
2600,'S2-1_3',714,,89011,20,,,0,13,,89022,20,,,0,83,,89023,20,,,0,17,,89024,20,,,0,84,,89025,20,,,0,29,,89026,20,,,0,95,,89012,20,,,0,99,,89013,20,,,0,97,,89014,20,,,0,28,,89015,20,,,0,70,,89030,20,,,0,95,,89031,20,,,0,111,,89016,20,,,0,85,,89017,20,,,0,25,,89027,20,,,0,71,,89028,20,,,0,21,,89018,20,,,0,68,,89019,20,,,0,32,,89020,20,,,0,68,,89032,20,,,0
2600,'S2-2_6',735,,89034,20,,,0,85,,89035,20,,,0,85,,89036,20,,,0,45,,89037,20,,,0,84,,89038,20,,,0,90,,89039,20,,,0,84,,89040,20,,,0,42,,89041,20,,,0,85,,89042,20,,,0,85,,89043,20,,,0,83,,89044,20,,,0,45,,89045,20,,,0,90,,89046,20,,,0,86,,89047,20,,,0,83,,89048,20,,,0,45,,89049,20,,,0,82,,89050,20,,,0
2600,'S2-4_1',714,,89051,20,,,0,13,,89062,20,,,0,83,,89063,20,,,0,17,,89064,20,,,0,84,,89065,20,,,0,29,,89066,20,,,0,95,,89052,20,,,0,99,,89053,20,,,0,97,,89054,20,,,0,28,,89055,20,,,0,70,,89070,20,,,0,95,,89071,20,,,0,111,,89056,20,,,0,85,,89057,20,,,0,25,,89067,20,,,0,71,,89068,20,,,0,21,,89058,20,,,0,68,,89059,20,,,0,32,,89060,20,,,0,68,,89073,20,,,0
2600,'S2-4_2',714,,89075,20,,,0,13,,89086,20,,,0,83,,89087,20,,,0,17,,89088,20,,,0,84,,89089,20,,,0,29,,89090,20,,,0,95,,89076,20,,,0,99,,89077,20,,,0,97,,89078,20,,,0,28,,89079,20,,,0,70,,89094,20,,,0,95,,89095,20,,,0,111,,89080,20,,,0,85,,89081,20,,,0,25,,89091,20,,,0,71,,89092,20,,,0,21,,89082,20,,,0,68,,89083,20,,,0,32,,89084,20,,,0,68,,89097,20,,,0
2600,'S2-4_4',714,,89100,20,,,0,13,,89111,20,,,0,83,,89112,20,,,0,17,,89113,20,,,0,84,,89114,20,,,0,29,,89115,20,,,0,95,,89101,20,,,0,99,,89102,20,,,0,97,,89103,20,,,0,28,,89104,20,,,0,70,,89119,20,,,0,95,,89120,20,,,0,111,,89105,20,,,0,85,,89106,20,,,0,25,,89116,20,,,0,71,,89117,20,,,0,21,,89107,20,,,0,68,,89108,20,,,0,32,,89109,20,,,0,68,,89122,20,,,0
2000000,'S2-0_2',659,,91479,19,,,0,65,,91461,19,,,0,17,,91489,19,,,0,15,,91445,19,,,0,54,,91472,19,,,0,15,,91454,19,,,0,15,,91481,19,,,0,15,,91464,19,,,0,56,,91492,19,,,0,16,,91446,19,,,0,16,,91477,19,,,0,16,,91455,19,,,0,56,,91482,19,,,0,16,,91462,19,,,0,16,,91490,19,,,0,56,,91447,19,,,0,16,,91478,19,,,0,15,,91456,19,,,0,16,,91483,19,,,0,56,,91463,19,,,0,15,,91493,19,,,0,17,,91448,19,,,0,12,,91471,19,,,0,56,,91457,19,,,0,15,,91480,19,,,0,15,,91465,19,,,0,15,,91491,19,,,0,55,,91450,19,,,0,15,,91473,19,,,0,15,,91460,19,,,0,15,,91485,19,,,0,55,,91466,19,,,0,15,,91494,19,,,0,15,,91451,19,,,0,15,,91474,19,,,0,56,,91459,19,,,0,15,,91484,19,,,0,15,,91467,19,,,0,16,,91443,19,,,0,56,,91495,19,,,0,18,,91449,19,,,0,14,,91476,19,,,0,16,,91458,19,,,0,55,,91486,19,,,0,15,,91469,19,,,0,13,,91444,19,,,0,13,,91496,19,,,0,54,,91452,19,,,0,14,,91475,19,,,0,13,,91487,19,,,0,19,,91468,19,,,0,61,,91497,19,,,0,20,,91453,19,,,0,19,,91488,19,,,0,60,,91470,19,,,0
2000000,'S2-0_4',659,,91538,19,,,0,65,,91520,19,,,0,17,,91548,19,,,0,15,,91504,19,,,0,54,,91531,19,,,0,15,,91513,19,,,0,15,,91540,19,,,0,15,,91523,19,,,0,56,,91551,19,,,0,16,,91505,19,,,0,16,,91536,19,,,0,16,,91514,19,,,0,56,,91541,19,,,0,16,,91521,19,,,0,16,,91549,19,,,0,56,,91506,19,,,0,16,,91537,19,,,0,15,,91515,19,,,0,16,,91542,19,,,0,56,,91522,19,,,0,15,,91552,19,,,0,17,,91507,19,,,0,12,,91530,19,,,0,56,,91516,19,,,0,15,,91539,19,,,0,15,,91524,19,,,0,15,,91550,19,,,0,55,,91509,19,,,0,15,,91532,19,,,0,15,,91519,19,,,0,15,,91544,19,,,0,55,,91525,19,,,0,15,,91553,19,,,0,15,,91510,19,,,0,15,,91533,19,,,0,56,,91518,19,,,0,15,,91543,19,,,0,15,,91526,19,,,0,16,,91502,19,,,0,56,,91554,19,,,0,18,,91508,19,,,0,14,,91535,19,,,0,16,,91517,19,,,0,55,,91545,19,,,0,15,,91528,19,,,0,13,,91503,19,,,0,13,,91555,19,,,0,54,,91511,19,,,0,14,,91534,19,,,0,13,,91546,19,,,0,19,,91527,19,,,0,61,,91556,19,,,0,20,,91512,19,,,0,19,,91547,19,,,0,60,,91529,19,,,0
2000000,'S2-0_5',659,,91597,19,,,0,65,,91579,19,,,0,17,,91607,19,,,0,15,,91563,19,,,0,54,,91590,19,,,0,15,,91572,19,,,0,15,,91599,19,,,0,15,,91582,19,,,0,56,,91610,19,,,0,16,,91564,19,,,0,16,,91595,19,,,0,16,,91573,19,,,0,56,,91600,19,,,0,16,,91580,19,,,0,16,,91608,19,,,0,56,,91565,19,,,0,16,,91596,19,,,0,15,,91574,19,,,0,16,,91601,19,,,0,56,,91581,19,,,0,15,,91611,19,,,0,17,,91566,19,,,0,12,,91589,19,,,0,56,,91575,19,,,0,15,,91598,19,,,0,15,,91583,19,,,0,15,,91609,19,,,0,55,,91568,19,,,0,15,,91591,19,,,0,15,,91578,19,,,0,15,,91603,19,,,0,55,,91584,19,,,0,15,,91612,19,,,0,15,,91569,19,,,0,15,,91592,19,,,0,56,,91577,19,,,0,15,,91602,19,,,0,15,,91585,19,,,0,16,,91561,19,,,0,56,,91613,19,,,0,18,,91567,19,,,0,14,,91594,19,,,0,16,,91576,19,,,0,55,,91604,19,,,0,15,,91587,19,,,0,13,,91562,19,,,0,13,,91614,19,,,0,54,,91570,19,,,0,14,,91593,19,,,0,13,,91605,19,,,0,19,,91586,19,,,0,61,,91615,19,,,0,20,,91571,19,,,0,19,,91606,19,,,0,60,,91588,19,,,0
2000000,'S2-1_3',659,,91655,19,,,0,65,,91637,19,,,0,17,,91665,19,,,0,15,,91621,19,,,0,54,,91648,19,,,0,15,,91630,19,,,0,15,,91657,19,,,0,15,,91640,19,,,0,56,,91668,19,,,0,16,,91622,19,,,0,16,,91653,19,,,0,16,,91631,19,,,0,56,,91658,19,,,0,16,,91638,19,,,0,16,,91666,19,,,0,56,,91623,19,,,0,16,,91654,19,,,0,15,,91632,19,,,0,16,,91659,19,,,0,56,,91639,19,,,0,15,,91669,19,,,0,17,,91624,19,,,0,12,,91647,19,,,0,56,,91633,19,,,0,15,,91656,19,,,0,15,,91641,19,,,0,15,,91667,19,,,0,55,,91626,19,,,0,15,,91649,19,,,0,15,,91636,19,,,0,15,,91661,19,,,0,55,,91642,19,,,0,15,,91670,19,,,0,15,,91627,19,,,0,15,,91650,19,,,0,56,,91635,19,,,0,15,,91660,19,,,0,15,,91643,19,,,0,16,,91619,19,,,0,56,,91671,19,,,0,18,,91625,19,,,0,14,,91652,19,,,0,16,,91634,19,,,0,55,,91662,19,,,0,15,,91645,19,,,0,13,,91620,19,,,0,13,,91672,19,,,0,54,,91628,19,,,0,14,,91651,19,,,0,13,,91663,19,,,0,19,,91644,19,,,0,61,,91673,19,,,0,20,,91629,19,,,0,19,,91664,19,,,0,60,,91646,19,,,0
2000000,'S2-2_6',656,,91675,19,,,0,82,,91676,19,,,0,79,,91677,19,,,0,30,,91678,19,,,0,60,,91679,19,,,0,20,,91680,19,,,0,19,,91681,19,,,0,58,,91682,19,,,0,20,,91683,19,,,0,20,,91684,19,,,0,58,,91685,19,,,0,19,,91686,19,,,0,19,,91687,19,,,0,60,,91688,19,,,0,18,,91689,19,,,0,19,,91690,19,,,0,18,,91691,19,,,0,59,,91692,19,,,0,19,,91693,19,,,0,19,,91694,19,,,0,58,,91695,19,,,0,19,,91696,19,,,0,20,,91697,19,,,0,60,,91698,19,,,0,19,,91699,19,,,0,19,,91700,19,,,0,60,,91701,19,,,0,20,,91702,19,,,0,20,,91703,19,,,0,60,,91704,19,,,0,19,,91705,19,,,0,20,,91706,19,,,0,60,,91707,19,,,0,20,,91708,19,,,0,18,,91709,19,,,0,60,,91710,19,,,0,24,,91711,19,,,0,24,,91712,19,,,0,64,,91713,19,,,0,24,,91714,19,,,0,65,,91715,19,,,0
2000000,'S2-3_7',833,,91716,19,,,0,80,,91717,19,,,0,40,,91718,19,,,0,80,,91719,19,,,0,80,,91720,19,,,0,40,,91721,19,,,0,80,,91722,19,,,0,80,,91723,19,,,0,40,,91724,19,,,0,80,,91725,19,,,0,80,,91726,19,,,0,40,,91727,19,,,0,80,,91728,19,,,0,80,,91729,19,,,0,40,,91730,19,,,0,80,,91731,19,,,0,80,,91732,19,,,0,40,,91733,19,,,0
2000000,'S2-4_1',659,,91773,19,,,0,65,,91755,19,,,0,17,,91783,19,,,0,15,,91739,19,,,0,54,,91766,19,,,0,15,,91748,19,,,0,15,,91775,19,,,0,15,,91758,19,,,0,56,,91786,19,,,0,16,,91740,19,,,0,16,,91771,19,,,0,16,,91749,19,,,0,56,,91776,19,,,0,16,,91756,19,,,0,16,,91784,19,,,0,56,,91741,19,,,0,16,,91772,19,,,0,15,,91750,19,,,0,16,,91777,19,,,0,56,,91757,19,,,0,15,,91787,19,,,0,17,,91742,19,,,0,12,,91765,19,,,0,56,,91751,19,,,0,15,,91774,19,,,0,15,,91759,19,,,0,15,,91785,19,,,0,55,,91744,19,,,0,15,,91767,19,,,0,15,,91754,19,,,0,15,,91779,19,,,0,55,,91760,19,,,0,15,,91788,19,,,0,15,,91745,19,,,0,15,,91768,19,,,0,56,,91753,19,,,0,15,,91778,19,,,0,15,,91761,19,,,0,16,,91737,19,,,0,56,,91789,19,,,0,18,,91743,19,,,0,14,,91770,19,,,0,16,,91752,19,,,0,55,,91780,19,,,0,15,,91763,19,,,0,13,,91738,19,,,0,13,,91790,19,,,0,54,,91746,19,,,0,14,,91769,19,,,0,13,,91781,19,,,0,19,,91762,19,,,0,61,,91791,19,,,0,20,,91747,19,,,0,19,,91782,19,,,0,60,,91764,19,,,0
2000000,'S2-4_2',659,,91832,19,,,0,65,,91814,19,,,0,17,,91842,19,,,0,15,,91798,19,,,0,54,,91825,19,,,0,15,,91807,19,,,0,15,,91834,19,,,0,15,,91817,19,,,0,56,,91845,19,,,0,16,,91799,19,,,0,16,,91830,19,,,0,16,,91808,19,,,0,56,,91835,19,,,0,16,,91815,19,,,0,16,,91843,19,,,0,56,,91800,19,,,0,16,,91831,19,,,0,15,,91809,19,,,0,16,,91836,19,,,0,56,,91816,19,,,0,15,,91846,19,,,0,17,,91801,19,,,0,12,,91824,19,,,0,56,,91810,19,,,0,15,,91833,19,,,0,15,,91818,19,,,0,15,,91844,19,,,0,55,,91803,19,,,0,15,,91826,19,,,0,15,,91813,19,,,0,15,,91838,19,,,0,55,,91819,19,,,0,15,,91847,19,,,0,15,,91804,19,,,0,15,,91827,19,,,0,56,,91812,19,,,0,15,,91837,19,,,0,15,,91820,19,,,0,16,,91796,19,,,0,56,,91848,19,,,0,18,,91802,19,,,0,14,,91829,19,,,0,16,,91811,19,,,0,55,,91839,19,,,0,15,,91822,19,,,0,13,,91797,19,,,0,13,,91849,19,,,0,54,,91805,19,,,0,14,,91828,19,,,0,13,,91840,19,,,0,19,,91821,19,,,0,61,,91850,19,,,0,20,,91806,19,,,0,19,,91841,19,,,0,60,,91823,19,,,0
2000000,'S2-4_4',659,,91891,19,,,0,65,,91873,19,,,0,17,,91901,19,,,0,15,,91857,19,,,0,54,,91884,19,,,0,15,,91866,19,,,0,15,,91893,19,,,0,15,,91876,19,,,0,56,,91904,19,,,0,16,,91858,19,,,0,16,,91889,19,,,0,16,,91867,19,,,0,56,,91894,19,,,0,16,,91874,19,,,0,16,,91902,19,,,0,56,,91859,19,,,0,16,,91890,19,,,0,15,,91868,19,,,0,16,,91895,19,,,0,56,,91875,19,,,0,15,,91905,19,,,0,17,,91860,19,,,0,12,,91883,19,,,0,56,,91869,19,,,0,15,,91892,19,,,0,15,,91877,19,,,0,15,,91903,19,,,0,55,,91862,19,,,0,15,,91885,19,,,0,15,,91872,19,,,0,15,,91897,19,,,0,55,,91878,19,,,0,15,,91906,19,,,0,15,,91863,19,,,0,15,,91886,19,,,0,56,,91871,19,,,0,15,,91896,19,,,0,15,,91879,19,,,0,16,,91855,19,,,0,56,,91907,19,,,0,18,,91861,19,,,0,14,,91888,19,,,0,16,,91870,19,,,0,55,,91898,19,,,0,15,,91881,19,,,0,13,,91856,19,,,0,13,,91908,19,,,0,54,,91864,19,,,0,14,,91887,19,,,0,13,,91899,19,,,0,19,,91880,19,,,0,61,,91909,19,,,0,20,,91865,19,,,0,19,,91900,19,,,0,60,,91882,19,,,0
3000000,'S2-0_2',644,,92636,15,,,0,59,,92635,15,,,0,23,,92595,15,,,0,20,,92596,15,,,0,60,,92597,15,,,0,19,,92598,15,,,0,20,,92599,15,,,0,62,,92600,15,,,0,20,,92601,15,,,0,20,,92602,15,,,0,60,,92603,15,,,0,19,,92604,15,,,0,21,,92605,15,,,0,60,,92606,15,,,0,20,,92607,15,,,0,20,,92608,15,,,0,60,,92609,15,,,0,21,,92610,15,,,0,20,,92611,15,,,0,59,,92612,15,,,0,20,,92613,15,,,0,19,,92614,15,,,0,60,,92615,15,,,0,21,,92616,15,,,0,20,,92617,15,,,0,60,,92618,15,,,0,20,,92619,15,,,0,19,,92620,15,,,0,59,,92621,15,,,0,17,,92622,15,,,0,19,,92623,15,,,0,18,,92624,15,,,0,61,,92625,15,,,0,21,,92626,15,,,0,61,,92627,15,,,0,21,,92628,15,,,0,21,,92629,15,,,0,60,,92630,15,,,0,20,,92631,15,,,0,28,,92632,15,,,0,73,,92633,15,,,0,32,,92634,15,,,0
3000000,'S2-0_4',644,,92682,15,,,0,59,,92681,15,,,0,23,,92641,15,,,0,20,,92642,15,,,0,60,,92643,15,,,0,19,,92644,15,,,0,20,,92645,15,,,0,62,,92646,15,,,0,20,,92647,15,,,0,20,,92648,15,,,0,60,,92649,15,,,0,19,,92650,15,,,0,21,,92651,15,,,0,60,,92652,15,,,0,20,,92653,15,,,0,20,,92654,15,,,0,60,,92655,15,,,0,21,,92656,15,,,0,20,,92657,15,,,0,59,,92658,15,,,0,20,,92659,15,,,0,19,,92660,15,,,0,60,,92661,15,,,0,21,,92662,15,,,0,20,,92663,15,,,0,60,,92664,15,,,0,20,,92665,15,,,0,19,,92666,15,,,0,59,,92667,15,,,0,17,,92668,15,,,0,19,,92669,15,,,0,18,,92670,15,,,0,61,,92671,15,,,0,21,,92672,15,,,0,61,,92673,15,,,0,21,,92674,15,,,0,21,,92675,15,,,0,60,,92676,15,,,0,20,,92677,15,,,0,28,,92678,15,,,0,73,,92679,15,,,0,32,,92680,15,,,0
3000000,'S2-0_5',644,,92728,15,,,0,59,,92727,15,,,0,23,,92687,15,,,0,20,,92688,15,,,0,60,,92689,15,,,0,19,,92690,15,,,0,20,,92691,15,,,0,62,,92692,15,,,0,20,,92693,15,,,0,20,,92694,15,,,0,60,,92695,15,,,0,19,,92696,15,,,0,21,,92697,15,,,0,60,,92698,15,,,0,20,,92699,15,,,0,20,,92700,15,,,0,60,,92701,15,,,0,21,,92702,15,,,0,20,,92703,15,,,0,59,,92704,15,,,0,20,,92705,15,,,0,19,,92706,15,,,0,60,,92707,15,,,0,21,,92708,15,,,0,20,,92709,15,,,0,60,,92710,15,,,0,20,,92711,15,,,0,19,,92712,15,,,0,59,,92713,15,,,0,17,,92714,15,,,0,19,,92715,15,,,0,18,,92716,15,,,0,61,,92717,15,,,0,21,,92718,15,,,0,61,,92719,15,,,0,21,,92720,15,,,0,21,,92721,15,,,0,60,,92722,15,,,0,20,,92723,15,,,0,28,,92724,15,,,0,73,,92725,15,,,0,32,,92726,15,,,0
3000000,'S2-1_3',644,,92774,15,,,0,59,,92773,15,,,0,23,,92733,15,,,0,20,,92734,15,,,0,60,,92735,15,,,0,19,,92736,15,,,0,20,,92737,15,,,0,62,,92738,15,,,0,20,,92739,15,,,0,20,,92740,15,,,0,60,,92741,15,,,0,19,,92742,15,,,0,21,,92743,15,,,0,60,,92744,15,,,0,20,,92745,15,,,0,20,,92746,15,,,0,60,,92747,15,,,0,21,,92748,15,,,0,20,,92749,15,,,0,59,,92750,15,,,0,20,,92751,15,,,0,19,,92752,15,,,0,60,,92753,15,,,0,21,,92754,15,,,0,20,,92755,15,,,0,60,,92756,15,,,0,20,,92757,15,,,0,19,,92758,15,,,0,59,,92759,15,,,0,17,,92760,15,,,0,19,,92761,15,,,0,18,,92762,15,,,0,61,,92763,15,,,0,21,,92764,15,,,0,61,,92765,15,,,0,21,,92766,15,,,0,21,,92767,15,,,0,60,,92768,15,,,0,20,,92769,15,,,0,28,,92770,15,,,0,73,,92771,15,,,0,32,,92772,15,,,0
3000000,'S2-2_6',648,,92779,15,,,0,82,,92780,15,,,0,81,,92781,15,,,0,30,,92782,15,,,0,60,,92783,15,,,0,20,,92784,15,,,0,21,,92785,15,,,0,60,,92786,15,,,0,20,,92787,15,,,0,20,,92788,15,,,0,60,,92789,15,,,0,19,,92790,15,,,0,20,,92791,15,,,0,60,,92792,15,,,0,20,,92793,15,,,0,19,,92794,15,,,0,60,,92795,15,,,0,20,,92796,15,,,0,20,,92797,15,,,0,60,,92798,15,,,0,21,,92799,15,,,0,20,,92800,15,,,0,60,,92801,15,,,0,20,,92802,15,,,0,20,,92803,15,,,0,60,,92804,15,,,0,20,,92805,15,,,0,20,,92806,15,,,0,60,,92807,15,,,0,20,,92808,15,,,0,20,,92809,15,,,0,60,,92810,15,,,0,19,,92811,15,,,0,20,,92812,15,,,0,19,,92813,15,,,0,70,,92814,15,,,0,30,,92815,15,,,0,69,,92816,15,,,0,29,,92817,15,,,0
3000000,'S2-3_7',809,,92819,15,,,0,130,,92820,15,,,0,170,,92827,15,,,0,130,,92826,15,,,0,170,,92825,15,,,0,130,,92823,15,,,0,170,,92824,15,,,0,129,,92822,15,,,0,170,,92821,15,,,0
3000000,'S2-4_1',644,,92874,15,,,0,59,,92873,15,,,0,23,,92833,15,,,0,20,,92834,15,,,0,60,,92835,15,,,0,19,,92836,15,,,0,20,,92837,15,,,0,62,,92838,15,,,0,20,,92839,15,,,0,20,,92840,15,,,0,60,,92841,15,,,0,19,,92842,15,,,0,21,,92843,15,,,0,60,,92844,15,,,0,20,,92845,15,,,0,20,,92846,15,,,0,60,,92847,15,,,0,21,,92848,15,,,0,20,,92849,15,,,0,59,,92850,15,,,0,20,,92851,15,,,0,19,,92852,15,,,0,60,,92853,15,,,0,21,,92854,15,,,0,20,,92855,15,,,0,60,,92856,15,,,0,20,,92857,15,,,0,19,,92858,15,,,0,59,,92859,15,,,0,17,,92860,15,,,0,19,,92861,15,,,0,18,,92862,15,,,0,61,,92863,15,,,0,21,,92864,15,,,0,61,,92865,15,,,0,21,,92866,15,,,0,21,,92867,15,,,0,60,,92868,15,,,0,20,,92869,15,,,0,28,,92870,15,,,0,73,,92871,15,,,0,32,,92872,15,,,0
3000000,'S2-4_2',644,,92920,15,,,0,59,,92919,15,,,0,23,,92879,15,,,0,20,,92880,15,,,0,60,,92881,15,,,0,19,,92882,15,,,0,20,,92883,15,,,0,62,,92884,15,,,0,20,,92885,15,,,0,20,,92886,15,,,0,60,,92887,15,,,0,19,,92888,15,,,0,21,,92889,15,,,0,60,,92890,15,,,0,20,,92891,15,,,0,20,,92892,15,,,0,60,,92893,15,,,0,21,,92894,15,,,0,20,,92895,15,,,0,59,,92896,15,,,0,20,,92897,15,,,0,19,,92898,15,,,0,60,,92899,15,,,0,21,,92900,15,,,0,20,,92901,15,,,0,60,,92902,15,,,0,20,,92903,15,,,0,19,,92904,15,,,0,59,,92905,15,,,0,17,,92906,15,,,0,19,,92907,15,,,0,18,,92908,15,,,0,61,,92909,15,,,0,21,,92910,15,,,0,61,,92911,15,,,0,21,,92912,15,,,0,21,,92913,15,,,0,60,,92914,15,,,0,20,,92915,15,,,0,28,,92916,15,,,0,73,,92917,15,,,0,32,,92918,15,,,0
3000000,'S2-4_4',644,,92966,15,,,0,59,,92965,15,,,0,23,,92925,15,,,0,20,,92926,15,,,0,60,,92927,15,,,0,19,,92928,15,,,0,20,,92929,15,,,0,62,,92930,15,,,0,20,,92931,15,,,0,20,,92932,15,,,0,60,,92933,15,,,0,19,,92934,15,,,0,21,,92935,15,,,0,60,,92936,15,,,0,20,,92937,15,,,0,20,,92938,15,,,0,60,,92939,15,,,0,21,,92940,15,,,0,20,,92941,15,,,0,59,,92942,15,,,0,20,,92943,15,,,0,19,,92944,15,,,0,60,,92945,15,,,0,21,,92946,15,,,0,20,,92947,15,,,0,60,,92948,15,,,0,20,,92949,15,,,0,19,,92950,15,,,0,59,,92951,15,,,0,17,,92952,15,,,0,19,,92953,15,,,0,18,,92954,15,,,0,61,,92955,15,,,0,21,,92956,15,,,0,61,,92957,15,,,0,21,,92958,15,,,0,21,,92959,15,,,0,60,,92960,15,,,0,20,,92961,15,,,0,28,,92962,15,,,0,73,,92963,15,,,0,32,,92964,15,,,0
