401,'S2-0_2',645,,86172,2,0,52,0,60,,86142,9,0,41,0,8,,86159,9,0,41,0,20,,86143,9,0,41,0,12,,86166,9,,,0,69,,86144,9,0,41,0,11,,86145,9,0,41,0,81,,86146,9,0,41,0,34,,86147,9,0,41,0,74,,86148,9,0,41,0,35,,86168,9,,,0,70,,86149,9,0,41,0,28,,86150,9,0,41,0,56,,86167,9,,,0,31,,86163,9,0,41,0,75,,86169,9,,,0,33,,86141,12,0,41,0,77,,86151,9,0,41,0,28,,86170,9,,,0,72,,86152,9,0,41,0,24,,86153,9,0,41,0,13,,86154,9,0,41,0,53,,86164,9,0,41,0,20,,86160,9,0,41,0,16,,86155,9,0,41,0,11,,86161,9,0,41,0,53,,86165,9,,,0,38,,86156,9,0,41,0,61,,86162,9,0,41,0,43,,86157,9,0,41,0,61,,86171,9,,,0
401,'S2-0_4',645,,86204,2,0,52,0,60,,86174,9,0,41,0,8,,86191,9,0,41,0,20,,86175,9,0,41,0,12,,86198,9,,,0,69,,86176,9,0,41,0,11,,86177,9,0,41,0,81,,86178,9,0,41,0,34,,86179,9,0,41,0,74,,86180,9,0,41,0,35,,86200,9,,,0,70,,86181,9,0,41,0,28,,86182,9,0,41,0,56,,86199,9,,,0,31,,86195,9,0,41,0,75,,86201,9,,,0,33,,86173,12,0,41,0,77,,86183,9,0,41,0,28,,86202,9,,,0,72,,86184,9,0,41,0,24,,86185,9,0,41,0,13,,86186,9,0,41,0,53,,86196,9,0,41,0,20,,86192,9,0,41,0,16,,86187,9,0,41,0,11,,86193,9,0,41,0,53,,86197,9,,,0,38,,86188,9,0,41,0,61,,86194,9,0,41,0,43,,86189,9,0,41,0,61,,86203,9,,,0
401,'S2-0_5',645,,86236,2,0,52,0,60,,86206,9,0,41,0,8,,86223,9,0,41,0,20,,86207,9,0,41,0,12,,86230,9,,,0,69,,86208,9,0,41,0,11,,86209,9,0,41,0,81,,86210,9,0,41,0,34,,86211,9,0,41,0,74,,86212,9,0,41,0,35,,86232,9,,,0,70,,86213,9,0,41,0,28,,86214,9,0,41,0,56,,86231,9,,,0,31,,86227,9,0,41,0,75,,86233,9,,,0,33,,86205,12,0,41,0,77,,86215,9,0,41,0,28,,86234,9,,,0,72,,86216,9,0,41,0,24,,86217,9,0,41,0,13,,86218,9,0,41,0,53,,86228,9,0,41,0,20,,86224,9,0,41,0,16,,86219,9,0,41,0,11,,86225,9,0,41,0,53,,86229,9,,,0,38,,86220,9,0,41,0,61,,86226,9,0,41,0,43,,86221,9,0,41,0,61,,86235,9,,,0
401,'S2-1_3',645,,86268,2,0,52,0,60,,86238,9,0,41,0,8,,86255,9,0,41,0,20,,86239,9,0,41,0,12,,86262,9,,,0,69,,86240,9,0,41,0,11,,86241,9,0,41,0,81,,86242,9,0,41,0,34,,86243,9,0,41,0,74,,86244,9,0,41,0,35,,86264,9,,,0,70,,86245,9,0,41,0,28,,86246,9,0,41,0,56,,86263,9,,,0,31,,86259,9,0,41,0,75,,86265,9,,,0,33,,86237,12,0,41,0,77,,86247,9,0,41,0,28,,86266,9,,,0,72,,86248,9,0,41,0,24,,86249,9,0,41,0,13,,86250,9,0,41,0,53,,86260,9,0,41,0,20,,86256,9,0,41,0,16,,86251,9,0,41,0,11,,86257,9,0,41,0,53,,86261,9,,,0,38,,86252,9,0,41,0,61,,86258,9,0,41,0,43,,86253,9,0,41,0,61,,86267,9,,,0
401,'S2-2_6',654,,86269,9,,,0,155,,86276,9,0,41,0,35,,86270,9,,,0,69,,86277,9,0,41,0,32,,86278,9,0,41,0,67,,86279,9,0,41,0,32,,86271,9,,,0,69,,86280,9,0,41,0,31,,86281,9,0,41,0,71,,86282,9,0,41,0,30,,86272,9,,,0,69,,86283,9,0,41,0,29,,86284,9,0,41,0,71,,86285,9,0,41,0,31,,86273,9,,,0,68,,86286,9,0,41,0,32,,86287,9,0,41,0,73,,86288,9,0,41,0,31,,86274,9,,,0,71,,86289,9,0,41,0,33,,86290,9,0,41,0,72,,86291,9,0,41,0,31,,86292,9,0,41,0,70,,86275,9,,,0
401,'S2-3_7',932,,86293,9,,,0,125,,86294,9,,,0,165,,86295,9,,,0,201,,86296,9,,,0,125,,86297,9,,,0,165,,86298,9,,,0,125,,86299,9,,,0
401,'S2-4_1',645,,86331,2,0,52,0,60,,86301,9,0,41,0,8,,86318,9,0,41,0,20,,86302,9,0,41,0,12,,86325,9,,,0,69,,86303,9,0,41,0,11,,86304,9,0,41,0,81,,86305,9,0,41,0,34,,86306,9,0,41,0,74,,86307,9,0,41,0,35,,86327,9,,,0,70,,86308,9,0,41,0,28,,86309,9,0,41,0,56,,86326,9,,,0,31,,86322,9,0,41,0,75,,86328,9,,,0,33,,86300,12,0,41,0,77,,86310,9,0,41,0,28,,86329,9,,,0,72,,86311,9,0,41,0,24,,86312,9,0,41,0,13,,86313,9,0,41,0,53,,86323,9,0,41,0,20,,86319,9,0,41,0,16,,86314,9,0,41,0,11,,86320,9,0,41,0,53,,86324,9,,,0,38,,86315,9,0,41,0,61,,86321,9,0,41,0,43,,86316,9,0,41,0,61,,86330,9,,,0
401,'S2-4_2',645,,86363,2,0,52,0,60,,86333,9,0,41,0,8,,86350,9,0,41,0,20,,86334,9,0,41,0,12,,86357,9,,,0,69,,86335,9,0,41,0,11,,86336,9,0,41,0,81,,86337,9,0,41,0,34,,86338,9,0,41,0,74,,86339,9,0,41,0,35,,86359,9,,,0,70,,86340,9,0,41,0,28,,86341,9,0,41,0,56,,86358,9,,,0,31,,86354,9,0,41,0,75,,86360,9,,,0,33,,86332,12,0,41,0,77,,86342,9,0,41,0,28,,86361,9,,,0,72,,86343,9,0,41,0,24,,86344,9,0,41,0,13,,86345,9,0,41,0,53,,86355,9,0,41,0,20,,86351,9,0,41,0,16,,86346,9,0,41,0,11,,86352,9,0,41,0,53,,86356,9,,,0,38,,86347,9,0,41,0,61,,86353,9,0,41,0,43,,86348,9,0,41,0,61,,86362,9,,,0
401,'S2-4_4',645,,86395,2,0,52,0,60,,86365,9,0,41,0,8,,86382,9,0,41,0,20,,86366,9,0,41,0,12,,86389,9,,,0,69,,86367,9,0,41,0,11,,86368,9,0,41,0,81,,86369,9,0,41,0,34,,86370,9,0,41,0,74,,86371,9,0,41,0,35,,86391,9,,,0,70,,86372,9,0,41,0,28,,86373,9,0,41,0,56,,86390,9,,,0,31,,86386,9,0,41,0,75,,86392,9,,,0,33,,86364,12,0,41,0,77,,86374,9,0,41,0,28,,86393,9,,,0,72,,86375,9,0,41,0,24,,86376,9,0,41,0,13,,86377,9,0,41,0,53,,86387,9,0,41,0,20,,86383,9,0,41,0,16,,86378,9,0,41,0,11,,86384,9,0,41,0,53,,86388,9,,,0,38,,86379,9,0,41,0,61,,86385,9,0,41,0,43,,86380,9,0,41,0,61,,86394,9,,,0
2301,'S2-0_2',654,,88672,2,,,0,62,,88671,2,,,0,1,,88670,12,,,0
2301,'S2-0_4',654,,88675,2,,,0,62,,88674,2,,,0,1,,88673,12,,,0
2301,'S2-0_5',654,,88678,2,,,0,62,,88677,2,,,0,1,,88676,12,,,0
2301,'S2-1_3',654,,88681,2,,,0,62,,88680,2,,,0,1,,88679,12,,,0
2301,'S2-4_1',654,,88684,2,,,0,62,,88683,2,,,0,1,,88682,12,,,0
2301,'S2-4_2',654,,88687,2,,,0,62,,88686,2,,,0,1,,88685,12,,,0
2301,'S2-4_4',654,,88690,2,,,0,62,,88689,2,,,0,1,,88688,12,,,0
