1700,'S2-0_2',630,,88145,3,,,0,102,,88147,3,,,0,83,,88148,3,0,23 24,0,42,,88149,3,,,0,1043,,88146,3,,,0
1700,'S2-0_4',630,,88150,3,,,0,102,,88152,3,,,0,83,,88153,3,0,23 24,0,42,,88154,3,,,0,1043,,88151,3,,,0
1700,'S2-0_5',630,,88155,3,,,0,102,,88157,3,,,0,83,,88158,3,0,23 24,0,42,,88159,3,,,0,1043,,88156,3,,,0
1700,'S2-1_3',630,,88160,3,,,0,102,,88162,3,,,0,83,,88163,3,0,23 24,0,42,,88164,3,,,0,545,,88165,3,,,0,498,,88161,3,,,0
1700,'S2-4_1',630,,88166,3,,,0,102,,88168,3,,,0,83,,88169,3,0,23 24,0,42,,88170,3,,,0,1043,,88167,3,,,0
1700,'S2-4_2',630,,88171,3,,,0,102,,88173,3,,,0,83,,88174,3,0,23 24,0,42,,88175,3,,,0,1043,,88172,3,,,0
1700,'S2-4_4',630,,88176,3,,,0,102,,88178,3,,,0,83,,88179,3,0,23 24,0,42,,88180,3,,,0,1043,,88177,3,,,0
1701,'S2-0_2',658,,88181,2,,,0,952,,88184,2,,,0,105,,88185,2,,,0,109,,88182,2,,,0,95,,88183,2,,,0
1701,'S2-0_4',658,,88187,2,,,0,952,,88190,2,,,0,105,,88191,2,,,0,109,,88188,2,,,0,95,,88189,2,,,0
1701,'S2-0_5',658,,88193,2,,,0,952,,88196,2,,,0,105,,88197,2,,,0,109,,88194,2,,,0,95,,88195,2,,,0
1701,'S2-1_3',658,,88199,2,,,0,482,,88202,2,,,0,190,,88203,2,,,0,494,,88200,2,,,0,95,,88201,2,,,0
1701,'S2-4_1',658,,88205,2,,,0,952,,88208,2,,,0,105,,88209,2,,,0,109,,88206,2,,,0,95,,88207,2,,,0
1701,'S2-4_2',658,,88211,2,,,0,952,,88214,2,,,0,105,,88215,2,,,0,109,,88212,2,,,0,95,,88213,2,,,0
1701,'S2-4_4',658,,88217,2,,,0,952,,88220,2,,,0,105,,88221,2,,,0,109,,88218,2,,,0,95,,88219,2,,,0
