1500,'0_4',740,,97759,13,,,0,61,,97760,13,,,0,114,,97761,13,,,0,117,,97762,13,,,0,118,,97763,13,,,0,80,,97764,13,,,0,75,,97765,13,,,0,97,,97766,13,,,0,119,,97758,13,0,44,0,103,,97767,13,,,0,109,,97768,13,,,0,98,,97769,13,,,0,110,,97770,13,,,0
1500,'0_5',740,,97772,13,,,0,61,,97773,13,,,0,114,,97774,13,,,0,117,,97775,13,,,0,118,,97776,13,,,0,80,,97777,13,,,0,75,,97778,13,,,0,97,,97779,13,,,0,119,,97771,13,0,44,0,103,,97780,13,,,0,109,,97781,13,,,0,98,,97782,13,,,0,110,,97783,13,,,0
1500,'1_3',740,,97785,13,,,0,61,,97786,13,,,0,114,,97787,13,,,0,117,,97788,13,,,0,118,,97789,13,,,0,80,,97790,13,,,0,75,,97791,13,,,0,97,,97792,13,,,0,119,,97784,13,0,44,0,103,,97793,13,,,0,109,,97794,13,,,0,98,,97795,13,,,0,110,,97796,13,,,0
1500,'2_6',740,,97798,13,,,0,61,,97799,13,,,0,114,,97800,13,,,0,117,,97801,13,,,0,118,,97802,13,,,0,80,,97803,13,,,0,75,,97804,13,,,0,97,,97805,13,,,0,119,,97797,13,0,44,0,103,,97806,13,,,0,109,,97807,13,,,0,98,,97808,13,,,0,110,,97809,13,,,0
1500,'4_1',740,,97811,13,,,0,61,,97812,13,,,0,114,,97813,13,,,0,117,,97814,13,,,0,118,,97815,13,,,0,80,,97816,13,,,0,75,,97817,13,,,0,97,,97818,13,,,0,119,,97810,13,0,44,0,103,,97819,13,,,0,109,,97820,13,,,0,98,,97821,13,,,0,110,,97822,13,,,0
1500,'4_2',740,,97824,13,,,0,61,,97825,13,,,0,114,,97826,13,,,0,117,,97827,13,,,0,118,,97828,13,,,0,80,,97829,13,,,0,75,,97830,13,,,0,97,,97831,13,,,0,119,,97823,13,0,44,0,103,,97832,13,,,0,109,,97833,13,,,0,98,,97834,13,,,0,110,,97835,13,,,0
1500,'4_4',740,,97837,13,,,0,61,,97838,13,,,0,114,,97839,13,,,0,117,,97840,13,,,0,118,,97841,13,,,0,80,,97842,13,,,0,75,,97843,13,,,0,97,,97844,13,,,0,119,,97836,13,0,44,0,103,,97845,13,,,0,109,,97846,13,,,0,98,,97847,13,,,0,110,,97848,13,,,0
1500,'4_5',740,,97850,13,,,0,61,,97851,13,,,0,114,,97852,13,,,0,117,,97853,13,,,0,118,,97854,13,,,0,80,,97855,13,,,0,75,,97856,13,,,0,97,,97857,13,,,0,119,,97849,13,0,44,0,103,,97858,13,,,0,109,,97859,13,,,0,98,,97860,13,,,0,110,,97861,13,,,0
1501,'0_4',658,,97863,12,,,0,58,,97864,12,,,0,95,,97865,12,,,0,21,,97866,12,,,0,117,,97867,12,,,0,156,,97868,12,,,0,118,,97869,12,,,0,94,,97870,12,,,0,118,,97871,12,,,0,222,,97872,12,,,0,150,,97873,12,,,0,95,,97874,12,,,0
1501,'0_5',658,,97876,12,,,0,58,,97877,12,,,0,95,,97878,12,,,0,21,,97879,12,,,0,117,,97880,12,,,0,156,,97881,12,,,0,118,,97882,12,,,0,94,,97883,12,,,0,118,,97884,12,,,0,222,,97885,12,,,0,150,,97886,12,,,0,95,,97887,12,,,0
1501,'1_3',658,,97889,12,,,0,58,,97890,12,,,0,95,,97891,12,,,0,21,,97892,12,,,0,117,,97893,12,,,0,156,,97894,12,,,0,118,,97895,12,,,0,94,,97896,12,,,0,118,,97897,12,,,0,222,,97898,12,,,0,150,,97899,12,,,0,95,,97900,12,,,0
1501,'2_6',658,,97902,12,,,0,58,,97903,12,,,0,95,,97904,12,,,0,21,,97905,12,,,0,117,,97906,12,,,0,156,,97907,12,,,0,118,,97908,12,,,0,94,,97909,12,,,0,118,,97910,12,,,0,222,,97911,12,,,0,150,,97912,12,,,0,95,,97913,12,,,0
1501,'4_1',658,,97915,12,,,0,58,,97916,12,,,0,95,,97917,12,,,0,21,,97918,12,,,0,117,,97919,12,,,0,156,,97920,12,,,0,118,,97921,12,,,0,94,,97922,12,,,0,118,,97923,12,,,0,222,,97924,12,,,0,150,,97925,12,,,0,95,,97926,12,,,0
1501,'4_2',658,,97928,12,,,0,58,,97929,12,,,0,95,,97930,12,,,0,21,,97931,12,,,0,117,,97932,12,,,0,156,,97933,12,,,0,118,,97934,12,,,0,94,,97935,12,,,0,118,,97936,12,,,0,222,,97937,12,,,0,150,,97938,12,,,0,95,,97939,12,,,0
1501,'4_4',658,,97941,12,,,0,58,,97942,12,,,0,95,,97943,12,,,0,21,,97944,12,,,0,117,,97945,12,,,0,156,,97946,12,,,0,118,,97947,12,,,0,94,,97948,12,,,0,118,,97949,12,,,0,222,,97950,12,,,0,150,,97951,12,,,0,95,,97952,12,,,0
1501,'4_5',658,,97954,12,,,0,58,,97955,12,,,0,95,,97956,12,,,0,21,,97957,12,,,0,117,,97958,12,,,0,156,,97959,12,,,0,118,,97960,12,,,0,94,,97961,12,,,0,118,,97962,12,,,0,222,,97963,12,,,0,150,,97964,12,,,0,95,,97965,12,,,0
