400,'1_3',740,,95913,34,0,40,0,1,,95912,34,4,,0,17,,95920,34,0,40,0,66,,95891,34,0,40,0,491,,95915,46,0,40,0,342,,95921,34,0,40,0,76,,95916,18,0,40,0,25,,95922,34,,,0
400,'4_1',740,,95979,34,0,40,0,1,,95978,34,4,,0,17,,95986,34,0,40,0,66,,95956,34,0,40,0,491,,95981,46,0,40,0,342,,95987,34,0,40,0,76,,95982,18,0,40,0,25,,95988,34,,,0
400,'4_2',740,,96013,34,0,40,0,1,,96012,34,4,,0,17,,96020,34,0,40,0,66,,95990,34,0,40,0,491,,96015,46,0,40,0,342,,96021,34,0,40,0,76,,96016,18,0,40,0,25,,96022,34,,,0
400,'4_4',740,,96047,34,0,40,0,1,,96046,34,4,,0,17,,96054,34,0,40,0,66,,96024,34,0,40,0,491,,96049,46,0,40,0,342,,96055,34,0,40,0,76,,96050,18,0,40,0,25,,96056,34,,,0
400,'4_5',740,,96081,34,0,40,0,1,,96080,34,4,,0,17,,96088,34,0,40,0,66,,96058,34,0,40,0,491,,96083,46,0,40,0,342,,96089,34,0,40,0,76,,96084,18,0,40,0,25,,96090,34,,,0
401,'1_3',701,,96194,15,0,52,0,22,,96181,19,0,41,0,32,,96188,19,,,0,456,,96189,19,,,0,393,,96176,19,0,41,0,100,,96183,19,0,41,0,112,,96184,19,0,41,0
401,'4_1',701,,96257,15,0,52,0,22,,96244,19,0,41,0,32,,96251,19,,,0,456,,96252,19,,,0,393,,96239,19,0,41,0,100,,96246,19,0,41,0,112,,96247,19,0,41,0
401,'4_2',701,,96289,15,0,52,0,22,,96276,19,0,41,0,32,,96283,19,,,0,456,,96284,19,,,0,393,,96271,19,0,41,0,100,,96278,19,0,41,0,112,,96279,19,0,41,0
401,'4_4',701,,96321,15,0,52,0,22,,96308,19,0,41,0,32,,96315,19,,,0,456,,96316,19,,,0,393,,96303,19,0,41,0,100,,96310,19,0,41,0,112,,96311,19,0,41,0
401,'4_5',701,,96353,15,0,52,0,22,,96340,19,0,41,0,32,,96347,19,,,0,456,,96348,19,,,0,393,,96335,19,0,41,0,100,,96342,19,0,41,0,112,,96343,19,0,41,0
