100,'0_4',749,,94101,50,0,61 8,0,56,,94098,50,0,61 8,0,15,,94102,50,0,61 8,0,13,,94089,50,,,0,13,,94108,50,0,61 8,0,69,,94103,50,0,61 8,0,26,,94090,50,0,61 8,0,78,,94104,50,0,61 8,0,38,,94091,50,0,61 8,0,80,,94105,50,0,61 8,0,80,,94092,50,0,61 8,0,17,,94109,50,,,0,22,,94110,50,,,0,72,,94093,50,0,61 8,0,24,,94106,50,0,61 8,0,66,,94094,50,0,61 8,0,35,,94107,50,0,61 8,0,83,,94095,50,0,61 8,0,66,,94111,50,,,0,37,,94100,50,0,61 8,0,20,,94112,50,,,0,55,,94117,27,0,61 8,0,25,,94113,50,,,0,11,,94096,50,0,61 8,0,52,,94120,34,,,0,5,,94114,50,,,0,17,,94097,50,0,61 8,0,12,,94115,50,,,0,5,,94121,34,,,0,17,,94087,50,,,0,73,,94116,50,0,61 8,0,74,,94088,50,,,0
100,'0_5',749,,94136,50,0,61 8,0,56,,94133,50,0,61 8,0,15,,94137,50,0,61 8,0,13,,94124,50,,,0,13,,94143,50,0,61 8,0,69,,94138,50,0,61 8,0,26,,94125,50,0,61 8,0,78,,94139,50,0,61 8,0,38,,94126,50,0,61 8,0,80,,94140,50,0,61 8,0,80,,94127,50,0,61 8,0,17,,94144,50,,,0,22,,94145,50,,,0,72,,94128,50,0,61 8,0,24,,94141,50,0,61 8,0,66,,94129,50,0,61 8,0,35,,94142,50,0,61 8,0,83,,94130,50,0,61 8,0,66,,94146,50,,,0,37,,94135,50,0,61 8,0,20,,94147,50,,,0,55,,94152,27,0,61 8,0,25,,94148,50,,,0,11,,94131,50,0,61 8,0,52,,94155,34,,,0,5,,94149,50,,,0,17,,94132,50,0,61 8,0,12,,94150,50,,,0,5,,94156,34,,,0,17,,94122,50,,,0,73,,94151,50,0,61 8,0,74,,94123,50,,,0
100,'1_3',749,,94171,50,0,61 8,0,56,,94168,50,0,61 8,0,15,,94172,50,0,61 8,0,13,,94159,50,,,0,13,,94178,50,0,61 8,0,69,,94173,50,0,61 8,0,26,,94160,50,0,61 8,0,78,,94174,50,0,61 8,0,38,,94161,50,0,61 8,0,80,,94175,50,0,61 8,0,80,,94162,50,0,61 8,0,17,,94179,50,,,0,19,,94190,27,,,0,3,,94180,50,,,0,72,,94163,50,0,61 8,0,24,,94176,50,0,61 8,0,66,,94164,50,0,61 8,0,35,,94177,50,0,61 8,0,83,,94165,50,0,61 8,0,66,,94181,50,,,0,37,,94170,50,0,61 8,0,20,,94182,50,,,0,55,,94187,27,0,61 8,0,25,,94183,50,,,0,11,,94166,50,0,61 8,0,57,,94184,50,,,0,17,,94167,50,0,61 8,0,12,,94185,50,,,0,22,,94157,50,,,0,73,,94186,50,0,61 8,0,74,,94158,50,,,0
100,'2_6',745,,94192,50,0,61 8,0,109,,94204,50,0,61 8,0,95,,94193,50,0,61 8,0,70,,94205,50,0,61 8,0,30,,94194,50,0,61 8,0,72,,94206,50,0,61 8,0,30,,94195,50,0,61 8,0,69,,94207,50,0,61 8,0,30,,94196,50,0,61 8,0,68,,94208,50,0,61 8,0,31,,94197,50,0,61 8,0,70,,94209,50,0,61 8,0,30,,94198,50,0,61 8,0,70,,94210,50,0,61 8,0,30,,94199,50,0,61 8,0,72,,94211,50,0,61 8,0,32,,94200,50,0,61 8,0,72,,94212,50,0,61 8,0,31,,94201,50,0,61 8,0,68,,94213,50,0,61 8,0,27,,94202,50,0,61 8,0,71,,94214,50,0,61 8,0,28,,94203,50,0,61 8,0
100,'3_7',946,,94215,50,0,61 8,0,104,,94220,50,0,61 8,0,106,,94216,50,0,61 8,0,144,,94221,50,0,61 8,0,50,,94217,50,0,61 8,0,100,,94222,50,0,61 8,0,106,,94218,50,0,61 8,0,145,,94223,50,0,61 8,0,104,,94219,50,0,61 8,0,105,,94224,50,0,61 8,0
100,'4_1',749,,94239,50,0,61 8,0,56,,94236,50,0,61 8,0,15,,94240,50,0,61 8,0,13,,94227,50,,,0,13,,94246,50,0,61 8,0,69,,94241,50,0,61 8,0,26,,94228,50,0,61 8,0,78,,94242,50,0,61 8,0,38,,94229,50,0,61 8,0,80,,94243,50,0,61 8,0,80,,94230,50,0,61 8,0,17,,94247,50,,,0,22,,94248,50,,,0,72,,94231,50,0,61 8,0,24,,94244,50,0,61 8,0,66,,94232,50,0,61 8,0,35,,94245,50,0,61 8,0,83,,94233,50,0,61 8,0,66,,94249,50,,,0,37,,94238,50,0,61 8,0,20,,94250,50,,,0,55,,94255,27,0,61 8,0,25,,94251,50,,,0,11,,94234,50,0,61 8,0,52,,94258,34,,,0,5,,94252,50,,,0,17,,94235,50,0,61 8,0,12,,94253,50,,,0,5,,94259,34,,,0,17,,94225,50,,,0,73,,94254,50,0,61 8,0,74,,94226,50,,,0
100,'4_2',749,,94274,50,0,61 8,0,56,,94271,50,0,61 8,0,15,,94275,50,0,61 8,0,13,,94262,50,,,0,13,,94281,50,0,61 8,0,69,,94276,50,0,61 8,0,26,,94263,50,0,61 8,0,78,,94277,50,0,61 8,0,38,,94264,50,0,61 8,0,80,,94278,50,0,61 8,0,80,,94265,50,0,61 8,0,17,,94282,50,,,0,22,,94283,50,,,0,72,,94266,50,0,61 8,0,24,,94279,50,0,61 8,0,66,,94267,50,0,61 8,0,35,,94280,50,0,61 8,0,83,,94268,50,0,61 8,0,66,,94284,50,,,0,37,,94273,50,0,61 8,0,20,,94285,50,,,0,55,,94290,27,0,61 8,0,25,,94286,50,,,0,11,,94269,50,0,61 8,0,52,,94293,34,,,0,5,,94287,50,,,0,17,,94270,50,0,61 8,0,12,,94288,50,,,0,5,,94294,34,,,0,17,,94260,50,,,0,73,,94289,50,0,61 8,0,74,,94261,50,,,0
100,'4_4',749,,94309,50,0,61 8,0,56,,94306,50,0,61 8,0,15,,94310,50,0,61 8,0,13,,94297,50,,,0,13,,94316,50,0,61 8,0,69,,94311,50,0,61 8,0,26,,94298,50,0,61 8,0,78,,94312,50,0,61 8,0,38,,94299,50,0,61 8,0,80,,94313,50,0,61 8,0,80,,94300,50,0,61 8,0,17,,94317,50,,,0,22,,94318,50,,,0,72,,94301,50,0,61 8,0,24,,94314,50,0,61 8,0,66,,94302,50,0,61 8,0,35,,94315,50,0,61 8,0,83,,94303,50,0,61 8,0,66,,94319,50,,,0,37,,94308,50,0,61 8,0,20,,94320,50,,,0,55,,94325,27,0,61 8,0,25,,94321,50,,,0,11,,94304,50,0,61 8,0,52,,94328,34,,,0,5,,94322,50,,,0,17,,94305,50,0,61 8,0,12,,94323,50,,,0,5,,94329,34,,,0,17,,94295,50,,,0,73,,94324,50,0,61 8,0,74,,94296,50,,,0
100,'4_5',749,,94344,50,0,61 8,0,56,,94341,50,0,61 8,0,15,,94345,50,0,61 8,0,13,,94332,50,,,0,13,,94351,50,0,61 8,0,69,,94346,50,0,61 8,0,26,,94333,50,0,61 8,0,78,,94347,50,0,61 8,0,38,,94334,50,0,61 8,0,80,,94348,50,0,61 8,0,80,,94335,50,0,61 8,0,17,,94352,50,,,0,22,,94353,50,,,0,72,,94336,50,0,61 8,0,24,,94349,50,0,61 8,0,66,,94337,50,0,61 8,0,35,,94350,50,0,61 8,0,83,,94338,50,0,61 8,0,66,,94354,50,,,0,37,,94343,50,0,61 8,0,20,,94355,50,,,0,55,,94360,27,0,61 8,0,25,,94356,50,,,0,11,,94339,50,0,61 8,0,52,,94363,34,,,0,5,,94357,50,,,0,17,,94340,50,0,61 8,0,12,,94358,50,,,0,5,,94364,34,,,0,17,,94330,50,,,0,73,,94359,50,0,61 8,0,74,,94331,50,,,0
100,'5_7',946,,94365,50,0,61 8,0,104,,94370,50,0,61 8,0,106,,94366,50,0,61 8,0,144,,94371,50,0,61 8,0,50,,94367,50,0,61 8,0,100,,94372,50,0,61 8,0,106,,94368,50,0,61 8,0,145,,94373,50,0,61 8,0,104,,94369,50,0,61 8,0,105,,94374,50,0,61 8,0
