1100,'0_6',645,,67029,7,,,0,159,,67030,7,,,0,906,,67031,7,,,0,119,,67032,7,,,0
1100,'3_1',645,,67053,7,,,0,159,,67054,7,,,0,906,,67055,7,,,0,119,,67056,7,,,0
1100,'3_2',645,,73406,7,,,0,159,,73407,7,,,0,906,,73408,7,,,0,119,,73409,7,,,0
1100,'3_3',645,,67057,7,,,0,159,,67058,7,,,0,906,,67059,7,,,0,119,,67060,7,,,0
1100,'3_4',645,,67061,7,,,0,159,,67062,7,,,0,906,,67063,7,,,0,119,,67064,7,,,0
1100,'3_5',645,,67065,7,,,0,159,,67066,7,,,0,906,,67067,7,,,0,119,,67068,7,,,0
1100,'5_1',645,,74366,7,,,0,159,,74367,7,,,0,906,,74368,7,,,0,119,,74369,7,,,0
1100,'5_2',645,,76112,7,,,0,159,,76113,7,,,0,906,,76114,7,,,0,119,,76115,7,,,0
1100,'5_3',645,,76116,7,,,0,159,,76117,7,,,0,906,,76118,7,,,0,119,,76119,7,,,0
1100,'5_4',645,,76120,7,,,0,159,,76121,7,,,0,906,,76122,7,,,0,119,,76123,7,,,0
