4000001,'0_6',641,,72563,6,,,0,59,,72584,4,,,0,20,,72564,6,,,0,20,,72585,4,,,0,18,,72565,6,,,0,60,,72586,4,,,0,20,,72566,6,,,0,21,,72587,4,,,0,60,,72567,6,,,0,20,,72588,4,,,0,61,,72568,6,,,0,20,,72589,4,,,0,21,,72569,6,,,0,61,,72590,4,,,0,22,,72570,6,,,0,20,,72591,4,,,0,63,,72571,6,,,0,21,,72592,4,,,0,21,,72572,6,,,0,58,,72593,4,,,0,18,,72573,6,,,0,17,,72594,4,,,0,58,,72574,6,,,0,19,,72595,4,,,0,20,,72575,6,,,0,20,,72596,4,,,0,60,,72576,6,,,0,20,,72597,4,,,0,19,,72577,6,,,0,59,,72598,4,,,0,20,,72578,6,,,0,20,,72599,4,,,0,60,,72579,6,,,0,20,,72600,4,,,0,21,,72580,6,,,0,61,,72601,4,,,0,20,,72581,6,,,0,20,,72602,4,,,0,61,,72582,4,,,0,21,,72603,6,,,0,61,,72605,4,,,0,20,,72583,6,,,0,30,,72604,4,,,0
4000001,'1_7',857,,72607,6,,,0,150,,72612,4,,,0,110,,72608,6,,,0,110,,72613,4,,,0,110,,72609,6,,,0,110,,72614,4,,,0,110,,72610,6,,,0,150,,72615,4,,,0,110,,72611,6,,,0,110,,72606,4,,,0
4000001,'5_1',641,,74890,6,,,0,59,,74911,4,,,0,20,,74891,6,,,0,20,,74912,4,,,0,18,,74892,6,,,0,60,,74913,4,,,0,20,,74893,6,,,0,21,,74914,4,,,0,60,,74894,6,,,0,20,,74915,4,,,0,61,,74895,6,,,0,20,,74916,4,,,0,21,,74896,6,,,0,61,,74917,4,,,0,22,,74897,6,,,0,20,,74918,4,,,0,63,,74898,6,,,0,21,,74919,4,,,0,21,,74899,6,,,0,58,,74920,4,,,0,18,,74900,6,,,0,17,,74921,4,,,0,58,,74901,6,,,0,19,,74922,4,,,0,20,,74902,6,,,0,20,,74923,4,,,0,60,,74903,6,,,0,20,,74924,4,,,0,19,,74904,6,,,0,59,,74925,4,,,0,20,,74905,6,,,0,20,,74926,4,,,0,60,,74906,6,,,0,20,,74927,4,,,0,21,,74907,6,,,0,61,,74928,4,,,0,20,,74908,6,,,0,20,,74929,4,,,0,61,,74909,4,,,0,21,,74930,6,,,0,61,,74931,4,,,0,20,,74910,6,,,0,30,,74932,4,,,0
4000001,'5_2',641,,77684,6,,,0,59,,77705,4,,,0,20,,77685,6,,,0,20,,77706,4,,,0,18,,77686,6,,,0,60,,77707,4,,,0,20,,77687,6,,,0,21,,77708,4,,,0,60,,77688,6,,,0,20,,77709,4,,,0,61,,77689,6,,,0,20,,77710,4,,,0,21,,77690,6,,,0,61,,77711,4,,,0,22,,77691,6,,,0,20,,77712,4,,,0,63,,77692,6,,,0,21,,77713,4,,,0,21,,77693,6,,,0,58,,77714,4,,,0,18,,77694,6,,,0,17,,77715,4,,,0,58,,77695,6,,,0,19,,77716,4,,,0,20,,77696,6,,,0,20,,77717,4,,,0,60,,77697,6,,,0,20,,77718,4,,,0,19,,77698,6,,,0,59,,77719,4,,,0,20,,77699,6,,,0,20,,77720,4,,,0,60,,77700,6,,,0,20,,77721,4,,,0,21,,77701,6,,,0,61,,77722,4,,,0,20,,77702,6,,,0,20,,77723,4,,,0,61,,77703,4,,,0,21,,77724,6,,,0,61,,77725,4,,,0,20,,77704,6,,,0,30,,77726,4,,,0
4000001,'5_3',641,,77727,6,,,0,59,,77748,4,,,0,20,,77728,6,,,0,20,,77749,4,,,0,18,,77729,6,,,0,60,,77750,4,,,0,20,,77730,6,,,0,21,,77751,4,,,0,60,,77731,6,,,0,20,,77752,4,,,0,61,,77732,6,,,0,20,,77753,4,,,0,21,,77733,6,,,0,61,,77754,4,,,0,22,,77734,6,,,0,20,,77755,4,,,0,63,,77735,6,,,0,21,,77756,4,,,0,21,,77736,6,,,0,58,,77757,4,,,0,18,,77737,6,,,0,17,,77758,4,,,0,58,,77738,6,,,0,19,,77759,4,,,0,20,,77739,6,,,0,20,,77760,4,,,0,60,,77740,6,,,0,20,,77761,4,,,0,19,,77741,6,,,0,59,,77762,4,,,0,20,,77742,6,,,0,20,,77763,4,,,0,60,,77743,6,,,0,20,,77764,4,,,0,21,,77744,6,,,0,61,,77765,4,,,0,20,,77745,6,,,0,20,,77766,4,,,0,61,,77746,4,,,0,21,,77767,6,,,0,61,,77768,4,,,0,20,,77747,6,,,0,30,,77769,4,,,0
4000001,'7_1',641,,81922,6,,,0,59,,81943,4,,,0,20,,81923,6,,,0,20,,81944,4,,,0,18,,81924,6,,,0,60,,81945,4,,,0,20,,81925,6,,,0,21,,81946,4,,,0,60,,81926,6,,,0,20,,81947,4,,,0,61,,81927,6,,,0,20,,81948,4,,,0,21,,81928,6,,,0,61,,81949,4,,,0,22,,81929,6,,,0,20,,81950,4,,,0,63,,81930,6,,,0,21,,81951,4,,,0,21,,81931,6,,,0,58,,81952,4,,,0,18,,81932,6,,,0,17,,81953,4,,,0,58,,81933,6,,,0,19,,81954,4,,,0,20,,81934,6,,,0,20,,81955,4,,,0,60,,81935,6,,,0,20,,81956,4,,,0,19,,81936,6,,,0,59,,81957,4,,,0,20,,81937,6,,,0,20,,81958,4,,,0,60,,81938,6,,,0,20,,81959,4,,,0,21,,81939,6,,,0,61,,81960,4,,,0,20,,81940,6,,,0,20,,81961,4,,,0,61,,81941,4,,,0,21,,81962,6,,,0,61,,81963,4,,,0,20,,81942,6,,,0,30,,81964,4,,,0
4000001,'7_2',641,,83842,6,,,0,59,,83863,4,,,0,20,,83843,6,,,0,20,,83864,4,,,0,18,,83844,6,,,0,60,,83865,4,,,0,20,,83845,6,,,0,21,,83866,4,,,0,60,,83846,6,,,0,20,,83867,4,,,0,61,,83847,6,,,0,20,,83868,4,,,0,21,,83848,6,,,0,61,,83869,4,,,0,22,,83849,6,,,0,20,,83870,4,,,0,63,,83850,6,,,0,21,,83871,4,,,0,21,,83851,6,,,0,58,,83872,4,,,0,18,,83852,6,,,0,17,,83873,4,,,0,58,,83853,6,,,0,19,,83874,4,,,0,20,,83854,6,,,0,20,,83875,4,,,0,60,,83855,6,,,0,20,,83876,4,,,0,19,,83856,6,,,0,59,,83877,4,,,0,20,,83857,6,,,0,20,,83878,4,,,0,60,,83858,6,,,0,20,,83879,4,,,0,21,,83859,6,,,0,61,,83880,4,,,0,20,,83860,6,,,0,20,,83881,4,,,0,61,,83861,4,,,0,21,,83882,6,,,0,61,,83883,4,,,0,20,,83862,6,,,0,30,,83884,4,,,0
4000001,'7_3',641,,83885,6,,,0,59,,83906,4,,,0,20,,83886,6,,,0,20,,83907,4,,,0,18,,83887,6,,,0,60,,83908,4,,,0,20,,83888,6,,,0,21,,83909,4,,,0,60,,83889,6,,,0,20,,83910,4,,,0,61,,83890,6,,,0,20,,83911,4,,,0,21,,83891,6,,,0,61,,83912,4,,,0,22,,83892,6,,,0,20,,83913,4,,,0,63,,83893,6,,,0,21,,83914,4,,,0,21,,83894,6,,,0,58,,83915,4,,,0,18,,83895,6,,,0,17,,83916,4,,,0,58,,83896,6,,,0,19,,83917,4,,,0,20,,83897,6,,,0,20,,83918,4,,,0,60,,83898,6,,,0,20,,83919,4,,,0,19,,83899,6,,,0,59,,83920,4,,,0,20,,83900,6,,,0,20,,83921,4,,,0,60,,83901,6,,,0,20,,83922,4,,,0,21,,83902,6,,,0,61,,83923,4,,,0,20,,83903,6,,,0,20,,83924,4,,,0,61,,83904,4,,,0,21,,83925,6,,,0,61,,83926,4,,,0,20,,83905,6,,,0,30,,83927,4,,,0
4000001,'7_4',641,,80029,6,,,0,59,,80050,4,,,0,20,,80030,6,,,0,20,,80051,4,,,0,18,,80031,6,,,0,60,,80052,4,,,0,20,,80032,6,,,0,21,,80053,4,,,0,60,,80033,6,,,0,20,,80054,4,,,0,61,,80034,6,,,0,20,,80055,4,,,0,21,,80035,6,,,0,61,,80056,4,,,0,22,,80036,6,,,0,20,,80057,4,,,0,63,,80037,6,,,0,21,,80058,4,,,0,21,,80038,6,,,0,58,,80059,4,,,0,18,,80039,6,,,0,17,,80060,4,,,0,58,,80040,6,,,0,19,,80061,4,,,0,20,,80041,6,,,0,20,,80062,4,,,0,60,,80042,6,,,0,20,,80063,4,,,0,19,,80043,6,,,0,59,,80064,4,,,0,20,,80044,6,,,0,20,,80065,4,,,0,60,,80045,6,,,0,20,,80066,4,,,0,21,,80046,6,,,0,61,,80067,4,,,0,20,,80047,6,,,0,20,,80068,4,,,0,61,,80048,4,,,0,21,,80069,6,,,0,61,,80070,4,,,0,20,,80049,6,,,0,30,,80071,4,,,0
4000001,'7_5',641,,81965,6,,,0,59,,81986,4,,,0,20,,81966,6,,,0,20,,81987,4,,,0,18,,81967,6,,,0,60,,81988,4,,,0,20,,81968,6,,,0,21,,81989,4,,,0,60,,81969,6,,,0,20,,81990,4,,,0,61,,81970,6,,,0,20,,81991,4,,,0,21,,81971,6,,,0,61,,81992,4,,,0,22,,81972,6,,,0,20,,81993,4,,,0,63,,81973,6,,,0,21,,81994,4,,,0,21,,81974,6,,,0,58,,81995,4,,,0,18,,81975,6,,,0,17,,81996,4,,,0,58,,81976,6,,,0,19,,81997,4,,,0,20,,81977,6,,,0,20,,81998,4,,,0,60,,81978,6,,,0,20,,81999,4,,,0,19,,81979,6,,,0,59,,82000,4,,,0,20,,81980,6,,,0,20,,82001,4,,,0,60,,81981,6,,,0,20,,82002,4,,,0,21,,81982,6,,,0,61,,82003,4,,,0,20,,81983,6,,,0,20,,82004,4,,,0,61,,81984,4,,,0,21,,82005,6,,,0,61,,82006,4,,,0,20,,81985,6,,,0,30,,82007,4,,,0
