2500,'0_6',752,,67728,19,,,0,153,,67729,19,,,0,127,,67730,19,,,0,114,,67731,19,,,0,168,,67732,19,,,0,113,,67733,19,,,0,132,,67734,19,,,0,159,,67735,19,,,0,120,,67736,19,,,0,114,,67737,19,,,0
2500,'3_1',752,,67788,19,,,0,153,,67789,19,,,0,127,,67790,19,,,0,114,,67791,19,,,0,168,,67792,19,,,0,113,,67793,19,,,0,132,,67794,19,,,0,159,,67795,19,,,0,120,,67796,19,,,0,114,,67797,19,,,0
2500,'3_2',752,,73473,19,,,0,153,,73474,19,,,0,127,,73475,19,,,0,114,,73476,19,,,0,168,,73477,19,,,0,113,,73478,19,,,0,132,,73479,19,,,0,159,,73480,19,,,0,120,,73481,19,,,0,114,,73482,19,,,0
2500,'3_3',752,,67798,19,,,0,153,,67799,19,,,0,127,,67800,19,,,0,114,,67801,19,,,0,168,,67802,19,,,0,113,,67803,19,,,0,132,,67804,19,,,0,159,,67805,19,,,0,120,,67806,19,,,0,114,,67807,19,,,0
2500,'3_4',752,,67808,19,,,0,153,,67809,19,,,0,127,,67810,19,,,0,114,,67811,19,,,0,168,,67812,19,,,0,113,,67813,19,,,0,132,,67814,19,,,0,159,,67815,19,,,0,120,,67816,19,,,0,114,,67817,19,,,0
2500,'3_5',752,,67818,19,,,0,153,,67819,19,,,0,127,,67820,19,,,0,114,,67821,19,,,0,168,,67822,19,,,0,113,,67823,19,,,0,132,,67824,19,,,0,159,,67825,19,,,0,120,,67826,19,,,0,114,,67827,19,,,0
2500,'5_1',752,,74433,19,,,0,153,,74434,19,,,0,127,,74435,19,,,0,114,,74436,19,,,0,168,,74437,19,,,0,113,,74438,19,,,0,132,,74439,19,,,0,159,,74440,19,,,0,120,,74441,19,,,0,114,,74442,19,,,0
2500,'5_2',752,,76313,19,,,0,153,,76314,19,,,0,127,,76315,19,,,0,114,,76316,19,,,0,168,,76317,19,,,0,113,,76318,19,,,0,132,,76319,19,,,0,159,,76320,19,,,0,120,,76321,19,,,0,114,,76322,19,,,0
2500,'5_3',752,,76323,19,,,0,153,,76324,19,,,0,127,,76325,19,,,0,114,,76326,19,,,0,168,,76327,19,,,0,113,,76328,19,,,0,132,,76329,19,,,0,159,,76330,19,,,0,120,,76331,19,,,0,114,,76332,19,,,0
2500,'5_4',752,,76333,19,,,0,153,,76334,19,,,0,127,,76335,19,,,0,114,,76336,19,,,0,168,,76337,19,,,0,113,,76338,19,,,0,132,,76339,19,,,0,159,,76340,19,,,0,120,,76341,19,,,0,114,,76342,19,,,0
