600,'1_3',652,,96618,6,,,0,58,,96632,6,0,11 12,0,93,,96619,6,,,0,109,,96620,6,0,11 12,0,101,,96621,6,0,11 12,0,91,,96622,6,0,11 12,0,111,,96623,6,0,11 12,0,106,,96624,6,0,11 12,0,95,,96633,6,0,11 12,0,93,,96625,6,0,11 12,0,94,,96626,6,0,11 12,0,39,,96627,6,0,11 12,0,85,,96628,6,0,11 12,0,77,,96629,6,0,11 12,0,32,,96630,6,0,11 12,0,84,,96631,6,0,11 12,0
600,'2_6',741,,96634,6,0,11 12,0,93,,96636,6,0,11 12,0,90,,96637,6,0,11 12,0,87,,96638,6,0,11 12,0,90,,96639,6,0,11 12,0,50,,96640,6,0,11 12,0,89,,96641,6,0,11 12,0,90,,96642,6,0,11 12,0,87,,96643,6,0,11 12,0,98,,96644,6,0,11 12,0,89,,96645,6,0,11 12,0,50,,96646,6,0,11 12,0,90,,96647,6,0,11 12,0,96,,96648,6,0,11 12,0,83,,96635,6,0,11 12,0
600,'4_1',652,,96649,6,,,0,58,,96663,6,0,11 12,0,93,,96650,6,,,0,109,,96651,6,0,11 12,0,101,,96652,6,0,11 12,0,91,,96653,6,0,11 12,0,111,,96654,6,0,11 12,0,106,,96655,6,0,11 12,0,95,,96664,6,0,11 12,0,93,,96656,6,0,11 12,0,94,,96657,6,0,11 12,0,39,,96658,6,0,11 12,0,85,,96659,6,0,11 12,0,77,,96660,6,0,11 12,0,32,,96661,6,0,11 12,0,84,,96662,6,0,11 12,0
600,'4_2',652,,96665,6,,,0,58,,96679,6,0,11 12,0,93,,96666,6,,,0,109,,96667,6,0,11 12,0,101,,96668,6,0,11 12,0,91,,96669,6,0,11 12,0,111,,96670,6,0,11 12,0,106,,96671,6,0,11 12,0,95,,96680,6,0,11 12,0,93,,96672,6,0,11 12,0,94,,96673,6,0,11 12,0,39,,96674,6,0,11 12,0,85,,96675,6,0,11 12,0,77,,96676,6,0,11 12,0,32,,96677,6,0,11 12,0,84,,96678,6,0,11 12,0
600,'4_4',652,,96681,6,,,0,58,,96695,6,0,11 12,0,93,,96682,6,,,0,109,,96683,6,0,11 12,0,101,,96684,6,0,11 12,0,91,,96685,6,0,11 12,0,111,,96686,6,0,11 12,0,106,,96687,6,0,11 12,0,95,,96696,6,0,11 12,0,93,,96688,6,0,11 12,0,94,,96689,6,0,11 12,0,39,,96690,6,0,11 12,0,85,,96691,6,0,11 12,0,77,,96692,6,0,11 12,0,32,,96693,6,0,11 12,0,84,,96694,6,0,11 12,0
600,'4_5',652,,96697,6,,,0,58,,96711,6,0,11 12,0,93,,96698,6,,,0,109,,96699,6,0,11 12,0,101,,96700,6,0,11 12,0,91,,96701,6,0,11 12,0,111,,96702,6,0,11 12,0,106,,96703,6,0,11 12,0,95,,96712,6,0,11 12,0,93,,96704,6,0,11 12,0,94,,96705,6,0,11 12,0,39,,96706,6,0,11 12,0,85,,96707,6,0,11 12,0,77,,96708,6,0,11 12,0,32,,96709,6,0,11 12,0,84,,96710,6,0,11 12,0
2900600,'1_3',703,,102544,6,,,0,115,,102545,6,,,0
2900600,'4_1',703,,102546,6,,,0,115,,102547,6,,,0
2900600,'4_2',703,,102548,6,,,0,115,,102549,6,,,0
2900600,'4_4',703,,102550,6,,,0,115,,102551,6,,,0
2900600,'4_5',703,,102552,6,,,0,115,,102553,6,,,0
