701,'S2-0_2',703,,86977,6,,,0,112,,86978,6,,,0,109,,86979,6,,,0,110,,86980,6,,,0,111,,86981,6,,,0,110,,86982,6,,,0,149,,86983,6,,,0,108,,86984,6,,,0,110,,86985,6,,,0,110,,86986,6,,,0,113,,86987,6,,,0
701,'S2-0_4',703,,86988,6,,,0,112,,86989,6,,,0,109,,86990,6,,,0,110,,86991,6,,,0,111,,86992,6,,,0,110,,86993,6,,,0,149,,86994,6,,,0,108,,86995,6,,,0,110,,86996,6,,,0,110,,86997,6,,,0,113,,86998,6,,,0
701,'S2-0_5',703,,86999,6,,,0,112,,87000,6,,,0,109,,87001,6,,,0,110,,87002,6,,,0,111,,87003,6,,,0,110,,87004,6,,,0,149,,87005,6,,,0,108,,87006,6,,,0,110,,87007,6,,,0,110,,87008,6,,,0,113,,87009,6,,,0
701,'S2-1_3',703,,87010,6,,,0,112,,87011,6,,,0,109,,87012,6,,,0,110,,87013,6,,,0,111,,87014,6,,,0,110,,87015,6,,,0,149,,87016,6,,,0,108,,87017,6,,,0,110,,87018,6,,,0,110,,87019,6,,,0,113,,87020,6,,,0
701,'S2-2_6',705,,87023,6,,,0,110,,87024,6,,,0,110,,87025,6,,,0,110,,87026,6,,,0,111,,87027,6,,,0,109,,87028,6,,,0,150,,87029,6,,,0,111,,87030,6,,,0,109,,87031,6,,,0,110,,87021,6,,,0,111,,87022,6,,,0
701,'S2-4_1',703,,87032,6,,,0,112,,87033,6,,,0,109,,87034,6,,,0,110,,87035,6,,,0,111,,87036,6,,,0,110,,87037,6,,,0,149,,87038,6,,,0,108,,87039,6,,,0,110,,87040,6,,,0,110,,87041,6,,,0,113,,87042,6,,,0
701,'S2-4_2',703,,87043,6,,,0,112,,87044,6,,,0,109,,87045,6,,,0,110,,87046,6,,,0,111,,87047,6,,,0,110,,87048,6,,,0,149,,87049,6,,,0,108,,87050,6,,,0,110,,87051,6,,,0,110,,87052,6,,,0,113,,87053,6,,,0
701,'S2-4_4',703,,87054,6,,,0,112,,87055,6,,,0,109,,87056,6,,,0,110,,87057,6,,,0,111,,87058,6,,,0,110,,87059,6,,,0,149,,87060,6,,,0,108,,87061,6,,,0,110,,87062,6,,,0,110,,87063,6,,,0,113,,87064,6,,,0
2401,'S2-0_2',726,,88717,10,0,18 19,0
2401,'S2-0_4',726,,88720,10,0,18 19,0
2401,'S2-0_5',726,,88723,10,0,18 19,0
2401,'S2-1_3',726,,88726,10,0,18 19,0
2401,'S2-4_1',726,,88727,10,0,18 19,0
2401,'S2-4_2',726,,88730,10,0,18 19,0
2401,'S2-4_4',726,,88733,10,0,18 19,0
