500,'0_6',640,,65341,4,,,0,71,,65342,4,,,0,100,,65343,4,,,0,101,,65344,4,,,0,99,,65345,4,,,0,100,,65346,4,,,0,99,,65347,4,,,0,98,,65348,4,,,0,40,,65349,4,,,0,79,,65350,4,,,0,98,,65351,4,,,0,103,,65352,4,,,0,99,,65353,4,,,0,74,,65354,4,,,0,28,,65355,4,,,0,98,,65356,4,,,0
500,'1_7',1155,,65357,4,,,0,191,,65358,4,,,0,191,,65359,4,,,0,184,,65360,4,,,0,191,,65361,4,,,0
500,'5_1',640,,74204,4,,,0,71,,74205,4,,,0,100,,74206,4,,,0,101,,74207,4,,,0,99,,74208,4,,,0,100,,74209,4,,,0,99,,74210,4,,,0,98,,74211,4,,,0,40,,74212,4,,,0,79,,74213,4,,,0,98,,74214,4,,,0,103,,74215,4,,,0,99,,74216,4,,,0,74,,74217,4,,,0,28,,74218,4,,,0,98,,74219,4,,,0
500,'5_2',640,,75626,4,,,0,71,,75627,4,,,0,100,,75628,4,,,0,101,,75629,4,,,0,99,,75630,4,,,0,100,,75631,4,,,0,99,,75632,4,,,0,98,,75633,4,,,0,40,,75634,4,,,0,79,,75635,4,,,0,98,,75636,4,,,0,103,,75637,4,,,0,99,,75638,4,,,0,74,,75639,4,,,0,28,,75640,4,,,0,98,,75641,4,,,0
500,'5_3',640,,75642,4,,,0,71,,75643,4,,,0,100,,75644,4,,,0,101,,75645,4,,,0,99,,75646,4,,,0,100,,75647,4,,,0,99,,75648,4,,,0,98,,75649,4,,,0,40,,75650,4,,,0,79,,75651,4,,,0,98,,75652,4,,,0,103,,75653,4,,,0,99,,75654,4,,,0,74,,75655,4,,,0,28,,75656,4,,,0,98,,75657,4,,,0
500,'7_1',640,,80549,4,,,0,71,,80550,4,,,0,100,,80551,4,,,0,101,,80552,4,,,0,99,,80553,4,,,0,100,,80554,4,,,0,99,,80555,4,,,0,98,,80556,4,,,0,40,,80557,4,,,0,79,,80558,4,,,0,98,,80559,4,,,0,103,,80560,4,,,0,99,,80561,4,,,0,74,,80562,4,,,0,28,,80563,4,,,0,98,,80564,4,,,0
500,'7_2',640,,82470,4,,,0,71,,82471,4,,,0,100,,82472,4,,,0,101,,82473,4,,,0,99,,82474,4,,,0,100,,82475,4,,,0,99,,82476,4,,,0,98,,82477,4,,,0,40,,82478,4,,,0,79,,82479,4,,,0,98,,82480,4,,,0,103,,82481,4,,,0,99,,82482,4,,,0,74,,82483,4,,,0,28,,82484,4,,,0,98,,82485,4,,,0
500,'7_3',640,,82486,4,,,0,71,,82487,4,,,0,100,,82488,4,,,0,101,,82489,4,,,0,99,,82490,4,,,0,100,,82491,4,,,0,99,,82492,4,,,0,98,,82493,4,,,0,40,,82494,4,,,0,79,,82495,4,,,0,98,,82496,4,,,0,103,,82497,4,,,0,99,,82498,4,,,0,74,,82499,4,,,0,28,,82500,4,,,0,98,,82501,4,,,0
500,'7_4',640,,79343,4,,,0,71,,79344,4,,,0,100,,79345,4,,,0,101,,79346,4,,,0,99,,79347,4,,,0,100,,79348,4,,,0,99,,79349,4,,,0,98,,79350,4,,,0,40,,79351,4,,,0,79,,79352,4,,,0,98,,79353,4,,,0,103,,79354,4,,,0,99,,79355,4,,,0,74,,79356,4,,,0,28,,79357,4,,,0,98,,79358,4,,,0
500,'7_5',640,,80565,4,,,0,71,,80566,4,,,0,100,,80567,4,,,0,101,,80568,4,,,0,99,,80569,4,,,0,100,,80570,4,,,0,99,,80571,4,,,0,98,,80572,4,,,0,40,,80573,4,,,0,79,,80574,4,,,0,98,,80575,4,,,0,103,,80576,4,,,0,99,,80577,4,,,0,74,,80578,4,,,0,28,,80579,4,,,0,98,,80580,4,,,0
