700,'0_6',707,,66037,2,,,0,110,,66038,2,,,0,109,,66039,2,,,0,110,,66040,2,,,0,110,,66041,2,,,0,110,,66042,2,,,0,150,,66043,2,,,0,110,,66044,2,,,0,110,,66045,2,,,0,110,,66035,2,,,0,111,,66036,2,,,0
700,'3_1',704,,66101,2,,,0,110,,66103,2,,,0,110,,66104,2,,,0,110,,66105,2,,,0,110,,66106,2,,,0,110,,66107,2,,,0,150,,66108,2,,,0,110,,66109,2,,,0,110,,66110,2,,,0,110,,66111,2,,,0,110,,66102,2,,,0
700,'3_2',704,,73308,2,,,0,110,,73310,2,,,0,110,,73311,2,,,0,110,,73312,2,,,0,110,,73313,2,,,0,110,,73314,2,,,0,150,,73315,2,,,0,110,,73316,2,,,0,110,,73317,2,,,0,110,,73318,2,,,0,110,,73309,2,,,0
700,'3_3',704,,66112,2,,,0,110,,66114,2,,,0,110,,66115,2,,,0,110,,66116,2,,,0,110,,66117,2,,,0,110,,66118,2,,,0,150,,66119,2,,,0,110,,66120,2,,,0,110,,66121,2,,,0,110,,66122,2,,,0,110,,66113,2,,,0
700,'3_4',704,,66123,2,,,0,110,,66125,2,,,0,110,,66126,2,,,0,110,,66127,2,,,0,110,,66128,2,,,0,110,,66129,2,,,0,150,,66130,2,,,0,110,,66131,2,,,0,110,,66132,2,,,0,110,,66133,2,,,0,110,,66124,2,,,0
700,'3_5',704,,66134,2,,,0,110,,66136,2,,,0,110,,66137,2,,,0,110,,66138,2,,,0,110,,66139,2,,,0,110,,66140,2,,,0,150,,66141,2,,,0,110,,66142,2,,,0,110,,66143,2,,,0,110,,66144,2,,,0,110,,66135,2,,,0
700,'5_1',704,,74268,2,,,0,110,,74270,2,,,0,110,,74271,2,,,0,110,,74272,2,,,0,110,,74273,2,,,0,110,,74274,2,,,0,150,,74275,2,,,0,110,,74276,2,,,0,110,,74277,2,,,0,110,,74278,2,,,0,110,,74269,2,,,0
700,'5_2',704,,75818,2,,,0,110,,75820,2,,,0,110,,75821,2,,,0,110,,75822,2,,,0,110,,75823,2,,,0,110,,75824,2,,,0,150,,75825,2,,,0,110,,75826,2,,,0,110,,75827,2,,,0,110,,75828,2,,,0,110,,75819,2,,,0
700,'5_3',704,,75829,2,,,0,110,,75831,2,,,0,110,,75832,2,,,0,110,,75833,2,,,0,110,,75834,2,,,0,110,,75835,2,,,0,150,,75836,2,,,0,110,,75837,2,,,0,110,,75838,2,,,0,110,,75839,2,,,0,110,,75830,2,,,0
700,'5_4',704,,75840,2,,,0,110,,75842,2,,,0,110,,75843,2,,,0,110,,75844,2,,,0,110,,75845,2,,,0,110,,75846,2,,,0,150,,75847,2,,,0,110,,75848,2,,,0,110,,75849,2,,,0,110,,75850,2,,,0,110,,75841,2,,,0
