2400,'0_4',734,,98657,10,,,0,868,,98658,5,,,0,103,,98659,5,,,0,95,,98660,5,,,0
2400,'0_5',734,,98661,10,,,0,868,,98662,5,,,0,103,,98663,5,,,0,95,,98664,5,,,0
2400,'1_3',734,,98665,10,,,0,490,,98666,5,,,0
2400,'4_1',734,,98667,10,,,0,868,,98668,5,,,0,103,,98669,5,,,0,95,,98670,5,,,0
2400,'4_2',734,,98671,10,,,0,868,,98672,5,,,0,103,,98673,5,,,0,95,,98674,5,,,0
2400,'4_4',734,,98675,10,,,0,868,,98676,5,,,0,103,,98677,5,,,0,95,,98678,5,,,0
2400,'4_5',734,,98679,10,,,0,868,,98680,5,,,0,103,,98681,5,,,0,95,,98682,5,,,0
2000000,'0_4',644,,101480,7,,,0,61,,101462,7,,,0,16,,101490,7,,,0,15,,101446,7,,,0,14,,101473,7,,,0,56,,101455,7,,,0,15,,101482,7,,,0,15,,101465,7,,,0,16,,101493,7,,,0,56,,101447,7,,,0,16,,101478,7,,,0,15,,101456,7,,,0,16,,101483,7,,,0,55,,101463,7,,,0,16,,101491,7,,,0,16,,101448,7,,,0,16,,101479,7,,,0,55,,101457,7,,,0,16,,101484,7,,,0,17,,101464,7,,,0,54,,101494,7,,,0,18,,101449,7,,,0,13,,101472,7,,,0,16,,101458,7,,,0,55,,101481,7,,,0,15,,101466,7,,,0,15,,101492,7,,,0,15,,101451,7,,,0,55,,101474,7,,,0,15,,101461,7,,,0,15,,101486,7,,,0,15,,101467,7,,,0,54,,101495,7,,,0,15,,101452,7,,,0,15,,101475,7,,,0,16,,101460,7,,,0,7,,101443,5,0,9 10,0,48,,101485,7,,,0,14,,101468,7,,,0,16,,101444,7,,,0,14,,101496,7,,,0,55,,101442,5,0,9 10,0,3,,101450,7,,,0,14,,101477,7,,,0,17,,101459,7,,,0,15,,101487,7,,,0,50,,101499,5,0,9 10,0,6,,101470,7,,,0,13,,101445,7,,,0,15,,101497,7,,,0,15,,101453,7,,,0,55,,101476,7,,,0,14,,101488,7,,,0,19,,101469,7,,,0,22,,101498,7,,,0,61,,101454,7,,,0,19,,101489,7,,,0,61,,101471,7,,,0
2000000,'0_5',644,,101539,7,,,0,61,,101521,7,,,0,16,,101549,7,,,0,15,,101505,7,,,0,14,,101532,7,,,0,56,,101514,7,,,0,15,,101541,7,,,0,15,,101524,7,,,0,16,,101552,7,,,0,56,,101506,7,,,0,16,,101537,7,,,0,15,,101515,7,,,0,16,,101542,7,,,0,55,,101522,7,,,0,16,,101550,7,,,0,16,,101507,7,,,0,16,,101538,7,,,0,55,,101516,7,,,0,16,,101543,7,,,0,17,,101523,7,,,0,54,,101553,7,,,0,18,,101508,7,,,0,13,,101531,7,,,0,16,,101517,7,,,0,55,,101540,7,,,0,15,,101525,7,,,0,15,,101551,7,,,0,15,,101510,7,,,0,55,,101533,7,,,0,15,,101520,7,,,0,15,,101545,7,,,0,15,,101526,7,,,0,54,,101554,7,,,0,15,,101511,7,,,0,15,,101534,7,,,0,16,,101519,7,,,0,7,,101502,5,0,9 10,0,48,,101544,7,,,0,14,,101527,7,,,0,16,,101503,7,,,0,14,,101555,7,,,0,55,,101501,5,0,9 10,0,3,,101509,7,,,0,14,,101536,7,,,0,17,,101518,7,,,0,15,,101546,7,,,0,50,,101558,5,0,9 10,0,6,,101529,7,,,0,13,,101504,7,,,0,15,,101556,7,,,0,15,,101512,7,,,0,55,,101535,7,,,0,14,,101547,7,,,0,19,,101528,7,,,0,22,,101557,7,,,0,61,,101513,7,,,0,19,,101548,7,,,0,61,,101530,7,,,0
2000000,'1_3',644,,101597,7,,,0,61,,101579,7,,,0,16,,101607,7,,,0,15,,101563,7,,,0,14,,101590,7,,,0,56,,101572,7,,,0,15,,101599,7,,,0,15,,101582,7,,,0,16,,101610,7,,,0,56,,101564,7,,,0,16,,101595,7,,,0,15,,101573,7,,,0,16,,101600,7,,,0,55,,101580,7,,,0,16,,101608,7,,,0,16,,101565,7,,,0,16,,101596,7,,,0,55,,101574,7,,,0,16,,101601,7,,,0,17,,101581,7,,,0,54,,101611,7,,,0,10,,101616,5,0,9 10,0,3,,101560,5,0,9 10,0,2,,101559,5,0,9 10,0,3,,101566,7,,,0,13,,101589,7,,,0,16,,101575,7,,,0,55,,101598,7,,,0,15,,101583,7,,,0,15,,101609,7,,,0,15,,101568,7,,,0,55,,101591,7,,,0,15,,101578,7,,,0,15,,101603,7,,,0,15,,101584,7,,,0,54,,101612,7,,,0,15,,101569,7,,,0,15,,101592,7,,,0,16,,101577,7,,,0,55,,101602,7,,,0,14,,101585,7,,,0,16,,101561,7,,,0,14,,101613,7,,,0,58,,101567,7,,,0,14,,101594,7,,,0,17,,101576,7,,,0,15,,101604,7,,,0,56,,101587,7,,,0,13,,101562,7,,,0,15,,101614,7,,,0,15,,101570,7,,,0,55,,101593,7,,,0,14,,101605,7,,,0,19,,101586,7,,,0,22,,101615,7,,,0,61,,101571,7,,,0,19,,101606,7,,,0,61,,101588,7,,,0
2000000,'2_6',641,,101617,7,,,0,81,,101618,7,,,0,79,,101619,7,,,0,28,,101620,7,,,0,21,,101621,7,,,0,60,,101622,7,,,0,17,,101623,7,,,0,18,,101624,7,,,0,59,,101625,7,,,0,20,,101626,7,,,0,19,,101627,7,,,0,59,,101628,7,,,0,19,,101629,7,,,0,20,,101630,7,,,0,59,,101631,7,,,0,19,,101632,7,,,0,18,,101633,7,,,0,19,,101634,7,,,0,59,,101635,7,,,0,19,,101636,7,,,0,18,,101637,7,,,0,59,,101638,7,,,0,20,,101639,7,,,0,20,,101640,7,,,0,59,,101641,7,,,0,19,,101642,7,,,0,20,,101643,7,,,0,60,,101644,7,,,0,20,,101645,7,,,0,20,,101646,7,,,0,59,,101647,7,,,0,20,,101648,7,,,0,20,,101649,7,,,0,60,,101650,7,,,0,18,,101651,7,,,0,20,,101652,7,,,0,64,,101653,7,,,0,25,,101654,7,,,0,65,,101655,7,,,0,25,,101656,7,,,0,25,,101657,7,,,0
2000000,'3_7',817,,101658,7,,,0,40,,101659,7,,,0,80,,101660,7,,,0,80,,101661,7,,,0,40,,101662,7,,,0,80,,101663,7,,,0,80,,101664,7,,,0,40,,101665,7,,,0,80,,101666,7,,,0,80,,101667,7,,,0,40,,101668,7,,,0,80,,101669,7,,,0,80,,101670,7,,,0,40,,101671,7,,,0,80,,101672,7,,,0,80,,101673,7,,,0,40,,101674,7,,,0,80,,101675,7,,,0
2000000,'4_1',644,,101715,7,,,0,61,,101697,7,,,0,16,,101725,7,,,0,15,,101681,7,,,0,14,,101708,7,,,0,56,,101690,7,,,0,15,,101717,7,,,0,15,,101700,7,,,0,16,,101728,7,,,0,56,,101682,7,,,0,16,,101713,7,,,0,15,,101691,7,,,0,16,,101718,7,,,0,55,,101698,7,,,0,16,,101726,7,,,0,16,,101683,7,,,0,16,,101714,7,,,0,55,,101692,7,,,0,16,,101719,7,,,0,17,,101699,7,,,0,54,,101729,7,,,0,18,,101684,7,,,0,13,,101707,7,,,0,16,,101693,7,,,0,55,,101716,7,,,0,15,,101701,7,,,0,15,,101727,7,,,0,15,,101686,7,,,0,55,,101709,7,,,0,15,,101696,7,,,0,15,,101721,7,,,0,15,,101702,7,,,0,54,,101730,7,,,0,15,,101687,7,,,0,15,,101710,7,,,0,16,,101695,7,,,0,7,,101678,5,0,9 10,0,48,,101720,7,,,0,14,,101703,7,,,0,16,,101679,7,,,0,14,,101731,7,,,0,55,,101677,5,0,9 10,0,3,,101685,7,,,0,14,,101712,7,,,0,17,,101694,7,,,0,15,,101722,7,,,0,50,,101734,5,0,9 10,0,6,,101705,7,,,0,13,,101680,7,,,0,15,,101732,7,,,0,15,,101688,7,,,0,55,,101711,7,,,0,14,,101723,7,,,0,19,,101704,7,,,0,22,,101733,7,,,0,61,,101689,7,,,0,19,,101724,7,,,0,61,,101706,7,,,0
2000000,'4_2',644,,101774,7,,,0,61,,101756,7,,,0,16,,101784,7,,,0,15,,101740,7,,,0,14,,101767,7,,,0,56,,101749,7,,,0,15,,101776,7,,,0,15,,101759,7,,,0,16,,101787,7,,,0,56,,101741,7,,,0,16,,101772,7,,,0,15,,101750,7,,,0,16,,101777,7,,,0,55,,101757,7,,,0,16,,101785,7,,,0,16,,101742,7,,,0,16,,101773,7,,,0,55,,101751,7,,,0,16,,101778,7,,,0,17,,101758,7,,,0,54,,101788,7,,,0,18,,101743,7,,,0,13,,101766,7,,,0,16,,101752,7,,,0,55,,101775,7,,,0,15,,101760,7,,,0,15,,101786,7,,,0,15,,101745,7,,,0,55,,101768,7,,,0,15,,101755,7,,,0,15,,101780,7,,,0,15,,101761,7,,,0,54,,101789,7,,,0,15,,101746,7,,,0,15,,101769,7,,,0,16,,101754,7,,,0,7,,101737,5,0,9 10,0,48,,101779,7,,,0,14,,101762,7,,,0,16,,101738,7,,,0,14,,101790,7,,,0,55,,101736,5,0,9 10,0,3,,101744,7,,,0,14,,101771,7,,,0,17,,101753,7,,,0,15,,101781,7,,,0,50,,101793,5,0,9 10,0,6,,101764,7,,,0,13,,101739,7,,,0,15,,101791,7,,,0,15,,101747,7,,,0,55,,101770,7,,,0,14,,101782,7,,,0,19,,101763,7,,,0,22,,101792,7,,,0,61,,101748,7,,,0,19,,101783,7,,,0,61,,101765,7,,,0
2000000,'4_4',644,,101833,7,,,0,61,,101815,7,,,0,16,,101843,7,,,0,15,,101799,7,,,0,14,,101826,7,,,0,56,,101808,7,,,0,15,,101835,7,,,0,15,,101818,7,,,0,16,,101846,7,,,0,56,,101800,7,,,0,16,,101831,7,,,0,15,,101809,7,,,0,16,,101836,7,,,0,55,,101816,7,,,0,16,,101844,7,,,0,16,,101801,7,,,0,16,,101832,7,,,0,55,,101810,7,,,0,16,,101837,7,,,0,17,,101817,7,,,0,54,,101847,7,,,0,18,,101802,7,,,0,13,,101825,7,,,0,16,,101811,7,,,0,55,,101834,7,,,0,15,,101819,7,,,0,15,,101845,7,,,0,15,,101804,7,,,0,55,,101827,7,,,0,15,,101814,7,,,0,15,,101839,7,,,0,15,,101820,7,,,0,54,,101848,7,,,0,15,,101805,7,,,0,15,,101828,7,,,0,16,,101813,7,,,0,7,,101796,5,0,9 10,0,48,,101838,7,,,0,14,,101821,7,,,0,16,,101797,7,,,0,14,,101849,7,,,0,55,,101795,5,0,9 10,0,3,,101803,7,,,0,14,,101830,7,,,0,17,,101812,7,,,0,15,,101840,7,,,0,50,,101852,5,0,9 10,0,6,,101823,7,,,0,13,,101798,7,,,0,15,,101850,7,,,0,15,,101806,7,,,0,55,,101829,7,,,0,14,,101841,7,,,0,19,,101822,7,,,0,22,,101851,7,,,0,61,,101807,7,,,0,19,,101842,7,,,0,61,,101824,7,,,0
2000000,'4_5',644,,101892,7,,,0,61,,101874,7,,,0,16,,101902,7,,,0,15,,101858,7,,,0,14,,101885,7,,,0,56,,101867,7,,,0,15,,101894,7,,,0,15,,101877,7,,,0,16,,101905,7,,,0,56,,101859,7,,,0,16,,101890,7,,,0,15,,101868,7,,,0,16,,101895,7,,,0,55,,101875,7,,,0,16,,101903,7,,,0,16,,101860,7,,,0,16,,101891,7,,,0,55,,101869,7,,,0,16,,101896,7,,,0,17,,101876,7,,,0,54,,101906,7,,,0,18,,101861,7,,,0,13,,101884,7,,,0,16,,101870,7,,,0,55,,101893,7,,,0,15,,101878,7,,,0,15,,101904,7,,,0,15,,101863,7,,,0,55,,101886,7,,,0,15,,101873,7,,,0,15,,101898,7,,,0,15,,101879,7,,,0,54,,101907,7,,,0,15,,101864,7,,,0,15,,101887,7,,,0,16,,101872,7,,,0,7,,101855,5,0,9 10,0,48,,101897,7,,,0,14,,101880,7,,,0,16,,101856,7,,,0,14,,101908,7,,,0,55,,101854,5,0,9 10,0,3,,101862,7,,,0,14,,101889,7,,,0,17,,101871,7,,,0,15,,101899,7,,,0,50,,101911,5,0,9 10,0,6,,101882,7,,,0,13,,101857,7,,,0,15,,101909,7,,,0,15,,101865,7,,,0,55,,101888,7,,,0,14,,101900,7,,,0,19,,101881,7,,,0,22,,101910,7,,,0,61,,101866,7,,,0,19,,101901,7,,,0,61,,101883,7,,,0
2000000,'5_7',817,,101912,7,,,0,40,,101913,7,,,0,80,,101914,7,,,0,80,,101915,7,,,0,40,,101916,7,,,0,80,,101917,7,,,0,80,,101918,7,,,0,40,,101919,7,,,0,80,,101920,7,,,0,80,,101921,7,,,0,40,,101922,7,,,0,80,,101923,7,,,0,80,,101924,7,,,0,40,,101925,7,,,0,80,,101926,7,,,0,80,,101927,7,,,0,40,,101928,7,,,0,80,,101929,7,,,0
