701,'S2-0_2',708,,86977,7,,,0,110,,86978,7,,,0,110,,86979,7,,,0,110,,86980,7,,,0,111,,86981,7,,,0,110,,86982,7,,,0,149,,86983,7,,,0,108,,86984,7,,,0,110,,86985,7,,,0,110,,86986,7,,,0,113,,86987,7,,,0
701,'S2-0_4',708,,86988,7,,,0,110,,86989,7,,,0,110,,86990,7,,,0,110,,86991,7,,,0,111,,86992,7,,,0,110,,86993,7,,,0,149,,86994,7,,,0,108,,86995,7,,,0,110,,86996,7,,,0,110,,86997,7,,,0,113,,86998,7,,,0
701,'S2-0_5',708,,86999,7,,,0,110,,87000,7,,,0,110,,87001,7,,,0,110,,87002,7,,,0,111,,87003,7,,,0,110,,87004,7,,,0,149,,87005,7,,,0,108,,87006,7,,,0,110,,87007,7,,,0,110,,87008,7,,,0,113,,87009,7,,,0
701,'S2-1_3',708,,87010,7,,,0,110,,87011,7,,,0,110,,87012,7,,,0,110,,87013,7,,,0,111,,87014,7,,,0,110,,87015,7,,,0,149,,87016,7,,,0,108,,87017,7,,,0,110,,87018,7,,,0,110,,87019,7,,,0,113,,87020,7,,,0
701,'S2-2_6',708,,87023,7,,,0,110,,87024,7,,,0,111,,87025,7,,,0,110,,87026,7,,,0,111,,87027,7,,,0,109,,87028,7,,,0,150,,87029,7,,,0,111,,87030,7,,,0,109,,87031,7,,,0,110,,87021,7,,,0,111,,87022,7,,,0
701,'S2-4_1',708,,87032,7,,,0,110,,87033,7,,,0,110,,87034,7,,,0,110,,87035,7,,,0,111,,87036,7,,,0,110,,87037,7,,,0,149,,87038,7,,,0,108,,87039,7,,,0,110,,87040,7,,,0,110,,87041,7,,,0,113,,87042,7,,,0
701,'S2-4_2',708,,87043,7,,,0,110,,87044,7,,,0,110,,87045,7,,,0,110,,87046,7,,,0,111,,87047,7,,,0,110,,87048,7,,,0,149,,87049,7,,,0,108,,87050,7,,,0,110,,87051,7,,,0,110,,87052,7,,,0,113,,87053,7,,,0
701,'S2-4_4',708,,87054,7,,,0,110,,87055,7,,,0,110,,87056,7,,,0,110,,87057,7,,,0,111,,87058,7,,,0,110,,87059,7,,,0,149,,87060,7,,,0,108,,87061,7,,,0,110,,87062,7,,,0,110,,87063,7,,,0,113,,87064,7,,,0
2401,'S2-0_2',732,,88717,11,0,18 19,0,895,,88718,9,,,0,104,,88719,9,,,0
2401,'S2-0_4',732,,88720,11,0,18 19,0,895,,88721,9,,,0,104,,88722,9,,,0
2401,'S2-0_5',732,,88723,11,0,18 19,0,895,,88724,9,,,0,104,,88725,9,,,0
2401,'S2-1_3',732,,88726,11,0,18 19,0
2401,'S2-4_1',732,,88727,11,0,18 19,0,895,,88728,9,,,0,104,,88729,9,,,0
2401,'S2-4_2',732,,88730,11,0,18 19,0,895,,88731,9,,,0,104,,88732,9,,,0
2401,'S2-4_4',732,,88733,11,0,18 19,0,895,,88734,9,,,0,104,,88735,9,,,0
