400,'0_6',739,,64825,27,0,40,0,96,,64817,27,0,40,0,69,,64806,39,0,40,0,30,,64805,27,0,40,0,71,,64804,27,0,40,0,32,,64807,27,0,40,0,72,,64821,39,0,40,0,31,,64808,27,0,40,0,71,,64809,27,0,40,0,29,,64827,27,0,40,0,69,,64824,39,0,40,0,31,,64810,27,0,40,0,69,,64811,27,0,40,0,28,,64812,27,0,40,0,69,,64814,39,0,40,0,31,,64815,27,0,40,0,74,,64813,27,0,40,0,33,,64826,27,0,40,0,64,,64818,39,0,40,0,23,,64822,27,0,40,0,69,,64823,27,0,40,0,36,,64819,27,0,40,0,69,,64820,39,0,40,0,45,,64816,39,0,40,0
400,'1_7',844,,64828,39,0,40,0,165,,64829,39,0,40,0,125,,64830,39,0,40,0,200,,64831,39,0,40,0,166,,64832,39,0,40,0,125,,64833,39,0,40,0,126,,64834,39,0,40,0,164,,64835,39,0,40,0
400,'5_1',724,,74177,27,,,0,35,,74174,27,0,40,0,76,,74168,27,0,40,0,69,,74155,39,0,40,0,30,,74154,27,0,40,0,70,,74153,27,0,40,0,37,,74156,27,0,40,0,69,,74175,39,0,40,0,30,,74157,27,0,40,0,75,,74158,27,0,40,0,31,,74171,27,0,40,0,63,,74169,39,0,40,0,31,,74159,27,0,40,0,69,,74160,27,0,40,0,26,,74161,27,0,40,0,71,,74163,39,0,40,0,31,,74164,27,0,40,0,74,,74162,27,0,40,0,33,,74173,27,,,0,68,,74170,39,0,40,0,28,,74165,27,0,40,0,65,,74166,39,,,0,31,,74172,27,0,40,0,74,,74176,39,0,40,0,46,,74167,39,0,40,0
400,'5_2',724,,75497,27,,,0,35,,75494,27,0,40,0,76,,75488,27,0,40,0,69,,75475,39,0,40,0,30,,75474,27,0,40,0,70,,75473,27,0,40,0,37,,75476,27,0,40,0,69,,75495,39,0,40,0,30,,75477,27,0,40,0,75,,75478,27,0,40,0,31,,75491,27,0,40,0,63,,75489,39,0,40,0,31,,75479,27,0,40,0,69,,75480,27,0,40,0,26,,75481,27,0,40,0,71,,75483,39,0,40,0,31,,75484,27,0,40,0,74,,75482,27,0,40,0,33,,75493,27,,,0,68,,75490,39,0,40,0,28,,75485,27,0,40,0,65,,75486,39,,,0,31,,75492,27,0,40,0,74,,75496,39,0,40,0,46,,75487,39,0,40,0
400,'5_3',724,,75522,27,,,0,35,,75519,27,0,40,0,76,,75513,27,0,40,0,69,,75500,39,0,40,0,30,,75499,27,0,40,0,70,,75498,27,0,40,0,37,,75501,27,0,40,0,69,,75520,39,0,40,0,30,,75502,27,0,40,0,75,,75503,27,0,40,0,31,,75516,27,0,40,0,63,,75514,39,0,40,0,31,,75504,27,0,40,0,69,,75505,27,0,40,0,26,,75506,27,0,40,0,71,,75508,39,0,40,0,31,,75509,27,0,40,0,74,,75507,27,0,40,0,33,,75518,27,,,0,68,,75515,39,0,40,0,28,,75510,27,0,40,0,65,,75511,39,,,0,31,,75517,27,0,40,0,74,,75521,39,0,40,0,46,,75512,39,0,40,0
400,'5_4',724,,75547,27,,,0,35,,75544,27,0,40,0,76,,75538,27,0,40,0,69,,75525,39,0,40,0,30,,75524,27,0,40,0,70,,75523,27,0,40,0,37,,75526,27,0,40,0,69,,75545,39,0,40,0,30,,75527,27,0,40,0,75,,75528,27,0,40,0,31,,75541,27,0,40,0,63,,75539,39,0,40,0,31,,75529,27,0,40,0,69,,75530,27,0,40,0,26,,75531,27,0,40,0,71,,75533,39,0,40,0,31,,75534,27,0,40,0,74,,75532,27,0,40,0,33,,75543,27,,,0,68,,75540,39,0,40,0,28,,75535,27,0,40,0,65,,75536,39,,,0,31,,75542,27,0,40,0,74,,75546,39,0,40,0,46,,75537,39,0,40,0
400,'5_5',724,,78032,27,,,0,35,,78029,27,0,40,0,76,,78023,27,0,40,0,69,,78010,39,0,40,0,30,,78009,27,0,40,0,70,,78008,27,0,40,0,37,,78011,27,0,40,0,69,,78030,39,0,40,0,30,,78012,27,0,40,0,75,,78013,27,0,40,0,31,,78026,27,0,40,0,63,,78024,39,0,40,0,31,,78014,27,0,40,0,69,,78015,27,0,40,0,26,,78016,27,0,40,0,71,,78018,39,0,40,0,31,,78019,27,0,40,0,74,,78017,27,0,40,0,33,,78028,27,,,0,68,,78025,39,0,40,0,28,,78020,27,0,40,0,65,,78021,39,,,0,31,,78027,27,0,40,0,74,,78031,39,0,40,0,46,,78022,39,0,40,0
400,'6_7',844,,78899,39,0,40,0,165,,78900,39,0,40,0,125,,78901,39,0,40,0,200,,78902,39,0,40,0,166,,78903,39,0,40,0,125,,78904,39,0,40,0,126,,78905,39,0,40,0,164,,78906,39,0,40,0
400,'7_1',724,,80471,27,,,0,35,,80468,27,0,40,0,76,,80462,27,0,40,0,69,,80449,39,0,40,0,30,,80448,27,0,40,0,70,,80447,27,0,40,0,37,,80450,27,0,40,0,69,,80469,39,0,40,0,30,,80451,27,0,40,0,75,,80452,27,0,40,0,31,,80465,27,0,40,0,63,,80463,39,0,40,0,31,,80453,27,0,40,0,69,,80454,27,0,40,0,26,,80455,27,0,40,0,71,,80457,39,0,40,0,31,,80458,27,0,40,0,74,,80456,27,0,40,0,33,,80467,27,,,0,68,,80464,39,0,40,0,28,,80459,27,0,40,0,65,,80460,39,,,0,31,,80466,27,0,40,0,74,,80470,39,0,40,0,46,,80461,39,0,40,0
400,'7_4',724,,79316,27,,,0,35,,79313,27,0,40,0,76,,79307,27,0,40,0,69,,79294,39,0,40,0,30,,79293,27,0,40,0,70,,79292,27,0,40,0,37,,79295,27,0,40,0,69,,79314,39,0,40,0,30,,79296,27,0,40,0,75,,79297,27,0,40,0,31,,79310,27,0,40,0,63,,79308,39,0,40,0,31,,79298,27,0,40,0,69,,79299,27,0,40,0,26,,79300,27,0,40,0,71,,79302,39,0,40,0,31,,79303,27,0,40,0,74,,79301,27,0,40,0,33,,79312,27,,,0,68,,79309,39,0,40,0,28,,79304,27,0,40,0,65,,79305,39,,,0,31,,79311,27,0,40,0,74,,79315,39,0,40,0,46,,79306,39,0,40,0
400,'7_5',724,,80496,27,,,0,35,,80493,27,0,40,0,76,,80487,27,0,40,0,69,,80474,39,0,40,0,30,,80473,27,0,40,0,70,,80472,27,0,40,0,37,,80475,27,0,40,0,69,,80494,39,0,40,0,30,,80476,27,0,40,0,75,,80477,27,0,40,0,31,,80490,27,0,40,0,63,,80488,39,0,40,0,31,,80478,27,0,40,0,69,,80479,27,0,40,0,26,,80480,27,0,40,0,71,,80482,39,0,40,0,31,,80483,27,0,40,0,74,,80481,27,0,40,0,33,,80492,27,,,0,68,,80489,39,0,40,0,28,,80484,27,0,40,0,65,,80485,39,,,0,31,,80491,27,0,40,0,74,,80495,39,0,40,0,46,,80486,39,0,40,0
