200,'0_6',801,,63326,34,0,35 37,0,105,,63327,34,0,35 37,0,106,,63328,25,0,35 37,0,106,,63329,34,0,35 37,0,109,,63330,34,0,35 37,0,100,,63331,25,0,35 37,0,102,,63332,34,0,35 37,0,102,,63333,34,0,35 37,0,112,,63334,34,0,35 37,0,102,,63335,34,0,35 37,0,94,,63349,34,0,35 37,0,89,,63336,37,0,35 37,0
200,'3_1',801,,63544,34,0,35 37,0,105,,63545,34,0,35 37,0,106,,63546,25,0,35 37,0,106,,63547,34,0,35 37,0,109,,63548,34,0,35 37,0,100,,63549,25,0,35 37,0,102,,63550,34,0,35 37,0,102,,63551,34,0,35 37,0,112,,63552,34,0,35 37,0,102,,63553,34,0,35 37,0,94,,63567,34,0,35 37,0,89,,63554,37,0,35 37,0
200,'3_2',801,,73074,34,0,35 37,0,105,,73075,34,0,35 37,0,106,,73076,25,0,35 37,0,106,,73077,34,0,35 37,0,109,,73078,34,0,35 37,0,100,,73079,25,0,35 37,0,102,,73080,34,0,35 37,0,102,,73081,34,0,35 37,0,112,,73082,34,0,35 37,0,102,,73083,34,0,35 37,0,94,,73097,34,0,35 37,0,89,,73084,37,0,35 37,0
200,'3_3',801,,63579,34,0,35 37,0,105,,63580,34,0,35 37,0,106,,63581,25,0,35 37,0,106,,63582,34,0,35 37,0,109,,63583,34,0,35 37,0,100,,63584,25,0,35 37,0,102,,63585,34,0,35 37,0,102,,63586,34,0,35 37,0,112,,63587,34,0,35 37,0,102,,63588,34,0,35 37,0,94,,63602,34,0,35 37,0,89,,63589,37,0,35 37,0
200,'3_4',801,,63614,34,0,35 37,0,105,,63615,34,0,35 37,0,106,,63616,25,0,35 37,0,106,,63617,34,0,35 37,0,109,,63618,34,0,35 37,0,100,,63619,25,0,35 37,0,102,,63620,34,0,35 37,0,102,,63621,34,0,35 37,0,112,,63622,34,0,35 37,0,102,,63623,34,0,35 37,0,94,,63637,34,0,35 37,0,89,,63624,37,0,35 37,0
200,'3_5',801,,63649,34,0,35 37,0,105,,63650,34,0,35 37,0,106,,63651,25,0,35 37,0,106,,63652,34,0,35 37,0,109,,63653,34,0,35 37,0,100,,63654,25,0,35 37,0,102,,63655,34,0,35 37,0,102,,63656,34,0,35 37,0,112,,63657,34,0,35 37,0,102,,63658,34,0,35 37,0,94,,63672,34,0,35 37,0,89,,63659,37,0,35 37,0
200,'5_1',801,,74034,34,0,35 37,0,105,,74035,34,0,35 37,0,106,,74036,25,0,35 37,0,106,,74037,34,0,35 37,0,109,,74038,34,0,35 37,0,100,,74039,25,0,35 37,0,102,,74040,34,0,35 37,0,102,,74041,34,0,35 37,0,112,,74042,34,0,35 37,0,102,,74043,34,0,35 37,0,94,,74057,34,0,35 37,0,89,,74044,37,0,35 37,0
200,'5_2',801,,75094,34,0,35 37,0,105,,75095,34,0,35 37,0,106,,75096,25,0,35 37,0,106,,75097,34,0,35 37,0,109,,75098,34,0,35 37,0,100,,75099,25,0,35 37,0,102,,75100,34,0,35 37,0,102,,75101,34,0,35 37,0,112,,75102,34,0,35 37,0,102,,75103,34,0,35 37,0,94,,75117,34,0,35 37,0,89,,75104,37,0,35 37,0
200,'5_3',801,,75129,34,0,35 37,0,105,,75130,34,0,35 37,0,106,,75131,25,0,35 37,0,106,,75132,34,0,35 37,0,109,,75133,34,0,35 37,0,100,,75134,25,0,35 37,0,102,,75135,34,0,35 37,0,102,,75136,34,0,35 37,0,112,,75137,34,0,35 37,0,102,,75138,34,0,35 37,0,94,,75152,34,0,35 37,0,89,,75139,37,0,35 37,0
200,'5_4',801,,75164,34,0,35 37,0,105,,75165,34,0,35 37,0,106,,75166,25,0,35 37,0,106,,75167,34,0,35 37,0,109,,75168,34,0,35 37,0,100,,75169,25,0,35 37,0,102,,75170,34,0,35 37,0,102,,75171,34,0,35 37,0,112,,75172,34,0,35 37,0,102,,75173,34,0,35 37,0,94,,75187,34,0,35 37,0,89,,75174,37,0,35 37,0
