100,'S2-0_2',714,,84209,23,0,61 8,0,14,,84206,23,0,61 8,0,16,,84210,23,0,61 8,0,15,,84197,23,,,0,55,,84216,23,0,61 8,0,20,,84207,23,0,9 10,0,10,,84211,23,0,61 8,0,67,,84198,23,0,61 8,0,38,,84212,23,0,61 8,0,78,,84199,23,0,61 8,0,80,,84213,23,0,61 8,0,38,,84200,23,0,61 8,0,59,,84217,23,,,0,25,,84218,23,,,0,30,,84201,23,0,61 8,0,65,,84214,23,0,61 8,0,25,,84202,23,0,61 8,0,75,,84215,23,0,61 8,0,80,,84203,23,0,61 8,0,24,,84219,23,,,0,76,,84226,7,0,9 10,0,20,,84220,23,,,0,34,,84221,23,,,0,50,,84204,23,0,61 8,0,11,,84227,7,0,9 10,0,2,,84228,7,,,0,7,,84222,23,,,0,22,,84205,23,0,61 8,0,54,,84223,23,,,0,6,,84229,7,,,0,19,,84195,23,,,0,76,,84224,23,0,61 8,0,34,,84196,23,,,0
100,'S2-0_4',714,,84244,23,0,61 8,0,14,,84241,23,0,61 8,0,16,,84245,23,0,61 8,0,15,,84232,23,,,0,55,,84251,23,0,61 8,0,20,,84242,23,0,9 10,0,10,,84246,23,0,61 8,0,67,,84233,23,0,61 8,0,38,,84247,23,0,61 8,0,78,,84234,23,0,61 8,0,80,,84248,23,0,61 8,0,38,,84235,23,0,61 8,0,59,,84252,23,,,0,25,,84253,23,,,0,30,,84236,23,0,61 8,0,65,,84249,23,0,61 8,0,25,,84237,23,0,61 8,0,75,,84250,23,0,61 8,0,80,,84238,23,0,61 8,0,24,,84254,23,,,0,76,,84261,7,0,9 10,0,20,,84255,23,,,0,34,,84256,23,,,0,50,,84239,23,0,61 8,0,11,,84262,7,0,9 10,0,2,,84263,7,,,0,7,,84257,23,,,0,22,,84240,23,0,61 8,0,54,,84258,23,,,0,6,,84264,7,,,0,19,,84230,23,,,0,76,,84259,23,0,61 8,0,34,,84231,23,,,0
100,'S2-0_5',714,,84279,23,0,61 8,0,14,,84276,23,0,61 8,0,16,,84280,23,0,61 8,0,15,,84267,23,,,0,55,,84286,23,0,61 8,0,20,,84277,23,0,9 10,0,10,,84281,23,0,61 8,0,67,,84268,23,0,61 8,0,38,,84282,23,0,61 8,0,78,,84269,23,0,61 8,0,80,,84283,23,0,61 8,0,38,,84270,23,0,61 8,0,59,,84287,23,,,0,25,,84288,23,,,0,30,,84271,23,0,61 8,0,65,,84284,23,0,61 8,0,25,,84272,23,0,61 8,0,75,,84285,23,0,61 8,0,80,,84273,23,0,61 8,0,24,,84289,23,,,0,76,,84296,7,0,9 10,0,20,,84290,23,,,0,34,,84291,23,,,0,50,,84274,23,0,61 8,0,11,,84297,7,0,9 10,0,2,,84298,7,,,0,7,,84292,23,,,0,22,,84275,23,0,61 8,0,54,,84293,23,,,0,6,,84299,7,,,0,19,,84265,23,,,0,76,,84294,23,0,61 8,0,34,,84266,23,,,0
100,'S2-1_3',714,,84314,23,0,61 8,0,14,,84311,23,0,61 8,0,16,,84315,23,0,61 8,0,15,,84302,23,,,0,55,,84321,23,0,61 8,0,20,,84312,23,0,9 10,0,10,,84316,23,0,61 8,0,67,,84303,23,0,61 8,0,38,,84317,23,0,61 8,0,78,,84304,23,0,61 8,0,80,,84318,23,0,61 8,0,38,,84305,23,0,61 8,0,59,,84322,23,,,0,6,,84334,7,0,9 10,0,4,,84331,7,0,9 10,0,5,,84332,7,0,9 10,0,10,,84323,23,,,0,30,,84306,23,0,61 8,0,65,,84319,23,0,61 8,0,25,,84307,23,0,61 8,0,75,,84320,23,0,61 8,0,80,,84308,23,0,61 8,0,24,,84324,23,,,0,76,,84313,23,0,61 8,0,20,,84325,23,,,0,34,,84326,23,,,0,50,,84309,23,0,61 8,0,20,,84327,23,,,0,22,,84310,23,0,61 8,0,54,,84328,23,,,0,25,,84300,23,,,0,76,,84329,23,0,61 8,0,34,,84301,23,,,0
100,'S2-2_6',716,,84335,23,0,61 8,0,110,,84347,23,0,61 8,0,95,,84336,23,0,61 8,0,30,,84348,23,0,61 8,0,69,,84337,23,0,61 8,0,33,,84349,23,0,61 8,0,70,,84338,23,0,61 8,0,29,,84350,23,0,61 8,0,71,,84339,23,0,61 8,0,28,,84351,23,0,61 8,0,70,,84340,23,0,61 8,0,30,,84352,23,0,61 8,0,70,,84341,23,0,61 8,0,31,,84353,23,0,61 8,0,69,,84342,23,0,61 8,0,31,,84354,23,0,61 8,0,71,,84343,23,0,61 8,0,31,,84355,23,0,61 8,0,73,,84344,23,0,61 8,0,28,,84356,23,0,61 8,0,70,,84345,23,0,61 8,0,31,,84357,23,0,61 8,0,69,,84346,23,0,61 8,0
100,'S2-3_7',920,,84358,23,0,61 8,0,105,,84363,23,0,61 8,0,106,,84359,23,0,61 8,0,104,,84364,23,0,61 8,0,90,,84360,23,0,61 8,0,100,,84365,23,0,61 8,0,105,,84361,23,0,61 8,0,105,,84366,23,0,61 8,0,105,,84362,23,0,61 8,0,105,,84367,23,0,61 8,0
100,'S2-4_1',714,,84382,23,0,61 8,0,14,,84379,23,0,61 8,0,16,,84383,23,0,61 8,0,15,,84370,23,,,0,55,,84389,23,0,61 8,0,20,,84380,23,0,9 10,0,10,,84384,23,0,61 8,0,67,,84371,23,0,61 8,0,38,,84385,23,0,61 8,0,78,,84372,23,0,61 8,0,80,,84386,23,0,61 8,0,38,,84373,23,0,61 8,0,59,,84390,23,,,0,25,,84391,23,,,0,30,,84374,23,0,61 8,0,65,,84387,23,0,61 8,0,25,,84375,23,0,61 8,0,75,,84388,23,0,61 8,0,80,,84376,23,0,61 8,0,24,,84392,23,,,0,76,,84399,7,0,9 10,0,20,,84393,23,,,0,34,,84394,23,,,0,50,,84377,23,0,61 8,0,11,,84400,7,0,9 10,0,2,,84401,7,,,0,7,,84395,23,,,0,22,,84378,23,0,61 8,0,54,,84396,23,,,0,6,,84402,7,,,0,19,,84368,23,,,0,76,,84397,23,0,61 8,0,34,,84369,23,,,0
100,'S2-4_2',714,,84417,23,0,61 8,0,14,,84414,23,0,61 8,0,16,,84418,23,0,61 8,0,15,,84405,23,,,0,55,,84424,23,0,61 8,0,20,,84415,23,0,9 10,0,10,,84419,23,0,61 8,0,67,,84406,23,0,61 8,0,38,,84420,23,0,61 8,0,78,,84407,23,0,61 8,0,80,,84421,23,0,61 8,0,38,,84408,23,0,61 8,0,59,,84425,23,,,0,25,,84426,23,,,0,30,,84409,23,0,61 8,0,65,,84422,23,0,61 8,0,25,,84410,23,0,61 8,0,75,,84423,23,0,61 8,0,80,,84411,23,0,61 8,0,24,,84427,23,,,0,76,,84434,7,0,9 10,0,20,,84428,23,,,0,34,,84429,23,,,0,50,,84412,23,0,61 8,0,11,,84435,7,0,9 10,0,2,,84436,7,,,0,7,,84430,23,,,0,22,,84413,23,0,61 8,0,54,,84431,23,,,0,6,,84437,7,,,0,19,,84403,23,,,0,76,,84432,23,0,61 8,0,34,,84404,23,,,0
100,'S2-4_4',714,,84452,23,0,61 8,0,14,,84449,23,0,61 8,0,16,,84453,23,0,61 8,0,15,,84440,23,,,0,55,,84459,23,0,61 8,0,20,,84450,23,0,9 10,0,10,,84454,23,0,61 8,0,67,,84441,23,0,61 8,0,38,,84455,23,0,61 8,0,78,,84442,23,0,61 8,0,80,,84456,23,0,61 8,0,38,,84443,23,0,61 8,0,59,,84460,23,,,0,25,,84461,23,,,0,30,,84444,23,0,61 8,0,65,,84457,23,0,61 8,0,25,,84445,23,0,61 8,0,75,,84458,23,0,61 8,0,80,,84446,23,0,61 8,0,24,,84462,23,,,0,76,,84469,7,0,9 10,0,20,,84463,23,,,0,34,,84464,23,,,0,50,,84447,23,0,61 8,0,11,,84470,7,0,9 10,0,2,,84471,7,,,0,7,,84465,23,,,0,22,,84448,23,0,61 8,0,54,,84466,23,,,0,6,,84472,7,,,0,19,,84438,23,,,0,76,,84467,23,0,61 8,0,34,,84439,23,,,0
300,'S2-0_2',719,,85371,33,,,0,25,,85372,33,,,0,70,,85373,33,,,0,23,,85374,33,,,0,65,,85375,33,,,0,30,,85376,33,,,0,72,,85377,33,,,0,32,,85378,33,,,0,71,,85379,33,,,0,32,,85380,33,,,0,72,,85381,33,,,0,32,,85382,33,,,0,73,,85383,33,,,0,33,,85384,33,,,0,72,,85385,33,,,0,33,,85386,33,,,0,72,,85387,33,,,0,74,,85388,33,,,0,29,,85390,33,,,0,27,,85391,33,,,0,68,,85392,33,,,0,28,,85393,33,,,0,68,,85394,33,,,0,30,,85398,33,,,0,71,,85395,33,,,0,31,,85396,33,,,0,73,,85397,33,,,0,30,,85389,33,,,0
300,'S2-0_4',719,,85399,33,,,0,25,,85400,33,,,0,70,,85401,33,,,0,23,,85402,33,,,0,65,,85403,33,,,0,30,,85404,33,,,0,72,,85405,33,,,0,32,,85406,33,,,0,71,,85407,33,,,0,32,,85408,33,,,0,72,,85409,33,,,0,32,,85410,33,,,0,73,,85411,33,,,0,33,,85412,33,,,0,72,,85413,33,,,0,33,,85414,33,,,0,72,,85415,33,,,0,74,,85416,33,,,0,29,,85418,33,,,0,27,,85419,33,,,0,68,,85420,33,,,0,28,,85421,33,,,0,68,,85422,33,,,0,30,,85426,33,,,0,71,,85423,33,,,0,31,,85424,33,,,0,73,,85425,33,,,0,30,,85417,33,,,0
300,'S2-0_5',719,,85427,33,,,0,25,,85428,33,,,0,70,,85429,33,,,0,23,,85430,33,,,0,65,,85431,33,,,0,30,,85432,33,,,0,72,,85433,33,,,0,32,,85434,33,,,0,71,,85435,33,,,0,32,,85436,33,,,0,72,,85437,33,,,0,32,,85438,33,,,0,73,,85439,33,,,0,33,,85440,33,,,0,72,,85441,33,,,0,33,,85442,33,,,0,72,,85443,33,,,0,74,,85444,33,,,0,29,,85446,33,,,0,27,,85447,33,,,0,68,,85448,33,,,0,28,,85449,33,,,0,68,,85450,33,,,0,30,,85454,33,,,0,71,,85451,33,,,0,31,,85452,33,,,0,73,,85453,33,,,0,30,,85445,33,,,0
300,'S2-1_3',719,,85455,33,,,0,25,,85456,33,,,0,70,,85457,33,,,0,23,,85458,33,,,0,65,,85459,33,,,0,30,,85460,33,,,0,72,,85461,33,,,0,32,,85462,33,,,0,71,,85463,33,,,0,32,,85464,33,,,0,72,,85465,33,,,0,32,,85466,33,,,0,73,,85467,33,,,0,33,,85468,33,,,0,72,,85469,33,,,0,33,,85470,33,,,0,72,,85471,33,,,0,74,,85472,33,,,0,29,,85474,33,,,0,27,,85475,33,,,0,68,,85476,33,,,0,28,,85477,33,,,0,68,,85478,33,,,0,30,,85482,33,,,0,71,,85479,33,,,0,31,,85480,33,,,0,73,,85481,33,,,0,30,,85473,33,,,0
300,'S2-2_6',716,,85483,33,,,0,30,,85485,33,,,0,70,,85486,33,,,0,30,,85484,33,,,0,70,,85488,33,,,0,29,,85489,33,,,0,69,,85487,33,,,0,31,,85490,33,,,0,70,,85491,33,,,0,30,,85494,33,,,0,69,,85493,33,,,0,29,,85492,33,,,0,68,,85496,33,,,0,30,,85495,33,,,0,70,,85497,33,,,0,30,,85498,33,,,0,72,,85499,33,,,0,32,,85500,33,,,0,71,,85501,33,,,0,31,,85502,33,,,0,72,,85503,33,,,0,32,,85504,33,,,0,70,,85505,33,,,0,31,,85510,33,,,0,71,,85506,33,,,0,30,,85507,33,,,0,64,,85508,33,,,0,30,,85509,33,,,0
300,'S2-3_7',922,,85533,33,,,0,33,,85534,33,,,0,75,,85535,33,,,0,74,,85536,33,,,0,32,,85527,33,,,0,72,,85532,33,,,0,33,,85531,33,,,0,72,,85530,33,,,0,33,,85529,33,,,0,72,,85511,33,,,0,28,,85512,33,,,0,69,,85513,33,,,0,28,,85514,33,,,0,68,,85515,33,,,0,30,,85516,33,,,0,72,,85517,33,,,0,28,,85518,33,,,0,67,,85519,33,,,0,28,,85520,33,,,0,69,,85521,33,,,0,27,,85522,33,,,0,26,,85523,33,,,0,65,,85524,33,,,0,23,,85525,33,,,0,64,,85528,33,,,0,24,,85526,33,,,0
300,'S2-4_1',719,,85537,33,,,0,25,,85538,33,,,0,70,,85539,33,,,0,23,,85540,33,,,0,65,,85541,33,,,0,30,,85542,33,,,0,72,,85543,33,,,0,32,,85544,33,,,0,71,,85545,33,,,0,32,,85546,33,,,0,72,,85547,33,,,0,32,,85548,33,,,0,73,,85549,33,,,0,33,,85550,33,,,0,72,,85551,33,,,0,33,,85552,33,,,0,72,,85553,33,,,0,74,,85554,33,,,0,29,,85556,33,,,0,27,,85557,33,,,0,68,,85558,33,,,0,28,,85559,33,,,0,68,,85560,33,,,0,30,,85564,33,,,0,71,,85561,33,,,0,31,,85562,33,,,0,73,,85563,33,,,0,30,,85555,33,,,0
300,'S2-4_2',719,,85565,33,,,0,25,,85566,33,,,0,70,,85567,33,,,0,23,,85568,33,,,0,65,,85569,33,,,0,30,,85570,33,,,0,72,,85571,33,,,0,32,,85572,33,,,0,71,,85573,33,,,0,32,,85574,33,,,0,72,,85575,33,,,0,32,,85576,33,,,0,73,,85577,33,,,0,33,,85578,33,,,0,72,,85579,33,,,0,33,,85580,33,,,0,72,,85581,33,,,0,74,,85582,33,,,0,29,,85584,33,,,0,27,,85585,33,,,0,68,,85586,33,,,0,28,,85587,33,,,0,68,,85588,33,,,0,30,,85592,33,,,0,71,,85589,33,,,0,31,,85590,33,,,0,73,,85591,33,,,0,30,,85583,33,,,0
300,'S2-4_4',719,,85593,33,,,0,25,,85594,33,,,0,70,,85595,33,,,0,23,,85596,33,,,0,65,,85597,33,,,0,30,,85598,33,,,0,72,,85599,33,,,0,32,,85600,33,,,0,71,,85601,33,,,0,32,,85602,33,,,0,72,,85603,33,,,0,32,,85604,33,,,0,73,,85605,33,,,0,33,,85606,33,,,0,72,,85607,33,,,0,33,,85608,33,,,0,72,,85609,33,,,0,74,,85610,33,,,0,29,,85612,33,,,0,27,,85613,33,,,0,68,,85614,33,,,0,28,,85615,33,,,0,68,,85616,33,,,0,30,,85620,33,,,0,71,,85617,33,,,0,31,,85618,33,,,0,73,,85619,33,,,0,30,,85611,33,,,0
700,'S2-0_2',711,,86889,7,,,0,110,,86891,7,,,0,110,,86892,7,,,0,110,,86893,7,,,0,110,,86894,7,,,0,150,,86895,7,,,0,110,,86896,7,,,0,110,,86897,7,,,0,110,,86898,7,,,0,110,,86899,7,,,0,110,,86890,7,,,0
700,'S2-0_4',711,,86900,7,,,0,110,,86902,7,,,0,110,,86903,7,,,0,110,,86904,7,,,0,110,,86905,7,,,0,150,,86906,7,,,0,110,,86907,7,,,0,110,,86908,7,,,0,110,,86909,7,,,0,110,,86910,7,,,0,110,,86901,7,,,0
700,'S2-0_5',711,,86911,7,,,0,110,,86913,7,,,0,110,,86914,7,,,0,110,,86915,7,,,0,110,,86916,7,,,0,150,,86917,7,,,0,110,,86918,7,,,0,110,,86919,7,,,0,110,,86920,7,,,0,110,,86921,7,,,0,110,,86912,7,,,0
700,'S2-1_3',711,,86922,7,,,0,110,,86924,7,,,0,110,,86925,7,,,0,110,,86926,7,,,0,110,,86927,7,,,0,150,,86928,7,,,0,110,,86929,7,,,0,110,,86930,7,,,0,110,,86931,7,,,0,110,,86932,7,,,0,110,,86923,7,,,0
700,'S2-2_6',714,,86935,7,,,0,110,,86936,7,,,0,109,,86937,7,,,0,110,,86938,7,,,0,110,,86939,7,,,0,150,,86940,7,,,0,110,,86941,7,,,0,110,,86942,7,,,0,110,,86943,7,,,0,110,,86933,7,,,0,111,,86934,7,,,0
700,'S2-4_1',711,,86944,7,,,0,110,,86946,7,,,0,110,,86947,7,,,0,110,,86948,7,,,0,110,,86949,7,,,0,150,,86950,7,,,0,110,,86951,7,,,0,110,,86952,7,,,0,110,,86953,7,,,0,110,,86954,7,,,0,110,,86945,7,,,0
700,'S2-4_2',711,,86955,7,,,0,110,,86957,7,,,0,110,,86958,7,,,0,110,,86959,7,,,0,110,,86960,7,,,0,150,,86961,7,,,0,110,,86962,7,,,0,110,,86963,7,,,0,110,,86964,7,,,0,110,,86965,7,,,0,110,,86956,7,,,0
700,'S2-4_4',711,,86966,7,,,0,110,,86968,7,,,0,110,,86969,7,,,0,110,,86970,7,,,0,110,,86971,7,,,0,150,,86972,7,,,0,110,,86973,7,,,0,110,,86974,7,,,0,110,,86975,7,,,0,110,,86976,7,,,0,110,,86967,7,,,0
800,'S2-0_2',714,,87065,21,,,0,33,,87066,21,,,0,67,,87067,21,,,0,30,,87068,21,,,0,80,,87069,21,,,0,110,,87070,21,,,0,117,,87071,21,,,0,151,,87072,21,,,0,111,,87073,21,,,0,112,,87075,21,,,0,110,,87074,21,,,0
800,'S2-0_4',714,,87076,21,,,0,33,,87077,21,,,0,67,,87078,21,,,0,30,,87079,21,,,0,80,,87080,21,,,0,110,,87081,21,,,0,117,,87082,21,,,0,151,,87083,21,,,0,111,,87084,21,,,0,112,,87086,21,,,0,110,,87085,21,,,0
800,'S2-0_5',714,,87087,21,,,0,33,,87088,21,,,0,67,,87089,21,,,0,30,,87090,21,,,0,80,,87091,21,,,0,110,,87092,21,,,0,117,,87093,21,,,0,151,,87094,21,,,0,111,,87095,21,,,0,112,,87097,21,,,0,110,,87096,21,,,0
800,'S2-1_3',714,,87098,21,,,0,33,,87099,21,,,0,67,,87100,21,,,0,30,,87101,21,,,0,80,,87102,21,,,0,110,,87103,21,,,0,117,,87104,21,,,0,151,,87105,21,,,0,111,,87106,21,,,0,112,,87108,21,,,0,110,,87107,21,,,0
800,'S2-4_1',714,,87109,21,,,0,33,,87110,21,,,0,67,,87111,21,,,0,30,,87112,21,,,0,80,,87113,21,,,0,110,,87114,21,,,0,117,,87115,21,,,0,151,,87116,21,,,0,111,,87117,21,,,0,112,,87119,21,,,0,110,,87118,21,,,0
800,'S2-4_2',714,,87120,21,,,0,33,,87121,21,,,0,67,,87122,21,,,0,30,,87123,21,,,0,80,,87124,21,,,0,110,,87125,21,,,0,117,,87126,21,,,0,151,,87127,21,,,0,111,,87128,21,,,0,112,,87130,21,,,0,110,,87129,21,,,0
800,'S2-4_4',714,,87131,21,,,0,33,,87132,21,,,0,67,,87133,21,,,0,30,,87134,21,,,0,80,,87135,21,,,0,110,,87136,21,,,0,117,,87137,21,,,0,151,,87138,21,,,0,111,,87139,21,,,0,112,,87141,21,,,0,110,,87140,21,,,0
2200,'S2-0_2',720,,88556,17,0,11 15 16,0,120,,88557,17,0,11 15 16,0,882,,88558,17,0,11 15 16,0
2200,'S2-0_4',720,,88563,17,0,11 15 16,0,120,,88564,17,0,11 15 16,0,882,,88565,17,0,11 15 16,0
2200,'S2-0_5',720,,88570,17,0,11 15 16,0,120,,88571,17,0,11 15 16,0,882,,88572,17,0,11 15 16,0
2200,'S2-1_3',720,,88577,17,0,11 15 16,0,120,,88578,17,0,11 15 16,0,882,,88579,17,0,11 15 16,0
2200,'S2-4_1',720,,88582,17,0,11 15 16,0,120,,88583,17,0,11 15 16,0,882,,88584,17,0,11 15 16,0
2200,'S2-4_2',720,,88589,17,0,11 15 16,0,120,,88590,17,0,11 15 16,0,882,,88591,17,0,11 15 16,0
2200,'S2-4_4',720,,88596,17,0,11 15 16,0,120,,88597,17,0,11 15 16,0,882,,88598,17,0,11 15 16,0
901500,'S2-0_2',853,,89808,8,,,0,60,,89809,8,,,0,20,,89810,8,,,0,20,,89811,8,,,0,60,,89812,8,,,0,20,,89813,8,,,0,20,,89814,8,,,0,60,,89815,8,,,0,20,,89816,8,,,0,20,,89817,8,,,0,60,,89818,8,,,0,20,,89819,8,,,0,20,,89820,8,,,0,60,,89821,8,,,0,20,,89822,8,,,0,20,,89823,8,,,0,60,,89824,8,,,0,20,,89825,8,,,0,20,,89826,8,,,0,80,,89827,8,,,0,20,,89828,8,,,0,60,,89829,8,,,0,20,,89830,8,,,0,20,,89831,8,,,0,60,,89832,8,,,0,20,,89833,8,,,0,20,,89834,8,,,0,60,,89835,8,,,0,20,,89836,8,,,0,20,,89837,8,,,0,60,,89838,8,,,0,20,,89839,8,,,0
901500,'S2-0_4',853,,89840,8,,,0,60,,89841,8,,,0,20,,89842,8,,,0,20,,89843,8,,,0,60,,89844,8,,,0,20,,89845,8,,,0,20,,89846,8,,,0,60,,89847,8,,,0,20,,89848,8,,,0,20,,89849,8,,,0,60,,89850,8,,,0,20,,89851,8,,,0,20,,89852,8,,,0,60,,89853,8,,,0,20,,89854,8,,,0,20,,89855,8,,,0,60,,89856,8,,,0,20,,89857,8,,,0,20,,89858,8,,,0,80,,89859,8,,,0,20,,89860,8,,,0,60,,89861,8,,,0,20,,89862,8,,,0,20,,89863,8,,,0,60,,89864,8,,,0,20,,89865,8,,,0,20,,89866,8,,,0,60,,89867,8,,,0,20,,89868,8,,,0,20,,89869,8,,,0,60,,89870,8,,,0,20,,89871,8,,,0
901500,'S2-0_5',853,,89872,8,,,0,60,,89873,8,,,0,20,,89874,8,,,0,20,,89875,8,,,0,60,,89876,8,,,0,20,,89877,8,,,0,20,,89878,8,,,0,60,,89879,8,,,0,20,,89880,8,,,0,20,,89881,8,,,0,60,,89882,8,,,0,20,,89883,8,,,0,20,,89884,8,,,0,60,,89885,8,,,0,20,,89886,8,,,0,20,,89887,8,,,0,60,,89888,8,,,0,20,,89889,8,,,0,20,,89890,8,,,0,80,,89891,8,,,0,20,,89892,8,,,0,60,,89893,8,,,0,20,,89894,8,,,0,20,,89895,8,,,0,60,,89896,8,,,0,20,,89897,8,,,0,20,,89898,8,,,0,60,,89899,8,,,0,20,,89900,8,,,0,20,,89901,8,,,0,60,,89902,8,,,0,20,,89903,8,,,0
901500,'S2-1_3',853,,89904,8,,,0,60,,89905,8,,,0,20,,89906,8,,,0,20,,89907,8,,,0,60,,89908,8,,,0,20,,89909,8,,,0,20,,89910,8,,,0,60,,89911,8,,,0,20,,89912,8,,,0,20,,89913,8,,,0,60,,89914,8,,,0,20,,89915,8,,,0,20,,89916,8,,,0,60,,89917,8,,,0,20,,89918,8,,,0,20,,89919,8,,,0,60,,89920,8,,,0,20,,89921,8,,,0,20,,89922,8,,,0,80,,89923,8,,,0,20,,89924,8,,,0,60,,89925,8,,,0,20,,89926,8,,,0,20,,89927,8,,,0,60,,89928,8,,,0,20,,89929,8,,,0,20,,89930,8,,,0,60,,89931,8,,,0,20,,89932,8,,,0,20,,89933,8,,,0,60,,89934,8,,,0,20,,89935,8,,,0
901500,'S2-2_6',853,,89936,8,,,0,60,,89937,8,,,0,20,,89938,8,,,0,20,,89939,8,,,0,60,,89940,8,,,0,20,,89941,8,,,0,20,,89942,8,,,0,60,,89943,8,,,0,20,,89944,8,,,0,20,,89945,8,,,0,60,,89946,8,,,0,20,,89947,8,,,0,20,,89948,8,,,0,60,,89949,8,,,0,20,,89950,8,,,0,20,,89951,8,,,0,60,,89952,8,,,0,20,,89953,8,,,0,20,,89954,8,,,0,80,,89955,8,,,0,20,,89956,8,,,0,60,,89957,8,,,0,20,,89958,8,,,0,20,,89959,8,,,0,60,,89960,8,,,0,20,,89961,8,,,0,20,,89962,8,,,0,60,,89963,8,,,0,20,,89964,8,,,0,20,,89965,8,,,0,60,,89966,8,,,0,20,,89967,8,,,0
901500,'S2-4_1',853,,89968,8,,,0,60,,89969,8,,,0,20,,89970,8,,,0,20,,89971,8,,,0,60,,89972,8,,,0,20,,89973,8,,,0,20,,89974,8,,,0,60,,89975,8,,,0,20,,89976,8,,,0,20,,89977,8,,,0,60,,89978,8,,,0,20,,89979,8,,,0,20,,89980,8,,,0,60,,89981,8,,,0,20,,89982,8,,,0,20,,89983,8,,,0,60,,89984,8,,,0,20,,89985,8,,,0,20,,89986,8,,,0,80,,89987,8,,,0,20,,89988,8,,,0,60,,89989,8,,,0,20,,89990,8,,,0,20,,89991,8,,,0,60,,89992,8,,,0,20,,89993,8,,,0,20,,89994,8,,,0,60,,89995,8,,,0,20,,89996,8,,,0,20,,89997,8,,,0,60,,89998,8,,,0,20,,89999,8,,,0
901500,'S2-4_2',853,,90000,8,,,0,60,,90001,8,,,0,20,,90002,8,,,0,20,,90003,8,,,0,60,,90004,8,,,0,20,,90005,8,,,0,20,,90006,8,,,0,60,,90007,8,,,0,20,,90008,8,,,0,20,,90009,8,,,0,60,,90010,8,,,0,20,,90011,8,,,0,20,,90012,8,,,0,60,,90013,8,,,0,20,,90014,8,,,0,20,,90015,8,,,0,60,,90016,8,,,0,20,,90017,8,,,0,20,,90018,8,,,0,80,,90019,8,,,0,20,,90020,8,,,0,60,,90021,8,,,0,20,,90022,8,,,0,20,,90023,8,,,0,60,,90024,8,,,0,20,,90025,8,,,0,20,,90026,8,,,0,60,,90027,8,,,0,20,,90028,8,,,0,20,,90029,8,,,0,60,,90030,8,,,0,20,,90031,8,,,0
901500,'S2-4_4',853,,90032,8,,,0,60,,90033,8,,,0,20,,90034,8,,,0,20,,90035,8,,,0,60,,90036,8,,,0,20,,90037,8,,,0,20,,90038,8,,,0,60,,90039,8,,,0,20,,90040,8,,,0,20,,90041,8,,,0,60,,90042,8,,,0,20,,90043,8,,,0,20,,90044,8,,,0,60,,90045,8,,,0,20,,90046,8,,,0,20,,90047,8,,,0,60,,90048,8,,,0,20,,90049,8,,,0,20,,90050,8,,,0,80,,90051,8,,,0,20,,90052,8,,,0,60,,90053,8,,,0,20,,90054,8,,,0,20,,90055,8,,,0,60,,90056,8,,,0,20,,90057,8,,,0,20,,90058,8,,,0,60,,90059,8,,,0,20,,90060,8,,,0,20,,90061,8,,,0,60,,90062,8,,,0,20,,90063,8,,,0
2000000,'S2-0_2',651,,91479,12,,,0,62,,91461,12,,,0,17,,91489,12,,,0,15,,91445,12,,,0,55,,91472,12,,,0,15,,91454,12,,,0,15,,91481,12,,,0,15,,91464,12,,,0,56,,91492,12,,,0,16,,91446,12,,,0,16,,91477,12,,,0,15,,91455,12,,,0,56,,91482,12,,,0,15,,91462,12,,,0,16,,91490,12,,,0,16,,91447,12,,,0,56,,91478,12,,,0,15,,91456,12,,,0,16,,91483,12,,,0,17,,91463,12,,,0,54,,91493,12,,,0,17,,91448,12,,,0,13,,91471,12,,,0,16,,91457,12,,,0,55,,91480,12,,,0,15,,91465,12,,,0,15,,91491,12,,,0,15,,91450,12,,,0,55,,91473,12,,,0,15,,91460,12,,,0,15,,91485,12,,,0,15,,91466,12,,,0,55,,91494,12,,,0,15,,91451,12,,,0,15,,91474,12,,,0,16,,91459,12,,,0,47,,91442,10,0,9 10,0,8,,91484,12,,,0,15,,91467,12,,,0,16,,91443,12,,,0,15,,91495,12,,,0,55,,91441,10,0,9 10,0,3,,91449,12,,,0,14,,91476,12,,,0,16,,91458,12,,,0,55,,91486,12,,,0,9,,91498,10,0,9 10,0,6,,91469,12,,,0,13,,91444,12,,,0,14,,91496,12,,,0,15,,91452,12,,,0,54,,91475,12,,,0,14,,91487,12,,,0,19,,91468,12,,,0,62,,91497,12,,,0,20,,91453,12,,,0,19,,91488,12,,,0,61,,91470,12,,,0
2000000,'S2-0_4',651,,91538,12,,,0,62,,91520,12,,,0,17,,91548,12,,,0,15,,91504,12,,,0,55,,91531,12,,,0,15,,91513,12,,,0,15,,91540,12,,,0,15,,91523,12,,,0,56,,91551,12,,,0,16,,91505,12,,,0,16,,91536,12,,,0,15,,91514,12,,,0,56,,91541,12,,,0,15,,91521,12,,,0,16,,91549,12,,,0,16,,91506,12,,,0,56,,91537,12,,,0,15,,91515,12,,,0,16,,91542,12,,,0,17,,91522,12,,,0,54,,91552,12,,,0,17,,91507,12,,,0,13,,91530,12,,,0,16,,91516,12,,,0,55,,91539,12,,,0,15,,91524,12,,,0,15,,91550,12,,,0,15,,91509,12,,,0,55,,91532,12,,,0,15,,91519,12,,,0,15,,91544,12,,,0,15,,91525,12,,,0,55,,91553,12,,,0,15,,91510,12,,,0,15,,91533,12,,,0,16,,91518,12,,,0,47,,91501,10,0,9 10,0,8,,91543,12,,,0,15,,91526,12,,,0,16,,91502,12,,,0,15,,91554,12,,,0,55,,91500,10,0,9 10,0,3,,91508,12,,,0,14,,91535,12,,,0,16,,91517,12,,,0,55,,91545,12,,,0,9,,91557,10,0,9 10,0,6,,91528,12,,,0,13,,91503,12,,,0,14,,91555,12,,,0,15,,91511,12,,,0,54,,91534,12,,,0,14,,91546,12,,,0,19,,91527,12,,,0,62,,91556,12,,,0,20,,91512,12,,,0,19,,91547,12,,,0,61,,91529,12,,,0
2000000,'S2-0_5',651,,91597,12,,,0,62,,91579,12,,,0,17,,91607,12,,,0,15,,91563,12,,,0,55,,91590,12,,,0,15,,91572,12,,,0,15,,91599,12,,,0,15,,91582,12,,,0,56,,91610,12,,,0,16,,91564,12,,,0,16,,91595,12,,,0,15,,91573,12,,,0,56,,91600,12,,,0,15,,91580,12,,,0,16,,91608,12,,,0,16,,91565,12,,,0,56,,91596,12,,,0,15,,91574,12,,,0,16,,91601,12,,,0,17,,91581,12,,,0,54,,91611,12,,,0,17,,91566,12,,,0,13,,91589,12,,,0,16,,91575,12,,,0,55,,91598,12,,,0,15,,91583,12,,,0,15,,91609,12,,,0,15,,91568,12,,,0,55,,91591,12,,,0,15,,91578,12,,,0,15,,91603,12,,,0,15,,91584,12,,,0,55,,91612,12,,,0,15,,91569,12,,,0,15,,91592,12,,,0,16,,91577,12,,,0,47,,91560,10,0,9 10,0,8,,91602,12,,,0,15,,91585,12,,,0,16,,91561,12,,,0,15,,91613,12,,,0,55,,91559,10,0,9 10,0,3,,91567,12,,,0,14,,91594,12,,,0,16,,91576,12,,,0,55,,91604,12,,,0,9,,91616,10,0,9 10,0,6,,91587,12,,,0,13,,91562,12,,,0,14,,91614,12,,,0,15,,91570,12,,,0,54,,91593,12,,,0,14,,91605,12,,,0,19,,91586,12,,,0,62,,91615,12,,,0,20,,91571,12,,,0,19,,91606,12,,,0,61,,91588,12,,,0
2000000,'S2-1_3',651,,91655,12,,,0,62,,91637,12,,,0,17,,91665,12,,,0,15,,91621,12,,,0,55,,91648,12,,,0,15,,91630,12,,,0,15,,91657,12,,,0,15,,91640,12,,,0,56,,91668,12,,,0,16,,91622,12,,,0,16,,91653,12,,,0,15,,91631,12,,,0,56,,91658,12,,,0,15,,91638,12,,,0,16,,91666,12,,,0,16,,91623,12,,,0,56,,91654,12,,,0,15,,91632,12,,,0,16,,91659,12,,,0,17,,91639,12,,,0,54,,91669,12,,,0,9,,91674,10,0,9 10,0,3,,91618,10,0,9 10,0,2,,91617,10,0,9 10,0,3,,91624,12,,,0,13,,91647,12,,,0,16,,91633,12,,,0,55,,91656,12,,,0,15,,91641,12,,,0,15,,91667,12,,,0,15,,91626,12,,,0,55,,91649,12,,,0,15,,91636,12,,,0,15,,91661,12,,,0,15,,91642,12,,,0,55,,91670,12,,,0,15,,91627,12,,,0,15,,91650,12,,,0,16,,91635,12,,,0,55,,91660,12,,,0,15,,91643,12,,,0,16,,91619,12,,,0,15,,91671,12,,,0,58,,91625,12,,,0,14,,91652,12,,,0,16,,91634,12,,,0,55,,91662,12,,,0,15,,91645,12,,,0,13,,91620,12,,,0,14,,91672,12,,,0,15,,91628,12,,,0,54,,91651,12,,,0,14,,91663,12,,,0,19,,91644,12,,,0,62,,91673,12,,,0,20,,91629,12,,,0,19,,91664,12,,,0,61,,91646,12,,,0
2000000,'S2-2_6',648,,91675,12,,,0,81,,91676,12,,,0,79,,91677,12,,,0,30,,91678,12,,,0,20,,91679,12,,,0,60,,91680,12,,,0,18,,91681,12,,,0,18,,91682,12,,,0,59,,91683,12,,,0,20,,91684,12,,,0,19,,91685,12,,,0,59,,91686,12,,,0,19,,91687,12,,,0,20,,91688,12,,,0,58,,91689,12,,,0,19,,91690,12,,,0,18,,91691,12,,,0,59,,91692,12,,,0,19,,91693,12,,,0,19,,91694,12,,,0,58,,91695,12,,,0,19,,91696,12,,,0,20,,91697,12,,,0,20,,91698,12,,,0,59,,91699,12,,,0,19,,91700,12,,,0,20,,91701,12,,,0,60,,91702,12,,,0,20,,91703,12,,,0,20,,91704,12,,,0,59,,91705,12,,,0,20,,91706,12,,,0,20,,91707,12,,,0,60,,91708,12,,,0,18,,91709,12,,,0,20,,91710,12,,,0,64,,91711,12,,,0,25,,91712,12,,,0,65,,91713,12,,,0,24,,91714,12,,,0,25,,91715,12,,,0
2000000,'S2-3_7',824,,91716,12,,,0,80,,91717,12,,,0,40,,91718,12,,,0,80,,91719,12,,,0,80,,91720,12,,,0,40,,91721,12,,,0,80,,91722,12,,,0,80,,91723,12,,,0,40,,91724,12,,,0,80,,91725,12,,,0,80,,91726,12,,,0,40,,91727,12,,,0,80,,91728,12,,,0,80,,91729,12,,,0,40,,91730,12,,,0,80,,91731,12,,,0,80,,91732,12,,,0,40,,91733,12,,,0
2000000,'S2-4_1',651,,91773,12,,,0,62,,91755,12,,,0,17,,91783,12,,,0,15,,91739,12,,,0,55,,91766,12,,,0,15,,91748,12,,,0,15,,91775,12,,,0,15,,91758,12,,,0,56,,91786,12,,,0,16,,91740,12,,,0,16,,91771,12,,,0,15,,91749,12,,,0,56,,91776,12,,,0,15,,91756,12,,,0,16,,91784,12,,,0,16,,91741,12,,,0,56,,91772,12,,,0,15,,91750,12,,,0,16,,91777,12,,,0,17,,91757,12,,,0,54,,91787,12,,,0,17,,91742,12,,,0,13,,91765,12,,,0,16,,91751,12,,,0,55,,91774,12,,,0,15,,91759,12,,,0,15,,91785,12,,,0,15,,91744,12,,,0,55,,91767,12,,,0,15,,91754,12,,,0,15,,91779,12,,,0,15,,91760,12,,,0,55,,91788,12,,,0,15,,91745,12,,,0,15,,91768,12,,,0,16,,91753,12,,,0,47,,91736,10,0,9 10,0,8,,91778,12,,,0,15,,91761,12,,,0,16,,91737,12,,,0,15,,91789,12,,,0,55,,91735,10,0,9 10,0,3,,91743,12,,,0,14,,91770,12,,,0,16,,91752,12,,,0,55,,91780,12,,,0,9,,91792,10,0,9 10,0,6,,91763,12,,,0,13,,91738,12,,,0,14,,91790,12,,,0,15,,91746,12,,,0,54,,91769,12,,,0,14,,91781,12,,,0,19,,91762,12,,,0,62,,91791,12,,,0,20,,91747,12,,,0,19,,91782,12,,,0,61,,91764,12,,,0
2000000,'S2-4_2',651,,91832,12,,,0,62,,91814,12,,,0,17,,91842,12,,,0,15,,91798,12,,,0,55,,91825,12,,,0,15,,91807,12,,,0,15,,91834,12,,,0,15,,91817,12,,,0,56,,91845,12,,,0,16,,91799,12,,,0,16,,91830,12,,,0,15,,91808,12,,,0,56,,91835,12,,,0,15,,91815,12,,,0,16,,91843,12,,,0,16,,91800,12,,,0,56,,91831,12,,,0,15,,91809,12,,,0,16,,91836,12,,,0,17,,91816,12,,,0,54,,91846,12,,,0,17,,91801,12,,,0,13,,91824,12,,,0,16,,91810,12,,,0,55,,91833,12,,,0,15,,91818,12,,,0,15,,91844,12,,,0,15,,91803,12,,,0,55,,91826,12,,,0,15,,91813,12,,,0,15,,91838,12,,,0,15,,91819,12,,,0,55,,91847,12,,,0,15,,91804,12,,,0,15,,91827,12,,,0,16,,91812,12,,,0,47,,91795,10,0,9 10,0,8,,91837,12,,,0,15,,91820,12,,,0,16,,91796,12,,,0,15,,91848,12,,,0,55,,91794,10,0,9 10,0,3,,91802,12,,,0,14,,91829,12,,,0,16,,91811,12,,,0,55,,91839,12,,,0,9,,91851,10,0,9 10,0,6,,91822,12,,,0,13,,91797,12,,,0,14,,91849,12,,,0,15,,91805,12,,,0,54,,91828,12,,,0,14,,91840,12,,,0,19,,91821,12,,,0,62,,91850,12,,,0,20,,91806,12,,,0,19,,91841,12,,,0,61,,91823,12,,,0
2000000,'S2-4_4',651,,91891,12,,,0,62,,91873,12,,,0,17,,91901,12,,,0,15,,91857,12,,,0,55,,91884,12,,,0,15,,91866,12,,,0,15,,91893,12,,,0,15,,91876,12,,,0,56,,91904,12,,,0,16,,91858,12,,,0,16,,91889,12,,,0,15,,91867,12,,,0,56,,91894,12,,,0,15,,91874,12,,,0,16,,91902,12,,,0,16,,91859,12,,,0,56,,91890,12,,,0,15,,91868,12,,,0,16,,91895,12,,,0,17,,91875,12,,,0,54,,91905,12,,,0,17,,91860,12,,,0,13,,91883,12,,,0,16,,91869,12,,,0,55,,91892,12,,,0,15,,91877,12,,,0,15,,91903,12,,,0,15,,91862,12,,,0,55,,91885,12,,,0,15,,91872,12,,,0,15,,91897,12,,,0,15,,91878,12,,,0,55,,91906,12,,,0,15,,91863,12,,,0,15,,91886,12,,,0,16,,91871,12,,,0,47,,91854,10,0,9 10,0,8,,91896,12,,,0,15,,91879,12,,,0,16,,91855,12,,,0,15,,91907,12,,,0,55,,91853,10,0,9 10,0,3,,91861,12,,,0,14,,91888,12,,,0,16,,91870,12,,,0,55,,91898,12,,,0,9,,91910,10,0,9 10,0,6,,91881,12,,,0,13,,91856,12,,,0,14,,91908,12,,,0,15,,91864,12,,,0,54,,91887,12,,,0,14,,91899,12,,,0,19,,91880,12,,,0,62,,91909,12,,,0,20,,91865,12,,,0,19,,91900,12,,,0,61,,91882,12,,,0
