1600,'S2-0_2',1258,,88008,9,,,0,63,,88009,9,0,54 55,0,397,,88010,9,,,0
1600,'S2-0_4',1258,,88018,9,,,0,63,,88019,9,0,54 55,0,397,,88020,9,,,0
1600,'S2-0_5',1258,,88028,9,,,0,63,,88029,9,0,54 55,0,397,,88030,9,,,0
1600,'S2-1_3',1258,,88038,9,,,0,63,,88039,9,0,54 55,0,397,,88040,9,,,0
1600,'S2-2_6',1258,,88048,9,,,0,63,,88049,9,0,54 55,0,397,,88050,9,,,0
1600,'S2-4_1',1258,,88058,9,,,0,63,,88059,9,0,54 55,0,397,,88060,9,,,0
1600,'S2-4_2',1258,,88068,9,,,0,63,,88069,9,0,54 55,0,397,,88070,9,,,0
1600,'S2-4_4',1258,,88078,9,,,0,63,,88079,9,0,54 55,0,397,,88080,9,,,0
1601,'S2-0_2',1218,,88086,14,,,0
1601,'S2-0_4',1218,,88094,14,,,0
1601,'S2-0_5',1218,,88102,14,,,0
1601,'S2-1_3',1218,,88110,14,,,0
1601,'S2-2_6',1218,,88118,14,,,0
1601,'S2-4_1',1218,,88126,14,,,0
1601,'S2-4_2',1218,,88134,14,,,0
1601,'S2-4_4',1218,,88142,14,,,0
2101,'S2-0_2',756,,88536,8,,,0,158,,88537,5,,,0
2101,'S2-0_4',756,,88539,8,,,0,158,,88540,5,,,0
2101,'S2-0_5',756,,88542,8,,,0,158,,88543,5,,,0
2101,'S2-1_3',756,,88545,8,,,0,158,,88546,5,,,0
2101,'S2-4_1',756,,88548,8,,,0,158,,88549,5,,,0
2101,'S2-4_2',756,,88551,8,,,0,158,,88552,5,,,0
2101,'S2-4_4',756,,88554,8,,,0,158,,88555,5,,,0
