301,'0_6',656,,64459,12,,,0,72,,64460,12,,,0,73,,64461,12,,,0,32,,64462,12,,,0,72,,64463,12,,,0,33,,64464,12,,,0,72,,64465,12,,,0,33,,64466,12,,,0,73,,64467,12,,,0,32,,64468,12,,,0,73,,64469,12,,,0,33,,64434,12,,,0,67,,64435,12,,,0,28,,64436,12,,,0,66,,64437,12,,,0,28,,64438,12,,,0,67,,64439,12,,,0,29,,64440,12,,,0,68,,64458,12,,,0,26,,64441,12,,,0,72,,64442,12,,,0,34,,64443,12,,,0,68,,64444,12,,,0,28,,64445,12,,,0,65,,64446,12,,,0,25,,64447,12,,,0,27,,64448,12,,,0,67,,64470,12,,,0,25,,64449,12,,,0,58,,64450,12,0,67 68,0,30,,64451,12,0,67 68,0,70,,64452,12,0,67 68,0,30,,64453,12,0,67 68,0,70,,64454,12,0,67 68,0,30,,64455,12,0,67 68,0,69,,64456,12,0,67 68,0,30,,64457,12,0,67 68,0
301,'1_7',801,,64492,12,,,0,32,,64487,12,,,0,72,,64493,12,,,0,33,,64488,12,,,0,72,,64494,12,,,0,33,,64489,12,,,0,73,,64495,12,,,0,32,,64490,12,,,0,73,,64496,12,,,0,33,,64471,12,,,0,67,,64472,12,,,0,28,,64473,12,,,0,66,,64474,12,,,0,28,,64475,12,,,0,67,,64476,12,,,0,29,,64477,12,,,0,68,,64497,12,,,0,26,,64478,12,,,0,72,,64479,12,,,0,34,,64480,12,,,0,68,,64481,12,,,0,28,,64482,12,,,0,65,,64483,12,,,0,25,,64484,12,,,0,27,,64485,12,,,0,67,,64491,12,,,0,25,,64486,12,,,0
301,'5_1',656,,74141,12,,,0,72,,74142,12,,,0,73,,74143,12,,,0,32,,74144,12,,,0,72,,74145,12,,,0,33,,74146,12,,,0,72,,74147,12,,,0,33,,74148,12,,,0,73,,74149,12,,,0,32,,74150,12,,,0,73,,74151,12,,,0,33,,74124,12,,,0,67,,74125,12,,,0,28,,74126,12,,,0,66,,74127,12,,,0,28,,74128,12,,,0,67,,74129,12,,,0,29,,74130,12,,,0,68,,74140,12,,,0,26,,74131,12,,,0,72,,74132,12,,,0,34,,74133,12,,,0,68,,74134,12,,,0,28,,74135,12,,,0,65,,74136,12,,,0,25,,74137,12,,,0,27,,74138,12,,,0,67,,74152,12,,,0,25,,74139,12,,,0
301,'5_2',656,,75403,12,,,0,72,,75404,12,,,0,73,,75405,12,,,0,32,,75406,12,,,0,72,,75407,12,,,0,33,,75408,12,,,0,72,,75409,12,,,0,33,,75410,12,,,0,73,,75411,12,,,0,32,,75412,12,,,0,73,,75413,12,,,0,33,,75386,12,,,0,67,,75387,12,,,0,28,,75388,12,,,0,66,,75389,12,,,0,28,,75390,12,,,0,67,,75391,12,,,0,29,,75392,12,,,0,68,,75402,12,,,0,26,,75393,12,,,0,72,,75394,12,,,0,34,,75395,12,,,0,68,,75396,12,,,0,28,,75397,12,,,0,65,,75398,12,,,0,25,,75399,12,,,0,27,,75400,12,,,0,67,,75414,12,,,0,25,,75401,12,,,0
301,'5_3',656,,75432,12,,,0,72,,75433,12,,,0,73,,75434,12,,,0,32,,75435,12,,,0,72,,75436,12,,,0,33,,75437,12,,,0,72,,75438,12,,,0,33,,75439,12,,,0,73,,75440,12,,,0,32,,75441,12,,,0,73,,75442,12,,,0,33,,75415,12,,,0,67,,75416,12,,,0,28,,75417,12,,,0,66,,75418,12,,,0,28,,75419,12,,,0,67,,75420,12,,,0,29,,75421,12,,,0,68,,75431,12,,,0,26,,75422,12,,,0,72,,75423,12,,,0,34,,75424,12,,,0,68,,75425,12,,,0,28,,75426,12,,,0,65,,75427,12,,,0,25,,75428,12,,,0,27,,75429,12,,,0,67,,75443,12,,,0,25,,75430,12,,,0
301,'7_1',656,,80398,12,,,0,72,,80399,12,,,0,73,,80400,12,,,0,32,,80401,12,,,0,72,,80402,12,,,0,33,,80403,12,,,0,72,,80404,12,,,0,33,,80405,12,,,0,73,,80406,12,,,0,32,,80407,12,,,0,73,,80408,12,,,0,33,,80381,12,,,0,67,,80382,12,,,0,28,,80383,12,,,0,66,,80384,12,,,0,28,,80385,12,,,0,67,,80386,12,,,0,29,,80387,12,,,0,68,,80397,12,,,0,26,,80388,12,,,0,72,,80389,12,,,0,34,,80390,12,,,0,68,,80391,12,,,0,28,,80392,12,,,0,65,,80393,12,,,0,25,,80394,12,,,0,27,,80395,12,,,0,67,,80409,12,,,0,25,,80396,12,,,0
301,'7_2',656,,82327,12,,,0,72,,82328,12,,,0,73,,82329,12,,,0,32,,82330,12,,,0,72,,82331,12,,,0,33,,82332,12,,,0,72,,82333,12,,,0,33,,82334,12,,,0,73,,82335,12,,,0,32,,82336,12,,,0,73,,82337,12,,,0,33,,82310,12,,,0,67,,82311,12,,,0,28,,82312,12,,,0,66,,82313,12,,,0,28,,82314,12,,,0,67,,82315,12,,,0,29,,82316,12,,,0,68,,82326,12,,,0,26,,82317,12,,,0,72,,82318,12,,,0,34,,82319,12,,,0,68,,82320,12,,,0,28,,82321,12,,,0,65,,82322,12,,,0,25,,82323,12,,,0,27,,82324,12,,,0,67,,82338,12,,,0,25,,82325,12,,,0
301,'7_3',656,,82356,12,,,0,72,,82357,12,,,0,73,,82358,12,,,0,32,,82359,12,,,0,72,,82360,12,,,0,33,,82361,12,,,0,72,,82362,12,,,0,33,,82363,12,,,0,73,,82364,12,,,0,32,,82365,12,,,0,73,,82366,12,,,0,33,,82339,12,,,0,67,,82340,12,,,0,28,,82341,12,,,0,66,,82342,12,,,0,28,,82343,12,,,0,67,,82344,12,,,0,29,,82345,12,,,0,68,,82355,12,,,0,26,,82346,12,,,0,72,,82347,12,,,0,34,,82348,12,,,0,68,,82349,12,,,0,28,,82350,12,,,0,65,,82351,12,,,0,25,,82352,12,,,0,27,,82353,12,,,0,67,,82367,12,,,0,25,,82354,12,,,0
301,'7_4',656,,79280,12,,,0,72,,79281,12,,,0,73,,79282,12,,,0,32,,79283,12,,,0,72,,79284,12,,,0,33,,79285,12,,,0,72,,79286,12,,,0,33,,79287,12,,,0,73,,79288,12,,,0,32,,79289,12,,,0,73,,79290,12,,,0,33,,79263,12,,,0,67,,79264,12,,,0,28,,79265,12,,,0,66,,79266,12,,,0,28,,79267,12,,,0,67,,79268,12,,,0,29,,79269,12,,,0,68,,79279,12,,,0,26,,79270,12,,,0,72,,79271,12,,,0,34,,79272,12,,,0,68,,79273,12,,,0,28,,79274,12,,,0,65,,79275,12,,,0,25,,79276,12,,,0,27,,79277,12,,,0,67,,79291,12,,,0,25,,79278,12,,,0
301,'7_5',656,,80435,12,,,0,72,,80436,12,,,0,73,,80437,12,,,0,32,,80438,12,,,0,72,,80439,12,,,0,33,,80440,12,,,0,72,,80441,12,,,0,33,,80442,12,,,0,73,,80443,12,,,0,32,,80444,12,,,0,73,,80445,12,,,0,33,,80410,12,,,0,67,,80411,12,,,0,28,,80412,12,,,0,66,,80413,12,,,0,28,,80414,12,,,0,67,,80415,12,,,0,29,,80416,12,,,0,68,,80434,12,,,0,26,,80417,12,,,0,72,,80418,12,,,0,34,,80419,12,,,0,68,,80420,12,,,0,28,,80421,12,,,0,65,,80422,12,,,0,25,,80423,12,,,0,27,,80424,12,,,0,67,,80446,12,,,0,25,,80425,12,,,0,58,,80426,12,0,67 68,0,30,,80427,12,0,67 68,0,70,,80428,12,0,67 68,0,30,,80429,12,0,67 68,0,70,,80430,12,0,67 68,0,30,,80431,12,0,67 68,0,69,,80432,12,0,67 68,0,30,,80433,12,0,67 68,0
