2401,'1_3',718,,98689,3,0,18 19,0
2401,'4_1',718,,98690,3,0,18 19,0
2401,'4_2',718,,98693,3,0,18 19,0
2401,'4_4',718,,98696,3,0,18 19,0
2401,'4_5',718,,98699,3,0,18 19,0
900500,'4_4',2124,,99629,11,,,0,90,,99630,11,,,0,90,,99631,11,,,0,50,,99632,11,,,0,88,,99633,11,,,0,83,,99634,11,,,0,30,,99635,11,,,0,70,,99636,11,,,0
1000000,'1_3',556,,100201,24,0,31 33,0,60,,100202,24,0,31 33,0,21,,100283,24,0,31 33,0,20,,100284,24,,,0,55,,100286,24,,,0,12,,100282,24,,,0,10,,100235,24,,,0,6,,100280,10,,,0,3,,100236,24,,,0,10,,100237,24,,,0,50,,100238,24,,,0,10,,100239,24,,,0,11,,100240,24,,,0,10,,100241,24,,,0,10,,100242,24,,,0,9,,100285,24,,,0,48,,100203,24,0,31 33,0,9,,100204,24,,,0,10,,100205,24,0,31 33,0,10,,100206,24,,,0,11,,100207,24,0,31 33,0,10,,100243,24,,,0,51,,100208,24,0,31 33,0,11,,100209,24,,,0,11,,100210,24,0,31 33,0,11,,100211,24,,,0,11,,100212,24,0,31 33,0,10,,100213,24,,,0,51,,100215,24,0,31 33,0,10,,100214,24,,,0,11,,100245,24,0,31 33,0,12,,100244,24,,,0,11,,100246,24,0,31 33,0,52,,100247,24,,,0,10,,100248,24,0,31 33,0,10,,100249,24,,,0,10,,100250,24,0,31 33,0,11,,100251,24,,,0,10,,100252,24,0,31 33,0,50,,100253,24,,,0,10,,100254,24,0,31 33,0,10,,100255,24,,,0,9,,100256,24,0,31 33,0,10,,100257,24,,,0,10,,100216,24,0,31 33,0,51,,100217,24,,,0,10,,100258,24,0,31 33,0,10,,100218,24,,,0,9,,100219,24,0,31 33,0,11,,100220,24,,,0,10,,100259,24,0,31 33,0,51,,100221,24,,,0,10,,100222,24,0,31 33,0,10,,100223,24,,,0,10,,100224,24,0,31 33,0,11,,100260,24,,,0,12,,100261,24,,,0,50,,100262,24,,,0,10,,100263,24,,,0,10,,100264,24,,,0,10,,100265,24,,,0,10,,100266,24,,,0,11,,100267,24,,,0,51,,100268,24,,,0,10,,100269,24,,,0,11,,100270,24,,,0,10,,100271,24,,,0,9,,100272,24,,,0,8,,100273,24,,,0,49,,100274,24,,,0,9,,100275,24,,,0,9,,100276,24,0,31 33,0,9,,100277,24,,,0,8,,100281,24,0,31 33,0,9,,100225,24,0,31 33,0,49,,100278,24,,,0,10,,100226,24,0,31 33,0,10,,100279,24,,,0,9,,100227,24,0,31 33,0,19,,100228,24,0,31 33,0,60,,100229,24,0,31 33,0,18,,100230,24,0,31 33,0,19,,100231,24,0,31 33,0,60,,100232,24,0,31 33,0,20,,100233,24,0,31 33,0,20,,100234,24,0,31 33,0
1000000,'2_6',551,,100287,24,0,31 33,0,80,,100288,24,0,31 33,0,82,,100289,24,,,0,43,,100290,24,,,0,71,,100291,24,0,31 33,0,15,,100292,24,,,0,16,,100293,24,0,31 33,0,55,,100294,24,0,31 33,0,14,,100295,24,,,0,15,,100296,24,0,31 33,0,16,,100354,24,0,31 33,0,55,,100297,24,,,0,17,,100298,24,0,31 33,0,16,,100299,24,0,31 33,0,54,,100300,24,,,0,17,,100301,24,0,31 33,0,15,,100302,24,0,31 33,0,16,,100303,24,,,0,55,,100304,24,0,31 33,0,15,,100305,24,0,31 33,0,16,,100306,24,,,0,13,,100307,24,0,31 33,0,54,,100308,24,0,31 33,0,15,,100309,24,,,0,14,,100310,24,0,31 33,0,10,,100311,24,0,31 33,0,12,,100312,24,,,0,52,,100313,24,0,31 33,0,10,,100314,24,0,31 33,0,9,,100315,24,0,31 33,0,9,,100316,24,,,0,10,,100317,24,0,31 33,0,11,,100318,24,0,31 33,0,51,,100319,24,0,31 33,0,10,,100320,24,,,0,12,,100321,24,0,31 33,0,9,,100322,24,0,31 33,0,9,,100323,24,0,31 33,0,11,,100324,24,,,0,51,,100325,24,0,31 33,0,10,,100326,24,0,31 33,0,10,,100327,24,0,31 33,0,11,,100328,24,,,0,11,,100329,24,0,31 33,0,9,,100330,24,0,31 33,0,51,,100331,24,0,31 33,0,12,,100332,24,,,0,13,,100333,24,0,31 33,0,9,,100334,24,0,31 33,0,8,,100335,24,0,31 33,0,50,,100336,24,,,0,8,,100337,24,0,31 33,0,9,,100338,24,0,31 33,0,9,,100339,24,0,31 33,0,7,,100341,24,0,31 33,0,10,,100340,24,,,0,9,,100342,24,0,31 33,0,48,,100343,24,0,31 33,0,9,,100345,24,0,31 33,0,10,,100344,24,0,31 33,0,11,,100346,24,0,31 33,0,21,,100347,24,0,31 33,0,56,,100348,24,0,31 33,0,20,,100349,24,0,31 33,0,19,,100350,24,0,31 33,0,59,,100351,24,0,31 33,0,19,,100352,24,0,31 33,0,19,,100353,24,0,31 33,0
1000000,'3_7',825,,100355,24,0,31 33,0,80,,100356,24,0,31 33,0,40,,100357,24,0,31 33,0,80,,100358,24,0,31 33,0,80,,100359,24,0,31 33,0,40,,100360,24,0,31 33,0,80,,100361,24,0,31 33,0,80,,100362,24,0,31 33,0,40,,100363,24,0,31 33,0,80,,100364,24,0,31 33,0,80,,100365,24,0,31 33,0,40,,100366,24,0,31 33,0,80,,100367,24,0,31 33,0,80,,100368,24,0,31 33,0,40,,100369,24,0,31 33,0,80,,100370,24,0,31 33,0,80,,100371,24,0,31 33,0,40,,100372,24,0,31 33,0
1000000,'4_1',556,,100373,24,0,31 33,0,60,,100374,24,0,31 33,0,21,,100455,24,0,31 33,0,20,,100456,24,,,0,55,,100458,24,,,0,12,,100454,24,,,0,10,,100407,24,,,0,6,,100452,10,,,0,3,,100408,24,,,0,10,,100409,24,,,0,50,,100410,24,,,0,10,,100411,24,,,0,11,,100412,24,,,0,10,,100413,24,,,0,10,,100414,24,,,0,9,,100457,24,,,0,48,,100375,24,0,31 33,0,9,,100376,24,,,0,10,,100377,24,0,31 33,0,10,,100378,24,,,0,11,,100379,24,0,31 33,0,10,,100415,24,,,0,51,,100380,24,0,31 33,0,11,,100381,24,,,0,11,,100382,24,0,31 33,0,11,,100383,24,,,0,11,,100384,24,0,31 33,0,10,,100385,24,,,0,51,,100387,24,0,31 33,0,10,,100386,24,,,0,11,,100417,24,0,31 33,0,12,,100416,24,,,0,11,,100418,24,0,31 33,0,52,,100419,24,,,0,10,,100420,24,0,31 33,0,10,,100421,24,,,0,10,,100422,24,0,31 33,0,11,,100423,24,,,0,10,,100424,24,0,31 33,0,50,,100425,24,,,0,10,,100426,24,0,31 33,0,10,,100427,24,,,0,9,,100428,24,0,31 33,0,10,,100429,24,,,0,10,,100388,24,0,31 33,0,51,,100389,24,,,0,10,,100430,24,0,31 33,0,10,,100390,24,,,0,9,,100391,24,0,31 33,0,11,,100392,24,,,0,10,,100431,24,0,31 33,0,51,,100393,24,,,0,10,,100394,24,0,31 33,0,10,,100395,24,,,0,10,,100396,24,0,31 33,0,11,,100432,24,,,0,12,,100433,24,,,0,50,,100434,24,,,0,10,,100435,24,,,0,10,,100436,24,,,0,10,,100437,24,,,0,10,,100438,24,,,0,11,,100439,24,,,0,51,,100440,24,,,0,10,,100441,24,,,0,11,,100442,24,,,0,10,,100443,24,,,0,9,,100444,24,,,0,8,,100445,24,,,0,49,,100446,24,,,0,9,,100447,24,,,0,9,,100448,24,0,31 33,0,9,,100449,24,,,0,8,,100453,24,0,31 33,0,9,,100397,24,0,31 33,0,49,,100450,24,,,0,10,,100398,24,0,31 33,0,10,,100451,24,,,0,9,,100399,24,0,31 33,0,19,,100400,24,0,31 33,0,60,,100401,24,0,31 33,0,18,,100402,24,0,31 33,0,19,,100403,24,0,31 33,0,60,,100404,24,0,31 33,0,20,,100405,24,0,31 33,0,20,,100406,24,0,31 33,0
1000000,'4_2',556,,100459,24,0,31 33,0,60,,100460,24,0,31 33,0,21,,100541,24,0,31 33,0,20,,100542,24,,,0,55,,100544,24,,,0,12,,100540,24,,,0,10,,100493,24,,,0,6,,100538,10,,,0,3,,100494,24,,,0,10,,100495,24,,,0,50,,100496,24,,,0,10,,100497,24,,,0,11,,100498,24,,,0,10,,100499,24,,,0,10,,100500,24,,,0,9,,100543,24,,,0,48,,100461,24,0,31 33,0,9,,100462,24,,,0,10,,100463,24,0,31 33,0,10,,100464,24,,,0,11,,100465,24,0,31 33,0,10,,100501,24,,,0,51,,100466,24,0,31 33,0,11,,100467,24,,,0,11,,100468,24,0,31 33,0,11,,100469,24,,,0,11,,100470,24,0,31 33,0,10,,100471,24,,,0,51,,100473,24,0,31 33,0,10,,100472,24,,,0,11,,100503,24,0,31 33,0,12,,100502,24,,,0,11,,100504,24,0,31 33,0,52,,100505,24,,,0,10,,100506,24,0,31 33,0,10,,100507,24,,,0,10,,100508,24,0,31 33,0,11,,100509,24,,,0,10,,100510,24,0,31 33,0,50,,100511,24,,,0,10,,100512,24,0,31 33,0,10,,100513,24,,,0,9,,100514,24,0,31 33,0,10,,100515,24,,,0,10,,100474,24,0,31 33,0,51,,100475,24,,,0,10,,100516,24,0,31 33,0,10,,100476,24,,,0,9,,100477,24,0,31 33,0,11,,100478,24,,,0,10,,100517,24,0,31 33,0,51,,100479,24,,,0,10,,100480,24,0,31 33,0,10,,100481,24,,,0,10,,100482,24,0,31 33,0,11,,100518,24,,,0,12,,100519,24,,,0,50,,100520,24,,,0,10,,100521,24,,,0,10,,100522,24,,,0,10,,100523,24,,,0,10,,100524,24,,,0,11,,100525,24,,,0,51,,100526,24,,,0,10,,100527,24,,,0,11,,100528,24,,,0,10,,100529,24,,,0,9,,100530,24,,,0,8,,100531,24,,,0,49,,100532,24,,,0,9,,100533,24,,,0,9,,100534,24,0,31 33,0,9,,100535,24,,,0,8,,100539,24,0,31 33,0,9,,100483,24,0,31 33,0,49,,100536,24,,,0,10,,100484,24,0,31 33,0,10,,100537,24,,,0,9,,100485,24,0,31 33,0,19,,100486,24,0,31 33,0,60,,100487,24,0,31 33,0,18,,100488,24,0,31 33,0,19,,100489,24,0,31 33,0,60,,100490,24,0,31 33,0,20,,100491,24,0,31 33,0,20,,100492,24,0,31 33,0
1000000,'4_4',556,,100545,24,0,31 33,0,60,,100546,24,0,31 33,0,21,,100627,24,0,31 33,0,20,,100628,24,,,0,55,,100630,24,,,0,12,,100626,24,,,0,10,,100579,24,,,0,6,,100624,10,,,0,3,,100580,24,,,0,10,,100581,24,,,0,50,,100582,24,,,0,10,,100583,24,,,0,11,,100584,24,,,0,10,,100585,24,,,0,10,,100586,24,,,0,9,,100629,24,,,0,48,,100547,24,0,31 33,0,9,,100548,24,,,0,10,,100549,24,0,31 33,0,10,,100550,24,,,0,11,,100551,24,0,31 33,0,10,,100587,24,,,0,51,,100552,24,0,31 33,0,11,,100553,24,,,0,11,,100554,24,0,31 33,0,11,,100555,24,,,0,11,,100556,24,0,31 33,0,10,,100557,24,,,0,51,,100559,24,0,31 33,0,10,,100558,24,,,0,11,,100589,24,0,31 33,0,12,,100588,24,,,0,11,,100590,24,0,31 33,0,52,,100591,24,,,0,10,,100592,24,0,31 33,0,10,,100593,24,,,0,10,,100594,24,0,31 33,0,11,,100595,24,,,0,10,,100596,24,0,31 33,0,50,,100597,24,,,0,10,,100598,24,0,31 33,0,10,,100599,24,,,0,9,,100600,24,0,31 33,0,10,,100601,24,,,0,10,,100560,24,0,31 33,0,51,,100561,24,,,0,10,,100602,24,0,31 33,0,10,,100562,24,,,0,9,,100563,24,0,31 33,0,11,,100564,24,,,0,10,,100603,24,0,31 33,0,51,,100565,24,,,0,10,,100566,24,0,31 33,0,10,,100567,24,,,0,10,,100568,24,0,31 33,0,11,,100604,24,,,0,12,,100605,24,,,0,50,,100606,24,,,0,10,,100607,24,,,0,10,,100608,24,,,0,10,,100609,24,,,0,10,,100610,24,,,0,11,,100611,24,,,0,51,,100612,24,,,0,10,,100613,24,,,0,11,,100614,24,,,0,10,,100615,24,,,0,9,,100616,24,,,0,8,,100617,24,,,0,49,,100618,24,,,0,9,,100619,24,,,0,9,,100620,24,0,31 33,0,9,,100621,24,,,0,8,,100625,24,0,31 33,0,9,,100569,24,0,31 33,0,49,,100622,24,,,0,10,,100570,24,0,31 33,0,10,,100623,24,,,0,9,,100571,24,0,31 33,0,19,,100572,24,0,31 33,0,60,,100573,24,0,31 33,0,18,,100574,24,0,31 33,0,19,,100575,24,0,31 33,0,60,,100576,24,0,31 33,0,20,,100577,24,0,31 33,0,20,,100578,24,0,31 33,0
1000000,'4_5',556,,100631,24,0,31 33,0,60,,100632,24,0,31 33,0,21,,100713,24,0,31 33,0,20,,100714,24,,,0,55,,100716,24,,,0,12,,100712,24,,,0,10,,100665,24,,,0,6,,100710,10,,,0,3,,100666,24,,,0,10,,100667,24,,,0,50,,100668,24,,,0,10,,100669,24,,,0,11,,100670,24,,,0,10,,100671,24,,,0,10,,100672,24,,,0,9,,100715,24,,,0,48,,100633,24,0,31 33,0,9,,100634,24,,,0,10,,100635,24,0,31 33,0,10,,100636,24,,,0,11,,100637,24,0,31 33,0,10,,100673,24,,,0,51,,100638,24,0,31 33,0,11,,100639,24,,,0,11,,100640,24,0,31 33,0,11,,100641,24,,,0,11,,100642,24,0,31 33,0,10,,100643,24,,,0,51,,100645,24,0,31 33,0,10,,100644,24,,,0,11,,100675,24,0,31 33,0,12,,100674,24,,,0,11,,100676,24,0,31 33,0,52,,100677,24,,,0,10,,100678,24,0,31 33,0,10,,100679,24,,,0,10,,100680,24,0,31 33,0,11,,100681,24,,,0,10,,100682,24,0,31 33,0,50,,100683,24,,,0,10,,100684,24,0,31 33,0,10,,100685,24,,,0,9,,100686,24,0,31 33,0,10,,100687,24,,,0,10,,100646,24,0,31 33,0,51,,100647,24,,,0,10,,100688,24,0,31 33,0,10,,100648,24,,,0,9,,100649,24,0,31 33,0,11,,100650,24,,,0,10,,100689,24,0,31 33,0,51,,100651,24,,,0,10,,100652,24,0,31 33,0,10,,100653,24,,,0,10,,100654,24,0,31 33,0,11,,100690,24,,,0,12,,100691,24,,,0,50,,100692,24,,,0,10,,100693,24,,,0,10,,100694,24,,,0,10,,100695,24,,,0,10,,100696,24,,,0,11,,100697,24,,,0,51,,100698,24,,,0,10,,100699,24,,,0,11,,100700,24,,,0,10,,100701,24,,,0,9,,100702,24,,,0,8,,100703,24,,,0,49,,100704,24,,,0,9,,100705,24,,,0,9,,100706,24,0,31 33,0,9,,100707,24,,,0,8,,100711,24,0,31 33,0,9,,100655,24,0,31 33,0,49,,100708,24,,,0,10,,100656,24,0,31 33,0,10,,100709,24,,,0,9,,100657,24,0,31 33,0,19,,100658,24,0,31 33,0,60,,100659,24,0,31 33,0,18,,100660,24,0,31 33,0,19,,100661,24,0,31 33,0,60,,100662,24,0,31 33,0,20,,100663,24,0,31 33,0,20,,100664,24,0,31 33,0
1000000,'5_7',825,,100717,24,0,31 33,0,80,,100718,24,0,31 33,0,40,,100719,24,0,31 33,0,80,,100720,24,0,31 33,0,80,,100721,24,0,31 33,0,40,,100722,24,0,31 33,0,80,,100723,24,0,31 33,0,80,,100724,24,0,31 33,0,40,,100725,24,0,31 33,0,80,,100726,24,0,31 33,0,80,,100727,24,0,31 33,0,40,,100728,24,0,31 33,0,80,,100729,24,0,31 33,0,80,,100730,24,0,31 33,0,40,,100731,24,0,31 33,0,80,,100732,24,0,31 33,0,80,,100733,24,0,31 33,0,40,,100734,24,0,31 33,0
3000001,'1_3',638,,103162,4,,,0,18,,103121,4,,,0,59,,103122,4,,,0,19,,103123,4,,,0,23,,103124,4,,,0,61,,103125,4,,,0,20,,103126,4,,,0,21,,103127,4,,,0,60,,103128,4,,,0,19,,103129,4,,,0,20,,103130,4,,,0,60,,103131,4,,,0,19,,103132,4,,,0,20,,103133,4,,,0,59,,103134,4,,,0,21,,103135,4,,,0,18,,103136,4,,,0,62,,103137,4,,,0,21,,103138,4,,,0,20,,103139,4,,,0,59,,103140,4,,,0,19,,103141,4,,,0,21,,103142,4,,,0,60,,103143,4,,,0,20,,103144,4,,,0,20,,103145,4,,,0,62,,103146,4,,,0,19,,103147,4,,,0,19,,103148,4,,,0,53,,103163,1,0,11 12,0,7,,103149,4,,,0,13,,103164,1,0,11 12,0,9,,103150,4,,,0,11,,103165,1,0,11 12,0,8,,103151,4,,,0,52,,103166,1,0,11 12,0,9,,103152,4,,,0,11,,103167,1,0,11 12,0,11,,103153,4,,,0,9,,103168,1,0,11 12,0,8,,103154,4,,,0,52,,103169,1,0,11 12,0,7,,103155,4,,,0,22,,103156,4,,,0,20,,103157,4,,,0,63,,103158,4,,,0,26,,103159,4,,,0,69,,103160,4,,,0,33,,103161,4,,,0
3000001,'2_6',631,,103170,4,,,0,80,,103171,4,,,0,44,,103172,4,,,0,77,,103173,4,,,0,20,,103174,4,,,0,60,,103175,4,,,0,20,,103176,4,,,0,20,,103177,4,,,0,60,,103178,4,,,0,20,,103179,4,,,0,20,,103180,4,,,0,60,,103181,4,,,0,20,,103182,4,,,0,20,,103183,4,,,0,59,,103184,4,,,0,20,,103185,4,,,0,20,,103186,4,,,0,60,,103187,4,,,0,20,,103188,4,,,0,20,,103189,4,,,0,60,,103190,4,,,0,20,,103191,4,,,0,21,,103192,4,,,0,60,,103193,4,,,0,20,,103194,4,,,0,20,,103195,4,,,0,60,,103196,4,,,0,20,,103197,4,,,0,20,,103198,4,,,0,60,,103199,4,,,0,20,,103200,4,,,0,19,,103201,4,,,0,60,,103202,4,,,0,20,,103203,4,,,0,20,,103204,4,,,0,71,,103206,4,,,0,29,,103207,4,,,0,70,,103205,4,,,0,30,,103208,4,,,0
3000001,'3_7',839,,103209,4,,,0,170,,103217,4,,,0,130,,103216,4,,,0,170,,103215,4,,,0,130,,103212,4,,,0,170,,103213,4,,,0,130,,103214,4,,,0,170,,103211,4,,,0,130,,103210,4,,,0
3000001,'4_1',638,,103259,4,,,0,18,,103218,4,,,0,59,,103219,4,,,0,19,,103220,4,,,0,23,,103221,4,,,0,61,,103222,4,,,0,20,,103223,4,,,0,21,,103224,4,,,0,60,,103225,4,,,0,19,,103226,4,,,0,20,,103227,4,,,0,60,,103228,4,,,0,19,,103229,4,,,0,20,,103230,4,,,0,59,,103231,4,,,0,21,,103232,4,,,0,18,,103233,4,,,0,62,,103234,4,,,0,21,,103235,4,,,0,20,,103236,4,,,0,59,,103237,4,,,0,19,,103238,4,,,0,21,,103239,4,,,0,60,,103240,4,,,0,20,,103241,4,,,0,20,,103242,4,,,0,62,,103243,4,,,0,19,,103244,4,,,0,19,,103245,4,,,0,53,,103260,1,0,11 12,0,7,,103246,4,,,0,13,,103261,1,0,11 12,0,9,,103247,4,,,0,11,,103262,1,0,11 12,0,8,,103248,4,,,0,52,,103263,1,0,11 12,0,9,,103249,4,,,0,11,,103264,1,0,11 12,0,11,,103250,4,,,0,9,,103265,1,0,11 12,0,8,,103251,4,,,0,52,,103266,1,0,11 12,0,7,,103252,4,,,0,22,,103253,4,,,0,20,,103254,4,,,0,63,,103255,4,,,0,26,,103256,4,,,0,69,,103257,4,,,0,33,,103258,4,,,0
3000001,'4_2',638,,103308,4,,,0,18,,103267,4,,,0,59,,103268,4,,,0,19,,103269,4,,,0,23,,103270,4,,,0,61,,103271,4,,,0,20,,103272,4,,,0,21,,103273,4,,,0,60,,103274,4,,,0,19,,103275,4,,,0,20,,103276,4,,,0,60,,103277,4,,,0,19,,103278,4,,,0,20,,103279,4,,,0,59,,103280,4,,,0,21,,103281,4,,,0,18,,103282,4,,,0,62,,103283,4,,,0,21,,103284,4,,,0,20,,103285,4,,,0,59,,103286,4,,,0,19,,103287,4,,,0,21,,103288,4,,,0,60,,103289,4,,,0,20,,103290,4,,,0,20,,103291,4,,,0,62,,103292,4,,,0,19,,103293,4,,,0,19,,103294,4,,,0,53,,103309,1,0,11 12,0,7,,103295,4,,,0,13,,103310,1,0,11 12,0,9,,103296,4,,,0,11,,103311,1,0,11 12,0,8,,103297,4,,,0,52,,103312,1,0,11 12,0,9,,103298,4,,,0,11,,103313,1,0,11 12,0,11,,103299,4,,,0,9,,103314,1,0,11 12,0,8,,103300,4,,,0,52,,103315,1,0,11 12,0,7,,103301,4,,,0,22,,103302,4,,,0,20,,103303,4,,,0,63,,103304,4,,,0,26,,103305,4,,,0,69,,103306,4,,,0,33,,103307,4,,,0
3000001,'4_4',638,,103357,4,,,0,18,,103316,4,,,0,59,,103317,4,,,0,19,,103318,4,,,0,23,,103319,4,,,0,61,,103320,4,,,0,20,,103321,4,,,0,21,,103322,4,,,0,60,,103323,4,,,0,19,,103324,4,,,0,20,,103325,4,,,0,60,,103326,4,,,0,19,,103327,4,,,0,20,,103328,4,,,0,59,,103329,4,,,0,21,,103330,4,,,0,18,,103331,4,,,0,62,,103332,4,,,0,21,,103333,4,,,0,20,,103334,4,,,0,59,,103335,4,,,0,19,,103336,4,,,0,21,,103337,4,,,0,60,,103338,4,,,0,20,,103339,4,,,0,20,,103340,4,,,0,62,,103341,4,,,0,19,,103342,4,,,0,19,,103343,4,,,0,53,,103358,1,0,11 12,0,7,,103344,4,,,0,13,,103359,1,0,11 12,0,9,,103345,4,,,0,11,,103360,1,0,11 12,0,8,,103346,4,,,0,52,,103361,1,0,11 12,0,9,,103347,4,,,0,11,,103362,1,0,11 12,0,11,,103348,4,,,0,9,,103363,1,0,11 12,0,8,,103349,4,,,0,52,,103364,1,0,11 12,0,7,,103350,4,,,0,22,,103351,4,,,0,20,,103352,4,,,0,63,,103353,4,,,0,26,,103354,4,,,0,69,,103355,4,,,0,33,,103356,4,,,0
3000001,'4_5',638,,103406,4,,,0,18,,103365,4,,,0,59,,103366,4,,,0,19,,103367,4,,,0,23,,103368,4,,,0,61,,103369,4,,,0,20,,103370,4,,,0,21,,103371,4,,,0,60,,103372,4,,,0,19,,103373,4,,,0,20,,103374,4,,,0,60,,103375,4,,,0,19,,103376,4,,,0,20,,103377,4,,,0,59,,103378,4,,,0,21,,103379,4,,,0,18,,103380,4,,,0,62,,103381,4,,,0,21,,103382,4,,,0,20,,103383,4,,,0,59,,103384,4,,,0,19,,103385,4,,,0,21,,103386,4,,,0,60,,103387,4,,,0,20,,103388,4,,,0,20,,103389,4,,,0,62,,103390,4,,,0,19,,103391,4,,,0,19,,103392,4,,,0,53,,103407,1,0,11 12,0,7,,103393,4,,,0,13,,103408,1,0,11 12,0,9,,103394,4,,,0,11,,103409,1,0,11 12,0,8,,103395,4,,,0,52,,103410,1,0,11 12,0,9,,103396,4,,,0,11,,103411,1,0,11 12,0,11,,103397,4,,,0,9,,103412,1,0,11 12,0,8,,103398,4,,,0,52,,103413,1,0,11 12,0,7,,103399,4,,,0,22,,103400,4,,,0,20,,103401,4,,,0,63,,103402,4,,,0,26,,103403,4,,,0,69,,103404,4,,,0,33,,103405,4,,,0
3000001,'5_7',839,,103414,4,,,0,170,,103422,4,,,0,130,,103421,4,,,0,170,,103420,4,,,0,130,,103417,4,,,0,170,,103418,4,,,0,130,,103419,4,,,0,170,,103416,4,,,0,130,,103415,4,,,0
