401,'S2-0_2',707,,86172,21,0,52,0,11,,86142,23,0,41,0,14,,86159,25,0,41,0,16,,86143,23,0,41,0,57,,86166,25,,,0,24,,86144,23,0,41,0,11,,86145,23,0,41,0,79,,86146,23,0,41,0,33,,86147,23,0,41,0,73,,86148,23,0,41,0,75,,86168,23,,,0,30,,86149,23,0,41,0,28,,86150,23,0,41,0,62,,86167,25,,,0,29,,86163,26,0,41,0,72,,86169,23,,,0,33,,86141,26,0,41,0,77,,86151,23,0,41,0,27,,86170,23,,,0,72,,86152,23,0,41,0,25,,86153,23,0,41,0,58,,86154,25,0,41,0,13,,86164,26,0,41,0,20,,86160,23,0,41,0,55,,86155,23,0,41,0,14,,86161,25,0,41,0,12,,86165,26,,,0,32,,86156,23,0,41,0,65,,86162,25,0,41,0,78,,86157,23,0,41,0,20,,86171,23,,,0
401,'S2-0_4',707,,86204,21,0,52,0,11,,86174,23,0,41,0,14,,86191,25,0,41,0,16,,86175,23,0,41,0,57,,86198,25,,,0,24,,86176,23,0,41,0,11,,86177,23,0,41,0,79,,86178,23,0,41,0,33,,86179,23,0,41,0,73,,86180,23,0,41,0,75,,86200,23,,,0,30,,86181,23,0,41,0,28,,86182,23,0,41,0,62,,86199,25,,,0,29,,86195,26,0,41,0,72,,86201,23,,,0,33,,86173,26,0,41,0,77,,86183,23,0,41,0,27,,86202,23,,,0,72,,86184,23,0,41,0,25,,86185,23,0,41,0,58,,86186,25,0,41,0,13,,86196,26,0,41,0,20,,86192,23,0,41,0,55,,86187,23,0,41,0,14,,86193,25,0,41,0,12,,86197,26,,,0,32,,86188,23,0,41,0,65,,86194,25,0,41,0,78,,86189,23,0,41,0,20,,86203,23,,,0
401,'S2-0_5',707,,86236,21,0,52,0,11,,86206,23,0,41,0,14,,86223,25,0,41,0,16,,86207,23,0,41,0,57,,86230,25,,,0,24,,86208,23,0,41,0,11,,86209,23,0,41,0,79,,86210,23,0,41,0,33,,86211,23,0,41,0,73,,86212,23,0,41,0,75,,86232,23,,,0,30,,86213,23,0,41,0,28,,86214,23,0,41,0,62,,86231,25,,,0,29,,86227,26,0,41,0,72,,86233,23,,,0,33,,86205,26,0,41,0,77,,86215,23,0,41,0,27,,86234,23,,,0,72,,86216,23,0,41,0,25,,86217,23,0,41,0,58,,86218,25,0,41,0,13,,86228,26,0,41,0,20,,86224,23,0,41,0,55,,86219,23,0,41,0,14,,86225,25,0,41,0,12,,86229,26,,,0,32,,86220,23,0,41,0,65,,86226,25,0,41,0,78,,86221,23,0,41,0,20,,86235,23,,,0
401,'S2-1_3',707,,86268,21,0,52,0,11,,86238,23,0,41,0,14,,86255,25,0,41,0,16,,86239,23,0,41,0,57,,86262,25,,,0,24,,86240,23,0,41,0,11,,86241,23,0,41,0,79,,86242,23,0,41,0,33,,86243,23,0,41,0,73,,86244,23,0,41,0,75,,86264,23,,,0,30,,86245,23,0,41,0,28,,86246,23,0,41,0,62,,86263,25,,,0,29,,86259,26,0,41,0,72,,86265,23,,,0,33,,86237,26,0,41,0,77,,86247,23,0,41,0,27,,86266,23,,,0,72,,86248,23,0,41,0,25,,86249,23,0,41,0,58,,86250,25,0,41,0,13,,86260,26,0,41,0,20,,86256,23,0,41,0,55,,86251,23,0,41,0,14,,86257,25,0,41,0,12,,86261,26,,,0,32,,86252,23,0,41,0,65,,86258,25,0,41,0,78,,86253,23,0,41,0,20,,86267,23,,,0
401,'S2-2_6',706,,86269,23,,,0,116,,86276,23,0,41,0,33,,86270,23,,,0,69,,86277,23,0,41,0,32,,86278,23,0,41,0,67,,86279,23,0,41,0,32,,86271,23,,,0,69,,86280,23,0,41,0,32,,86281,23,0,41,0,70,,86282,23,0,41,0,30,,86272,23,,,0,69,,86283,23,0,41,0,29,,86284,23,0,41,0,71,,86285,23,0,41,0,31,,86273,23,,,0,68,,86286,23,0,41,0,32,,86287,23,0,41,0,73,,86288,23,0,41,0,71,,86274,23,,,0,32,,86289,23,0,41,0,72,,86290,23,0,41,0,32,,86291,23,0,41,0,71,,86292,23,0,41,0,30,,86275,23,,,0
401,'S2-3_7',942,,86293,23,,,0,165,,86294,23,,,0,125,,86295,23,,,0,201,,86296,23,,,0,125,,86297,23,,,0,165,,86298,23,,,0,125,,86299,23,,,0
401,'S2-4_1',707,,86331,21,0,52,0,11,,86301,23,0,41,0,14,,86318,25,0,41,0,16,,86302,23,0,41,0,57,,86325,25,,,0,24,,86303,23,0,41,0,11,,86304,23,0,41,0,79,,86305,23,0,41,0,33,,86306,23,0,41,0,73,,86307,23,0,41,0,75,,86327,23,,,0,30,,86308,23,0,41,0,28,,86309,23,0,41,0,62,,86326,25,,,0,29,,86322,26,0,41,0,72,,86328,23,,,0,33,,86300,26,0,41,0,77,,86310,23,0,41,0,27,,86329,23,,,0,72,,86311,23,0,41,0,25,,86312,23,0,41,0,58,,86313,25,0,41,0,13,,86323,26,0,41,0,20,,86319,23,0,41,0,55,,86314,23,0,41,0,14,,86320,25,0,41,0,12,,86324,26,,,0,32,,86315,23,0,41,0,65,,86321,25,0,41,0,78,,86316,23,0,41,0,20,,86330,23,,,0
401,'S2-4_2',707,,86363,21,0,52,0,11,,86333,23,0,41,0,14,,86350,25,0,41,0,16,,86334,23,0,41,0,57,,86357,25,,,0,24,,86335,23,0,41,0,11,,86336,23,0,41,0,79,,86337,23,0,41,0,33,,86338,23,0,41,0,73,,86339,23,0,41,0,75,,86359,23,,,0,30,,86340,23,0,41,0,28,,86341,23,0,41,0,62,,86358,25,,,0,29,,86354,26,0,41,0,72,,86360,23,,,0,33,,86332,26,0,41,0,77,,86342,23,0,41,0,27,,86361,23,,,0,72,,86343,23,0,41,0,25,,86344,23,0,41,0,58,,86345,25,0,41,0,13,,86355,26,0,41,0,20,,86351,23,0,41,0,55,,86346,23,0,41,0,14,,86352,25,0,41,0,12,,86356,26,,,0,32,,86347,23,0,41,0,65,,86353,25,0,41,0,78,,86348,23,0,41,0,20,,86362,23,,,0
401,'S2-4_4',707,,86395,21,0,52,0,11,,86365,23,0,41,0,14,,86382,25,0,41,0,16,,86366,23,0,41,0,57,,86389,25,,,0,24,,86367,23,0,41,0,11,,86368,23,0,41,0,79,,86369,23,0,41,0,33,,86370,23,0,41,0,73,,86371,23,0,41,0,75,,86391,23,,,0,30,,86372,23,0,41,0,28,,86373,23,0,41,0,62,,86390,25,,,0,29,,86386,26,0,41,0,72,,86392,23,,,0,33,,86364,26,0,41,0,77,,86374,23,0,41,0,27,,86393,23,,,0,72,,86375,23,0,41,0,25,,86376,23,0,41,0,58,,86377,25,0,41,0,13,,86387,26,0,41,0,20,,86383,23,0,41,0,55,,86378,23,0,41,0,14,,86384,25,0,41,0,12,,86388,26,,,0,32,,86379,23,0,41,0,65,,86385,25,0,41,0,78,,86380,23,0,41,0,20,,86394,23,,,0
2301,'S2-0_2',707,,88672,16,,,0,22,,88671,16,,,0,1,,88670,26,,,0
2301,'S2-0_4',707,,88675,16,,,0,22,,88674,16,,,0,1,,88673,26,,,0
2301,'S2-0_5',707,,88678,16,,,0,22,,88677,16,,,0,1,,88676,26,,,0
2301,'S2-1_3',707,,88681,16,,,0,22,,88680,16,,,0,1,,88679,26,,,0
2301,'S2-4_1',707,,88684,16,,,0,22,,88683,16,,,0,1,,88682,26,,,0
2301,'S2-4_2',707,,88687,16,,,0,22,,88686,16,,,0,1,,88685,26,,,0
2301,'S2-4_4',707,,88690,16,,,0,22,,88689,16,,,0,1,,88688,26,,,0
