501,'0_6',727,,65511,9,,,0,98,,65512,9,,,0,98,,65513,9,,,0,101,,65514,9,,,0,99,,65515,9,,,0,99,,65516,9,,,0,80,,65517,9,,,0,38,,65518,9,,,0,96,,65519,9,,,0,103,,65520,9,,,0,99,,65521,9,,,0,72,,65522,9,,,0,30,,65523,9,,,0,99,,65524,9,,,0,98,,65525,9,,,0
501,'1_7',1113,,65526,9,,,0,191,,65527,9,,,0,151,,65528,9,,,0,184,,65529,9,,,0,191,,65530,9,,,0
501,'7_1',727,,80581,9,,,0,98,,80582,9,,,0,98,,80583,9,,,0,101,,80584,9,,,0,99,,80585,9,,,0,99,,80586,9,,,0,80,,80587,9,,,0,38,,80588,9,,,0,96,,80589,9,,,0,103,,80590,9,,,0,99,,80591,9,,,0,72,,80592,9,,,0,30,,80593,9,,,0,99,,80594,9,,,0,98,,80595,9,,,0
501,'7_2',727,,82502,9,,,0,98,,82503,9,,,0,98,,82504,9,,,0,101,,82505,9,,,0,99,,82506,9,,,0,99,,82507,9,,,0,80,,82508,9,,,0,38,,82509,9,,,0,96,,82510,9,,,0,103,,82511,9,,,0,99,,82512,9,,,0,72,,82513,9,,,0,30,,82514,9,,,0,99,,82515,9,,,0,98,,82516,9,,,0
501,'7_3',727,,82517,9,,,0,98,,82518,9,,,0,98,,82519,9,,,0,101,,82520,9,,,0,99,,82521,9,,,0,99,,82522,9,,,0,80,,82523,9,,,0,38,,82524,9,,,0,96,,82525,9,,,0,103,,82526,9,,,0,99,,82527,9,,,0,72,,82528,9,,,0,30,,82529,9,,,0,99,,82530,9,,,0,98,,82531,9,,,0
501,'7_4',727,,79359,9,,,0,98,,79360,9,,,0,98,,79361,9,,,0,101,,79362,9,,,0,99,,79363,9,,,0,99,,79364,9,,,0,80,,79365,9,,,0,38,,79366,9,,,0,96,,79367,9,,,0,103,,79368,9,,,0,99,,79369,9,,,0,72,,79370,9,,,0,30,,79371,9,,,0,99,,79372,9,,,0,98,,79373,9,,,0
501,'7_5',727,,80596,9,,,0,98,,80597,9,,,0,98,,80598,9,,,0,101,,80599,9,,,0,99,,80600,9,,,0,99,,80601,9,,,0,80,,80602,9,,,0,38,,80603,9,,,0,96,,80604,9,,,0,103,,80605,9,,,0,99,,80606,9,,,0,72,,80607,9,,,0,30,,80608,9,,,0,99,,80609,9,,,0,98,,80610,9,,,0
501,'8_7',1113,,84037,9,,,0,191,,84038,9,,,0,151,,84039,9,,,0,184,,84040,9,,,0,191,,84041,9,,,0
1000001,'0_6',548,,69463,14,,,0,79,,69464,14,,,0,82,,69465,14,,,0,44,,69466,20,,,0,55,,69472,14,,,0,15,,69473,14,,,0,14,,69474,20,,,0,15,,69475,14,,,0,55,,69476,14,,,0,16,,69477,20,,,0,15,,69478,14,,,0,15,,69479,14,,,0,55,,69480,20,,,0,16,,69481,14,,,0,16,,69482,14,,,0,16,,69483,20,,,0,55,,69484,14,,,0,16,,69485,20,,,0,16,,69486,14,,,0,16,,69487,14,,,0,56,,69488,20,,,0,14,,69489,14,,,0,15,,69490,14,,,0,15,,69491,20,,,0,55,,69492,14,,,0,16,,69493,14,,,0,15,,69494,20,,,0,56,,69495,14,,,0,15,,69496,20,,,0,16,,69497,14,,,0,16,,69498,14,,,0,56,,69499,20,,,0,16,,69500,14,,,0,16,,69501,14,,,0,16,,69502,20,,,0,56,,69503,14,,,0,16,,69504,14,,,0,16,,69505,20,,,0,16,,69506,14,,,0,56,,69507,20,,,0,16,,69508,14,,,0,16,,69509,14,,,0,56,,69510,20,,,0,16,,69512,14,,,0,15,,69514,14,,,0,15,,69513,20,,,0,55,,69511,14,,,0,16,,69471,20,,,0,20,,69470,14,,,0,20,,69468,14,,,0,61,,69461,14,,,0,18,,69459,14,,,0,19,,69462,14,,,0,60,,69469,14,,,0,20,,69467,14,,,0,20,,69460,14,,,0
1000001,'1_7',817,,69515,14,,,0,40,,69516,14,,,0,80,,69517,14,,,0,80,,69518,14,,,0,40,,69519,14,,,0,80,,69520,14,,,0,80,,69521,14,,,0,40,,69522,14,,,0,80,,69523,14,,,0,80,,69524,14,,,0,40,,69525,14,,,0,80,,69526,14,,,0,80,,69527,14,,,0,40,,69528,14,,,0,80,,69529,14,,,0,80,,69530,14,,,0,40,,69531,14,,,0,80,,69532,14,,,0
1000001,'7_1',551,,81334,14,,,0,57,,81349,14,,,0,15,,81348,14,,,0,15,,81347,14,,,0,14,,81346,14,,,0,55,,81345,14,,,0,15,,81337,14,,,0,15,,81335,20,,,0,14,,81338,20,,,0,55,,81339,20,,,0,15,,81340,20,,,0,15,,81341,20,,,0,16,,81342,20,,,0,54,,81343,20,,,0,15,,81344,20,,,0,15,,81350,14,,,0,15,,81369,20,,,0,56,,81351,14,,,0,16,,81370,20,,,0,15,,81352,14,,,0,16,,81371,20,,,0,56,,81353,14,,,0,16,,81372,20,,,0,16,,81354,14,,,0,16,,81373,20,,,0,56,,81355,14,,,0,14,,81374,20,,,0,16,,81356,14,,,0,15,,81375,20,,,0,56,,81357,14,,,0,16,,81376,20,,,0,16,,81358,14,,,0,55,,81377,20,,,0,16,,81359,14,,,0,16,,81378,20,,,0,16,,81360,14,,,0,55,,81379,20,,,0,14,,81361,14,,,0,14,,81380,20,,,0,14,,81362,14,,,0,54,,81381,20,,,0,14,,81363,14,,,0,15,,81382,20,,,0,14,,81364,20,,,0,14,,81383,20,,,0,55,,81365,20,,,0,15,,81384,20,,,0,15,,81366,20,,,0,15,,81385,20,,,0,55,,81367,20,,,0,14,,81386,20,,,0,14,,81368,20,,,0,14,,81336,20,,,0,58,,81387,20,,,0,19,,81392,14,,,0,20,,81388,20,,,0,61,,81393,14,,,0,19,,81389,14,,,0,18,,81394,14,,,0,60,,81390,14,,,0,20,,81395,14,,,0,20,,81391,14,,,0
1000001,'7_2',551,,83254,14,,,0,57,,83269,14,,,0,15,,83268,14,,,0,15,,83267,14,,,0,14,,83266,14,,,0,55,,83265,14,,,0,15,,83257,14,,,0,15,,83255,20,,,0,14,,83258,20,,,0,55,,83259,20,,,0,15,,83260,20,,,0,15,,83261,20,,,0,16,,83262,20,,,0,54,,83263,20,,,0,15,,83264,20,,,0,15,,83270,14,,,0,15,,83289,20,,,0,56,,83271,14,,,0,16,,83290,20,,,0,15,,83272,14,,,0,16,,83291,20,,,0,56,,83273,14,,,0,16,,83292,20,,,0,16,,83274,14,,,0,16,,83293,20,,,0,56,,83275,14,,,0,14,,83294,20,,,0,16,,83276,14,,,0,15,,83295,20,,,0,56,,83277,14,,,0,16,,83296,20,,,0,16,,83278,14,,,0,55,,83297,20,,,0,16,,83279,14,,,0,16,,83298,20,,,0,16,,83280,14,,,0,55,,83299,20,,,0,14,,83281,14,,,0,14,,83300,20,,,0,14,,83282,14,,,0,54,,83301,20,,,0,14,,83283,14,,,0,15,,83302,20,,,0,14,,83284,20,,,0,14,,83303,20,,,0,55,,83285,20,,,0,15,,83304,20,,,0,15,,83286,20,,,0,15,,83305,20,,,0,55,,83287,20,,,0,14,,83306,20,,,0,14,,83288,20,,,0,14,,83256,20,,,0,58,,83307,20,,,0,19,,83312,14,,,0,20,,83308,20,,,0,61,,83313,14,,,0,19,,83309,14,,,0,18,,83314,14,,,0,60,,83310,14,,,0,20,,83315,14,,,0,20,,83311,14,,,0
1000001,'7_3',551,,83316,14,,,0,57,,83331,14,,,0,15,,83330,14,,,0,15,,83329,14,,,0,14,,83328,14,,,0,55,,83327,14,,,0,15,,83319,14,,,0,15,,83317,20,,,0,14,,83320,20,,,0,55,,83321,20,,,0,15,,83322,20,,,0,15,,83323,20,,,0,16,,83324,20,,,0,54,,83325,20,,,0,15,,83326,20,,,0,15,,83332,14,,,0,15,,83351,20,,,0,56,,83333,14,,,0,16,,83352,20,,,0,15,,83334,14,,,0,16,,83353,20,,,0,56,,83335,14,,,0,16,,83354,20,,,0,16,,83336,14,,,0,16,,83355,20,,,0,56,,83337,14,,,0,14,,83356,20,,,0,16,,83338,14,,,0,15,,83357,20,,,0,56,,83339,14,,,0,16,,83358,20,,,0,16,,83340,14,,,0,55,,83359,20,,,0,16,,83341,14,,,0,16,,83360,20,,,0,16,,83342,14,,,0,55,,83361,20,,,0,14,,83343,14,,,0,14,,83362,20,,,0,14,,83344,14,,,0,54,,83363,20,,,0,14,,83345,14,,,0,15,,83364,20,,,0,14,,83346,20,,,0,14,,83365,20,,,0,55,,83347,20,,,0,15,,83366,20,,,0,15,,83348,20,,,0,15,,83367,20,,,0,55,,83349,20,,,0,14,,83368,20,,,0,14,,83350,20,,,0,14,,83318,20,,,0,58,,83369,20,,,0,19,,83374,14,,,0,20,,83370,20,,,0,61,,83375,14,,,0,19,,83371,14,,,0,18,,83376,14,,,0,60,,83372,14,,,0,20,,83377,14,,,0,20,,83373,14,,,0
1000001,'7_4',551,,79735,14,,,0,57,,79750,14,,,0,15,,79749,14,,,0,15,,79748,14,,,0,14,,79747,14,,,0,55,,79746,14,,,0,15,,79738,14,,,0,15,,79736,20,,,0,14,,79739,20,,,0,55,,79740,20,,,0,15,,79741,20,,,0,15,,79742,20,,,0,16,,79743,20,,,0,54,,79744,20,,,0,15,,79745,20,,,0,15,,79751,14,,,0,15,,79770,20,,,0,56,,79752,14,,,0,16,,79771,20,,,0,15,,79753,14,,,0,16,,79772,20,,,0,56,,79754,14,,,0,16,,79773,20,,,0,16,,79755,14,,,0,16,,79774,20,,,0,56,,79756,14,,,0,14,,79775,20,,,0,16,,79757,14,,,0,15,,79776,20,,,0,56,,79758,14,,,0,16,,79777,20,,,0,16,,79759,14,,,0,55,,79778,20,,,0,16,,79760,14,,,0,16,,79779,20,,,0,16,,79761,14,,,0,55,,79780,20,,,0,14,,79762,14,,,0,14,,79781,20,,,0,14,,79763,14,,,0,54,,79782,20,,,0,14,,79764,14,,,0,15,,79783,20,,,0,14,,79765,20,,,0,14,,79784,20,,,0,55,,79766,20,,,0,15,,79785,20,,,0,15,,79767,20,,,0,15,,79786,20,,,0,55,,79768,20,,,0,14,,79787,20,,,0,14,,79769,20,,,0,14,,79737,20,,,0,58,,79788,20,,,0,19,,79793,14,,,0,20,,79789,20,,,0,61,,79794,14,,,0,19,,79790,14,,,0,18,,79795,14,,,0,60,,79791,14,,,0,20,,79796,14,,,0,20,,79792,14,,,0
1000001,'7_5',551,,81396,14,,,0,57,,81411,14,,,0,15,,81410,14,,,0,15,,81409,14,,,0,14,,81408,14,,,0,55,,81407,14,,,0,15,,81399,14,,,0,15,,81397,20,,,0,14,,81400,20,,,0,55,,81401,20,,,0,15,,81402,20,,,0,15,,81403,20,,,0,16,,81404,20,,,0,54,,81405,20,,,0,15,,81406,20,,,0,15,,81412,14,,,0,15,,81431,20,,,0,56,,81413,14,,,0,16,,81432,20,,,0,15,,81414,14,,,0,16,,81433,20,,,0,56,,81415,14,,,0,16,,81434,20,,,0,16,,81416,14,,,0,16,,81435,20,,,0,56,,81417,14,,,0,14,,81436,20,,,0,16,,81418,14,,,0,15,,81437,20,,,0,56,,81419,14,,,0,16,,81438,20,,,0,16,,81420,14,,,0,55,,81439,20,,,0,16,,81421,14,,,0,16,,81440,20,,,0,16,,81422,14,,,0,55,,81441,20,,,0,14,,81423,14,,,0,14,,81442,20,,,0,14,,81424,14,,,0,54,,81443,20,,,0,14,,81425,14,,,0,15,,81444,20,,,0,14,,81426,20,,,0,14,,81445,20,,,0,55,,81427,20,,,0,15,,81446,20,,,0,15,,81428,20,,,0,15,,81447,20,,,0,55,,81429,20,,,0,14,,81448,20,,,0,14,,81430,20,,,0,14,,81398,20,,,0,58,,81449,20,,,0,19,,81454,14,,,0,20,,81450,20,,,0,61,,81455,14,,,0,19,,81451,14,,,0,18,,81456,14,,,0,60,,81452,14,,,0,20,,81457,14,,,0,20,,81453,14,,,0
1000001,'8_7',817,,84095,14,,,0,40,,84096,14,,,0,80,,84097,14,,,0,80,,84098,14,,,0,40,,84099,14,,,0,80,,84100,14,,,0,80,,84101,14,,,0,40,,84102,14,,,0,80,,84103,14,,,0,80,,84104,14,,,0,40,,84105,14,,,0,80,,84106,14,,,0,80,,84107,14,,,0,40,,84108,14,,,0,80,,84109,14,,,0,80,,84110,14,,,0,40,,84111,14,,,0,80,,84112,14,,,0
3000001,'0_6',655,,71656,22,,,0,82,,71657,22,,,0,84,,71658,22,,,0,38,,71659,22,,,0,62,,71660,22,,,0,19,,71661,22,,,0,61,,71662,22,,,0,20,,71663,22,,,0,20,,71664,22,,,0,60,,71665,22,,,0,20,,71666,22,,,0,19,,71667,22,,,0,61,,71668,22,,,0,20,,71669,22,,,0,19,,71670,22,,,0,19,,71671,22,,,0,60,,71672,22,,,0,21,,71673,22,,,0,60,,71674,22,,,0,21,,71675,22,,,0,20,,71676,22,,,0,60,,71677,22,,,0,21,,71678,22,,,0,20,,71679,22,,,0,60,,71680,22,,,0,20,,71681,22,,,0,20,,71682,22,,,0,61,,71683,22,,,0,20,,71684,22,,,0,20,,71685,22,,,0,59,,71686,22,,,0,19,,71687,22,,,0,19,,71688,22,,,0,60,,71689,22,,,0,18,,71690,22,,,0,31,,71692,22,,,0,67,,71693,22,,,0,30,,71691,22,,,0,68,,71694,22,,,0
3000001,'1_7',902,,71695,22,,,0,130,,71697,22,,,0,170,,71698,22,,,0,130,,71699,22,,,0,170,,71700,22,,,0,130,,71701,22,,,0,170,,71702,22,,,0,130,,71703,22,,,0,170,,71696,22,,,0
3000001,'7_1',705,,81789,22,,,0,21,,81748,22,,,0,20,,81749,22,,,0,60,,81750,22,,,0,20,,81751,22,,,0,20,,81752,22,,,0,60,,81753,22,,,0,21,,81754,22,,,0,20,,81755,22,,,0,60,,81756,22,,,0,20,,81757,22,,,0,20,,81758,22,,,0,60,,81759,22,,,0,19,,81760,22,,,0,20,,81761,22,,,0,60,,81762,22,,,0,19,,81763,22,,,0,19,,81764,22,,,0,60,,81765,22,,,0,20,,81766,22,,,0,21,,81767,22,,,0,60,,81768,22,,,0,21,,81769,22,,,0,20,,81770,22,,,0,59,,81771,22,,,0,21,,81772,22,,,0,20,,81773,22,,,0,60,,81774,22,,,0,20,,81775,22,,,0,20,,81776,22,,,0,61,,81777,22,,,0,20,,81778,22,,,0,20,,81779,22,,,0,60,,81780,22,,,0,19,,81781,22,,,0,19,,81782,22,,,0,61,,81783,22,,,0,20,,81784,22,,,0,21,,81785,22,,,0,69,,81786,22,,,0,27,,81787,22,,,0,69,,81788,22,,,0
3000001,'7_2',705,,83709,22,,,0,21,,83668,22,,,0,20,,83669,22,,,0,60,,83670,22,,,0,20,,83671,22,,,0,20,,83672,22,,,0,60,,83673,22,,,0,21,,83674,22,,,0,20,,83675,22,,,0,60,,83676,22,,,0,20,,83677,22,,,0,20,,83678,22,,,0,60,,83679,22,,,0,19,,83680,22,,,0,20,,83681,22,,,0,60,,83682,22,,,0,19,,83683,22,,,0,19,,83684,22,,,0,60,,83685,22,,,0,20,,83686,22,,,0,21,,83687,22,,,0,60,,83688,22,,,0,21,,83689,22,,,0,20,,83690,22,,,0,59,,83691,22,,,0,21,,83692,22,,,0,20,,83693,22,,,0,60,,83694,22,,,0,20,,83695,22,,,0,20,,83696,22,,,0,61,,83697,22,,,0,20,,83698,22,,,0,20,,83699,22,,,0,60,,83700,22,,,0,19,,83701,22,,,0,19,,83702,22,,,0,61,,83703,22,,,0,20,,83704,22,,,0,21,,83705,22,,,0,69,,83706,22,,,0,27,,83707,22,,,0,69,,83708,22,,,0
3000001,'7_3',705,,83751,22,,,0,21,,83710,22,,,0,20,,83711,22,,,0,60,,83712,22,,,0,20,,83713,22,,,0,20,,83714,22,,,0,60,,83715,22,,,0,21,,83716,22,,,0,20,,83717,22,,,0,60,,83718,22,,,0,20,,83719,22,,,0,20,,83720,22,,,0,60,,83721,22,,,0,19,,83722,22,,,0,20,,83723,22,,,0,60,,83724,22,,,0,19,,83725,22,,,0,19,,83726,22,,,0,60,,83727,22,,,0,20,,83728,22,,,0,21,,83729,22,,,0,60,,83730,22,,,0,21,,83731,22,,,0,20,,83732,22,,,0,59,,83733,22,,,0,21,,83734,22,,,0,20,,83735,22,,,0,60,,83736,22,,,0,20,,83737,22,,,0,20,,83738,22,,,0,61,,83739,22,,,0,20,,83740,22,,,0,20,,83741,22,,,0,60,,83742,22,,,0,19,,83743,22,,,0,19,,83744,22,,,0,61,,83745,22,,,0,20,,83746,22,,,0,21,,83747,22,,,0,69,,83748,22,,,0,27,,83749,22,,,0,69,,83750,22,,,0
3000001,'7_4',705,,79983,22,,,0,21,,79942,22,,,0,20,,79943,22,,,0,60,,79944,22,,,0,20,,79945,22,,,0,20,,79946,22,,,0,60,,79947,22,,,0,21,,79948,22,,,0,20,,79949,22,,,0,60,,79950,22,,,0,20,,79951,22,,,0,20,,79952,22,,,0,60,,79953,22,,,0,19,,79954,22,,,0,20,,79955,22,,,0,60,,79956,22,,,0,19,,79957,22,,,0,19,,79958,22,,,0,60,,79959,22,,,0,20,,79960,22,,,0,21,,79961,22,,,0,60,,79962,22,,,0,21,,79963,22,,,0,20,,79964,22,,,0,59,,79965,22,,,0,21,,79966,22,,,0,20,,79967,22,,,0,60,,79968,22,,,0,20,,79969,22,,,0,20,,79970,22,,,0,61,,79971,22,,,0,20,,79972,22,,,0,20,,79973,22,,,0,60,,79974,22,,,0,19,,79975,22,,,0,19,,79976,22,,,0,61,,79977,22,,,0,20,,79978,22,,,0,21,,79979,22,,,0,69,,79980,22,,,0,27,,79981,22,,,0,69,,79982,22,,,0
3000001,'7_5',705,,81831,22,,,0,21,,81790,22,,,0,20,,81791,22,,,0,60,,81792,22,,,0,20,,81793,22,,,0,20,,81794,22,,,0,60,,81795,22,,,0,21,,81796,22,,,0,20,,81797,22,,,0,60,,81798,22,,,0,20,,81799,22,,,0,20,,81800,22,,,0,60,,81801,22,,,0,19,,81802,22,,,0,20,,81803,22,,,0,60,,81804,22,,,0,19,,81805,22,,,0,19,,81806,22,,,0,60,,81807,22,,,0,20,,81808,22,,,0,21,,81809,22,,,0,60,,81810,22,,,0,21,,81811,22,,,0,20,,81812,22,,,0,59,,81813,22,,,0,21,,81814,22,,,0,20,,81815,22,,,0,60,,81816,22,,,0,20,,81817,22,,,0,20,,81818,22,,,0,61,,81819,22,,,0,20,,81820,22,,,0,20,,81821,22,,,0,60,,81822,22,,,0,19,,81823,22,,,0,19,,81824,22,,,0,61,,81825,22,,,0,20,,81826,22,,,0,21,,81827,22,,,0,69,,81828,22,,,0,27,,81829,22,,,0,69,,81830,22,,,0
3000001,'8_7',902,,84165,22,,,0,130,,84173,22,,,0,170,,84172,22,,,0,130,,84171,22,,,0,170,,84168,22,,,0,130,,84169,22,,,0,170,,84170,22,,,0,130,,84167,22,,,0,170,,84166,22,,,0
