700,'0_6',721,,66037,13,,,0,110,,66038,13,,,0,110,,66039,13,,,0,110,,66040,13,,,0,150,,66041,13,,,0,110,,66042,13,,,0,110,,66043,13,,,0,110,,66044,13,,,0,110,,66045,13,,,0,110,,66035,13,,,0,150,,66036,13,,,0
700,'3_1',721,,66101,13,,,0,110,,66103,13,,,0,110,,66104,13,,,0,110,,66105,13,,,0,150,,66106,13,,,0,110,,66107,13,,,0,110,,66108,13,,,0,110,,66109,13,,,0,111,,66110,13,,,0,110,,66111,13,,,0,149,,66102,13,,,0
700,'3_2',721,,73308,13,,,0,110,,73310,13,,,0,110,,73311,13,,,0,110,,73312,13,,,0,150,,73313,13,,,0,110,,73314,13,,,0,110,,73315,13,,,0,110,,73316,13,,,0,111,,73317,13,,,0,110,,73318,13,,,0,149,,73309,13,,,0
700,'3_3',721,,66112,13,,,0,110,,66114,13,,,0,110,,66115,13,,,0,110,,66116,13,,,0,150,,66117,13,,,0,110,,66118,13,,,0,110,,66119,13,,,0,110,,66120,13,,,0,111,,66121,13,,,0,110,,66122,13,,,0,149,,66113,13,,,0
700,'3_4',721,,66123,13,,,0,110,,66125,13,,,0,110,,66126,13,,,0,110,,66127,13,,,0,150,,66128,13,,,0,110,,66129,13,,,0,110,,66130,13,,,0,110,,66131,13,,,0,111,,66132,13,,,0,110,,66133,13,,,0,149,,66124,13,,,0
700,'3_5',721,,66134,13,,,0,110,,66136,13,,,0,110,,66137,13,,,0,110,,66138,13,,,0,150,,66139,13,,,0,110,,66140,13,,,0,110,,66141,13,,,0,110,,66142,13,,,0,111,,66143,13,,,0,110,,66144,13,,,0,149,,66135,13,,,0
700,'5_1',721,,74268,13,,,0,110,,74270,13,,,0,110,,74271,13,,,0,110,,74272,13,,,0,150,,74273,13,,,0,110,,74274,13,,,0,110,,74275,13,,,0,110,,74276,13,,,0,111,,74277,13,,,0,110,,74278,13,,,0,149,,74269,13,,,0
700,'5_2',721,,75818,13,,,0,110,,75820,13,,,0,110,,75821,13,,,0,110,,75822,13,,,0,150,,75823,13,,,0,110,,75824,13,,,0,110,,75825,13,,,0,110,,75826,13,,,0,111,,75827,13,,,0,110,,75828,13,,,0,149,,75819,13,,,0
700,'5_3',721,,75829,13,,,0,110,,75831,13,,,0,110,,75832,13,,,0,110,,75833,13,,,0,150,,75834,13,,,0,110,,75835,13,,,0,110,,75836,13,,,0,110,,75837,13,,,0,111,,75838,13,,,0,110,,75839,13,,,0,149,,75830,13,,,0
700,'5_4',721,,75840,13,,,0,110,,75842,13,,,0,110,,75843,13,,,0,110,,75844,13,,,0,150,,75845,13,,,0,110,,75846,13,,,0,110,,75847,13,,,0,110,,75848,13,,,0,111,,75849,13,,,0,110,,75850,13,,,0,149,,75841,13,,,0
