500,'0_6',643,,65341,7,,,0,71,,65342,7,,,0,100,,65343,7,,,0,101,,65344,7,,,0,99,,65345,7,,,0,100,,65346,7,,,0,99,,65347,7,,,0,98,,65348,7,,,0,40,,65349,7,,,0,79,,65350,7,,,0,98,,65351,7,,,0,103,,65352,7,,,0,99,,65353,7,,,0,74,,65354,7,,,0,28,,65355,7,,,0,98,,65356,7,,,0
500,'1_7',1158,,65357,7,,,0,191,,65358,7,,,0,191,,65359,7,,,0,184,,65360,7,,,0,191,,65361,7,,,0
500,'3_1',643,,65442,7,,,0,71,,65443,7,,,0,100,,65444,7,,,0,101,,65445,7,,,0,99,,65446,7,,,0,100,,65447,7,,,0,99,,65448,7,,,0,98,,65449,7,,,0,40,,65450,7,,,0,79,,65451,7,,,0,98,,65452,7,,,0,103,,65453,7,,,0,99,,65454,7,,,0,74,,65455,7,,,0,28,,65456,7,,,0,98,,65457,7,,,0
500,'3_2',643,,73244,7,,,0,71,,73245,7,,,0,100,,73246,7,,,0,101,,73247,7,,,0,99,,73248,7,,,0,100,,73249,7,,,0,99,,73250,7,,,0,98,,73251,7,,,0,40,,73252,7,,,0,79,,73253,7,,,0,98,,73254,7,,,0,103,,73255,7,,,0,99,,73256,7,,,0,74,,73257,7,,,0,28,,73258,7,,,0,98,,73259,7,,,0
500,'3_3',643,,65458,7,,,0,71,,65459,7,,,0,100,,65460,7,,,0,101,,65461,7,,,0,99,,65462,7,,,0,100,,65463,7,,,0,99,,65464,7,,,0,98,,65465,7,,,0,40,,65466,7,,,0,79,,65467,7,,,0,98,,65468,7,,,0,103,,65469,7,,,0,99,,65470,7,,,0,74,,65471,7,,,0,28,,65472,7,,,0,98,,65473,7,,,0
500,'3_4',643,,65474,7,,,0,71,,65475,7,,,0,100,,65476,7,,,0,101,,65477,7,,,0,99,,65478,7,,,0,100,,65479,7,,,0,99,,65480,7,,,0,98,,65481,7,,,0,40,,65482,7,,,0,79,,65483,7,,,0,98,,65484,7,,,0,103,,65485,7,,,0,99,,65486,7,,,0,74,,65487,7,,,0,28,,65488,7,,,0,98,,65489,7,,,0
500,'3_5',643,,65490,7,,,0,71,,65491,7,,,0,100,,65492,7,,,0,101,,65493,7,,,0,99,,65494,7,,,0,100,,65495,7,,,0,99,,65496,7,,,0,98,,65497,7,,,0,40,,65498,7,,,0,79,,65499,7,,,0,98,,65500,7,,,0,103,,65501,7,,,0,99,,65502,7,,,0,74,,65503,7,,,0,28,,65504,7,,,0,98,,65505,7,,,0
500,'5_1',643,,74204,7,,,0,71,,74205,7,,,0,100,,74206,7,,,0,101,,74207,7,,,0,99,,74208,7,,,0,100,,74209,7,,,0,99,,74210,7,,,0,98,,74211,7,,,0,40,,74212,7,,,0,79,,74213,7,,,0,98,,74214,7,,,0,103,,74215,7,,,0,99,,74216,7,,,0,74,,74217,7,,,0,28,,74218,7,,,0,98,,74219,7,,,0
500,'5_2',643,,75626,7,,,0,71,,75627,7,,,0,100,,75628,7,,,0,101,,75629,7,,,0,99,,75630,7,,,0,100,,75631,7,,,0,99,,75632,7,,,0,98,,75633,7,,,0,40,,75634,7,,,0,79,,75635,7,,,0,98,,75636,7,,,0,103,,75637,7,,,0,99,,75638,7,,,0,74,,75639,7,,,0,28,,75640,7,,,0,98,,75641,7,,,0
500,'5_3',643,,75642,7,,,0,71,,75643,7,,,0,100,,75644,7,,,0,101,,75645,7,,,0,99,,75646,7,,,0,100,,75647,7,,,0,99,,75648,7,,,0,98,,75649,7,,,0,40,,75650,7,,,0,79,,75651,7,,,0,98,,75652,7,,,0,103,,75653,7,,,0,99,,75654,7,,,0,74,,75655,7,,,0,28,,75656,7,,,0,98,,75657,7,,,0
500,'5_4',643,,75658,7,,,0,71,,75659,7,,,0,100,,75660,7,,,0,101,,75661,7,,,0,99,,75662,7,,,0,100,,75663,7,,,0,99,,75664,7,,,0,98,,75665,7,,,0,40,,75666,7,,,0,79,,75667,7,,,0,98,,75668,7,,,0,103,,75669,7,,,0,99,,75670,7,,,0,74,,75671,7,,,0,28,,75672,7,,,0,98,,75673,7,,,0
