600,'S2-0_2',723,,86621,25,,,0,24,,86635,25,0,11 12,0,93,,86622,25,,,0,105,,86623,25,0,11 12,0,100,,86624,25,0,11 12,0,90,,86625,25,0,11 12,0,110,,86626,25,0,11 12,0,110,,86627,25,0,11 12,0,96,,86636,25,0,11 12,0,91,,86628,25,0,11 12,0,101,,86629,25,0,11 12,0,89,,86630,25,0,11 12,0,78,,86631,25,0,11 12,0,27,,86632,25,0,11 12,0,69,,86633,25,0,11 12,0,39,,86634,25,0,11 12,0
600,'S2-0_4',723,,86637,25,,,0,24,,86651,25,0,11 12,0,93,,86638,25,,,0,105,,86639,25,0,11 12,0,100,,86640,25,0,11 12,0,90,,86641,25,0,11 12,0,110,,86642,25,0,11 12,0,110,,86643,25,0,11 12,0,96,,86652,25,0,11 12,0,91,,86644,25,0,11 12,0,101,,86645,25,0,11 12,0,89,,86646,25,0,11 12,0,78,,86647,25,0,11 12,0,27,,86648,25,0,11 12,0,69,,86649,25,0,11 12,0,39,,86650,25,0,11 12,0
600,'S2-0_5',723,,86653,25,,,0,24,,86667,25,0,11 12,0,93,,86654,25,,,0,105,,86655,25,0,11 12,0,100,,86656,25,0,11 12,0,90,,86657,25,0,11 12,0,110,,86658,25,0,11 12,0,110,,86659,25,0,11 12,0,96,,86668,25,0,11 12,0,91,,86660,25,0,11 12,0,101,,86661,25,0,11 12,0,89,,86662,25,0,11 12,0,78,,86663,25,0,11 12,0,27,,86664,25,0,11 12,0,69,,86665,25,0,11 12,0,39,,86666,25,0,11 12,0
600,'S2-1_3',723,,86669,25,,,0,24,,86683,25,0,11 12,0,93,,86670,25,,,0,105,,86671,25,0,11 12,0,100,,86672,25,0,11 12,0,90,,86673,25,0,11 12,0,110,,86674,25,0,11 12,0,110,,86675,25,0,11 12,0,96,,86684,25,0,11 12,0,91,,86676,25,0,11 12,0,101,,86677,25,0,11 12,0,89,,86678,25,0,11 12,0,78,,86679,25,0,11 12,0,27,,86680,25,0,11 12,0,69,,86681,25,0,11 12,0,39,,86682,25,0,11 12,0
600,'S2-2_6',808,,86685,25,0,11 12,0,94,,86687,25,0,11 12,0,53,,86688,25,0,11 12,0,87,,86689,25,0,11 12,0,90,,86690,25,0,11 12,0,88,,86691,25,0,11 12,0,88,,86692,25,0,11 12,0,50,,86693,25,0,11 12,0,88,,86694,25,0,11 12,0,99,,86695,25,0,11 12,0,91,,86696,25,0,11 12,0,92,,86697,25,0,11 12,0,90,,86698,25,0,11 12,0,91,,86699,25,0,11 12,0,41,,86686,25,0,11 12,0
600,'S2-4_1',723,,86700,25,,,0,24,,86714,25,0,11 12,0,93,,86701,25,,,0,105,,86702,25,0,11 12,0,100,,86703,25,0,11 12,0,90,,86704,25,0,11 12,0,110,,86705,25,0,11 12,0,110,,86706,25,0,11 12,0,96,,86715,25,0,11 12,0,91,,86707,25,0,11 12,0,101,,86708,25,0,11 12,0,89,,86709,25,0,11 12,0,78,,86710,25,0,11 12,0,27,,86711,25,0,11 12,0,69,,86712,25,0,11 12,0,39,,86713,25,0,11 12,0
600,'S2-4_2',723,,86716,25,,,0,24,,86730,25,0,11 12,0,93,,86717,25,,,0,105,,86718,25,0,11 12,0,100,,86719,25,0,11 12,0,90,,86720,25,0,11 12,0,110,,86721,25,0,11 12,0,110,,86722,25,0,11 12,0,96,,86731,25,0,11 12,0,91,,86723,25,0,11 12,0,101,,86724,25,0,11 12,0,89,,86725,25,0,11 12,0,78,,86726,25,0,11 12,0,27,,86727,25,0,11 12,0,69,,86728,25,0,11 12,0,39,,86729,25,0,11 12,0
600,'S2-4_4',723,,86732,25,,,0,24,,86746,25,0,11 12,0,93,,86733,25,,,0,105,,86734,25,0,11 12,0,100,,86735,25,0,11 12,0,90,,86736,25,0,11 12,0,110,,86737,25,0,11 12,0,110,,86738,25,0,11 12,0,96,,86747,25,0,11 12,0,91,,86739,25,0,11 12,0,101,,86740,25,0,11 12,0,89,,86741,25,0,11 12,0,78,,86742,25,0,11 12,0,27,,86743,25,0,11 12,0,69,,86744,25,0,11 12,0,39,,86745,25,0,11 12,0
601,'S2-0_2',607,,86748,5,,,0,106,,86761,5,,,0,97,,86749,5,,,0,102,,86750,5,,,0,98,,86751,5,,,0,100,,86752,5,,,0,100,,86765,5,,,0,25,,86753,5,,,0,80,,86754,5,,,0,104,,86755,5,,,0,94,,86756,5,,,0,39,,86762,5,,,0,78,,86757,6,,,0,76,,86763,5,,,0,29,,86758,6,,,0,73,,86764,6,,,0,27,,86759,5,,,0,95,,86760,5,,,0
601,'S2-0_4',607,,86766,5,,,0,106,,86779,5,,,0,97,,86767,5,,,0,102,,86768,5,,,0,98,,86769,5,,,0,100,,86770,5,,,0,100,,86783,5,,,0,25,,86771,5,,,0,80,,86772,5,,,0,104,,86773,5,,,0,94,,86774,5,,,0,39,,86780,5,,,0,78,,86775,6,,,0,76,,86781,5,,,0,29,,86776,6,,,0,73,,86782,6,,,0,27,,86777,5,,,0,95,,86778,5,,,0
601,'S2-0_5',607,,86784,5,,,0,106,,86797,5,,,0,97,,86785,5,,,0,102,,86786,5,,,0,98,,86787,5,,,0,100,,86788,5,,,0,100,,86801,5,,,0,25,,86789,5,,,0,80,,86790,5,,,0,104,,86791,5,,,0,94,,86792,5,,,0,39,,86798,5,,,0,78,,86793,6,,,0,76,,86799,5,,,0,29,,86794,6,,,0,73,,86800,6,,,0,27,,86795,5,,,0,95,,86796,5,,,0
601,'S2-1_3',607,,86802,5,,,0,106,,86816,5,,,0,97,,86803,5,,,0,102,,86804,5,,,0,98,,86805,5,,,0,100,,86806,5,,,0,100,,86807,6,,,0,25,,86808,5,,,0,80,,86809,5,,,0,104,,86810,5,,,0,94,,86811,5,,,0,39,,86817,5,,,0,78,,86812,6,,,0,76,,86818,5,,,0,29,,86813,6,,,0,73,,86819,6,,,0,27,,86814,5,,,0,95,,86815,5,,,0
601,'S2-2_6',737,,86820,5,,,0,90,,86822,5,,,0,95,,86823,5,,,0,93,,86824,5,,,0,89,,86825,5,,,0,49,,86826,5,,,0,88,,86827,5,,,0,89,,86828,5,,,0,88,,86829,5,,,0,89,,86830,5,,,0,100,,86831,5,,,0,51,,86832,5,,,0,94,,86833,5,,,0,87,,86834,5,,,0,91,,86821,5,,,0
601,'S2-4_1',607,,86835,5,,,0,106,,86848,5,,,0,97,,86836,5,,,0,102,,86837,5,,,0,98,,86838,5,,,0,100,,86839,5,,,0,100,,86852,5,,,0,25,,86840,5,,,0,80,,86841,5,,,0,104,,86842,5,,,0,94,,86843,5,,,0,39,,86849,5,,,0,78,,86844,6,,,0,76,,86850,5,,,0,29,,86845,6,,,0,73,,86851,6,,,0,27,,86846,5,,,0,95,,86847,5,,,0
601,'S2-4_2',607,,86853,5,,,0,106,,86866,5,,,0,97,,86854,5,,,0,102,,86855,5,,,0,98,,86856,5,,,0,100,,86857,5,,,0,100,,86870,5,,,0,25,,86858,5,,,0,80,,86859,5,,,0,104,,86860,5,,,0,94,,86861,5,,,0,39,,86867,5,,,0,78,,86862,6,,,0,76,,86868,5,,,0,29,,86863,6,,,0,73,,86869,6,,,0,27,,86864,5,,,0,95,,86865,5,,,0
601,'S2-4_4',607,,86871,5,,,0,106,,86884,5,,,0,97,,86872,5,,,0,102,,86873,5,,,0,98,,86874,5,,,0,100,,86875,5,,,0,100,,86888,5,,,0,25,,86876,5,,,0,80,,86877,5,,,0,104,,86878,5,,,0,94,,86879,5,,,0,39,,86885,5,,,0,78,,86880,6,,,0,76,,86886,5,,,0,29,,86881,6,,,0,73,,86887,6,,,0,27,,86882,5,,,0,95,,86883,5,,,0
2500,'S2-0_2',728,,88736,1,,,0,72,,88737,1,,,0,40,,88738,1,,,0,112,,88739,1,,,0,152,,88740,1,,,0,131,,88741,1,,,0,116,,88742,1,,,0,156,,88743,1,,,0,44,,88744,1,,,0,84,,88745,1,,,0,109,,88746,1,,,0,86,,88747,1,,,0,112,,88748,1,,,0
2500,'S2-0_4',728,,88749,1,,,0,72,,88750,1,,,0,40,,88751,1,,,0,112,,88752,1,,,0,152,,88753,1,,,0,131,,88754,1,,,0,116,,88755,1,,,0,156,,88756,1,,,0,44,,88757,1,,,0,84,,88758,1,,,0,109,,88759,1,,,0,86,,88760,1,,,0,112,,88761,1,,,0
2500,'S2-0_5',728,,88762,1,,,0,72,,88763,1,,,0,40,,88764,1,,,0,112,,88765,1,,,0,152,,88766,1,,,0,131,,88767,1,,,0,116,,88768,1,,,0,156,,88769,1,,,0,44,,88770,1,,,0,84,,88771,1,,,0,109,,88772,1,,,0,86,,88773,1,,,0,112,,88774,1,,,0
2500,'S2-1_3',728,,88775,1,,,0,72,,88776,1,,,0,40,,88777,1,,,0,112,,88778,1,,,0,152,,88779,1,,,0,131,,88780,1,,,0,116,,88781,1,,,0,156,,88782,1,,,0,44,,88783,1,,,0,84,,88784,1,,,0,109,,88785,1,,,0,86,,88786,1,,,0,112,,88787,1,,,0
2500,'S2-2_6',730,,88788,1,,,0,112,,88789,1,,,0,166,,88790,1,,,0,113,,88791,1,,,0,129,,88792,1,,,0,152,,88793,1,,,0,131,,88794,1,,,0,120,,88795,1,,,0,161,,88796,1,,,0,116,,88797,1,,,0
2500,'S2-4_1',728,,88798,1,,,0,72,,88799,1,,,0,40,,88800,1,,,0,112,,88801,1,,,0,152,,88802,1,,,0,131,,88803,1,,,0,116,,88804,1,,,0,156,,88805,1,,,0,44,,88806,1,,,0,84,,88807,1,,,0,109,,88808,1,,,0,86,,88809,1,,,0,112,,88810,1,,,0
2500,'S2-4_2',728,,88811,1,,,0,72,,88812,1,,,0,40,,88813,1,,,0,112,,88814,1,,,0,152,,88815,1,,,0,131,,88816,1,,,0,116,,88817,1,,,0,156,,88818,1,,,0,44,,88819,1,,,0,84,,88820,1,,,0,109,,88821,1,,,0,86,,88822,1,,,0,112,,88823,1,,,0
2500,'S2-4_4',728,,88824,1,,,0,72,,88825,1,,,0,40,,88826,1,,,0,112,,88827,1,,,0,152,,88828,1,,,0,131,,88829,1,,,0,116,,88830,1,,,0,156,,88831,1,,,0,44,,88832,1,,,0,84,,88833,1,,,0,109,,88834,1,,,0,86,,88835,1,,,0,112,,88836,1,,,0
2501,'S2-0_2',719,,88837,21,4,,0,31,,88838,21,4,,0,86,,88839,21,4,,0,76,,88840,21,4,,0,36,,88841,21,4,,0,152,,88842,21,4,,0,125,,88843,21,4,,0,120,,88844,21,4,,0,157,,88845,21,4,,0,118,,88846,21,4,,0,105,,88847,21,4,,0,95,,88848,21,4,,0,117,,88849,21,4,,0
2501,'S2-0_4',719,,88850,21,4,,0,31,,88851,21,4,,0,86,,88852,21,4,,0,76,,88853,21,4,,0,36,,88854,21,4,,0,152,,88855,21,4,,0,125,,88856,21,4,,0,120,,88857,21,4,,0,157,,88858,21,4,,0,118,,88859,21,4,,0,105,,88860,21,4,,0,95,,88861,21,4,,0,117,,88862,21,4,,0
2501,'S2-0_5',719,,88863,21,4,,0,31,,88864,21,4,,0,86,,88865,21,4,,0,76,,88866,21,4,,0,36,,88867,21,4,,0,152,,88868,21,4,,0,125,,88869,21,4,,0,120,,88870,21,4,,0,157,,88871,21,4,,0,118,,88872,21,4,,0,105,,88873,21,4,,0,95,,88874,21,4,,0,117,,88875,21,4,,0
2501,'S2-1_3',719,,88876,21,4,,0,31,,88877,21,4,,0,86,,88878,21,4,,0,76,,88879,21,4,,0,36,,88880,21,4,,0,152,,88881,21,4,,0,125,,88882,21,4,,0,120,,88883,21,4,,0,157,,88884,21,4,,0,118,,88885,21,4,,0,105,,88886,21,4,,0,95,,88887,21,4,,0,117,,88888,21,4,,0
2501,'S2-2_6',722,,88889,21,4,,0,112,,88890,21,4,,0,166,,88891,21,4,,0,112,,88892,21,4,,0,113,,88893,21,4,,0,129,,88894,21,4,,0,168,,88895,21,4,,0,121,,88896,21,4,,0,161,,88897,21,4,,0,116,,88898,21,4,,0
2501,'S2-4_1',719,,88899,21,4,,0,31,,88900,21,4,,0,86,,88901,21,4,,0,76,,88902,21,4,,0,36,,88903,21,4,,0,152,,88904,21,4,,0,125,,88905,21,4,,0,120,,88906,21,4,,0,157,,88907,21,4,,0,118,,88908,21,4,,0,105,,88909,21,4,,0,95,,88910,21,4,,0,117,,88911,21,4,,0
2501,'S2-4_2',719,,88912,21,4,,0,31,,88913,21,4,,0,86,,88914,21,4,,0,76,,88915,21,4,,0,36,,88916,21,4,,0,152,,88917,21,4,,0,125,,88918,21,4,,0,120,,88919,21,4,,0,157,,88920,21,4,,0,118,,88921,21,4,,0,105,,88922,21,4,,0,95,,88923,21,4,,0,117,,88924,21,4,,0
2501,'S2-4_4',719,,88925,21,4,,0,31,,88926,21,4,,0,86,,88927,21,4,,0,76,,88928,21,4,,0,36,,88929,21,4,,0,152,,88930,21,4,,0,125,,88931,21,4,,0,120,,88932,21,4,,0,157,,88933,21,4,,0,118,,88934,21,4,,0,105,,88935,21,4,,0,95,,88936,21,4,,0,117,,88937,21,4,,0
901500,'S2-0_2',831,,89808,2,,,0,20,,89809,2,,,0,60,,89810,2,,,0,20,,89811,2,,,0,20,,89812,2,,,0,60,,89813,2,,,0,20,,89814,2,,,0,20,,89815,2,,,0,60,,89816,2,,,0,20,,89817,2,,,0,20,,89818,2,,,0,60,,89819,2,,,0,20,,89820,2,,,0,20,,89821,2,,,0,60,,89822,2,,,0,20,,89823,2,,,0,20,,89824,2,,,0,60,,89825,2,,,0,20,,89826,2,,,0,80,,89827,2,,,0,20,,89828,2,,,0,20,,89829,2,,,0,60,,89830,2,,,0,20,,89831,2,,,0,20,,89832,2,,,0,60,,89833,2,,,0,20,,89834,2,,,0,20,,89835,2,,,0,60,,89836,2,,,0,20,,89837,2,,,0,20,,89838,2,,,0,60,,89839,2,,,0
901500,'S2-0_4',831,,89840,2,,,0,20,,89841,2,,,0,60,,89842,2,,,0,20,,89843,2,,,0,20,,89844,2,,,0,60,,89845,2,,,0,20,,89846,2,,,0,20,,89847,2,,,0,60,,89848,2,,,0,20,,89849,2,,,0,20,,89850,2,,,0,60,,89851,2,,,0,20,,89852,2,,,0,20,,89853,2,,,0,60,,89854,2,,,0,20,,89855,2,,,0,20,,89856,2,,,0,60,,89857,2,,,0,20,,89858,2,,,0,80,,89859,2,,,0,20,,89860,2,,,0,20,,89861,2,,,0,60,,89862,2,,,0,20,,89863,2,,,0,20,,89864,2,,,0,60,,89865,2,,,0,20,,89866,2,,,0,20,,89867,2,,,0,60,,89868,2,,,0,20,,89869,2,,,0,20,,89870,2,,,0,60,,89871,2,,,0
901500,'S2-0_5',831,,89872,2,,,0,20,,89873,2,,,0,60,,89874,2,,,0,20,,89875,2,,,0,20,,89876,2,,,0,60,,89877,2,,,0,20,,89878,2,,,0,20,,89879,2,,,0,60,,89880,2,,,0,20,,89881,2,,,0,20,,89882,2,,,0,60,,89883,2,,,0,20,,89884,2,,,0,20,,89885,2,,,0,60,,89886,2,,,0,20,,89887,2,,,0,20,,89888,2,,,0,60,,89889,2,,,0,20,,89890,2,,,0,80,,89891,2,,,0,20,,89892,2,,,0,20,,89893,2,,,0,60,,89894,2,,,0,20,,89895,2,,,0,20,,89896,2,,,0,60,,89897,2,,,0,20,,89898,2,,,0,20,,89899,2,,,0,60,,89900,2,,,0,20,,89901,2,,,0,20,,89902,2,,,0,60,,89903,2,,,0
901500,'S2-1_3',831,,89904,2,,,0,20,,89905,2,,,0,60,,89906,2,,,0,20,,89907,2,,,0,20,,89908,2,,,0,60,,89909,2,,,0,20,,89910,2,,,0,20,,89911,2,,,0,60,,89912,2,,,0,20,,89913,2,,,0,20,,89914,2,,,0,60,,89915,2,,,0,20,,89916,2,,,0,20,,89917,2,,,0,60,,89918,2,,,0,20,,89919,2,,,0,20,,89920,2,,,0,60,,89921,2,,,0,20,,89922,2,,,0,80,,89923,2,,,0,20,,89924,2,,,0,20,,89925,2,,,0,60,,89926,2,,,0,20,,89927,2,,,0,20,,89928,2,,,0,60,,89929,2,,,0,20,,89930,2,,,0,20,,89931,2,,,0,60,,89932,2,,,0,20,,89933,2,,,0,20,,89934,2,,,0,60,,89935,2,,,0
901500,'S2-2_6',831,,89936,2,,,0,20,,89937,2,,,0,60,,89938,2,,,0,20,,89939,2,,,0,20,,89940,2,,,0,60,,89941,2,,,0,20,,89942,2,,,0,20,,89943,2,,,0,60,,89944,2,,,0,20,,89945,2,,,0,20,,89946,2,,,0,60,,89947,2,,,0,20,,89948,2,,,0,20,,89949,2,,,0,60,,89950,2,,,0,20,,89951,2,,,0,20,,89952,2,,,0,60,,89953,2,,,0,20,,89954,2,,,0,80,,89955,2,,,0,20,,89956,2,,,0,20,,89957,2,,,0,60,,89958,2,,,0,20,,89959,2,,,0,20,,89960,2,,,0,60,,89961,2,,,0,20,,89962,2,,,0,20,,89963,2,,,0,60,,89964,2,,,0,20,,89965,2,,,0,20,,89966,2,,,0,60,,89967,2,,,0
901500,'S2-4_1',831,,89968,2,,,0,20,,89969,2,,,0,60,,89970,2,,,0,20,,89971,2,,,0,20,,89972,2,,,0,60,,89973,2,,,0,20,,89974,2,,,0,20,,89975,2,,,0,60,,89976,2,,,0,20,,89977,2,,,0,20,,89978,2,,,0,60,,89979,2,,,0,20,,89980,2,,,0,20,,89981,2,,,0,60,,89982,2,,,0,20,,89983,2,,,0,20,,89984,2,,,0,60,,89985,2,,,0,20,,89986,2,,,0,80,,89987,2,,,0,20,,89988,2,,,0,20,,89989,2,,,0,60,,89990,2,,,0,20,,89991,2,,,0,20,,89992,2,,,0,60,,89993,2,,,0,20,,89994,2,,,0,20,,89995,2,,,0,60,,89996,2,,,0,20,,89997,2,,,0,20,,89998,2,,,0,60,,89999,2,,,0
901500,'S2-4_2',831,,90000,2,,,0,20,,90001,2,,,0,60,,90002,2,,,0,20,,90003,2,,,0,20,,90004,2,,,0,60,,90005,2,,,0,20,,90006,2,,,0,20,,90007,2,,,0,60,,90008,2,,,0,20,,90009,2,,,0,20,,90010,2,,,0,60,,90011,2,,,0,20,,90012,2,,,0,20,,90013,2,,,0,60,,90014,2,,,0,20,,90015,2,,,0,20,,90016,2,,,0,60,,90017,2,,,0,20,,90018,2,,,0,80,,90019,2,,,0,20,,90020,2,,,0,20,,90021,2,,,0,60,,90022,2,,,0,20,,90023,2,,,0,20,,90024,2,,,0,60,,90025,2,,,0,20,,90026,2,,,0,20,,90027,2,,,0,60,,90028,2,,,0,20,,90029,2,,,0,20,,90030,2,,,0,60,,90031,2,,,0
901500,'S2-4_4',831,,90032,2,,,0,20,,90033,2,,,0,60,,90034,2,,,0,20,,90035,2,,,0,20,,90036,2,,,0,60,,90037,2,,,0,20,,90038,2,,,0,20,,90039,2,,,0,60,,90040,2,,,0,20,,90041,2,,,0,20,,90042,2,,,0,60,,90043,2,,,0,20,,90044,2,,,0,20,,90045,2,,,0,60,,90046,2,,,0,20,,90047,2,,,0,20,,90048,2,,,0,60,,90049,2,,,0,20,,90050,2,,,0,80,,90051,2,,,0,20,,90052,2,,,0,20,,90053,2,,,0,60,,90054,2,,,0,20,,90055,2,,,0,20,,90056,2,,,0,60,,90057,2,,,0,20,,90058,2,,,0,20,,90059,2,,,0,60,,90060,2,,,0,20,,90061,2,,,0,20,,90062,2,,,0,60,,90063,2,,,0
2900300,'S2-0_2',735,,92397,15,4,,0,70,,92398,15,4,,0,29,,92399,15,4,,0
2900300,'S2-0_4',735,,92400,15,4,,0,70,,92401,15,4,,0,29,,92402,15,4,,0
2900300,'S2-0_5',735,,92403,15,4,,0,70,,92404,15,4,,0,29,,92405,15,4,,0
2900300,'S2-1_3',735,,92406,15,4,,0,70,,92407,15,4,,0,29,,92408,15,4,,0
2900300,'S2-4_1',735,,92409,15,4,,0,70,,92410,15,4,,0,29,,92411,15,4,,0
2900300,'S2-4_2',735,,92412,15,4,,0,70,,92413,15,4,,0,29,,92414,15,4,,0
2900300,'S2-4_4',735,,92415,15,4,,0,70,,92416,15,4,,0,29,,92417,15,4,,0
2900401,'S2-0_2',720,,92460,12,4,,0,125,,92461,12,4,,0
2900401,'S2-0_4',720,,92462,12,4,,0,125,,92463,12,4,,0
2900401,'S2-0_5',720,,92464,12,4,,0,125,,92465,12,4,,0
2900401,'S2-1_3',720,,92466,12,4,,0,125,,92467,12,4,,0
2900401,'S2-4_1',720,,92468,12,4,,0,125,,92469,12,4,,0
2900401,'S2-4_2',720,,92470,12,4,,0,125,,92471,12,4,,0
2900401,'S2-4_4',720,,92472,12,4,,0,125,,92473,12,4,,0
2900500,'S2-0_2',720,,92474,15,,,0,105,,92475,15,,,0
2900500,'S2-0_4',720,,92476,15,,,0,105,,92477,15,,,0
2900500,'S2-0_5',720,,92478,15,,,0,105,,92479,15,,,0
2900500,'S2-1_3',720,,92480,15,,,0,105,,92481,15,,,0
2900500,'S2-4_1',720,,92482,15,,,0,105,,92483,15,,,0
2900500,'S2-4_2',720,,92484,15,,,0,105,,92485,15,,,0
2900500,'S2-4_4',720,,92486,15,,,0,105,,92487,15,,,0
2900600,'S2-0_2',731,,92503,11,4,,0,110,,92504,11,4,,0
2900600,'S2-0_4',731,,92505,11,4,,0,110,,92506,11,4,,0
2900600,'S2-0_5',731,,92507,11,4,,0,110,,92508,11,4,,0
2900600,'S2-1_3',731,,92509,11,4,,0,110,,92510,11,4,,0
2900600,'S2-4_1',731,,92511,11,4,,0,110,,92512,11,4,,0
2900600,'S2-4_2',731,,92513,11,4,,0,110,,92514,11,4,,0
2900600,'S2-4_4',731,,92515,11,4,,0,110,,92516,11,4,,0
2900601,'S2-0_2',1732,,92517,1,,,0,99,,92518,1,,,0
2900601,'S2-0_4',1732,,92519,1,,,0,99,,92520,1,,,0
2900601,'S2-0_5',1732,,92521,1,,,0,99,,92522,1,,,0
2900601,'S2-1_3',1732,,92523,1,,,0,99,,92524,1,,,0
2900601,'S2-4_1',1732,,92525,1,,,0,99,,92526,1,,,0
2900601,'S2-4_2',1732,,92527,1,,,0,99,,92528,1,,,0
2900601,'S2-4_4',1732,,92529,1,,,0,99,,92530,1,,,0
2900900,'S2-0_2',725,,92531,9,4,,0,100,,92532,9,4,,0
2900900,'S2-0_4',725,,92533,9,4,,0,100,,92534,9,4,,0
2900900,'S2-0_5',725,,92535,9,4,,0,100,,92536,9,4,,0
2900900,'S2-1_3',725,,92537,9,4,,0,100,,92538,9,4,,0
2900900,'S2-4_1',725,,92539,9,4,,0,100,,92540,9,4,,0
2900900,'S2-4_2',725,,92541,9,4,,0,100,,92542,9,4,,0
2900900,'S2-4_4',725,,92543,9,4,,0,100,,92544,9,4,,0
2900901,'S2-0_2',1726,,92545,1,,,0,105,,92546,1,,,0
2900901,'S2-0_4',1726,,92547,1,,,0,105,,92548,1,,,0
2900901,'S2-0_5',1726,,92549,1,,,0,105,,92550,1,,,0
2900901,'S2-1_3',1726,,92551,1,,,0,105,,92552,1,,,0
2900901,'S2-4_1',1726,,92553,1,,,0,105,,92554,1,,,0
2900901,'S2-4_2',1726,,92555,1,,,0,105,,92556,1,,,0
2900901,'S2-4_4',1726,,92557,1,,,0,105,,92558,1,,,0
2901200,'S2-0_2',720,,92560,15,4,,0,100,,92559,15,4,,0
2901200,'S2-0_4',720,,92562,15,4,,0,100,,92561,15,4,,0
2901200,'S2-0_5',720,,92564,15,4,,0,100,,92563,15,4,,0
2901200,'S2-1_3',720,,92566,15,4,,0,100,,92565,15,4,,0
2901200,'S2-4_1',720,,92568,15,4,,0,100,,92567,15,4,,0
2901200,'S2-4_2',720,,92570,15,4,,0,100,,92569,15,4,,0
2901200,'S2-4_4',720,,92572,15,4,,0,100,,92571,15,4,,0
2901201,'S2-0_2',1630,,92574,1,,,0,105,,92575,1,,,0,100,,92573,1,,,0
2901201,'S2-0_4',1630,,92577,1,,,0,105,,92578,1,,,0,100,,92576,1,,,0
2901201,'S2-0_5',1630,,92580,1,,,0,105,,92581,1,,,0,100,,92579,1,,,0
2901201,'S2-1_3',1235,,92583,1,,,0,395,,92584,1,,,0,105,,92585,1,,,0,100,,92582,1,,,0
2901201,'S2-4_1',1630,,92587,1,,,0,105,,92588,1,,,0,100,,92586,1,,,0
2901201,'S2-4_2',1630,,92590,1,,,0,105,,92591,1,,,0,100,,92589,1,,,0
2901201,'S2-4_4',1630,,92593,1,,,0,105,,92594,1,,,0,100,,92592,1,,,0
