1500,'S2-0_2',743,,87794,17,,,0,61,,87795,17,,,0,114,,87796,17,,,0,117,,87797,17,,,0,118,,87798,17,,,0,80,,87799,17,,,0,75,,87800,17,,,0,97,,87801,17,,,0,222,,87802,17,,,0,109,,87803,17,,,0,98,,87804,17,,,0,110,,87805,17,,,0
1500,'S2-0_4',743,,87807,17,,,0,61,,87808,17,,,0,114,,87809,17,,,0,117,,87810,17,,,0,118,,87811,17,,,0,80,,87812,17,,,0,75,,87813,17,,,0,97,,87814,17,,,0,222,,87815,17,,,0,109,,87816,17,,,0,98,,87817,17,,,0,110,,87818,17,,,0
1500,'S2-0_5',743,,87820,17,,,0,61,,87821,17,,,0,114,,87822,17,,,0,117,,87823,17,,,0,118,,87824,17,,,0,80,,87825,17,,,0,75,,87826,17,,,0,97,,87827,17,,,0,222,,87828,17,,,0,109,,87829,17,,,0,98,,87830,17,,,0,110,,87831,17,,,0
1500,'S2-1_3',743,,87833,17,,,0,61,,87834,17,,,0,114,,87835,17,,,0,117,,87836,17,,,0,118,,87837,17,,,0,80,,87838,17,,,0,75,,87839,17,,,0,97,,87840,17,,,0,222,,87841,17,,,0,109,,87842,17,,,0,98,,87843,17,,,0,110,,87844,17,,,0
1500,'S2-2_6',743,,87846,17,,,0,61,,87847,17,,,0,114,,87848,17,,,0,117,,87849,17,,,0,118,,87850,17,,,0,80,,87851,17,,,0,75,,87852,17,,,0,97,,87853,17,,,0,222,,87854,17,,,0,109,,87855,17,,,0,98,,87856,17,,,0,110,,87857,17,,,0
1500,'S2-4_1',743,,87859,17,,,0,61,,87860,17,,,0,114,,87861,17,,,0,117,,87862,17,,,0,118,,87863,17,,,0,80,,87864,17,,,0,75,,87865,17,,,0,97,,87866,17,,,0,222,,87867,17,,,0,109,,87868,17,,,0,98,,87869,17,,,0,110,,87870,17,,,0
1500,'S2-4_2',743,,87872,17,,,0,61,,87873,17,,,0,114,,87874,17,,,0,117,,87875,17,,,0,118,,87876,17,,,0,80,,87877,17,,,0,75,,87878,17,,,0,97,,87879,17,,,0,222,,87880,17,,,0,109,,87881,17,,,0,98,,87882,17,,,0,110,,87883,17,,,0
1500,'S2-4_4',743,,87885,17,,,0,61,,87886,17,,,0,114,,87887,17,,,0,117,,87888,17,,,0,118,,87889,17,,,0,80,,87890,17,,,0,75,,87891,17,,,0,97,,87892,17,,,0,222,,87893,17,,,0,109,,87894,17,,,0,98,,87895,17,,,0,110,,87896,17,,,0
1501,'S2-0_2',653,,87898,7,,,0,58,,87899,7,,,0,95,,87900,7,,,0,21,,87901,7,,,0,117,,87902,7,,,0,156,,87903,7,,,0,118,,87904,7,,,0,94,,87905,7,,,0,119,,87906,7,,,0,222,,87907,7,,,0,150,,87908,7,,,0,55,,87909,7,,,0
1501,'S2-0_4',653,,87911,7,,,0,58,,87912,7,,,0,95,,87913,7,,,0,21,,87914,7,,,0,117,,87915,7,,,0,156,,87916,7,,,0,118,,87917,7,,,0,94,,87918,7,,,0,119,,87919,7,,,0,222,,87920,7,,,0,150,,87921,7,,,0,55,,87922,7,,,0
1501,'S2-0_5',653,,87924,7,,,0,58,,87925,7,,,0,95,,87926,7,,,0,21,,87927,7,,,0,117,,87928,7,,,0,156,,87929,7,,,0,118,,87930,7,,,0,94,,87931,7,,,0,119,,87932,7,,,0,222,,87933,7,,,0,150,,87934,7,,,0,55,,87935,7,,,0
1501,'S2-1_3',653,,87937,7,,,0,58,,87938,7,,,0,95,,87939,7,,,0,21,,87940,7,,,0,117,,87941,7,,,0,156,,87942,7,,,0,118,,87943,7,,,0,94,,87944,7,,,0,119,,87945,7,,,0,222,,87946,7,,,0,150,,87947,7,,,0,55,,87948,7,,,0
1501,'S2-2_6',653,,87950,7,,,0,58,,87951,7,,,0,95,,87952,7,,,0,21,,87953,7,,,0,117,,87954,7,,,0,156,,87955,7,,,0,118,,87956,7,,,0,94,,87957,7,,,0,119,,87958,7,,,0,222,,87959,7,,,0,150,,87960,7,,,0,55,,87961,7,,,0
1501,'S2-4_1',653,,87963,7,,,0,58,,87964,7,,,0,95,,87965,7,,,0,21,,87966,7,,,0,117,,87967,7,,,0,156,,87968,7,,,0,118,,87969,7,,,0,94,,87970,7,,,0,119,,87971,7,,,0,222,,87972,7,,,0,150,,87973,7,,,0,55,,87974,7,,,0
1501,'S2-4_2',653,,87976,7,,,0,58,,87977,7,,,0,95,,87978,7,,,0,21,,87979,7,,,0,117,,87980,7,,,0,156,,87981,7,,,0,118,,87982,7,,,0,94,,87983,7,,,0,119,,87984,7,,,0,222,,87985,7,,,0,150,,87986,7,,,0,55,,87987,7,,,0
1501,'S2-4_4',653,,87989,7,,,0,58,,87990,7,,,0,95,,87991,7,,,0,21,,87992,7,,,0,117,,87993,7,,,0,156,,87994,7,,,0,118,,87995,7,,,0,94,,87996,7,,,0,119,,87997,7,,,0,222,,87998,7,,,0,150,,87999,7,,,0,55,,88000,7,,,0
