100,'1_3',700,,94168,2,0,61 8,0,31,,94159,2,,,0,75,,94169,2,0,9 10,0,38,,94160,2,0,61 8,0,156,,94161,2,0,61 8,0,117,,94162,2,0,61 8,0,116,,94163,2,0,61 8,0,89,,94164,2,0,61 8,0,114,,94165,2,0,61 8,0,99,,94170,2,0,61 8,0,102,,94166,2,0,61 8,0,85,,94167,2,0,61 8,0,82,,94157,2,,,0,111,,94158,2,,,0
100,'2_6',651,,94192,2,0,61 8,0,202,,94193,2,0,61 8,0,99,,94194,2,0,61 8,0,102,,94195,2,0,61 8,0,100,,94196,2,0,61 8,0,100,,94197,2,0,61 8,0,99,,94198,2,0,61 8,0,100,,94199,2,0,61 8,0,101,,94200,2,0,61 8,0,104,,94201,2,0,61 8,0,99,,94202,2,0,61 8,0,102,,94203,2,0,61 8,0
100,'4_1',700,,94236,2,0,61 8,0,31,,94227,2,,,0,75,,94237,2,0,9 10,0,38,,94228,2,0,61 8,0,156,,94229,2,0,61 8,0,117,,94230,2,0,61 8,0,116,,94231,2,0,61 8,0,89,,94232,2,0,61 8,0,114,,94233,2,0,61 8,0,99,,94238,2,0,61 8,0,102,,94234,2,0,61 8,0,85,,94235,2,0,61 8,0,82,,94225,2,,,0,111,,94226,2,,,0
100,'4_2',700,,94271,2,0,61 8,0,31,,94262,2,,,0,75,,94272,2,0,9 10,0,38,,94263,2,0,61 8,0,156,,94264,2,0,61 8,0,117,,94265,2,0,61 8,0,116,,94266,2,0,61 8,0,89,,94267,2,0,61 8,0,114,,94268,2,0,61 8,0,99,,94273,2,0,61 8,0,102,,94269,2,0,61 8,0,85,,94270,2,0,61 8,0,82,,94260,2,,,0,111,,94261,2,,,0
100,'4_4',700,,94306,2,0,61 8,0,31,,94297,2,,,0,75,,94307,2,0,9 10,0,38,,94298,2,0,61 8,0,156,,94299,2,0,61 8,0,117,,94300,2,0,61 8,0,116,,94301,2,0,61 8,0,89,,94302,2,0,61 8,0,114,,94303,2,0,61 8,0,99,,94308,2,0,61 8,0,102,,94304,2,0,61 8,0,85,,94305,2,0,61 8,0,82,,94295,2,,,0,111,,94296,2,,,0
100,'4_5',700,,94341,2,0,61 8,0,31,,94332,2,,,0,75,,94342,2,0,9 10,0,38,,94333,2,0,61 8,0,156,,94334,2,0,61 8,0,117,,94335,2,0,61 8,0,116,,94336,2,0,61 8,0,89,,94337,2,0,61 8,0,114,,94338,2,0,61 8,0,99,,94343,2,0,61 8,0,102,,94339,2,0,61 8,0,85,,94340,2,0,61 8,0,82,,94330,2,,,0,111,,94331,2,,,0
100,'5_7',1004,,94370,2,0,61 8,0,210,,94371,2,0,61 8,0,190,,94372,2,0,61 8,0,209,,94373,2,0,61 8,0,212,,94374,2,0,61 8,0
800,'1_3',653,,97052,5,,,0,73,,97053,5,,,0,28,,97054,5,,,0,71,,97055,5,,,0,80,,97056,5,,,0,110,,97057,5,,,0,117,,97058,5,,,0,111,,97059,5,,,0,110,,97060,5,,,0,152,,97062,5,,,0,110,,97061,5,,,0
800,'4_1',653,,97063,5,,,0,73,,97064,5,,,0,28,,97065,5,,,0,71,,97066,5,,,0,80,,97067,5,,,0,110,,97068,5,,,0,117,,97069,5,,,0,111,,97070,5,,,0,110,,97071,5,,,0,152,,97073,5,,,0,110,,97072,5,,,0
800,'4_2',653,,97074,5,,,0,73,,97075,5,,,0,28,,97076,5,,,0,71,,97077,5,,,0,80,,97078,5,,,0,110,,97079,5,,,0,117,,97080,5,,,0,111,,97081,5,,,0,110,,97082,5,,,0,152,,97084,5,,,0,110,,97083,5,,,0
800,'4_4',653,,97085,5,,,0,73,,97086,5,,,0,28,,97087,5,,,0,71,,97088,5,,,0,80,,97089,5,,,0,110,,97090,5,,,0,117,,97091,5,,,0,111,,97092,5,,,0,110,,97093,5,,,0,152,,97095,5,,,0,110,,97094,5,,,0
800,'4_5',653,,97096,5,,,0,73,,97097,5,,,0,28,,97098,5,,,0,71,,97099,5,,,0,80,,97100,5,,,0,110,,97101,5,,,0,117,,97102,5,,,0,111,,97103,5,,,0,110,,97104,5,,,0,152,,97106,5,,,0,110,,97105,5,,,0
