100,'0_4',653,,94101,7,0,61 8,0,53,,94098,7,0,61 8,0,16,,94102,7,0,61 8,0,16,,94089,7,,,0,15,,94108,7,0,61 8,0,60,,94099,7,0,9 10,0,10,,94103,7,0,61 8,0,27,,94090,7,0,61 8,0,78,,94104,7,0,61 8,0,78,,94091,7,0,61 8,0,39,,94105,7,0,61 8,0,78,,94092,7,0,61 8,0,19,,94109,7,,,0,65,,94110,7,,,0,32,,94093,7,0,61 8,0,65,,94106,7,0,61 8,0,24,,94094,7,0,61 8,0,74,,94107,7,0,61 8,0,40,,94095,7,0,61 8,0,64,,94111,7,,,0,35,,94100,7,0,61 8,0,60,,94112,7,,,0,33,,94113,7,,,0,9,,94096,7,0,61 8,0,58,,94114,7,,,0,27,,94097,7,0,61 8,0,14,,94115,7,,,0,68,,94087,7,,,0,37,,94116,7,0,61 8,0,74,,94088,7,,,0
100,'0_5',653,,94136,7,0,61 8,0,53,,94133,7,0,61 8,0,16,,94137,7,0,61 8,0,16,,94124,7,,,0,15,,94143,7,0,61 8,0,60,,94134,7,0,9 10,0,10,,94138,7,0,61 8,0,27,,94125,7,0,61 8,0,78,,94139,7,0,61 8,0,78,,94126,7,0,61 8,0,39,,94140,7,0,61 8,0,78,,94127,7,0,61 8,0,19,,94144,7,,,0,65,,94145,7,,,0,32,,94128,7,0,61 8,0,65,,94141,7,0,61 8,0,24,,94129,7,0,61 8,0,74,,94142,7,0,61 8,0,40,,94130,7,0,61 8,0,64,,94146,7,,,0,35,,94135,7,0,61 8,0,60,,94147,7,,,0,33,,94148,7,,,0,9,,94131,7,0,61 8,0,58,,94149,7,,,0,27,,94132,7,0,61 8,0,14,,94150,7,,,0,68,,94122,7,,,0,37,,94151,7,0,61 8,0,74,,94123,7,,,0
100,'1_3',653,,94171,7,0,61 8,0,53,,94168,7,0,61 8,0,16,,94172,7,0,61 8,0,16,,94159,7,,,0,15,,94178,7,0,61 8,0,60,,94169,7,0,9 10,0,10,,94173,7,0,61 8,0,27,,94160,7,0,61 8,0,78,,94174,7,0,61 8,0,78,,94161,7,0,61 8,0,39,,94175,7,0,61 8,0,78,,94162,7,0,61 8,0,19,,94179,7,,,0,65,,94180,7,,,0,32,,94163,7,0,61 8,0,65,,94176,7,0,61 8,0,24,,94164,7,0,61 8,0,74,,94177,7,0,61 8,0,40,,94165,7,0,61 8,0,64,,94181,7,,,0,35,,94170,7,0,61 8,0,60,,94182,7,,,0,33,,94183,7,,,0,9,,94166,7,0,61 8,0,58,,94184,7,,,0,27,,94167,7,0,61 8,0,14,,94185,7,,,0,68,,94157,7,,,0,37,,94186,7,0,61 8,0,74,,94158,7,,,0
100,'2_6',656,,94192,7,0,61 8,0,148,,94204,7,0,61 8,0,54,,94193,7,0,61 8,0,70,,94205,7,0,61 8,0,29,,94194,7,0,61 8,0,73,,94206,7,0,61 8,0,29,,94195,7,0,61 8,0,69,,94207,7,0,61 8,0,31,,94196,7,0,61 8,0,70,,94208,7,0,61 8,0,30,,94197,7,0,61 8,0,70,,94209,7,0,61 8,0,29,,94198,7,0,61 8,0,71,,94210,7,0,61 8,0,29,,94199,7,0,61 8,0,71,,94211,7,0,61 8,0,30,,94200,7,0,61 8,0,71,,94212,7,0,61 8,0,73,,94201,7,0,61 8,0,29,,94213,7,0,61 8,0,70,,94202,7,0,61 8,0,32,,94214,7,0,61 8,0,69,,94203,7,0,61 8,0
100,'3_7',903,,94215,7,0,61 8,0,105,,94220,7,0,61 8,0,106,,94216,7,0,61 8,0,104,,94221,7,0,61 8,0,90,,94217,7,0,61 8,0,100,,94222,7,0,61 8,0,105,,94218,7,0,61 8,0,105,,94223,7,0,61 8,0,105,,94219,7,0,61 8,0,106,,94224,7,0,61 8,0
100,'4_1',653,,94239,7,0,61 8,0,53,,94236,7,0,61 8,0,16,,94240,7,0,61 8,0,16,,94227,7,,,0,15,,94246,7,0,61 8,0,60,,94237,7,0,9 10,0,10,,94241,7,0,61 8,0,27,,94228,7,0,61 8,0,78,,94242,7,0,61 8,0,78,,94229,7,0,61 8,0,39,,94243,7,0,61 8,0,78,,94230,7,0,61 8,0,19,,94247,7,,,0,65,,94248,7,,,0,32,,94231,7,0,61 8,0,65,,94244,7,0,61 8,0,24,,94232,7,0,61 8,0,74,,94245,7,0,61 8,0,40,,94233,7,0,61 8,0,64,,94249,7,,,0,35,,94238,7,0,61 8,0,60,,94250,7,,,0,33,,94251,7,,,0,9,,94234,7,0,61 8,0,58,,94252,7,,,0,27,,94235,7,0,61 8,0,14,,94253,7,,,0,68,,94225,7,,,0,37,,94254,7,0,61 8,0,74,,94226,7,,,0
100,'4_2',653,,94274,7,0,61 8,0,53,,94271,7,0,61 8,0,16,,94275,7,0,61 8,0,16,,94262,7,,,0,15,,94281,7,0,61 8,0,60,,94272,7,0,9 10,0,10,,94276,7,0,61 8,0,27,,94263,7,0,61 8,0,78,,94277,7,0,61 8,0,78,,94264,7,0,61 8,0,39,,94278,7,0,61 8,0,78,,94265,7,0,61 8,0,19,,94282,7,,,0,65,,94283,7,,,0,32,,94266,7,0,61 8,0,65,,94279,7,0,61 8,0,24,,94267,7,0,61 8,0,74,,94280,7,0,61 8,0,40,,94268,7,0,61 8,0,64,,94284,7,,,0,35,,94273,7,0,61 8,0,60,,94285,7,,,0,33,,94286,7,,,0,9,,94269,7,0,61 8,0,58,,94287,7,,,0,27,,94270,7,0,61 8,0,14,,94288,7,,,0,68,,94260,7,,,0,37,,94289,7,0,61 8,0,74,,94261,7,,,0
100,'4_4',653,,94309,7,0,61 8,0,53,,94306,7,0,61 8,0,16,,94310,7,0,61 8,0,16,,94297,7,,,0,15,,94316,7,0,61 8,0,60,,94307,7,0,9 10,0,10,,94311,7,0,61 8,0,27,,94298,7,0,61 8,0,78,,94312,7,0,61 8,0,78,,94299,7,0,61 8,0,39,,94313,7,0,61 8,0,78,,94300,7,0,61 8,0,19,,94317,7,,,0,65,,94318,7,,,0,32,,94301,7,0,61 8,0,65,,94314,7,0,61 8,0,24,,94302,7,0,61 8,0,74,,94315,7,0,61 8,0,40,,94303,7,0,61 8,0,64,,94319,7,,,0,35,,94308,7,0,61 8,0,60,,94320,7,,,0,33,,94321,7,,,0,9,,94304,7,0,61 8,0,58,,94322,7,,,0,27,,94305,7,0,61 8,0,14,,94323,7,,,0,68,,94295,7,,,0,37,,94324,7,0,61 8,0,74,,94296,7,,,0
100,'4_5',653,,94344,7,0,61 8,0,53,,94341,7,0,61 8,0,16,,94345,7,0,61 8,0,16,,94332,7,,,0,15,,94351,7,0,61 8,0,60,,94342,7,0,9 10,0,10,,94346,7,0,61 8,0,27,,94333,7,0,61 8,0,78,,94347,7,0,61 8,0,78,,94334,7,0,61 8,0,39,,94348,7,0,61 8,0,78,,94335,7,0,61 8,0,19,,94352,7,,,0,65,,94353,7,,,0,32,,94336,7,0,61 8,0,65,,94349,7,0,61 8,0,24,,94337,7,0,61 8,0,74,,94350,7,0,61 8,0,40,,94338,7,0,61 8,0,64,,94354,7,,,0,35,,94343,7,0,61 8,0,60,,94355,7,,,0,33,,94356,7,,,0,9,,94339,7,0,61 8,0,58,,94357,7,,,0,27,,94340,7,0,61 8,0,14,,94358,7,,,0,68,,94330,7,,,0,37,,94359,7,0,61 8,0,74,,94331,7,,,0
100,'5_7',903,,94365,7,0,61 8,0,105,,94370,7,0,61 8,0,106,,94366,7,0,61 8,0,104,,94371,7,0,61 8,0,90,,94367,7,0,61 8,0,100,,94372,7,0,61 8,0,105,,94368,7,0,61 8,0,105,,94373,7,0,61 8,0,105,,94369,7,0,61 8,0,106,,94374,7,0,61 8,0
