100,'0_6',748,,62779,52,0,61 8,0,109,,62791,52,0,61 8,0,94,,62780,52,0,61 8,0,70,,62792,52,0,61 8,0,30,,62781,52,0,61 8,0,73,,62793,52,0,61 8,0,29,,62782,52,0,61 8,0,69,,62794,52,0,61 8,0,30,,62783,52,0,61 8,0,68,,62795,52,0,61 8,0,31,,62784,52,0,61 8,0,70,,62796,52,0,61 8,0,30,,62785,52,0,61 8,0,71,,62797,52,0,61 8,0,30,,62786,52,0,61 8,0,72,,62798,52,0,61 8,0,32,,62787,52,0,61 8,0,72,,62799,52,0,61 8,0,31,,62788,52,0,61 8,0,68,,62800,52,0,61 8,0,27,,62789,52,0,61 8,0,71,,62801,52,0,61 8,0,28,,62790,52,0,61 8,0
100,'1_7',949,,62802,52,0,61 8,0,104,,62807,52,0,61 8,0,106,,62803,52,0,61 8,0,144,,62808,52,0,61 8,0,50,,62804,52,0,61 8,0,100,,62809,52,0,61 8,0,106,,62805,52,0,61 8,0,145,,62810,52,0,61 8,0,104,,62806,52,0,61 8,0,105,,62811,52,0,61 8,0
100,'5_1',748,,73973,52,0,61 8,0,69,,73974,52,,,0,35,,73976,52,0,61 8,0,64,,73977,52,0,61 8,0,30,,73975,52,0,61 8,0,69,,73978,52,0,61 8,0,35,,73979,52,0,61 8,0,71,,73982,52,0,61 8,0,30,,73980,52,0,61 8,0,72,,73981,52,0,61 8,0,31,,73984,52,,,0,70,,73983,52,0,61 8,0,31,,73985,52,,,0,70,,73986,52,0,61 8,0,30,,73988,52,0,61 8,0,70,,73987,52,0,61 8,0,31,,73992,52,0,61 8,0,71,,73991,52,0,61 8,0,32,,73993,52,,,0,75,,73989,52,0,61 8,0,68,,73994,52,,,0,30,,73990,52,0,61 8,0,27,,73995,52,,,0,70,,73996,52,0,61 8,0,29,,73997,52,,,0
100,'5_2',748,,74933,52,0,61 8,0,69,,74934,52,,,0,35,,74936,52,0,61 8,0,64,,74937,52,0,61 8,0,30,,74935,52,0,61 8,0,69,,74938,52,0,61 8,0,35,,74939,52,0,61 8,0,71,,74942,52,0,61 8,0,30,,74940,52,0,61 8,0,72,,74941,52,0,61 8,0,31,,74944,52,,,0,70,,74943,52,0,61 8,0,31,,74945,52,,,0,70,,74946,52,0,61 8,0,30,,74948,52,0,61 8,0,70,,74947,52,0,61 8,0,31,,74952,52,0,61 8,0,71,,74951,52,0,61 8,0,32,,74953,52,,,0,75,,74949,52,0,61 8,0,68,,74954,52,,,0,30,,74950,52,0,61 8,0,27,,74955,52,,,0,70,,74956,52,0,61 8,0,29,,74957,52,,,0
100,'5_3',748,,74958,52,0,61 8,0,69,,74959,52,,,0,35,,74961,52,0,61 8,0,64,,74962,52,0,61 8,0,30,,74960,52,0,61 8,0,69,,74963,52,0,61 8,0,35,,74964,52,0,61 8,0,71,,74967,52,0,61 8,0,30,,74965,52,0,61 8,0,72,,74966,52,0,61 8,0,31,,74969,52,,,0,70,,74968,52,0,61 8,0,31,,74970,52,,,0,70,,74971,52,0,61 8,0,30,,74973,52,0,61 8,0,70,,74972,52,0,61 8,0,31,,74977,52,0,61 8,0,71,,74976,52,0,61 8,0,32,,74978,52,,,0,75,,74974,52,0,61 8,0,68,,74979,52,,,0,30,,74975,52,0,61 8,0,27,,74980,52,,,0,70,,74981,52,0,61 8,0,29,,74982,52,,,0
100,'7_1',748,,80072,52,0,61 8,0,69,,80073,52,,,0,35,,80075,52,0,61 8,0,64,,80076,52,0,61 8,0,30,,80074,52,0,61 8,0,69,,80077,52,0,61 8,0,35,,80078,52,0,61 8,0,71,,80081,52,0,61 8,0,30,,80079,52,0,61 8,0,72,,80080,52,0,61 8,0,31,,80083,52,,,0,70,,80082,52,0,61 8,0,31,,80084,52,,,0,70,,80085,52,0,61 8,0,30,,80087,52,0,61 8,0,70,,80086,52,0,61 8,0,31,,80091,52,0,61 8,0,71,,80090,52,0,61 8,0,32,,80092,52,,,0,75,,80088,52,0,61 8,0,68,,80093,52,,,0,30,,80089,52,0,61 8,0,27,,80094,52,,,0,70,,80095,52,0,61 8,0,29,,80096,52,,,0
100,'7_2',748,,82008,52,0,61 8,0,69,,82009,52,,,0,35,,82011,52,0,61 8,0,64,,82012,52,0,61 8,0,30,,82010,52,0,61 8,0,69,,82013,52,0,61 8,0,35,,82014,52,0,61 8,0,71,,82017,52,0,61 8,0,30,,82015,52,0,61 8,0,72,,82016,52,0,61 8,0,31,,82019,52,,,0,70,,82018,52,0,61 8,0,31,,82020,52,,,0,70,,82021,52,0,61 8,0,30,,82023,52,0,61 8,0,70,,82022,52,0,61 8,0,31,,82027,52,0,61 8,0,71,,82026,52,0,61 8,0,32,,82028,52,,,0,75,,82024,52,0,61 8,0,68,,82029,52,,,0,30,,82025,52,0,61 8,0,27,,82030,52,,,0,70,,82031,52,0,61 8,0,29,,82032,52,,,0
100,'7_3',748,,82033,52,0,61 8,0,69,,82034,52,,,0,35,,82036,52,0,61 8,0,64,,82037,52,0,61 8,0,30,,82035,52,0,61 8,0,69,,82038,52,0,61 8,0,35,,82039,52,0,61 8,0,71,,82042,52,0,61 8,0,30,,82040,52,0,61 8,0,72,,82041,52,0,61 8,0,31,,82044,52,,,0,70,,82043,52,0,61 8,0,31,,82045,52,,,0,70,,82046,52,0,61 8,0,30,,82048,52,0,61 8,0,70,,82047,52,0,61 8,0,31,,82052,52,0,61 8,0,71,,82051,52,0,61 8,0,32,,82053,52,,,0,75,,82049,52,0,61 8,0,68,,82054,52,,,0,30,,82050,52,0,61 8,0,27,,82055,52,,,0,70,,82056,52,0,61 8,0,29,,82057,52,,,0
100,'7_4',748,,79112,52,0,61 8,0,69,,79113,52,,,0,35,,79115,52,0,61 8,0,64,,79116,52,0,61 8,0,30,,79114,52,0,61 8,0,69,,79117,52,0,61 8,0,35,,79118,52,0,61 8,0,71,,79121,52,0,61 8,0,30,,79119,52,0,61 8,0,72,,79120,52,0,61 8,0,31,,79123,52,,,0,70,,79122,52,0,61 8,0,31,,79124,52,,,0,70,,79125,52,0,61 8,0,30,,79127,52,0,61 8,0,70,,79126,52,0,61 8,0,31,,79131,52,0,61 8,0,71,,79130,52,0,61 8,0,32,,79132,52,,,0,75,,79128,52,0,61 8,0,68,,79133,52,,,0,30,,79129,52,0,61 8,0,27,,79134,52,,,0,70,,79135,52,0,61 8,0,29,,79136,52,,,0
100,'7_5',748,,80097,52,0,61 8,0,69,,80098,52,,,0,35,,80100,52,0,61 8,0,64,,80101,52,0,61 8,0,30,,80099,52,0,61 8,0,69,,80102,52,0,61 8,0,35,,80103,52,0,61 8,0,71,,80106,52,0,61 8,0,30,,80104,52,0,61 8,0,72,,80105,52,0,61 8,0,31,,80108,52,,,0,70,,80107,52,0,61 8,0,31,,80109,52,,,0,70,,80110,52,0,61 8,0,30,,80112,52,0,61 8,0,70,,80111,52,0,61 8,0,31,,80116,52,0,61 8,0,71,,80115,52,0,61 8,0,32,,80117,52,,,0,75,,80113,52,0,61 8,0,68,,80118,52,,,0,30,,80114,52,0,61 8,0,27,,80119,52,,,0,70,,80120,52,0,61 8,0,29,,80121,52,,,0
