801,'0_4',840,,97113,9,,,0,108,,97114,9,,,0,110,,97115,9,,,0,159,,97107,9,,,0,111,,97116,9,,,0,112,,97117,9,,,0,112,,97118,9,,,0,75,,97108,9,,,0,75,,97109,9,,,0,30,,97110,9,,,0,75,,97111,9,,,0,35,,97112,9,,,0,71,,97119,9,,,0,34,,97120,9,,,0
801,'0_5',840,,97127,9,,,0,108,,97128,9,,,0,110,,97129,9,,,0,159,,97121,9,,,0,111,,97130,9,,,0,112,,97131,9,,,0,112,,97132,9,,,0,75,,97122,9,,,0,75,,97123,9,,,0,30,,97124,9,,,0,75,,97125,9,,,0,35,,97126,9,,,0,71,,97133,9,,,0,34,,97134,9,,,0
801,'1_3',840,,97141,9,,,0,108,,97142,9,,,0,110,,97143,9,,,0,159,,97135,9,,,0,111,,97144,9,,,0,112,,97145,9,,,0,112,,97146,9,,,0,75,,97136,9,,,0,75,,97137,9,,,0,30,,97138,9,,,0,75,,97139,9,,,0,35,,97140,9,,,0,71,,97147,9,,,0,34,,97148,9,,,0
801,'4_1',840,,97155,9,,,0,108,,97156,9,,,0,110,,97157,9,,,0,159,,97149,9,,,0,111,,97158,9,,,0,112,,97159,9,,,0,112,,97160,9,,,0,75,,97150,9,,,0,75,,97151,9,,,0,30,,97152,9,,,0,75,,97153,9,,,0,35,,97154,9,,,0,71,,97161,9,,,0,34,,97162,9,,,0
801,'4_2',840,,97169,9,,,0,108,,97170,9,,,0,110,,97171,9,,,0,159,,97163,9,,,0,111,,97172,9,,,0,112,,97173,9,,,0,112,,97174,9,,,0,75,,97164,9,,,0,75,,97165,9,,,0,30,,97166,9,,,0,75,,97167,9,,,0,35,,97168,9,,,0,71,,97175,9,,,0,34,,97176,9,,,0
801,'4_4',840,,97183,9,,,0,108,,97184,9,,,0,110,,97185,9,,,0,159,,97177,9,,,0,111,,97186,9,,,0,112,,97187,9,,,0,112,,97188,9,,,0,75,,97178,9,,,0,75,,97179,9,,,0,30,,97180,9,,,0,75,,97181,9,,,0,35,,97182,9,,,0,71,,97189,9,,,0,34,,97190,9,,,0
801,'4_5',840,,97197,9,,,0,108,,97198,9,,,0,110,,97199,9,,,0,159,,97191,9,,,0,111,,97200,9,,,0,112,,97201,9,,,0,112,,97202,9,,,0,75,,97192,9,,,0,75,,97193,9,,,0,30,,97194,9,,,0,75,,97195,9,,,0,35,,97196,9,,,0,71,,97203,9,,,0,34,,97204,9,,,0
2201,'0_4',1256,,98569,10,,,0,365,,98573,6,,,0,21,,98570,10,,,0,79,,98574,6,,,0,79,,98571,10,,,0,21,,98575,6,,,0,36,,98572,10,,,0
2201,'0_5',1256,,98576,10,,,0,365,,98580,6,,,0,21,,98577,10,,,0,79,,98581,6,,,0,79,,98578,10,,,0,21,,98582,6,,,0,36,,98579,10,,,0
2201,'1_3',1221,,98587,6,,,0,35,,98583,10,,,0,386,,98584,10,,,0,158,,98585,10,,,0,57,,98586,10,,,0
2201,'4_1',1256,,98588,10,,,0,365,,98592,6,,,0,21,,98589,10,,,0,79,,98593,6,,,0,79,,98590,10,,,0,21,,98594,6,,,0,36,,98591,10,,,0
2201,'4_2',1256,,98595,10,,,0,365,,98599,6,,,0,21,,98596,10,,,0,79,,98600,6,,,0,79,,98597,10,,,0,21,,98601,6,,,0,36,,98598,10,,,0
2201,'4_4',1256,,98602,10,,,0,365,,98606,6,,,0,21,,98603,10,,,0,79,,98607,6,,,0,79,,98604,10,,,0,21,,98608,6,,,0,36,,98605,10,,,0
2201,'4_5',1256,,98609,10,,,0,365,,98613,6,,,0,21,,98610,10,,,0,79,,98614,6,,,0,79,,98611,10,,,0,21,,98615,6,,,0,36,,98612,10,,,0
2400,'0_4',726,,98657,3,,,0
2400,'0_5',726,,98661,3,,,0
2400,'1_3',726,,98665,3,,,0
2400,'4_1',726,,98667,3,,,0
2400,'4_2',726,,98671,3,,,0
2400,'4_4',726,,98675,3,,,0
2400,'4_5',726,,98679,3,,,0
