401,'0_4',711,,96130,26,0,52,0,11,,96100,28,0,41,0,15,,96117,30,0,41,0,16,,96101,28,0,41,0,56,,96124,30,,,0,24,,96102,28,0,41,0,11,,96103,28,0,41,0,79,,96104,28,0,41,0,33,,96105,28,0,41,0,73,,96106,28,0,41,0,75,,96126,28,,,0,30,,96107,28,0,41,0,69,,96108,28,0,41,0,21,,96125,30,,,0,29,,96121,31,0,41,0,71,,96127,28,,,0,34,,96099,31,0,41,0,77,,96109,28,0,41,0,68,,96128,28,,,0,31,,96110,28,0,41,0,25,,96111,28,0,41,0,58,,96112,30,0,41,0,14,,96122,31,0,41,0,21,,96118,28,0,41,0,55,,96113,28,0,41,0,14,,96119,30,0,41,0,12,,96123,31,,,0,71,,96114,28,0,41,0,25,,96120,30,0,41,0,77,,96115,28,0,41,0,20,,96129,28,,,0
401,'0_5',711,,96162,26,0,52,0,11,,96132,28,0,41,0,15,,96149,30,0,41,0,16,,96133,28,0,41,0,56,,96156,30,,,0,24,,96134,28,0,41,0,11,,96135,28,0,41,0,79,,96136,28,0,41,0,33,,96137,28,0,41,0,73,,96138,28,0,41,0,75,,96158,28,,,0,30,,96139,28,0,41,0,69,,96140,28,0,41,0,21,,96157,30,,,0,29,,96153,31,0,41,0,71,,96159,28,,,0,34,,96131,31,0,41,0,77,,96141,28,0,41,0,68,,96160,28,,,0,31,,96142,28,0,41,0,25,,96143,28,0,41,0,58,,96144,30,0,41,0,14,,96154,31,0,41,0,21,,96150,28,0,41,0,55,,96145,28,0,41,0,14,,96151,30,0,41,0,12,,96155,31,,,0,71,,96146,28,0,41,0,25,,96152,30,0,41,0,77,,96147,28,0,41,0,20,,96161,28,,,0
401,'1_3',711,,96194,26,0,52,0,11,,96164,28,0,41,0,15,,96181,30,0,41,0,16,,96165,28,0,41,0,56,,96188,30,,,0,24,,96166,28,0,41,0,11,,96167,28,0,41,0,79,,96168,28,0,41,0,33,,96169,28,0,41,0,73,,96170,28,0,41,0,75,,96190,28,,,0,30,,96171,28,0,41,0,69,,96172,28,0,41,0,21,,96189,30,,,0,29,,96185,31,0,41,0,71,,96191,28,,,0,34,,96163,31,0,41,0,77,,96173,28,0,41,0,68,,96192,28,,,0,31,,96174,28,0,41,0,25,,96175,28,0,41,0,58,,96176,30,0,41,0,14,,96186,31,0,41,0,21,,96182,28,0,41,0,55,,96177,28,0,41,0,14,,96183,30,0,41,0,12,,96187,31,,,0,71,,96178,28,0,41,0,25,,96184,30,0,41,0,77,,96179,28,0,41,0,20,,96193,28,,,0
401,'2_6',710,,96195,28,,,0,116,,96202,28,0,41,0,33,,96196,28,,,0,68,,96203,28,0,41,0,32,,96204,28,0,41,0,68,,96205,28,0,41,0,32,,96197,28,,,0,69,,96206,28,0,41,0,72,,96207,28,0,41,0,30,,96208,28,0,41,0,70,,96198,28,,,0,29,,96209,28,0,41,0,29,,96210,28,0,41,0,71,,96211,28,0,41,0,71,,96199,28,,,0,28,,96212,28,0,41,0,73,,96213,28,0,41,0,33,,96214,28,0,41,0,71,,96200,28,,,0,32,,96215,28,0,41,0,72,,96216,28,0,41,0,31,,96217,28,0,41,0,71,,96218,28,0,41,0,30,,96201,28,,,0
401,'3_7',944,,96219,28,,,0,165,,96220,28,,,0,125,,96221,28,,,0,201,,96222,28,,,0,165,,96223,28,,,0,125,,96224,28,,,0,125,,96225,28,,,0
401,'4_1',711,,96257,26,0,52,0,11,,96227,28,0,41,0,15,,96244,30,0,41,0,16,,96228,28,0,41,0,56,,96251,30,,,0,24,,96229,28,0,41,0,11,,96230,28,0,41,0,79,,96231,28,0,41,0,33,,96232,28,0,41,0,73,,96233,28,0,41,0,75,,96253,28,,,0,30,,96234,28,0,41,0,69,,96235,28,0,41,0,21,,96252,30,,,0,29,,96248,31,0,41,0,71,,96254,28,,,0,34,,96226,31,0,41,0,77,,96236,28,0,41,0,68,,96255,28,,,0,31,,96237,28,0,41,0,25,,96238,28,0,41,0,58,,96239,30,0,41,0,14,,96249,31,0,41,0,21,,96245,28,0,41,0,55,,96240,28,0,41,0,14,,96246,30,0,41,0,12,,96250,31,,,0,71,,96241,28,0,41,0,25,,96247,30,0,41,0,77,,96242,28,0,41,0,20,,96256,28,,,0
401,'4_2',711,,96289,26,0,52,0,11,,96259,28,0,41,0,15,,96276,30,0,41,0,16,,96260,28,0,41,0,56,,96283,30,,,0,24,,96261,28,0,41,0,11,,96262,28,0,41,0,79,,96263,28,0,41,0,33,,96264,28,0,41,0,73,,96265,28,0,41,0,75,,96285,28,,,0,30,,96266,28,0,41,0,69,,96267,28,0,41,0,21,,96284,30,,,0,29,,96280,31,0,41,0,71,,96286,28,,,0,34,,96258,31,0,41,0,77,,96268,28,0,41,0,68,,96287,28,,,0,31,,96269,28,0,41,0,25,,96270,28,0,41,0,58,,96271,30,0,41,0,14,,96281,31,0,41,0,21,,96277,28,0,41,0,55,,96272,28,0,41,0,14,,96278,30,0,41,0,12,,96282,31,,,0,71,,96273,28,0,41,0,25,,96279,30,0,41,0,77,,96274,28,0,41,0,20,,96288,28,,,0
401,'4_4',711,,96321,26,0,52,0,11,,96291,28,0,41,0,15,,96308,30,0,41,0,16,,96292,28,0,41,0,56,,96315,30,,,0,24,,96293,28,0,41,0,11,,96294,28,0,41,0,79,,96295,28,0,41,0,33,,96296,28,0,41,0,73,,96297,28,0,41,0,75,,96317,28,,,0,30,,96298,28,0,41,0,69,,96299,28,0,41,0,21,,96316,30,,,0,29,,96312,31,0,41,0,71,,96318,28,,,0,34,,96290,31,0,41,0,77,,96300,28,0,41,0,68,,96319,28,,,0,31,,96301,28,0,41,0,25,,96302,28,0,41,0,58,,96303,30,0,41,0,14,,96313,31,0,41,0,21,,96309,28,0,41,0,55,,96304,28,0,41,0,14,,96310,30,0,41,0,12,,96314,31,,,0,71,,96305,28,0,41,0,25,,96311,30,0,41,0,77,,96306,28,0,41,0,20,,96320,28,,,0
401,'4_5',711,,96353,26,0,52,0,11,,96323,28,0,41,0,15,,96340,30,0,41,0,16,,96324,28,0,41,0,56,,96347,30,,,0,24,,96325,28,0,41,0,11,,96326,28,0,41,0,79,,96327,28,0,41,0,33,,96328,28,0,41,0,73,,96329,28,0,41,0,75,,96349,28,,,0,30,,96330,28,0,41,0,69,,96331,28,0,41,0,21,,96348,30,,,0,29,,96344,31,0,41,0,71,,96350,28,,,0,34,,96322,31,0,41,0,77,,96332,28,0,41,0,68,,96351,28,,,0,31,,96333,28,0,41,0,25,,96334,28,0,41,0,58,,96335,30,0,41,0,14,,96345,31,0,41,0,21,,96341,28,0,41,0,55,,96336,28,0,41,0,14,,96342,30,0,41,0,12,,96346,31,,,0,71,,96337,28,0,41,0,25,,96343,30,0,41,0,77,,96338,28,0,41,0,20,,96352,28,,,0
401,'5_7',944,,96354,28,,,0,165,,96355,28,,,0,125,,96356,28,,,0,201,,96357,28,,,0,165,,96358,28,,,0,125,,96359,28,,,0,125,,96360,28,,,0
2501,'0_4',710,,98803,16,,,0,30,,98804,16,,,0,85,,98805,16,,,0,77,,98806,16,,,0,36,,98807,16,,,0,112,,98808,16,,,0,166,,98809,16,,,0,120,,98810,16,,,0,117,,98811,16,,,0,157,,98812,16,,,0,101,,98813,16,,,0,98,,98814,16,,,0,119,,98815,16,,,0
2501,'0_5',710,,98816,16,,,0,30,,98817,16,,,0,85,,98818,16,,,0,77,,98819,16,,,0,36,,98820,16,,,0,112,,98821,16,,,0,166,,98822,16,,,0,120,,98823,16,,,0,117,,98824,16,,,0,157,,98825,16,,,0,101,,98826,16,,,0,98,,98827,16,,,0,119,,98828,16,,,0
2501,'1_3',710,,98829,16,,,0,30,,98830,16,,,0,85,,98831,16,,,0,77,,98832,16,,,0,36,,98833,16,,,0,112,,98834,16,,,0,166,,98835,16,,,0,120,,98836,16,,,0,117,,98837,16,,,0,157,,98838,16,,,0,101,,98839,16,,,0,98,,98840,16,,,0,119,,98841,16,,,0
2501,'2_6',713,,98842,16,,,0,112,,98843,16,,,0,126,,98844,16,,,0,152,,98845,16,,,0,113,,98846,16,,,0,128,,98847,16,,,0,168,,98848,16,,,0,121,,98849,16,,,0,121,,98850,16,,,0,157,,98851,16,,,0
2501,'4_1',710,,98852,16,,,0,30,,98853,16,,,0,85,,98854,16,,,0,77,,98855,16,,,0,36,,98856,16,,,0,112,,98857,16,,,0,166,,98858,16,,,0,120,,98859,16,,,0,117,,98860,16,,,0,157,,98861,16,,,0,101,,98862,16,,,0,98,,98863,16,,,0,119,,98864,16,,,0
2501,'4_2',710,,98865,16,,,0,30,,98866,16,,,0,85,,98867,16,,,0,77,,98868,16,,,0,36,,98869,16,,,0,112,,98870,16,,,0,166,,98871,16,,,0,120,,98872,16,,,0,117,,98873,16,,,0,157,,98874,16,,,0,101,,98875,16,,,0,98,,98876,16,,,0,119,,98877,16,,,0
2501,'4_4',710,,98878,16,,,0,30,,98879,16,,,0,85,,98880,16,,,0,77,,98881,16,,,0,36,,98882,16,,,0,112,,98883,16,,,0,166,,98884,16,,,0,120,,98885,16,,,0,117,,98886,16,,,0,157,,98887,16,,,0,101,,98888,16,,,0,98,,98889,16,,,0,119,,98890,16,,,0
2501,'4_5',710,,98891,16,,,0,30,,98892,16,,,0,85,,98893,16,,,0,77,,98894,16,,,0,36,,98895,16,,,0,112,,98896,16,,,0,166,,98897,16,,,0,120,,98898,16,,,0,117,,98899,16,,,0,157,,98900,16,,,0,101,,98901,16,,,0,98,,98902,16,,,0,119,,98903,16,,,0
2601,'0_4',711,,99089,4,,,0,33,,99099,4,,,0,66,,99101,4,,,0,24,,99100,4,,,0,79,,99090,4,,,0,99,,99091,4,,,0,100,,99108,4,,,0,98,,99092,4,,,0,29,,99109,4,,,0,62,,99110,4,,,0,51,,99093,4,,,0,94,,99094,4,,,0,113,,99103,4,,,0,85,,99104,4,,,0,67,,99105,4,,,0,93,,99106,4,,,0,26,,99107,4,,,0,96,,99102,4,,,0
2601,'0_5',711,,99113,4,,,0,33,,99123,4,,,0,66,,99125,4,,,0,24,,99124,4,,,0,79,,99114,4,,,0,99,,99115,4,,,0,100,,99132,4,,,0,98,,99116,4,,,0,29,,99133,4,,,0,62,,99134,4,,,0,51,,99117,4,,,0,94,,99118,4,,,0,113,,99127,4,,,0,85,,99128,4,,,0,67,,99129,4,,,0,93,,99130,4,,,0,26,,99131,4,,,0,96,,99126,4,,,0
2601,'1_3',711,,99137,4,,,0,33,,99146,4,,,0,66,,99148,4,,,0,24,,99147,4,,,0,79,,99138,4,,,0,99,,99139,4,,,0,100,,99155,4,,,0,98,,99140,4,,,0,29,,99156,4,,,0,62,,99157,4,,,0,51,,99141,4,,,0,94,,99142,4,,,0,113,,99150,4,,,0,85,,99151,4,,,0,67,,99152,4,,,0,93,,99153,4,,,0,26,,99154,4,,,0,96,,99149,4,,,0
2601,'2_6',717,,99159,4,,,0,85,,99162,4,,,0,45,,99163,4,,,0,85,,99164,4,,,0,90,,99165,4,,,0,84,,99166,4,,,0,44,,99167,4,,,0,85,,99168,4,,,0,82,,99169,4,,,0,42,,99170,4,,,0,86,,99171,4,,,0,90,,99172,4,,,0,85,,99173,4,,,0,80,,99174,4,,,0,47,,99175,4,,,0,84,,99161,4,,,0,85,,99160,4,,,0
2601,'4_1',711,,99176,4,,,0,33,,99186,4,,,0,66,,99188,4,,,0,24,,99187,4,,,0,79,,99177,4,,,0,99,,99178,4,,,0,100,,99195,4,,,0,98,,99179,4,,,0,29,,99196,4,,,0,62,,99197,4,,,0,51,,99180,4,,,0,94,,99181,4,,,0,113,,99190,4,,,0,85,,99191,4,,,0,67,,99192,4,,,0,93,,99193,4,,,0,26,,99194,4,,,0,96,,99189,4,,,0
2601,'4_2',711,,99200,4,,,0,33,,99210,4,,,0,66,,99212,4,,,0,24,,99211,4,,,0,79,,99201,4,,,0,99,,99202,4,,,0,100,,99219,4,,,0,98,,99203,4,,,0,29,,99220,4,,,0,62,,99221,4,,,0,51,,99204,4,,,0,94,,99205,4,,,0,113,,99214,4,,,0,85,,99215,4,,,0,67,,99216,4,,,0,93,,99217,4,,,0,26,,99218,4,,,0,96,,99213,4,,,0
2601,'4_4',711,,99224,4,,,0,33,,99234,4,,,0,66,,99236,4,,,0,24,,99235,4,,,0,79,,99225,4,,,0,99,,99226,4,,,0,100,,99243,4,,,0,98,,99227,4,,,0,29,,99244,4,,,0,62,,99245,4,,,0,51,,99228,4,,,0,94,,99229,4,,,0,113,,99238,4,,,0,85,,99239,4,,,0,67,,99240,4,,,0,93,,99241,4,,,0,26,,99242,4,,,0,96,,99237,4,,,0
2601,'4_5',711,,99248,4,,,0,33,,99258,4,,,0,66,,99260,4,,,0,24,,99259,4,,,0,79,,99249,4,,,0,99,,99250,4,,,0,100,,99267,4,,,0,98,,99251,4,,,0,29,,99268,4,,,0,62,,99269,4,,,0,51,,99252,4,,,0,94,,99253,4,,,0,113,,99262,4,,,0,85,,99263,4,,,0,67,,99264,4,,,0,93,,99265,4,,,0,26,,99266,4,,,0,96,,99261,4,,,0
3000001,'0_4',649,,103064,13,,,0,58,,103023,13,,,0,20,,103024,13,,,0,21,,103025,13,,,0,60,,103026,13,,,0,21,,103027,13,,,0,20,,103028,13,,,0,60,,103029,13,,,0,20,,103030,13,,,0,20,,103031,13,,,0,60,,103032,13,,,0,20,,103033,13,,,0,20,,103034,13,,,0,59,,103035,13,,,0,19,,103036,13,,,0,21,,103037,13,,,0,59,,103038,13,,,0,22,,103039,13,,,0,20,,103040,13,,,0,59,,103041,13,,,0,19,,103042,13,,,0,20,,103043,13,,,0,61,,103044,13,,,0,20,,103045,13,,,0,20,,103046,13,,,0,61,,103047,13,,,0,22,,103048,13,,,0,20,,103049,13,,,0,59,,103050,13,,,0,11,,103065,10,0,11 12,0,8,,103051,13,,,0,11,,103066,10,0,11 12,0,12,,103052,13,,,0,50,,103067,10,0,11 12,0,11,,103053,13,,,0,11,,103068,10,0,11 12,0,9,,103054,13,,,0,10,,103069,10,0,11 12,0,10,,103055,13,,,0,48,,103070,10,0,11 12,0,9,,103056,13,,,0,10,,103071,10,0,11 12,0,8,,103057,13,,,0,22,,103058,13,,,0,60,,103059,13,,,0,22,,103060,13,,,0,26,,103061,13,,,0,69,,103062,13,,,0,32,,103063,13,,,0
3000001,'0_5',649,,103113,13,,,0,58,,103072,13,,,0,20,,103073,13,,,0,21,,103074,13,,,0,60,,103075,13,,,0,21,,103076,13,,,0,20,,103077,13,,,0,60,,103078,13,,,0,20,,103079,13,,,0,20,,103080,13,,,0,60,,103081,13,,,0,20,,103082,13,,,0,20,,103083,13,,,0,59,,103084,13,,,0,19,,103085,13,,,0,21,,103086,13,,,0,59,,103087,13,,,0,22,,103088,13,,,0,20,,103089,13,,,0,59,,103090,13,,,0,19,,103091,13,,,0,20,,103092,13,,,0,61,,103093,13,,,0,20,,103094,13,,,0,20,,103095,13,,,0,61,,103096,13,,,0,22,,103097,13,,,0,20,,103098,13,,,0,59,,103099,13,,,0,11,,103114,10,0,11 12,0,8,,103100,13,,,0,11,,103115,10,0,11 12,0,12,,103101,13,,,0,50,,103116,10,0,11 12,0,11,,103102,13,,,0,11,,103117,10,0,11 12,0,9,,103103,13,,,0,10,,103118,10,0,11 12,0,10,,103104,13,,,0,48,,103119,10,0,11 12,0,9,,103105,13,,,0,10,,103120,10,0,11 12,0,8,,103106,13,,,0,22,,103107,13,,,0,60,,103108,13,,,0,22,,103109,13,,,0,26,,103110,13,,,0,69,,103111,13,,,0,32,,103112,13,,,0
3000001,'1_3',649,,103162,13,,,0,58,,103121,13,,,0,20,,103122,13,,,0,21,,103123,13,,,0,60,,103124,13,,,0,21,,103125,13,,,0,20,,103126,13,,,0,60,,103127,13,,,0,20,,103128,13,,,0,20,,103129,13,,,0,60,,103130,13,,,0,20,,103131,13,,,0,20,,103132,13,,,0,59,,103133,13,,,0,19,,103134,13,,,0,21,,103135,13,,,0,59,,103136,13,,,0,22,,103137,13,,,0,20,,103138,13,,,0,59,,103139,13,,,0,19,,103140,13,,,0,20,,103141,13,,,0,61,,103142,13,,,0,20,,103143,13,,,0,20,,103144,13,,,0,61,,103145,13,,,0,22,,103146,13,,,0,20,,103147,13,,,0,59,,103148,13,,,0,11,,103163,10,0,11 12,0,8,,103149,13,,,0,11,,103164,10,0,11 12,0,12,,103150,13,,,0,50,,103165,10,0,11 12,0,11,,103151,13,,,0,11,,103166,10,0,11 12,0,9,,103152,13,,,0,10,,103167,10,0,11 12,0,10,,103153,13,,,0,48,,103168,10,0,11 12,0,9,,103154,13,,,0,10,,103169,10,0,11 12,0,8,,103155,13,,,0,22,,103156,13,,,0,60,,103157,13,,,0,22,,103158,13,,,0,26,,103159,13,,,0,69,,103160,13,,,0,32,,103161,13,,,0
3000001,'2_6',641,,103170,13,,,0,80,,103171,13,,,0,84,,103172,13,,,0,38,,103173,13,,,0,60,,103174,13,,,0,20,,103175,13,,,0,20,,103176,13,,,0,60,,103177,13,,,0,20,,103178,13,,,0,20,,103179,13,,,0,60,,103180,13,,,0,19,,103181,13,,,0,21,,103182,13,,,0,61,,103183,13,,,0,19,,103184,13,,,0,19,,103185,13,,,0,60,,103186,13,,,0,20,,103187,13,,,0,20,,103188,13,,,0,60,,103189,13,,,0,20,,103190,13,,,0,20,,103191,13,,,0,61,,103192,13,,,0,20,,103193,13,,,0,20,,103194,13,,,0,60,,103195,13,,,0,20,,103196,13,,,0,21,,103197,13,,,0,60,,103198,13,,,0,20,,103199,13,,,0,20,,103200,13,,,0,59,,103201,13,,,0,20,,103202,13,,,0,20,,103203,13,,,0,58,,103204,13,,,0,31,,103206,13,,,0,69,,103207,13,,,0,30,,103205,13,,,0,69,,103208,13,,,0
3000001,'3_7',847,,103209,13,,,0,170,,103217,13,,,0,130,,103216,13,,,0,170,,103215,13,,,0,130,,103212,13,,,0,170,,103213,13,,,0,130,,103214,13,,,0,170,,103211,13,,,0,130,,103210,13,,,0
3000001,'4_1',649,,103259,13,,,0,58,,103218,13,,,0,20,,103219,13,,,0,21,,103220,13,,,0,60,,103221,13,,,0,21,,103222,13,,,0,20,,103223,13,,,0,60,,103224,13,,,0,20,,103225,13,,,0,20,,103226,13,,,0,60,,103227,13,,,0,20,,103228,13,,,0,20,,103229,13,,,0,59,,103230,13,,,0,19,,103231,13,,,0,21,,103232,13,,,0,59,,103233,13,,,0,22,,103234,13,,,0,20,,103235,13,,,0,59,,103236,13,,,0,19,,103237,13,,,0,20,,103238,13,,,0,61,,103239,13,,,0,20,,103240,13,,,0,20,,103241,13,,,0,61,,103242,13,,,0,22,,103243,13,,,0,20,,103244,13,,,0,59,,103245,13,,,0,11,,103260,10,0,11 12,0,8,,103246,13,,,0,11,,103261,10,0,11 12,0,12,,103247,13,,,0,50,,103262,10,0,11 12,0,11,,103248,13,,,0,11,,103263,10,0,11 12,0,9,,103249,13,,,0,10,,103264,10,0,11 12,0,10,,103250,13,,,0,48,,103265,10,0,11 12,0,9,,103251,13,,,0,10,,103266,10,0,11 12,0,8,,103252,13,,,0,22,,103253,13,,,0,60,,103254,13,,,0,22,,103255,13,,,0,26,,103256,13,,,0,69,,103257,13,,,0,32,,103258,13,,,0
3000001,'4_2',649,,103308,13,,,0,58,,103267,13,,,0,20,,103268,13,,,0,21,,103269,13,,,0,60,,103270,13,,,0,21,,103271,13,,,0,20,,103272,13,,,0,60,,103273,13,,,0,20,,103274,13,,,0,20,,103275,13,,,0,60,,103276,13,,,0,20,,103277,13,,,0,20,,103278,13,,,0,59,,103279,13,,,0,19,,103280,13,,,0,21,,103281,13,,,0,59,,103282,13,,,0,22,,103283,13,,,0,20,,103284,13,,,0,59,,103285,13,,,0,19,,103286,13,,,0,20,,103287,13,,,0,61,,103288,13,,,0,20,,103289,13,,,0,20,,103290,13,,,0,61,,103291,13,,,0,22,,103292,13,,,0,20,,103293,13,,,0,59,,103294,13,,,0,11,,103309,10,0,11 12,0,8,,103295,13,,,0,11,,103310,10,0,11 12,0,12,,103296,13,,,0,50,,103311,10,0,11 12,0,11,,103297,13,,,0,11,,103312,10,0,11 12,0,9,,103298,13,,,0,10,,103313,10,0,11 12,0,10,,103299,13,,,0,48,,103314,10,0,11 12,0,9,,103300,13,,,0,10,,103315,10,0,11 12,0,8,,103301,13,,,0,22,,103302,13,,,0,60,,103303,13,,,0,22,,103304,13,,,0,26,,103305,13,,,0,69,,103306,13,,,0,32,,103307,13,,,0
3000001,'4_4',649,,103357,13,,,0,58,,103316,13,,,0,20,,103317,13,,,0,21,,103318,13,,,0,60,,103319,13,,,0,21,,103320,13,,,0,20,,103321,13,,,0,60,,103322,13,,,0,20,,103323,13,,,0,20,,103324,13,,,0,60,,103325,13,,,0,20,,103326,13,,,0,20,,103327,13,,,0,59,,103328,13,,,0,19,,103329,13,,,0,21,,103330,13,,,0,59,,103331,13,,,0,22,,103332,13,,,0,20,,103333,13,,,0,59,,103334,13,,,0,19,,103335,13,,,0,20,,103336,13,,,0,61,,103337,13,,,0,20,,103338,13,,,0,20,,103339,13,,,0,61,,103340,13,,,0,22,,103341,13,,,0,20,,103342,13,,,0,59,,103343,13,,,0,11,,103358,10,0,11 12,0,8,,103344,13,,,0,11,,103359,10,0,11 12,0,12,,103345,13,,,0,50,,103360,10,0,11 12,0,11,,103346,13,,,0,11,,103361,10,0,11 12,0,9,,103347,13,,,0,10,,103362,10,0,11 12,0,10,,103348,13,,,0,48,,103363,10,0,11 12,0,9,,103349,13,,,0,10,,103364,10,0,11 12,0,8,,103350,13,,,0,22,,103351,13,,,0,60,,103352,13,,,0,22,,103353,13,,,0,26,,103354,13,,,0,69,,103355,13,,,0,32,,103356,13,,,0
3000001,'4_5',649,,103406,13,,,0,58,,103365,13,,,0,20,,103366,13,,,0,21,,103367,13,,,0,60,,103368,13,,,0,21,,103369,13,,,0,20,,103370,13,,,0,60,,103371,13,,,0,20,,103372,13,,,0,20,,103373,13,,,0,60,,103374,13,,,0,20,,103375,13,,,0,20,,103376,13,,,0,59,,103377,13,,,0,19,,103378,13,,,0,21,,103379,13,,,0,59,,103380,13,,,0,22,,103381,13,,,0,20,,103382,13,,,0,59,,103383,13,,,0,19,,103384,13,,,0,20,,103385,13,,,0,61,,103386,13,,,0,20,,103387,13,,,0,20,,103388,13,,,0,61,,103389,13,,,0,22,,103390,13,,,0,20,,103391,13,,,0,59,,103392,13,,,0,11,,103407,10,0,11 12,0,8,,103393,13,,,0,11,,103408,10,0,11 12,0,12,,103394,13,,,0,50,,103409,10,0,11 12,0,11,,103395,13,,,0,11,,103410,10,0,11 12,0,9,,103396,13,,,0,10,,103411,10,0,11 12,0,10,,103397,13,,,0,48,,103412,10,0,11 12,0,9,,103398,13,,,0,10,,103413,10,0,11 12,0,8,,103399,13,,,0,22,,103400,13,,,0,60,,103401,13,,,0,22,,103402,13,,,0,26,,103403,13,,,0,69,,103404,13,,,0,32,,103405,13,,,0
3000001,'5_7',847,,103414,13,,,0,170,,103422,13,,,0,130,,103421,13,,,0,170,,103420,13,,,0,130,,103417,13,,,0,170,,103418,13,,,0,130,,103419,13,,,0,170,,103416,13,,,0,130,,103415,13,,,0
