401,'0_6',726,,65084,39,,,0,125,,65083,39,0,41,0,71,,65081,39,,,0,23,,65070,39,0,41,0,72,,65082,39,0,41,0,30,,65071,39,0,41,0,75,,65077,39,,,0,26,,65072,39,0,41,0,73,,65073,39,0,41,0,32,,65089,39,0,41,0,72,,65091,39,,,0,32,,65078,39,0,41,0,69,,65069,39,0,41,0,28,,65074,39,0,41,0,68,,65079,39,,,0,27,,65075,39,0,41,0,70,,65092,39,0,41,0,31,,65088,39,0,41,0,66,,65085,39,,,0,25,,65086,39,0,41,0,66,,65090,39,,,0,35,,65087,39,0,41,0,75,,65076,39,0,41,0,34,,65080,39,,,0
401,'1_7',1000,,65093,39,,,0,125,,65094,39,,,0,125,,65095,39,,,0,201,,65096,39,,,0,165,,65097,39,,,0,125,,65098,39,,,0,165,,65099,39,,,0
401,'3_1',726,,65240,47,,,0,16,,65241,41,0,41,0,79,,65252,41,0,41,0,35,,65231,42,0,41,0,66,,65253,39,,,0,26,,65232,39,0,41,0,69,,65254,39,0,41,0,30,,65233,39,0,41,0,75,,65248,39,,,0,30,,65234,39,0,41,0,70,,65235,39,0,41,0,32,,65247,41,0,41,0,76,,65245,42,,,0,70,,65249,39,0,41,0,26,,65230,39,0,41,0,28,,65236,39,0,41,0,68,,65250,39,,,0,25,,65237,39,0,41,0,72,,65238,39,,,0,25,,65246,42,0,41,0,68,,65242,41,,,0,29,,65243,44,0,41,0,78,,65255,42,,,0,23,,65244,41,0,41,0,70,,65239,39,0,41,0,37,,65251,39,,,0
401,'3_2',726,,73228,47,,,0,16,,73229,41,0,41,0,79,,73240,41,0,41,0,35,,73219,42,0,41,0,66,,73241,39,,,0,26,,73220,39,0,41,0,69,,73242,39,0,41,0,30,,73221,39,0,41,0,75,,73236,39,,,0,30,,73222,39,0,41,0,70,,73223,39,0,41,0,32,,73235,41,0,41,0,76,,73233,42,,,0,70,,73237,39,0,41,0,26,,73218,39,0,41,0,28,,73224,39,0,41,0,68,,73238,39,,,0,25,,73225,39,0,41,0,72,,73226,39,,,0,25,,73234,42,0,41,0,68,,73230,41,,,0,29,,73231,44,0,41,0,78,,73243,42,,,0,23,,73232,41,0,41,0,70,,73227,39,0,41,0,37,,73239,39,,,0
401,'3_3',726,,65266,47,,,0,16,,65267,41,0,41,0,79,,65278,41,0,41,0,35,,65257,42,0,41,0,66,,65279,39,,,0,26,,65258,39,0,41,0,69,,65280,39,0,41,0,30,,65259,39,0,41,0,75,,65274,39,,,0,30,,65260,39,0,41,0,70,,65261,39,0,41,0,32,,65273,41,0,41,0,76,,65271,42,,,0,70,,65275,39,0,41,0,26,,65256,39,0,41,0,28,,65262,39,0,41,0,68,,65276,39,,,0,25,,65263,39,0,41,0,72,,65264,39,,,0,25,,65272,42,0,41,0,68,,65268,41,,,0,29,,65269,44,0,41,0,78,,65281,42,,,0,23,,65270,41,0,41,0,70,,65265,39,0,41,0,37,,65277,39,,,0
401,'3_4',726,,65292,47,,,0,16,,65293,41,0,41,0,79,,65304,41,0,41,0,35,,65283,42,0,41,0,66,,65305,39,,,0,26,,65284,39,0,41,0,69,,65306,39,0,41,0,30,,65285,39,0,41,0,75,,65300,39,,,0,30,,65286,39,0,41,0,70,,65287,39,0,41,0,32,,65299,41,0,41,0,76,,65297,42,,,0,70,,65301,39,0,41,0,26,,65282,39,0,41,0,28,,65288,39,0,41,0,68,,65302,39,,,0,25,,65289,39,0,41,0,72,,65290,39,,,0,25,,65298,42,0,41,0,68,,65294,41,,,0,29,,65295,44,0,41,0,78,,65307,42,,,0,23,,65296,41,0,41,0,70,,65291,39,0,41,0,37,,65303,39,,,0
401,'3_5',726,,65318,47,,,0,16,,65319,41,0,41,0,79,,65330,41,0,41,0,35,,65309,42,0,41,0,66,,65331,39,,,0,26,,65310,39,0,41,0,69,,65332,39,0,41,0,30,,65311,39,0,41,0,75,,65326,39,,,0,30,,65312,39,0,41,0,70,,65313,39,0,41,0,32,,65325,41,0,41,0,76,,65323,42,,,0,70,,65327,39,0,41,0,26,,65308,39,0,41,0,28,,65314,39,0,41,0,68,,65328,39,,,0,25,,65315,39,0,41,0,72,,65316,39,,,0,25,,65324,42,0,41,0,68,,65320,41,,,0,29,,65321,44,0,41,0,78,,65333,42,,,0,23,,65322,41,0,41,0,70,,65317,39,0,41,0,37,,65329,39,,,0
401,'5_1',726,,74188,47,,,0,16,,74189,41,0,41,0,79,,74200,41,0,41,0,35,,74179,42,0,41,0,66,,74201,39,,,0,26,,74180,39,0,41,0,69,,74202,39,0,41,0,30,,74181,39,0,41,0,75,,74196,39,,,0,30,,74182,39,0,41,0,70,,74183,39,0,41,0,32,,74195,41,0,41,0,76,,74193,42,,,0,70,,74197,39,0,41,0,26,,74178,39,0,41,0,28,,74184,39,0,41,0,68,,74198,39,,,0,25,,74185,39,0,41,0,72,,74186,39,,,0,25,,74194,42,0,41,0,68,,74190,41,,,0,29,,74191,44,0,41,0,78,,74203,42,,,0,23,,74192,41,0,41,0,70,,74187,39,0,41,0,37,,74199,39,,,0
401,'5_2',726,,75558,47,,,0,16,,75559,41,0,41,0,79,,75570,41,0,41,0,35,,75549,42,0,41,0,66,,75571,39,,,0,26,,75550,39,0,41,0,69,,75572,39,0,41,0,30,,75551,39,0,41,0,75,,75566,39,,,0,30,,75552,39,0,41,0,70,,75553,39,0,41,0,32,,75565,41,0,41,0,76,,75563,42,,,0,70,,75567,39,0,41,0,26,,75548,39,0,41,0,28,,75554,39,0,41,0,68,,75568,39,,,0,25,,75555,39,0,41,0,72,,75556,39,,,0,25,,75564,42,0,41,0,68,,75560,41,,,0,29,,75561,44,0,41,0,78,,75573,42,,,0,23,,75562,41,0,41,0,70,,75557,39,0,41,0,37,,75569,39,,,0
401,'5_3',726,,75584,47,,,0,16,,75585,41,0,41,0,79,,75596,41,0,41,0,35,,75575,42,0,41,0,66,,75597,39,,,0,26,,75576,39,0,41,0,69,,75598,39,0,41,0,30,,75577,39,0,41,0,75,,75592,39,,,0,30,,75578,39,0,41,0,70,,75579,39,0,41,0,32,,75591,41,0,41,0,76,,75589,42,,,0,70,,75593,39,0,41,0,26,,75574,39,0,41,0,28,,75580,39,0,41,0,68,,75594,39,,,0,25,,75581,39,0,41,0,72,,75582,39,,,0,25,,75590,42,0,41,0,68,,75586,41,,,0,29,,75587,44,0,41,0,78,,75599,42,,,0,23,,75588,41,0,41,0,70,,75583,39,0,41,0,37,,75595,39,,,0
401,'5_4',726,,75610,47,,,0,16,,75611,41,0,41,0,79,,75622,41,0,41,0,35,,75601,42,0,41,0,66,,75623,39,,,0,26,,75602,39,0,41,0,69,,75624,39,0,41,0,30,,75603,39,0,41,0,75,,75618,39,,,0,30,,75604,39,0,41,0,70,,75605,39,0,41,0,32,,75617,41,0,41,0,76,,75615,42,,,0,70,,75619,39,0,41,0,26,,75600,39,0,41,0,28,,75606,39,0,41,0,68,,75620,39,,,0,25,,75607,39,0,41,0,72,,75608,39,,,0,25,,75616,42,0,41,0,68,,75612,41,,,0,29,,75613,44,0,41,0,78,,75625,42,,,0,23,,75614,41,0,41,0,70,,75609,39,0,41,0,37,,75621,39,,,0
701,'0_6',729,,66147,22,,,0,110,,66148,22,,,0,110,,66149,22,,,0,110,,66150,22,,,0,150,,66151,22,,,0,110,,66152,22,,,0,110,,66153,22,,,0,110,,66154,22,,,0,110,,66155,22,,,0,110,,66145,22,,,0,150,,66146,22,,,0
701,'3_1',731,,66211,22,,,0,111,,66212,22,,,0,108,,66213,22,,,0,150,,66214,22,,,0,111,,66215,22,,,0,110,,66216,22,,,0,110,,66217,22,,,0,110,,66218,22,,,0,110,,66219,22,,,0,151,,66220,22,,,0,108,,66221,22,,,0
701,'3_2',731,,73319,22,,,0,111,,73320,22,,,0,108,,73321,22,,,0,150,,73322,22,,,0,111,,73323,22,,,0,110,,73324,22,,,0,110,,73325,22,,,0,110,,73326,22,,,0,110,,73327,22,,,0,151,,73328,22,,,0,108,,73329,22,,,0
701,'3_3',731,,66222,22,,,0,111,,66223,22,,,0,108,,66224,22,,,0,150,,66225,22,,,0,111,,66226,22,,,0,110,,66227,22,,,0,110,,66228,22,,,0,110,,66229,22,,,0,110,,66230,22,,,0,151,,66231,22,,,0,108,,66232,22,,,0
701,'3_4',731,,66233,22,,,0,111,,66234,22,,,0,108,,66235,22,,,0,150,,66236,22,,,0,111,,66237,22,,,0,110,,66238,22,,,0,110,,66239,22,,,0,110,,66240,22,,,0,110,,66241,22,,,0,151,,66242,22,,,0,108,,66243,22,,,0
701,'3_5',731,,66244,22,,,0,111,,66245,22,,,0,108,,66246,22,,,0,150,,66247,22,,,0,111,,66248,22,,,0,110,,66249,22,,,0,110,,66250,22,,,0,110,,66251,22,,,0,110,,66252,22,,,0,151,,66253,22,,,0,108,,66254,22,,,0
701,'5_1',731,,74279,22,,,0,111,,74280,22,,,0,108,,74281,22,,,0,150,,74282,22,,,0,111,,74283,22,,,0,110,,74284,22,,,0,110,,74285,22,,,0,110,,74286,22,,,0,110,,74287,22,,,0,151,,74288,22,,,0,108,,74289,22,,,0
701,'5_2',731,,75851,22,,,0,111,,75852,22,,,0,108,,75853,22,,,0,150,,75854,22,,,0,111,,75855,22,,,0,110,,75856,22,,,0,110,,75857,22,,,0,110,,75858,22,,,0,110,,75859,22,,,0,151,,75860,22,,,0,108,,75861,22,,,0
701,'5_3',731,,75862,22,,,0,111,,75863,22,,,0,108,,75864,22,,,0,150,,75865,22,,,0,111,,75866,22,,,0,110,,75867,22,,,0,110,,75868,22,,,0,110,,75869,22,,,0,110,,75870,22,,,0,151,,75871,22,,,0,108,,75872,22,,,0
701,'5_4',731,,75873,22,,,0,111,,75874,22,,,0,108,,75875,22,,,0,150,,75876,22,,,0,111,,75877,22,,,0,110,,75878,22,,,0,110,,75879,22,,,0,110,,75880,22,,,0,110,,75881,22,,,0,151,,75882,22,,,0,108,,75883,22,,,0
