900,'0_4',1018,,97215,1,0,50,0,93,,97216,1,,,0,105,,97217,1,,,0,284,,97218,1,,,0,110,,97219,1,,,0
900,'0_5',1018,,97234,1,0,50,0,93,,97235,1,,,0,105,,97236,1,,,0,284,,97237,1,,,0,110,,97238,1,,,0
900,'1_3',1018,,97253,1,0,50,0,93,,97254,1,,,0,105,,97255,1,,,0,284,,97256,1,,,0,110,,97257,1,,,0
900,'2_6',629,,97264,1,,,0,98,,97265,1,,,0,118,,97263,1,0,50,0,196,,97266,1,,,0,167,,97272,1,0,50,0,196,,97267,1,,,0,317,,97268,1,,,0,101,,97269,1,,,0
900,'4_1',1018,,97284,1,0,50,0,93,,97285,1,,,0,105,,97286,1,,,0,284,,97287,1,,,0,110,,97288,1,,,0
900,'4_2',1018,,97303,1,0,50,0,93,,97304,1,,,0,105,,97305,1,,,0,284,,97306,1,,,0,110,,97307,1,,,0
900,'4_4',1018,,97322,1,0,50,0,93,,97323,1,,,0,105,,97324,1,,,0,284,,97325,1,,,0,110,,97326,1,,,0
900,'4_5',1018,,97341,1,0,50,0,93,,97342,1,,,0,105,,97343,1,,,0,284,,97344,1,,,0,110,,97345,1,,,0
901,'0_4',1009,,97356,29,4,,0,95,,97360,14,4,,0,98,,97357,29,4,,0,247,,97358,29,4,,0,152,,97359,29,4,,0,109,,97364,15,,,0
901,'0_5',1009,,97372,29,4,,0,95,,97376,14,4,,0,98,,97373,29,4,,0,247,,97374,29,4,,0,152,,97375,29,4,,0,109,,97380,15,,,0
901,'1_3',1009,,97388,29,4,,0,95,,97392,14,4,,0,98,,97389,29,4,,0,247,,97390,29,4,,0,152,,97391,29,4,,0,109,,97396,15,,,0
901,'2_6',834,,97398,29,4,,0,193,,97403,15,4,,0,126,,97404,15,4,,0,192,,97405,15,4,,0,360,,97399,29,4,,0,102,,97400,29,4,,0,131,,97401,29,4,,0,88,,97402,29,4,,0
901,'4_1',1009,,97417,29,4,,0,95,,97421,14,4,,0,98,,97418,29,4,,0,247,,97419,29,4,,0,152,,97420,29,4,,0,109,,97425,15,,,0
901,'4_2',1009,,97433,29,4,,0,95,,97437,14,4,,0,98,,97434,29,4,,0,247,,97435,29,4,,0,152,,97436,29,4,,0,109,,97441,15,,,0
901,'4_4',1009,,97449,29,4,,0,95,,97453,14,4,,0,98,,97450,29,4,,0,247,,97451,29,4,,0,152,,97452,29,4,,0,109,,97457,15,,,0
901,'4_5',1009,,97465,29,4,,0,95,,97469,14,4,,0,98,,97466,29,4,,0,247,,97467,29,4,,0,152,,97468,29,4,,0,109,,97473,15,,,0
1700,'0_4',735,,98112,4,,,0,83,,98113,4,4,,0,84,,98114,4,,,0
1700,'0_5',735,,98117,4,,,0,83,,98118,4,4,,0,84,,98119,4,,,0
1700,'1_3',735,,98122,4,,,0,83,,98123,4,4,,0,84,,98124,4,,,0
1700,'4_1',735,,98128,4,,,0,83,,98129,4,4,,0,84,,98130,4,,,0
1700,'4_2',735,,98133,4,,,0,83,,98134,4,4,,0,84,,98135,4,,,0
1700,'4_4',735,,98138,4,,,0,83,,98139,4,4,,0,84,,98140,4,,,0
1700,'4_5',735,,98143,4,,,0,83,,98144,4,4,,0,84,,98145,4,,,0
1701,'0_4',1605,,98149,1,,,0,105,,98150,1,,,0
1701,'0_5',1605,,98155,1,,,0,105,,98156,1,,,0
1701,'1_3',1135,,98161,1,,,0
1701,'4_1',1605,,98167,1,,,0,105,,98168,1,,,0
1701,'4_2',1605,,98173,1,,,0,105,,98174,1,,,0
1701,'4_4',1605,,98179,1,,,0,105,,98180,1,,,0
1701,'4_5',1605,,98185,1,,,0,105,,98186,1,,,0
