501,'S2-0_2',958,,86513,39,,,0,146,,86514,39,,,0,101,,86515,39,,,0,45,,86516,39,,,0,94,,86517,39,,,0,98,,86518,39,,,0,103,,86519,39,,,0,103,,86520,39,,,0,107,,86521,39,,,0,101,,86525,39,,,0,164,,86526,39,,,0
501,'S2-0_4',958,,86527,39,,,0,146,,86528,39,,,0,101,,86529,39,,,0,45,,86530,39,,,0,94,,86531,39,,,0,98,,86532,39,,,0,103,,86533,39,,,0,103,,86534,39,,,0,107,,86535,39,,,0,101,,86539,39,,,0,164,,86540,39,,,0
501,'S2-0_5',958,,86541,39,,,0,146,,86542,39,,,0,101,,86543,39,,,0,45,,86544,39,,,0,94,,86545,39,,,0,98,,86546,39,,,0,103,,86547,39,,,0,103,,86548,39,,,0,107,,86549,39,,,0,101,,86553,39,,,0,164,,86554,39,,,0
501,'S2-1_3',958,,86555,39,,,0,146,,86556,39,,,0,101,,86557,39,,,0,45,,86558,39,,,0,94,,86559,39,,,0,98,,86560,39,,,0,103,,86561,39,,,0,103,,86562,39,,,0,107,,86563,39,,,0,101,,86565,39,,,0,164,,86566,39,,,0
501,'S2-2_6',849,,86567,39,,,0,101,,86568,39,,,0,101,,86569,39,,,0,100,,86570,39,,,0,99,,86571,39,,,0,94,,86572,39,,,0,99,,86573,39,,,0,101,,86574,39,,,0,99,,86575,39,,,0,104,,86576,39,,,0,98,,86577,39,,,0,185,,86578,39,,,0
501,'S2-4_1',958,,86579,39,,,0,146,,86580,39,,,0,101,,86581,39,,,0,45,,86582,39,,,0,94,,86583,39,,,0,98,,86584,39,,,0,103,,86585,39,,,0,103,,86586,39,,,0,107,,86587,39,,,0,101,,86591,39,,,0,164,,86592,39,,,0
501,'S2-4_2',958,,86593,39,,,0,146,,86594,39,,,0,101,,86595,39,,,0,45,,86596,39,,,0,94,,86597,39,,,0,98,,86598,39,,,0,103,,86599,39,,,0,103,,86600,39,,,0,107,,86601,39,,,0,101,,86605,39,,,0,164,,86606,39,,,0
501,'S2-4_4',958,,86607,39,,,0,146,,86608,39,,,0,101,,86609,39,,,0,45,,86610,39,,,0,94,,86611,39,,,0,98,,86612,39,,,0,103,,86613,39,,,0,103,,86614,39,,,0,107,,86615,39,,,0,101,,86619,39,,,0,164,,86620,39,,,0
2900501,'S2-0_2',1757,,92488,12,,,0,150,,92489,12,,,0
2900501,'S2-0_4',1757,,92490,12,,,0,150,,92491,12,,,0
2900501,'S2-0_5',1757,,92492,12,,,0,150,,92493,12,,,0
2900501,'S2-1_3',1302,,92494,12,,,0,455,,92495,12,,,0,150,,92496,12,,,0
2900501,'S2-4_1',1757,,92497,12,,,0,150,,92498,12,,,0
2900501,'S2-4_2',1757,,92499,12,,,0,150,,92500,12,,,0
2900501,'S2-4_4',1757,,92501,12,,,0,150,,92502,12,,,0
