400,'0_4',924,,95827,7,0,40,0,303,,95848,7,0,40,0,124,,95836,7,0,40,0,104,,95837,7,0,40,0,165,,95838,7,0,40,0,119,,95840,7,0,40,0,164,,95843,7,0,40,0
400,'0_5',924,,95861,7,0,40,0,303,,95882,7,0,40,0,124,,95870,7,0,40,0,104,,95871,7,0,40,0,165,,95872,7,0,40,0,119,,95874,7,0,40,0,164,,95877,7,0,40,0
400,'1_3',924,,95895,7,0,40,0,303,,95915,7,0,40,0,124,,95904,7,0,40,0,104,,95905,7,0,40,0,165,,95906,7,0,40,0,119,,95908,7,0,40,0,164,,95911,7,0,40,0
400,'2_6',826,,95923,7,0,40,0,198,,95924,7,0,40,0,200,,95925,7,0,40,0,201,,95926,7,0,40,0,202,,95927,7,0,40,0,209,,95928,7,0,40,0
400,'3_7',807,,95947,7,0,40,0,125,,95948,7,0,40,0,125,,95949,7,0,40,0,200,,95950,7,0,40,0,165,,95951,7,0,40,0,125,,95952,7,0,40,0,166,,95953,7,0,40,0,125,,95954,7,0,40,0
400,'4_1',924,,95960,7,0,40,0,303,,95981,7,0,40,0,124,,95969,7,0,40,0,104,,95970,7,0,40,0,165,,95971,7,0,40,0,119,,95973,7,0,40,0,164,,95976,7,0,40,0
400,'4_2',924,,95994,7,0,40,0,303,,96015,7,0,40,0,124,,96003,7,0,40,0,104,,96004,7,0,40,0,165,,96005,7,0,40,0,119,,96007,7,0,40,0,164,,96010,7,0,40,0
400,'4_4',924,,96028,7,0,40,0,303,,96049,7,0,40,0,124,,96037,7,0,40,0,104,,96038,7,0,40,0,165,,96039,7,0,40,0,119,,96041,7,0,40,0,164,,96044,7,0,40,0
400,'4_5',924,,96062,7,0,40,0,303,,96083,7,0,40,0,124,,96071,7,0,40,0,104,,96072,7,0,40,0,165,,96073,7,0,40,0,119,,96075,7,0,40,0,164,,96078,7,0,40,0
400,'5_7',807,,96091,7,0,40,0,125,,96092,7,0,40,0,125,,96093,7,0,40,0,200,,96094,7,0,40,0,165,,96095,7,0,40,0,125,,96096,7,0,40,0,166,,96097,7,0,40,0,125,,96098,7,0,40,0
2901200,'0_4',643,,102597,7,,,0,104,,102596,7,,,0
2901200,'0_5',643,,102599,7,,,0,104,,102598,7,,,0
2901200,'1_3',643,,102601,7,,,0,104,,102600,7,,,0
2901200,'4_1',643,,102603,7,,,0,104,,102602,7,,,0
2901200,'4_2',643,,102605,7,,,0,104,,102604,7,,,0
2901200,'4_4',643,,102607,7,,,0,104,,102606,7,,,0
2901200,'4_5',643,,102609,7,,,0,104,,102608,7,,,0
