300,'0_4',654,,95299,15,,,0,64,,95300,15,,,0,32,,95301,15,,,0,64,,95302,15,,,0,25,,95303,15,,,0,70,,95304,15,,,0,32,,95305,15,,,0,72,,95306,15,,,0,32,,95307,15,,,0,72,,95308,15,,,0,32,,95309,15,,,0,72,,95310,15,,,0,32,,95311,15,,,0,72,,95312,15,,,0,32,,95313,15,,,0,72,,95314,15,,,0,72,,95315,15,,,0,33,,95316,15,,,0,70,,95318,15,,,0,27,,95319,15,,,0,28,,95320,15,,,0,69,,95321,15,,,0,30,,95322,15,,,0,70,,95326,15,,,0,31,,95323,15,,,0,71,,95324,15,,,0,73,,95325,15,,,0,30,,95317,15,,,0
300,'0_5',654,,95327,15,,,0,64,,95328,15,,,0,32,,95329,15,,,0,64,,95330,15,,,0,25,,95331,15,,,0,70,,95332,15,,,0,32,,95333,15,,,0,72,,95334,15,,,0,32,,95335,15,,,0,72,,95336,15,,,0,32,,95337,15,,,0,72,,95338,15,,,0,32,,95339,15,,,0,72,,95340,15,,,0,32,,95341,15,,,0,72,,95342,15,,,0,72,,95343,15,,,0,33,,95344,15,,,0,70,,95346,15,,,0,27,,95347,15,,,0,28,,95348,15,,,0,69,,95349,15,,,0,30,,95350,15,,,0,70,,95354,15,,,0,31,,95351,15,,,0,71,,95352,15,,,0,73,,95353,15,,,0,30,,95345,15,,,0
300,'1_3',654,,95355,15,,,0,64,,95356,15,,,0,32,,95357,15,,,0,64,,95358,15,,,0,25,,95359,15,,,0,70,,95360,15,,,0,32,,95361,15,,,0,72,,95362,15,,,0,32,,95363,15,,,0,72,,95364,15,,,0,32,,95365,15,,,0,72,,95366,15,,,0,32,,95367,15,,,0,72,,95368,15,,,0,32,,95369,15,,,0,72,,95370,15,,,0,72,,95371,15,,,0,33,,95372,15,,,0,70,,95374,15,,,0,27,,95375,15,,,0,28,,95376,15,,,0,69,,95377,15,,,0,30,,95378,15,,,0,70,,95382,15,,,0,31,,95379,15,,,0,71,,95380,15,,,0,73,,95381,15,,,0,30,,95373,15,,,0
300,'2_6',657,,95383,15,,,0,70,,95385,15,,,0,29,,95386,15,,,0,70,,95384,15,,,0,30,,95388,15,,,0,69,,95389,15,,,0,28,,95387,15,,,0,71,,95390,15,,,0,30,,95391,15,,,0,70,,95394,15,,,0,30,,95393,15,,,0,69,,95392,15,,,0,29,,95396,15,,,0,70,,95395,15,,,0,29,,95397,15,,,0,69,,95398,15,,,0,32,,95399,15,,,0,72,,95400,15,,,0,31,,95401,15,,,0,71,,95402,15,,,0,32,,95403,15,,,0,72,,95404,15,,,0,70,,95405,15,,,0,31,,95410,15,,,0,71,,95406,15,,,0,30,,95407,15,,,0,25,,95408,15,,,0,70,,95409,15,,,0
300,'3_7',901,,95433,15,,,0,32,,95434,15,,,0,75,,95435,15,,,0,34,,95436,15,,,0,72,,95427,15,,,0,33,,95432,15,,,0,73,,95431,15,,,0,33,,95430,15,,,0,72,,95429,15,,,0,31,,95411,15,,,0,68,,95412,15,,,0,29,,95413,15,,,0,68,,95414,15,,,0,28,,95415,15,,,0,68,,95416,15,,,0,32,,95417,15,,,0,68,,95418,15,,,0,27,,95419,15,,,0,68,,95420,15,,,0,29,,95421,15,,,0,67,,95422,15,,,0,26,,95423,15,,,0,66,,95424,15,,,0,24,,95425,15,,,0,24,,95428,15,,,0,66,,95426,15,,,0
300,'4_1',654,,95437,15,,,0,64,,95438,15,,,0,32,,95439,15,,,0,64,,95440,15,,,0,25,,95441,15,,,0,70,,95442,15,,,0,32,,95443,15,,,0,72,,95444,15,,,0,32,,95445,15,,,0,72,,95446,15,,,0,32,,95447,15,,,0,72,,95448,15,,,0,32,,95449,15,,,0,72,,95450,15,,,0,32,,95451,15,,,0,72,,95452,15,,,0,72,,95453,15,,,0,33,,95454,15,,,0,70,,95456,15,,,0,27,,95457,15,,,0,28,,95458,15,,,0,69,,95459,15,,,0,30,,95460,15,,,0,70,,95464,15,,,0,31,,95461,15,,,0,71,,95462,15,,,0,73,,95463,15,,,0,30,,95455,15,,,0
300,'4_2',654,,95465,15,,,0,64,,95466,15,,,0,32,,95467,15,,,0,64,,95468,15,,,0,25,,95469,15,,,0,70,,95470,15,,,0,32,,95471,15,,,0,72,,95472,15,,,0,32,,95473,15,,,0,72,,95474,15,,,0,32,,95475,15,,,0,72,,95476,15,,,0,32,,95477,15,,,0,72,,95478,15,,,0,32,,95479,15,,,0,72,,95480,15,,,0,72,,95481,15,,,0,33,,95482,15,,,0,70,,95484,15,,,0,27,,95485,15,,,0,28,,95486,15,,,0,69,,95487,15,,,0,30,,95488,15,,,0,70,,95492,15,,,0,31,,95489,15,,,0,71,,95490,15,,,0,73,,95491,15,,,0,30,,95483,15,,,0
300,'4_4',654,,95493,15,,,0,64,,95494,15,,,0,32,,95495,15,,,0,64,,95496,15,,,0,25,,95497,15,,,0,70,,95498,15,,,0,32,,95499,15,,,0,72,,95500,15,,,0,32,,95501,15,,,0,72,,95502,15,,,0,32,,95503,15,,,0,72,,95504,15,,,0,32,,95505,15,,,0,72,,95506,15,,,0,32,,95507,15,,,0,72,,95508,15,,,0,72,,95509,15,,,0,33,,95510,15,,,0,70,,95512,15,,,0,27,,95513,15,,,0,28,,95514,15,,,0,69,,95515,15,,,0,30,,95516,15,,,0,70,,95520,15,,,0,31,,95517,15,,,0,71,,95518,15,,,0,73,,95519,15,,,0,30,,95511,15,,,0
300,'4_5',654,,95521,15,,,0,64,,95522,15,,,0,32,,95523,15,,,0,64,,95524,15,,,0,25,,95525,15,,,0,70,,95526,15,,,0,32,,95527,15,,,0,72,,95528,15,,,0,32,,95529,15,,,0,72,,95530,15,,,0,32,,95531,15,,,0,72,,95532,15,,,0,32,,95533,15,,,0,72,,95534,15,,,0,32,,95535,15,,,0,72,,95536,15,,,0,72,,95537,15,,,0,33,,95538,15,,,0,70,,95540,15,,,0,27,,95541,15,,,0,28,,95542,15,,,0,69,,95543,15,,,0,30,,95544,15,,,0,70,,95548,15,,,0,31,,95545,15,,,0,71,,95546,15,,,0,73,,95547,15,,,0,30,,95539,15,,,0
300,'5_7',915,,95549,15,,,0,100,,95550,15,,,0,100,,95551,15,,,0,100,,95552,15,,,0,100,,95553,15,,,0,100,,95554,15,,,0,100,,95555,15,,,0,100,,95556,15,,,0,100,,95557,15,,,0,100,,95558,15,,,0,100,,95559,15,,,0
2900300,'0_4',709,,102434,7,,,0,30,,102435,7,,,0,69,,102436,7,,,0
2900300,'0_5',709,,102437,7,,,0,30,,102438,7,,,0,69,,102439,7,,,0
2900300,'1_3',709,,102440,7,,,0,30,,102441,7,,,0,69,,102442,7,,,0
2900300,'4_1',709,,102443,7,,,0,30,,102444,7,,,0,69,,102445,7,,,0
2900300,'4_2',709,,102446,7,,,0,30,,102447,7,,,0,69,,102448,7,,,0
2900300,'4_4',709,,102449,7,,,0,30,,102450,7,,,0,69,,102451,7,,,0
2900300,'4_5',709,,102452,7,,,0,30,,102453,7,,,0,69,,102454,7,,,0
