301,'0_6',637,,64459,1,,,0,72,,64460,1,,,0,32,,64461,1,,,0,72,,64462,1,,,0,32,,64463,1,,,0,71,,64464,1,,,0,32,,64465,1,,,0,72,,64466,1,,,0,32,,64467,1,,,0,72,,64468,1,,,0,33,,64469,1,,,0,70,,64434,1,,,0,27,,64435,1,,,0,67,,64436,1,,,0,25,,64437,1,,,0,68,,64438,1,,,0,27,,64439,1,,,0,69,,64440,1,,,0,28,,64458,1,,,0,71,,64441,1,,,0,32,,64442,1,,,0,72,,64443,1,,,0,29,,64444,1,,,0,68,,64445,1,,,0,27,,64446,1,,,0,68,,64447,1,,,0,27,,64448,1,,,0,68,,64470,1,,,0,26,,64449,1,,,0,19,,64450,1,0,67 68,0,70,,64451,1,0,67 68,0,30,,64452,1,0,67 68,0,70,,64453,1,0,67 68,0,30,,64454,1,0,67 68,0,70,,64455,1,0,67 68,0,30,,64456,1,0,67 68,0,70,,64457,1,0,67 68,0
301,'1_7',741,,64492,1,,,0,72,,64487,1,,,0,32,,64493,1,,,0,71,,64488,1,,,0,32,,64494,1,,,0,72,,64489,1,,,0,32,,64495,1,,,0,72,,64490,1,,,0,33,,64496,1,,,0,70,,64471,1,,,0,27,,64472,1,,,0,67,,64473,1,,,0,25,,64474,1,,,0,68,,64475,1,,,0,27,,64476,1,,,0,69,,64477,1,,,0,28,,64497,1,,,0,71,,64478,1,,,0,32,,64479,1,,,0,72,,64480,1,,,0,29,,64481,1,,,0,68,,64482,1,,,0,27,,64483,1,,,0,68,,64484,1,,,0,27,,64485,1,,,0,68,,64491,1,,,0,26,,64486,1,,,0
301,'3_1',637,,64668,1,,,0,72,,64669,1,,,0,32,,64670,1,,,0,72,,64671,1,,,0,32,,64672,1,,,0,71,,64673,1,,,0,32,,64674,1,,,0,72,,64675,1,,,0,32,,64676,1,,,0,72,,64677,1,,,0,33,,64678,1,,,0,70,,64651,1,,,0,27,,64652,1,,,0,67,,64653,1,,,0,25,,64654,1,,,0,68,,64655,1,,,0,27,,64656,1,,,0,69,,64657,1,,,0,28,,64667,1,,,0,71,,64658,1,,,0,32,,64659,1,,,0,72,,64660,1,,,0,29,,64661,1,,,0,68,,64662,1,,,0,27,,64663,1,,,0,68,,64664,1,,,0,27,,64665,1,,,0,68,,64679,1,,,0,26,,64666,1,,,0
301,'3_2',637,,73181,1,,,0,72,,73182,1,,,0,32,,73183,1,,,0,72,,73184,1,,,0,32,,73185,1,,,0,71,,73186,1,,,0,32,,73187,1,,,0,72,,73188,1,,,0,32,,73189,1,,,0,72,,73190,1,,,0,33,,73191,1,,,0,70,,73164,1,,,0,27,,73165,1,,,0,67,,73166,1,,,0,25,,73167,1,,,0,68,,73168,1,,,0,27,,73169,1,,,0,69,,73170,1,,,0,28,,73180,1,,,0,71,,73171,1,,,0,32,,73172,1,,,0,72,,73173,1,,,0,29,,73174,1,,,0,68,,73175,1,,,0,27,,73176,1,,,0,68,,73177,1,,,0,27,,73178,1,,,0,68,,73192,1,,,0,26,,73179,1,,,0
301,'3_3',637,,64697,1,,,0,72,,64698,1,,,0,32,,64699,1,,,0,72,,64700,1,,,0,32,,64701,1,,,0,71,,64702,1,,,0,32,,64703,1,,,0,72,,64704,1,,,0,32,,64705,1,,,0,72,,64706,1,,,0,33,,64707,1,,,0,70,,64680,1,,,0,27,,64681,1,,,0,67,,64682,1,,,0,25,,64683,1,,,0,68,,64684,1,,,0,27,,64685,1,,,0,69,,64686,1,,,0,28,,64696,1,,,0,71,,64687,1,,,0,32,,64688,1,,,0,72,,64689,1,,,0,29,,64690,1,,,0,68,,64691,1,,,0,27,,64692,1,,,0,68,,64693,1,,,0,27,,64694,1,,,0,68,,64708,1,,,0,26,,64695,1,,,0
301,'3_4',637,,64726,1,,,0,72,,64727,1,,,0,32,,64728,1,,,0,72,,64729,1,,,0,32,,64730,1,,,0,71,,64731,1,,,0,32,,64732,1,,,0,72,,64733,1,,,0,32,,64734,1,,,0,72,,64735,1,,,0,33,,64736,1,,,0,70,,64709,1,,,0,27,,64710,1,,,0,67,,64711,1,,,0,25,,64712,1,,,0,68,,64713,1,,,0,27,,64714,1,,,0,69,,64715,1,,,0,28,,64725,1,,,0,71,,64716,1,,,0,32,,64717,1,,,0,72,,64718,1,,,0,29,,64719,1,,,0,68,,64720,1,,,0,27,,64721,1,,,0,68,,64722,1,,,0,27,,64723,1,,,0,68,,64737,1,,,0,26,,64724,1,,,0
301,'3_5',637,,64763,1,,,0,72,,64764,1,,,0,32,,64765,1,,,0,72,,64766,1,,,0,32,,64767,1,,,0,71,,64768,1,,,0,32,,64769,1,,,0,72,,64770,1,,,0,32,,64771,1,,,0,72,,64772,1,,,0,33,,64773,1,,,0,70,,64738,1,,,0,27,,64739,1,,,0,67,,64740,1,,,0,25,,64741,1,,,0,68,,64742,1,,,0,27,,64743,1,,,0,69,,64744,1,,,0,28,,64762,1,,,0,71,,64745,1,,,0,32,,64746,1,,,0,72,,64747,1,,,0,29,,64748,1,,,0,68,,64749,1,,,0,27,,64750,1,,,0,68,,64751,1,,,0,27,,64752,1,,,0,68,,64774,1,,,0,26,,64753,1,,,0,19,,64754,1,0,67 68,0,70,,64755,1,0,67 68,0,30,,64756,1,0,67 68,0,70,,64757,1,0,67 68,0,30,,64758,1,0,67 68,0,70,,64759,1,0,67 68,0,30,,64760,1,0,67 68,0,70,,64761,1,0,67 68,0
301,'5_1',637,,74141,1,,,0,72,,74142,1,,,0,32,,74143,1,,,0,72,,74144,1,,,0,32,,74145,1,,,0,71,,74146,1,,,0,32,,74147,1,,,0,72,,74148,1,,,0,32,,74149,1,,,0,72,,74150,1,,,0,33,,74151,1,,,0,70,,74124,1,,,0,27,,74125,1,,,0,67,,74126,1,,,0,25,,74127,1,,,0,68,,74128,1,,,0,27,,74129,1,,,0,69,,74130,1,,,0,28,,74140,1,,,0,71,,74131,1,,,0,32,,74132,1,,,0,72,,74133,1,,,0,29,,74134,1,,,0,68,,74135,1,,,0,27,,74136,1,,,0,68,,74137,1,,,0,27,,74138,1,,,0,68,,74152,1,,,0,26,,74139,1,,,0
301,'5_2',637,,75403,1,,,0,72,,75404,1,,,0,32,,75405,1,,,0,72,,75406,1,,,0,32,,75407,1,,,0,71,,75408,1,,,0,32,,75409,1,,,0,72,,75410,1,,,0,32,,75411,1,,,0,72,,75412,1,,,0,33,,75413,1,,,0,70,,75386,1,,,0,27,,75387,1,,,0,67,,75388,1,,,0,25,,75389,1,,,0,68,,75390,1,,,0,27,,75391,1,,,0,69,,75392,1,,,0,28,,75402,1,,,0,71,,75393,1,,,0,32,,75394,1,,,0,72,,75395,1,,,0,29,,75396,1,,,0,68,,75397,1,,,0,27,,75398,1,,,0,68,,75399,1,,,0,27,,75400,1,,,0,68,,75414,1,,,0,26,,75401,1,,,0
301,'5_3',637,,75432,1,,,0,72,,75433,1,,,0,32,,75434,1,,,0,72,,75435,1,,,0,32,,75436,1,,,0,71,,75437,1,,,0,32,,75438,1,,,0,72,,75439,1,,,0,32,,75440,1,,,0,72,,75441,1,,,0,33,,75442,1,,,0,70,,75415,1,,,0,27,,75416,1,,,0,67,,75417,1,,,0,25,,75418,1,,,0,68,,75419,1,,,0,27,,75420,1,,,0,69,,75421,1,,,0,28,,75431,1,,,0,71,,75422,1,,,0,32,,75423,1,,,0,72,,75424,1,,,0,29,,75425,1,,,0,68,,75426,1,,,0,27,,75427,1,,,0,68,,75428,1,,,0,27,,75429,1,,,0,68,,75443,1,,,0,26,,75430,1,,,0
301,'5_4',637,,75461,1,,,0,72,,75462,1,,,0,32,,75463,1,,,0,72,,75464,1,,,0,32,,75465,1,,,0,71,,75466,1,,,0,32,,75467,1,,,0,72,,75468,1,,,0,32,,75469,1,,,0,72,,75470,1,,,0,33,,75471,1,,,0,70,,75444,1,,,0,27,,75445,1,,,0,67,,75446,1,,,0,25,,75447,1,,,0,68,,75448,1,,,0,27,,75449,1,,,0,69,,75450,1,,,0,28,,75460,1,,,0,71,,75451,1,,,0,32,,75452,1,,,0,72,,75453,1,,,0,29,,75454,1,,,0,68,,75455,1,,,0,27,,75456,1,,,0,68,,75457,1,,,0,27,,75458,1,,,0,68,,75472,1,,,0,26,,75459,1,,,0
401,'0_6',713,,65084,29,,,0,124,,65083,29,0,41,0,70,,65081,29,,,0,23,,65070,29,0,41,0,72,,65082,29,0,41,0,30,,65071,29,0,41,0,75,,65077,29,,,0,26,,65072,29,0,41,0,74,,65073,29,0,41,0,32,,65089,29,0,41,0,71,,65091,29,,,0,32,,65078,29,0,41,0,69,,65069,29,0,41,0,28,,65074,29,0,41,0,68,,65079,29,,,0,27,,65075,29,0,41,0,70,,65092,29,0,41,0,31,,65088,29,0,41,0,66,,65085,29,,,0,25,,65086,29,0,41,0,26,,65090,29,,,0,75,,65087,29,0,41,0,75,,65076,29,0,41,0,36,,65080,29,,,0
401,'1_7',946,,65093,29,,,0,165,,65094,29,,,0,125,,65095,29,,,0,201,,65096,29,,,0,165,,65097,29,,,0,125,,65098,29,,,0,125,,65099,29,,,0
401,'3_1',713,,65240,37,,,0,16,,65241,31,0,41,0,79,,65252,31,0,41,0,34,,65231,32,0,41,0,65,,65253,29,,,0,26,,65232,29,0,41,0,69,,65254,29,0,41,0,30,,65233,29,0,41,0,75,,65248,29,,,0,30,,65234,29,0,41,0,71,,65235,29,0,41,0,32,,65247,31,0,41,0,75,,65245,32,,,0,30,,65249,29,0,41,0,66,,65230,29,0,41,0,28,,65236,29,0,41,0,68,,65250,29,,,0,25,,65237,29,0,41,0,72,,65238,29,,,0,25,,65246,32,0,41,0,28,,65242,31,,,0,69,,65243,34,0,41,0,77,,65255,32,,,0,24,,65244,31,0,41,0,30,,65239,29,0,41,0,79,,65251,29,,,0
401,'3_2',713,,73228,37,,,0,16,,73229,31,0,41,0,79,,73240,31,0,41,0,34,,73219,32,0,41,0,65,,73241,29,,,0,26,,73220,29,0,41,0,69,,73242,29,0,41,0,30,,73221,29,0,41,0,75,,73236,29,,,0,30,,73222,29,0,41,0,71,,73223,29,0,41,0,32,,73235,31,0,41,0,75,,73233,32,,,0,30,,73237,29,0,41,0,66,,73218,29,0,41,0,28,,73224,29,0,41,0,68,,73238,29,,,0,25,,73225,29,0,41,0,72,,73226,29,,,0,25,,73234,32,0,41,0,28,,73230,31,,,0,69,,73231,34,0,41,0,77,,73243,32,,,0,24,,73232,31,0,41,0,30,,73227,29,0,41,0,79,,73239,29,,,0
401,'3_3',713,,65266,37,,,0,16,,65267,31,0,41,0,79,,65278,31,0,41,0,34,,65257,32,0,41,0,65,,65279,29,,,0,26,,65258,29,0,41,0,69,,65280,29,0,41,0,30,,65259,29,0,41,0,75,,65274,29,,,0,30,,65260,29,0,41,0,71,,65261,29,0,41,0,32,,65273,31,0,41,0,75,,65271,32,,,0,30,,65275,29,0,41,0,66,,65256,29,0,41,0,28,,65262,29,0,41,0,68,,65276,29,,,0,25,,65263,29,0,41,0,72,,65264,29,,,0,25,,65272,32,0,41,0,28,,65268,31,,,0,69,,65269,34,0,41,0,77,,65281,32,,,0,24,,65270,31,0,41,0,30,,65265,29,0,41,0,79,,65277,29,,,0
401,'3_4',713,,65292,37,,,0,16,,65293,31,0,41,0,79,,65304,31,0,41,0,34,,65283,32,0,41,0,65,,65305,29,,,0,26,,65284,29,0,41,0,69,,65306,29,0,41,0,30,,65285,29,0,41,0,75,,65300,29,,,0,30,,65286,29,0,41,0,71,,65287,29,0,41,0,32,,65299,31,0,41,0,75,,65297,32,,,0,30,,65301,29,0,41,0,66,,65282,29,0,41,0,28,,65288,29,0,41,0,68,,65302,29,,,0,25,,65289,29,0,41,0,72,,65290,29,,,0,25,,65298,32,0,41,0,28,,65294,31,,,0,69,,65295,34,0,41,0,77,,65307,32,,,0,24,,65296,31,0,41,0,30,,65291,29,0,41,0,79,,65303,29,,,0
401,'3_5',713,,65318,37,,,0,16,,65319,31,0,41,0,79,,65330,31,0,41,0,34,,65309,32,0,41,0,65,,65331,29,,,0,26,,65310,29,0,41,0,69,,65332,29,0,41,0,30,,65311,29,0,41,0,75,,65326,29,,,0,30,,65312,29,0,41,0,71,,65313,29,0,41,0,32,,65325,31,0,41,0,75,,65323,32,,,0,30,,65327,29,0,41,0,66,,65308,29,0,41,0,28,,65314,29,0,41,0,68,,65328,29,,,0,25,,65315,29,0,41,0,72,,65316,29,,,0,25,,65324,32,0,41,0,28,,65320,31,,,0,69,,65321,34,0,41,0,77,,65333,32,,,0,24,,65322,31,0,41,0,30,,65317,29,0,41,0,79,,65329,29,,,0
401,'5_1',713,,74188,37,,,0,16,,74189,31,0,41,0,79,,74200,31,0,41,0,34,,74179,32,0,41,0,65,,74201,29,,,0,26,,74180,29,0,41,0,69,,74202,29,0,41,0,30,,74181,29,0,41,0,75,,74196,29,,,0,30,,74182,29,0,41,0,71,,74183,29,0,41,0,32,,74195,31,0,41,0,75,,74193,32,,,0,30,,74197,29,0,41,0,66,,74178,29,0,41,0,28,,74184,29,0,41,0,68,,74198,29,,,0,25,,74185,29,0,41,0,72,,74186,29,,,0,25,,74194,32,0,41,0,28,,74190,31,,,0,69,,74191,34,0,41,0,77,,74203,32,,,0,24,,74192,31,0,41,0,30,,74187,29,0,41,0,79,,74199,29,,,0
401,'5_2',713,,75558,37,,,0,16,,75559,31,0,41,0,79,,75570,31,0,41,0,34,,75549,32,0,41,0,65,,75571,29,,,0,26,,75550,29,0,41,0,69,,75572,29,0,41,0,30,,75551,29,0,41,0,75,,75566,29,,,0,30,,75552,29,0,41,0,71,,75553,29,0,41,0,32,,75565,31,0,41,0,75,,75563,32,,,0,30,,75567,29,0,41,0,66,,75548,29,0,41,0,28,,75554,29,0,41,0,68,,75568,29,,,0,25,,75555,29,0,41,0,72,,75556,29,,,0,25,,75564,32,0,41,0,28,,75560,31,,,0,69,,75561,34,0,41,0,77,,75573,32,,,0,24,,75562,31,0,41,0,30,,75557,29,0,41,0,79,,75569,29,,,0
401,'5_3',713,,75584,37,,,0,16,,75585,31,0,41,0,79,,75596,31,0,41,0,34,,75575,32,0,41,0,65,,75597,29,,,0,26,,75576,29,0,41,0,69,,75598,29,0,41,0,30,,75577,29,0,41,0,75,,75592,29,,,0,30,,75578,29,0,41,0,71,,75579,29,0,41,0,32,,75591,31,0,41,0,75,,75589,32,,,0,30,,75593,29,0,41,0,66,,75574,29,0,41,0,28,,75580,29,0,41,0,68,,75594,29,,,0,25,,75581,29,0,41,0,72,,75582,29,,,0,25,,75590,32,0,41,0,28,,75586,31,,,0,69,,75587,34,0,41,0,77,,75599,32,,,0,24,,75588,31,0,41,0,30,,75583,29,0,41,0,79,,75595,29,,,0
401,'5_4',713,,75610,37,,,0,16,,75611,31,0,41,0,79,,75622,31,0,41,0,34,,75601,32,0,41,0,65,,75623,29,,,0,26,,75602,29,0,41,0,69,,75624,29,0,41,0,30,,75603,29,0,41,0,75,,75618,29,,,0,30,,75604,29,0,41,0,71,,75605,29,0,41,0,32,,75617,31,0,41,0,75,,75615,32,,,0,30,,75619,29,0,41,0,66,,75600,29,0,41,0,28,,75606,29,0,41,0,68,,75620,29,,,0,25,,75607,29,0,41,0,72,,75608,29,,,0,25,,75616,32,0,41,0,28,,75612,31,,,0,69,,75613,34,0,41,0,77,,75625,32,,,0,24,,75614,31,0,41,0,30,,75609,29,0,41,0,79,,75621,29,,,0
501,'0_6',714,,65511,1,,,0,98,,65512,1,,,0,96,,65513,1,,,0,101,,65514,1,,,0,99,,65515,1,,,0,100,,65516,1,,,0,40,,65517,1,,,0,77,,65518,1,,,0,96,,65519,1,,,0,103,,65520,1,,,0,99,,65521,1,,,0,32,,65522,1,,,0,70,,65523,1,,,0,100,,65524,1,,,0,99,,65525,1,,,0
501,'1_7',1100,,65526,1,,,0,151,,65527,1,,,0,191,,65528,1,,,0,184,,65529,1,,,0,191,,65530,1,,,0
501,'3_1',714,,65606,1,,,0,98,,65607,1,,,0,96,,65608,1,,,0,101,,65609,1,,,0,99,,65610,1,,,0,100,,65611,1,,,0,40,,65612,1,,,0,77,,65613,1,,,0,96,,65614,1,,,0,103,,65615,1,,,0,99,,65616,1,,,0,32,,65617,1,,,0,70,,65618,1,,,0,100,,65619,1,,,0,99,,65620,1,,,0
501,'3_2',714,,73260,1,,,0,98,,73261,1,,,0,96,,73262,1,,,0,101,,73263,1,,,0,99,,73264,1,,,0,100,,73265,1,,,0,40,,73266,1,,,0,77,,73267,1,,,0,96,,73268,1,,,0,103,,73269,1,,,0,99,,73270,1,,,0,32,,73271,1,,,0,70,,73272,1,,,0,100,,73273,1,,,0,99,,73274,1,,,0
501,'3_3',714,,65621,1,,,0,98,,65622,1,,,0,96,,65623,1,,,0,101,,65624,1,,,0,99,,65625,1,,,0,100,,65626,1,,,0,40,,65627,1,,,0,77,,65628,1,,,0,96,,65629,1,,,0,103,,65630,1,,,0,99,,65631,1,,,0,32,,65632,1,,,0,70,,65633,1,,,0,100,,65634,1,,,0,99,,65635,1,,,0
501,'3_4',714,,65636,1,,,0,98,,65637,1,,,0,96,,65638,1,,,0,101,,65639,1,,,0,99,,65640,1,,,0,100,,65641,1,,,0,40,,65642,1,,,0,77,,65643,1,,,0,96,,65644,1,,,0,103,,65645,1,,,0,99,,65646,1,,,0,32,,65647,1,,,0,70,,65648,1,,,0,100,,65649,1,,,0,99,,65650,1,,,0
501,'3_5',714,,65651,1,,,0,98,,65652,1,,,0,96,,65653,1,,,0,101,,65654,1,,,0,99,,65655,1,,,0,100,,65656,1,,,0,40,,65657,1,,,0,77,,65658,1,,,0,96,,65659,1,,,0,103,,65660,1,,,0,99,,65661,1,,,0,32,,65662,1,,,0,70,,65663,1,,,0,100,,65664,1,,,0,99,,65665,1,,,0
501,'5_1',714,,74220,1,,,0,98,,74221,1,,,0,96,,74222,1,,,0,101,,74223,1,,,0,99,,74224,1,,,0,100,,74225,1,,,0,40,,74226,1,,,0,77,,74227,1,,,0,96,,74228,1,,,0,103,,74229,1,,,0,99,,74230,1,,,0,32,,74231,1,,,0,70,,74232,1,,,0,100,,74233,1,,,0,99,,74234,1,,,0
501,'5_2',714,,75674,1,,,0,98,,75675,1,,,0,96,,75676,1,,,0,101,,75677,1,,,0,99,,75678,1,,,0,100,,75679,1,,,0,40,,75680,1,,,0,77,,75681,1,,,0,96,,75682,1,,,0,103,,75683,1,,,0,99,,75684,1,,,0,32,,75685,1,,,0,70,,75686,1,,,0,100,,75687,1,,,0,99,,75688,1,,,0
501,'5_3',714,,75689,1,,,0,98,,75690,1,,,0,96,,75691,1,,,0,101,,75692,1,,,0,99,,75693,1,,,0,100,,75694,1,,,0,40,,75695,1,,,0,77,,75696,1,,,0,96,,75697,1,,,0,103,,75698,1,,,0,99,,75699,1,,,0,32,,75700,1,,,0,70,,75701,1,,,0,100,,75702,1,,,0,99,,75703,1,,,0
501,'5_4',714,,75704,1,,,0,98,,75705,1,,,0,96,,75706,1,,,0,101,,75707,1,,,0,99,,75708,1,,,0,100,,75709,1,,,0,40,,75710,1,,,0,77,,75711,1,,,0,96,,75712,1,,,0,103,,75713,1,,,0,99,,75714,1,,,0,32,,75715,1,,,0,70,,75716,1,,,0,100,,75717,1,,,0,99,,75718,1,,,0
601,'0_6',603,,65847,1,,,0,101,,65848,1,,,0,35,,65849,1,,,0,98,,65850,1,,,0,91,,65851,1,,,0,102,,65852,1,,,0,83,,65853,1,,,0,98,,65854,1,,,0,39,,65862,1,,,0,93,,65863,1,0,69,0,84,,65855,1,,,0,87,,65856,1,,,0,94,,65857,1,,,0,50,,65858,1,,,0,92,,65859,1,,,0,91,,65860,1,,,0,87,,65861,1,,,0
601,'1_7',803,,65864,1,0,69,0,105,,65865,1,0,69,0,115,,65866,1,0,69,0,118,,65867,1,0,69,0,197,,65868,1,0,69,0,162,,65869,1,0,69,0,111,,65870,1,0,69,0,106,,65871,1,0,69,0,108,,65872,1,0,69,0
601,'3_1',603,,65958,1,,,0,101,,65959,1,,,0,35,,65960,1,,,0,98,,65961,1,,,0,91,,65962,1,,,0,102,,65963,1,,,0,83,,65964,1,,,0,98,,65965,1,,,0,39,,65973,1,,,0,93,,65974,1,0,69,0,84,,65966,1,,,0,87,,65967,1,,,0,94,,65968,1,,,0,50,,65969,1,,,0,92,,65970,1,,,0,91,,65971,1,,,0,87,,65972,1,,,0
601,'3_2',603,,73291,1,,,0,101,,73292,1,,,0,35,,73293,1,,,0,98,,73294,1,,,0,91,,73295,1,,,0,102,,73296,1,,,0,83,,73297,1,,,0,98,,73298,1,,,0,39,,73306,1,,,0,93,,73307,1,0,69,0,84,,73299,1,,,0,87,,73300,1,,,0,94,,73301,1,,,0,50,,73302,1,,,0,92,,73303,1,,,0,91,,73304,1,,,0,87,,73305,1,,,0
601,'3_3',603,,65975,1,,,0,101,,65976,1,,,0,35,,65977,1,,,0,98,,65978,1,,,0,91,,65979,1,,,0,102,,65980,1,,,0,83,,65981,1,,,0,98,,65982,1,,,0,39,,65990,1,,,0,93,,65991,1,0,69,0,84,,65983,1,,,0,87,,65984,1,,,0,94,,65985,1,,,0,50,,65986,1,,,0,92,,65987,1,,,0,91,,65988,1,,,0,87,,65989,1,,,0
601,'3_4',603,,65992,1,,,0,101,,65993,1,,,0,35,,65994,1,,,0,98,,65995,1,,,0,91,,65996,1,,,0,102,,65997,1,,,0,83,,65998,1,,,0,98,,65999,1,,,0,39,,66007,1,,,0,93,,66008,1,0,69,0,84,,66000,1,,,0,87,,66001,1,,,0,94,,66002,1,,,0,50,,66003,1,,,0,92,,66004,1,,,0,91,,66005,1,,,0,87,,66006,1,,,0
601,'3_5',603,,66009,1,,,0,101,,66010,1,,,0,35,,66011,1,,,0,98,,66012,1,,,0,91,,66013,1,,,0,102,,66014,1,,,0,83,,66015,1,,,0,98,,66016,1,,,0,39,,66024,1,,,0,93,,66025,1,0,69,0,84,,66017,1,,,0,87,,66018,1,,,0,94,,66019,1,,,0,50,,66020,1,,,0,92,,66021,1,,,0,91,,66022,1,,,0,87,,66023,1,,,0
601,'5_1',603,,74251,1,,,0,101,,74252,1,,,0,35,,74253,1,,,0,98,,74254,1,,,0,91,,74255,1,,,0,102,,74256,1,,,0,83,,74257,1,,,0,98,,74258,1,,,0,39,,74266,1,,,0,93,,74267,1,0,69,0,84,,74259,1,,,0,87,,74260,1,,,0,94,,74261,1,,,0,50,,74262,1,,,0,92,,74263,1,,,0,91,,74264,1,,,0,87,,74265,1,,,0
601,'5_2',603,,75767,1,,,0,101,,75768,1,,,0,35,,75769,1,,,0,98,,75770,1,,,0,91,,75771,1,,,0,102,,75772,1,,,0,83,,75773,1,,,0,98,,75774,1,,,0,39,,75782,1,,,0,93,,75783,1,0,69,0,84,,75775,1,,,0,87,,75776,1,,,0,94,,75777,1,,,0,50,,75778,1,,,0,92,,75779,1,,,0,91,,75780,1,,,0,87,,75781,1,,,0
601,'5_3',603,,75784,1,,,0,101,,75785,1,,,0,35,,75786,1,,,0,98,,75787,1,,,0,91,,75788,1,,,0,102,,75789,1,,,0,83,,75790,1,,,0,98,,75791,1,,,0,39,,75799,1,,,0,93,,75800,1,0,69,0,84,,75792,1,,,0,87,,75793,1,,,0,94,,75794,1,,,0,50,,75795,1,,,0,92,,75796,1,,,0,91,,75797,1,,,0,87,,75798,1,,,0
601,'5_4',603,,75801,1,,,0,101,,75802,1,,,0,35,,75803,1,,,0,98,,75804,1,,,0,91,,75805,1,,,0,102,,75806,1,,,0,83,,75807,1,,,0,98,,75808,1,,,0,39,,75816,1,,,0,93,,75817,1,0,69,0,84,,75809,1,,,0,87,,75810,1,,,0,94,,75811,1,,,0,50,,75812,1,,,0,92,,75813,1,,,0,91,,75814,1,,,0,87,,75815,1,,,0
1101,'0_6',1602,,67069,1,,,0,114,,67070,1,,,0
1101,'3_1',1602,,67081,1,,,0,114,,67082,1,,,0
1101,'3_2',1602,,73410,1,,,0,114,,73411,1,,,0
1101,'3_3',1602,,67083,1,,,0,114,,67084,1,,,0
1101,'3_4',1602,,67085,1,,,0,114,,67086,1,,,0
1101,'3_5',1602,,67087,1,,,0,114,,67088,1,,,0
1101,'5_1',1602,,74370,1,,,0,114,,74371,1,,,0
1101,'5_2',1602,,76124,1,,,0,114,,76125,1,,,0
1101,'5_3',1602,,76126,1,,,0,114,,76127,1,,,0
1101,'5_4',1602,,76128,1,,,0,114,,76129,1,,,0
2101,'3_1',730,,67560,1,,,0,117,,67561,1,,,0
2101,'3_2',730,,73457,1,,,0,117,,73458,1,,,0
2101,'3_3',730,,67562,1,,,0,117,,67563,1,,,0
2101,'3_4',730,,67564,1,,,0,117,,67565,1,,,0
2101,'3_5',730,,67566,1,,,0,117,,67567,1,,,0
2101,'5_1',730,,74417,1,,,0,117,,74418,1,,,0
2101,'5_2',730,,76265,1,,,0,117,,76266,1,,,0
2101,'5_3',730,,76267,1,,,0,117,,76268,1,,,0
2101,'5_4',730,,76269,1,,,0,117,,76270,1,,,0
2501,'0_6',716,,67828,17,,,0,112,,67829,17,,,0,126,,67830,17,,,0,152,,67831,17,,,0,113,,67832,17,,,0,128,,67833,17,,,0,168,,67834,17,,,0,121,,67835,17,,,0,121,,67836,17,,,0,157,,67837,17,,,0
2501,'3_1',716,,67888,17,,,0,112,,67889,17,,,0,126,,67890,17,,,0,152,,67891,17,,,0,113,,67892,17,,,0,128,,67893,17,,,0,168,,67894,17,,,0,121,,67895,17,,,0,121,,67896,17,,,0,157,,67897,17,,,0
2501,'3_2',716,,73483,17,,,0,112,,73484,17,,,0,126,,73485,17,,,0,152,,73486,17,,,0,113,,73487,17,,,0,128,,73488,17,,,0,168,,73489,17,,,0,121,,73490,17,,,0,121,,73491,17,,,0,157,,73492,17,,,0
2501,'3_3',716,,67898,17,,,0,112,,67899,17,,,0,126,,67900,17,,,0,152,,67901,17,,,0,113,,67902,17,,,0,128,,67903,17,,,0,168,,67904,17,,,0,121,,67905,17,,,0,121,,67906,17,,,0,157,,67907,17,,,0
2501,'3_4',716,,67908,17,,,0,112,,67909,17,,,0,126,,67910,17,,,0,152,,67911,17,,,0,113,,67912,17,,,0,128,,67913,17,,,0,168,,67914,17,,,0,121,,67915,17,,,0,121,,67916,17,,,0,157,,67917,17,,,0
2501,'3_5',716,,67918,17,,,0,112,,67919,17,,,0,126,,67920,17,,,0,152,,67921,17,,,0,113,,67922,17,,,0,128,,67923,17,,,0,168,,67924,17,,,0,121,,67925,17,,,0,121,,67926,17,,,0,157,,67927,17,,,0
2501,'5_1',716,,74443,17,,,0,112,,74444,17,,,0,126,,74445,17,,,0,152,,74446,17,,,0,113,,74447,17,,,0,128,,74448,17,,,0,168,,74449,17,,,0,121,,74450,17,,,0,121,,74451,17,,,0,157,,74452,17,,,0
2501,'5_2',716,,76343,17,,,0,112,,76344,17,,,0,126,,76345,17,,,0,152,,76346,17,,,0,113,,76347,17,,,0,128,,76348,17,,,0,168,,76349,17,,,0,121,,76350,17,,,0,121,,76351,17,,,0,157,,76352,17,,,0
2501,'5_3',716,,76353,17,,,0,112,,76354,17,,,0,126,,76355,17,,,0,152,,76356,17,,,0,113,,76357,17,,,0,128,,76358,17,,,0,168,,76359,17,,,0,121,,76360,17,,,0,121,,76361,17,,,0,157,,76362,17,,,0
2501,'5_4',716,,76363,17,,,0,112,,76364,17,,,0,126,,76365,17,,,0,152,,76366,17,,,0,113,,76367,17,,,0,128,,76368,17,,,0,168,,76369,17,,,0,121,,76370,17,,,0,121,,76371,17,,,0,157,,76372,17,,,0
2601,'0_6',719,,68098,5,,,0,85,,68101,5,,,0,45,,68102,5,,,0,85,,68103,5,,,0,90,,68104,5,,,0,84,,68105,5,,,0,44,,68106,5,,,0,85,,68107,5,,,0,82,,68108,5,,,0,83,,68109,5,,,0,46,,68110,5,,,0,90,,68111,5,,,0,85,,68112,5,,,0,81,,68113,5,,,0,47,,68114,5,,,0,84,,68100,5,,,0,83,,68099,5,,,0
2601,'3_1',719,,68200,5,,,0,85,,68201,5,,,0,45,,68202,5,,,0,85,,68203,5,,,0,90,,68204,5,,,0,84,,68205,5,,,0,44,,68206,5,,,0,85,,68207,5,,,0,82,,68208,5,,,0,83,,68209,5,,,0,46,,68210,5,,,0,90,,68211,5,,,0,85,,68212,5,,,0,81,,68213,5,,,0,47,,68214,5,,,0,84,,68215,5,,,0,83,,68216,5,,,0
2601,'3_2',719,,73510,5,,,0,85,,73511,5,,,0,45,,73512,5,,,0,85,,73513,5,,,0,90,,73514,5,,,0,84,,73515,5,,,0,44,,73516,5,,,0,85,,73517,5,,,0,82,,73518,5,,,0,83,,73519,5,,,0,46,,73520,5,,,0,90,,73521,5,,,0,85,,73522,5,,,0,81,,73523,5,,,0,47,,73524,5,,,0,84,,73525,5,,,0,83,,73526,5,,,0
2601,'3_3',719,,68217,5,,,0,85,,68218,5,,,0,45,,68219,5,,,0,85,,68220,5,,,0,90,,68221,5,,,0,84,,68222,5,,,0,44,,68223,5,,,0,85,,68224,5,,,0,82,,68225,5,,,0,83,,68226,5,,,0,46,,68227,5,,,0,90,,68228,5,,,0,85,,68229,5,,,0,81,,68230,5,,,0,47,,68231,5,,,0,84,,68232,5,,,0,83,,68233,5,,,0
2601,'3_4',719,,68234,5,,,0,85,,68235,5,,,0,45,,68236,5,,,0,85,,68237,5,,,0,90,,68238,5,,,0,84,,68239,5,,,0,44,,68240,5,,,0,85,,68241,5,,,0,82,,68242,5,,,0,83,,68243,5,,,0,46,,68244,5,,,0,90,,68245,5,,,0,85,,68246,5,,,0,81,,68247,5,,,0,47,,68248,5,,,0,84,,68249,5,,,0,83,,68250,5,,,0
2601,'3_5',719,,68251,5,,,0,85,,68252,5,,,0,45,,68253,5,,,0,85,,68254,5,,,0,90,,68255,5,,,0,84,,68256,5,,,0,44,,68257,5,,,0,85,,68258,5,,,0,82,,68259,5,,,0,83,,68260,5,,,0,46,,68261,5,,,0,90,,68262,5,,,0,85,,68263,5,,,0,81,,68264,5,,,0,47,,68265,5,,,0,84,,68266,5,,,0,83,,68267,5,,,0
2601,'5_1',719,,74470,5,,,0,85,,74471,5,,,0,45,,74472,5,,,0,85,,74473,5,,,0,90,,74474,5,,,0,84,,74475,5,,,0,44,,74476,5,,,0,85,,74477,5,,,0,82,,74478,5,,,0,83,,74479,5,,,0,46,,74480,5,,,0,90,,74481,5,,,0,85,,74482,5,,,0,81,,74483,5,,,0,47,,74484,5,,,0,84,,74485,5,,,0,83,,74486,5,,,0
2601,'5_2',719,,76424,5,,,0,85,,76425,5,,,0,45,,76426,5,,,0,85,,76427,5,,,0,90,,76428,5,,,0,84,,76429,5,,,0,44,,76430,5,,,0,85,,76431,5,,,0,82,,76432,5,,,0,83,,76433,5,,,0,46,,76434,5,,,0,90,,76435,5,,,0,85,,76436,5,,,0,81,,76437,5,,,0,47,,76438,5,,,0,84,,76439,5,,,0,83,,76440,5,,,0
2601,'5_3',719,,76441,5,,,0,85,,76442,5,,,0,45,,76443,5,,,0,85,,76444,5,,,0,90,,76445,5,,,0,84,,76446,5,,,0,44,,76447,5,,,0,85,,76448,5,,,0,82,,76449,5,,,0,83,,76450,5,,,0,46,,76451,5,,,0,90,,76452,5,,,0,85,,76453,5,,,0,81,,76454,5,,,0,47,,76455,5,,,0,84,,76456,5,,,0,83,,76457,5,,,0
2601,'5_4',719,,76458,5,,,0,85,,76459,5,,,0,45,,76460,5,,,0,85,,76461,5,,,0,90,,76462,5,,,0,84,,76463,5,,,0,44,,76464,5,,,0,85,,76465,5,,,0,82,,76466,5,,,0,83,,76467,5,,,0,46,,76468,5,,,0,90,,76469,5,,,0,85,,76470,5,,,0,81,,76471,5,,,0,47,,76472,5,,,0,84,,76473,5,,,0,83,,76474,5,,,0
2000001,'0_6',642,,70573,7,,,0,79,,70574,7,,,0,79,,70575,7,,,0,30,,70613,7,,,0,21,,70577,7,,,0,60,,70576,7,,,0,20,,70578,7,,,0,20,,70579,7,,,0,59,,70581,7,,,0,18,,70580,7,,,0,20,,70586,7,,,0,60,,70584,7,,,0,17,,70588,7,,,0,19,,70582,7,,,0,59,,70587,7,,,0,21,,70583,7,,,0,17,,70585,7,,,0,18,,70594,7,,,0,58,,70591,7,,,0,20,,70592,7,,,0,20,,70593,7,,,0,58,,70590,7,,,0,17,,70589,7,,,0,19,,70595,7,,,0,61,,70596,7,,,0,20,,70598,7,,,0,19,,70597,7,,,0,60,,70599,7,,,0,20,,70600,7,,,0,21,,70601,7,,,0,60,,70603,7,,,0,19,,70602,7,,,0,19,,70604,7,,,0,59,,70605,7,,,0,19,,70606,7,,,0,19,,70607,7,,,0,57,,70608,7,,,0,19,,70609,7,,,0,24,,70610,7,,,0,64,,70611,7,,,0,23,,70612,7,,,0
2000001,'1_7',812,,70631,7,,,0,40,,70614,7,,,0,80,,70615,7,,,0,80,,70616,7,,,0,40,,70617,7,,,0,80,,70618,7,,,0,80,,70619,7,,,0,40,,70620,7,,,0,80,,70622,7,,,0,80,,70621,7,,,0,40,,70623,7,,,0,80,,70624,7,,,0,80,,70625,7,,,0,40,,70626,7,,,0,80,,70628,7,,,0,80,,70627,7,,,0,40,,70629,7,,,0,80,,70630,7,,,0
2000001,'3_1',644,,70847,7,,,0,66,,70848,7,,,0,19,,70888,7,,,0,20,,70849,7,,,0,60,,70889,7,,,0,20,,70851,7,,,0,22,,70850,7,,,0,61,,70852,7,,,0,21,,70853,7,,,0,20,,70855,7,,,0,59,,70854,7,,,0,18,,70860,7,,,0,18,,70858,7,,,0,59,,70862,7,,,0,18,,70856,7,,,0,19,,70861,7,,,0,59,,70857,7,,,0,20,,70859,7,,,0,18,,70868,7,,,0,18,,70865,7,,,0,59,,70866,7,,,0,20,,70867,7,,,0,19,,70864,7,,,0,58,,70863,7,,,0,18,,70869,7,,,0,19,,70870,7,,,0,61,,70872,7,,,0,20,,70871,7,,,0,19,,70873,7,,,0,60,,70874,7,,,0,19,,70875,7,,,0,21,,70877,7,,,0,60,,70876,7,,,0,20,,70878,7,,,0,21,,70879,7,,,0,60,,70880,7,,,0,20,,70881,7,,,0,20,,70882,7,,,0,60,,70883,7,,,0,20,,70884,7,,,0,20,,70885,7,,,0,59,,70886,7,,,0,22,,70887,7,,,0
2000001,'3_2',644,,73741,7,,,0,66,,73742,7,,,0,19,,73782,7,,,0,20,,73743,7,,,0,60,,73783,7,,,0,20,,73745,7,,,0,22,,73744,7,,,0,61,,73746,7,,,0,21,,73747,7,,,0,20,,73749,7,,,0,59,,73748,7,,,0,18,,73754,7,,,0,18,,73752,7,,,0,59,,73756,7,,,0,18,,73750,7,,,0,19,,73755,7,,,0,59,,73751,7,,,0,20,,73753,7,,,0,18,,73762,7,,,0,18,,73759,7,,,0,59,,73760,7,,,0,20,,73761,7,,,0,19,,73758,7,,,0,58,,73757,7,,,0,18,,73763,7,,,0,19,,73764,7,,,0,61,,73766,7,,,0,20,,73765,7,,,0,19,,73767,7,,,0,60,,73768,7,,,0,19,,73769,7,,,0,21,,73771,7,,,0,60,,73770,7,,,0,20,,73772,7,,,0,21,,73773,7,,,0,60,,73774,7,,,0,20,,73775,7,,,0,20,,73776,7,,,0,60,,73777,7,,,0,20,,73778,7,,,0,20,,73779,7,,,0,59,,73780,7,,,0,22,,73781,7,,,0
2000001,'3_3',644,,70890,7,,,0,66,,70891,7,,,0,19,,70931,7,,,0,20,,70892,7,,,0,60,,70932,7,,,0,20,,70894,7,,,0,22,,70893,7,,,0,61,,70895,7,,,0,21,,70896,7,,,0,20,,70898,7,,,0,59,,70897,7,,,0,18,,70903,7,,,0,18,,70901,7,,,0,59,,70905,7,,,0,18,,70899,7,,,0,19,,70904,7,,,0,59,,70900,7,,,0,20,,70902,7,,,0,18,,70911,7,,,0,18,,70908,7,,,0,59,,70909,7,,,0,20,,70910,7,,,0,19,,70907,7,,,0,58,,70906,7,,,0,18,,70912,7,,,0,19,,70913,7,,,0,61,,70915,7,,,0,20,,70914,7,,,0,19,,70916,7,,,0,60,,70917,7,,,0,19,,70918,7,,,0,21,,70920,7,,,0,60,,70919,7,,,0,20,,70921,7,,,0,21,,70922,7,,,0,60,,70923,7,,,0,20,,70924,7,,,0,20,,70925,7,,,0,60,,70926,7,,,0,20,,70927,7,,,0,20,,70928,7,,,0,59,,70929,7,,,0,22,,70930,7,,,0
2000001,'3_4',644,,70933,7,,,0,66,,70934,7,,,0,19,,70974,7,,,0,20,,70935,7,,,0,60,,70975,7,,,0,20,,70937,7,,,0,22,,70936,7,,,0,61,,70938,7,,,0,21,,70939,7,,,0,20,,70941,7,,,0,59,,70940,7,,,0,18,,70946,7,,,0,18,,70944,7,,,0,59,,70948,7,,,0,18,,70942,7,,,0,19,,70947,7,,,0,59,,70943,7,,,0,20,,70945,7,,,0,18,,70954,7,,,0,18,,70951,7,,,0,59,,70952,7,,,0,20,,70953,7,,,0,19,,70950,7,,,0,58,,70949,7,,,0,18,,70955,7,,,0,19,,70956,7,,,0,61,,70958,7,,,0,20,,70957,7,,,0,19,,70959,7,,,0,60,,70960,7,,,0,19,,70961,7,,,0,21,,70963,7,,,0,60,,70962,7,,,0,20,,70964,7,,,0,21,,70965,7,,,0,60,,70966,7,,,0,20,,70967,7,,,0,20,,70968,7,,,0,60,,70969,7,,,0,20,,70970,7,,,0,20,,70971,7,,,0,59,,70972,7,,,0,22,,70973,7,,,0
2000001,'3_5',644,,70976,7,,,0,66,,70977,7,,,0,19,,71017,7,,,0,20,,70978,7,,,0,60,,71018,7,,,0,20,,70980,7,,,0,22,,70979,7,,,0,61,,70981,7,,,0,21,,70982,7,,,0,20,,70984,7,,,0,59,,70983,7,,,0,18,,70989,7,,,0,18,,70987,7,,,0,59,,70991,7,,,0,18,,70985,7,,,0,19,,70990,7,,,0,59,,70986,7,,,0,20,,70988,7,,,0,18,,70997,7,,,0,18,,70994,7,,,0,59,,70995,7,,,0,20,,70996,7,,,0,19,,70993,7,,,0,58,,70992,7,,,0,18,,70998,7,,,0,19,,70999,7,,,0,61,,71001,7,,,0,20,,71000,7,,,0,19,,71002,7,,,0,60,,71003,7,,,0,19,,71004,7,,,0,21,,71006,7,,,0,60,,71005,7,,,0,20,,71007,7,,,0,21,,71008,7,,,0,60,,71009,7,,,0,20,,71010,7,,,0,20,,71011,7,,,0,60,,71012,7,,,0,20,,71013,7,,,0,20,,71014,7,,,0,59,,71015,7,,,0,22,,71016,7,,,0
2000001,'5_1',644,,74701,7,,,0,66,,74702,7,,,0,19,,74742,7,,,0,20,,74703,7,,,0,60,,74743,7,,,0,20,,74705,7,,,0,22,,74704,7,,,0,61,,74706,7,,,0,21,,74707,7,,,0,20,,74709,7,,,0,59,,74708,7,,,0,18,,74714,7,,,0,18,,74712,7,,,0,59,,74716,7,,,0,18,,74710,7,,,0,19,,74715,7,,,0,59,,74711,7,,,0,20,,74713,7,,,0,18,,74722,7,,,0,18,,74719,7,,,0,59,,74720,7,,,0,20,,74721,7,,,0,19,,74718,7,,,0,58,,74717,7,,,0,18,,74723,7,,,0,19,,74724,7,,,0,61,,74726,7,,,0,20,,74725,7,,,0,19,,74727,7,,,0,60,,74728,7,,,0,19,,74729,7,,,0,21,,74731,7,,,0,60,,74730,7,,,0,20,,74732,7,,,0,21,,74733,7,,,0,60,,74734,7,,,0,20,,74735,7,,,0,20,,74736,7,,,0,60,,74737,7,,,0,20,,74738,7,,,0,20,,74739,7,,,0,59,,74740,7,,,0,22,,74741,7,,,0
2000001,'5_2',644,,77117,7,,,0,66,,77118,7,,,0,19,,77158,7,,,0,20,,77119,7,,,0,60,,77159,7,,,0,20,,77121,7,,,0,22,,77120,7,,,0,61,,77122,7,,,0,21,,77123,7,,,0,20,,77125,7,,,0,59,,77124,7,,,0,18,,77130,7,,,0,18,,77128,7,,,0,59,,77132,7,,,0,18,,77126,7,,,0,19,,77131,7,,,0,59,,77127,7,,,0,20,,77129,7,,,0,18,,77138,7,,,0,18,,77135,7,,,0,59,,77136,7,,,0,20,,77137,7,,,0,19,,77134,7,,,0,58,,77133,7,,,0,18,,77139,7,,,0,19,,77140,7,,,0,61,,77142,7,,,0,20,,77141,7,,,0,19,,77143,7,,,0,60,,77144,7,,,0,19,,77145,7,,,0,21,,77147,7,,,0,60,,77146,7,,,0,20,,77148,7,,,0,21,,77149,7,,,0,60,,77150,7,,,0,20,,77151,7,,,0,20,,77152,7,,,0,60,,77153,7,,,0,20,,77154,7,,,0,20,,77155,7,,,0,59,,77156,7,,,0,22,,77157,7,,,0
2000001,'5_3',644,,77160,7,,,0,66,,77161,7,,,0,19,,77201,7,,,0,20,,77162,7,,,0,60,,77202,7,,,0,20,,77164,7,,,0,22,,77163,7,,,0,61,,77165,7,,,0,21,,77166,7,,,0,20,,77168,7,,,0,59,,77167,7,,,0,18,,77173,7,,,0,18,,77171,7,,,0,59,,77175,7,,,0,18,,77169,7,,,0,19,,77174,7,,,0,59,,77170,7,,,0,20,,77172,7,,,0,18,,77181,7,,,0,18,,77178,7,,,0,59,,77179,7,,,0,20,,77180,7,,,0,19,,77177,7,,,0,58,,77176,7,,,0,18,,77182,7,,,0,19,,77183,7,,,0,61,,77185,7,,,0,20,,77184,7,,,0,19,,77186,7,,,0,60,,77187,7,,,0,19,,77188,7,,,0,21,,77190,7,,,0,60,,77189,7,,,0,20,,77191,7,,,0,21,,77192,7,,,0,60,,77193,7,,,0,20,,77194,7,,,0,20,,77195,7,,,0,60,,77196,7,,,0,20,,77197,7,,,0,20,,77198,7,,,0,59,,77199,7,,,0,22,,77200,7,,,0
2000001,'5_4',644,,77203,7,,,0,66,,77204,7,,,0,19,,77244,7,,,0,20,,77205,7,,,0,60,,77245,7,,,0,20,,77207,7,,,0,22,,77206,7,,,0,61,,77208,7,,,0,21,,77209,7,,,0,20,,77211,7,,,0,59,,77210,7,,,0,18,,77216,7,,,0,18,,77214,7,,,0,59,,77218,7,,,0,18,,77212,7,,,0,19,,77217,7,,,0,59,,77213,7,,,0,20,,77215,7,,,0,18,,77224,7,,,0,18,,77221,7,,,0,59,,77222,7,,,0,20,,77223,7,,,0,19,,77220,7,,,0,58,,77219,7,,,0,18,,77225,7,,,0,19,,77226,7,,,0,61,,77228,7,,,0,20,,77227,7,,,0,19,,77229,7,,,0,60,,77230,7,,,0,19,,77231,7,,,0,21,,77233,7,,,0,60,,77232,7,,,0,20,,77234,7,,,0,21,,77235,7,,,0,60,,77236,7,,,0,20,,77237,7,,,0,20,,77238,7,,,0,60,,77239,7,,,0,20,,77240,7,,,0,20,,77241,7,,,0,59,,77242,7,,,0,22,,77243,7,,,0
2901201,'3_1',1624,,71209,1,,,0,104,,71210,1,,,0,101,,71211,1,,,0
2901201,'3_2',1624,,73798,1,,,0,104,,73799,1,,,0,101,,73800,1,,,0
2901201,'3_3',1624,,71212,1,,,0,104,,71213,1,,,0,101,,71214,1,,,0
2901201,'3_4',1624,,71215,1,,,0,104,,71216,1,,,0,101,,71217,1,,,0
2901201,'3_5',1624,,71218,1,,,0,104,,71219,1,,,0,101,,71220,1,,,0
2901201,'5_1',1624,,74758,1,,,0,104,,74759,1,,,0,101,,74760,1,,,0
2901201,'5_2',1624,,77288,1,,,0,104,,77289,1,,,0,101,,77290,1,,,0
2901201,'5_3',1624,,77291,1,,,0,104,,77292,1,,,0,101,,77293,1,,,0
2901201,'5_4',1624,,77294,1,,,0,104,,77295,1,,,0,101,,77296,1,,,0
3000001,'0_6',644,,71656,14,,,0,80,,71657,14,,,0,84,,71658,14,,,0,37,,71659,14,,,0,61,,71660,14,,,0,19,,71661,14,,,0,21,,71662,14,,,0,60,,71663,14,,,0,20,,71664,14,,,0,20,,71665,14,,,0,60,,71666,14,,,0,19,,71667,14,,,0,21,,71668,14,,,0,61,,71669,14,,,0,19,,71670,14,,,0,19,,71671,14,,,0,60,,71672,14,,,0,20,,71673,14,,,0,20,,71674,14,,,0,61,,71675,14,,,0,20,,71676,14,,,0,20,,71677,14,,,0,61,,71678,14,,,0,20,,71679,14,,,0,20,,71680,14,,,0,60,,71681,14,,,0,20,,71682,14,,,0,21,,71683,14,,,0,60,,71684,14,,,0,20,,71685,14,,,0,19,,71686,14,,,0,59,,71687,14,,,0,20,,71688,14,,,0,20,,71689,14,,,0,58,,71690,14,,,0,32,,71692,14,,,0,68,,71693,14,,,0,30,,71691,14,,,0,69,,71694,14,,,0
3000001,'1_7',849,,71695,14,,,0,170,,71697,14,,,0,130,,71698,14,,,0,170,,71699,14,,,0,130,,71700,14,,,0,170,,71701,14,,,0,130,,71702,14,,,0,170,,71703,14,,,0,130,,71696,14,,,0
3000001,'3_1',654,,71955,14,,,0,59,,71914,14,,,0,20,,71915,14,,,0,20,,71916,14,,,0,60,,71917,14,,,0,19,,71918,14,,,0,20,,71919,14,,,0,60,,71920,14,,,0,20,,71921,14,,,0,20,,71922,14,,,0,60,,71923,14,,,0,20,,71924,14,,,0,20,,71925,14,,,0,59,,71926,14,,,0,20,,71927,14,,,0,20,,71928,14,,,0,60,,71929,14,,,0,19,,71930,14,,,0,20,,71931,14,,,0,60,,71932,14,,,0,20,,71933,14,,,0,20,,71934,14,,,0,61,,71935,14,,,0,20,,71936,14,,,0,19,,71937,14,,,0,61,,71938,14,,,0,20,,71939,14,,,0,20,,71940,14,,,0,60,,71941,14,,,0,20,,71942,14,,,0,21,,71943,14,,,0,60,,71944,14,,,0,20,,71945,14,,,0,20,,71946,14,,,0,60,,71947,14,,,0,19,,71948,14,,,0,21,,71949,14,,,0,61,,71950,14,,,0,21,,71951,14,,,0,70,,71952,14,,,0,27,,71953,14,,,0,70,,71954,14,,,0
3000001,'3_2',654,,73884,14,,,0,59,,73843,14,,,0,20,,73844,14,,,0,20,,73845,14,,,0,60,,73846,14,,,0,19,,73847,14,,,0,20,,73848,14,,,0,60,,73849,14,,,0,20,,73850,14,,,0,20,,73851,14,,,0,60,,73852,14,,,0,20,,73853,14,,,0,20,,73854,14,,,0,59,,73855,14,,,0,20,,73856,14,,,0,20,,73857,14,,,0,60,,73858,14,,,0,19,,73859,14,,,0,20,,73860,14,,,0,60,,73861,14,,,0,20,,73862,14,,,0,20,,73863,14,,,0,61,,73864,14,,,0,20,,73865,14,,,0,19,,73866,14,,,0,61,,73867,14,,,0,20,,73868,14,,,0,20,,73869,14,,,0,60,,73870,14,,,0,20,,73871,14,,,0,21,,73872,14,,,0,60,,73873,14,,,0,20,,73874,14,,,0,20,,73875,14,,,0,60,,73876,14,,,0,19,,73877,14,,,0,21,,73878,14,,,0,61,,73879,14,,,0,21,,73880,14,,,0,70,,73881,14,,,0,27,,73882,14,,,0,70,,73883,14,,,0
3000001,'3_3',654,,71997,14,,,0,59,,71956,14,,,0,20,,71957,14,,,0,20,,71958,14,,,0,60,,71959,14,,,0,19,,71960,14,,,0,20,,71961,14,,,0,60,,71962,14,,,0,20,,71963,14,,,0,20,,71964,14,,,0,60,,71965,14,,,0,20,,71966,14,,,0,20,,71967,14,,,0,59,,71968,14,,,0,20,,71969,14,,,0,20,,71970,14,,,0,60,,71971,14,,,0,19,,71972,14,,,0,20,,71973,14,,,0,60,,71974,14,,,0,20,,71975,14,,,0,20,,71976,14,,,0,61,,71977,14,,,0,20,,71978,14,,,0,19,,71979,14,,,0,61,,71980,14,,,0,20,,71981,14,,,0,20,,71982,14,,,0,60,,71983,14,,,0,20,,71984,14,,,0,21,,71985,14,,,0,60,,71986,14,,,0,20,,71987,14,,,0,20,,71988,14,,,0,60,,71989,14,,,0,19,,71990,14,,,0,21,,71991,14,,,0,61,,71992,14,,,0,21,,71993,14,,,0,70,,71994,14,,,0,27,,71995,14,,,0,70,,71996,14,,,0
3000001,'3_4',654,,72039,14,,,0,59,,71998,14,,,0,20,,71999,14,,,0,20,,72000,14,,,0,60,,72001,14,,,0,19,,72002,14,,,0,20,,72003,14,,,0,60,,72004,14,,,0,20,,72005,14,,,0,20,,72006,14,,,0,60,,72007,14,,,0,20,,72008,14,,,0,20,,72009,14,,,0,59,,72010,14,,,0,20,,72011,14,,,0,20,,72012,14,,,0,60,,72013,14,,,0,19,,72014,14,,,0,20,,72015,14,,,0,60,,72016,14,,,0,20,,72017,14,,,0,20,,72018,14,,,0,61,,72019,14,,,0,20,,72020,14,,,0,19,,72021,14,,,0,61,,72022,14,,,0,20,,72023,14,,,0,20,,72024,14,,,0,60,,72025,14,,,0,20,,72026,14,,,0,21,,72027,14,,,0,60,,72028,14,,,0,20,,72029,14,,,0,20,,72030,14,,,0,60,,72031,14,,,0,19,,72032,14,,,0,21,,72033,14,,,0,61,,72034,14,,,0,21,,72035,14,,,0,70,,72036,14,,,0,27,,72037,14,,,0,70,,72038,14,,,0
3000001,'3_5',654,,72081,14,,,0,59,,72040,14,,,0,20,,72041,14,,,0,20,,72042,14,,,0,60,,72043,14,,,0,19,,72044,14,,,0,20,,72045,14,,,0,60,,72046,14,,,0,20,,72047,14,,,0,20,,72048,14,,,0,60,,72049,14,,,0,20,,72050,14,,,0,20,,72051,14,,,0,59,,72052,14,,,0,20,,72053,14,,,0,20,,72054,14,,,0,60,,72055,14,,,0,19,,72056,14,,,0,20,,72057,14,,,0,60,,72058,14,,,0,20,,72059,14,,,0,20,,72060,14,,,0,61,,72061,14,,,0,20,,72062,14,,,0,19,,72063,14,,,0,61,,72064,14,,,0,20,,72065,14,,,0,20,,72066,14,,,0,60,,72067,14,,,0,20,,72068,14,,,0,21,,72069,14,,,0,60,,72070,14,,,0,20,,72071,14,,,0,20,,72072,14,,,0,60,,72073,14,,,0,19,,72074,14,,,0,21,,72075,14,,,0,61,,72076,14,,,0,21,,72077,14,,,0,70,,72078,14,,,0,27,,72079,14,,,0,70,,72080,14,,,0
3000001,'5_1',654,,74844,14,,,0,59,,74803,14,,,0,20,,74804,14,,,0,20,,74805,14,,,0,60,,74806,14,,,0,19,,74807,14,,,0,20,,74808,14,,,0,60,,74809,14,,,0,20,,74810,14,,,0,20,,74811,14,,,0,60,,74812,14,,,0,20,,74813,14,,,0,20,,74814,14,,,0,59,,74815,14,,,0,20,,74816,14,,,0,20,,74817,14,,,0,60,,74818,14,,,0,19,,74819,14,,,0,20,,74820,14,,,0,60,,74821,14,,,0,20,,74822,14,,,0,20,,74823,14,,,0,61,,74824,14,,,0,20,,74825,14,,,0,19,,74826,14,,,0,61,,74827,14,,,0,20,,74828,14,,,0,20,,74829,14,,,0,60,,74830,14,,,0,20,,74831,14,,,0,21,,74832,14,,,0,60,,74833,14,,,0,20,,74834,14,,,0,20,,74835,14,,,0,60,,74836,14,,,0,19,,74837,14,,,0,21,,74838,14,,,0,61,,74839,14,,,0,21,,74840,14,,,0,70,,74841,14,,,0,27,,74842,14,,,0,70,,74843,14,,,0
3000001,'5_2',654,,77464,14,,,0,59,,77423,14,,,0,20,,77424,14,,,0,20,,77425,14,,,0,60,,77426,14,,,0,19,,77427,14,,,0,20,,77428,14,,,0,60,,77429,14,,,0,20,,77430,14,,,0,20,,77431,14,,,0,60,,77432,14,,,0,20,,77433,14,,,0,20,,77434,14,,,0,59,,77435,14,,,0,20,,77436,14,,,0,20,,77437,14,,,0,60,,77438,14,,,0,19,,77439,14,,,0,20,,77440,14,,,0,60,,77441,14,,,0,20,,77442,14,,,0,20,,77443,14,,,0,61,,77444,14,,,0,20,,77445,14,,,0,19,,77446,14,,,0,61,,77447,14,,,0,20,,77448,14,,,0,20,,77449,14,,,0,60,,77450,14,,,0,20,,77451,14,,,0,21,,77452,14,,,0,60,,77453,14,,,0,20,,77454,14,,,0,20,,77455,14,,,0,60,,77456,14,,,0,19,,77457,14,,,0,21,,77458,14,,,0,61,,77459,14,,,0,21,,77460,14,,,0,70,,77461,14,,,0,27,,77462,14,,,0,70,,77463,14,,,0
3000001,'5_3',654,,77506,14,,,0,59,,77465,14,,,0,20,,77466,14,,,0,20,,77467,14,,,0,60,,77468,14,,,0,19,,77469,14,,,0,20,,77470,14,,,0,60,,77471,14,,,0,20,,77472,14,,,0,20,,77473,14,,,0,60,,77474,14,,,0,20,,77475,14,,,0,20,,77476,14,,,0,59,,77477,14,,,0,20,,77478,14,,,0,20,,77479,14,,,0,60,,77480,14,,,0,19,,77481,14,,,0,20,,77482,14,,,0,60,,77483,14,,,0,20,,77484,14,,,0,20,,77485,14,,,0,61,,77486,14,,,0,20,,77487,14,,,0,19,,77488,14,,,0,61,,77489,14,,,0,20,,77490,14,,,0,20,,77491,14,,,0,60,,77492,14,,,0,20,,77493,14,,,0,21,,77494,14,,,0,60,,77495,14,,,0,20,,77496,14,,,0,20,,77497,14,,,0,60,,77498,14,,,0,19,,77499,14,,,0,21,,77500,14,,,0,61,,77501,14,,,0,21,,77502,14,,,0,70,,77503,14,,,0,27,,77504,14,,,0,70,,77505,14,,,0
3000001,'5_4',654,,77548,14,,,0,59,,77507,14,,,0,20,,77508,14,,,0,20,,77509,14,,,0,60,,77510,14,,,0,19,,77511,14,,,0,20,,77512,14,,,0,60,,77513,14,,,0,20,,77514,14,,,0,20,,77515,14,,,0,60,,77516,14,,,0,20,,77517,14,,,0,20,,77518,14,,,0,59,,77519,14,,,0,20,,77520,14,,,0,20,,77521,14,,,0,60,,77522,14,,,0,19,,77523,14,,,0,20,,77524,14,,,0,60,,77525,14,,,0,20,,77526,14,,,0,20,,77527,14,,,0,61,,77528,14,,,0,20,,77529,14,,,0,19,,77530,14,,,0,61,,77531,14,,,0,20,,77532,14,,,0,20,,77533,14,,,0,60,,77534,14,,,0,20,,77535,14,,,0,21,,77536,14,,,0,60,,77537,14,,,0,20,,77538,14,,,0,20,,77539,14,,,0,60,,77540,14,,,0,19,,77541,14,,,0,21,,77542,14,,,0,61,,77543,14,,,0,21,,77544,14,,,0,70,,77545,14,,,0,27,,77546,14,,,0,70,,77547,14,,,0
