1,100,'0_6',62779,62780,62781,62782,62783,62784,62785,62786,62787,62788,62789,62790,62791,62792,62793,62794,62795,62796,62797,62798,62799,62800,62801
1,100,'1_7',62802,62803,62804,62805,62806,62807,62808,62809,62810,62811
1,100,'7_1',80072,80073,80074,80075,80076,80077,80078,80079,80080,80081,80082,80083,80084,80085,80086,80087,80088,80089,80090,80091,80092,80093,80094,80095,80096
1,100,'7_2',82008,82009,82010,82011,82012,82013,82014,82015,82016,82017,82018,82019,82020,82021,82022,82023,82024,82025,82026,82027,82028,82029,82030,82031,82032
1,100,'7_3',82033,82034,82035,82036,82037,82038,82039,82040,82041,82042,82043,82044,82045,82046,82047,82048,82049,82050,82051,82052,82053,82054,82055,82056,82057
1,100,'7_4',79112,79113,79114,79115,79116,79117,79118,79119,79120,79121,79122,79123,79124,79125,79126,79127,79128,79129,79130,79131,79132,79133,79134,79135,79136
1,100,'7_5',80097,80098,80099,80100,80101,80102,80103,80104,80105,80106,80107,80108,80109,80110,80111,80112,80113,80114,80115,80116,80117,80118,80119,80120,80121
1,100,'8_7',83928,83929,83930,83931,83932,83933,83934,83935,83936,83937
1,101,'0_6',63047,63048,63049,63050,63051,63052,63053,63054,63055,63056,63057,63058,63059,63060,63061,63062,63063,63064,63065,63066,63067,63068,63069
1,101,'1_7',63070,63071,63072,63073,63074,63075,63076,63077,63078,63079
1,101,'7_1',80122,80123,80124,80125,80126,80127,80128,80129,80130,80131,80132,80133,80134,80135,80136,80137,80138,80139,80140,80141,80142,80143,80144,80145,80146
1,101,'7_2',82058,82059,82060,82061,82062,82063,82064,82065,82066,82067,82068,82069,82070,82071,82072,82073,82074,82075,82076,82077,82078,82079,82080,82081,82082
1,101,'7_3',82083,82084,82085,82086,82087,82088,82089,82090,82091,82092,82093,82094,82095,82096,82097,82098,82099,82100,82101,82102,82103,82104,82105,82106,82107
1,101,'7_4',79137,79138,79139,79140,79141,79142,79143,79144,79145,79146,79147,79148,79149,79150,79151,79152,79153,79154,79155,79156,79157,79158,79159,79160,79161
1,101,'7_5',80147,80148,80149,80150,80151,80152,80153,80154,80155,80156,80157,80158,80159,80160,80161,80162,80163,80164,80165,80166,80167,80168,80169,80170,80171
1,101,'8_7',83938,83939,83940,83941,83942,83943,83944,83945,83946,83947
2,200,'0_6',63315,63316,63317,63318,63319,63320,63321,63322,63323,63324,63325,63326,63327,63328,63329,63330,63331,63332,63333,63334,63335,63336,63337,63338,63339,63340,63341,63342,63343,63344,63345,63346,63347,63348,63349
2,200,'1_7',63350,63351,63352,63353,63354,63355,63356,63357
2,200,'7_1',80172,80173,80174,80175,80176,80177,80178,80179,80180,80181,80182,80183,80184,80185,80186,80187,80188,80189,80190,80191,80192,80193,80194,80195,80196,80197,80198,80199,80200,80201,80202,80203,80204,80205,80206
2,200,'7_2',82108,82109,82110,82111,82112,82113,82114,82115,82116,82117,82118,82119,82120,82121,82122,82123,82124,82125,82126,82127,82128,82129,82130,82131,82132,82133,82134,82135,82136,82137,82138,82139,82140,82141,82142
2,200,'7_3',82143,82144,82145,82146,82147,82148,82149,82150,82151,82152,82153,82154,82155,82156,82157,82158,82159,82160,82161,82162,82163,82164,82165,82166,82167,82168,82169,82170,82171,82172,82173,82174,82175,82176,82177
2,200,'7_4',79162,79163,79164,79165,79166,79167,79168,79169,79170,79171,79172,79173,79174,79175,79176,79177,79178,79179,79180,79181,79182,79183,79184,79185,79186,79187,79188,79189,79190,79191,79192,79193,79194,79195,79196
2,200,'7_5',80207,80208,80209,80210,80211,80212,80213,80214,80215,80216,80217,80218,80219,80220,80221,80222,80223,80224,80225,80226,80227,80228,80229,80230,80231,80232,80233,80234,80235,80236,80237,80238,80239,80240,80241
2,200,'8_7',83948,83949,83950,83951,83952,83953,83954,83955
2,201,'0_6',63681,63682,63683,63684,63685,63686,63687,63688,63689,63690,63691,63692,63693,63694,63695,63696,63697,63698,63699,63700,63701,63702,63703,63704,63705,63706,63707,63708,63709,63710,63711,63712,63713,63714,63715,63716
2,201,'1_7',63717,63718,63719,63720,63721,63722,63723,63724
2,201,'7_1',80242,80243,80244,80245,80246,80247,80248,80249,80250,80251,80252,80253,80254,80255,80256,80257,80258,80259,80260,80261,80262,80263,80264,80265,80266,80267,80268,80269,80270,80271,80272,80273,80274,80275,80276,80277
2,201,'7_2',82178,82179,82180,82181,82182,82183,82184,82185,82186,82187,82188,82189,82190,82191,82192,82193,82194,82195,82196,82197,82198,82199,82200,82201,82202,82203,82204,82205,82206,82207,82208,82209,82210,82211,82212,82213
2,201,'7_3',82214,82215,82216,82217,82218,82219,82220,82221,82222,82223,82224,82225,82226,82227,82228,82229,82230,82231,82232,82233,82234,82235,82236,82237,82238,82239,82240,82241,82242,82243,82244,82245,82246,82247,82248,82249
2,201,'7_4',79197,79198,79199,79200,79201,79202,79203,79204,79205,79206,79207,79208,79209,79210,79211,79212,79213,79214,79215,79216,79217,79218,79219,79220,79221,79222,79223,79224,79225,79226,79227,79228,79229,79230,79231,79232
2,201,'7_5',80278,80279,80280,80281,80282,80283,80284,80285,80286,80287,80288,80289,80290,80291,80292,80293,80294,80295,80296,80297,80298,80299,80300,80301,80302,80303,80304,80305,80306,80307,80308,80309,80310,80311,80312,80313
2,201,'8_7',83956,83957,83958,83959,83960,83961,83962,83963
3,300,'0_6',64057,64058,64059,64060,64061,64062,64063,64064,64065,64066,64067,64068,64069,64070,64071,64072,64073,64074,64075,64076,64077,64078,64079,64080,64081,64082,64083,64084,64085,64086,64087,64088,64089,64090,64091,64092,64093
3,300,'1_7',64094,64095,64096,64097,64098,64099,64100,64101,64102,64103,64104,64105,64106,64107,64108,64109,64110,64111,64112,64113,64114,64115,64116,64117,64118,64119
3,300,'7_1',80314,80315,80316,80317,80318,80319,80320,80321,80322,80323,80324,80325,80326,80327,80328,80329,80330,80331,80332,80333,80334,80335,80336,80337,80338,80339,80340,80341,80342,80343
3,300,'7_2',82250,82251,82252,82253,82254,82255,82256,82257,82258,82259,82260,82261,82262,82263,82264,82265,82266,82267,82268,82269,82270,82271,82272,82273,82274,82275,82276,82277,82278,82279
3,300,'7_3',82280,82281,82282,82283,82284,82285,82286,82287,82288,82289,82290,82291,82292,82293,82294,82295,82296,82297,82298,82299,82300,82301,82302,82303,82304,82305,82306,82307,82308,82309
3,300,'7_4',79233,79234,79235,79236,79237,79238,79239,79240,79241,79242,79243,79244,79245,79246,79247,79248,79249,79250,79251,79252,79253,79254,79255,79256,79257,79258,79259,79260,79261,79262
3,300,'7_5',80344,80345,80346,80347,80348,80349,80350,80351,80352,80353,80354,80355,80356,80357,80358,80359,80360,80361,80362,80363,80364,80365,80366,80367,80368,80369,80370,80371,80372,80373,80374,80375,80376,80377,80378,80379,80380
3,300,'8_7',83964,83965,83966,83967,83968,83969,83970,83971,83972,83973,83974,83975,83976,83977,83978,83979,83980,83981,83982,83983,83984,83985,83986,83987,83988,83989
3,301,'0_6',64434,64435,64436,64437,64438,64439,64440,64441,64442,64443,64444,64445,64446,64447,64448,64449,64450,64451,64452,64453,64454,64455,64456,64457,64458,64459,64460,64461,64462,64463,64464,64465,64466,64467,64468,64469,64470
3,301,'1_7',64471,64472,64473,64474,64475,64476,64477,64478,64479,64480,64481,64482,64483,64484,64485,64486,64487,64488,64489,64490,64491,64492,64493,64494,64495,64496,64497
3,301,'7_1',80381,80382,80383,80384,80385,80386,80387,80388,80389,80390,80391,80392,80393,80394,80395,80396,80397,80398,80399,80400,80401,80402,80403,80404,80405,80406,80407,80408,80409
3,301,'7_2',82310,82311,82312,82313,82314,82315,82316,82317,82318,82319,82320,82321,82322,82323,82324,82325,82326,82327,82328,82329,82330,82331,82332,82333,82334,82335,82336,82337,82338
3,301,'7_3',82339,82340,82341,82342,82343,82344,82345,82346,82347,82348,82349,82350,82351,82352,82353,82354,82355,82356,82357,82358,82359,82360,82361,82362,82363,82364,82365,82366,82367
3,301,'7_4',79263,79264,79265,79266,79267,79268,79269,79270,79271,79272,79273,79274,79275,79276,79277,79278,79279,79280,79281,79282,79283,79284,79285,79286,79287,79288,79289,79290,79291
3,301,'7_5',80410,80411,80412,80413,80414,80415,80416,80417,80418,80419,80420,80421,80422,80423,80424,80425,80426,80427,80428,80429,80430,80431,80432,80433,80434,80435,80436,80437,80438,80439,80440,80441,80442,80443,80444,80445,80446
3,301,'8_7',83990,83991,83992,83993,83994,83995,83996,83997,83998,83999,84000,84001,84002,84003,84004,84005,84006,84007,84008,84009,84010,84011,84012,84013,84014,84015,84016
4,400,'0_6',64804,64805,64806,64807,64808,64809,64810,64811,64812,64813,64814,64815,64816,64817,64818,64819,64820,64821,64822,64823,64824,64825,64826,64827
4,400,'1_7',64828,64829,64830,64831,64832,64833,64834,64835
4,400,'7_1',80447,80448,80449,80450,80451,80452,80453,80454,80455,80456,80457,80458,80459,80460,80461,80462,80463,80464,80465,80466,80467,80468,80469,80470,80471
4,400,'7_2',82368,82369,82370,82371,82372,82373,82374,82375,82376,82377,82378,82379,82380,82381,82382,82383,82384,82385,82386,82387,82388,82389,82390,82391,82392
4,400,'7_3',82393,82394,82395,82396,82397,82398,82399,82400,82401,82402,82403,82404,82405,82406,82407,82408,82409,82410,82411,82412,82413,82414,82415,82416,82417
4,400,'7_4',79292,79293,79294,79295,79296,79297,79298,79299,79300,79301,79302,79303,79304,79305,79306,79307,79308,79309,79310,79311,79312,79313,79314,79315,79316
4,400,'7_5',80472,80473,80474,80475,80476,80477,80478,80479,80480,80481,80482,80483,80484,80485,80486,80487,80488,80489,80490,80491,80492,80493,80494,80495,80496
4,400,'8_7',84017,84018,84019,84020,84021,84022,84023,84024
4,401,'0_6',65069,65070,65071,65072,65073,65074,65075,65076,65077,65078,65079,65080,65081,65082,65083,65084,65085,65086,65087,65088,65089,65090,65091,65092
4,401,'1_7',65093,65094,65095,65096,65097,65098,65099
4,401,'7_1',80497,80498,80499,80500,80501,80502,80503,80504,80505,80506,80507,80508,80509,80510,80511,80512,80513,80514,80515,80516,80517,80518,80519,80520,80521,80522
4,401,'7_2',82418,82419,82420,82421,82422,82423,82424,82425,82426,82427,82428,82429,82430,82431,82432,82433,82434,82435,82436,82437,82438,82439,82440,82441,82442,82443
4,401,'7_3',82444,82445,82446,82447,82448,82449,82450,82451,82452,82453,82454,82455,82456,82457,82458,82459,82460,82461,82462,82463,82464,82465,82466,82467,82468,82469
4,401,'7_4',79317,79318,79319,79320,79321,79322,79323,79324,79325,79326,79327,79328,79329,79330,79331,79332,79333,79334,79335,79336,79337,79338,79339,79340,79341,79342
4,401,'7_5',80523,80524,80525,80526,80527,80528,80529,80530,80531,80532,80533,80534,80535,80536,80537,80538,80539,80540,80541,80542,80543,80544,80545,80546,80547,80548
4,401,'8_7',84025,84026,84027,84028,84029,84030,84031
5,500,'0_6',65341,65342,65343,65344,65345,65346,65347,65348,65349,65350,65351,65352,65353,65354,65355,65356
5,500,'1_7',65357,65358,65359,65360,65361
5,500,'7_1',80549,80550,80551,80552,80553,80554,80555,80556,80557,80558,80559,80560,80561,80562,80563,80564
5,500,'7_2',82470,82471,82472,82473,82474,82475,82476,82477,82478,82479,82480,82481,82482,82483,82484,82485
5,500,'7_3',82486,82487,82488,82489,82490,82491,82492,82493,82494,82495,82496,82497,82498,82499,82500,82501
5,500,'7_4',79343,79344,79345,79346,79347,79348,79349,79350,79351,79352,79353,79354,79355,79356,79357,79358
5,500,'7_5',80565,80566,80567,80568,80569,80570,80571,80572,80573,80574,80575,80576,80577,80578,80579,80580
5,500,'8_7',84032,84033,84034,84035,84036
5,501,'0_6',65511,65512,65513,65514,65515,65516,65517,65518,65519,65520,65521,65522,65523,65524,65525
5,501,'1_7',65526,65527,65528,65529,65530
5,501,'7_1',80581,80582,80583,80584,80585,80586,80587,80588,80589,80590,80591,80592,80593,80594,80595
5,501,'7_2',82502,82503,82504,82505,82506,82507,82508,82509,82510,82511,82512,82513,82514,82515,82516
5,501,'7_3',82517,82518,82519,82520,82521,82522,82523,82524,82525,82526,82527,82528,82529,82530,82531
5,501,'7_4',79359,79360,79361,79362,79363,79364,79365,79366,79367,79368,79369,79370,79371,79372,79373
5,501,'7_5',80596,80597,80598,80599,80600,80601,80602,80603,80604,80605,80606,80607,80608,80609,80610
5,501,'8_7',84037,84038,84039,84040,84041
6,600,'0_6',65671,65672,65673,65674,65675,65676,65677,65678,65679,65680,65681,65682,65683,65684,65685,65686
6,600,'1_7',65687,65688,65689,65690,65691,65692,65693,65694
6,600,'7_1',80611,80612,80613,80614,80615,80616,80617,80618,80619,80620,80621,80622,80623,80624,80625,80626
6,600,'7_2',82532,82533,82534,82535,82536,82537,82538,82539,82540,82541,82542,82543,82544,82545,82546,82547
6,600,'7_3',82548,82549,82550,82551,82552,82553,82554,82555,82556,82557,82558,82559,82560,82561,82562,82563
6,600,'7_4',79374,79375,79376,79377,79378,79379,79380,79381,79382,79383,79384,79385,79386,79387,79388,79389
6,600,'7_5',80627,80628,80629,80630,80631,80632,80633,80634,80635,80636,80637,80638,80639,80640,80641,80642
6,600,'8_7',84042,84043,84044,84045,84046,84047,84048,84049
6,601,'0_6',65847,65848,65849,65850,65851,65852,65853,65854,65855,65856,65857,65858,65859,65860,65861,65862,65863
6,601,'1_7',65864,65865,65866,65867,65868,65869,65870,65871,65872
6,601,'7_1',80643,80644,80645,80646,80647,80648,80649,80650,80651,80652,80653,80654,80655,80656,80657,80658,80659
6,601,'7_2',82564,82565,82566,82567,82568,82569,82570,82571,82572,82573,82574,82575,82576,82577,82578,82579,82580
6,601,'7_3',82581,82582,82583,82584,82585,82586,82587,82588,82589,82590,82591,82592,82593,82594,82595,82596,82597
6,601,'7_4',79390,79391,79392,79393,79394,79395,79396,79397,79398,79399,79400,79401,79402,79403,79404,79405,79406
6,601,'7_5',80660,80661,80662,80663,80664,80665,80666,80667,80668,80669,80670,80671,80672,80673,80674,80675,80676
6,601,'8_7',84050,84051,84052,84053,84054,84055,84056,84057,84058
7,700,'0_6',66035,66036,66037,66038,66039,66040,66041,66042,66043,66044,66045
7,700,'7_1',80677,80678,80679,80680,80681,80682,80683,80684,80685,80686,80687
7,700,'7_2',82598,82599,82600,82601,82602,82603,82604,82605,82606,82607,82608
7,700,'7_3',82609,82610,82611,82612,82613,82614,82615,82616,82617,82618,82619
7,700,'7_4',79407,79408,79409,79410,79411,79412,79413,79414,79415,79416,79417
7,700,'7_5',80688,80689,80690,80691,80692,80693,80694,80695,80696,80697,80698
7,701,'0_6',66145,66146,66147,66148,66149,66150,66151,66152,66153,66154,66155
7,701,'7_1',80699,80700,80701,80702,80703,80704,80705,80706,80707,80708,80709
7,701,'7_2',82620,82621,82622,82623,82624,82625,82626,82627,82628,82629,82630
7,701,'7_3',82631,82632,82633,82634,82635,82636,82637,82638,82639,82640,82641
7,701,'7_4',79418,79419,79420,79421,79422,79423,79424,79425,79426,79427,79428
7,701,'7_5',80710,80711,80712,80713,80714,80715,80716,80717,80718,80719,80720
8,800,'7_1',80721,80722,80723,80724,80725,80726,80727,80728,80729,80730,80731
8,800,'7_2',82642,82643,82644,82645,82646,82647,82648,82649,82650,82651,82652
8,800,'7_3',82653,82654,82655,82656,82657,82658,82659,82660,82661,82662,82663
8,800,'7_4',79429,79430,79431,79432,79433,79434,79435,79436,79437,79438,79439
8,800,'7_5',80732,80733,80734,80735,80736,80737,80738,80739,80740,80741,80742
8,801,'7_1',80743,80744,80745,80746,80747,80748,80749,80750,80751,80752,80753,80754,80755,80756
8,801,'7_2',82664,82665,82666,82667,82668,82669,82670,82671,82672,82673,82674,82675,82676,82677
8,801,'7_3',82678,82679,82680,82681,82682,82683,82684,82685,82686,82687,82688,82689,82690,82691
8,801,'7_4',79440,79441,79442,79443,79444,79445,79446,79447,79448,79449,79450,79451,79452,79453
8,801,'7_5',80757,80758,80759,80760,80761,80762,80763,80764,80765,80766,80767,80768,80769,80770
9,900,'0_6',66480,66481,66482,66483,66484,66485,66486,66487,66488,66489,66490,66491,66492
9,900,'7_1',80771,80772,80773,80774,80775,80776,80777,80778,80779,80780,80781,80782,80783
9,900,'7_2',82692,82693,82694,82695,82696,82697,82698,82699,82700,82701,82702,82703,82704
9,900,'7_3',82705,82706,82707,82708,82709,82710,82711,82712,82713,82714,82715,82716,82717
9,900,'7_4',79454,79455,79456,79457,79458,79459,79460,79461,79462,79463,79464,79465,79466
9,900,'7_5',80784,80785,80786,80787,80788,80789,80790,80791,80792,80793,80794,80795,80796
9,901,'0_6',66610,66611,66612,66613,66614,66615,66616,66617,66618,66619,66620,66621,66622
9,901,'7_1',80797,80798,80799,80800,80801,80802,80803,80804,80805,80806,80807,80808,80809
9,901,'7_2',82718,82719,82720,82721,82722,82723,82724,82725,82726,82727,82728,82729,82730
9,901,'7_3',82731,82732,82733,82734,82735,82736,82737,82738,82739,82740,82741,82742,82743
9,901,'7_4',79467,79468,79469,79470,79471,79472,79473,79474,79475,79476,79477,79478,79479
9,901,'7_5',80810,80811,80812,80813,80814,80815,80816,80817,80818,80819,80820,80821,80822
10,1000,'0_6',66740,66741,66742,66743,66744,66745,66746,66747,66748,66749,66750,66751,66752,66753,66754,66755
10,1000,'1_7',66756,66757,66758,66759
10,1000,'7_1',80823,80824,80825,80826,80827,80828,80829,80830,80831,80832,80833,80834,80835
10,1000,'7_2',82744,82745,82746,82747,82748,82749,82750,82751,82752,82753,82754,82755,82756
10,1000,'7_3',82757,82758,82759,82760,82761,82762,82763,82764,82765,82766,82767,82768,82769
10,1000,'7_4',79480,79481,79482,79483,79484,79485,79486,79487,79488,79489,79490,79491,79492
10,1000,'7_5',80836,80837,80838,80839,80840,80841,80842,80843,80844,80845,80846,80847,80848
10,1000,'8_7',84059,84060,84061,84062
10,1001,'0_6',66890,66891,66892,66893,66894,66895,66896,66897,66898,66899,66900,66901,66902,66903,66904
10,1001,'1_7',66905,66906,66907,66908
10,1001,'7_1',80849,80850,80851,80852,80853,80854,80855,80856,80857,80858,80859,80860
10,1001,'7_2',82770,82771,82772,82773,82774,82775,82776,82777,82778,82779,82780,82781
10,1001,'7_3',82782,82783,82784,82785,82786,82787,82788,82789,82790,82791,82792,82793
10,1001,'7_4',79493,79494,79495,79496,79497,79498,79499,79500,79501,79502,79503,79504
10,1001,'7_5',80861,80862,80863,80864,80865,80866,80867,80868,80869,80870,80871,80872
10,1001,'8_7',84063,84064,84065,84066
11,1100,'0_6',67029,67030,67031,67032
11,1100,'7_1',80873,80874,80875,80876
11,1100,'7_2',82794,82795,82796,82797
11,1100,'7_3',82798,82799,82800,82801
11,1100,'7_4',79505,79506,79507,79508
11,1100,'7_5',80877,80878,80879,80880
11,1101,'0_6',67069,67070
11,1101,'7_1',80881,80882
11,1101,'7_2',82802,82803
11,1101,'7_3',82804,82805
11,1101,'7_4',79509,79510
11,1101,'7_5',80883,80884
15,1500,'0_6',67089,67090,67091,67092,67093,67094,67095,67096,67097,67098,67099,67100,67101
15,1500,'7_1',80885,80886,80887,80888,80889,80890,80891,80892,80893,80894,80895,80896,80897
15,1500,'7_2',82806,82807,82808,82809,82810,82811,82812,82813,82814,82815,82816,82817,82818
15,1500,'7_3',82819,82820,82821,82822,82823,82824,82825,82826,82827,82828,82829,82830,82831
15,1500,'7_4',79511,79512,79513,79514,79515,79516,79517,79518,79519,79520,79521,79522,79523
15,1500,'7_5',80898,80899,80900,80901,80902,80903,80904,80905,80906,80907,80908,80909,80910
15,1501,'0_6',67219,67220,67221,67222,67223,67224,67225,67226,67227,67228,67229,67230,67231
15,1501,'7_1',80911,80912,80913,80914,80915,80916,80917,80918,80919,80920,80921,80922,80923
15,1501,'7_2',82832,82833,82834,82835,82836,82837,82838,82839,82840,82841,82842,82843,82844
15,1501,'7_3',82845,82846,82847,82848,82849,82850,82851,82852,82853,82854,82855,82856,82857
15,1501,'7_4',79524,79525,79526,79527,79528,79529,79530,79531,79532,79533,79534,79535,79536
15,1501,'7_5',80924,80925,80926,80927,80928,80929,80930,80931,80932,80933,80934,80935,80936
16,1600,'0_6',67349,67350,67351,67352,67353,67354,67355,67356,67357,67358
16,1600,'7_1',80937,80938,80939,80940,80941,80942,80943,80944,80945,80946
16,1600,'7_2',82858,82859,82860,82861,82862,82863,82864,82865,82866,82867
16,1600,'7_3',82868,82869,82870,82871,82872,82873,82874,82875,82876,82877
16,1600,'7_4',79537,79538,79539,79540,79541,79542,79543,79544,79545,79546
16,1600,'7_5',80947,80948,80949,80950,80951,80952,80953,80954,80955,80956
16,1601,'0_6',67449,67450,67451,67452,67453,67454,67455,67456
16,1601,'7_1',80957,80958,80959,80960,80961,80962,80963,80964
16,1601,'7_2',82878,82879,82880,82881,82882,82883,82884,82885
16,1601,'7_3',82886,82887,82888,82889,82890,82891,82892,82893
16,1601,'7_4',79547,79548,79549,79550,79551,79552,79553,79554
16,1601,'7_5',80965,80966,80967,80968,80969,80970,80971,80972
21,2100,'7_1',80973
21,2100,'7_2',82894
21,2100,'7_3',82895
21,2100,'7_4',79555
21,2100,'7_5',80974,80975
21,2101,'7_1',80976,80977
21,2101,'7_2',82896,82897
21,2101,'7_3',82898,82899
21,2101,'7_4',79556,79557
21,2101,'7_5',80978,80979
22,2200,'0_6',67568,67569,67570,67571,67572,67573,67574
22,2200,'1_7',67575,67576,67577,67578,67579
22,2200,'7_1',80980,80981,80982,80983,80984,80985,80986
22,2200,'7_2',82900,82901,82902,82903,82904,82905,82906
22,2200,'7_3',82907,82908,82909,82910,82911,82912,82913
22,2200,'7_4',79558,79559,79560,79561,79562,79563,79564
22,2200,'7_5',80987,80988,80989,80990,80991,80992,80993
22,2200,'8_7',84067,84068,84069,84070,84071
22,2201,'0_6',67648,67649,67650,67651,67652,67653,67654
22,2201,'1_7',67655,67656,67657,67658,67659
22,2201,'7_1',80994,80995,80996,80997,80998,80999,81000
22,2201,'7_2',82914,82915,82916,82917,82918,82919,82920
22,2201,'7_3',82921,82922,82923,82924,82925,82926,82927
22,2201,'7_4',79565,79566,79567,79568,79569,79570,79571
22,2201,'7_5',81001,81002,81003,81004,81005,81006,81007
22,2201,'8_7',84072,84073,84074,84075,84076
25,2500,'0_6',67728,67729,67730,67731,67732,67733,67734,67735,67736,67737
25,2500,'7_1',81008,81009,81010,81011,81012,81013,81014,81015,81016,81017
25,2500,'7_2',82928,82929,82930,82931,82932,82933,82934,82935,82936,82937
25,2500,'7_3',82938,82939,82940,82941,82942,82943,82944,82945,82946,82947
25,2500,'7_4',79572,79573,79574,79575,79576,79577,79578,79579,79580,79581
25,2500,'7_5',81018,81019,81020,81021,81022,81023,81024,81025,81026,81027
25,2501,'0_6',67828,67829,67830,67831,67832,67833,67834,67835,67836,67837
25,2501,'7_1',81028,81029,81030,81031,81032,81033,81034,81035,81036,81037
25,2501,'7_2',82948,82949,82950,82951,82952,82953,82954,82955,82956,82957
25,2501,'7_3',82958,82959,82960,82961,82962,82963,82964,82965,82966,82967
25,2501,'7_4',79582,79583,79584,79585,79586,79587,79588,79589,79590,79591
25,2501,'7_5',81038,81039,81040,81041,81042,81043,81044,81045,81046,81047
26,2600,'0_6',67928,67929,67930,67931,67932,67933,67934,67935,67936,67937,67938,67939,67940,67941,67942,67943,67944
26,2600,'7_1',81048,81049,81050,81051,81052,81053,81054,81055,81056,81057,81058,81059,81060,81061,81062,81063,81064
26,2600,'7_2',82968,82969,82970,82971,82972,82973,82974,82975,82976,82977,82978,82979,82980,82981,82982,82983,82984
26,2600,'7_3',82985,82986,82987,82988,82989,82990,82991,82992,82993,82994,82995,82996,82997,82998,82999,83000,83001
26,2600,'7_4',79592,79593,79594,79595,79596,79597,79598,79599,79600,79601,79602,79603,79604,79605,79606,79607,79608
26,2600,'7_5',81065,81066,81067,81068,81069,81070,81071,81072,81073,81074,81075,81076,81077,81078,81079,81080,81081
26,2601,'0_6',68098,68099,68100,68101,68102,68103,68104,68105,68106,68107,68108,68109,68110,68111,68112,68113,68114
26,2601,'7_1',81082,81083,81084,81085,81086,81087,81088,81089,81090,81091,81092,81093,81094,81095,81096,81097,81098
26,2601,'7_2',83002,83003,83004,83005,83006,83007,83008,83009,83010,83011,83012,83013,83014,83015,83016,83017,83018
26,2601,'7_3',83019,83020,83021,83022,83023,83024,83025,83026,83027,83028,83029,83030,83031,83032,83033,83034,83035
26,2601,'7_4',79609,79610,79611,79612,79613,79614,79615,79616,79617,79618,79619,79620,79621,79622,79623,79624,79625
26,2601,'7_5',81099,81100,81101,81102,81103,81104,81105,81106,81107,81108,81109,81110,81111,81112,81113,81114,81115
9006,900600,'0_6',68268,68269,68270,68271,68272,68273,68274,68275
9006,900600,'7_1',81116,81117,81118,81119,81120,81121,81122,81123
9006,900600,'7_2',83036,83037,83038,83039,83040,83041,83042,83043
9006,900600,'7_3',83044,83045,83046,83047,83048,83049,83050,83051
9006,900600,'7_4',79626,79627,79628,79629,79630,79631,79632,79633
9006,900600,'7_5',81124,81125,81126,81127,81128,81129,81130,81131
9006,900601,'0_6',68348,68349,68350,68351,68352,68353,68354,68355
9006,900601,'7_1',81132,81133,81134,81135,81136,81137,81138,81139
9006,900601,'7_2',83052,83053,83054,83055,83056,83057,83058,83059
9006,900601,'7_3',83060,83061,83062,83063,83064,83065,83066,83067
9006,900601,'7_4',79634,79635,79636,79637,79638,79639,79640,79641
9006,900601,'7_5',81140,81141,81142,81143,81144,81145,81146,81147
9015,901500,'0_6',68498,68499,68500,68501,68502,68503,68504,68505,68506,68507,68508,68509,68510,68511,68512,68513,68514,68515,68516,68517,68518,68519,68520,68521,68522,68523,68524,68525,68526,68527,68528,68529
9015,901500,'7_1',81148,81149,81150,81151,81152,81153,81154,81155,81156,81157,81158,81159,81160,81161,81162,81163,81164,81165,81166,81167,81168,81169,81170,81171,81172,81173,81174,81175,81176,81177,81178,81179
9015,901500,'7_2',83068,83069,83070,83071,83072,83073,83074,83075,83076,83077,83078,83079,83080,83081,83082,83083,83084,83085,83086,83087,83088,83089,83090,83091,83092,83093,83094,83095,83096,83097,83098,83099
9015,901500,'7_3',83100,83101,83102,83103,83104,83105,83106,83107,83108,83109,83110,83111,83112,83113,83114,83115,83116,83117,83118,83119,83120,83121,83122,83123,83124,83125,83126,83127,83128,83129,83130,83131
9015,901500,'7_4',79642,79643,79644,79645,79646,79647,79648,79649,79650,79651,79652,79653,79654,79655,79656,79657,79658,79659,79660,79661,79662,79663,79664,79665,79666,79667,79668,79669,79670,79671,79672,79673
9015,901500,'7_5',81180,81181,81182,81183,81184,81185,81186,81187,81188,81189,81190,81191,81192,81193,81194,81195,81196,81197,81198,81199,81200,81201,81202,81203,81204,81205,81206,81207,81208,81209,81210,81211
10000,1000000,'0_6',68818,68819,68820,68821,68822,68823,68824,68825,68826,68827,68828,68829,68830,68831,68832,68833,68834,68835,68836,68837,68838,68839,68840,68841,68842,68843,68844,68845,68846,68847,68848,68849,68850,68851,68852,68853,68854,68855,68856,68857,68858,68859,68860,68861,68862,68863,68864,68865,68866,68867,68868,68869,68870,68871,68872,68873
10000,1000000,'1_7',68874,68875,68876,68877,68878,68879,68880,68881,68882,68883,68884,68885,68886,68887,68888,68889,68890,68891
10000,1000000,'7_1',81212,81213,81214,81215,81216,81217,81218,81219,81220,81221,81222,81223,81224,81225,81226,81227,81228,81229,81230,81231,81232,81233,81234,81235,81236,81237,81238,81239,81240,81241,81242,81243,81244,81245,81246,81247,81248,81249,81250,81251,81252,81253,81254,81255,81256,81257,81258,81259,81260,81261,81262,81263,81264,81265,81266,81267,81268,81269,81270,81271,81272
10000,1000000,'7_2',83132,83133,83134,83135,83136,83137,83138,83139,83140,83141,83142,83143,83144,83145,83146,83147,83148,83149,83150,83151,83152,83153,83154,83155,83156,83157,83158,83159,83160,83161,83162,83163,83164,83165,83166,83167,83168,83169,83170,83171,83172,83173,83174,83175,83176,83177,83178,83179,83180,83181,83182,83183,83184,83185,83186,83187,83188,83189,83190,83191,83192
10000,1000000,'7_3',83193,83194,83195,83196,83197,83198,83199,83200,83201,83202,83203,83204,83205,83206,83207,83208,83209,83210,83211,83212,83213,83214,83215,83216,83217,83218,83219,83220,83221,83222,83223,83224,83225,83226,83227,83228,83229,83230,83231,83232,83233,83234,83235,83236,83237,83238,83239,83240,83241,83242,83243,83244,83245,83246,83247,83248,83249,83250,83251,83252,83253
10000,1000000,'7_4',79674,79675,79676,79677,79678,79679,79680,79681,79682,79683,79684,79685,79686,79687,79688,79689,79690,79691,79692,79693,79694,79695,79696,79697,79698,79699,79700,79701,79702,79703,79704,79705,79706,79707,79708,79709,79710,79711,79712,79713,79714,79715,79716,79717,79718,79719,79720,79721,79722,79723,79724,79725,79726,79727,79728,79729,79730,79731,79732,79733,79734
10000,1000000,'7_5',81273,81274,81275,81276,81277,81278,81279,81280,81281,81282,81283,81284,81285,81286,81287,81288,81289,81290,81291,81292,81293,81294,81295,81296,81297,81298,81299,81300,81301,81302,81303,81304,81305,81306,81307,81308,81309,81310,81311,81312,81313,81314,81315,81316,81317,81318,81319,81320,81321,81322,81323,81324,81325,81326,81327,81328,81329,81330,81331,81332,81333
10000,1000000,'8_7',84077,84078,84079,84080,84081,84082,84083,84084,84085,84086,84087,84088,84089,84090,84091,84092,84093,84094
10000,1000001,'0_6',69459,69460,69461,69462,69463,69464,69465,69466,69467,69468,69469,69470,69471,69472,69473,69474,69475,69476,69477,69478,69479,69480,69481,69482,69483,69484,69485,69486,69487,69488,69489,69490,69491,69492,69493,69494,69495,69496,69497,69498,69499,69500,69501,69502,69503,69504,69505,69506,69507,69508,69509,69510,69511,69512,69513,69514
10000,1000001,'1_7',69515,69516,69517,69518,69519,69520,69521,69522,69523,69524,69525,69526,69527,69528,69529,69530,69531,69532
10000,1000001,'7_1',81334,81335,81336,81337,81338,81339,81340,81341,81342,81343,81344,81345,81346,81347,81348,81349,81350,81351,81352,81353,81354,81355,81356,81357,81358,81359,81360,81361,81362,81363,81364,81365,81366,81367,81368,81369,81370,81371,81372,81373,81374,81375,81376,81377,81378,81379,81380,81381,81382,81383,81384,81385,81386,81387,81388,81389,81390,81391,81392,81393,81394,81395
10000,1000001,'7_2',83254,83255,83256,83257,83258,83259,83260,83261,83262,83263,83264,83265,83266,83267,83268,83269,83270,83271,83272,83273,83274,83275,83276,83277,83278,83279,83280,83281,83282,83283,83284,83285,83286,83287,83288,83289,83290,83291,83292,83293,83294,83295,83296,83297,83298,83299,83300,83301,83302,83303,83304,83305,83306,83307,83308,83309,83310,83311,83312,83313,83314,83315
10000,1000001,'7_3',83316,83317,83318,83319,83320,83321,83322,83323,83324,83325,83326,83327,83328,83329,83330,83331,83332,83333,83334,83335,83336,83337,83338,83339,83340,83341,83342,83343,83344,83345,83346,83347,83348,83349,83350,83351,83352,83353,83354,83355,83356,83357,83358,83359,83360,83361,83362,83363,83364,83365,83366,83367,83368,83369,83370,83371,83372,83373,83374,83375,83376,83377
10000,1000001,'7_4',79735,79736,79737,79738,79739,79740,79741,79742,79743,79744,79745,79746,79747,79748,79749,79750,79751,79752,79753,79754,79755,79756,79757,79758,79759,79760,79761,79762,79763,79764,79765,79766,79767,79768,79769,79770,79771,79772,79773,79774,79775,79776,79777,79778,79779,79780,79781,79782,79783,79784,79785,79786,79787,79788,79789,79790,79791,79792,79793,79794,79795,79796
10000,1000001,'7_5',81396,81397,81398,81399,81400,81401,81402,81403,81404,81405,81406,81407,81408,81409,81410,81411,81412,81413,81414,81415,81416,81417,81418,81419,81420,81421,81422,81423,81424,81425,81426,81427,81428,81429,81430,81431,81432,81433,81434,81435,81436,81437,81438,81439,81440,81441,81442,81443,81444,81445,81446,81447,81448,81449,81450,81451,81452,81453,81454,81455,81456,81457
10000,1000001,'8_7',84095,84096,84097,84098,84099,84100,84101,84102,84103,84104,84105,84106,84107,84108,84109,84110,84111,84112
20000,2000000,'0_6',70109,70110,70111,70112,70113,70114,70115,70116,70117,70118,70119,70120,70121,70122,70123,70124,70125,70126,70127,70128,70129,70130,70131,70132,70133,70134,70135,70136,70137,70138,70139,70140,70141,70142,70143,70144,70145,70146,70147,70148,70149
20000,2000000,'1_7',70150,70151,70152,70153,70154,70155,70156,70157,70158,70159,70160,70161,70162,70163,70164,70165,70166,70167
20000,2000000,'7_1',81458,81459,81460,81461,81462,81463,81464,81465,81466,81467,81468,81469,81470,81471,81472,81473,81474,81475,81476,81477,81478,81479,81480,81481,81482,81483,81484,81485,81486,81487,81488,81489,81490,81491,81492,81493,81494,81495,81496,81497,81498,81499,81500
20000,2000000,'7_2',83378,83379,83380,83381,83382,83383,83384,83385,83386,83387,83388,83389,83390,83391,83392,83393,83394,83395,83396,83397,83398,83399,83400,83401,83402,83403,83404,83405,83406,83407,83408,83409,83410,83411,83412,83413,83414,83415,83416,83417,83418,83419,83420
20000,2000000,'7_3',83421,83422,83423,83424,83425,83426,83427,83428,83429,83430,83431,83432,83433,83434,83435,83436,83437,83438,83439,83440,83441,83442,83443,83444,83445,83446,83447,83448,83449,83450,83451,83452,83453,83454,83455,83456,83457,83458,83459,83460,83461,83462,83463
20000,2000000,'7_4',79797,79798,79799,79800,79801,79802,79803,79804,79805,79806,79807,79808,79809,79810,79811,79812,79813,79814,79815,79816,79817,79818,79819,79820,79821,79822,79823,79824,79825,79826,79827,79828,79829,79830,79831,79832,79833,79834,79835,79836,79837,79838,79839
20000,2000000,'7_5',81501,81502,81503,81504,81505,81506,81507,81508,81509,81510,81511,81512,81513,81514,81515,81516,81517,81518,81519,81520,81521,81522,81523,81524,81525,81526,81527,81528,81529,81530,81531,81532,81533,81534,81535,81536,81537,81538,81539,81540,81541,81542,81543
20000,2000000,'8_7',84113,84114,84115,84116,84117,84118,84119,84120,84121,84122,84123,84124,84125,84126,84127,84128,84129,84130
20000,2000001,'0_6',70573,70574,70575,70576,70577,70578,70579,70580,70581,70582,70583,70584,70585,70586,70587,70588,70589,70590,70591,70592,70593,70594,70595,70596,70597,70598,70599,70600,70601,70602,70603,70604,70605,70606,70607,70608,70609,70610,70611,70612,70613
20000,2000001,'1_7',70614,70615,70616,70617,70618,70619,70620,70621,70622,70623,70624,70625,70626,70627,70628,70629,70630,70631
20000,2000001,'7_1',81544,81545,81546,81547,81548,81549,81550,81551,81552,81553,81554,81555,81556,81557,81558,81559,81560,81561,81562,81563,81564,81565,81566,81567,81568,81569,81570,81571,81572,81573,81574,81575,81576,81577,81578,81579,81580,81581,81582,81583,81584,81585,81586
20000,2000001,'7_2',83464,83465,83466,83467,83468,83469,83470,83471,83472,83473,83474,83475,83476,83477,83478,83479,83480,83481,83482,83483,83484,83485,83486,83487,83488,83489,83490,83491,83492,83493,83494,83495,83496,83497,83498,83499,83500,83501,83502,83503,83504,83505,83506
20000,2000001,'7_3',83507,83508,83509,83510,83511,83512,83513,83514,83515,83516,83517,83518,83519,83520,83521,83522,83523,83524,83525,83526,83527,83528,83529,83530,83531,83532,83533,83534,83535,83536,83537,83538,83539,83540,83541,83542,83543,83544,83545,83546,83547,83548,83549
20000,2000001,'7_4',79840,79841,79842,79843,79844,79845,79846,79847,79848,79849,79850,79851,79852,79853,79854,79855,79856,79857,79858,79859,79860,79861,79862,79863,79864,79865,79866,79867,79868,79869,79870,79871,79872,79873,79874,79875,79876,79877,79878,79879,79880,79881,79882
20000,2000001,'7_5',81587,81588,81589,81590,81591,81592,81593,81594,81595,81596,81597,81598,81599,81600,81601,81602,81603,81604,81605,81606,81607,81608,81609,81610,81611,81612,81613,81614,81615,81616,81617,81618,81619,81620,81621,81622,81623,81624,81625,81626,81627,81628,81629
20000,2000001,'8_7',84131,84132,84133,84134,84135,84136,84137,84138,84139,84140,84141,84142,84143,84144,84145,84146,84147,84148
29010,2901000,'0_6',71037,71038,71039,71040,71041,71042,71043,71044,71045,71046
29010,2901000,'7_1',81630,81631,81632,81633,81634,81635,81636
29010,2901000,'7_2',83550,83551,83552,83553,83554,83555,83556
29010,2901000,'7_3',83557,83558,83559,83560,83561,83562,83563
29010,2901000,'7_4',79883,79884,79885,79886,79887,79888,79889
29010,2901000,'7_5',81637,81638,81639,81640,81641,81642,81643
29010,2901001,'0_6',71117,71118,71119,71120,71121,71122,71123,71124,71125
29010,2901001,'7_1',81644,81645,81646,81647,81648
29010,2901001,'7_2',83564,83565,83566,83567,83568
29010,2901001,'7_3',83569,83570,83571,83572,83573
29010,2901001,'7_4',79890,79891,79892,79893,79894
29010,2901001,'7_5',81649,81650,81651,81652,81653
29012,2901200,'7_1',81654,81655
29012,2901200,'7_2',83574,83575
29012,2901200,'7_3',83576,83577
29012,2901200,'7_4',79895,79896
29012,2901200,'7_5',81656,81657
29012,2901201,'7_1',81658,81659,81660
29012,2901201,'7_2',83578,83579,83580
29012,2901201,'7_3',83581,83582,83583
29012,2901201,'7_4',79897,79898,79899
29012,2901201,'7_5',81661,81662,81663
30000,3000000,'0_6',71221,71222,71223,71224,71225,71226,71227,71228,71229,71230,71231,71232,71233,71234,71235,71236,71237,71238,71239,71240,71241,71242,71243,71244,71245,71246,71247,71248,71249,71250,71251,71252,71253,71254,71255,71256,71257,71258,71259
30000,3000000,'1_7',71260,71261,71262,71263,71264,71265,71266,71267,71268
30000,3000000,'7_1',81664,81665,81666,81667,81668,81669,81670,81671,81672,81673,81674,81675,81676,81677,81678,81679,81680,81681,81682,81683,81684,81685,81686,81687,81688,81689,81690,81691,81692,81693,81694,81695,81696,81697,81698,81699,81700,81701,81702,81703,81704,81705
30000,3000000,'7_2',83584,83585,83586,83587,83588,83589,83590,83591,83592,83593,83594,83595,83596,83597,83598,83599,83600,83601,83602,83603,83604,83605,83606,83607,83608,83609,83610,83611,83612,83613,83614,83615,83616,83617,83618,83619,83620,83621,83622,83623,83624,83625
30000,3000000,'7_3',83626,83627,83628,83629,83630,83631,83632,83633,83634,83635,83636,83637,83638,83639,83640,83641,83642,83643,83644,83645,83646,83647,83648,83649,83650,83651,83652,83653,83654,83655,83656,83657,83658,83659,83660,83661,83662,83663,83664,83665,83666,83667
30000,3000000,'7_4',79900,79901,79902,79903,79904,79905,79906,79907,79908,79909,79910,79911,79912,79913,79914,79915,79916,79917,79918,79919,79920,79921,79922,79923,79924,79925,79926,79927,79928,79929,79930,79931,79932,79933,79934,79935,79936,79937,79938,79939,79940,79941
30000,3000000,'7_5',81706,81707,81708,81709,81710,81711,81712,81713,81714,81715,81716,81717,81718,81719,81720,81721,81722,81723,81724,81725,81726,81727,81728,81729,81730,81731,81732,81733,81734,81735,81736,81737,81738,81739,81740,81741,81742,81743,81744,81745,81746,81747
30000,3000000,'8_7',84149,84150,84151,84152,84153,84154,84155,84156,84157,84158,84159,84160,84161,84162,84163,84164
30000,3000001,'0_6',71656,71657,71658,71659,71660,71661,71662,71663,71664,71665,71666,71667,71668,71669,71670,71671,71672,71673,71674,71675,71676,71677,71678,71679,71680,71681,71682,71683,71684,71685,71686,71687,71688,71689,71690,71691,71692,71693,71694
30000,3000001,'1_7',71695,71696,71697,71698,71699,71700,71701,71702,71703
30000,3000001,'7_1',81748,81749,81750,81751,81752,81753,81754,81755,81756,81757,81758,81759,81760,81761,81762,81763,81764,81765,81766,81767,81768,81769,81770,81771,81772,81773,81774,81775,81776,81777,81778,81779,81780,81781,81782,81783,81784,81785,81786,81787,81788,81789
30000,3000001,'7_2',83668,83669,83670,83671,83672,83673,83674,83675,83676,83677,83678,83679,83680,83681,83682,83683,83684,83685,83686,83687,83688,83689,83690,83691,83692,83693,83694,83695,83696,83697,83698,83699,83700,83701,83702,83703,83704,83705,83706,83707,83708,83709
30000,3000001,'7_3',83710,83711,83712,83713,83714,83715,83716,83717,83718,83719,83720,83721,83722,83723,83724,83725,83726,83727,83728,83729,83730,83731,83732,83733,83734,83735,83736,83737,83738,83739,83740,83741,83742,83743,83744,83745,83746,83747,83748,83749,83750,83751
30000,3000001,'7_4',79942,79943,79944,79945,79946,79947,79948,79949,79950,79951,79952,79953,79954,79955,79956,79957,79958,79959,79960,79961,79962,79963,79964,79965,79966,79967,79968,79969,79970,79971,79972,79973,79974,79975,79976,79977,79978,79979,79980,79981,79982,79983
30000,3000001,'7_5',81790,81791,81792,81793,81794,81795,81796,81797,81798,81799,81800,81801,81802,81803,81804,81805,81806,81807,81808,81809,81810,81811,81812,81813,81814,81815,81816,81817,81818,81819,81820,81821,81822,81823,81824,81825,81826,81827,81828,81829,81830,81831
30000,3000001,'8_7',84165,84166,84167,84168,84169,84170,84171,84172,84173
40000,4000000,'0_6',72091,72092,72093,72094,72095,72096,72097,72098,72099,72100,72101,72102,72103,72104,72105,72106,72107,72108,72109,72110,72111,72112,72113,72114,72115,72116,72117,72118,72119,72120,72121,72122,72123,72124,72125,72126,72127,72128,72129,72130,72131,72132,72133,72134,72135
40000,4000000,'1_7',72136,72137,72138,72139,72140,72141,72142,72143,72144,72145,72146
40000,4000000,'7_1',81832,81833,81834,81835,81836,81837,81838,81839,81840,81841,81842,81843,81844,81845,81846,81847,81848,81849,81850,81851,81852,81853,81854,81855,81856,81857,81858,81859,81860,81861,81862,81863,81864,81865,81866,81867,81868,81869,81870,81871,81872,81873,81874,81875,81876
40000,4000000,'7_2',83752,83753,83754,83755,83756,83757,83758,83759,83760,83761,83762,83763,83764,83765,83766,83767,83768,83769,83770,83771,83772,83773,83774,83775,83776,83777,83778,83779,83780,83781,83782,83783,83784,83785,83786,83787,83788,83789,83790,83791,83792,83793,83794,83795,83796
40000,4000000,'7_3',83797,83798,83799,83800,83801,83802,83803,83804,83805,83806,83807,83808,83809,83810,83811,83812,83813,83814,83815,83816,83817,83818,83819,83820,83821,83822,83823,83824,83825,83826,83827,83828,83829,83830,83831,83832,83833,83834,83835,83836,83837,83838,83839,83840,83841
40000,4000000,'7_4',79984,79985,79986,79987,79988,79989,79990,79991,79992,79993,79994,79995,79996,79997,79998,79999,80000,80001,80002,80003,80004,80005,80006,80007,80008,80009,80010,80011,80012,80013,80014,80015,80016,80017,80018,80019,80020,80021,80022,80023,80024,80025,80026,80027,80028
40000,4000000,'7_5',81877,81878,81879,81880,81881,81882,81883,81884,81885,81886,81887,81888,81889,81890,81891,81892,81893,81894,81895,81896,81897,81898,81899,81900,81901,81902,81903,81904,81905,81906,81907,81908,81909,81910,81911,81912,81913,81914,81915,81916,81917,81918,81919,81920,81921
40000,4000000,'8_7',84174,84175,84176,84177,84178,84179,84180,84181,84182,84183,84184
40000,4000001,'0_6',72563,72564,72565,72566,72567,72568,72569,72570,72571,72572,72573,72574,72575,72576,72577,72578,72579,72580,72581,72582,72583,72584,72585,72586,72587,72588,72589,72590,72591,72592,72593,72594,72595,72596,72597,72598,72599,72600,72601,72602,72603,72604,72605
40000,4000001,'1_7',72606,72607,72608,72609,72610,72611,72612,72613,72614,72615
40000,4000001,'7_1',81922,81923,81924,81925,81926,81927,81928,81929,81930,81931,81932,81933,81934,81935,81936,81937,81938,81939,81940,81941,81942,81943,81944,81945,81946,81947,81948,81949,81950,81951,81952,81953,81954,81955,81956,81957,81958,81959,81960,81961,81962,81963,81964
40000,4000001,'7_2',83842,83843,83844,83845,83846,83847,83848,83849,83850,83851,83852,83853,83854,83855,83856,83857,83858,83859,83860,83861,83862,83863,83864,83865,83866,83867,83868,83869,83870,83871,83872,83873,83874,83875,83876,83877,83878,83879,83880,83881,83882,83883,83884
40000,4000001,'7_3',83885,83886,83887,83888,83889,83890,83891,83892,83893,83894,83895,83896,83897,83898,83899,83900,83901,83902,83903,83904,83905,83906,83907,83908,83909,83910,83911,83912,83913,83914,83915,83916,83917,83918,83919,83920,83921,83922,83923,83924,83925,83926,83927
40000,4000001,'7_4',80029,80030,80031,80032,80033,80034,80035,80036,80037,80038,80039,80040,80041,80042,80043,80044,80045,80046,80047,80048,80049,80050,80051,80052,80053,80054,80055,80056,80057,80058,80059,80060,80061,80062,80063,80064,80065,80066,80067,80068,80069,80070,80071
40000,4000001,'7_5',81965,81966,81967,81968,81969,81970,81971,81972,81973,81974,81975,81976,81977,81978,81979,81980,81981,81982,81983,81984,81985,81986,81987,81988,81989,81990,81991,81992,81993,81994,81995,81996,81997,81998,81999,82000,82001,82002,82003,82004,82005,82006,82007
40000,4000001,'8_7',84185,84186,84187,84188,84189,84190,84191,84192,84193,84194
