401,'0_4',709,,96130,24,0,52,0,11,,96100,26,0,41,0,15,,96117,28,0,41,0,16,,96101,26,0,41,0,56,,96124,28,,,0,24,,96102,26,0,41,0,11,,96103,26,0,41,0,79,,96104,26,0,41,0,33,,96105,26,0,41,0,73,,96106,26,0,41,0,75,,96126,26,,,0,30,,96107,26,0,41,0,69,,96108,26,0,41,0,21,,96125,28,,,0,29,,96121,29,0,41,0,72,,96127,26,,,0,33,,96099,29,0,41,0,77,,96109,26,0,41,0,68,,96128,26,,,0,31,,96110,26,0,41,0,25,,96111,26,0,41,0,58,,96112,28,0,41,0,14,,96122,29,0,41,0,21,,96118,26,0,41,0,55,,96113,26,0,41,0,14,,96119,28,0,41,0,11,,96123,29,,,0,72,,96114,26,0,41,0,25,,96120,28,0,41,0,77,,96115,26,0,41,0,20,,96129,26,,,0
401,'0_5',709,,96162,24,0,52,0,11,,96132,26,0,41,0,15,,96149,28,0,41,0,16,,96133,26,0,41,0,56,,96156,28,,,0,24,,96134,26,0,41,0,11,,96135,26,0,41,0,79,,96136,26,0,41,0,33,,96137,26,0,41,0,73,,96138,26,0,41,0,75,,96158,26,,,0,30,,96139,26,0,41,0,69,,96140,26,0,41,0,21,,96157,28,,,0,29,,96153,29,0,41,0,72,,96159,26,,,0,33,,96131,29,0,41,0,77,,96141,26,0,41,0,68,,96160,26,,,0,31,,96142,26,0,41,0,25,,96143,26,0,41,0,58,,96144,28,0,41,0,14,,96154,29,0,41,0,21,,96150,26,0,41,0,55,,96145,26,0,41,0,14,,96151,28,0,41,0,11,,96155,29,,,0,72,,96146,26,0,41,0,25,,96152,28,0,41,0,77,,96147,26,0,41,0,20,,96161,26,,,0
401,'1_3',709,,96194,24,0,52,0,11,,96164,26,0,41,0,15,,96181,28,0,41,0,16,,96165,26,0,41,0,56,,96188,28,,,0,24,,96166,26,0,41,0,11,,96167,26,0,41,0,79,,96168,26,0,41,0,33,,96169,26,0,41,0,73,,96170,26,0,41,0,75,,96190,26,,,0,30,,96171,26,0,41,0,69,,96172,26,0,41,0,21,,96189,28,,,0,29,,96185,29,0,41,0,72,,96191,26,,,0,33,,96163,29,0,41,0,77,,96173,26,0,41,0,68,,96192,26,,,0,31,,96174,26,0,41,0,25,,96175,26,0,41,0,58,,96176,28,0,41,0,14,,96186,29,0,41,0,21,,96182,26,0,41,0,55,,96177,26,0,41,0,14,,96183,28,0,41,0,11,,96187,29,,,0,72,,96178,26,0,41,0,25,,96184,28,0,41,0,77,,96179,26,0,41,0,20,,96193,26,,,0
401,'2_6',708,,96195,26,,,0,116,,96202,26,0,41,0,33,,96196,26,,,0,68,,96203,26,0,41,0,32,,96204,26,0,41,0,68,,96205,26,0,41,0,32,,96197,26,,,0,69,,96206,26,0,41,0,32,,96207,26,0,41,0,70,,96208,26,0,41,0,30,,96198,26,,,0,69,,96209,26,0,41,0,29,,96210,26,0,41,0,71,,96211,26,0,41,0,31,,96199,26,,,0,68,,96212,26,0,41,0,33,,96213,26,0,41,0,73,,96214,26,0,41,0,71,,96200,26,,,0,32,,96215,26,0,41,0,72,,96216,26,0,41,0,31,,96217,26,0,41,0,71,,96218,26,0,41,0,30,,96201,26,,,0
401,'3_7',943,,96219,26,,,0,165,,96220,26,,,0,125,,96221,26,,,0,201,,96222,26,,,0,125,,96223,26,,,0,165,,96224,26,,,0,125,,96225,26,,,0
401,'4_1',709,,96257,24,0,52,0,11,,96227,26,0,41,0,15,,96244,28,0,41,0,16,,96228,26,0,41,0,56,,96251,28,,,0,24,,96229,26,0,41,0,11,,96230,26,0,41,0,79,,96231,26,0,41,0,33,,96232,26,0,41,0,73,,96233,26,0,41,0,75,,96253,26,,,0,30,,96234,26,0,41,0,69,,96235,26,0,41,0,21,,96252,28,,,0,29,,96248,29,0,41,0,72,,96254,26,,,0,33,,96226,29,0,41,0,77,,96236,26,0,41,0,68,,96255,26,,,0,31,,96237,26,0,41,0,25,,96238,26,0,41,0,58,,96239,28,0,41,0,14,,96249,29,0,41,0,21,,96245,26,0,41,0,55,,96240,26,0,41,0,14,,96246,28,0,41,0,11,,96250,29,,,0,72,,96241,26,0,41,0,25,,96247,28,0,41,0,77,,96242,26,0,41,0,20,,96256,26,,,0
401,'4_2',709,,96289,24,0,52,0,11,,96259,26,0,41,0,15,,96276,28,0,41,0,16,,96260,26,0,41,0,56,,96283,28,,,0,24,,96261,26,0,41,0,11,,96262,26,0,41,0,79,,96263,26,0,41,0,33,,96264,26,0,41,0,73,,96265,26,0,41,0,75,,96285,26,,,0,30,,96266,26,0,41,0,69,,96267,26,0,41,0,21,,96284,28,,,0,29,,96280,29,0,41,0,72,,96286,26,,,0,33,,96258,29,0,41,0,77,,96268,26,0,41,0,68,,96287,26,,,0,31,,96269,26,0,41,0,25,,96270,26,0,41,0,58,,96271,28,0,41,0,14,,96281,29,0,41,0,21,,96277,26,0,41,0,55,,96272,26,0,41,0,14,,96278,28,0,41,0,11,,96282,29,,,0,72,,96273,26,0,41,0,25,,96279,28,0,41,0,77,,96274,26,0,41,0,20,,96288,26,,,0
401,'4_4',709,,96321,24,0,52,0,11,,96291,26,0,41,0,15,,96308,28,0,41,0,16,,96292,26,0,41,0,56,,96315,28,,,0,24,,96293,26,0,41,0,11,,96294,26,0,41,0,79,,96295,26,0,41,0,33,,96296,26,0,41,0,73,,96297,26,0,41,0,75,,96317,26,,,0,30,,96298,26,0,41,0,69,,96299,26,0,41,0,21,,96316,28,,,0,29,,96312,29,0,41,0,72,,96318,26,,,0,33,,96290,29,0,41,0,77,,96300,26,0,41,0,68,,96319,26,,,0,31,,96301,26,0,41,0,25,,96302,26,0,41,0,58,,96303,28,0,41,0,14,,96313,29,0,41,0,21,,96309,26,0,41,0,55,,96304,26,0,41,0,14,,96310,28,0,41,0,11,,96314,29,,,0,72,,96305,26,0,41,0,25,,96311,28,0,41,0,77,,96306,26,0,41,0,20,,96320,26,,,0
401,'4_5',709,,96353,24,0,52,0,11,,96323,26,0,41,0,15,,96340,28,0,41,0,16,,96324,26,0,41,0,56,,96347,28,,,0,24,,96325,26,0,41,0,11,,96326,26,0,41,0,79,,96327,26,0,41,0,33,,96328,26,0,41,0,73,,96329,26,0,41,0,75,,96349,26,,,0,30,,96330,26,0,41,0,69,,96331,26,0,41,0,21,,96348,28,,,0,29,,96344,29,0,41,0,72,,96350,26,,,0,33,,96322,29,0,41,0,77,,96332,26,0,41,0,68,,96351,26,,,0,31,,96333,26,0,41,0,25,,96334,26,0,41,0,58,,96335,28,0,41,0,14,,96345,29,0,41,0,21,,96341,26,0,41,0,55,,96336,26,0,41,0,14,,96342,28,0,41,0,11,,96346,29,,,0,72,,96337,26,0,41,0,25,,96343,28,0,41,0,77,,96338,26,0,41,0,20,,96352,26,,,0
401,'5_7',943,,96354,26,,,0,165,,96355,26,,,0,125,,96356,26,,,0,201,,96357,26,,,0,125,,96358,26,,,0,165,,96359,26,,,0,125,,96360,26,,,0
2301,'0_4',709,,98638,19,,,0,23,,98637,19,,,0,1,,98636,29,,,0
2301,'0_5',709,,98641,19,,,0,23,,98640,19,,,0,1,,98639,29,,,0
2301,'1_3',709,,98644,19,,,0,23,,98643,19,,,0,1,,98642,29,,,0
2301,'4_1',709,,98647,19,,,0,23,,98646,19,,,0,1,,98645,29,,,0
2301,'4_2',709,,98650,19,,,0,23,,98649,19,,,0,1,,98648,29,,,0
2301,'4_4',709,,98653,19,,,0,23,,98652,19,,,0,1,,98651,29,,,0
2301,'4_5',709,,98656,19,,,0,23,,98655,19,,,0,1,,98654,29,,,0
