201,'S2-0_2',800,,85066,44,0,62,0,48,,85075,32,0,62,0,88,,85076,44,0,62,0,202,,85068,44,0,62,0,118,,85069,44,0,62,0,60,,85088,23,0,62,0,116,,85090,44,0,62,0,186,,85059,44,0,62,0,87,,85086,23,0,62,0,31,,85085,44,0,62,0,75,,85072,32,0,62,0,25,,85060,44,0,62,0,68,,85083,32,0,62,0,28,,85073,44,0,62,0,80,,85074,44,0,62,0
201,'S2-0_4',800,,85105,44,0,62,0,48,,85114,32,0,62,0,88,,85115,44,0,62,0,202,,85107,44,0,62,0,118,,85108,44,0,62,0,60,,85127,23,0,62,0,116,,85129,44,0,62,0,186,,85098,44,0,62,0,87,,85125,23,0,62,0,31,,85124,44,0,62,0,75,,85111,32,0,62,0,25,,85099,44,0,62,0,68,,85122,32,0,62,0,28,,85112,44,0,62,0,80,,85113,44,0,62,0
201,'S2-0_5',800,,85144,44,0,62,0,48,,85153,32,0,62,0,88,,85154,44,0,62,0,202,,85146,44,0,62,0,118,,85147,44,0,62,0,60,,85166,23,0,62,0,116,,85168,44,0,62,0,186,,85137,44,0,62,0,87,,85164,23,0,62,0,31,,85163,44,0,62,0,75,,85150,32,0,62,0,25,,85138,44,0,62,0,68,,85161,32,0,62,0,28,,85151,44,0,62,0,80,,85152,44,0,62,0
201,'S2-1_3',800,,85183,44,0,62,0,48,,85192,32,0,62,0,88,,85193,44,0,62,0,202,,85185,44,0,62,0,118,,85186,44,0,62,0,60,,85205,23,0,62,0,116,,85208,44,0,62,0,186,,85176,44,0,62,0,87,,85203,23,0,62,0,31,,85202,44,0,62,0,75,,85189,32,0,62,0,25,,85177,44,0,62,0,68,,85200,32,0,62,0,28,,85190,44,0,62,0,80,,85191,44,0,62,0
201,'S2-2_6',805,,85234,44,0,62,0,119,,85223,32,0,62,0,126,,85236,44,0,62,0,195,,85226,32,0,62,0,107,,85227,32,0,62,0,105,,85228,32,0,62,0,90,,85217,44,0,62,0,102,,85218,44,0,62,0,165,,85231,32,0,62,0,123,,85244,44,0,62,0,72,,85233,32,0,62,0
201,'S2-4_1',800,,85267,44,0,62,0,48,,85276,32,0,62,0,88,,85277,44,0,62,0,202,,85269,44,0,62,0,118,,85270,44,0,62,0,60,,85289,23,0,62,0,116,,85291,44,0,62,0,186,,85260,44,0,62,0,87,,85287,23,0,62,0,31,,85286,44,0,62,0,75,,85273,32,0,62,0,25,,85261,44,0,62,0,68,,85284,32,0,62,0,28,,85274,44,0,62,0,80,,85275,44,0,62,0
201,'S2-4_2',800,,85306,44,0,62,0,48,,85315,32,0,62,0,88,,85316,44,0,62,0,202,,85308,44,0,62,0,118,,85309,44,0,62,0,60,,85328,23,0,62,0,116,,85330,44,0,62,0,186,,85299,44,0,62,0,87,,85326,23,0,62,0,31,,85325,44,0,62,0,75,,85312,32,0,62,0,25,,85300,44,0,62,0,68,,85323,32,0,62,0,28,,85313,44,0,62,0,80,,85314,44,0,62,0
201,'S2-4_4',800,,85345,44,0,62,0,48,,85354,32,0,62,0,88,,85355,44,0,62,0,202,,85347,44,0,62,0,118,,85348,44,0,62,0,60,,85367,23,0,62,0,116,,85369,44,0,62,0,186,,85338,44,0,62,0,87,,85365,23,0,62,0,31,,85364,44,0,62,0,75,,85351,32,0,62,0,25,,85339,44,0,62,0,68,,85362,32,0,62,0,28,,85352,44,0,62,0,80,,85353,44,0,62,0
2900201,'S2-0_2',1810,,92383,8,,,0,98,,92384,8,,,0
2900201,'S2-0_4',1810,,92385,8,,,0,98,,92386,8,,,0
2900201,'S2-0_5',1810,,92387,8,,,0,98,,92388,8,,,0
2900201,'S2-1_3',1810,,92389,8,,,0,98,,92390,8,,,0
2900201,'S2-4_1',1810,,92391,8,,,0,98,,92392,8,,,0
2900201,'S2-4_2',1810,,92393,8,,,0,98,,92394,8,,,0
2900201,'S2-4_4',1810,,92395,8,,,0,98,,92396,8,,,0
