2501,'0_6',701,,67828,8,,,0,111,,67829,8,,,0,125,,67830,8,,,0,112,,67831,8,,,0,153,,67832,8,,,0,128,,67833,8,,,0,128,,67834,8,,,0,159,,67835,8,,,0,120,,67836,8,,,0,120,,67837,8,,,0
2501,'3_1',701,,67888,8,,,0,111,,67889,8,,,0,125,,67890,8,,,0,112,,67891,8,,,0,153,,67892,8,,,0,128,,67893,8,,,0,128,,67894,8,,,0,159,,67895,8,,,0,120,,67896,8,,,0,120,,67897,8,,,0
2501,'3_2',701,,73483,8,,,0,111,,73484,8,,,0,125,,73485,8,,,0,112,,73486,8,,,0,153,,73487,8,,,0,128,,73488,8,,,0,128,,73489,8,,,0,159,,73490,8,,,0,120,,73491,8,,,0,120,,73492,8,,,0
2501,'3_3',701,,67898,8,,,0,111,,67899,8,,,0,125,,67900,8,,,0,112,,67901,8,,,0,153,,67902,8,,,0,128,,67903,8,,,0,128,,67904,8,,,0,159,,67905,8,,,0,120,,67906,8,,,0,120,,67907,8,,,0
2501,'3_4',701,,67908,8,,,0,111,,67909,8,,,0,125,,67910,8,,,0,112,,67911,8,,,0,153,,67912,8,,,0,128,,67913,8,,,0,128,,67914,8,,,0,159,,67915,8,,,0,120,,67916,8,,,0,120,,67917,8,,,0
2501,'3_5',701,,67918,8,,,0,111,,67919,8,,,0,125,,67920,8,,,0,112,,67921,8,,,0,153,,67922,8,,,0,128,,67923,8,,,0,128,,67924,8,,,0,159,,67925,8,,,0,120,,67926,8,,,0,120,,67927,8,,,0
2501,'5_1',701,,74443,8,,,0,111,,74444,8,,,0,125,,74445,8,,,0,112,,74446,8,,,0,153,,74447,8,,,0,128,,74448,8,,,0,128,,74449,8,,,0,159,,74450,8,,,0,120,,74451,8,,,0,120,,74452,8,,,0
2501,'5_2',701,,76343,8,,,0,111,,76344,8,,,0,125,,76345,8,,,0,112,,76346,8,,,0,153,,76347,8,,,0,128,,76348,8,,,0,128,,76349,8,,,0,159,,76350,8,,,0,120,,76351,8,,,0,120,,76352,8,,,0
2501,'5_3',701,,76353,8,,,0,111,,76354,8,,,0,125,,76355,8,,,0,112,,76356,8,,,0,153,,76357,8,,,0,128,,76358,8,,,0,128,,76359,8,,,0,159,,76360,8,,,0,120,,76361,8,,,0,120,,76362,8,,,0
2501,'5_4',701,,76363,8,,,0,111,,76364,8,,,0,125,,76365,8,,,0,112,,76366,8,,,0,153,,76367,8,,,0,128,,76368,8,,,0,128,,76369,8,,,0,159,,76370,8,,,0,120,,76371,8,,,0,120,,76372,8,,,0
