101,'0_4',803,,94404,52,4,,0,33,,94403,52,4,,0,72,,94406,58,4,,0,120,,94391,58,4,,0,116,,94394,52,4,,0,102,,94395,52,4,,0,95,,94396,52,4,,0,107,,94392,58,4,,0,94,,94397,52,4,,0,98,,94398,52,4,,0,82,,94402,26,4,,0,82,,94393,58,4,,0,39,,94399,52,4,,0,68,,94400,52,4,,0,102,,94401,52,4,,0
101,'0_5',803,,94437,52,4,,0,33,,94436,52,4,,0,72,,94439,58,4,,0,120,,94424,58,4,,0,116,,94427,52,4,,0,102,,94428,52,4,,0,95,,94429,52,4,,0,107,,94425,58,4,,0,94,,94430,52,4,,0,98,,94431,52,4,,0,82,,94435,26,4,,0,82,,94426,58,4,,0,39,,94432,52,4,,0,68,,94433,52,4,,0,102,,94434,52,4,,0
101,'1_3',803,,94470,52,4,,0,33,,94469,52,4,,0,72,,94472,58,4,,0,120,,94457,58,4,,0,116,,94460,52,4,,0,102,,94461,52,4,,0,95,,94462,52,4,,0,107,,94458,58,4,,0,94,,94463,52,4,,0,98,,94464,52,4,,0,82,,94468,26,4,,0,82,,94459,58,4,,0,39,,94465,52,4,,0,68,,94466,52,4,,0,102,,94467,52,4,,0
101,'2_6',747,,94474,52,4,,0,159,,94475,52,4,,0,106,,94476,52,4,,0,99,,94477,52,4,,0,100,,94478,52,4,,0,99,,94479,52,4,,0,100,,94480,52,4,,0,100,,94481,52,4,,0,101,,94482,52,4,,0,104,,94483,52,4,,0,102,,94484,52,4,,0,102,,94485,52,4,,0,87,,94486,52,4,,0
101,'3_7',1056,,94502,52,4,,0,250,,94503,52,4,,0,195,,94504,52,4,,0,205,,94505,52,4,,0,210,,94506,52,4,,0
101,'4_1',803,,94536,52,4,,0,33,,94535,52,4,,0,72,,94538,58,4,,0,120,,94523,58,4,,0,116,,94526,52,4,,0,102,,94527,52,4,,0,95,,94528,52,4,,0,107,,94524,58,4,,0,94,,94529,52,4,,0,98,,94530,52,4,,0,82,,94534,26,4,,0,82,,94525,58,4,,0,39,,94531,52,4,,0,68,,94532,52,4,,0,102,,94533,52,4,,0
101,'4_2',803,,94569,52,4,,0,33,,94568,52,4,,0,72,,94571,58,4,,0,120,,94556,58,4,,0,116,,94559,52,4,,0,102,,94560,52,4,,0,95,,94561,52,4,,0,107,,94557,58,4,,0,94,,94562,52,4,,0,98,,94563,52,4,,0,82,,94567,26,4,,0,82,,94558,58,4,,0,39,,94564,52,4,,0,68,,94565,52,4,,0,102,,94566,52,4,,0
101,'4_4',803,,94602,52,4,,0,33,,94601,52,4,,0,72,,94604,58,4,,0,120,,94589,58,4,,0,116,,94592,52,4,,0,102,,94593,52,4,,0,95,,94594,52,4,,0,107,,94590,58,4,,0,94,,94595,52,4,,0,98,,94596,52,4,,0,82,,94600,26,4,,0,82,,94591,58,4,,0,39,,94597,52,4,,0,68,,94598,52,4,,0,102,,94599,52,4,,0
101,'4_5',803,,94635,52,4,,0,33,,94634,52,4,,0,72,,94637,58,4,,0,120,,94622,58,4,,0,116,,94625,52,4,,0,102,,94626,52,4,,0,95,,94627,52,4,,0,107,,94623,58,4,,0,94,,94628,52,4,,0,98,,94629,52,4,,0,82,,94633,26,4,,0,82,,94624,58,4,,0,39,,94630,52,4,,0,68,,94631,52,4,,0,102,,94632,52,4,,0
101,'5_7',1056,,94644,52,4,,0,250,,94645,52,4,,0,195,,94646,52,4,,0,205,,94647,52,4,,0,210,,94648,52,4,,0
