1000000,'0_6',719,,68829,32,4,,0,84,,68830,32,4,,0,48,,68833,32,4,,0,84,,68836,32,4,,0,88,,68838,32,4,,0,31,,68840,32,4,,0,88,,68843,32,4,,0,87,,68846,32,4,,0,84,,68849,32,4,,0,30,,68851,32,4,,0,87,,68854,32,4,,0,88,,68857,32,4,,0,89,,68860,32,4,,0,32,,68862,32,4,,0,90,,68865,32,4,,0,87,,68867,32,4,,0,29,,68870,32,4,,0
1000000,'3_1',702,,69200,32,4,,0,15,,69226,32,4,,0,15,,69215,32,4,,0,15,,69250,32,4,,0,55,,69236,32,4,,0,16,,69241,32,4,,0,15,,69251,32,4,,0,15,,69228,32,4,,0,70,,69243,32,4,,0,30,,69214,32,4,,0,72,,69244,32,4,,0,31,,69203,32,4,,0,73,,69212,32,4,,0,30,,69224,32,4,,0,73,,69219,32,4,,0,30,,69205,32,4,,0,70,,69247,32,4,,0,32,,69204,32,4,,0,71,,69242,32,4,,0,28,,69217,32,4,,0,68,,69225,32,4,,0,28,,69237,32,4,,0,55,,69252,32,4,,0,14,,69253,32,4,,0,14,,69248,32,4,,0,14,,69254,32,4,,0,56,,69240,32,4,,0,16,,69255,32,4,,0,15,,69208,32,4,,0,15,,69256,32,4,,0,54,,69207,32,4,,0,15,,69257,32,4,,0,13,,69249,32,4,,0,83,,69213,32,4,,0
1000000,'3_2',702,,73578,32,4,,0,15,,73604,32,4,,0,15,,73593,32,4,,0,15,,73628,32,4,,0,55,,73614,32,4,,0,16,,73619,32,4,,0,15,,73629,32,4,,0,15,,73606,32,4,,0,70,,73621,32,4,,0,30,,73592,32,4,,0,72,,73622,32,4,,0,31,,73581,32,4,,0,73,,73590,32,4,,0,30,,73602,32,4,,0,73,,73597,32,4,,0,30,,73583,32,4,,0,70,,73625,32,4,,0,32,,73582,32,4,,0,71,,73620,32,4,,0,28,,73595,32,4,,0,68,,73603,32,4,,0,28,,73615,32,4,,0,55,,73630,32,4,,0,14,,73631,32,4,,0,14,,73626,32,4,,0,14,,73632,32,4,,0,56,,73618,32,4,,0,16,,73633,32,4,,0,15,,73586,32,4,,0,15,,73634,32,4,,0,54,,73585,32,4,,0,15,,73635,32,4,,0,13,,73627,32,4,,0,83,,73591,32,4,,0
1000000,'3_3',702,,69261,32,4,,0,15,,69287,32,4,,0,15,,69276,32,4,,0,15,,69311,32,4,,0,55,,69297,32,4,,0,16,,69302,32,4,,0,15,,69312,32,4,,0,15,,69289,32,4,,0,70,,69304,32,4,,0,30,,69275,32,4,,0,72,,69305,32,4,,0,31,,69264,32,4,,0,73,,69273,32,4,,0,30,,69285,32,4,,0,73,,69280,32,4,,0,30,,69266,32,4,,0,70,,69308,32,4,,0,32,,69265,32,4,,0,71,,69303,32,4,,0,28,,69278,32,4,,0,68,,69286,32,4,,0,28,,69298,32,4,,0,55,,69313,32,4,,0,14,,69314,32,4,,0,14,,69309,32,4,,0,14,,69315,32,4,,0,56,,69301,32,4,,0,16,,69316,32,4,,0,15,,69269,32,4,,0,15,,69317,32,4,,0,54,,69268,32,4,,0,15,,69318,32,4,,0,13,,69310,32,4,,0,83,,69274,32,4,,0
1000000,'3_4',702,,69322,32,4,,0,15,,69348,32,4,,0,15,,69337,32,4,,0,15,,69372,32,4,,0,55,,69358,32,4,,0,16,,69363,32,4,,0,15,,69373,32,4,,0,15,,69350,32,4,,0,70,,69365,32,4,,0,30,,69336,32,4,,0,72,,69366,32,4,,0,31,,69325,32,4,,0,73,,69334,32,4,,0,30,,69346,32,4,,0,73,,69341,32,4,,0,30,,69327,32,4,,0,70,,69369,32,4,,0,32,,69326,32,4,,0,71,,69364,32,4,,0,28,,69339,32,4,,0,68,,69347,32,4,,0,28,,69359,32,4,,0,55,,69374,32,4,,0,14,,69375,32,4,,0,14,,69370,32,4,,0,14,,69376,32,4,,0,56,,69362,32,4,,0,16,,69377,32,4,,0,15,,69330,32,4,,0,15,,69378,32,4,,0,54,,69329,32,4,,0,15,,69379,32,4,,0,13,,69371,32,4,,0,83,,69335,32,4,,0
1000000,'3_5',702,,69383,32,4,,0,15,,69409,32,4,,0,15,,69398,32,4,,0,15,,69433,32,4,,0,55,,69419,32,4,,0,16,,69424,32,4,,0,15,,69434,32,4,,0,15,,69411,32,4,,0,70,,69426,32,4,,0,30,,69397,32,4,,0,72,,69427,32,4,,0,31,,69386,32,4,,0,73,,69395,32,4,,0,30,,69407,32,4,,0,73,,69402,32,4,,0,30,,69388,32,4,,0,70,,69430,32,4,,0,32,,69387,32,4,,0,71,,69425,32,4,,0,28,,69400,32,4,,0,68,,69408,32,4,,0,28,,69420,32,4,,0,55,,69435,32,4,,0,14,,69436,32,4,,0,14,,69431,32,4,,0,14,,69437,32,4,,0,56,,69423,32,4,,0,16,,69438,32,4,,0,15,,69391,32,4,,0,15,,69439,32,4,,0,54,,69390,32,4,,0,15,,69440,32,4,,0,13,,69432,32,4,,0,83,,69396,32,4,,0
1000000,'5_1',702,,74538,32,4,,0,15,,74564,32,4,,0,15,,74553,32,4,,0,15,,74588,32,4,,0,55,,74574,32,4,,0,16,,74579,32,4,,0,15,,74589,32,4,,0,15,,74566,32,4,,0,70,,74581,32,4,,0,30,,74552,32,4,,0,72,,74582,32,4,,0,31,,74541,32,4,,0,73,,74550,32,4,,0,30,,74562,32,4,,0,73,,74557,32,4,,0,30,,74543,32,4,,0,70,,74585,32,4,,0,32,,74542,32,4,,0,71,,74580,32,4,,0,28,,74555,32,4,,0,68,,74563,32,4,,0,28,,74575,32,4,,0,55,,74590,32,4,,0,14,,74591,32,4,,0,14,,74586,32,4,,0,14,,74592,32,4,,0,56,,74578,32,4,,0,16,,74593,32,4,,0,15,,74546,32,4,,0,15,,74594,32,4,,0,54,,74545,32,4,,0,15,,74595,32,4,,0,13,,74587,32,4,,0,83,,74551,32,4,,0
1000000,'5_2',702,,76622,32,4,,0,15,,76648,32,4,,0,15,,76637,32,4,,0,15,,76672,32,4,,0,55,,76658,32,4,,0,16,,76663,32,4,,0,15,,76673,32,4,,0,15,,76650,32,4,,0,70,,76665,32,4,,0,30,,76636,32,4,,0,72,,76666,32,4,,0,31,,76625,32,4,,0,73,,76634,32,4,,0,30,,76646,32,4,,0,73,,76641,32,4,,0,30,,76627,32,4,,0,70,,76669,32,4,,0,32,,76626,32,4,,0,71,,76664,32,4,,0,28,,76639,32,4,,0,68,,76647,32,4,,0,28,,76659,32,4,,0,55,,76674,32,4,,0,14,,76675,32,4,,0,14,,76670,32,4,,0,14,,76676,32,4,,0,56,,76662,32,4,,0,16,,76677,32,4,,0,15,,76630,32,4,,0,15,,76678,32,4,,0,54,,76629,32,4,,0,15,,76679,32,4,,0,13,,76671,32,4,,0,83,,76635,32,4,,0
1000000,'5_3',702,,76683,32,4,,0,15,,76709,32,4,,0,15,,76698,32,4,,0,15,,76733,32,4,,0,55,,76719,32,4,,0,16,,76724,32,4,,0,15,,76734,32,4,,0,15,,76711,32,4,,0,70,,76726,32,4,,0,30,,76697,32,4,,0,72,,76727,32,4,,0,31,,76686,32,4,,0,73,,76695,32,4,,0,30,,76707,32,4,,0,73,,76702,32,4,,0,30,,76688,32,4,,0,70,,76730,32,4,,0,32,,76687,32,4,,0,71,,76725,32,4,,0,28,,76700,32,4,,0,68,,76708,32,4,,0,28,,76720,32,4,,0,55,,76735,32,4,,0,14,,76736,32,4,,0,14,,76731,32,4,,0,14,,76737,32,4,,0,56,,76723,32,4,,0,16,,76738,32,4,,0,15,,76691,32,4,,0,15,,76739,32,4,,0,54,,76690,32,4,,0,15,,76740,32,4,,0,13,,76732,32,4,,0,83,,76696,32,4,,0
1000000,'5_4',702,,76744,32,4,,0,15,,76770,32,4,,0,15,,76759,32,4,,0,15,,76794,32,4,,0,55,,76780,32,4,,0,16,,76785,32,4,,0,15,,76795,32,4,,0,15,,76772,32,4,,0,70,,76787,32,4,,0,30,,76758,32,4,,0,72,,76788,32,4,,0,31,,76747,32,4,,0,73,,76756,32,4,,0,30,,76768,32,4,,0,73,,76763,32,4,,0,30,,76749,32,4,,0,70,,76791,32,4,,0,32,,76748,32,4,,0,71,,76786,32,4,,0,28,,76761,32,4,,0,68,,76769,32,4,,0,28,,76781,32,4,,0,55,,76796,32,4,,0,14,,76797,32,4,,0,14,,76792,32,4,,0,14,,76798,32,4,,0,56,,76784,32,4,,0,16,,76799,32,4,,0,15,,76752,32,4,,0,15,,76800,32,4,,0,54,,76751,32,4,,0,15,,76801,32,4,,0,13,,76793,32,4,,0,83,,76757,32,4,,0
