401,'1_3',638,,96180,3,0,41,0,19,,96164,3,0,41,0,48,,96181,3,0,41,0,21,,96165,3,0,41,0,12,,96188,3,,,0,68,,96166,3,0,41,0,11,,96167,3,0,41,0,41,,96168,3,0,41,0,75,,96169,3,0,41,0,74,,96170,3,0,41,0,35,,96190,3,,,0,71,,96171,3,0,41,0,28,,96172,3,0,41,0,15,,96189,3,,,0,71,,96185,3,0,41,0,75,,96191,3,,,0,33,,96163,6,0,41,0,77,,96173,3,0,41,0,28,,96192,3,,,0,72,,96174,3,0,41,0,25,,96175,3,0,41,0,13,,96176,3,0,41,0,53,,96186,3,0,41,0,19,,96182,3,0,41,0,16,,96177,3,0,41,0,11,,96183,3,0,41,0,53,,96187,3,,,0,38,,96178,3,0,41,0,61,,96184,3,0,41,0,44,,96179,3,0,41,0,61,,96193,3,,,0
401,'2_6',648,,96195,3,,,0,154,,96202,3,0,41,0,35,,96196,3,,,0,69,,96203,3,0,41,0,32,,96204,3,0,41,0,67,,96205,3,0,41,0,32,,96197,3,,,0,70,,96206,3,0,41,0,31,,96207,3,0,41,0,71,,96208,3,0,41,0,30,,96198,3,,,0,69,,96209,3,0,41,0,29,,96210,3,0,41,0,70,,96211,3,0,41,0,31,,96199,3,,,0,69,,96212,3,0,41,0,32,,96213,3,0,41,0,73,,96214,3,0,41,0,31,,96200,3,,,0,71,,96215,3,0,41,0,33,,96216,3,0,41,0,72,,96217,3,0,41,0,31,,96218,3,0,41,0,70,,96201,3,,,0
401,'4_1',638,,96243,3,0,41,0,19,,96227,3,0,41,0,48,,96244,3,0,41,0,21,,96228,3,0,41,0,12,,96251,3,,,0,68,,96229,3,0,41,0,11,,96230,3,0,41,0,41,,96231,3,0,41,0,75,,96232,3,0,41,0,74,,96233,3,0,41,0,35,,96253,3,,,0,71,,96234,3,0,41,0,28,,96235,3,0,41,0,15,,96252,3,,,0,71,,96248,3,0,41,0,75,,96254,3,,,0,33,,96226,6,0,41,0,77,,96236,3,0,41,0,28,,96255,3,,,0,72,,96237,3,0,41,0,25,,96238,3,0,41,0,13,,96239,3,0,41,0,53,,96249,3,0,41,0,19,,96245,3,0,41,0,16,,96240,3,0,41,0,11,,96246,3,0,41,0,53,,96250,3,,,0,38,,96241,3,0,41,0,61,,96247,3,0,41,0,44,,96242,3,0,41,0,61,,96256,3,,,0
401,'4_2',638,,96275,3,0,41,0,19,,96259,3,0,41,0,48,,96276,3,0,41,0,21,,96260,3,0,41,0,12,,96283,3,,,0,68,,96261,3,0,41,0,11,,96262,3,0,41,0,41,,96263,3,0,41,0,75,,96264,3,0,41,0,74,,96265,3,0,41,0,35,,96285,3,,,0,71,,96266,3,0,41,0,28,,96267,3,0,41,0,15,,96284,3,,,0,71,,96280,3,0,41,0,75,,96286,3,,,0,33,,96258,6,0,41,0,77,,96268,3,0,41,0,28,,96287,3,,,0,72,,96269,3,0,41,0,25,,96270,3,0,41,0,13,,96271,3,0,41,0,53,,96281,3,0,41,0,19,,96277,3,0,41,0,16,,96272,3,0,41,0,11,,96278,3,0,41,0,53,,96282,3,,,0,38,,96273,3,0,41,0,61,,96279,3,0,41,0,44,,96274,3,0,41,0,61,,96288,3,,,0
401,'4_4',638,,96307,3,0,41,0,19,,96291,3,0,41,0,48,,96308,3,0,41,0,21,,96292,3,0,41,0,12,,96315,3,,,0,68,,96293,3,0,41,0,11,,96294,3,0,41,0,41,,96295,3,0,41,0,75,,96296,3,0,41,0,74,,96297,3,0,41,0,35,,96317,3,,,0,71,,96298,3,0,41,0,28,,96299,3,0,41,0,15,,96316,3,,,0,71,,96312,3,0,41,0,75,,96318,3,,,0,33,,96290,6,0,41,0,77,,96300,3,0,41,0,28,,96319,3,,,0,72,,96301,3,0,41,0,25,,96302,3,0,41,0,13,,96303,3,0,41,0,53,,96313,3,0,41,0,19,,96309,3,0,41,0,16,,96304,3,0,41,0,11,,96310,3,0,41,0,53,,96314,3,,,0,38,,96305,3,0,41,0,61,,96311,3,0,41,0,44,,96306,3,0,41,0,61,,96320,3,,,0
401,'4_5',638,,96339,3,0,41,0,19,,96323,3,0,41,0,48,,96340,3,0,41,0,21,,96324,3,0,41,0,12,,96347,3,,,0,68,,96325,3,0,41,0,11,,96326,3,0,41,0,41,,96327,3,0,41,0,75,,96328,3,0,41,0,74,,96329,3,0,41,0,35,,96349,3,,,0,71,,96330,3,0,41,0,28,,96331,3,0,41,0,15,,96348,3,,,0,71,,96344,3,0,41,0,75,,96350,3,,,0,33,,96322,6,0,41,0,77,,96332,3,0,41,0,28,,96351,3,,,0,72,,96333,3,0,41,0,25,,96334,3,0,41,0,13,,96335,3,0,41,0,53,,96345,3,0,41,0,19,,96341,3,0,41,0,16,,96336,3,0,41,0,11,,96342,3,0,41,0,53,,96346,3,,,0,38,,96337,3,0,41,0,61,,96343,3,0,41,0,44,,96338,3,0,41,0,61,,96352,3,,,0
401,'5_7',926,,96354,3,,,0,125,,96355,3,,,0,165,,96356,3,,,0,201,,96357,3,,,0,125,,96358,3,,,0,165,,96359,3,,,0,125,,96360,3,,,0
2301,'1_3',709,,98642,6,,,0
2301,'4_1',709,,98645,6,,,0
2301,'4_2',709,,98648,6,,,0
2301,'4_4',709,,98651,6,,,0
2301,'4_5',709,,98654,6,,,0
2900400,'1_3',1705,,102487,8,,,0,100,,102488,8,,,0
2900400,'4_1',1705,,102489,8,,,0,100,,102490,8,,,0
2900400,'4_2',1705,,102491,8,,,0,100,,102492,8,,,0
2900400,'4_4',1705,,102493,8,,,0,100,,102494,8,,,0
2900400,'4_5',1705,,102495,8,,,0,100,,102496,8,,,0
