700,'S2-0_2',732,,86889,21,,,0,110,,86891,21,,,0,111,,86892,21,,,0,150,,86893,21,,,0,110,,86894,21,,,0,110,,86895,21,,,0,110,,86896,21,,,0,110,,86897,21,,,0,113,,86898,21,,,0,150,,86899,21,,,0,105,,86890,21,,,0
700,'S2-0_4',732,,86900,21,,,0,110,,86902,21,,,0,111,,86903,21,,,0,150,,86904,21,,,0,110,,86905,21,,,0,110,,86906,21,,,0,110,,86907,21,,,0,110,,86908,21,,,0,113,,86909,21,,,0,150,,86910,21,,,0,105,,86901,21,,,0
700,'S2-0_5',732,,86911,21,,,0,110,,86913,21,,,0,111,,86914,21,,,0,150,,86915,21,,,0,110,,86916,21,,,0,110,,86917,21,,,0,110,,86918,21,,,0,110,,86919,21,,,0,113,,86920,21,,,0,150,,86921,21,,,0,105,,86912,21,,,0
700,'S2-1_3',732,,86922,21,,,0,110,,86924,21,,,0,111,,86925,21,,,0,150,,86926,21,,,0,110,,86927,21,,,0,110,,86928,21,,,0,110,,86929,21,,,0,110,,86930,21,,,0,113,,86931,21,,,0,150,,86932,21,,,0,105,,86923,21,,,0
700,'S2-2_6',730,,86935,21,,,0,110,,86936,21,,,0,112,,86937,21,,,0,150,,86938,21,,,0,110,,86939,21,,,0,110,,86940,21,,,0,111,,86941,21,,,0,109,,86942,21,,,0,111,,86943,21,,,0,150,,86933,21,,,0,107,,86934,21,,,0
700,'S2-4_1',732,,86944,21,,,0,110,,86946,21,,,0,111,,86947,21,,,0,150,,86948,21,,,0,110,,86949,21,,,0,110,,86950,21,,,0,110,,86951,21,,,0,110,,86952,21,,,0,113,,86953,21,,,0,150,,86954,21,,,0,105,,86945,21,,,0
700,'S2-4_2',732,,86955,21,,,0,110,,86957,21,,,0,111,,86958,21,,,0,150,,86959,21,,,0,110,,86960,21,,,0,110,,86961,21,,,0,110,,86962,21,,,0,110,,86963,21,,,0,113,,86964,21,,,0,150,,86965,21,,,0,105,,86956,21,,,0
700,'S2-4_4',732,,86966,21,,,0,110,,86968,21,,,0,111,,86969,21,,,0,150,,86970,21,,,0,110,,86971,21,,,0,110,,86972,21,,,0,110,,86973,21,,,0,110,,86974,21,,,0,113,,86975,21,,,0,150,,86976,21,,,0,105,,86967,21,,,0
2400,'S2-0_2',741,,88691,17,,,0,868,,88692,12,,,0,103,,88693,12,,,0,95,,88694,12,,,0
2400,'S2-0_4',741,,88695,17,,,0,868,,88696,12,,,0,103,,88697,12,,,0,95,,88698,12,,,0
2400,'S2-0_5',741,,88699,17,,,0,868,,88700,12,,,0,103,,88701,12,,,0,95,,88702,12,,,0
2400,'S2-1_3',741,,88703,17,,,0,490,,88704,12,,,0
2400,'S2-4_1',741,,88705,17,,,0,868,,88706,12,,,0,103,,88707,12,,,0,95,,88708,12,,,0
2400,'S2-4_2',741,,88709,17,,,0,868,,88710,12,,,0,103,,88711,12,,,0,95,,88712,12,,,0
2400,'S2-4_4',741,,88713,17,,,0,868,,88714,12,,,0,103,,88715,12,,,0,95,,88716,12,,,0
