900,'0_6',638,,66482,3,,,0,98,,66483,3,,,0,118,,66481,3,0,50,0,198,,66484,3,,,0,175,,66489,4,,,0,189,,66485,3,,,0,188,,66490,2,,,0,45,,66492,3,,,0,87,,66486,3,,,0,97,,66487,3,,,0
900,'3_1',638,,66560,3,,,0,98,,66561,3,,,0,118,,66559,3,0,50,0,198,,66562,3,,,0,175,,66567,4,,,0,189,,66563,3,,,0,188,,66568,2,,,0,45,,66570,3,,,0,87,,66564,3,,,0,97,,66565,3,,,0
900,'3_2',638,,73357,3,,,0,98,,73358,3,,,0,118,,73356,3,0,50,0,198,,73359,3,,,0,175,,73364,4,,,0,189,,73360,3,,,0,188,,73365,2,,,0,45,,73367,3,,,0,87,,73361,3,,,0,97,,73362,3,,,0
900,'3_3',638,,66573,3,,,0,98,,66574,3,,,0,118,,66572,3,0,50,0,198,,66575,3,,,0,175,,66580,4,,,0,189,,66576,3,,,0,188,,66581,2,,,0,45,,66583,3,,,0,87,,66577,3,,,0,97,,66578,3,,,0
900,'3_4',638,,66586,3,,,0,98,,66587,3,,,0,118,,66585,3,0,50,0,198,,66588,3,,,0,175,,66593,4,,,0,189,,66589,3,,,0,188,,66594,2,,,0,45,,66596,3,,,0,87,,66590,3,,,0,97,,66591,3,,,0
900,'3_5',638,,66599,3,,,0,98,,66600,3,,,0,118,,66598,3,0,50,0,198,,66601,3,,,0,175,,66606,4,,,0,189,,66602,3,,,0,188,,66607,2,,,0,45,,66609,3,,,0,87,,66603,3,,,0,97,,66604,3,,,0
900,'5_1',638,,74317,3,,,0,98,,74318,3,,,0,118,,74316,3,0,50,0,198,,74319,3,,,0,175,,74324,4,,,0,189,,74320,3,,,0,188,,74325,2,,,0,45,,74327,3,,,0,87,,74321,3,,,0,97,,74322,3,,,0
900,'5_2',638,,75961,3,,,0,98,,75962,3,,,0,118,,75960,3,0,50,0,198,,75963,3,,,0,175,,75968,4,,,0,189,,75964,3,,,0,188,,75969,2,,,0,45,,75971,3,,,0,87,,75965,3,,,0,97,,75966,3,,,0
900,'5_3',638,,75974,3,,,0,98,,75975,3,,,0,118,,75973,3,0,50,0,198,,75976,3,,,0,175,,75981,4,,,0,189,,75977,3,,,0,188,,75982,2,,,0,45,,75984,3,,,0,87,,75978,3,,,0,97,,75979,3,,,0
900,'5_4',638,,75987,3,,,0,98,,75988,3,,,0,118,,75986,3,0,50,0,198,,75989,3,,,0,175,,75994,4,,,0,189,,75990,3,,,0,188,,75995,2,,,0,45,,75997,3,,,0,87,,75991,3,,,0,97,,75992,3,,,0
