900,'S2-0_2',649,,87241,8,,,0,68,,87242,8,,,0,41,,87246,14,,,0,61,,87247,5,,,0,4,,87248,15,,,0,84,,87243,8,,,0,49,,87249,15,,,0,94,,87250,11,0,50,0,93,,87251,11,,,0,105,,87252,11,,,0,70,,87244,8,,,0,130,,87255,16,,,0,84,,87253,11,,,0,110,,87254,11,,,0,72,,87245,8,,,0,130,,87256,16,,,0,78,,87257,8,0,50,0
900,'S2-0_4',649,,87260,8,,,0,68,,87261,8,,,0,41,,87265,14,,,0,61,,87266,5,,,0,4,,87267,15,,,0,84,,87262,8,,,0,49,,87268,15,,,0,94,,87269,11,0,50,0,93,,87270,11,,,0,105,,87271,11,,,0,70,,87263,8,,,0,130,,87274,16,,,0,84,,87272,11,,,0,110,,87273,11,,,0,72,,87264,8,,,0,130,,87275,16,,,0,78,,87276,8,0,50,0
900,'S2-0_5',649,,87279,8,,,0,68,,87280,8,,,0,41,,87284,14,,,0,61,,87285,5,,,0,4,,87286,15,,,0,84,,87281,8,,,0,49,,87287,15,,,0,94,,87288,11,0,50,0,93,,87289,11,,,0,105,,87290,11,,,0,70,,87282,8,,,0,130,,87293,16,,,0,84,,87291,11,,,0,110,,87292,11,,,0,72,,87283,8,,,0,130,,87294,16,,,0,78,,87295,8,0,50,0
900,'S2-1_3',649,,87298,8,,,0,68,,87299,8,,,0,41,,87303,14,,,0,61,,87304,5,,,0,4,,87305,15,,,0,84,,87300,8,,,0,49,,87306,15,,,0,94,,87307,11,0,50,0,93,,87308,11,,,0,105,,87309,11,,,0,70,,87301,8,,,0,130,,87312,16,,,0,84,,87310,11,,,0,110,,87311,11,,,0,72,,87302,8,,,0,130,,87313,16,,,0,78,,87314,8,0,50,0
900,'S2-2_6',659,,87318,11,,,0,99,,87319,11,,,0,158,,87317,11,0,50,0,126,,87324,5,0,50,0,70,,87320,11,,,0,136,,87326,12,0,50,0,97,,87325,5,0,50,0,90,,87321,11,,,0,90,,87316,5,,,0,98,,87327,5,,,0,135,,87322,12,,,0,94,,87323,11,,,0
900,'S2-4_1',649,,87329,8,,,0,68,,87330,8,,,0,41,,87334,14,,,0,61,,87335,5,,,0,4,,87336,15,,,0,84,,87331,8,,,0,49,,87337,15,,,0,94,,87338,11,0,50,0,93,,87339,11,,,0,105,,87340,11,,,0,70,,87332,8,,,0,130,,87343,16,,,0,84,,87341,11,,,0,110,,87342,11,,,0,72,,87333,8,,,0,130,,87344,16,,,0,78,,87345,8,0,50,0
900,'S2-4_2',649,,87348,8,,,0,68,,87349,8,,,0,41,,87353,14,,,0,61,,87354,5,,,0,4,,87355,15,,,0,84,,87350,8,,,0,49,,87356,15,,,0,94,,87357,11,0,50,0,93,,87358,11,,,0,105,,87359,11,,,0,70,,87351,8,,,0,130,,87362,16,,,0,84,,87360,11,,,0,110,,87361,11,,,0,72,,87352,8,,,0,130,,87363,16,,,0,78,,87364,8,0,50,0
900,'S2-4_4',649,,87367,8,,,0,68,,87368,8,,,0,41,,87372,14,,,0,61,,87373,5,,,0,4,,87374,15,,,0,84,,87369,8,,,0,49,,87375,15,,,0,94,,87376,11,0,50,0,93,,87377,11,,,0,105,,87378,11,,,0,70,,87370,8,,,0,130,,87381,16,,,0,84,,87379,11,,,0,110,,87380,11,,,0,72,,87371,8,,,0,130,,87382,16,,,0,78,,87383,8,0,50,0
1600,'S2-0_2',818,,88001,13,,,0,206,,88006,17,,,0,296,,88008,22,,,0,123,,88004,17,,,0,297,,88010,22,,,0,165,,88007,17,,,0
1600,'S2-0_4',818,,88011,13,,,0,206,,88016,17,,,0,296,,88018,22,,,0,123,,88014,17,,,0,297,,88020,22,,,0,165,,88017,17,,,0
1600,'S2-0_5',818,,88021,13,,,0,206,,88026,17,,,0,296,,88028,22,,,0,123,,88024,17,,,0,297,,88030,22,,,0,165,,88027,17,,,0
1600,'S2-1_3',818,,88031,13,,,0,206,,88036,17,,,0,296,,88038,22,,,0,123,,88034,17,,,0,297,,88040,22,,,0,165,,88037,17,,,0
1600,'S2-2_6',818,,88041,13,,,0,206,,88046,17,,,0,296,,88048,22,,,0,123,,88044,17,,,0,297,,88050,22,,,0,165,,88047,17,,,0
1600,'S2-4_1',818,,88051,13,,,0,206,,88056,17,,,0,296,,88058,22,,,0,123,,88054,17,,,0,297,,88060,22,,,0,165,,88057,17,,,0
1600,'S2-4_2',818,,88061,13,,,0,206,,88066,17,,,0,296,,88068,22,,,0,123,,88064,17,,,0,297,,88070,22,,,0,165,,88067,17,,,0
1600,'S2-4_4',818,,88071,13,,,0,206,,88076,17,,,0,296,,88078,22,,,0,123,,88074,17,,,0,297,,88080,22,,,0,165,,88077,17,,,0
