101,'0_6',701,,63047,11,0,5,0,112,,63048,11,0,5,0,107,,63049,11,0,5,0,30,,63060,11,0,6,0,69,,63050,11,0,5,0,31,,63061,11,0,6,0,70,,63051,11,0,5,0,30,,63062,11,0,6,0,70,,63052,11,0,5,0,30,,63063,11,0,6,0,71,,63053,11,0,5,0,29,,63064,11,0,6,0,69,,63054,11,0,5,0,30,,63065,11,0,6,0,70,,63055,11,0,5,0,32,,63066,11,0,6,0,70,,63056,11,0,5,0,29,,63067,11,0,6,0,73,,63057,11,0,5,0,30,,63068,11,0,6,0,78,,63058,11,0,5,0,25,,63069,11,0,6,0,67,,63059,11,0,5,0
101,'1_7',908,,63070,11,0,6,0,105,,63075,11,0,5,0,105,,63071,11,0,6,0,105,,63076,11,0,5,0,105,,63072,11,0,6,0,90,,63077,11,0,5,0,100,,63073,11,0,6,0,105,,63078,11,0,5,0,105,,63074,11,0,6,0,105,,63079,11,0,5,0
101,'5_1',701,,73998,17,0,5,0,29,,73999,11,0,5,0,74,,74000,17,0,6,0,31,,74002,11,0,5,0,75,,74001,17,0,6,0,35,,74003,11,0,5,0,71,,74007,11,0,6,0,32,,74004,11,0,5,0,72,,74005,11,0,6,0,30,,74006,11,0,5,0,70,,74008,11,0,6,0,31,,74009,11,0,5,0,70,,74010,11,0,6,0,28,,74012,17,0,5,0,70,,74011,11,0,6,0,31,,74013,17,0,5,0,70,,74015,11,0,6,0,31,,74019,11,0,5,0,71,,74018,11,0,6,0,32,,74016,11,0,5,0,70,,74017,11,0,6,0,31,,74014,17,0,5,0,67,,74020,11,0,6,0,30,,74021,17,0,5,0,66,,74022,11,0,6,0
101,'5_2',701,,75008,17,0,5,0,29,,75009,11,0,5,0,74,,75010,17,0,6,0,31,,75012,11,0,5,0,75,,75011,17,0,6,0,35,,75013,11,0,5,0,71,,75017,11,0,6,0,32,,75014,11,0,5,0,72,,75015,11,0,6,0,30,,75016,11,0,5,0,70,,75018,11,0,6,0,31,,75019,11,0,5,0,70,,75020,11,0,6,0,28,,75022,17,0,5,0,70,,75021,11,0,6,0,31,,75023,17,0,5,0,70,,75025,11,0,6,0,31,,75029,11,0,5,0,71,,75028,11,0,6,0,32,,75026,11,0,5,0,70,,75027,11,0,6,0,31,,75024,17,0,5,0,67,,75030,11,0,6,0,30,,75031,17,0,5,0,66,,75032,11,0,6,0
101,'5_3',701,,75033,17,0,5,0,29,,75034,11,0,5,0,74,,75035,17,0,6,0,31,,75037,11,0,5,0,75,,75036,17,0,6,0,35,,75038,11,0,5,0,71,,75042,11,0,6,0,32,,75039,11,0,5,0,72,,75040,11,0,6,0,30,,75041,11,0,5,0,70,,75043,11,0,6,0,31,,75044,11,0,5,0,70,,75045,11,0,6,0,28,,75047,17,0,5,0,70,,75046,11,0,6,0,31,,75048,17,0,5,0,70,,75050,11,0,6,0,31,,75054,11,0,5,0,71,,75053,11,0,6,0,32,,75051,11,0,5,0,70,,75052,11,0,6,0,31,,75049,17,0,5,0,67,,75055,11,0,6,0,30,,75056,17,0,5,0,66,,75057,11,0,6,0
101,'5_4',701,,75058,17,0,5,0,29,,75059,11,0,5,0,74,,75060,17,0,6,0,31,,75062,11,0,5,0,75,,75061,17,0,6,0,35,,75063,11,0,5,0,71,,75067,11,0,6,0,32,,75064,11,0,5,0,72,,75065,11,0,6,0,30,,75066,11,0,5,0,70,,75068,11,0,6,0,31,,75069,11,0,5,0,70,,75070,11,0,6,0,28,,75072,17,0,5,0,70,,75071,11,0,6,0,31,,75073,17,0,5,0,70,,75075,11,0,6,0,31,,75079,11,0,5,0,71,,75078,11,0,6,0,32,,75076,11,0,5,0,70,,75077,11,0,6,0,31,,75074,17,0,5,0,67,,75080,11,0,6,0,30,,75081,17,0,5,0,66,,75082,11,0,6,0
101,'5_5',701,,77838,17,0,5,0,29,,77839,11,0,5,0,74,,77840,17,0,6,0,31,,77842,11,0,5,0,75,,77841,17,0,6,0,35,,77843,11,0,5,0,71,,77847,11,0,6,0,32,,77844,11,0,5,0,72,,77845,11,0,6,0,30,,77846,11,0,5,0,70,,77848,11,0,6,0,31,,77849,11,0,5,0,70,,77850,11,0,6,0,28,,77852,17,0,5,0,70,,77851,11,0,6,0,31,,77853,17,0,5,0,70,,77855,11,0,6,0,31,,77859,11,0,5,0,71,,77858,11,0,6,0,32,,77856,11,0,5,0,70,,77857,11,0,6,0,31,,77854,17,0,5,0,67,,77860,11,0,6,0,30,,77861,17,0,5,0,66,,77862,11,0,6,0
101,'6_7',908,,78799,11,0,6,0,105,,78804,11,0,5,0,105,,78800,11,0,6,0,105,,78805,11,0,5,0,105,,78801,11,0,6,0,90,,78806,11,0,5,0,100,,78802,11,0,6,0,105,,78807,11,0,5,0,105,,78803,11,0,6,0,105,,78808,11,0,5,0
101,'7_1',701,,80122,17,0,5,0,29,,80123,11,0,5,0,74,,80124,17,0,6,0,31,,80126,11,0,5,0,75,,80125,17,0,6,0,35,,80127,11,0,5,0,71,,80131,11,0,6,0,32,,80128,11,0,5,0,72,,80129,11,0,6,0,30,,80130,11,0,5,0,70,,80132,11,0,6,0,31,,80133,11,0,5,0,70,,80134,11,0,6,0,28,,80136,17,0,5,0,70,,80135,11,0,6,0,31,,80137,17,0,5,0,70,,80139,11,0,6,0,31,,80143,11,0,5,0,71,,80142,11,0,6,0,32,,80140,11,0,5,0,70,,80141,11,0,6,0,31,,80138,17,0,5,0,67,,80144,11,0,6,0,30,,80145,17,0,5,0,66,,80146,11,0,6,0
101,'7_4',701,,79137,17,0,5,0,29,,79138,11,0,5,0,74,,79139,17,0,6,0,31,,79141,11,0,5,0,75,,79140,17,0,6,0,35,,79142,11,0,5,0,71,,79146,11,0,6,0,32,,79143,11,0,5,0,72,,79144,11,0,6,0,30,,79145,11,0,5,0,70,,79147,11,0,6,0,31,,79148,11,0,5,0,70,,79149,11,0,6,0,28,,79151,17,0,5,0,70,,79150,11,0,6,0,31,,79152,17,0,5,0,70,,79154,11,0,6,0,31,,79158,11,0,5,0,71,,79157,11,0,6,0,32,,79155,11,0,5,0,70,,79156,11,0,6,0,31,,79153,17,0,5,0,67,,79159,11,0,6,0,30,,79160,17,0,5,0,66,,79161,11,0,6,0
101,'7_5',701,,80147,17,0,5,0,29,,80148,11,0,5,0,74,,80149,17,0,6,0,31,,80151,11,0,5,0,75,,80150,17,0,6,0,35,,80152,11,0,5,0,71,,80156,11,0,6,0,32,,80153,11,0,5,0,72,,80154,11,0,6,0,30,,80155,11,0,5,0,70,,80157,11,0,6,0,31,,80158,11,0,5,0,70,,80159,11,0,6,0,28,,80161,17,0,5,0,70,,80160,11,0,6,0,31,,80162,17,0,5,0,70,,80164,11,0,6,0,31,,80168,11,0,5,0,71,,80167,11,0,6,0,32,,80165,11,0,5,0,70,,80166,11,0,6,0,31,,80163,17,0,5,0,67,,80169,11,0,6,0,30,,80170,17,0,5,0,66,,80171,11,0,6,0
