1500,'S2-0_2',744,,87794,18,,,0,61,,87795,18,,,0,114,,87796,18,,,0,117,,87797,18,,,0,118,,87798,18,,,0,80,,87799,18,,,0,75,,87800,18,,,0,97,,87801,18,,,0,222,,87802,18,,,0,109,,87803,18,,,0,98,,87804,18,,,0,110,,87805,18,,,0
1500,'S2-0_4',744,,87807,18,,,0,61,,87808,18,,,0,114,,87809,18,,,0,117,,87810,18,,,0,118,,87811,18,,,0,80,,87812,18,,,0,75,,87813,18,,,0,97,,87814,18,,,0,222,,87815,18,,,0,109,,87816,18,,,0,98,,87817,18,,,0,110,,87818,18,,,0
1500,'S2-0_5',744,,87820,18,,,0,61,,87821,18,,,0,114,,87822,18,,,0,117,,87823,18,,,0,118,,87824,18,,,0,80,,87825,18,,,0,75,,87826,18,,,0,97,,87827,18,,,0,222,,87828,18,,,0,109,,87829,18,,,0,98,,87830,18,,,0,110,,87831,18,,,0
1500,'S2-1_3',744,,87833,18,,,0,61,,87834,18,,,0,114,,87835,18,,,0,117,,87836,18,,,0,118,,87837,18,,,0,80,,87838,18,,,0,75,,87839,18,,,0,97,,87840,18,,,0,222,,87841,18,,,0,109,,87842,18,,,0,98,,87843,18,,,0,110,,87844,18,,,0
1500,'S2-2_6',744,,87846,18,,,0,61,,87847,18,,,0,114,,87848,18,,,0,117,,87849,18,,,0,118,,87850,18,,,0,80,,87851,18,,,0,75,,87852,18,,,0,97,,87853,18,,,0,222,,87854,18,,,0,109,,87855,18,,,0,98,,87856,18,,,0,110,,87857,18,,,0
1500,'S2-4_1',744,,87859,18,,,0,61,,87860,18,,,0,114,,87861,18,,,0,117,,87862,18,,,0,118,,87863,18,,,0,80,,87864,18,,,0,75,,87865,18,,,0,97,,87866,18,,,0,222,,87867,18,,,0,109,,87868,18,,,0,98,,87869,18,,,0,110,,87870,18,,,0
1500,'S2-4_2',744,,87872,18,,,0,61,,87873,18,,,0,114,,87874,18,,,0,117,,87875,18,,,0,118,,87876,18,,,0,80,,87877,18,,,0,75,,87878,18,,,0,97,,87879,18,,,0,222,,87880,18,,,0,109,,87881,18,,,0,98,,87882,18,,,0,110,,87883,18,,,0
1500,'S2-4_4',744,,87885,18,,,0,61,,87886,18,,,0,114,,87887,18,,,0,117,,87888,18,,,0,118,,87889,18,,,0,80,,87890,18,,,0,75,,87891,18,,,0,97,,87892,18,,,0,222,,87893,18,,,0,109,,87894,18,,,0,98,,87895,18,,,0,110,,87896,18,,,0
1501,'S2-0_2',654,,87898,8,,,0,58,,87899,8,,,0,95,,87900,8,,,0,21,,87901,8,,,0,117,,87902,8,,,0,156,,87903,8,,,0,118,,87904,8,,,0,94,,87905,8,,,0,118,,87906,8,,,0,222,,87907,8,,,0,150,,87908,8,,,0,55,,87909,8,,,0
1501,'S2-0_4',654,,87911,8,,,0,58,,87912,8,,,0,95,,87913,8,,,0,21,,87914,8,,,0,117,,87915,8,,,0,156,,87916,8,,,0,118,,87917,8,,,0,94,,87918,8,,,0,118,,87919,8,,,0,222,,87920,8,,,0,150,,87921,8,,,0,55,,87922,8,,,0
1501,'S2-0_5',654,,87924,8,,,0,58,,87925,8,,,0,95,,87926,8,,,0,21,,87927,8,,,0,117,,87928,8,,,0,156,,87929,8,,,0,118,,87930,8,,,0,94,,87931,8,,,0,118,,87932,8,,,0,222,,87933,8,,,0,150,,87934,8,,,0,55,,87935,8,,,0
1501,'S2-1_3',654,,87937,8,,,0,58,,87938,8,,,0,95,,87939,8,,,0,21,,87940,8,,,0,117,,87941,8,,,0,156,,87942,8,,,0,118,,87943,8,,,0,94,,87944,8,,,0,118,,87945,8,,,0,222,,87946,8,,,0,150,,87947,8,,,0,55,,87948,8,,,0
1501,'S2-2_6',654,,87950,8,,,0,58,,87951,8,,,0,95,,87952,8,,,0,21,,87953,8,,,0,117,,87954,8,,,0,156,,87955,8,,,0,118,,87956,8,,,0,94,,87957,8,,,0,118,,87958,8,,,0,222,,87959,8,,,0,150,,87960,8,,,0,55,,87961,8,,,0
1501,'S2-4_1',654,,87963,8,,,0,58,,87964,8,,,0,95,,87965,8,,,0,21,,87966,8,,,0,117,,87967,8,,,0,156,,87968,8,,,0,118,,87969,8,,,0,94,,87970,8,,,0,118,,87971,8,,,0,222,,87972,8,,,0,150,,87973,8,,,0,55,,87974,8,,,0
1501,'S2-4_2',654,,87976,8,,,0,58,,87977,8,,,0,95,,87978,8,,,0,21,,87979,8,,,0,117,,87980,8,,,0,156,,87981,8,,,0,118,,87982,8,,,0,94,,87983,8,,,0,118,,87984,8,,,0,222,,87985,8,,,0,150,,87986,8,,,0,55,,87987,8,,,0
1501,'S2-4_4',654,,87989,8,,,0,58,,87990,8,,,0,95,,87991,8,,,0,21,,87992,8,,,0,117,,87993,8,,,0,156,,87994,8,,,0,118,,87995,8,,,0,94,,87996,8,,,0,118,,87997,8,,,0,222,,87998,8,,,0,150,,87999,8,,,0,55,,88000,8,,,0
