100,'0_4',701,,94098,3,0,61 8,0,31,,94089,3,,,0,75,,94099,3,0,9 10,0,38,,94090,3,0,61 8,0,156,,94091,3,0,61 8,0,117,,94092,3,0,61 8,0,116,,94093,3,0,61 8,0,89,,94094,3,0,61 8,0,114,,94095,3,0,61 8,0,99,,94100,3,0,61 8,0,102,,94096,3,0,61 8,0,85,,94097,3,0,61 8,0,82,,94087,3,,,0,111,,94088,3,,,0
100,'0_5',701,,94133,3,0,61 8,0,31,,94124,3,,,0,75,,94134,3,0,9 10,0,38,,94125,3,0,61 8,0,156,,94126,3,0,61 8,0,117,,94127,3,0,61 8,0,116,,94128,3,0,61 8,0,89,,94129,3,0,61 8,0,114,,94130,3,0,61 8,0,99,,94135,3,0,61 8,0,102,,94131,3,0,61 8,0,85,,94132,3,0,61 8,0,82,,94122,3,,,0,111,,94123,3,,,0
100,'1_3',701,,94168,3,0,61 8,0,31,,94159,3,,,0,75,,94169,3,0,9 10,0,38,,94160,3,0,61 8,0,156,,94161,3,0,61 8,0,117,,94162,3,0,61 8,0,116,,94163,3,0,61 8,0,89,,94164,3,0,61 8,0,114,,94165,3,0,61 8,0,99,,94170,3,0,61 8,0,102,,94166,3,0,61 8,0,85,,94167,3,0,61 8,0,82,,94157,3,,,0,111,,94158,3,,,0
100,'2_6',652,,94192,3,0,61 8,0,202,,94193,3,0,61 8,0,99,,94194,3,0,61 8,0,102,,94195,3,0,61 8,0,100,,94196,3,0,61 8,0,100,,94197,3,0,61 8,0,99,,94198,3,0,61 8,0,100,,94199,3,0,61 8,0,101,,94200,3,0,61 8,0,104,,94201,3,0,61 8,0,99,,94202,3,0,61 8,0,142,,94203,3,0,61 8,0
100,'3_7',1005,,94220,3,0,61 8,0,210,,94221,3,0,61 8,0,190,,94222,3,0,61 8,0,209,,94223,3,0,61 8,0,212,,94224,3,0,61 8,0
100,'4_1',701,,94236,3,0,61 8,0,31,,94227,3,,,0,75,,94237,3,0,9 10,0,38,,94228,3,0,61 8,0,156,,94229,3,0,61 8,0,117,,94230,3,0,61 8,0,116,,94231,3,0,61 8,0,89,,94232,3,0,61 8,0,114,,94233,3,0,61 8,0,99,,94238,3,0,61 8,0,102,,94234,3,0,61 8,0,85,,94235,3,0,61 8,0,82,,94225,3,,,0,111,,94226,3,,,0
100,'4_2',701,,94271,3,0,61 8,0,31,,94262,3,,,0,75,,94272,3,0,9 10,0,38,,94263,3,0,61 8,0,156,,94264,3,0,61 8,0,117,,94265,3,0,61 8,0,116,,94266,3,0,61 8,0,89,,94267,3,0,61 8,0,114,,94268,3,0,61 8,0,99,,94273,3,0,61 8,0,102,,94269,3,0,61 8,0,85,,94270,3,0,61 8,0,82,,94260,3,,,0,111,,94261,3,,,0
100,'4_4',701,,94306,3,0,61 8,0,31,,94297,3,,,0,75,,94307,3,0,9 10,0,38,,94298,3,0,61 8,0,156,,94299,3,0,61 8,0,117,,94300,3,0,61 8,0,116,,94301,3,0,61 8,0,89,,94302,3,0,61 8,0,114,,94303,3,0,61 8,0,99,,94308,3,0,61 8,0,102,,94304,3,0,61 8,0,85,,94305,3,0,61 8,0,82,,94295,3,,,0,111,,94296,3,,,0
100,'4_5',701,,94341,3,0,61 8,0,31,,94332,3,,,0,75,,94342,3,0,9 10,0,38,,94333,3,0,61 8,0,156,,94334,3,0,61 8,0,117,,94335,3,0,61 8,0,116,,94336,3,0,61 8,0,89,,94337,3,0,61 8,0,114,,94338,3,0,61 8,0,99,,94343,3,0,61 8,0,102,,94339,3,0,61 8,0,85,,94340,3,0,61 8,0,82,,94330,3,,,0,111,,94331,3,,,0
100,'5_7',1005,,94370,3,0,61 8,0,210,,94371,3,0,61 8,0,190,,94372,3,0,61 8,0,209,,94373,3,0,61 8,0,212,,94374,3,0,61 8,0
800,'0_4',654,,97030,6,,,0,73,,97031,6,,,0,28,,97032,6,,,0,71,,97033,6,,,0,80,,97034,6,,,0,110,,97035,6,,,0,117,,97036,6,,,0,111,,97037,6,,,0,110,,97038,6,,,0,152,,97040,6,,,0,110,,97039,6,,,0
800,'0_5',654,,97041,6,,,0,73,,97042,6,,,0,28,,97043,6,,,0,71,,97044,6,,,0,80,,97045,6,,,0,110,,97046,6,,,0,117,,97047,6,,,0,111,,97048,6,,,0,110,,97049,6,,,0,152,,97051,6,,,0,110,,97050,6,,,0
800,'1_3',654,,97052,6,,,0,73,,97053,6,,,0,28,,97054,6,,,0,71,,97055,6,,,0,80,,97056,6,,,0,110,,97057,6,,,0,117,,97058,6,,,0,111,,97059,6,,,0,110,,97060,6,,,0,152,,97062,6,,,0,110,,97061,6,,,0
800,'4_1',654,,97063,6,,,0,73,,97064,6,,,0,28,,97065,6,,,0,71,,97066,6,,,0,80,,97067,6,,,0,110,,97068,6,,,0,117,,97069,6,,,0,111,,97070,6,,,0,110,,97071,6,,,0,152,,97073,6,,,0,110,,97072,6,,,0
800,'4_2',654,,97074,6,,,0,73,,97075,6,,,0,28,,97076,6,,,0,71,,97077,6,,,0,80,,97078,6,,,0,110,,97079,6,,,0,117,,97080,6,,,0,111,,97081,6,,,0,110,,97082,6,,,0,152,,97084,6,,,0,110,,97083,6,,,0
800,'4_4',654,,97085,6,,,0,73,,97086,6,,,0,28,,97087,6,,,0,71,,97088,6,,,0,80,,97089,6,,,0,110,,97090,6,,,0,117,,97091,6,,,0,111,,97092,6,,,0,110,,97093,6,,,0,152,,97095,6,,,0,110,,97094,6,,,0
800,'4_5',654,,97096,6,,,0,73,,97097,6,,,0,28,,97098,6,,,0,71,,97099,6,,,0,80,,97100,6,,,0,110,,97101,6,,,0,117,,97102,6,,,0,111,,97103,6,,,0,110,,97104,6,,,0,152,,97106,6,,,0,110,,97105,6,,,0
