100,'S2-0_2',711,,84209,21,0,61 8,0,14,,84206,21,0,61 8,0,16,,84210,21,0,61 8,0,15,,84197,21,,,0,55,,84216,21,0,61 8,0,20,,84207,21,0,9 10,0,10,,84211,21,0,61 8,0,66,,84198,21,0,61 8,0,38,,84212,21,0,61 8,0,78,,84199,21,0,61 8,0,80,,84213,21,0,61 8,0,38,,84200,21,0,61 8,0,59,,84217,21,,,0,25,,84218,21,,,0,30,,84201,21,0,61 8,0,65,,84214,21,0,61 8,0,25,,84202,21,0,61 8,0,75,,84215,21,0,61 8,0,80,,84203,21,0,61 8,0,24,,84219,21,,,0,76,,84226,5,0,9 10,0,20,,84220,21,,,0,33,,84221,21,,,0,50,,84204,21,0,61 8,0,11,,84227,5,0,9 10,0,2,,84228,5,,,0,7,,84222,21,,,0,22,,84205,21,0,61 8,0,14,,84223,21,,,0,46,,84229,5,,,0,20,,84195,21,,,0,76,,84224,21,0,61 8,0,34,,84196,21,,,0
100,'S2-0_4',711,,84244,21,0,61 8,0,14,,84241,21,0,61 8,0,16,,84245,21,0,61 8,0,15,,84232,21,,,0,55,,84251,21,0,61 8,0,20,,84242,21,0,9 10,0,10,,84246,21,0,61 8,0,66,,84233,21,0,61 8,0,38,,84247,21,0,61 8,0,78,,84234,21,0,61 8,0,80,,84248,21,0,61 8,0,38,,84235,21,0,61 8,0,59,,84252,21,,,0,25,,84253,21,,,0,30,,84236,21,0,61 8,0,65,,84249,21,0,61 8,0,25,,84237,21,0,61 8,0,75,,84250,21,0,61 8,0,80,,84238,21,0,61 8,0,24,,84254,21,,,0,76,,84261,5,0,9 10,0,20,,84255,21,,,0,33,,84256,21,,,0,50,,84239,21,0,61 8,0,11,,84262,5,0,9 10,0,2,,84263,5,,,0,7,,84257,21,,,0,22,,84240,21,0,61 8,0,14,,84258,21,,,0,46,,84264,5,,,0,20,,84230,21,,,0,76,,84259,21,0,61 8,0,34,,84231,21,,,0
100,'S2-0_5',711,,84279,21,0,61 8,0,14,,84276,21,0,61 8,0,16,,84280,21,0,61 8,0,15,,84267,21,,,0,55,,84286,21,0,61 8,0,20,,84277,21,0,9 10,0,10,,84281,21,0,61 8,0,66,,84268,21,0,61 8,0,38,,84282,21,0,61 8,0,78,,84269,21,0,61 8,0,80,,84283,21,0,61 8,0,38,,84270,21,0,61 8,0,59,,84287,21,,,0,25,,84288,21,,,0,30,,84271,21,0,61 8,0,65,,84284,21,0,61 8,0,25,,84272,21,0,61 8,0,75,,84285,21,0,61 8,0,80,,84273,21,0,61 8,0,24,,84289,21,,,0,76,,84296,5,0,9 10,0,20,,84290,21,,,0,33,,84291,21,,,0,50,,84274,21,0,61 8,0,11,,84297,5,0,9 10,0,2,,84298,5,,,0,7,,84292,21,,,0,22,,84275,21,0,61 8,0,14,,84293,21,,,0,46,,84299,5,,,0,20,,84265,21,,,0,76,,84294,21,0,61 8,0,34,,84266,21,,,0
100,'S2-1_3',711,,84314,21,0,61 8,0,14,,84311,21,0,61 8,0,16,,84315,21,0,61 8,0,15,,84302,21,,,0,55,,84321,21,0,61 8,0,20,,84312,21,0,9 10,0,10,,84316,21,0,61 8,0,66,,84303,21,0,61 8,0,38,,84317,21,0,61 8,0,78,,84304,21,0,61 8,0,80,,84318,21,0,61 8,0,38,,84305,21,0,61 8,0,59,,84322,21,,,0,6,,84334,5,0,9 10,0,4,,84331,5,0,9 10,0,5,,84332,5,0,9 10,0,10,,84323,21,,,0,30,,84306,21,0,61 8,0,65,,84319,21,0,61 8,0,25,,84307,21,0,61 8,0,75,,84320,21,0,61 8,0,80,,84308,21,0,61 8,0,24,,84324,21,,,0,76,,84313,21,0,61 8,0,20,,84325,21,,,0,33,,84326,21,,,0,50,,84309,21,0,61 8,0,20,,84327,21,,,0,22,,84310,21,0,61 8,0,14,,84328,21,,,0,66,,84300,21,,,0,76,,84329,21,0,61 8,0,34,,84301,21,,,0
100,'S2-2_6',713,,84335,21,0,61 8,0,109,,84347,21,0,61 8,0,95,,84336,21,0,61 8,0,30,,84348,21,0,61 8,0,69,,84337,21,0,61 8,0,33,,84349,21,0,61 8,0,70,,84338,21,0,61 8,0,29,,84350,21,0,61 8,0,71,,84339,21,0,61 8,0,28,,84351,21,0,61 8,0,70,,84340,21,0,61 8,0,30,,84352,21,0,61 8,0,70,,84341,21,0,61 8,0,31,,84353,21,0,61 8,0,69,,84342,21,0,61 8,0,31,,84354,21,0,61 8,0,71,,84343,21,0,61 8,0,31,,84355,21,0,61 8,0,73,,84344,21,0,61 8,0,28,,84356,21,0,61 8,0,70,,84345,21,0,61 8,0,31,,84357,21,0,61 8,0,69,,84346,21,0,61 8,0
100,'S2-3_7',916,,84358,21,0,61 8,0,105,,84363,21,0,61 8,0,106,,84359,21,0,61 8,0,104,,84364,21,0,61 8,0,90,,84360,21,0,61 8,0,100,,84365,21,0,61 8,0,105,,84361,21,0,61 8,0,105,,84366,21,0,61 8,0,105,,84362,21,0,61 8,0,105,,84367,21,0,61 8,0
100,'S2-4_1',711,,84382,21,0,61 8,0,14,,84379,21,0,61 8,0,16,,84383,21,0,61 8,0,15,,84370,21,,,0,55,,84389,21,0,61 8,0,20,,84380,21,0,9 10,0,10,,84384,21,0,61 8,0,66,,84371,21,0,61 8,0,38,,84385,21,0,61 8,0,78,,84372,21,0,61 8,0,80,,84386,21,0,61 8,0,38,,84373,21,0,61 8,0,59,,84390,21,,,0,25,,84391,21,,,0,30,,84374,21,0,61 8,0,65,,84387,21,0,61 8,0,25,,84375,21,0,61 8,0,75,,84388,21,0,61 8,0,80,,84376,21,0,61 8,0,24,,84392,21,,,0,76,,84399,5,0,9 10,0,20,,84393,21,,,0,33,,84394,21,,,0,50,,84377,21,0,61 8,0,11,,84400,5,0,9 10,0,2,,84401,5,,,0,7,,84395,21,,,0,22,,84378,21,0,61 8,0,14,,84396,21,,,0,46,,84402,5,,,0,20,,84368,21,,,0,76,,84397,21,0,61 8,0,34,,84369,21,,,0
100,'S2-4_2',711,,84417,21,0,61 8,0,14,,84414,21,0,61 8,0,16,,84418,21,0,61 8,0,15,,84405,21,,,0,55,,84424,21,0,61 8,0,20,,84415,21,0,9 10,0,10,,84419,21,0,61 8,0,66,,84406,21,0,61 8,0,38,,84420,21,0,61 8,0,78,,84407,21,0,61 8,0,80,,84421,21,0,61 8,0,38,,84408,21,0,61 8,0,59,,84425,21,,,0,25,,84426,21,,,0,30,,84409,21,0,61 8,0,65,,84422,21,0,61 8,0,25,,84410,21,0,61 8,0,75,,84423,21,0,61 8,0,80,,84411,21,0,61 8,0,24,,84427,21,,,0,76,,84434,5,0,9 10,0,20,,84428,21,,,0,33,,84429,21,,,0,50,,84412,21,0,61 8,0,11,,84435,5,0,9 10,0,2,,84436,5,,,0,7,,84430,21,,,0,22,,84413,21,0,61 8,0,14,,84431,21,,,0,46,,84437,5,,,0,20,,84403,21,,,0,76,,84432,21,0,61 8,0,34,,84404,21,,,0
100,'S2-4_4',711,,84452,21,0,61 8,0,14,,84449,21,0,61 8,0,16,,84453,21,0,61 8,0,15,,84440,21,,,0,55,,84459,21,0,61 8,0,20,,84450,21,0,9 10,0,10,,84454,21,0,61 8,0,66,,84441,21,0,61 8,0,38,,84455,21,0,61 8,0,78,,84442,21,0,61 8,0,80,,84456,21,0,61 8,0,38,,84443,21,0,61 8,0,59,,84460,21,,,0,25,,84461,21,,,0,30,,84444,21,0,61 8,0,65,,84457,21,0,61 8,0,25,,84445,21,0,61 8,0,75,,84458,21,0,61 8,0,80,,84446,21,0,61 8,0,24,,84462,21,,,0,76,,84469,5,0,9 10,0,20,,84463,21,,,0,33,,84464,21,,,0,50,,84447,21,0,61 8,0,11,,84470,5,0,9 10,0,2,,84471,5,,,0,7,,84465,21,,,0,22,,84448,21,0,61 8,0,14,,84466,21,,,0,46,,84472,5,,,0,20,,84438,21,,,0,76,,84467,21,0,61 8,0,34,,84439,21,,,0
2000000,'S2-0_2',648,,91479,10,,,0,62,,91461,10,,,0,16,,91489,10,,,0,15,,91445,10,,,0,15,,91472,10,,,0,55,,91454,10,,,0,15,,91481,10,,,0,15,,91464,10,,,0,16,,91492,10,,,0,56,,91446,10,,,0,16,,91477,10,,,0,15,,91455,10,,,0,56,,91482,10,,,0,15,,91462,10,,,0,16,,91490,10,,,0,16,,91447,10,,,0,56,,91478,10,,,0,15,,91456,10,,,0,16,,91483,10,,,0,17,,91463,10,,,0,54,,91493,10,,,0,18,,91448,10,,,0,13,,91471,10,,,0,16,,91457,10,,,0,55,,91480,10,,,0,15,,91465,10,,,0,15,,91491,10,,,0,15,,91450,10,,,0,55,,91473,10,,,0,15,,91460,10,,,0,15,,91485,10,,,0,15,,91466,10,,,0,54,,91494,10,,,0,15,,91451,10,,,0,15,,91474,10,,,0,16,,91459,10,,,0,7,,91442,8,0,9 10,0,48,,91484,10,,,0,14,,91467,10,,,0,16,,91443,10,,,0,15,,91495,10,,,0,55,,91441,8,0,9 10,0,3,,91449,10,,,0,14,,91476,10,,,0,16,,91458,10,,,0,15,,91486,10,,,0,50,,91498,8,0,9 10,0,6,,91469,10,,,0,13,,91444,10,,,0,14,,91496,10,,,0,15,,91452,10,,,0,55,,91475,10,,,0,14,,91487,10,,,0,19,,91468,10,,,0,62,,91497,10,,,0,20,,91453,10,,,0,19,,91488,10,,,0,61,,91470,10,,,0
2000000,'S2-0_4',648,,91538,10,,,0,62,,91520,10,,,0,16,,91548,10,,,0,15,,91504,10,,,0,15,,91531,10,,,0,55,,91513,10,,,0,15,,91540,10,,,0,15,,91523,10,,,0,16,,91551,10,,,0,56,,91505,10,,,0,16,,91536,10,,,0,15,,91514,10,,,0,56,,91541,10,,,0,15,,91521,10,,,0,16,,91549,10,,,0,16,,91506,10,,,0,56,,91537,10,,,0,15,,91515,10,,,0,16,,91542,10,,,0,17,,91522,10,,,0,54,,91552,10,,,0,18,,91507,10,,,0,13,,91530,10,,,0,16,,91516,10,,,0,55,,91539,10,,,0,15,,91524,10,,,0,15,,91550,10,,,0,15,,91509,10,,,0,55,,91532,10,,,0,15,,91519,10,,,0,15,,91544,10,,,0,15,,91525,10,,,0,54,,91553,10,,,0,15,,91510,10,,,0,15,,91533,10,,,0,16,,91518,10,,,0,7,,91501,8,0,9 10,0,48,,91543,10,,,0,14,,91526,10,,,0,16,,91502,10,,,0,15,,91554,10,,,0,55,,91500,8,0,9 10,0,3,,91508,10,,,0,14,,91535,10,,,0,16,,91517,10,,,0,15,,91545,10,,,0,50,,91557,8,0,9 10,0,6,,91528,10,,,0,13,,91503,10,,,0,14,,91555,10,,,0,15,,91511,10,,,0,55,,91534,10,,,0,14,,91546,10,,,0,19,,91527,10,,,0,62,,91556,10,,,0,20,,91512,10,,,0,19,,91547,10,,,0,61,,91529,10,,,0
2000000,'S2-0_5',648,,91597,10,,,0,62,,91579,10,,,0,16,,91607,10,,,0,15,,91563,10,,,0,15,,91590,10,,,0,55,,91572,10,,,0,15,,91599,10,,,0,15,,91582,10,,,0,16,,91610,10,,,0,56,,91564,10,,,0,16,,91595,10,,,0,15,,91573,10,,,0,56,,91600,10,,,0,15,,91580,10,,,0,16,,91608,10,,,0,16,,91565,10,,,0,56,,91596,10,,,0,15,,91574,10,,,0,16,,91601,10,,,0,17,,91581,10,,,0,54,,91611,10,,,0,18,,91566,10,,,0,13,,91589,10,,,0,16,,91575,10,,,0,55,,91598,10,,,0,15,,91583,10,,,0,15,,91609,10,,,0,15,,91568,10,,,0,55,,91591,10,,,0,15,,91578,10,,,0,15,,91603,10,,,0,15,,91584,10,,,0,54,,91612,10,,,0,15,,91569,10,,,0,15,,91592,10,,,0,16,,91577,10,,,0,7,,91560,8,0,9 10,0,48,,91602,10,,,0,14,,91585,10,,,0,16,,91561,10,,,0,15,,91613,10,,,0,55,,91559,8,0,9 10,0,3,,91567,10,,,0,14,,91594,10,,,0,16,,91576,10,,,0,15,,91604,10,,,0,50,,91616,8,0,9 10,0,6,,91587,10,,,0,13,,91562,10,,,0,14,,91614,10,,,0,15,,91570,10,,,0,55,,91593,10,,,0,14,,91605,10,,,0,19,,91586,10,,,0,62,,91615,10,,,0,20,,91571,10,,,0,19,,91606,10,,,0,61,,91588,10,,,0
2000000,'S2-1_3',648,,91655,10,,,0,62,,91637,10,,,0,16,,91665,10,,,0,15,,91621,10,,,0,15,,91648,10,,,0,55,,91630,10,,,0,15,,91657,10,,,0,15,,91640,10,,,0,16,,91668,10,,,0,56,,91622,10,,,0,16,,91653,10,,,0,15,,91631,10,,,0,56,,91658,10,,,0,15,,91638,10,,,0,16,,91666,10,,,0,16,,91623,10,,,0,56,,91654,10,,,0,15,,91632,10,,,0,16,,91659,10,,,0,17,,91639,10,,,0,54,,91669,10,,,0,10,,91674,8,0,9 10,0,3,,91618,8,0,9 10,0,2,,91617,8,0,9 10,0,3,,91624,10,,,0,13,,91647,10,,,0,16,,91633,10,,,0,55,,91656,10,,,0,15,,91641,10,,,0,15,,91667,10,,,0,15,,91626,10,,,0,55,,91649,10,,,0,15,,91636,10,,,0,15,,91661,10,,,0,15,,91642,10,,,0,54,,91670,10,,,0,15,,91627,10,,,0,15,,91650,10,,,0,16,,91635,10,,,0,55,,91660,10,,,0,14,,91643,10,,,0,16,,91619,10,,,0,15,,91671,10,,,0,58,,91625,10,,,0,14,,91652,10,,,0,16,,91634,10,,,0,15,,91662,10,,,0,56,,91645,10,,,0,13,,91620,10,,,0,14,,91672,10,,,0,15,,91628,10,,,0,55,,91651,10,,,0,14,,91663,10,,,0,19,,91644,10,,,0,62,,91673,10,,,0,20,,91629,10,,,0,19,,91664,10,,,0,61,,91646,10,,,0
2000000,'S2-2_6',645,,91675,10,,,0,81,,91676,10,,,0,79,,91677,10,,,0,29,,91678,10,,,0,20,,91679,10,,,0,60,,91680,10,,,0,18,,91681,10,,,0,18,,91682,10,,,0,59,,91683,10,,,0,20,,91684,10,,,0,19,,91685,10,,,0,59,,91686,10,,,0,19,,91687,10,,,0,20,,91688,10,,,0,58,,91689,10,,,0,19,,91690,10,,,0,18,,91691,10,,,0,59,,91692,10,,,0,19,,91693,10,,,0,19,,91694,10,,,0,18,,91695,10,,,0,59,,91696,10,,,0,20,,91697,10,,,0,20,,91698,10,,,0,59,,91699,10,,,0,19,,91700,10,,,0,20,,91701,10,,,0,60,,91702,10,,,0,20,,91703,10,,,0,20,,91704,10,,,0,59,,91705,10,,,0,20,,91706,10,,,0,20,,91707,10,,,0,60,,91708,10,,,0,18,,91709,10,,,0,20,,91710,10,,,0,64,,91711,10,,,0,25,,91712,10,,,0,65,,91713,10,,,0,25,,91714,10,,,0,25,,91715,10,,,0
2000000,'S2-3_7',820,,91716,10,,,0,80,,91717,10,,,0,40,,91718,10,,,0,80,,91719,10,,,0,80,,91720,10,,,0,40,,91721,10,,,0,80,,91722,10,,,0,80,,91723,10,,,0,40,,91724,10,,,0,80,,91725,10,,,0,80,,91726,10,,,0,40,,91727,10,,,0,80,,91728,10,,,0,80,,91729,10,,,0,40,,91730,10,,,0,80,,91731,10,,,0,80,,91732,10,,,0,40,,91733,10,,,0
2000000,'S2-4_1',648,,91773,10,,,0,62,,91755,10,,,0,16,,91783,10,,,0,15,,91739,10,,,0,15,,91766,10,,,0,55,,91748,10,,,0,15,,91775,10,,,0,15,,91758,10,,,0,16,,91786,10,,,0,56,,91740,10,,,0,16,,91771,10,,,0,15,,91749,10,,,0,56,,91776,10,,,0,15,,91756,10,,,0,16,,91784,10,,,0,16,,91741,10,,,0,56,,91772,10,,,0,15,,91750,10,,,0,16,,91777,10,,,0,17,,91757,10,,,0,54,,91787,10,,,0,18,,91742,10,,,0,13,,91765,10,,,0,16,,91751,10,,,0,55,,91774,10,,,0,15,,91759,10,,,0,15,,91785,10,,,0,15,,91744,10,,,0,55,,91767,10,,,0,15,,91754,10,,,0,15,,91779,10,,,0,15,,91760,10,,,0,54,,91788,10,,,0,15,,91745,10,,,0,15,,91768,10,,,0,16,,91753,10,,,0,7,,91736,8,0,9 10,0,48,,91778,10,,,0,14,,91761,10,,,0,16,,91737,10,,,0,15,,91789,10,,,0,55,,91735,8,0,9 10,0,3,,91743,10,,,0,14,,91770,10,,,0,16,,91752,10,,,0,15,,91780,10,,,0,50,,91792,8,0,9 10,0,6,,91763,10,,,0,13,,91738,10,,,0,14,,91790,10,,,0,15,,91746,10,,,0,55,,91769,10,,,0,14,,91781,10,,,0,19,,91762,10,,,0,62,,91791,10,,,0,20,,91747,10,,,0,19,,91782,10,,,0,61,,91764,10,,,0
2000000,'S2-4_2',648,,91832,10,,,0,62,,91814,10,,,0,16,,91842,10,,,0,15,,91798,10,,,0,15,,91825,10,,,0,55,,91807,10,,,0,15,,91834,10,,,0,15,,91817,10,,,0,16,,91845,10,,,0,56,,91799,10,,,0,16,,91830,10,,,0,15,,91808,10,,,0,56,,91835,10,,,0,15,,91815,10,,,0,16,,91843,10,,,0,16,,91800,10,,,0,56,,91831,10,,,0,15,,91809,10,,,0,16,,91836,10,,,0,17,,91816,10,,,0,54,,91846,10,,,0,18,,91801,10,,,0,13,,91824,10,,,0,16,,91810,10,,,0,55,,91833,10,,,0,15,,91818,10,,,0,15,,91844,10,,,0,15,,91803,10,,,0,55,,91826,10,,,0,15,,91813,10,,,0,15,,91838,10,,,0,15,,91819,10,,,0,54,,91847,10,,,0,15,,91804,10,,,0,15,,91827,10,,,0,16,,91812,10,,,0,7,,91795,8,0,9 10,0,48,,91837,10,,,0,14,,91820,10,,,0,16,,91796,10,,,0,15,,91848,10,,,0,55,,91794,8,0,9 10,0,3,,91802,10,,,0,14,,91829,10,,,0,16,,91811,10,,,0,15,,91839,10,,,0,50,,91851,8,0,9 10,0,6,,91822,10,,,0,13,,91797,10,,,0,14,,91849,10,,,0,15,,91805,10,,,0,55,,91828,10,,,0,14,,91840,10,,,0,19,,91821,10,,,0,62,,91850,10,,,0,20,,91806,10,,,0,19,,91841,10,,,0,61,,91823,10,,,0
2000000,'S2-4_4',648,,91891,10,,,0,62,,91873,10,,,0,16,,91901,10,,,0,15,,91857,10,,,0,15,,91884,10,,,0,55,,91866,10,,,0,15,,91893,10,,,0,15,,91876,10,,,0,16,,91904,10,,,0,56,,91858,10,,,0,16,,91889,10,,,0,15,,91867,10,,,0,56,,91894,10,,,0,15,,91874,10,,,0,16,,91902,10,,,0,16,,91859,10,,,0,56,,91890,10,,,0,15,,91868,10,,,0,16,,91895,10,,,0,17,,91875,10,,,0,54,,91905,10,,,0,18,,91860,10,,,0,13,,91883,10,,,0,16,,91869,10,,,0,55,,91892,10,,,0,15,,91877,10,,,0,15,,91903,10,,,0,15,,91862,10,,,0,55,,91885,10,,,0,15,,91872,10,,,0,15,,91897,10,,,0,15,,91878,10,,,0,54,,91906,10,,,0,15,,91863,10,,,0,15,,91886,10,,,0,16,,91871,10,,,0,7,,91854,8,0,9 10,0,48,,91896,10,,,0,14,,91879,10,,,0,16,,91855,10,,,0,15,,91907,10,,,0,55,,91853,8,0,9 10,0,3,,91861,10,,,0,14,,91888,10,,,0,16,,91870,10,,,0,15,,91898,10,,,0,50,,91910,8,0,9 10,0,6,,91881,10,,,0,13,,91856,10,,,0,14,,91908,10,,,0,15,,91864,10,,,0,55,,91887,10,,,0,14,,91899,10,,,0,19,,91880,10,,,0,62,,91909,10,,,0,20,,91865,10,,,0,19,,91900,10,,,0,61,,91882,10,,,0
