200,'S2-0_2',639,,84769,1,0,38,0,61,,84770,1,0,38,0,33,,84744,1,0,35 37,0,82,,84738,1,0,9 10,0,96,,84758,1,0,9 10,0,99,,84739,1,0,35 37,0,142,,84749,1,0,34,0,179,,84753,1,0,34,0,125,,84767,1,0,38,0,187,,84755,1,0,34,0,78,,84763,1,0,35 37,0,30,,84756,1,0,34,0,77,,84747,1,0,38,0,26,,84757,1,0,34,0
200,'S2-0_4',639,,84808,1,0,38,0,61,,84809,1,0,38,0,33,,84783,1,0,35 37,0,82,,84777,1,0,9 10,0,96,,84797,1,0,9 10,0,99,,84778,1,0,35 37,0,142,,84788,1,0,34,0,179,,84792,1,0,34,0,125,,84806,1,0,38,0,187,,84794,1,0,34,0,78,,84802,1,0,35 37,0,30,,84795,1,0,34,0,77,,84786,1,0,38,0,26,,84796,1,0,34,0
200,'S2-0_5',639,,84847,1,0,38,0,61,,84848,1,0,38,0,33,,84822,1,0,35 37,0,82,,84816,1,0,9 10,0,96,,84836,1,0,9 10,0,99,,84817,1,0,35 37,0,142,,84827,1,0,34,0,179,,84831,1,0,34,0,125,,84845,1,0,38,0,187,,84833,1,0,34,0,78,,84841,1,0,35 37,0,30,,84834,1,0,34,0,77,,84825,1,0,38,0,26,,84835,1,0,34,0
200,'S2-1_3',639,,84886,1,0,38,0,61,,84887,1,0,38,0,33,,84861,1,0,35 37,0,82,,84855,1,0,9 10,0,96,,84875,1,0,9 10,0,99,,84856,1,0,35 37,0,142,,84866,1,0,34,0,179,,84870,1,0,34,0,125,,84884,1,0,38,0,187,,84872,1,0,34,0,78,,84880,1,0,35 37,0,30,,84873,1,0,34,0,77,,84864,1,0,38,0,26,,84874,1,0,34,0
200,'S2-2_6',632,,84893,1,0,34,0,108,,84894,1,0,34,0,85,,84917,1,0,38,0,127,,84896,1,0,34,0,151,,84897,1,0,34,0,203,,84899,1,0,34,0,102,,84900,1,0,34,0,105,,84901,1,0,34,0,103,,84902,1,0,34,0,101,,84903,1,0,34,0,113,,84914,1,0,35 37,0
200,'S2-4_1',639,,84968,1,0,38,0,61,,84969,1,0,38,0,33,,84943,1,0,35 37,0,82,,84937,1,0,9 10,0,96,,84957,1,0,9 10,0,99,,84938,1,0,35 37,0,142,,84948,1,0,34,0,179,,84952,1,0,34,0,125,,84966,1,0,38,0,187,,84954,1,0,34,0,78,,84962,1,0,35 37,0,30,,84955,1,0,34,0,77,,84946,1,0,38,0,26,,84956,1,0,34,0
200,'S2-4_2',639,,85007,1,0,38,0,61,,85008,1,0,38,0,33,,84982,1,0,35 37,0,82,,84976,1,0,9 10,0,96,,84996,1,0,9 10,0,99,,84977,1,0,35 37,0,142,,84987,1,0,34,0,179,,84991,1,0,34,0,125,,85005,1,0,38,0,187,,84993,1,0,34,0,78,,85001,1,0,35 37,0,30,,84994,1,0,34,0,77,,84985,1,0,38,0,26,,84995,1,0,34,0
200,'S2-4_4',639,,85046,1,0,38,0,61,,85047,1,0,38,0,33,,85021,1,0,35 37,0,82,,85015,1,0,9 10,0,96,,85035,1,0,9 10,0,99,,85016,1,0,35 37,0,142,,85026,1,0,34,0,179,,85030,1,0,34,0,125,,85044,1,0,38,0,187,,85032,1,0,34,0,78,,85040,1,0,35 37,0,30,,85033,1,0,34,0,77,,85024,1,0,38,0,26,,85034,1,0,34,0
2900200,'S2-0_2',651,,92369,1,,,0,99,,92370,1,,,0
2900200,'S2-0_4',651,,92371,1,,,0,99,,92372,1,,,0
2900200,'S2-0_5',651,,92373,1,,,0,99,,92374,1,,,0
2900200,'S2-1_3',651,,92375,1,,,0,99,,92376,1,,,0
2900200,'S2-4_1',651,,92377,1,,,0,99,,92378,1,,,0
2900200,'S2-4_2',651,,92379,1,,,0,99,,92380,1,,,0
2900200,'S2-4_4',651,,92381,1,,,0,99,,92382,1,,,0
