2401,'S2-0_2',720,,88717,4,0,18 19,0
2401,'S2-0_4',720,,88720,4,0,18 19,0
2401,'S2-0_5',720,,88723,4,0,18 19,0
2401,'S2-1_3',720,,88726,4,0,18 19,0
2401,'S2-4_1',720,,88727,4,0,18 19,0
2401,'S2-4_2',720,,88730,4,0,18 19,0
2401,'S2-4_4',720,,88733,4,0,18 19,0
900500,'S2-4_4',2125,,89664,12,,,0,90,,89665,12,,,0,90,,89666,12,,,0,50,,89667,12,,,0,88,,89668,12,,,0,83,,89669,12,,,0,30,,89670,12,,,0,70,,89671,12,,,0
1000000,'S2-0_2',557,,90064,25,0,31 33,0,60,,90065,25,0,31 33,0,21,,90146,25,0,31 33,0,20,,90147,25,,,0,55,,90149,25,,,0,12,,90145,25,,,0,10,,90098,25,,,0,6,,90143,11,,,0,3,,90099,25,,,0,10,,90100,25,,,0,50,,90101,25,,,0,10,,90102,25,,,0,11,,90103,25,,,0,10,,90104,25,,,0,10,,90105,25,,,0,9,,90148,25,,,0,48,,90066,25,0,31 33,0,9,,90067,25,,,0,10,,90068,25,0,31 33,0,10,,90069,25,,,0,11,,90070,25,0,31 33,0,10,,90106,25,,,0,51,,90071,25,0,31 33,0,11,,90072,25,,,0,11,,90073,25,0,31 33,0,11,,90074,25,,,0,11,,90075,25,0,31 33,0,10,,90076,25,,,0,51,,90078,25,0,31 33,0,10,,90077,25,,,0,11,,90108,25,0,31 33,0,12,,90107,25,,,0,11,,90109,25,0,31 33,0,52,,90110,25,,,0,10,,90111,25,0,31 33,0,10,,90112,25,,,0,10,,90113,25,0,31 33,0,11,,90114,25,,,0,10,,90115,25,0,31 33,0,50,,90116,25,,,0,10,,90117,25,0,31 33,0,10,,90118,25,,,0,9,,90119,25,0,31 33,0,10,,90120,25,,,0,10,,90079,25,0,31 33,0,51,,90080,25,,,0,10,,90121,25,0,31 33,0,10,,90081,25,,,0,9,,90082,25,0,31 33,0,11,,90083,25,,,0,10,,90122,25,0,31 33,0,51,,90084,25,,,0,10,,90085,25,0,31 33,0,10,,90086,25,,,0,10,,90087,25,0,31 33,0,11,,90123,25,,,0,12,,90124,25,,,0,50,,90125,25,,,0,10,,90126,25,,,0,10,,90127,25,,,0,10,,90128,25,,,0,10,,90129,25,,,0,52,,90130,25,,,0,11,,90131,25,,,0,10,,90132,25,,,0,11,,90133,25,,,0,10,,90134,25,,,0,9,,90135,25,,,0,48,,90136,25,,,0,9,,90137,25,,,0,8,,90138,25,,,0,9,,90139,25,0,31 33,0,9,,90140,25,,,0,8,,90144,25,0,31 33,0,9,,90088,25,0,31 33,0,49,,90141,25,,,0,10,,90089,25,0,31 33,0,10,,90142,25,,,0,9,,90090,25,0,31 33,0,19,,90091,25,0,31 33,0,60,,90092,25,0,31 33,0,18,,90093,25,0,31 33,0,19,,90094,25,0,31 33,0,60,,90095,25,0,31 33,0,20,,90096,25,0,31 33,0,20,,90097,25,0,31 33,0
1000000,'S2-0_4',557,,90150,25,0,31 33,0,60,,90151,25,0,31 33,0,21,,90232,25,0,31 33,0,20,,90233,25,,,0,55,,90235,25,,,0,12,,90231,25,,,0,10,,90184,25,,,0,6,,90229,11,,,0,3,,90185,25,,,0,10,,90186,25,,,0,50,,90187,25,,,0,10,,90188,25,,,0,11,,90189,25,,,0,10,,90190,25,,,0,10,,90191,25,,,0,9,,90234,25,,,0,48,,90152,25,0,31 33,0,9,,90153,25,,,0,10,,90154,25,0,31 33,0,10,,90155,25,,,0,11,,90156,25,0,31 33,0,10,,90192,25,,,0,51,,90157,25,0,31 33,0,11,,90158,25,,,0,11,,90159,25,0,31 33,0,11,,90160,25,,,0,11,,90161,25,0,31 33,0,10,,90162,25,,,0,51,,90164,25,0,31 33,0,10,,90163,25,,,0,11,,90194,25,0,31 33,0,12,,90193,25,,,0,11,,90195,25,0,31 33,0,52,,90196,25,,,0,10,,90197,25,0,31 33,0,10,,90198,25,,,0,10,,90199,25,0,31 33,0,11,,90200,25,,,0,10,,90201,25,0,31 33,0,50,,90202,25,,,0,10,,90203,25,0,31 33,0,10,,90204,25,,,0,9,,90205,25,0,31 33,0,10,,90206,25,,,0,10,,90165,25,0,31 33,0,51,,90166,25,,,0,10,,90207,25,0,31 33,0,10,,90167,25,,,0,9,,90168,25,0,31 33,0,11,,90169,25,,,0,10,,90208,25,0,31 33,0,51,,90170,25,,,0,10,,90171,25,0,31 33,0,10,,90172,25,,,0,10,,90173,25,0,31 33,0,11,,90209,25,,,0,12,,90210,25,,,0,50,,90211,25,,,0,10,,90212,25,,,0,10,,90213,25,,,0,10,,90214,25,,,0,10,,90215,25,,,0,52,,90216,25,,,0,11,,90217,25,,,0,10,,90218,25,,,0,11,,90219,25,,,0,10,,90220,25,,,0,9,,90221,25,,,0,48,,90222,25,,,0,9,,90223,25,,,0,8,,90224,25,,,0,9,,90225,25,0,31 33,0,9,,90226,25,,,0,8,,90230,25,0,31 33,0,9,,90174,25,0,31 33,0,49,,90227,25,,,0,10,,90175,25,0,31 33,0,10,,90228,25,,,0,9,,90176,25,0,31 33,0,19,,90177,25,0,31 33,0,60,,90178,25,0,31 33,0,18,,90179,25,0,31 33,0,19,,90180,25,0,31 33,0,60,,90181,25,0,31 33,0,20,,90182,25,0,31 33,0,20,,90183,25,0,31 33,0
1000000,'S2-0_5',557,,90236,25,0,31 33,0,60,,90237,25,0,31 33,0,21,,90318,25,0,31 33,0,20,,90319,25,,,0,55,,90321,25,,,0,12,,90317,25,,,0,10,,90270,25,,,0,6,,90315,11,,,0,3,,90271,25,,,0,10,,90272,25,,,0,50,,90273,25,,,0,10,,90274,25,,,0,11,,90275,25,,,0,10,,90276,25,,,0,10,,90277,25,,,0,9,,90320,25,,,0,48,,90238,25,0,31 33,0,9,,90239,25,,,0,10,,90240,25,0,31 33,0,10,,90241,25,,,0,11,,90242,25,0,31 33,0,10,,90278,25,,,0,51,,90243,25,0,31 33,0,11,,90244,25,,,0,11,,90245,25,0,31 33,0,11,,90246,25,,,0,11,,90247,25,0,31 33,0,10,,90248,25,,,0,51,,90250,25,0,31 33,0,10,,90249,25,,,0,11,,90280,25,0,31 33,0,12,,90279,25,,,0,11,,90281,25,0,31 33,0,52,,90282,25,,,0,10,,90283,25,0,31 33,0,10,,90284,25,,,0,10,,90285,25,0,31 33,0,11,,90286,25,,,0,10,,90287,25,0,31 33,0,50,,90288,25,,,0,10,,90289,25,0,31 33,0,10,,90290,25,,,0,9,,90291,25,0,31 33,0,10,,90292,25,,,0,10,,90251,25,0,31 33,0,51,,90252,25,,,0,10,,90293,25,0,31 33,0,10,,90253,25,,,0,9,,90254,25,0,31 33,0,11,,90255,25,,,0,10,,90294,25,0,31 33,0,51,,90256,25,,,0,10,,90257,25,0,31 33,0,10,,90258,25,,,0,10,,90259,25,0,31 33,0,11,,90295,25,,,0,12,,90296,25,,,0,50,,90297,25,,,0,10,,90298,25,,,0,10,,90299,25,,,0,10,,90300,25,,,0,10,,90301,25,,,0,52,,90302,25,,,0,11,,90303,25,,,0,10,,90304,25,,,0,11,,90305,25,,,0,10,,90306,25,,,0,9,,90307,25,,,0,48,,90308,25,,,0,9,,90309,25,,,0,8,,90310,25,,,0,9,,90311,25,0,31 33,0,9,,90312,25,,,0,8,,90316,25,0,31 33,0,9,,90260,25,0,31 33,0,49,,90313,25,,,0,10,,90261,25,0,31 33,0,10,,90314,25,,,0,9,,90262,25,0,31 33,0,19,,90263,25,0,31 33,0,60,,90264,25,0,31 33,0,18,,90265,25,0,31 33,0,19,,90266,25,0,31 33,0,60,,90267,25,0,31 33,0,20,,90268,25,0,31 33,0,20,,90269,25,0,31 33,0
1000000,'S2-1_3',557,,90322,25,0,31 33,0,60,,90323,25,0,31 33,0,21,,90404,25,0,31 33,0,20,,90405,25,,,0,55,,90407,25,,,0,12,,90403,25,,,0,10,,90356,25,,,0,6,,90401,11,,,0,3,,90357,25,,,0,10,,90358,25,,,0,50,,90359,25,,,0,10,,90360,25,,,0,11,,90361,25,,,0,10,,90362,25,,,0,10,,90363,25,,,0,9,,90406,25,,,0,48,,90324,25,0,31 33,0,9,,90325,25,,,0,10,,90326,25,0,31 33,0,10,,90327,25,,,0,11,,90328,25,0,31 33,0,10,,90364,25,,,0,51,,90329,25,0,31 33,0,11,,90330,25,,,0,11,,90331,25,0,31 33,0,11,,90332,25,,,0,11,,90333,25,0,31 33,0,10,,90334,25,,,0,51,,90336,25,0,31 33,0,10,,90335,25,,,0,11,,90366,25,0,31 33,0,12,,90365,25,,,0,11,,90367,25,0,31 33,0,52,,90368,25,,,0,10,,90369,25,0,31 33,0,10,,90370,25,,,0,10,,90371,25,0,31 33,0,11,,90372,25,,,0,10,,90373,25,0,31 33,0,50,,90374,25,,,0,10,,90375,25,0,31 33,0,10,,90376,25,,,0,9,,90377,25,0,31 33,0,10,,90378,25,,,0,10,,90337,25,0,31 33,0,51,,90338,25,,,0,10,,90379,25,0,31 33,0,10,,90339,25,,,0,9,,90340,25,0,31 33,0,11,,90341,25,,,0,10,,90380,25,0,31 33,0,51,,90342,25,,,0,10,,90343,25,0,31 33,0,10,,90344,25,,,0,10,,90345,25,0,31 33,0,11,,90381,25,,,0,12,,90382,25,,,0,50,,90383,25,,,0,10,,90384,25,,,0,10,,90385,25,,,0,10,,90386,25,,,0,10,,90387,25,,,0,52,,90388,25,,,0,11,,90389,25,,,0,10,,90390,25,,,0,11,,90391,25,,,0,10,,90392,25,,,0,9,,90393,25,,,0,48,,90394,25,,,0,9,,90395,25,,,0,8,,90396,25,,,0,9,,90397,25,0,31 33,0,9,,90398,25,,,0,8,,90402,25,0,31 33,0,9,,90346,25,0,31 33,0,49,,90399,25,,,0,10,,90347,25,0,31 33,0,10,,90400,25,,,0,9,,90348,25,0,31 33,0,19,,90349,25,0,31 33,0,60,,90350,25,0,31 33,0,18,,90351,25,0,31 33,0,19,,90352,25,0,31 33,0,60,,90353,25,0,31 33,0,20,,90354,25,0,31 33,0,20,,90355,25,0,31 33,0
1000000,'S2-2_6',552,,90408,25,0,31 33,0,80,,90409,25,0,31 33,0,82,,90410,25,,,0,43,,90411,25,,,0,71,,90412,25,0,31 33,0,15,,90413,25,,,0,16,,90414,25,0,31 33,0,55,,90415,25,0,31 33,0,14,,90416,25,,,0,15,,90417,25,0,31 33,0,16,,90475,25,0,31 33,0,55,,90418,25,,,0,17,,90419,25,0,31 33,0,16,,90420,25,0,31 33,0,54,,90421,25,,,0,17,,90422,25,0,31 33,0,15,,90423,25,0,31 33,0,16,,90424,25,,,0,55,,90425,25,0,31 33,0,15,,90426,25,0,31 33,0,16,,90427,25,,,0,13,,90428,25,0,31 33,0,54,,90429,25,0,31 33,0,15,,90430,25,,,0,14,,90431,25,0,31 33,0,10,,90432,25,0,31 33,0,12,,90433,25,,,0,52,,90434,25,0,31 33,0,10,,90435,25,0,31 33,0,9,,90436,25,0,31 33,0,9,,90437,25,,,0,10,,90438,25,0,31 33,0,11,,90439,25,0,31 33,0,51,,90440,25,0,31 33,0,10,,90441,25,,,0,12,,90442,25,0,31 33,0,9,,90443,25,0,31 33,0,9,,90444,25,0,31 33,0,11,,90445,25,,,0,51,,90446,25,0,31 33,0,10,,90447,25,0,31 33,0,10,,90448,25,0,31 33,0,11,,90449,25,,,0,11,,90450,25,0,31 33,0,9,,90451,25,0,31 33,0,51,,90452,25,0,31 33,0,12,,90453,25,,,0,13,,90454,25,0,31 33,0,9,,90455,25,0,31 33,0,8,,90456,25,0,31 33,0,50,,90457,25,,,0,8,,90458,25,0,31 33,0,9,,90459,25,0,31 33,0,9,,90460,25,0,31 33,0,7,,90462,25,0,31 33,0,10,,90461,25,,,0,9,,90463,25,0,31 33,0,48,,90464,25,0,31 33,0,9,,90466,25,0,31 33,0,10,,90465,25,0,31 33,0,11,,90467,25,0,31 33,0,21,,90468,25,0,31 33,0,56,,90469,25,0,31 33,0,20,,90470,25,0,31 33,0,19,,90471,25,0,31 33,0,59,,90472,25,0,31 33,0,19,,90473,25,0,31 33,0,19,,90474,25,0,31 33,0
1000000,'S2-3_7',826,,90476,25,0,31 33,0,80,,90477,25,0,31 33,0,40,,90478,25,0,31 33,0,80,,90479,25,0,31 33,0,80,,90480,25,0,31 33,0,40,,90481,25,0,31 33,0,80,,90482,25,0,31 33,0,80,,90483,25,0,31 33,0,40,,90484,25,0,31 33,0,80,,90485,25,0,31 33,0,80,,90486,25,0,31 33,0,40,,90487,25,0,31 33,0,80,,90488,25,0,31 33,0,80,,90489,25,0,31 33,0,40,,90490,25,0,31 33,0,80,,90491,25,0,31 33,0,80,,90492,25,0,31 33,0,40,,90493,25,0,31 33,0
1000000,'S2-4_1',557,,90494,25,0,31 33,0,60,,90495,25,0,31 33,0,21,,90576,25,0,31 33,0,20,,90577,25,,,0,55,,90579,25,,,0,12,,90575,25,,,0,10,,90528,25,,,0,6,,90573,11,,,0,3,,90529,25,,,0,10,,90530,25,,,0,50,,90531,25,,,0,10,,90532,25,,,0,11,,90533,25,,,0,10,,90534,25,,,0,10,,90535,25,,,0,9,,90578,25,,,0,48,,90496,25,0,31 33,0,9,,90497,25,,,0,10,,90498,25,0,31 33,0,10,,90499,25,,,0,11,,90500,25,0,31 33,0,10,,90536,25,,,0,51,,90501,25,0,31 33,0,11,,90502,25,,,0,11,,90503,25,0,31 33,0,11,,90504,25,,,0,11,,90505,25,0,31 33,0,10,,90506,25,,,0,51,,90508,25,0,31 33,0,10,,90507,25,,,0,11,,90538,25,0,31 33,0,12,,90537,25,,,0,11,,90539,25,0,31 33,0,52,,90540,25,,,0,10,,90541,25,0,31 33,0,10,,90542,25,,,0,10,,90543,25,0,31 33,0,11,,90544,25,,,0,10,,90545,25,0,31 33,0,50,,90546,25,,,0,10,,90547,25,0,31 33,0,10,,90548,25,,,0,9,,90549,25,0,31 33,0,10,,90550,25,,,0,10,,90509,25,0,31 33,0,51,,90510,25,,,0,10,,90551,25,0,31 33,0,10,,90511,25,,,0,9,,90512,25,0,31 33,0,11,,90513,25,,,0,10,,90552,25,0,31 33,0,51,,90514,25,,,0,10,,90515,25,0,31 33,0,10,,90516,25,,,0,10,,90517,25,0,31 33,0,11,,90553,25,,,0,12,,90554,25,,,0,50,,90555,25,,,0,10,,90556,25,,,0,10,,90557,25,,,0,10,,90558,25,,,0,10,,90559,25,,,0,52,,90560,25,,,0,11,,90561,25,,,0,10,,90562,25,,,0,11,,90563,25,,,0,10,,90564,25,,,0,9,,90565,25,,,0,48,,90566,25,,,0,9,,90567,25,,,0,8,,90568,25,,,0,9,,90569,25,0,31 33,0,9,,90570,25,,,0,8,,90574,25,0,31 33,0,9,,90518,25,0,31 33,0,49,,90571,25,,,0,10,,90519,25,0,31 33,0,10,,90572,25,,,0,9,,90520,25,0,31 33,0,19,,90521,25,0,31 33,0,60,,90522,25,0,31 33,0,18,,90523,25,0,31 33,0,19,,90524,25,0,31 33,0,60,,90525,25,0,31 33,0,20,,90526,25,0,31 33,0,20,,90527,25,0,31 33,0
1000000,'S2-4_2',557,,90580,25,0,31 33,0,60,,90581,25,0,31 33,0,21,,90662,25,0,31 33,0,20,,90663,25,,,0,55,,90665,25,,,0,12,,90661,25,,,0,10,,90614,25,,,0,6,,90659,11,,,0,3,,90615,25,,,0,10,,90616,25,,,0,50,,90617,25,,,0,10,,90618,25,,,0,11,,90619,25,,,0,10,,90620,25,,,0,10,,90621,25,,,0,9,,90664,25,,,0,48,,90582,25,0,31 33,0,9,,90583,25,,,0,10,,90584,25,0,31 33,0,10,,90585,25,,,0,11,,90586,25,0,31 33,0,10,,90622,25,,,0,51,,90587,25,0,31 33,0,11,,90588,25,,,0,11,,90589,25,0,31 33,0,11,,90590,25,,,0,11,,90591,25,0,31 33,0,10,,90592,25,,,0,51,,90594,25,0,31 33,0,10,,90593,25,,,0,11,,90624,25,0,31 33,0,12,,90623,25,,,0,11,,90625,25,0,31 33,0,52,,90626,25,,,0,10,,90627,25,0,31 33,0,10,,90628,25,,,0,10,,90629,25,0,31 33,0,11,,90630,25,,,0,10,,90631,25,0,31 33,0,50,,90632,25,,,0,10,,90633,25,0,31 33,0,10,,90634,25,,,0,9,,90635,25,0,31 33,0,10,,90636,25,,,0,10,,90595,25,0,31 33,0,51,,90596,25,,,0,10,,90637,25,0,31 33,0,10,,90597,25,,,0,9,,90598,25,0,31 33,0,11,,90599,25,,,0,10,,90638,25,0,31 33,0,51,,90600,25,,,0,10,,90601,25,0,31 33,0,10,,90602,25,,,0,10,,90603,25,0,31 33,0,11,,90639,25,,,0,12,,90640,25,,,0,50,,90641,25,,,0,10,,90642,25,,,0,10,,90643,25,,,0,10,,90644,25,,,0,10,,90645,25,,,0,52,,90646,25,,,0,11,,90647,25,,,0,10,,90648,25,,,0,11,,90649,25,,,0,10,,90650,25,,,0,9,,90651,25,,,0,48,,90652,25,,,0,9,,90653,25,,,0,8,,90654,25,,,0,9,,90655,25,0,31 33,0,9,,90656,25,,,0,8,,90660,25,0,31 33,0,9,,90604,25,0,31 33,0,49,,90657,25,,,0,10,,90605,25,0,31 33,0,10,,90658,25,,,0,9,,90606,25,0,31 33,0,19,,90607,25,0,31 33,0,60,,90608,25,0,31 33,0,18,,90609,25,0,31 33,0,19,,90610,25,0,31 33,0,60,,90611,25,0,31 33,0,20,,90612,25,0,31 33,0,20,,90613,25,0,31 33,0
1000000,'S2-4_4',557,,90666,25,0,31 33,0,60,,90667,25,0,31 33,0,21,,90748,25,0,31 33,0,20,,90749,25,,,0,55,,90751,25,,,0,12,,90747,25,,,0,10,,90700,25,,,0,6,,90745,11,,,0,3,,90701,25,,,0,10,,90702,25,,,0,50,,90703,25,,,0,10,,90704,25,,,0,11,,90705,25,,,0,10,,90706,25,,,0,10,,90707,25,,,0,9,,90750,25,,,0,48,,90668,25,0,31 33,0,9,,90669,25,,,0,10,,90670,25,0,31 33,0,10,,90671,25,,,0,11,,90672,25,0,31 33,0,10,,90708,25,,,0,51,,90673,25,0,31 33,0,11,,90674,25,,,0,11,,90675,25,0,31 33,0,11,,90676,25,,,0,11,,90677,25,0,31 33,0,10,,90678,25,,,0,51,,90680,25,0,31 33,0,10,,90679,25,,,0,11,,90710,25,0,31 33,0,12,,90709,25,,,0,11,,90711,25,0,31 33,0,52,,90712,25,,,0,10,,90713,25,0,31 33,0,10,,90714,25,,,0,10,,90715,25,0,31 33,0,11,,90716,25,,,0,10,,90717,25,0,31 33,0,50,,90718,25,,,0,10,,90719,25,0,31 33,0,10,,90720,25,,,0,9,,90721,25,0,31 33,0,10,,90722,25,,,0,10,,90681,25,0,31 33,0,51,,90682,25,,,0,10,,90723,25,0,31 33,0,10,,90683,25,,,0,9,,90684,25,0,31 33,0,11,,90685,25,,,0,10,,90724,25,0,31 33,0,51,,90686,25,,,0,10,,90687,25,0,31 33,0,10,,90688,25,,,0,10,,90689,25,0,31 33,0,11,,90725,25,,,0,12,,90726,25,,,0,50,,90727,25,,,0,10,,90728,25,,,0,10,,90729,25,,,0,10,,90730,25,,,0,10,,90731,25,,,0,52,,90732,25,,,0,11,,90733,25,,,0,10,,90734,25,,,0,11,,90735,25,,,0,10,,90736,25,,,0,9,,90737,25,,,0,48,,90738,25,,,0,9,,90739,25,,,0,8,,90740,25,,,0,9,,90741,25,0,31 33,0,9,,90742,25,,,0,8,,90746,25,0,31 33,0,9,,90690,25,0,31 33,0,49,,90743,25,,,0,10,,90691,25,0,31 33,0,10,,90744,25,,,0,9,,90692,25,0,31 33,0,19,,90693,25,0,31 33,0,60,,90694,25,0,31 33,0,18,,90695,25,0,31 33,0,19,,90696,25,0,31 33,0,60,,90697,25,0,31 33,0,20,,90698,25,0,31 33,0,20,,90699,25,0,31 33,0
3000001,'S2-0_2',639,,93012,5,,,0,18,,92971,5,,,0,59,,92972,5,,,0,19,,92973,5,,,0,23,,92974,5,,,0,61,,92975,5,,,0,20,,92976,5,,,0,61,,92977,5,,,0,20,,92978,5,,,0,19,,92979,5,,,0,20,,92980,5,,,0,60,,92981,5,,,0,19,,92982,5,,,0,20,,92983,5,,,0,59,,92984,5,,,0,21,,92985,5,,,0,18,,92986,5,,,0,62,,92987,5,,,0,21,,92988,5,,,0,20,,92989,5,,,0,59,,92990,5,,,0,19,,92991,5,,,0,21,,92992,5,,,0,60,,92993,5,,,0,20,,92994,5,,,0,20,,92995,5,,,0,62,,92996,5,,,0,19,,92997,5,,,0,19,,92998,5,,,0,52,,93013,2,0,11 12,0,8,,92999,5,,,0,12,,93014,2,0,11 12,0,10,,93000,5,,,0,10,,93015,2,0,11 12,0,9,,93001,5,,,0,51,,93016,2,0,11 12,0,10,,93002,5,,,0,10,,93017,2,0,11 12,0,12,,93003,5,,,0,8,,93018,2,0,11 12,0,9,,93004,5,,,0,51,,93019,2,0,11 12,0,8,,93005,5,,,0,22,,93006,5,,,0,60,,93007,5,,,0,23,,93008,5,,,0,26,,93009,5,,,0,69,,93010,5,,,0,33,,93011,5,,,0
3000001,'S2-0_4',639,,93061,5,,,0,18,,93020,5,,,0,59,,93021,5,,,0,19,,93022,5,,,0,23,,93023,5,,,0,61,,93024,5,,,0,20,,93025,5,,,0,61,,93026,5,,,0,20,,93027,5,,,0,19,,93028,5,,,0,20,,93029,5,,,0,60,,93030,5,,,0,19,,93031,5,,,0,20,,93032,5,,,0,59,,93033,5,,,0,21,,93034,5,,,0,18,,93035,5,,,0,62,,93036,5,,,0,21,,93037,5,,,0,20,,93038,5,,,0,59,,93039,5,,,0,19,,93040,5,,,0,21,,93041,5,,,0,60,,93042,5,,,0,20,,93043,5,,,0,20,,93044,5,,,0,62,,93045,5,,,0,19,,93046,5,,,0,19,,93047,5,,,0,52,,93062,2,0,11 12,0,8,,93048,5,,,0,12,,93063,2,0,11 12,0,10,,93049,5,,,0,10,,93064,2,0,11 12,0,9,,93050,5,,,0,51,,93065,2,0,11 12,0,10,,93051,5,,,0,10,,93066,2,0,11 12,0,12,,93052,5,,,0,8,,93067,2,0,11 12,0,9,,93053,5,,,0,51,,93068,2,0,11 12,0,8,,93054,5,,,0,22,,93055,5,,,0,60,,93056,5,,,0,23,,93057,5,,,0,26,,93058,5,,,0,69,,93059,5,,,0,33,,93060,5,,,0
3000001,'S2-0_5',639,,93110,5,,,0,18,,93069,5,,,0,59,,93070,5,,,0,19,,93071,5,,,0,23,,93072,5,,,0,61,,93073,5,,,0,20,,93074,5,,,0,61,,93075,5,,,0,20,,93076,5,,,0,19,,93077,5,,,0,20,,93078,5,,,0,60,,93079,5,,,0,19,,93080,5,,,0,20,,93081,5,,,0,59,,93082,5,,,0,21,,93083,5,,,0,18,,93084,5,,,0,62,,93085,5,,,0,21,,93086,5,,,0,20,,93087,5,,,0,59,,93088,5,,,0,19,,93089,5,,,0,21,,93090,5,,,0,60,,93091,5,,,0,20,,93092,5,,,0,20,,93093,5,,,0,62,,93094,5,,,0,19,,93095,5,,,0,19,,93096,5,,,0,52,,93111,2,0,11 12,0,8,,93097,5,,,0,12,,93112,2,0,11 12,0,10,,93098,5,,,0,10,,93113,2,0,11 12,0,9,,93099,5,,,0,51,,93114,2,0,11 12,0,10,,93100,5,,,0,10,,93115,2,0,11 12,0,12,,93101,5,,,0,8,,93116,2,0,11 12,0,9,,93102,5,,,0,51,,93117,2,0,11 12,0,8,,93103,5,,,0,22,,93104,5,,,0,60,,93105,5,,,0,23,,93106,5,,,0,26,,93107,5,,,0,69,,93108,5,,,0,33,,93109,5,,,0
3000001,'S2-1_3',639,,93159,5,,,0,18,,93118,5,,,0,59,,93119,5,,,0,19,,93120,5,,,0,23,,93121,5,,,0,61,,93122,5,,,0,20,,93123,5,,,0,61,,93124,5,,,0,20,,93125,5,,,0,19,,93126,5,,,0,20,,93127,5,,,0,60,,93128,5,,,0,19,,93129,5,,,0,20,,93130,5,,,0,59,,93131,5,,,0,21,,93132,5,,,0,18,,93133,5,,,0,62,,93134,5,,,0,21,,93135,5,,,0,20,,93136,5,,,0,59,,93137,5,,,0,19,,93138,5,,,0,21,,93139,5,,,0,60,,93140,5,,,0,20,,93141,5,,,0,20,,93142,5,,,0,62,,93143,5,,,0,19,,93144,5,,,0,19,,93145,5,,,0,52,,93160,2,0,11 12,0,8,,93146,5,,,0,12,,93161,2,0,11 12,0,10,,93147,5,,,0,10,,93162,2,0,11 12,0,9,,93148,5,,,0,51,,93163,2,0,11 12,0,10,,93149,5,,,0,10,,93164,2,0,11 12,0,12,,93150,5,,,0,8,,93165,2,0,11 12,0,9,,93151,5,,,0,51,,93166,2,0,11 12,0,8,,93152,5,,,0,22,,93153,5,,,0,60,,93154,5,,,0,23,,93155,5,,,0,26,,93156,5,,,0,69,,93157,5,,,0,33,,93158,5,,,0
3000001,'S2-2_6',632,,93167,5,,,0,80,,93168,5,,,0,44,,93169,5,,,0,77,,93170,5,,,0,20,,93171,5,,,0,60,,93172,5,,,0,20,,93173,5,,,0,20,,93174,5,,,0,60,,93175,5,,,0,20,,93176,5,,,0,20,,93177,5,,,0,60,,93178,5,,,0,20,,93179,5,,,0,20,,93180,5,,,0,59,,93181,5,,,0,20,,93182,5,,,0,20,,93183,5,,,0,60,,93184,5,,,0,20,,93185,5,,,0,20,,93186,5,,,0,60,,93187,5,,,0,20,,93188,5,,,0,21,,93189,5,,,0,60,,93190,5,,,0,20,,93191,5,,,0,20,,93192,5,,,0,60,,93193,5,,,0,20,,93194,5,,,0,20,,93195,5,,,0,60,,93196,5,,,0,20,,93197,5,,,0,19,,93198,5,,,0,60,,93199,5,,,0,20,,93200,5,,,0,20,,93201,5,,,0,71,,93203,5,,,0,29,,93204,5,,,0,70,,93202,5,,,0,30,,93205,5,,,0
3000001,'S2-3_7',840,,93206,5,,,0,170,,93214,5,,,0,130,,93213,5,,,0,170,,93212,5,,,0,130,,93209,5,,,0,170,,93210,5,,,0,130,,93211,5,,,0,170,,93208,5,,,0,130,,93207,5,,,0
3000001,'S2-4_1',639,,93256,5,,,0,18,,93215,5,,,0,59,,93216,5,,,0,19,,93217,5,,,0,23,,93218,5,,,0,61,,93219,5,,,0,20,,93220,5,,,0,61,,93221,5,,,0,20,,93222,5,,,0,19,,93223,5,,,0,20,,93224,5,,,0,60,,93225,5,,,0,19,,93226,5,,,0,20,,93227,5,,,0,59,,93228,5,,,0,21,,93229,5,,,0,18,,93230,5,,,0,62,,93231,5,,,0,21,,93232,5,,,0,20,,93233,5,,,0,59,,93234,5,,,0,19,,93235,5,,,0,21,,93236,5,,,0,60,,93237,5,,,0,20,,93238,5,,,0,20,,93239,5,,,0,62,,93240,5,,,0,19,,93241,5,,,0,19,,93242,5,,,0,52,,93257,2,0,11 12,0,8,,93243,5,,,0,12,,93258,2,0,11 12,0,10,,93244,5,,,0,10,,93259,2,0,11 12,0,9,,93245,5,,,0,51,,93260,2,0,11 12,0,10,,93246,5,,,0,10,,93261,2,0,11 12,0,12,,93247,5,,,0,8,,93262,2,0,11 12,0,9,,93248,5,,,0,51,,93263,2,0,11 12,0,8,,93249,5,,,0,22,,93250,5,,,0,60,,93251,5,,,0,23,,93252,5,,,0,26,,93253,5,,,0,69,,93254,5,,,0,33,,93255,5,,,0
3000001,'S2-4_2',639,,93305,5,,,0,18,,93264,5,,,0,59,,93265,5,,,0,19,,93266,5,,,0,23,,93267,5,,,0,61,,93268,5,,,0,20,,93269,5,,,0,61,,93270,5,,,0,20,,93271,5,,,0,19,,93272,5,,,0,20,,93273,5,,,0,60,,93274,5,,,0,19,,93275,5,,,0,20,,93276,5,,,0,59,,93277,5,,,0,21,,93278,5,,,0,18,,93279,5,,,0,62,,93280,5,,,0,21,,93281,5,,,0,20,,93282,5,,,0,59,,93283,5,,,0,19,,93284,5,,,0,21,,93285,5,,,0,60,,93286,5,,,0,20,,93287,5,,,0,20,,93288,5,,,0,62,,93289,5,,,0,19,,93290,5,,,0,19,,93291,5,,,0,52,,93306,2,0,11 12,0,8,,93292,5,,,0,12,,93307,2,0,11 12,0,10,,93293,5,,,0,10,,93308,2,0,11 12,0,9,,93294,5,,,0,51,,93309,2,0,11 12,0,10,,93295,5,,,0,10,,93310,2,0,11 12,0,12,,93296,5,,,0,8,,93311,2,0,11 12,0,9,,93297,5,,,0,51,,93312,2,0,11 12,0,8,,93298,5,,,0,22,,93299,5,,,0,60,,93300,5,,,0,23,,93301,5,,,0,26,,93302,5,,,0,69,,93303,5,,,0,33,,93304,5,,,0
3000001,'S2-4_4',639,,93354,5,,,0,18,,93313,5,,,0,59,,93314,5,,,0,19,,93315,5,,,0,23,,93316,5,,,0,61,,93317,5,,,0,20,,93318,5,,,0,61,,93319,5,,,0,20,,93320,5,,,0,19,,93321,5,,,0,20,,93322,5,,,0,60,,93323,5,,,0,19,,93324,5,,,0,20,,93325,5,,,0,59,,93326,5,,,0,21,,93327,5,,,0,18,,93328,5,,,0,62,,93329,5,,,0,21,,93330,5,,,0,20,,93331,5,,,0,59,,93332,5,,,0,19,,93333,5,,,0,21,,93334,5,,,0,60,,93335,5,,,0,20,,93336,5,,,0,20,,93337,5,,,0,62,,93338,5,,,0,19,,93339,5,,,0,19,,93340,5,,,0,52,,93355,2,0,11 12,0,8,,93341,5,,,0,12,,93356,2,0,11 12,0,10,,93342,5,,,0,10,,93357,2,0,11 12,0,9,,93343,5,,,0,51,,93358,2,0,11 12,0,10,,93344,5,,,0,10,,93359,2,0,11 12,0,12,,93345,5,,,0,8,,93360,2,0,11 12,0,9,,93346,5,,,0,51,,93361,2,0,11 12,0,8,,93347,5,,,0,22,,93348,5,,,0,60,,93349,5,,,0,23,,93350,5,,,0,26,,93351,5,,,0,69,,93352,5,,,0,33,,93353,5,,,0
