100,'0_4',705,,94098,6,0,61 8,0,31,,94089,6,,,0,75,,94099,6,0,9 10,0,38,,94090,6,0,61 8,0,156,,94091,6,0,61 8,0,117,,94092,6,0,61 8,0,116,,94093,6,0,61 8,0,89,,94094,6,0,61 8,0,114,,94095,6,0,61 8,0,99,,94100,6,0,61 8,0,102,,94096,6,0,61 8,0,85,,94097,6,0,61 8,0,82,,94087,6,,,0,111,,94088,6,,,0
100,'0_5',705,,94133,6,0,61 8,0,31,,94124,6,,,0,75,,94134,6,0,9 10,0,38,,94125,6,0,61 8,0,156,,94126,6,0,61 8,0,117,,94127,6,0,61 8,0,116,,94128,6,0,61 8,0,89,,94129,6,0,61 8,0,114,,94130,6,0,61 8,0,99,,94135,6,0,61 8,0,102,,94131,6,0,61 8,0,85,,94132,6,0,61 8,0,82,,94122,6,,,0,111,,94123,6,,,0
100,'1_3',705,,94168,6,0,61 8,0,31,,94159,6,,,0,75,,94169,6,0,9 10,0,38,,94160,6,0,61 8,0,156,,94161,6,0,61 8,0,117,,94162,6,0,61 8,0,116,,94163,6,0,61 8,0,89,,94164,6,0,61 8,0,114,,94165,6,0,61 8,0,99,,94170,6,0,61 8,0,102,,94166,6,0,61 8,0,85,,94167,6,0,61 8,0,82,,94157,6,,,0,111,,94158,6,,,0
100,'2_6',655,,94192,6,0,61 8,0,202,,94193,6,0,61 8,0,99,,94194,6,0,61 8,0,102,,94195,6,0,61 8,0,100,,94196,6,0,61 8,0,100,,94197,6,0,61 8,0,99,,94198,6,0,61 8,0,100,,94199,6,0,61 8,0,101,,94200,6,0,61 8,0,144,,94201,6,0,61 8,0,99,,94202,6,0,61 8,0,101,,94203,6,0,61 8,0
100,'3_7',1008,,94220,6,0,61 8,0,210,,94221,6,0,61 8,0,190,,94222,6,0,61 8,0,209,,94223,6,0,61 8,0,212,,94224,6,0,61 8,0
100,'4_1',705,,94236,6,0,61 8,0,31,,94227,6,,,0,75,,94237,6,0,9 10,0,38,,94228,6,0,61 8,0,156,,94229,6,0,61 8,0,117,,94230,6,0,61 8,0,116,,94231,6,0,61 8,0,89,,94232,6,0,61 8,0,114,,94233,6,0,61 8,0,99,,94238,6,0,61 8,0,102,,94234,6,0,61 8,0,85,,94235,6,0,61 8,0,82,,94225,6,,,0,111,,94226,6,,,0
100,'4_2',705,,94271,6,0,61 8,0,31,,94262,6,,,0,75,,94272,6,0,9 10,0,38,,94263,6,0,61 8,0,156,,94264,6,0,61 8,0,117,,94265,6,0,61 8,0,116,,94266,6,0,61 8,0,89,,94267,6,0,61 8,0,114,,94268,6,0,61 8,0,99,,94273,6,0,61 8,0,102,,94269,6,0,61 8,0,85,,94270,6,0,61 8,0,82,,94260,6,,,0,111,,94261,6,,,0
100,'4_4',705,,94306,6,0,61 8,0,31,,94297,6,,,0,75,,94307,6,0,9 10,0,38,,94298,6,0,61 8,0,156,,94299,6,0,61 8,0,117,,94300,6,0,61 8,0,116,,94301,6,0,61 8,0,89,,94302,6,0,61 8,0,114,,94303,6,0,61 8,0,99,,94308,6,0,61 8,0,102,,94304,6,0,61 8,0,85,,94305,6,0,61 8,0,82,,94295,6,,,0,111,,94296,6,,,0
100,'4_5',705,,94341,6,0,61 8,0,31,,94332,6,,,0,75,,94342,6,0,9 10,0,38,,94333,6,0,61 8,0,156,,94334,6,0,61 8,0,117,,94335,6,0,61 8,0,116,,94336,6,0,61 8,0,89,,94337,6,0,61 8,0,114,,94338,6,0,61 8,0,99,,94343,6,0,61 8,0,102,,94339,6,0,61 8,0,85,,94340,6,0,61 8,0,82,,94330,6,,,0,111,,94331,6,,,0
100,'5_7',1008,,94370,6,0,61 8,0,210,,94371,6,0,61 8,0,190,,94372,6,0,61 8,0,209,,94373,6,0,61 8,0,212,,94374,6,0,61 8,0
800,'0_4',700,,97030,11,,,0,33,,97031,11,,,0,67,,97032,11,,,0,31,,97033,11,,,0,80,,97034,11,,,0,110,,97035,11,,,0,117,,97036,11,,,0,111,,97037,11,,,0,110,,97038,11,,,0,152,,97040,11,,,0,110,,97039,11,,,0
800,'0_5',700,,97041,11,,,0,33,,97042,11,,,0,67,,97043,11,,,0,31,,97044,11,,,0,80,,97045,11,,,0,110,,97046,11,,,0,117,,97047,11,,,0,111,,97048,11,,,0,110,,97049,11,,,0,152,,97051,11,,,0,110,,97050,11,,,0
800,'1_3',700,,97052,11,,,0,33,,97053,11,,,0,67,,97054,11,,,0,31,,97055,11,,,0,80,,97056,11,,,0,110,,97057,11,,,0,117,,97058,11,,,0,111,,97059,11,,,0,110,,97060,11,,,0,152,,97062,11,,,0,110,,97061,11,,,0
800,'4_1',700,,97063,11,,,0,33,,97064,11,,,0,67,,97065,11,,,0,31,,97066,11,,,0,80,,97067,11,,,0,110,,97068,11,,,0,117,,97069,11,,,0,111,,97070,11,,,0,110,,97071,11,,,0,152,,97073,11,,,0,110,,97072,11,,,0
800,'4_2',700,,97074,11,,,0,33,,97075,11,,,0,67,,97076,11,,,0,31,,97077,11,,,0,80,,97078,11,,,0,110,,97079,11,,,0,117,,97080,11,,,0,111,,97081,11,,,0,110,,97082,11,,,0,152,,97084,11,,,0,110,,97083,11,,,0
800,'4_4',700,,97085,11,,,0,33,,97086,11,,,0,67,,97087,11,,,0,31,,97088,11,,,0,80,,97089,11,,,0,110,,97090,11,,,0,117,,97091,11,,,0,111,,97092,11,,,0,110,,97093,11,,,0,152,,97095,11,,,0,110,,97094,11,,,0
800,'4_5',700,,97096,11,,,0,33,,97097,11,,,0,67,,97098,11,,,0,31,,97099,11,,,0,80,,97100,11,,,0,110,,97101,11,,,0,117,,97102,11,,,0,111,,97103,11,,,0,110,,97104,11,,,0,152,,97106,11,,,0,110,,97105,11,,,0
2200,'0_4',703,,98522,7,0,11 15 16,0,20,,98528,7,0,17,0,102,,98523,7,0,11 15 16,0,513,,98525,7,0,42,0,305,,98526,7,0,42,0,63,,98524,7,0,11 15 16,0,37,,98527,7,0,42,0
2200,'0_5',703,,98529,7,0,11 15 16,0,20,,98535,7,0,17,0,102,,98530,7,0,11 15 16,0,513,,98532,7,0,42,0,305,,98533,7,0,42,0,63,,98531,7,0,11 15 16,0,37,,98534,7,0,42,0
2200,'1_3',703,,98536,7,0,11 15 16,0,20,,98540,7,0,17,0,102,,98537,7,0,11 15 16,0,513,,98539,7,0,42,0,368,,98538,7,0,11 15 16,0
2200,'4_1',703,,98541,7,0,11 15 16,0,20,,98547,7,0,17,0,102,,98542,7,0,11 15 16,0,513,,98544,7,0,42,0,305,,98545,7,0,42,0,63,,98543,7,0,11 15 16,0,37,,98546,7,0,42,0
2200,'4_2',703,,98548,7,0,11 15 16,0,20,,98554,7,0,17,0,102,,98549,7,0,11 15 16,0,513,,98551,7,0,42,0,305,,98552,7,0,42,0,63,,98550,7,0,11 15 16,0,37,,98553,7,0,42,0
2200,'4_4',703,,98555,7,0,11 15 16,0,20,,98561,7,0,17,0,102,,98556,7,0,11 15 16,0,513,,98558,7,0,42,0,305,,98559,7,0,42,0,63,,98557,7,0,11 15 16,0,37,,98560,7,0,42,0
2200,'4_5',703,,98562,7,0,11 15 16,0,20,,98568,7,0,17,0,102,,98563,7,0,11 15 16,0,513,,98565,7,0,42,0,305,,98566,7,0,42,0,63,,98564,7,0,11 15 16,0,37,,98567,7,0,42,0
