401,'0_4',729,,96116,43,0,41,0,11,,96100,38,0,41,0,14,,96117,40,0,41,0,55,,96101,38,0,41,0,15,,96124,40,,,0,25,,96102,38,0,41,0,51,,96103,38,0,41,0,38,,96104,38,0,41,0,74,,96105,38,0,41,0,33,,96106,38,0,41,0,76,,96126,38,,,0,28,,96107,38,0,41,0,72,,96108,38,0,41,0,19,,96125,40,,,0,68,,96121,41,0,41,0,32,,96127,38,,,0,73,,96099,41,0,41,0,37,,96109,38,0,41,0,70,,96128,38,,,0,30,,96110,38,0,41,0,66,,96111,38,0,41,0,19,,96112,40,0,41,0,14,,96122,41,0,41,0,63,,96118,38,0,41,0,15,,96113,38,0,41,0,15,,96119,40,0,41,0,11,,96123,41,,,0,69,,96114,38,0,41,0,24,,96120,40,0,41,0,74,,96115,38,0,41,0,20,,96129,38,,,0
401,'0_5',729,,96148,43,0,41,0,11,,96132,38,0,41,0,14,,96149,40,0,41,0,55,,96133,38,0,41,0,15,,96156,40,,,0,25,,96134,38,0,41,0,51,,96135,38,0,41,0,38,,96136,38,0,41,0,74,,96137,38,0,41,0,33,,96138,38,0,41,0,76,,96158,38,,,0,28,,96139,38,0,41,0,72,,96140,38,0,41,0,19,,96157,40,,,0,68,,96153,41,0,41,0,32,,96159,38,,,0,73,,96131,41,0,41,0,37,,96141,38,0,41,0,70,,96160,38,,,0,30,,96142,38,0,41,0,66,,96143,38,0,41,0,19,,96144,40,0,41,0,14,,96154,41,0,41,0,63,,96150,38,0,41,0,15,,96145,38,0,41,0,15,,96151,40,0,41,0,11,,96155,41,,,0,69,,96146,38,0,41,0,24,,96152,40,0,41,0,74,,96147,38,0,41,0,20,,96161,38,,,0
401,'1_3',729,,96180,43,0,41,0,11,,96164,38,0,41,0,14,,96181,40,0,41,0,55,,96165,38,0,41,0,15,,96188,40,,,0,25,,96166,38,0,41,0,51,,96167,38,0,41,0,38,,96168,38,0,41,0,74,,96169,38,0,41,0,33,,96170,38,0,41,0,76,,96190,38,,,0,28,,96171,38,0,41,0,72,,96172,38,0,41,0,19,,96189,40,,,0,68,,96185,41,0,41,0,32,,96191,38,,,0,73,,96163,41,0,41,0,37,,96173,38,0,41,0,70,,96192,38,,,0,30,,96174,38,0,41,0,66,,96175,38,0,41,0,19,,96176,40,0,41,0,14,,96186,41,0,41,0,63,,96182,38,0,41,0,15,,96177,38,0,41,0,15,,96183,40,0,41,0,11,,96187,41,,,0,69,,96178,38,0,41,0,24,,96184,40,0,41,0,74,,96179,38,0,41,0,20,,96193,38,,,0
401,'2_6',725,,96195,38,,,0,117,,96202,38,0,41,0,73,,96196,38,,,0,28,,96203,38,0,41,0,72,,96204,38,0,41,0,29,,96205,38,0,41,0,72,,96197,38,,,0,28,,96206,38,0,41,0,73,,96207,38,0,41,0,29,,96208,38,0,41,0,70,,96198,38,,,0,29,,96209,38,0,41,0,70,,96210,38,0,41,0,31,,96211,38,0,41,0,71,,96199,38,,,0,28,,96212,38,0,41,0,73,,96213,38,0,41,0,33,,96214,38,0,41,0,71,,96200,38,,,0,32,,96215,38,0,41,0,71,,96216,38,0,41,0,31,,96217,38,0,41,0,69,,96218,38,0,41,0,30,,96201,38,,,0
401,'3_7',958,,96219,38,,,0,165,,96220,38,,,0,125,,96221,38,,,0,201,,96222,38,,,0,165,,96223,38,,,0,125,,96224,38,,,0,165,,96225,38,,,0
401,'4_1',729,,96243,43,0,41,0,11,,96227,38,0,41,0,14,,96244,40,0,41,0,55,,96228,38,0,41,0,15,,96251,40,,,0,25,,96229,38,0,41,0,51,,96230,38,0,41,0,38,,96231,38,0,41,0,74,,96232,38,0,41,0,33,,96233,38,0,41,0,76,,96253,38,,,0,28,,96234,38,0,41,0,72,,96235,38,0,41,0,19,,96252,40,,,0,68,,96248,41,0,41,0,32,,96254,38,,,0,73,,96226,41,0,41,0,37,,96236,38,0,41,0,70,,96255,38,,,0,30,,96237,38,0,41,0,66,,96238,38,0,41,0,19,,96239,40,0,41,0,14,,96249,41,0,41,0,63,,96245,38,0,41,0,15,,96240,38,0,41,0,15,,96246,40,0,41,0,11,,96250,41,,,0,69,,96241,38,0,41,0,24,,96247,40,0,41,0,74,,96242,38,0,41,0,20,,96256,38,,,0
401,'4_2',729,,96275,43,0,41,0,11,,96259,38,0,41,0,14,,96276,40,0,41,0,55,,96260,38,0,41,0,15,,96283,40,,,0,25,,96261,38,0,41,0,51,,96262,38,0,41,0,38,,96263,38,0,41,0,74,,96264,38,0,41,0,33,,96265,38,0,41,0,76,,96285,38,,,0,28,,96266,38,0,41,0,72,,96267,38,0,41,0,19,,96284,40,,,0,68,,96280,41,0,41,0,32,,96286,38,,,0,73,,96258,41,0,41,0,37,,96268,38,0,41,0,70,,96287,38,,,0,30,,96269,38,0,41,0,66,,96270,38,0,41,0,19,,96271,40,0,41,0,14,,96281,41,0,41,0,63,,96277,38,0,41,0,15,,96272,38,0,41,0,15,,96278,40,0,41,0,11,,96282,41,,,0,69,,96273,38,0,41,0,24,,96279,40,0,41,0,74,,96274,38,0,41,0,20,,96288,38,,,0
401,'4_4',729,,96307,43,0,41,0,11,,96291,38,0,41,0,14,,96308,40,0,41,0,55,,96292,38,0,41,0,15,,96315,40,,,0,25,,96293,38,0,41,0,51,,96294,38,0,41,0,38,,96295,38,0,41,0,74,,96296,38,0,41,0,33,,96297,38,0,41,0,76,,96317,38,,,0,28,,96298,38,0,41,0,72,,96299,38,0,41,0,19,,96316,40,,,0,68,,96312,41,0,41,0,32,,96318,38,,,0,73,,96290,41,0,41,0,37,,96300,38,0,41,0,70,,96319,38,,,0,30,,96301,38,0,41,0,66,,96302,38,0,41,0,19,,96303,40,0,41,0,14,,96313,41,0,41,0,63,,96309,38,0,41,0,15,,96304,38,0,41,0,15,,96310,40,0,41,0,11,,96314,41,,,0,69,,96305,38,0,41,0,24,,96311,40,0,41,0,74,,96306,38,0,41,0,20,,96320,38,,,0
401,'4_5',729,,96339,43,0,41,0,11,,96323,38,0,41,0,14,,96340,40,0,41,0,55,,96324,38,0,41,0,15,,96347,40,,,0,25,,96325,38,0,41,0,51,,96326,38,0,41,0,38,,96327,38,0,41,0,74,,96328,38,0,41,0,33,,96329,38,0,41,0,76,,96349,38,,,0,28,,96330,38,0,41,0,72,,96331,38,0,41,0,19,,96348,40,,,0,68,,96344,41,0,41,0,32,,96350,38,,,0,73,,96322,41,0,41,0,37,,96332,38,0,41,0,70,,96351,38,,,0,30,,96333,38,0,41,0,66,,96334,38,0,41,0,19,,96335,40,0,41,0,14,,96345,41,0,41,0,63,,96341,38,0,41,0,15,,96336,38,0,41,0,15,,96342,40,0,41,0,11,,96346,41,,,0,69,,96337,38,0,41,0,24,,96343,40,0,41,0,74,,96338,38,0,41,0,20,,96352,38,,,0
401,'5_7',958,,96354,38,,,0,165,,96355,38,,,0,125,,96356,38,,,0,201,,96357,38,,,0,165,,96358,38,,,0,125,,96359,38,,,0,165,,96360,38,,,0
