1600,'0_4',807,,97966,6,,,0,118,,97967,10,0,25,0,87,,97971,10,,,0,119,,97968,10,0,25,0,177,,97973,15,,,0,124,,97969,10,,,0,193,,97970,10,0,25,0,103,,97975,15,,,0,126,,97972,10,,,0
1600,'0_5',807,,97976,6,,,0,118,,97977,10,0,25,0,87,,97981,10,,,0,119,,97978,10,0,25,0,177,,97983,15,,,0,124,,97979,10,,,0,193,,97980,10,0,25,0,103,,97985,15,,,0,126,,97982,10,,,0
1600,'1_3',807,,97986,6,,,0,118,,97987,10,0,25,0,87,,97991,10,,,0,119,,97988,10,0,25,0,177,,97993,15,,,0,124,,97989,10,,,0,193,,97990,10,0,25,0,103,,97995,15,,,0,126,,97992,10,,,0
1600,'2_6',807,,97996,6,,,0,118,,97997,10,0,25,0,87,,98001,10,,,0,119,,97998,10,0,25,0,177,,98003,15,,,0,124,,97999,10,,,0,193,,98000,10,0,25,0,103,,98005,15,,,0,126,,98002,10,,,0
1600,'4_1',807,,98006,6,,,0,118,,98007,10,0,25,0,87,,98011,10,,,0,119,,98008,10,0,25,0,177,,98013,15,,,0,124,,98009,10,,,0,193,,98010,10,0,25,0,103,,98015,15,,,0,126,,98012,10,,,0
1600,'4_2',807,,98016,6,,,0,118,,98017,10,0,25,0,87,,98021,10,,,0,119,,98018,10,0,25,0,177,,98023,15,,,0,124,,98019,10,,,0,193,,98020,10,0,25,0,103,,98025,15,,,0,126,,98022,10,,,0
1600,'4_4',807,,98026,6,,,0,118,,98027,10,0,25,0,87,,98031,10,,,0,119,,98028,10,0,25,0,177,,98033,15,,,0,124,,98029,10,,,0,193,,98030,10,0,25,0,103,,98035,15,,,0,126,,98032,10,,,0
1600,'4_5',807,,98036,6,,,0,118,,98037,10,0,25,0,87,,98041,10,,,0,119,,98038,10,0,25,0,177,,98043,15,,,0,124,,98039,10,,,0,193,,98040,10,0,25,0,103,,98045,15,,,0,126,,98042,10,,,0
1900,'0_4',656,,98318,7,,,0,56,,98319,7,,,0,44,,98324,7,,,0,47,,98317,3,0,23 53,0,2,,98321,6,0,23 53,0,12,,98323,7,,,0,934,,98320,7,,,0,150,,98322,7,0,25,0
1900,'0_5',656,,98326,7,,,0,56,,98327,7,,,0,44,,98332,7,,,0,47,,98325,3,0,23 53,0,2,,98329,6,0,23 53,0,12,,98331,7,,,0,934,,98328,7,,,0,150,,98330,7,0,25,0
1900,'1_3',656,,98334,7,,,0,56,,98335,7,,,0,44,,98341,7,,,0,47,,98333,3,0,23 53,0,2,,98337,6,0,23 53,0,12,,98340,7,,,0,542,,98339,7,,,0,392,,98336,7,,,0,150,,98338,7,0,25,0
1900,'4_1',656,,98343,7,,,0,56,,98344,7,,,0,44,,98349,7,,,0,47,,98342,3,0,23 53,0,2,,98346,6,0,23 53,0,12,,98348,7,,,0,934,,98345,7,,,0,150,,98347,7,0,25,0
1900,'4_2',656,,98351,7,,,0,56,,98352,7,,,0,44,,98357,7,,,0,47,,98350,3,0,23 53,0,2,,98354,6,0,23 53,0,12,,98356,7,,,0,934,,98353,7,,,0,150,,98355,7,0,25,0
1900,'4_4',656,,98359,7,,,0,56,,98360,7,,,0,44,,98365,7,,,0,47,,98358,3,0,23 53,0,2,,98362,6,0,23 53,0,12,,98364,7,,,0,934,,98361,7,,,0,150,,98363,7,0,25,0
1900,'4_5',656,,98367,7,,,0,56,,98368,7,,,0,44,,98373,7,,,0,47,,98366,3,0,23 53,0,2,,98370,6,0,23 53,0,12,,98372,7,,,0,934,,98369,7,,,0,150,,98371,7,0,25,0
