601,'S2-0_2',632,,86748,22,,,0,108,,86761,22,,,0,95,,86749,22,,,0,102,,86750,22,,,0,99,,86751,22,,,0,100,,86752,22,,,0,106,,86765,22,,,0,59,,86753,22,,,0,42,,86754,22,,,0,103,,86755,22,,,0,95,,86756,22,,,0,82,,86762,22,,,0,78,,86757,23,,,0,41,,86763,22,,,0,66,,86758,23,,,0,27,,86764,23,,,0,65,,86759,22,,,0,55,,86760,22,,,0
601,'S2-0_4',632,,86766,22,,,0,108,,86779,22,,,0,95,,86767,22,,,0,102,,86768,22,,,0,99,,86769,22,,,0,100,,86770,22,,,0,106,,86783,22,,,0,59,,86771,22,,,0,42,,86772,22,,,0,103,,86773,22,,,0,95,,86774,22,,,0,82,,86780,22,,,0,78,,86775,23,,,0,41,,86781,22,,,0,66,,86776,23,,,0,27,,86782,23,,,0,65,,86777,22,,,0,55,,86778,22,,,0
601,'S2-0_5',632,,86784,22,,,0,108,,86797,22,,,0,95,,86785,22,,,0,102,,86786,22,,,0,99,,86787,22,,,0,100,,86788,22,,,0,106,,86801,22,,,0,59,,86789,22,,,0,42,,86790,22,,,0,103,,86791,22,,,0,95,,86792,22,,,0,82,,86798,22,,,0,78,,86793,23,,,0,41,,86799,22,,,0,66,,86794,23,,,0,27,,86800,23,,,0,65,,86795,22,,,0,55,,86796,22,,,0
601,'S2-1_3',632,,86802,22,,,0,108,,86816,22,,,0,95,,86803,22,,,0,102,,86804,22,,,0,99,,86805,22,,,0,100,,86806,22,,,0,106,,86807,23,,,0,59,,86808,22,,,0,42,,86809,22,,,0,103,,86810,22,,,0,95,,86811,22,,,0,82,,86817,22,,,0,78,,86812,23,,,0,41,,86818,22,,,0,66,,86813,23,,,0,27,,86819,23,,,0,65,,86814,22,,,0,55,,86815,22,,,0
601,'S2-2_6',800,,86820,22,,,0,51,,86822,22,,,0,96,,86823,22,,,0,92,,86824,22,,,0,88,,86825,22,,,0,88,,86826,22,,,0,88,,86827,22,,,0,49,,86828,22,,,0,90,,86829,22,,,0,89,,86830,22,,,0,100,,86831,22,,,0,92,,86832,22,,,0,93,,86833,22,,,0,85,,86834,22,,,0,49,,86821,22,,,0
601,'S2-4_1',632,,86835,22,,,0,108,,86848,22,,,0,95,,86836,22,,,0,102,,86837,22,,,0,99,,86838,22,,,0,100,,86839,22,,,0,106,,86852,22,,,0,59,,86840,22,,,0,42,,86841,22,,,0,103,,86842,22,,,0,95,,86843,22,,,0,82,,86849,22,,,0,78,,86844,23,,,0,41,,86850,22,,,0,66,,86845,23,,,0,27,,86851,23,,,0,65,,86846,22,,,0,55,,86847,22,,,0
601,'S2-4_2',632,,86853,22,,,0,108,,86866,22,,,0,95,,86854,22,,,0,102,,86855,22,,,0,99,,86856,22,,,0,100,,86857,22,,,0,106,,86870,22,,,0,59,,86858,22,,,0,42,,86859,22,,,0,103,,86860,22,,,0,95,,86861,22,,,0,82,,86867,22,,,0,78,,86862,23,,,0,41,,86868,22,,,0,66,,86863,23,,,0,27,,86869,23,,,0,65,,86864,22,,,0,55,,86865,22,,,0
601,'S2-4_4',632,,86871,22,,,0,108,,86884,22,,,0,95,,86872,22,,,0,102,,86873,22,,,0,99,,86874,22,,,0,100,,86875,22,,,0,106,,86888,22,,,0,59,,86876,22,,,0,42,,86877,22,,,0,103,,86878,22,,,0,95,,86879,22,,,0,82,,86885,22,,,0,78,,86880,23,,,0,41,,86886,22,,,0,66,,86881,23,,,0,27,,86887,23,,,0,65,,86882,22,,,0,55,,86883,22,,,0
2900601,'S2-0_2',1751,,92517,4,,,0,99,,92518,4,,,0
2900601,'S2-0_4',1751,,92519,4,,,0,99,,92520,4,,,0
2900601,'S2-0_5',1751,,92521,4,,,0,99,,92522,4,,,0
2900601,'S2-1_3',1751,,92523,4,,,0,99,,92524,4,,,0
2900601,'S2-4_1',1751,,92525,4,,,0,99,,92526,4,,,0
2900601,'S2-4_2',1751,,92527,4,,,0,99,,92528,4,,,0
2900601,'S2-4_4',1751,,92529,4,,,0,99,,92530,4,,,0
