101,'1_3',754,,94441,56,0,6,0,68,,94442,56,0,6,0,29,,94443,56,0,6,0,95,,94447,50,0,6,0,157,,94448,50,0,6,0,114,,94449,50,0,6,0,89,,94450,50,0,6,0,114,,94444,56,0,6,0,97,,94451,50,0,6,0,100,,94452,50,0,6,0,92,,94453,50,0,6,0,34,,94454,50,0,6,0,80,,94455,50,0,6,0,32,,94445,56,0,6,0,84,,94446,56,0,6,0
101,'2_6',1040,,94487,50,0,6,0,100,,94488,50,0,6,0,98,,94489,50,0,6,0,99,,94490,50,0,6,0,100,,94491,50,0,6,0,101,,94492,50,0,6,0,103,,94493,50,0,6,0,103,,94494,50,0,6,0,100,,94495,50,0,6,0,96,,94496,50,0,6,0
101,'3_7',950,,94497,50,0,6,0,250,,94498,50,0,6,0,210,,94499,50,0,6,0,190,,94500,50,0,6,0,210,,94501,50,0,6,0
101,'4_1',754,,94507,56,0,6,0,68,,94508,56,0,6,0,29,,94509,56,0,6,0,95,,94513,50,0,6,0,157,,94514,50,0,6,0,114,,94515,50,0,6,0,89,,94516,50,0,6,0,114,,94510,56,0,6,0,97,,94517,50,0,6,0,100,,94518,50,0,6,0,92,,94519,50,0,6,0,34,,94520,50,0,6,0,80,,94521,50,0,6,0,32,,94511,56,0,6,0,84,,94512,56,0,6,0
101,'4_2',754,,94540,56,0,6,0,68,,94541,56,0,6,0,29,,94542,56,0,6,0,95,,94546,50,0,6,0,157,,94547,50,0,6,0,114,,94548,50,0,6,0,89,,94549,50,0,6,0,114,,94543,56,0,6,0,97,,94550,50,0,6,0,100,,94551,50,0,6,0,92,,94552,50,0,6,0,34,,94553,50,0,6,0,80,,94554,50,0,6,0,32,,94544,56,0,6,0,84,,94545,56,0,6,0
101,'4_4',754,,94573,56,0,6,0,68,,94574,56,0,6,0,29,,94575,56,0,6,0,95,,94579,50,0,6,0,157,,94580,50,0,6,0,114,,94581,50,0,6,0,89,,94582,50,0,6,0,114,,94576,56,0,6,0,97,,94583,50,0,6,0,100,,94584,50,0,6,0,92,,94585,50,0,6,0,34,,94586,50,0,6,0,80,,94587,50,0,6,0,32,,94577,56,0,6,0,84,,94578,56,0,6,0
101,'4_5',754,,94606,56,0,6,0,68,,94607,56,0,6,0,29,,94608,56,0,6,0,95,,94612,50,0,6,0,157,,94613,50,0,6,0,114,,94614,50,0,6,0,89,,94615,50,0,6,0,114,,94609,56,0,6,0,97,,94616,50,0,6,0,100,,94617,50,0,6,0,92,,94618,50,0,6,0,34,,94619,50,0,6,0,80,,94620,50,0,6,0,32,,94610,56,0,6,0,84,,94611,56,0,6,0
101,'5_7',950,,94639,50,0,6,0,250,,94640,50,0,6,0,210,,94641,50,0,6,0,190,,94642,50,0,6,0,210,,94643,50,0,6,0
801,'1_3',848,,97141,17,,,0,108,,97142,17,,,0,150,,97143,17,,,0,119,,97135,17,,,0,111,,97144,17,,,0,112,,97145,17,,,0,152,,97146,17,,,0,36,,97136,17,,,0,76,,97137,17,,,0,30,,97138,17,,,0,76,,97139,17,,,0,33,,97140,17,,,0,71,,97147,17,,,0,34,,97148,17,,,0
801,'4_1',848,,97155,17,,,0,108,,97156,17,,,0,150,,97157,17,,,0,119,,97149,17,,,0,111,,97158,17,,,0,112,,97159,17,,,0,152,,97160,17,,,0,36,,97150,17,,,0,76,,97151,17,,,0,30,,97152,17,,,0,76,,97153,17,,,0,33,,97154,17,,,0,71,,97161,17,,,0,34,,97162,17,,,0
801,'4_2',848,,97169,17,,,0,108,,97170,17,,,0,150,,97171,17,,,0,119,,97163,17,,,0,111,,97172,17,,,0,112,,97173,17,,,0,152,,97174,17,,,0,36,,97164,17,,,0,76,,97165,17,,,0,30,,97166,17,,,0,76,,97167,17,,,0,33,,97168,17,,,0,71,,97175,17,,,0,34,,97176,17,,,0
801,'4_4',848,,97183,17,,,0,108,,97184,17,,,0,150,,97185,17,,,0,119,,97177,17,,,0,111,,97186,17,,,0,112,,97187,17,,,0,152,,97188,17,,,0,36,,97178,17,,,0,76,,97179,17,,,0,30,,97180,17,,,0,76,,97181,17,,,0,33,,97182,17,,,0,71,,97189,17,,,0,34,,97190,17,,,0
801,'4_5',848,,97197,17,,,0,108,,97198,17,,,0,150,,97199,17,,,0,119,,97191,17,,,0,111,,97200,17,,,0,112,,97201,17,,,0,152,,97202,17,,,0,36,,97192,17,,,0,76,,97193,17,,,0,30,,97194,17,,,0,76,,97195,17,,,0,33,,97196,17,,,0,71,,97203,17,,,0,34,,97204,17,,,0
