300,'0_6',659,,64083,16,,,0,69,,64084,16,,,0,28,,64085,16,,,0,70,,64086,16,,,0,75,,64087,16,,,0,32,,64088,16,,,0,75,,64089,16,,,0,34,,64090,16,,,0,72,,64091,16,,,0,33,,64082,16,,,0,73,,64081,16,,,0,33,,64080,16,,,0,72,,64079,16,,,0,32,,64057,16,,,0,68,,64058,16,,,0,29,,64059,16,,,0,68,,64060,16,,,0,28,,64061,16,,,0,68,,64062,16,,,0,31,,64063,16,,,0,68,,64064,16,,,0,27,,64065,16,,,0,68,,64066,16,,,0,29,,64067,16,,,0,67,,64068,16,,,0,26,,64069,16,,,0,66,,64070,16,,,0,24,,64071,16,,,0,24,,64093,16,,,0,66,,64092,16,,,0,24,,64072,4,,,0,70,,64073,4,,,0,30,,64074,4,,,0,70,,64075,4,,,0,30,,64076,4,,,0,70,,64077,4,,,0,30,,64078,4,,,0
300,'1_7',901,,64116,16,,,0,32,,64117,16,,,0,75,,64118,16,,,0,34,,64119,16,,,0,72,,64110,16,,,0,33,,64115,16,,,0,73,,64114,16,,,0,33,,64113,16,,,0,72,,64112,16,,,0,32,,64094,16,,,0,68,,64095,16,,,0,29,,64096,16,,,0,68,,64097,16,,,0,28,,64098,16,,,0,68,,64099,16,,,0,31,,64100,16,,,0,68,,64101,16,,,0,27,,64102,16,,,0,68,,64103,16,,,0,29,,64104,16,,,0,67,,64105,16,,,0,26,,64106,16,,,0,66,,64107,16,,,0,24,,64108,16,,,0,24,,64111,16,,,0,66,,64109,16,,,0
300,'5_1',659,,74113,16,,,0,69,,74114,16,,,0,28,,74115,16,,,0,70,,74116,16,,,0,75,,74117,16,,,0,32,,74118,16,,,0,75,,74119,16,,,0,34,,74120,16,,,0,72,,74121,16,,,0,33,,74112,16,,,0,73,,74111,16,,,0,33,,74110,16,,,0,72,,74109,16,,,0,32,,74094,16,,,0,68,,74095,16,,,0,29,,74096,16,,,0,68,,74097,16,,,0,28,,74098,16,,,0,68,,74099,16,,,0,31,,74100,16,,,0,68,,74101,16,,,0,27,,74102,16,,,0,68,,74103,16,,,0,29,,74104,16,,,0,67,,74105,16,,,0,26,,74106,16,,,0,66,,74107,16,,,0,24,,74108,16,,,0,24,,74123,16,,,0,66,,74122,16,,,0
300,'5_2',659,,75315,16,,,0,69,,75316,16,,,0,28,,75317,16,,,0,70,,75318,16,,,0,75,,75319,16,,,0,32,,75320,16,,,0,75,,75321,16,,,0,34,,75322,16,,,0,72,,75323,16,,,0,33,,75314,16,,,0,73,,75313,16,,,0,33,,75312,16,,,0,72,,75311,16,,,0,32,,75296,16,,,0,68,,75297,16,,,0,29,,75298,16,,,0,68,,75299,16,,,0,28,,75300,16,,,0,68,,75301,16,,,0,31,,75302,16,,,0,68,,75303,16,,,0,27,,75304,16,,,0,68,,75305,16,,,0,29,,75306,16,,,0,67,,75307,16,,,0,26,,75308,16,,,0,66,,75309,16,,,0,24,,75310,16,,,0,24,,75325,16,,,0,66,,75324,16,,,0
300,'5_3',659,,75345,16,,,0,69,,75346,16,,,0,28,,75347,16,,,0,70,,75348,16,,,0,75,,75349,16,,,0,32,,75350,16,,,0,75,,75351,16,,,0,34,,75352,16,,,0,72,,75353,16,,,0,33,,75344,16,,,0,73,,75343,16,,,0,33,,75342,16,,,0,72,,75341,16,,,0,32,,75326,16,,,0,68,,75327,16,,,0,29,,75328,16,,,0,68,,75329,16,,,0,28,,75330,16,,,0,68,,75331,16,,,0,31,,75332,16,,,0,68,,75333,16,,,0,27,,75334,16,,,0,68,,75335,16,,,0,29,,75336,16,,,0,67,,75337,16,,,0,26,,75338,16,,,0,66,,75339,16,,,0,24,,75340,16,,,0,24,,75355,16,,,0,66,,75354,16,,,0
300,'5_4',659,,75375,16,,,0,69,,75376,16,,,0,28,,75377,16,,,0,70,,75378,16,,,0,75,,75379,16,,,0,32,,75380,16,,,0,75,,75381,16,,,0,34,,75382,16,,,0,72,,75383,16,,,0,33,,75374,16,,,0,73,,75373,16,,,0,33,,75372,16,,,0,72,,75371,16,,,0,32,,75356,16,,,0,68,,75357,16,,,0,29,,75358,16,,,0,68,,75359,16,,,0,28,,75360,16,,,0,68,,75361,16,,,0,31,,75362,16,,,0,68,,75363,16,,,0,27,,75364,16,,,0,68,,75365,16,,,0,29,,75366,16,,,0,67,,75367,16,,,0,26,,75368,16,,,0,66,,75369,16,,,0,24,,75370,16,,,0,24,,75385,16,,,0,66,,75384,16,,,0
300,'5_5',659,,77960,16,,,0,69,,77961,16,,,0,28,,77962,16,,,0,70,,77963,16,,,0,75,,77964,16,,,0,32,,77965,16,,,0,75,,77966,16,,,0,34,,77967,16,,,0,72,,77968,16,,,0,33,,77959,16,,,0,73,,77958,16,,,0,33,,77957,16,,,0,72,,77956,16,,,0,32,,77934,16,,,0,68,,77935,16,,,0,29,,77936,16,,,0,68,,77937,16,,,0,28,,77938,16,,,0,68,,77939,16,,,0,31,,77940,16,,,0,68,,77941,16,,,0,27,,77942,16,,,0,68,,77943,16,,,0,29,,77944,16,,,0,67,,77945,16,,,0,26,,77946,16,,,0,66,,77947,16,,,0,24,,77948,16,,,0,24,,77970,16,,,0,66,,77969,16,,,0,24,,77949,4,,,0,70,,77950,4,,,0,30,,77951,4,,,0,70,,77952,4,,,0,30,,77953,4,,,0,70,,77954,4,,,0,30,,77955,4,,,0
300,'6_7',659,,78851,16,,,0,69,,78852,16,,,0,28,,78853,16,,,0,70,,78854,16,,,0,75,,78855,16,,,0,32,,78856,16,,,0,75,,78857,16,,,0,34,,78858,16,,,0,72,,78859,16,,,0,33,,78850,16,,,0,73,,78849,16,,,0,33,,78848,16,,,0,72,,78847,16,,,0,32,,78825,16,,,0,68,,78826,16,,,0,29,,78827,16,,,0,68,,78828,16,,,0,28,,78829,16,,,0,68,,78830,16,,,0,31,,78831,16,,,0,68,,78832,16,,,0,27,,78833,16,,,0,68,,78834,16,,,0,29,,78835,16,,,0,67,,78836,16,,,0,26,,78837,16,,,0,66,,78838,16,,,0,24,,78839,16,,,0,24,,78861,16,,,0,66,,78860,16,,,0,24,,78840,4,,,0,70,,78841,4,,,0,30,,78842,4,,,0,70,,78843,4,,,0,30,,78844,4,,,0,70,,78845,4,,,0,30,,78846,4,,,0
300,'7_4',659,,79252,16,,,0,69,,79253,16,,,0,28,,79254,16,,,0,70,,79255,16,,,0,75,,79256,16,,,0,32,,79257,16,,,0,75,,79258,16,,,0,34,,79259,16,,,0,72,,79260,16,,,0,33,,79251,16,,,0,73,,79250,16,,,0,33,,79249,16,,,0,72,,79248,16,,,0,32,,79233,16,,,0,68,,79234,16,,,0,29,,79235,16,,,0,68,,79236,16,,,0,28,,79237,16,,,0,68,,79238,16,,,0,31,,79239,16,,,0,68,,79240,16,,,0,27,,79241,16,,,0,68,,79242,16,,,0,29,,79243,16,,,0,67,,79244,16,,,0,26,,79245,16,,,0,66,,79246,16,,,0,24,,79247,16,,,0,24,,79262,16,,,0,66,,79261,16,,,0
2200,'0_6',1004,,67568,4,,,0,120,,67569,4,,,0,131,,67570,4,,,0,256,,67571,4,,,0,143,,67572,4,,,0,168,,67573,4,,,0,125,,67574,4,,,0
2200,'1_7',1335,,67575,4,,,0,120,,67576,4,,,0,160,,67577,4,,,0,120,,67578,4,,,0,120,,67579,4,,,0
2200,'5_1',1004,,74419,4,,,0,120,,74420,4,,,0,131,,74421,4,,,0,256,,74422,4,,,0,143,,74423,4,,,0,168,,74424,4,,,0,125,,74425,4,,,0
2200,'5_2',1004,,76271,4,,,0,120,,76272,4,,,0,131,,76273,4,,,0,256,,76274,4,,,0,143,,76275,4,,,0,168,,76276,4,,,0,125,,76277,4,,,0
2200,'5_3',1004,,76278,4,,,0,120,,76279,4,,,0,131,,76280,4,,,0,256,,76281,4,,,0,143,,76282,4,,,0,168,,76283,4,,,0,125,,76284,4,,,0
2200,'5_4',1004,,76285,4,,,0,120,,76286,4,,,0,131,,76287,4,,,0,256,,76288,4,,,0,143,,76289,4,,,0,168,,76290,4,,,0,125,,76291,4,,,0
2200,'5_5',1004,,78275,4,,,0,120,,78276,4,,,0,131,,78277,4,,,0,256,,78278,4,,,0,143,,78279,4,,,0,168,,78280,4,,,0,125,,78281,4,,,0
2200,'6_7',1335,,78972,4,,,0,120,,78973,4,,,0,160,,78974,4,,,0,120,,78975,4,,,0,120,,78976,4,,,0
2200,'7_4',1004,,79558,4,,,0,120,,79559,4,,,0,131,,79560,4,,,0,256,,79561,4,,,0,143,,79562,4,,,0,168,,79563,4,,,0,125,,79564,4,,,0
