400,'1_3',738,,95913,33,0,40,0,0,,95912,33,0,43,0,17,,95920,33,0,40,0,54,,95890,33,0,40,0,13,,95891,33,0,40,0,14,,95914,33,0,40,0,14,,95892,33,0,40,0,53,,95893,33,0,40,0,30,,95894,33,0,40,0,79,,95895,45,0,40,0,31,,95896,33,0,40,0,71,,95897,33,0,40,0,36,,95898,33,0,40,0,77,,95899,33,0,40,0,21,,95918,33,,,0,65,,95915,45,0,40,0,30,,95900,33,0,40,0,67,,95901,33,0,40,0,30,,95904,45,0,40,0,75,,95902,33,0,40,0,30,,95905,45,0,40,0,79,,95903,33,0,40,0,30,,95921,33,0,40,0,70,,95906,45,0,40,0,6,,95916,17,0,40,0,11,,95907,33,0,40,0,14,,95922,33,,,0,53,,95909,33,0,40,0,24,,95908,45,0,40,0,17,,95919,33,,,0,75,,95910,33,0,40,0,23,,95911,45,0,40,0
400,'2_6',733,,95929,33,0,40,0,105,,95930,33,0,40,0,73,,95923,45,0,40,0,27,,95931,33,0,40,0,72,,95932,33,0,40,0,30,,95933,33,0,40,0,71,,95924,45,0,40,0,31,,95934,33,0,40,0,69,,95936,33,0,40,0,30,,95935,33,0,40,0,69,,95925,45,0,40,0,31,,95937,33,0,40,0,70,,95938,33,0,40,0,29,,95939,33,0,40,0,73,,95926,45,0,40,0,32,,95940,33,0,40,0,70,,95941,33,0,40,0,30,,95942,33,0,40,0,73,,95927,45,0,40,0,33,,95943,33,0,40,0,70,,95944,33,0,40,0,31,,95945,33,0,40,0,69,,95928,45,0,40,0,31,,95946,33,0,40,0
400,'4_1',738,,95979,33,0,40,0,0,,95978,33,0,43,0,17,,95986,33,0,40,0,54,,95955,33,0,40,0,13,,95956,33,0,40,0,14,,95980,33,0,40,0,14,,95957,33,0,40,0,53,,95958,33,0,40,0,30,,95959,33,0,40,0,79,,95960,45,0,40,0,31,,95961,33,0,40,0,71,,95962,33,0,40,0,36,,95963,33,0,40,0,77,,95964,33,0,40,0,21,,95984,33,,,0,65,,95981,45,0,40,0,30,,95965,33,0,40,0,67,,95966,33,0,40,0,30,,95969,45,0,40,0,75,,95967,33,0,40,0,30,,95970,45,0,40,0,79,,95968,33,0,40,0,30,,95987,33,0,40,0,70,,95971,45,0,40,0,6,,95982,17,0,40,0,11,,95972,33,0,40,0,14,,95988,33,,,0,53,,95974,33,0,40,0,24,,95977,17,0,40,0,17,,95985,33,,,0,75,,95975,33,0,40,0,23,,95976,45,0,40,0
400,'4_2',738,,96013,33,0,40,0,0,,96012,33,0,43,0,17,,96020,33,0,40,0,54,,95989,33,0,40,0,13,,95990,33,0,40,0,14,,96014,33,0,40,0,14,,95991,33,0,40,0,53,,95992,33,0,40,0,30,,95993,33,0,40,0,79,,95994,45,0,40,0,31,,95995,33,0,40,0,71,,95996,33,0,40,0,36,,95997,33,0,40,0,77,,95998,33,0,40,0,21,,96018,33,,,0,65,,96015,45,0,40,0,30,,95999,33,0,40,0,67,,96000,33,0,40,0,30,,96003,45,0,40,0,75,,96001,33,0,40,0,30,,96004,45,0,40,0,79,,96002,33,0,40,0,30,,96021,33,0,40,0,70,,96005,45,0,40,0,6,,96016,17,0,40,0,11,,96006,33,0,40,0,14,,96022,33,,,0,53,,96008,33,0,40,0,24,,96011,17,0,40,0,17,,96019,33,,,0,75,,96009,33,0,40,0,23,,96010,45,0,40,0
400,'4_4',738,,96047,33,0,40,0,0,,96046,33,0,43,0,17,,96054,33,0,40,0,54,,96023,33,0,40,0,13,,96024,33,0,40,0,14,,96048,33,0,40,0,14,,96025,33,0,40,0,53,,96026,33,0,40,0,30,,96027,33,0,40,0,79,,96028,45,0,40,0,31,,96029,33,0,40,0,71,,96030,33,0,40,0,36,,96031,33,0,40,0,77,,96032,33,0,40,0,21,,96052,33,,,0,65,,96049,45,0,40,0,30,,96033,33,0,40,0,67,,96034,33,0,40,0,30,,96037,45,0,40,0,75,,96035,33,0,40,0,30,,96038,45,0,40,0,79,,96036,33,0,40,0,30,,96055,33,0,40,0,70,,96039,45,0,40,0,6,,96050,17,0,40,0,11,,96040,33,0,40,0,14,,96056,33,,,0,53,,96042,33,0,40,0,24,,96045,17,0,40,0,17,,96053,33,,,0,75,,96043,33,0,40,0,23,,96044,45,0,40,0
400,'4_5',738,,96081,33,0,40,0,0,,96080,33,0,43,0,17,,96088,33,0,40,0,54,,96057,33,0,40,0,13,,96058,33,0,40,0,14,,96082,33,0,40,0,14,,96059,33,0,40,0,53,,96060,33,0,40,0,30,,96061,33,0,40,0,79,,96062,45,0,40,0,31,,96063,33,0,40,0,71,,96064,33,0,40,0,36,,96065,33,0,40,0,77,,96066,33,0,40,0,21,,96086,33,,,0,65,,96083,45,0,40,0,30,,96067,33,0,40,0,67,,96068,33,0,40,0,30,,96071,45,0,40,0,75,,96069,33,0,40,0,30,,96072,45,0,40,0,79,,96070,33,0,40,0,30,,96089,33,0,40,0,70,,96073,45,0,40,0,6,,96084,17,0,40,0,11,,96074,33,0,40,0,14,,96090,33,,,0,53,,96076,33,0,40,0,24,,96079,17,0,40,0,17,,96087,33,,,0,75,,96077,33,0,40,0,23,,96078,45,0,40,0
400,'5_7',847,,96091,45,0,40,0,165,,96092,45,0,40,0,125,,96093,45,0,40,0,200,,96094,45,0,40,0,166,,96095,45,0,40,0,125,,96096,45,0,40,0,126,,96097,45,0,40,0,164,,96098,45,0,40,0
2300,'1_3',1220,,98623,14,,,0,3,,98622,14,,,0
2300,'4_1',1614,,98624,14,,,0,104,,98625,14,,,0,97,,98626,14,,,0
2300,'4_2',1614,,98627,14,,,0,104,,98628,14,,,0,97,,98629,14,,,0
2300,'4_4',1614,,98630,14,,,0,104,,98631,14,,,0,97,,98632,14,,,0
2300,'4_5',1614,,98633,14,,,0,104,,98634,14,,,0,97,,98635,14,,,0
