100,'0_6',736,,62779,42,0,61 8,0,109,,62791,42,0,61 8,0,95,,62780,42,0,61 8,0,70,,62792,42,0,61 8,0,30,,62781,42,0,61 8,0,72,,62793,42,0,61 8,0,30,,62782,42,0,61 8,0,69,,62794,42,0,61 8,0,30,,62783,42,0,61 8,0,68,,62795,42,0,61 8,0,31,,62784,42,0,61 8,0,70,,62796,42,0,61 8,0,30,,62785,42,0,61 8,0,71,,62797,42,0,61 8,0,29,,62786,42,0,61 8,0,72,,62798,42,0,61 8,0,32,,62787,42,0,61 8,0,72,,62799,42,0,61 8,0,31,,62788,42,0,61 8,0,68,,62800,42,0,61 8,0,28,,62789,42,0,61 8,0,71,,62801,42,0,61 8,0,28,,62790,42,0,61 8,0
100,'1_7',939,,62802,42,0,61 8,0,104,,62807,42,0,61 8,0,106,,62803,42,0,61 8,0,104,,62808,42,0,61 8,0,90,,62804,42,0,61 8,0,100,,62809,42,0,61 8,0,106,,62805,42,0,61 8,0,105,,62810,42,0,61 8,0,104,,62806,42,0,61 8,0,145,,62811,42,0,61 8,0
100,'5_1',736,,73973,42,0,61 8,0,69,,73974,42,,,0,35,,73976,42,0,61 8,0,65,,73977,42,0,61 8,0,30,,73975,42,0,61 8,0,69,,73978,42,0,61 8,0,35,,73979,42,0,61 8,0,70,,73982,42,0,61 8,0,31,,73980,42,0,61 8,0,72,,73981,42,0,61 8,0,31,,73984,42,,,0,70,,73983,42,0,61 8,0,31,,73985,42,,,0,70,,73986,42,0,61 8,0,30,,73988,42,0,61 8,0,70,,73987,42,0,61 8,0,30,,73992,42,0,61 8,0,71,,73991,42,0,61 8,0,32,,73993,42,,,0,75,,73989,42,0,61 8,0,28,,73994,42,,,0,70,,73990,42,0,61 8,0,28,,73995,42,,,0,70,,73996,42,0,61 8,0,29,,73997,42,,,0
100,'5_2',736,,74933,42,0,61 8,0,69,,74934,42,,,0,35,,74936,42,0,61 8,0,65,,74937,42,0,61 8,0,30,,74935,42,0,61 8,0,69,,74938,42,0,61 8,0,35,,74939,42,0,61 8,0,70,,74942,42,0,61 8,0,31,,74940,42,0,61 8,0,72,,74941,42,0,61 8,0,31,,74944,42,,,0,70,,74943,42,0,61 8,0,31,,74945,42,,,0,70,,74946,42,0,61 8,0,30,,74948,42,0,61 8,0,70,,74947,42,0,61 8,0,30,,74952,42,0,61 8,0,71,,74951,42,0,61 8,0,32,,74953,42,,,0,75,,74949,42,0,61 8,0,28,,74954,42,,,0,70,,74950,42,0,61 8,0,28,,74955,42,,,0,70,,74956,42,0,61 8,0,29,,74957,42,,,0
100,'5_3',736,,74958,42,0,61 8,0,69,,74959,42,,,0,35,,74961,42,0,61 8,0,65,,74962,42,0,61 8,0,30,,74960,42,0,61 8,0,69,,74963,42,0,61 8,0,35,,74964,42,0,61 8,0,70,,74967,42,0,61 8,0,31,,74965,42,0,61 8,0,72,,74966,42,0,61 8,0,31,,74969,42,,,0,70,,74968,42,0,61 8,0,31,,74970,42,,,0,70,,74971,42,0,61 8,0,30,,74973,42,0,61 8,0,70,,74972,42,0,61 8,0,30,,74977,42,0,61 8,0,71,,74976,42,0,61 8,0,32,,74978,42,,,0,75,,74974,42,0,61 8,0,28,,74979,42,,,0,70,,74975,42,0,61 8,0,28,,74980,42,,,0,70,,74981,42,0,61 8,0,29,,74982,42,,,0
100,'7_1',736,,80072,42,0,61 8,0,69,,80073,42,,,0,35,,80075,42,0,61 8,0,65,,80076,42,0,61 8,0,30,,80074,42,0,61 8,0,69,,80077,42,0,61 8,0,35,,80078,42,0,61 8,0,70,,80081,42,0,61 8,0,31,,80079,42,0,61 8,0,72,,80080,42,0,61 8,0,31,,80083,42,,,0,70,,80082,42,0,61 8,0,31,,80084,42,,,0,70,,80085,42,0,61 8,0,30,,80087,42,0,61 8,0,70,,80086,42,0,61 8,0,30,,80091,42,0,61 8,0,71,,80090,42,0,61 8,0,32,,80092,42,,,0,75,,80088,42,0,61 8,0,28,,80093,42,,,0,70,,80089,42,0,61 8,0,28,,80094,42,,,0,70,,80095,42,0,61 8,0,29,,80096,42,,,0
100,'7_2',736,,82008,42,0,61 8,0,69,,82009,42,,,0,35,,82011,42,0,61 8,0,65,,82012,42,0,61 8,0,30,,82010,42,0,61 8,0,69,,82013,42,0,61 8,0,35,,82014,42,0,61 8,0,70,,82017,42,0,61 8,0,31,,82015,42,0,61 8,0,72,,82016,42,0,61 8,0,31,,82019,42,,,0,70,,82018,42,0,61 8,0,31,,82020,42,,,0,70,,82021,42,0,61 8,0,30,,82023,42,0,61 8,0,70,,82022,42,0,61 8,0,30,,82027,42,0,61 8,0,71,,82026,42,0,61 8,0,32,,82028,42,,,0,75,,82024,42,0,61 8,0,28,,82029,42,,,0,70,,82025,42,0,61 8,0,28,,82030,42,,,0,70,,82031,42,0,61 8,0,29,,82032,42,,,0
100,'7_3',736,,82033,42,0,61 8,0,69,,82034,42,,,0,35,,82036,42,0,61 8,0,65,,82037,42,0,61 8,0,30,,82035,42,0,61 8,0,69,,82038,42,0,61 8,0,35,,82039,42,0,61 8,0,70,,82042,42,0,61 8,0,31,,82040,42,0,61 8,0,72,,82041,42,0,61 8,0,31,,82044,42,,,0,70,,82043,42,0,61 8,0,31,,82045,42,,,0,70,,82046,42,0,61 8,0,30,,82048,42,0,61 8,0,70,,82047,42,0,61 8,0,30,,82052,42,0,61 8,0,71,,82051,42,0,61 8,0,32,,82053,42,,,0,75,,82049,42,0,61 8,0,28,,82054,42,,,0,70,,82050,42,0,61 8,0,28,,82055,42,,,0,70,,82056,42,0,61 8,0,29,,82057,42,,,0
100,'7_4',736,,79112,42,0,61 8,0,69,,79113,42,,,0,35,,79115,42,0,61 8,0,65,,79116,42,0,61 8,0,30,,79114,42,0,61 8,0,69,,79117,42,0,61 8,0,35,,79118,42,0,61 8,0,70,,79121,42,0,61 8,0,31,,79119,42,0,61 8,0,72,,79120,42,0,61 8,0,31,,79123,42,,,0,70,,79122,42,0,61 8,0,31,,79124,42,,,0,70,,79125,42,0,61 8,0,30,,79127,42,0,61 8,0,70,,79126,42,0,61 8,0,30,,79131,42,0,61 8,0,71,,79130,42,0,61 8,0,32,,79132,42,,,0,75,,79128,42,0,61 8,0,28,,79133,42,,,0,70,,79129,42,0,61 8,0,28,,79134,42,,,0,70,,79135,42,0,61 8,0,29,,79136,42,,,0
100,'7_5',736,,80097,42,0,61 8,0,69,,80098,42,,,0,35,,80100,42,0,61 8,0,65,,80101,42,0,61 8,0,30,,80099,42,0,61 8,0,69,,80102,42,0,61 8,0,35,,80103,42,0,61 8,0,70,,80106,42,0,61 8,0,31,,80104,42,0,61 8,0,72,,80105,42,0,61 8,0,31,,80108,42,,,0,70,,80107,42,0,61 8,0,31,,80109,42,,,0,70,,80110,42,0,61 8,0,30,,80112,42,0,61 8,0,70,,80111,42,0,61 8,0,30,,80116,42,0,61 8,0,71,,80115,42,0,61 8,0,32,,80117,42,,,0,75,,80113,42,0,61 8,0,28,,80118,42,,,0,70,,80114,42,0,61 8,0,28,,80119,42,,,0,70,,80120,42,0,61 8,0,29,,80121,42,,,0
