2901001,'0_6',1142,,71124,8,,,0,82,,71117,8,,,0,88,,71120,8,,,0,96,,71121,8,,,0,95,,71118,8,,,0,32,,71122,8,,,0,78,,71123,8,,,0,96,,71119,8,,,0,198,,71125,8,,,0
2901001,'3_1',1043,,71151,8,,,0,261,,71152,8,,,0,54,,71153,8,,,0,247,,71154,8,,,0,139,,71155,8,,,0
2901001,'3_2',1043,,73791,8,,,0,261,,73792,8,,,0,54,,73793,8,,,0,247,,73794,8,,,0,139,,73795,8,,,0
2901001,'3_3',1043,,71156,8,,,0,261,,71157,8,,,0,54,,71158,8,,,0,247,,71159,8,,,0,139,,71160,8,,,0
2901001,'3_4',1043,,71161,8,,,0,261,,71162,8,,,0,54,,71163,8,,,0,247,,71164,8,,,0,139,,71165,8,,,0
2901001,'3_5',1043,,71166,8,,,0,261,,71167,8,,,0,54,,71168,8,,,0,247,,71169,8,,,0,139,,71170,8,,,0
2901001,'5_1',1043,,74751,8,,,0,261,,74752,8,,,0,54,,74753,8,,,0,247,,74754,8,,,0,139,,74755,8,,,0
2901001,'5_2',1043,,77267,8,,,0,261,,77268,8,,,0,54,,77269,8,,,0,247,,77270,8,,,0,139,,77271,8,,,0
2901001,'5_3',1043,,77272,8,,,0,261,,77273,8,,,0,54,,77274,8,,,0,247,,77275,8,,,0,139,,77276,8,,,0
2901001,'5_4',1043,,77277,8,,,0,261,,77278,8,,,0,54,,77279,8,,,0,247,,77280,8,,,0,139,,77281,8,,,0
