2000001,'0_6',658,,70573,21,,,0,81,,70574,21,,,0,80,,70575,21,,,0,32,,70613,21,,,0,61,,70577,21,,,0,20,,70576,21,,,0,21,,70578,21,,,0,60,,70579,21,,,0,19,,70581,21,,,0,18,,70580,21,,,0,60,,70586,21,,,0,19,,70584,21,,,0,18,,70588,21,,,0,59,,70582,21,,,0,19,,70587,21,,,0,20,,70583,21,,,0,57,,70585,21,,,0,18,,70594,21,,,0,18,,70591,21,,,0,20,,70592,21,,,0,61,,70593,21,,,0,18,,70590,21,,,0,17,,70589,21,,,0,59,,70595,21,,,0,22,,70596,21,,,0,20,,70598,21,,,0,59,,70597,21,,,0,20,,70599,21,,,0,20,,70600,21,,,0,61,,70601,21,,,0,20,,70603,21,,,0,19,,70602,21,,,0,58,,70604,21,,,0,19,,70605,21,,,0,19,,70606,21,,,0,58,,70607,21,,,0,17,,70608,21,,,0,18,,70609,21,,,0,62,,70610,21,,,0,24,,70611,21,,,0,22,,70612,21,,,0
2000001,'1_7',831,,70631,21,,,0,80,,70614,21,,,0,40,,70615,21,,,0,80,,70616,21,,,0,80,,70617,21,,,0,40,,70618,21,,,0,80,,70619,21,,,0,79,,70620,21,,,0,40,,70622,21,,,0,80,,70621,21,,,0,80,,70623,21,,,0,40,,70624,21,,,0,80,,70625,21,,,0,80,,70626,21,,,0,40,,70628,21,,,0,80,,70627,21,,,0,80,,70629,21,,,0,40,,70630,21,,,0
2000001,'3_1',700,,70847,21,,,0,28,,70848,21,,,0,20,,70888,21,,,0,60,,70849,21,,,0,21,,70889,21,,,0,21,,70851,21,,,0,62,,70850,21,,,0,21,,70852,21,,,0,22,,70853,21,,,0,60,,70855,21,,,0,19,,70854,21,,,0,18,,70860,21,,,0,58,,70858,21,,,0,18,,70862,21,,,0,19,,70856,21,,,0,59,,70861,21,,,0,19,,70857,21,,,0,19,,70859,21,,,0,58,,70868,21,,,0,18,,70865,21,,,0,19,,70866,21,,,0,20,,70867,21,,,0,60,,70864,21,,,0,18,,70863,21,,,0,18,,70869,21,,,0,59,,70870,21,,,0,22,,70872,21,,,0,20,,70871,21,,,0,59,,70873,21,,,0,20,,70874,21,,,0,19,,70875,21,,,0,61,,70877,21,,,0,20,,70876,21,,,0,20,,70878,21,,,0,60,,70879,21,,,0,19,,70880,21,,,0,21,,70881,21,,,0,59,,70882,21,,,0,19,,70883,21,,,0,20,,70884,21,,,0,58,,70885,21,,,0,19,,70886,21,,,0,21,,70887,21,,,0
2000001,'3_2',700,,73741,21,,,0,28,,73742,21,,,0,20,,73782,21,,,0,60,,73743,21,,,0,21,,73783,21,,,0,21,,73745,21,,,0,62,,73744,21,,,0,21,,73746,21,,,0,22,,73747,21,,,0,60,,73749,21,,,0,19,,73748,21,,,0,18,,73754,21,,,0,58,,73752,21,,,0,18,,73756,21,,,0,19,,73750,21,,,0,59,,73755,21,,,0,19,,73751,21,,,0,19,,73753,21,,,0,58,,73762,21,,,0,18,,73759,21,,,0,19,,73760,21,,,0,20,,73761,21,,,0,60,,73758,21,,,0,18,,73757,21,,,0,18,,73763,21,,,0,59,,73764,21,,,0,22,,73766,21,,,0,20,,73765,21,,,0,59,,73767,21,,,0,20,,73768,21,,,0,19,,73769,21,,,0,61,,73771,21,,,0,20,,73770,21,,,0,20,,73772,21,,,0,60,,73773,21,,,0,19,,73774,21,,,0,21,,73775,21,,,0,59,,73776,21,,,0,19,,73777,21,,,0,20,,73778,21,,,0,58,,73779,21,,,0,19,,73780,21,,,0,21,,73781,21,,,0
2000001,'3_3',700,,70890,21,,,0,28,,70891,21,,,0,20,,70931,21,,,0,60,,70892,21,,,0,21,,70932,21,,,0,21,,70894,21,,,0,62,,70893,21,,,0,21,,70895,21,,,0,22,,70896,21,,,0,60,,70898,21,,,0,19,,70897,21,,,0,18,,70903,21,,,0,58,,70901,21,,,0,18,,70905,21,,,0,19,,70899,21,,,0,59,,70904,21,,,0,19,,70900,21,,,0,19,,70902,21,,,0,58,,70911,21,,,0,18,,70908,21,,,0,19,,70909,21,,,0,20,,70910,21,,,0,60,,70907,21,,,0,18,,70906,21,,,0,18,,70912,21,,,0,59,,70913,21,,,0,22,,70915,21,,,0,20,,70914,21,,,0,59,,70916,21,,,0,20,,70917,21,,,0,19,,70918,21,,,0,61,,70920,21,,,0,20,,70919,21,,,0,20,,70921,21,,,0,60,,70922,21,,,0,19,,70923,21,,,0,21,,70924,21,,,0,59,,70925,21,,,0,19,,70926,21,,,0,20,,70927,21,,,0,58,,70928,21,,,0,19,,70929,21,,,0,21,,70930,21,,,0
2000001,'3_4',700,,70933,21,,,0,28,,70934,21,,,0,20,,70974,21,,,0,60,,70935,21,,,0,21,,70975,21,,,0,21,,70937,21,,,0,62,,70936,21,,,0,21,,70938,21,,,0,22,,70939,21,,,0,60,,70941,21,,,0,19,,70940,21,,,0,18,,70946,21,,,0,58,,70944,21,,,0,18,,70948,21,,,0,19,,70942,21,,,0,59,,70947,21,,,0,19,,70943,21,,,0,19,,70945,21,,,0,58,,70954,21,,,0,18,,70951,21,,,0,19,,70952,21,,,0,20,,70953,21,,,0,60,,70950,21,,,0,18,,70949,21,,,0,18,,70955,21,,,0,59,,70956,21,,,0,22,,70958,21,,,0,20,,70957,21,,,0,59,,70959,21,,,0,20,,70960,21,,,0,19,,70961,21,,,0,61,,70963,21,,,0,20,,70962,21,,,0,20,,70964,21,,,0,60,,70965,21,,,0,19,,70966,21,,,0,21,,70967,21,,,0,59,,70968,21,,,0,19,,70969,21,,,0,20,,70970,21,,,0,58,,70971,21,,,0,19,,70972,21,,,0,21,,70973,21,,,0
2000001,'3_5',700,,70976,21,,,0,28,,70977,21,,,0,20,,71017,21,,,0,60,,70978,21,,,0,21,,71018,21,,,0,21,,70980,21,,,0,62,,70979,21,,,0,21,,70981,21,,,0,22,,70982,21,,,0,60,,70984,21,,,0,19,,70983,21,,,0,18,,70989,21,,,0,58,,70987,21,,,0,18,,70991,21,,,0,19,,70985,21,,,0,59,,70990,21,,,0,19,,70986,21,,,0,19,,70988,21,,,0,58,,70997,21,,,0,18,,70994,21,,,0,19,,70995,21,,,0,20,,70996,21,,,0,60,,70993,21,,,0,18,,70992,21,,,0,18,,70998,21,,,0,59,,70999,21,,,0,22,,71001,21,,,0,20,,71000,21,,,0,59,,71002,21,,,0,20,,71003,21,,,0,19,,71004,21,,,0,61,,71006,21,,,0,20,,71005,21,,,0,20,,71007,21,,,0,60,,71008,21,,,0,19,,71009,21,,,0,21,,71010,21,,,0,59,,71011,21,,,0,19,,71012,21,,,0,20,,71013,21,,,0,58,,71014,21,,,0,19,,71015,21,,,0,21,,71016,21,,,0
2000001,'5_1',700,,74701,21,,,0,28,,74702,21,,,0,20,,74742,21,,,0,60,,74703,21,,,0,21,,74743,21,,,0,21,,74705,21,,,0,62,,74704,21,,,0,21,,74706,21,,,0,22,,74707,21,,,0,60,,74709,21,,,0,19,,74708,21,,,0,18,,74714,21,,,0,58,,74712,21,,,0,18,,74716,21,,,0,19,,74710,21,,,0,59,,74715,21,,,0,19,,74711,21,,,0,19,,74713,21,,,0,58,,74722,21,,,0,18,,74719,21,,,0,19,,74720,21,,,0,20,,74721,21,,,0,60,,74718,21,,,0,18,,74717,21,,,0,18,,74723,21,,,0,59,,74724,21,,,0,22,,74726,21,,,0,20,,74725,21,,,0,59,,74727,21,,,0,20,,74728,21,,,0,19,,74729,21,,,0,61,,74731,21,,,0,20,,74730,21,,,0,20,,74732,21,,,0,60,,74733,21,,,0,19,,74734,21,,,0,21,,74735,21,,,0,59,,74736,21,,,0,19,,74737,21,,,0,20,,74738,21,,,0,58,,74739,21,,,0,19,,74740,21,,,0,21,,74741,21,,,0
2000001,'5_2',700,,77117,21,,,0,28,,77118,21,,,0,20,,77158,21,,,0,60,,77119,21,,,0,21,,77159,21,,,0,21,,77121,21,,,0,62,,77120,21,,,0,21,,77122,21,,,0,22,,77123,21,,,0,60,,77125,21,,,0,19,,77124,21,,,0,18,,77130,21,,,0,58,,77128,21,,,0,18,,77132,21,,,0,19,,77126,21,,,0,59,,77131,21,,,0,19,,77127,21,,,0,19,,77129,21,,,0,58,,77138,21,,,0,18,,77135,21,,,0,19,,77136,21,,,0,20,,77137,21,,,0,60,,77134,21,,,0,18,,77133,21,,,0,18,,77139,21,,,0,59,,77140,21,,,0,22,,77142,21,,,0,20,,77141,21,,,0,59,,77143,21,,,0,20,,77144,21,,,0,19,,77145,21,,,0,61,,77147,21,,,0,20,,77146,21,,,0,20,,77148,21,,,0,60,,77149,21,,,0,19,,77150,21,,,0,21,,77151,21,,,0,59,,77152,21,,,0,19,,77153,21,,,0,20,,77154,21,,,0,58,,77155,21,,,0,19,,77156,21,,,0,21,,77157,21,,,0
2000001,'5_3',700,,77160,21,,,0,28,,77161,21,,,0,20,,77201,21,,,0,60,,77162,21,,,0,21,,77202,21,,,0,21,,77164,21,,,0,62,,77163,21,,,0,21,,77165,21,,,0,22,,77166,21,,,0,60,,77168,21,,,0,19,,77167,21,,,0,18,,77173,21,,,0,58,,77171,21,,,0,18,,77175,21,,,0,19,,77169,21,,,0,59,,77174,21,,,0,19,,77170,21,,,0,19,,77172,21,,,0,58,,77181,21,,,0,18,,77178,21,,,0,19,,77179,21,,,0,20,,77180,21,,,0,60,,77177,21,,,0,18,,77176,21,,,0,18,,77182,21,,,0,59,,77183,21,,,0,22,,77185,21,,,0,20,,77184,21,,,0,59,,77186,21,,,0,20,,77187,21,,,0,19,,77188,21,,,0,61,,77190,21,,,0,20,,77189,21,,,0,20,,77191,21,,,0,60,,77192,21,,,0,19,,77193,21,,,0,21,,77194,21,,,0,59,,77195,21,,,0,19,,77196,21,,,0,20,,77197,21,,,0,58,,77198,21,,,0,19,,77199,21,,,0,21,,77200,21,,,0
2000001,'5_4',700,,77203,21,,,0,28,,77204,21,,,0,20,,77244,21,,,0,60,,77205,21,,,0,21,,77245,21,,,0,21,,77207,21,,,0,62,,77206,21,,,0,21,,77208,21,,,0,22,,77209,21,,,0,60,,77211,21,,,0,19,,77210,21,,,0,18,,77216,21,,,0,58,,77214,21,,,0,18,,77218,21,,,0,19,,77212,21,,,0,59,,77217,21,,,0,19,,77213,21,,,0,19,,77215,21,,,0,58,,77224,21,,,0,18,,77221,21,,,0,19,,77222,21,,,0,20,,77223,21,,,0,60,,77220,21,,,0,18,,77219,21,,,0,18,,77225,21,,,0,59,,77226,21,,,0,22,,77228,21,,,0,20,,77227,21,,,0,59,,77229,21,,,0,20,,77230,21,,,0,19,,77231,21,,,0,61,,77233,21,,,0,20,,77232,21,,,0,20,,77234,21,,,0,60,,77235,21,,,0,19,,77236,21,,,0,21,,77237,21,,,0,59,,77238,21,,,0,19,,77239,21,,,0,20,,77240,21,,,0,58,,77241,21,,,0,19,,77242,21,,,0,21,,77243,21,,,0
