900300,'S2-0_2',713,,89307,1,,,0,20,,89308,1,,,0,25,,89309,1,,,0,70,,89310,1,,,0,30,,89311,1,,,0,70,,89312,1,,,0,30,,89313,1,,,0,70,,89314,1,,,0,30,,89315,1,,,0,70,,89316,1,,,0,30,,89317,1,,,0,70,,89318,1,,,0,30,,89319,1,,,0,70,,89320,1,,,0,30,,89321,1,,,0,70,,89322,1,,,0,30,,89323,1,,,0,70,,89324,1,,,0,30,,89325,1,,,0,70,,89326,1,,,0,30,,89327,1,,,0,70,,89328,1,,,0,30,,89329,1,,,0,70,,89330,1,,,0,20,,89331,1,,,0,60,,89332,1,0,14,0
900300,'S2-0_4',713,,89333,1,,,0,20,,89334,1,,,0,25,,89335,1,,,0,70,,89336,1,,,0,30,,89337,1,,,0,70,,89338,1,,,0,30,,89339,1,,,0,70,,89340,1,,,0,30,,89341,1,,,0,70,,89342,1,,,0,30,,89343,1,,,0,70,,89344,1,,,0,30,,89345,1,,,0,70,,89346,1,,,0,30,,89347,1,,,0,70,,89348,1,,,0,30,,89349,1,,,0,70,,89350,1,,,0,30,,89351,1,,,0,70,,89352,1,,,0,30,,89353,1,,,0,70,,89354,1,,,0,30,,89355,1,,,0,70,,89356,1,,,0,20,,89357,1,,,0,60,,89358,1,0,14,0
900300,'S2-0_5',713,,89359,1,,,0,20,,89360,1,,,0,25,,89361,1,,,0,70,,89362,1,,,0,30,,89363,1,,,0,70,,89364,1,,,0,30,,89365,1,,,0,70,,89366,1,,,0,30,,89367,1,,,0,70,,89368,1,,,0,30,,89369,1,,,0,70,,89370,1,,,0,30,,89371,1,,,0,70,,89372,1,,,0,30,,89373,1,,,0,70,,89374,1,,,0,30,,89375,1,,,0,70,,89376,1,,,0,30,,89377,1,,,0,70,,89378,1,,,0,30,,89379,1,,,0,70,,89380,1,,,0,30,,89381,1,,,0,70,,89382,1,,,0,20,,89383,1,,,0,60,,89384,1,0,14,0
900300,'S2-1_3',713,,89385,1,,,0,20,,89386,1,,,0,25,,89387,1,,,0,70,,89388,1,,,0,30,,89389,1,,,0,70,,89390,1,,,0,30,,89391,1,,,0,70,,89392,1,,,0,30,,89393,1,,,0,70,,89394,1,,,0,30,,89395,1,,,0,70,,89396,1,,,0,30,,89397,1,,,0,70,,89398,1,,,0,30,,89399,1,,,0,70,,89400,1,,,0,30,,89401,1,,,0,70,,89402,1,,,0,30,,89403,1,,,0,70,,89404,1,,,0,30,,89405,1,,,0,70,,89406,1,,,0,30,,89407,1,,,0,70,,89408,1,,,0,20,,89409,1,,,0,60,,89410,1,0,14,0
900300,'S2-4_1',713,,89411,1,,,0,20,,89412,1,,,0,25,,89413,1,,,0,70,,89414,1,,,0,30,,89415,1,,,0,70,,89416,1,,,0,30,,89417,1,,,0,70,,89418,1,,,0,30,,89419,1,,,0,70,,89420,1,,,0,30,,89421,1,,,0,70,,89422,1,,,0,30,,89423,1,,,0,70,,89424,1,,,0,30,,89425,1,,,0,70,,89426,1,,,0,30,,89427,1,,,0,70,,89428,1,,,0,30,,89429,1,,,0,70,,89430,1,,,0,30,,89431,1,,,0,70,,89432,1,,,0,30,,89433,1,,,0,70,,89434,1,,,0,20,,89435,1,,,0,60,,89436,1,0,14,0
900300,'S2-4_2',713,,89437,1,,,0,20,,89438,1,,,0,25,,89439,1,,,0,70,,89440,1,,,0,30,,89441,1,,,0,70,,89442,1,,,0,30,,89443,1,,,0,70,,89444,1,,,0,30,,89445,1,,,0,70,,89446,1,,,0,30,,89447,1,,,0,70,,89448,1,,,0,30,,89449,1,,,0,70,,89450,1,,,0,30,,89451,1,,,0,70,,89452,1,,,0,30,,89453,1,,,0,70,,89454,1,,,0,30,,89455,1,,,0,70,,89456,1,,,0,30,,89457,1,,,0,70,,89458,1,,,0,30,,89459,1,,,0,70,,89460,1,,,0,20,,89461,1,,,0,60,,89462,1,0,14,0
900300,'S2-4_4',713,,89463,1,,,0,20,,89464,1,,,0,25,,89465,1,,,0,70,,89466,1,,,0,30,,89467,1,,,0,70,,89468,1,,,0,30,,89469,1,,,0,70,,89470,1,,,0,30,,89471,1,,,0,70,,89472,1,,,0,30,,89473,1,,,0,70,,89474,1,,,0,30,,89475,1,,,0,70,,89476,1,,,0,30,,89477,1,,,0,70,,89478,1,,,0,30,,89479,1,,,0,70,,89480,1,,,0,30,,89481,1,,,0,70,,89482,1,,,0,30,,89483,1,,,0,70,,89484,1,,,0,30,,89485,1,,,0,70,,89486,1,,,0,20,,89487,1,,,0,60,,89488,1,0,14,0
900301,'S2-0_2',733,,89489,2,4,,0,20,,89490,2,4,,0,65,,89491,2,4,,0,30,,89492,2,4,,0,70,,89493,2,4,,0,30,,89494,2,4,,0,70,,89495,2,4,,0,30,,89496,2,4,,0,70,,89497,2,4,,0,30,,89498,2,4,,0,70,,89499,2,4,,0,30,,89500,2,4,,0,70,,89501,2,4,,0,30,,89502,2,4,,0,70,,89503,2,4,,0,30,,89504,2,4,,0,70,,89505,2,4,,0,30,,89506,2,4,,0,70,,89507,2,4,,0,30,,89508,2,4,,0,70,,89509,2,4,,0,30,,89510,2,4,,0,70,,89511,2,4,,0,30,,89512,2,4,,0,60,,89513,2,4,,0
900301,'S2-0_4',733,,89514,2,4,,0,20,,89515,2,4,,0,65,,89516,2,4,,0,30,,89517,2,4,,0,70,,89518,2,4,,0,30,,89519,2,4,,0,70,,89520,2,4,,0,30,,89521,2,4,,0,70,,89522,2,4,,0,30,,89523,2,4,,0,70,,89524,2,4,,0,30,,89525,2,4,,0,70,,89526,2,4,,0,30,,89527,2,4,,0,70,,89528,2,4,,0,30,,89529,2,4,,0,70,,89530,2,4,,0,30,,89531,2,4,,0,70,,89532,2,4,,0,30,,89533,2,4,,0,70,,89534,2,4,,0,30,,89535,2,4,,0,70,,89536,2,4,,0,30,,89537,2,4,,0,60,,89538,2,4,,0
900301,'S2-0_5',733,,89539,2,4,,0,20,,89540,2,4,,0,65,,89541,2,4,,0,30,,89542,2,4,,0,70,,89543,2,4,,0,30,,89544,2,4,,0,70,,89545,2,4,,0,30,,89546,2,4,,0,70,,89547,2,4,,0,30,,89548,2,4,,0,70,,89549,2,4,,0,30,,89550,2,4,,0,70,,89551,2,4,,0,30,,89552,2,4,,0,70,,89553,2,4,,0,30,,89554,2,4,,0,70,,89555,2,4,,0,30,,89556,2,4,,0,70,,89557,2,4,,0,30,,89558,2,4,,0,70,,89559,2,4,,0,30,,89560,2,4,,0,70,,89561,2,4,,0,30,,89562,2,4,,0,60,,89563,2,4,,0
900301,'S2-1_3',733,,89564,2,4,,0,20,,89565,2,4,,0,65,,89566,2,4,,0,30,,89567,2,4,,0,70,,89568,2,4,,0,30,,89569,2,4,,0,70,,89570,2,4,,0,30,,89571,2,4,,0,70,,89572,2,4,,0,30,,89573,2,4,,0,70,,89574,2,4,,0,30,,89575,2,4,,0,70,,89576,2,4,,0,30,,89577,2,4,,0,70,,89578,2,4,,0,30,,89579,2,4,,0,70,,89580,2,4,,0,30,,89581,2,4,,0,70,,89582,2,4,,0,30,,89583,2,4,,0,70,,89584,2,4,,0,30,,89585,2,4,,0,70,,89586,2,4,,0,30,,89587,2,4,,0,60,,89588,2,4,,0
900301,'S2-4_1',733,,89589,2,4,,0,20,,89590,2,4,,0,65,,89591,2,4,,0,30,,89592,2,4,,0,70,,89593,2,4,,0,30,,89594,2,4,,0,70,,89595,2,4,,0,30,,89596,2,4,,0,70,,89597,2,4,,0,30,,89598,2,4,,0,70,,89599,2,4,,0,30,,89600,2,4,,0,70,,89601,2,4,,0,30,,89602,2,4,,0,70,,89603,2,4,,0,30,,89604,2,4,,0,70,,89605,2,4,,0,30,,89606,2,4,,0,70,,89607,2,4,,0,30,,89608,2,4,,0,70,,89609,2,4,,0,30,,89610,2,4,,0,70,,89611,2,4,,0,30,,89612,2,4,,0,60,,89613,2,4,,0
900301,'S2-4_2',733,,89614,2,4,,0,20,,89615,2,4,,0,65,,89616,2,4,,0,30,,89617,2,4,,0,70,,89618,2,4,,0,30,,89619,2,4,,0,70,,89620,2,4,,0,30,,89621,2,4,,0,70,,89622,2,4,,0,30,,89623,2,4,,0,70,,89624,2,4,,0,30,,89625,2,4,,0,70,,89626,2,4,,0,30,,89627,2,4,,0,70,,89628,2,4,,0,30,,89629,2,4,,0,70,,89630,2,4,,0,30,,89631,2,4,,0,70,,89632,2,4,,0,30,,89633,2,4,,0,70,,89634,2,4,,0,30,,89635,2,4,,0,70,,89636,2,4,,0,30,,89637,2,4,,0,60,,89638,2,4,,0
900301,'S2-4_4',733,,89639,2,4,,0,20,,89640,2,4,,0,65,,89641,2,4,,0,30,,89642,2,4,,0,70,,89643,2,4,,0,30,,89644,2,4,,0,70,,89645,2,4,,0,30,,89646,2,4,,0,70,,89647,2,4,,0,30,,89648,2,4,,0,70,,89649,2,4,,0,30,,89650,2,4,,0,70,,89651,2,4,,0,30,,89652,2,4,,0,70,,89653,2,4,,0,30,,89654,2,4,,0,70,,89655,2,4,,0,30,,89656,2,4,,0,70,,89657,2,4,,0,30,,89658,2,4,,0,70,,89659,2,4,,0,30,,89660,2,4,,0,70,,89661,2,4,,0,30,,89662,2,4,,0,60,,89663,2,4,,0
