401,'0_6',713,,65084,30,,,0,124,,65083,30,0,41,0,70,,65081,30,,,0,23,,65070,30,0,41,0,72,,65082,30,0,41,0,30,,65071,30,0,41,0,75,,65077,30,,,0,26,,65072,30,0,41,0,74,,65073,30,0,41,0,32,,65089,30,0,41,0,71,,65091,30,,,0,32,,65078,30,0,41,0,69,,65069,30,0,41,0,28,,65074,30,0,41,0,68,,65079,30,,,0,27,,65075,30,0,41,0,70,,65092,30,0,41,0,31,,65088,30,0,41,0,66,,65085,30,,,0,25,,65086,30,0,41,0,26,,65090,30,,,0,75,,65087,30,0,41,0,75,,65076,30,0,41,0,36,,65080,30,,,0
401,'1_7',946,,65093,30,,,0,165,,65094,30,,,0,125,,65095,30,,,0,201,,65096,30,,,0,165,,65097,30,,,0,125,,65098,30,,,0,125,,65099,30,,,0
401,'5_1',713,,74188,38,,,0,16,,74189,32,0,41,0,79,,74200,32,0,41,0,34,,74179,33,0,41,0,65,,74201,30,,,0,26,,74180,30,0,41,0,69,,74202,30,0,41,0,30,,74181,30,0,41,0,75,,74196,30,,,0,30,,74182,30,0,41,0,71,,74183,30,0,41,0,32,,74195,32,0,41,0,75,,74193,33,,,0,30,,74197,30,0,41,0,66,,74178,30,0,41,0,28,,74184,30,0,41,0,68,,74198,30,,,0,25,,74185,30,0,41,0,72,,74186,30,,,0,25,,74194,33,0,41,0,28,,74190,32,,,0,69,,74191,35,0,41,0,77,,74203,33,,,0,24,,74192,32,0,41,0,30,,74187,30,0,41,0,79,,74199,30,,,0
401,'5_2',713,,75558,38,,,0,16,,75559,32,0,41,0,79,,75570,32,0,41,0,34,,75549,33,0,41,0,65,,75571,30,,,0,26,,75550,30,0,41,0,69,,75572,30,0,41,0,30,,75551,30,0,41,0,75,,75566,30,,,0,30,,75552,30,0,41,0,71,,75553,30,0,41,0,32,,75565,32,0,41,0,75,,75563,33,,,0,30,,75567,30,0,41,0,66,,75548,30,0,41,0,28,,75554,30,0,41,0,68,,75568,30,,,0,25,,75555,30,0,41,0,72,,75556,30,,,0,25,,75564,33,0,41,0,28,,75560,32,,,0,69,,75561,35,0,41,0,77,,75573,33,,,0,24,,75562,32,0,41,0,30,,75557,30,0,41,0,79,,75569,30,,,0
401,'5_3',713,,75584,38,,,0,16,,75585,32,0,41,0,79,,75596,32,0,41,0,34,,75575,33,0,41,0,65,,75597,30,,,0,26,,75576,30,0,41,0,69,,75598,30,0,41,0,30,,75577,30,0,41,0,75,,75592,30,,,0,30,,75578,30,0,41,0,71,,75579,30,0,41,0,32,,75591,32,0,41,0,75,,75589,33,,,0,30,,75593,30,0,41,0,66,,75574,30,0,41,0,28,,75580,30,0,41,0,68,,75594,30,,,0,25,,75581,30,0,41,0,72,,75582,30,,,0,25,,75590,33,0,41,0,28,,75586,32,,,0,69,,75587,35,0,41,0,77,,75599,33,,,0,24,,75588,32,0,41,0,30,,75583,30,0,41,0,79,,75595,30,,,0
401,'7_1',713,,80507,38,,,0,16,,80508,32,0,41,0,79,,80519,32,0,41,0,34,,80498,33,0,41,0,65,,80520,30,,,0,26,,80499,30,0,41,0,69,,80521,30,0,41,0,30,,80500,30,0,41,0,75,,80515,30,,,0,30,,80501,30,0,41,0,71,,80502,30,0,41,0,32,,80514,32,0,41,0,75,,80512,33,,,0,30,,80516,30,0,41,0,66,,80497,30,0,41,0,28,,80503,30,0,41,0,68,,80517,30,,,0,25,,80504,30,0,41,0,72,,80505,30,,,0,25,,80513,33,0,41,0,28,,80509,32,,,0,69,,80510,35,0,41,0,77,,80522,33,,,0,24,,80511,32,0,41,0,30,,80506,30,0,41,0,79,,80518,30,,,0
401,'7_2',713,,82428,38,,,0,16,,82429,32,0,41,0,79,,82440,32,0,41,0,34,,82419,33,0,41,0,65,,82441,30,,,0,26,,82420,30,0,41,0,69,,82442,30,0,41,0,30,,82421,30,0,41,0,75,,82436,30,,,0,30,,82422,30,0,41,0,71,,82423,30,0,41,0,32,,82435,32,0,41,0,75,,82433,33,,,0,30,,82437,30,0,41,0,66,,82418,30,0,41,0,28,,82424,30,0,41,0,68,,82438,30,,,0,25,,82425,30,0,41,0,72,,82426,30,,,0,25,,82434,33,0,41,0,28,,82430,32,,,0,69,,82431,35,0,41,0,77,,82443,33,,,0,24,,82432,32,0,41,0,30,,82427,30,0,41,0,79,,82439,30,,,0
401,'7_3',713,,82454,38,,,0,16,,82455,32,0,41,0,79,,82466,32,0,41,0,34,,82445,33,0,41,0,65,,82467,30,,,0,26,,82446,30,0,41,0,69,,82468,30,0,41,0,30,,82447,30,0,41,0,75,,82462,30,,,0,30,,82448,30,0,41,0,71,,82449,30,0,41,0,32,,82461,32,0,41,0,75,,82459,33,,,0,30,,82463,30,0,41,0,66,,82444,30,0,41,0,28,,82450,30,0,41,0,68,,82464,30,,,0,25,,82451,30,0,41,0,72,,82452,30,,,0,25,,82460,33,0,41,0,28,,82456,32,,,0,69,,82457,35,0,41,0,77,,82469,33,,,0,24,,82458,32,0,41,0,30,,82453,30,0,41,0,79,,82465,30,,,0
401,'7_4',713,,79327,38,,,0,16,,79328,32,0,41,0,79,,79339,32,0,41,0,34,,79318,33,0,41,0,65,,79340,30,,,0,26,,79319,30,0,41,0,69,,79341,30,0,41,0,30,,79320,30,0,41,0,75,,79335,30,,,0,30,,79321,30,0,41,0,71,,79322,30,0,41,0,32,,79334,32,0,41,0,75,,79332,33,,,0,30,,79336,30,0,41,0,66,,79317,30,0,41,0,28,,79323,30,0,41,0,68,,79337,30,,,0,25,,79324,30,0,41,0,72,,79325,30,,,0,25,,79333,33,0,41,0,28,,79329,32,,,0,69,,79330,35,0,41,0,77,,79342,33,,,0,24,,79331,32,0,41,0,30,,79326,30,0,41,0,79,,79338,30,,,0
401,'7_5',713,,80533,38,,,0,16,,80534,32,0,41,0,79,,80545,32,0,41,0,34,,80524,33,0,41,0,65,,80546,30,,,0,26,,80525,30,0,41,0,69,,80547,30,0,41,0,30,,80526,30,0,41,0,75,,80541,30,,,0,30,,80527,30,0,41,0,71,,80528,30,0,41,0,32,,80540,32,0,41,0,75,,80538,33,,,0,30,,80542,30,0,41,0,66,,80523,30,0,41,0,28,,80529,30,0,41,0,68,,80543,30,,,0,25,,80530,30,0,41,0,72,,80531,30,,,0,25,,80539,33,0,41,0,28,,80535,32,,,0,69,,80536,35,0,41,0,77,,80548,33,,,0,24,,80537,32,0,41,0,30,,80532,30,0,41,0,79,,80544,30,,,0
501,'0_6',714,,65511,2,,,0,98,,65512,2,,,0,96,,65513,2,,,0,101,,65514,2,,,0,99,,65515,2,,,0,100,,65516,2,,,0,40,,65517,2,,,0,77,,65518,2,,,0,96,,65519,2,,,0,103,,65520,2,,,0,99,,65521,2,,,0,32,,65522,2,,,0,70,,65523,2,,,0,100,,65524,2,,,0,99,,65525,2,,,0
501,'1_7',1100,,65526,2,,,0,151,,65527,2,,,0,191,,65528,2,,,0,184,,65529,2,,,0,191,,65530,2,,,0
501,'5_1',714,,74220,2,,,0,98,,74221,2,,,0,96,,74222,2,,,0,101,,74223,2,,,0,99,,74224,2,,,0,100,,74225,2,,,0,40,,74226,2,,,0,77,,74227,2,,,0,96,,74228,2,,,0,103,,74229,2,,,0,99,,74230,2,,,0,32,,74231,2,,,0,70,,74232,2,,,0,100,,74233,2,,,0,99,,74234,2,,,0
501,'5_2',714,,75674,2,,,0,98,,75675,2,,,0,96,,75676,2,,,0,101,,75677,2,,,0,99,,75678,2,,,0,100,,75679,2,,,0,40,,75680,2,,,0,77,,75681,2,,,0,96,,75682,2,,,0,103,,75683,2,,,0,99,,75684,2,,,0,32,,75685,2,,,0,70,,75686,2,,,0,100,,75687,2,,,0,99,,75688,2,,,0
501,'5_3',714,,75689,2,,,0,98,,75690,2,,,0,96,,75691,2,,,0,101,,75692,2,,,0,99,,75693,2,,,0,100,,75694,2,,,0,40,,75695,2,,,0,77,,75696,2,,,0,96,,75697,2,,,0,103,,75698,2,,,0,99,,75699,2,,,0,32,,75700,2,,,0,70,,75701,2,,,0,100,,75702,2,,,0,99,,75703,2,,,0
501,'7_1',714,,80581,2,,,0,98,,80582,2,,,0,96,,80583,2,,,0,101,,80584,2,,,0,99,,80585,2,,,0,100,,80586,2,,,0,40,,80587,2,,,0,77,,80588,2,,,0,96,,80589,2,,,0,103,,80590,2,,,0,99,,80591,2,,,0,32,,80592,2,,,0,70,,80593,2,,,0,100,,80594,2,,,0,99,,80595,2,,,0
501,'7_2',714,,82502,2,,,0,98,,82503,2,,,0,96,,82504,2,,,0,101,,82505,2,,,0,99,,82506,2,,,0,100,,82507,2,,,0,40,,82508,2,,,0,77,,82509,2,,,0,96,,82510,2,,,0,103,,82511,2,,,0,99,,82512,2,,,0,32,,82513,2,,,0,70,,82514,2,,,0,100,,82515,2,,,0,99,,82516,2,,,0
501,'7_3',714,,82517,2,,,0,98,,82518,2,,,0,96,,82519,2,,,0,101,,82520,2,,,0,99,,82521,2,,,0,100,,82522,2,,,0,40,,82523,2,,,0,77,,82524,2,,,0,96,,82525,2,,,0,103,,82526,2,,,0,99,,82527,2,,,0,32,,82528,2,,,0,70,,82529,2,,,0,100,,82530,2,,,0,99,,82531,2,,,0
501,'7_4',714,,79359,2,,,0,98,,79360,2,,,0,96,,79361,2,,,0,101,,79362,2,,,0,99,,79363,2,,,0,100,,79364,2,,,0,40,,79365,2,,,0,77,,79366,2,,,0,96,,79367,2,,,0,103,,79368,2,,,0,99,,79369,2,,,0,32,,79370,2,,,0,70,,79371,2,,,0,100,,79372,2,,,0,99,,79373,2,,,0
501,'7_5',714,,80596,2,,,0,98,,80597,2,,,0,96,,80598,2,,,0,101,,80599,2,,,0,99,,80600,2,,,0,100,,80601,2,,,0,40,,80602,2,,,0,77,,80603,2,,,0,96,,80604,2,,,0,103,,80605,2,,,0,99,,80606,2,,,0,32,,80607,2,,,0,70,,80608,2,,,0,100,,80609,2,,,0,99,,80610,2,,,0
601,'0_6',603,,65847,2,,,0,101,,65848,2,,,0,35,,65849,2,,,0,98,,65850,2,,,0,91,,65851,2,,,0,102,,65852,2,,,0,83,,65853,2,,,0,98,,65854,2,,,0,39,,65862,2,,,0,93,,65863,2,0,69,0,84,,65855,2,,,0,87,,65856,2,,,0,94,,65857,2,,,0,50,,65858,2,,,0,92,,65859,2,,,0,91,,65860,2,,,0,87,,65861,2,,,0
601,'1_7',803,,65864,2,0,69,0,105,,65865,2,0,69,0,115,,65866,2,0,69,0,118,,65867,2,0,69,0,197,,65868,2,0,69,0,162,,65869,2,0,69,0,111,,65870,2,0,69,0,106,,65871,2,0,69,0,108,,65872,2,0,69,0
601,'5_1',603,,74251,2,,,0,101,,74252,2,,,0,35,,74253,2,,,0,98,,74254,2,,,0,91,,74255,2,,,0,102,,74256,2,,,0,83,,74257,2,,,0,98,,74258,2,,,0,39,,74266,2,,,0,93,,74267,2,0,69,0,84,,74259,2,,,0,87,,74260,2,,,0,94,,74261,2,,,0,50,,74262,2,,,0,92,,74263,2,,,0,91,,74264,2,,,0,87,,74265,2,,,0
601,'5_2',603,,75767,2,,,0,101,,75768,2,,,0,35,,75769,2,,,0,98,,75770,2,,,0,91,,75771,2,,,0,102,,75772,2,,,0,83,,75773,2,,,0,98,,75774,2,,,0,39,,75782,2,,,0,93,,75783,2,0,69,0,84,,75775,2,,,0,87,,75776,2,,,0,94,,75777,2,,,0,50,,75778,2,,,0,92,,75779,2,,,0,91,,75780,2,,,0,87,,75781,2,,,0
601,'5_3',603,,75784,2,,,0,101,,75785,2,,,0,35,,75786,2,,,0,98,,75787,2,,,0,91,,75788,2,,,0,102,,75789,2,,,0,83,,75790,2,,,0,98,,75791,2,,,0,39,,75799,2,,,0,93,,75800,2,0,69,0,84,,75792,2,,,0,87,,75793,2,,,0,94,,75794,2,,,0,50,,75795,2,,,0,92,,75796,2,,,0,91,,75797,2,,,0,87,,75798,2,,,0
601,'7_1',603,,80643,2,,,0,101,,80644,2,,,0,35,,80645,2,,,0,98,,80646,2,,,0,91,,80647,2,,,0,102,,80648,2,,,0,83,,80649,2,,,0,98,,80650,2,,,0,39,,80658,2,,,0,93,,80659,2,0,69,0,84,,80651,2,,,0,87,,80652,2,,,0,94,,80653,2,,,0,50,,80654,2,,,0,92,,80655,2,,,0,91,,80656,2,,,0,87,,80657,2,,,0
601,'7_2',603,,82564,2,,,0,101,,82565,2,,,0,35,,82566,2,,,0,98,,82567,2,,,0,91,,82568,2,,,0,102,,82569,2,,,0,83,,82570,2,,,0,98,,82571,2,,,0,39,,82579,2,,,0,93,,82580,2,0,69,0,84,,82572,2,,,0,87,,82573,2,,,0,94,,82574,2,,,0,50,,82575,2,,,0,92,,82576,2,,,0,91,,82577,2,,,0,87,,82578,2,,,0
601,'7_3',603,,82581,2,,,0,101,,82582,2,,,0,35,,82583,2,,,0,98,,82584,2,,,0,91,,82585,2,,,0,102,,82586,2,,,0,83,,82587,2,,,0,98,,82588,2,,,0,39,,82596,2,,,0,93,,82597,2,0,69,0,84,,82589,2,,,0,87,,82590,2,,,0,94,,82591,2,,,0,50,,82592,2,,,0,92,,82593,2,,,0,91,,82594,2,,,0,87,,82595,2,,,0
601,'7_4',603,,79390,2,,,0,101,,79391,2,,,0,35,,79392,2,,,0,98,,79393,2,,,0,91,,79394,2,,,0,102,,79395,2,,,0,83,,79396,2,,,0,98,,79397,2,,,0,39,,79405,2,,,0,93,,79406,2,0,69,0,84,,79398,2,,,0,87,,79399,2,,,0,94,,79400,2,,,0,50,,79401,2,,,0,92,,79402,2,,,0,91,,79403,2,,,0,87,,79404,2,,,0
601,'7_5',603,,80660,2,,,0,101,,80661,2,,,0,35,,80662,2,,,0,98,,80663,2,,,0,91,,80664,2,,,0,102,,80665,2,,,0,83,,80666,2,,,0,98,,80667,2,,,0,39,,80675,2,,,0,93,,80676,2,0,69,0,84,,80668,2,,,0,87,,80669,2,,,0,94,,80670,2,,,0,50,,80671,2,,,0,92,,80672,2,,,0,91,,80673,2,,,0,87,,80674,2,,,0
2501,'0_6',716,,67828,18,,,0,112,,67829,18,,,0,126,,67830,18,,,0,152,,67831,18,,,0,113,,67832,18,,,0,128,,67833,18,,,0,168,,67834,18,,,0,121,,67835,18,,,0,121,,67836,18,,,0,157,,67837,18,,,0
2501,'5_1',716,,74443,18,,,0,112,,74444,18,,,0,126,,74445,18,,,0,152,,74446,18,,,0,113,,74447,18,,,0,128,,74448,18,,,0,168,,74449,18,,,0,121,,74450,18,,,0,121,,74451,18,,,0,157,,74452,18,,,0
2501,'5_2',716,,76343,18,,,0,112,,76344,18,,,0,126,,76345,18,,,0,152,,76346,18,,,0,113,,76347,18,,,0,128,,76348,18,,,0,168,,76349,18,,,0,121,,76350,18,,,0,121,,76351,18,,,0,157,,76352,18,,,0
2501,'5_3',716,,76353,18,,,0,112,,76354,18,,,0,126,,76355,18,,,0,152,,76356,18,,,0,113,,76357,18,,,0,128,,76358,18,,,0,168,,76359,18,,,0,121,,76360,18,,,0,121,,76361,18,,,0,157,,76362,18,,,0
2501,'7_1',716,,81028,18,,,0,112,,81029,18,,,0,126,,81030,18,,,0,152,,81031,18,,,0,113,,81032,18,,,0,128,,81033,18,,,0,168,,81034,18,,,0,121,,81035,18,,,0,121,,81036,18,,,0,157,,81037,18,,,0
2501,'7_2',716,,82948,18,,,0,112,,82949,18,,,0,126,,82950,18,,,0,152,,82951,18,,,0,113,,82952,18,,,0,128,,82953,18,,,0,168,,82954,18,,,0,121,,82955,18,,,0,121,,82956,18,,,0,157,,82957,18,,,0
2501,'7_3',716,,82958,18,,,0,112,,82959,18,,,0,126,,82960,18,,,0,152,,82961,18,,,0,113,,82962,18,,,0,128,,82963,18,,,0,168,,82964,18,,,0,121,,82965,18,,,0,121,,82966,18,,,0,157,,82967,18,,,0
2501,'7_4',716,,79582,18,,,0,112,,79583,18,,,0,126,,79584,18,,,0,152,,79585,18,,,0,113,,79586,18,,,0,128,,79587,18,,,0,168,,79588,18,,,0,121,,79589,18,,,0,121,,79590,18,,,0,157,,79591,18,,,0
2501,'7_5',716,,81038,18,,,0,112,,81039,18,,,0,126,,81040,18,,,0,152,,81041,18,,,0,113,,81042,18,,,0,128,,81043,18,,,0,168,,81044,18,,,0,121,,81045,18,,,0,121,,81046,18,,,0,157,,81047,18,,,0
2601,'0_6',719,,68098,6,,,0,85,,68101,6,,,0,45,,68102,6,,,0,85,,68103,6,,,0,90,,68104,6,,,0,84,,68105,6,,,0,44,,68106,6,,,0,85,,68107,6,,,0,82,,68108,6,,,0,83,,68109,6,,,0,46,,68110,6,,,0,90,,68111,6,,,0,85,,68112,6,,,0,81,,68113,6,,,0,47,,68114,6,,,0,84,,68100,6,,,0,83,,68099,6,,,0
2601,'5_1',719,,74470,6,,,0,85,,74471,6,,,0,45,,74472,6,,,0,85,,74473,6,,,0,90,,74474,6,,,0,84,,74475,6,,,0,44,,74476,6,,,0,85,,74477,6,,,0,82,,74478,6,,,0,83,,74479,6,,,0,46,,74480,6,,,0,90,,74481,6,,,0,85,,74482,6,,,0,81,,74483,6,,,0,47,,74484,6,,,0,84,,74485,6,,,0,83,,74486,6,,,0
2601,'5_2',719,,76424,6,,,0,85,,76425,6,,,0,45,,76426,6,,,0,85,,76427,6,,,0,90,,76428,6,,,0,84,,76429,6,,,0,44,,76430,6,,,0,85,,76431,6,,,0,82,,76432,6,,,0,83,,76433,6,,,0,46,,76434,6,,,0,90,,76435,6,,,0,85,,76436,6,,,0,81,,76437,6,,,0,47,,76438,6,,,0,84,,76439,6,,,0,83,,76440,6,,,0
2601,'5_3',719,,76441,6,,,0,85,,76442,6,,,0,45,,76443,6,,,0,85,,76444,6,,,0,90,,76445,6,,,0,84,,76446,6,,,0,44,,76447,6,,,0,85,,76448,6,,,0,82,,76449,6,,,0,83,,76450,6,,,0,46,,76451,6,,,0,90,,76452,6,,,0,85,,76453,6,,,0,81,,76454,6,,,0,47,,76455,6,,,0,84,,76456,6,,,0,83,,76457,6,,,0
2601,'7_1',719,,81082,6,,,0,85,,81083,6,,,0,45,,81084,6,,,0,85,,81085,6,,,0,90,,81086,6,,,0,84,,81087,6,,,0,44,,81088,6,,,0,85,,81089,6,,,0,82,,81090,6,,,0,83,,81091,6,,,0,46,,81092,6,,,0,90,,81093,6,,,0,85,,81094,6,,,0,81,,81095,6,,,0,47,,81096,6,,,0,84,,81097,6,,,0,83,,81098,6,,,0
2601,'7_2',719,,83002,6,,,0,85,,83003,6,,,0,45,,83004,6,,,0,85,,83005,6,,,0,90,,83006,6,,,0,84,,83007,6,,,0,44,,83008,6,,,0,85,,83009,6,,,0,82,,83010,6,,,0,83,,83011,6,,,0,46,,83012,6,,,0,90,,83013,6,,,0,85,,83014,6,,,0,81,,83015,6,,,0,47,,83016,6,,,0,84,,83017,6,,,0,83,,83018,6,,,0
2601,'7_3',719,,83019,6,,,0,85,,83020,6,,,0,45,,83021,6,,,0,85,,83022,6,,,0,90,,83023,6,,,0,84,,83024,6,,,0,44,,83025,6,,,0,85,,83026,6,,,0,82,,83027,6,,,0,83,,83028,6,,,0,46,,83029,6,,,0,90,,83030,6,,,0,85,,83031,6,,,0,81,,83032,6,,,0,47,,83033,6,,,0,84,,83034,6,,,0,83,,83035,6,,,0
2601,'7_4',719,,79609,6,,,0,85,,79610,6,,,0,45,,79611,6,,,0,85,,79612,6,,,0,90,,79613,6,,,0,84,,79614,6,,,0,44,,79615,6,,,0,85,,79616,6,,,0,82,,79617,6,,,0,83,,79618,6,,,0,46,,79619,6,,,0,90,,79620,6,,,0,85,,79621,6,,,0,81,,79622,6,,,0,47,,79623,6,,,0,84,,79624,6,,,0,83,,79625,6,,,0
2601,'7_5',719,,81099,6,,,0,85,,81100,6,,,0,45,,81101,6,,,0,85,,81102,6,,,0,90,,81103,6,,,0,84,,81104,6,,,0,44,,81105,6,,,0,85,,81106,6,,,0,82,,81107,6,,,0,83,,81108,6,,,0,46,,81109,6,,,0,90,,81110,6,,,0,85,,81111,6,,,0,81,,81112,6,,,0,47,,81113,6,,,0,84,,81114,6,,,0,83,,81115,6,,,0
2000001,'0_6',642,,70573,8,,,0,79,,70574,8,,,0,79,,70575,8,,,0,30,,70613,8,,,0,21,,70577,8,,,0,60,,70576,8,,,0,20,,70578,8,,,0,20,,70579,8,,,0,59,,70581,8,,,0,18,,70580,8,,,0,20,,70586,8,,,0,60,,70584,8,,,0,17,,70588,8,,,0,19,,70582,8,,,0,59,,70587,8,,,0,21,,70583,8,,,0,17,,70585,8,,,0,18,,70594,8,,,0,58,,70591,8,,,0,20,,70592,8,,,0,20,,70593,8,,,0,58,,70590,8,,,0,17,,70589,8,,,0,19,,70595,8,,,0,61,,70596,8,,,0,20,,70598,8,,,0,19,,70597,8,,,0,60,,70599,8,,,0,20,,70600,8,,,0,21,,70601,8,,,0,60,,70603,8,,,0,19,,70602,8,,,0,19,,70604,8,,,0,59,,70605,8,,,0,19,,70606,8,,,0,19,,70607,8,,,0,57,,70608,8,,,0,19,,70609,8,,,0,24,,70610,8,,,0,64,,70611,8,,,0,23,,70612,8,,,0
2000001,'1_7',812,,70631,8,,,0,40,,70614,8,,,0,80,,70615,8,,,0,80,,70616,8,,,0,40,,70617,8,,,0,80,,70618,8,,,0,80,,70619,8,,,0,40,,70620,8,,,0,80,,70622,8,,,0,80,,70621,8,,,0,40,,70623,8,,,0,80,,70624,8,,,0,80,,70625,8,,,0,40,,70626,8,,,0,80,,70628,8,,,0,80,,70627,8,,,0,40,,70629,8,,,0,80,,70630,8,,,0
2000001,'5_1',644,,74701,8,,,0,66,,74702,8,,,0,19,,74742,8,,,0,20,,74703,8,,,0,60,,74743,8,,,0,20,,74705,8,,,0,22,,74704,8,,,0,61,,74706,8,,,0,21,,74707,8,,,0,20,,74709,8,,,0,59,,74708,8,,,0,18,,74714,8,,,0,18,,74712,8,,,0,59,,74716,8,,,0,18,,74710,8,,,0,19,,74715,8,,,0,59,,74711,8,,,0,20,,74713,8,,,0,18,,74722,8,,,0,18,,74719,8,,,0,59,,74720,8,,,0,20,,74721,8,,,0,19,,74718,8,,,0,58,,74717,8,,,0,18,,74723,8,,,0,19,,74724,8,,,0,61,,74726,8,,,0,20,,74725,8,,,0,19,,74727,8,,,0,60,,74728,8,,,0,19,,74729,8,,,0,21,,74731,8,,,0,60,,74730,8,,,0,20,,74732,8,,,0,21,,74733,8,,,0,60,,74734,8,,,0,20,,74735,8,,,0,20,,74736,8,,,0,60,,74737,8,,,0,20,,74738,8,,,0,20,,74739,8,,,0,59,,74740,8,,,0,22,,74741,8,,,0
2000001,'5_2',644,,77117,8,,,0,66,,77118,8,,,0,19,,77158,8,,,0,20,,77119,8,,,0,60,,77159,8,,,0,20,,77121,8,,,0,22,,77120,8,,,0,61,,77122,8,,,0,21,,77123,8,,,0,20,,77125,8,,,0,59,,77124,8,,,0,18,,77130,8,,,0,18,,77128,8,,,0,59,,77132,8,,,0,18,,77126,8,,,0,19,,77131,8,,,0,59,,77127,8,,,0,20,,77129,8,,,0,18,,77138,8,,,0,18,,77135,8,,,0,59,,77136,8,,,0,20,,77137,8,,,0,19,,77134,8,,,0,58,,77133,8,,,0,18,,77139,8,,,0,19,,77140,8,,,0,61,,77142,8,,,0,20,,77141,8,,,0,19,,77143,8,,,0,60,,77144,8,,,0,19,,77145,8,,,0,21,,77147,8,,,0,60,,77146,8,,,0,20,,77148,8,,,0,21,,77149,8,,,0,60,,77150,8,,,0,20,,77151,8,,,0,20,,77152,8,,,0,60,,77153,8,,,0,20,,77154,8,,,0,20,,77155,8,,,0,59,,77156,8,,,0,22,,77157,8,,,0
2000001,'5_3',644,,77160,8,,,0,66,,77161,8,,,0,19,,77201,8,,,0,20,,77162,8,,,0,60,,77202,8,,,0,20,,77164,8,,,0,22,,77163,8,,,0,61,,77165,8,,,0,21,,77166,8,,,0,20,,77168,8,,,0,59,,77167,8,,,0,18,,77173,8,,,0,18,,77171,8,,,0,59,,77175,8,,,0,18,,77169,8,,,0,19,,77174,8,,,0,59,,77170,8,,,0,20,,77172,8,,,0,18,,77181,8,,,0,18,,77178,8,,,0,59,,77179,8,,,0,20,,77180,8,,,0,19,,77177,8,,,0,58,,77176,8,,,0,18,,77182,8,,,0,19,,77183,8,,,0,61,,77185,8,,,0,20,,77184,8,,,0,19,,77186,8,,,0,60,,77187,8,,,0,19,,77188,8,,,0,21,,77190,8,,,0,60,,77189,8,,,0,20,,77191,8,,,0,21,,77192,8,,,0,60,,77193,8,,,0,20,,77194,8,,,0,20,,77195,8,,,0,60,,77196,8,,,0,20,,77197,8,,,0,20,,77198,8,,,0,59,,77199,8,,,0,22,,77200,8,,,0
2000001,'7_1',644,,81544,8,,,0,66,,81545,8,,,0,19,,81585,8,,,0,20,,81546,8,,,0,60,,81586,8,,,0,20,,81548,8,,,0,22,,81547,8,,,0,61,,81549,8,,,0,21,,81550,8,,,0,20,,81552,8,,,0,59,,81551,8,,,0,18,,81557,8,,,0,18,,81555,8,,,0,59,,81559,8,,,0,18,,81553,8,,,0,19,,81558,8,,,0,59,,81554,8,,,0,20,,81556,8,,,0,18,,81565,8,,,0,18,,81562,8,,,0,59,,81563,8,,,0,20,,81564,8,,,0,19,,81561,8,,,0,58,,81560,8,,,0,18,,81566,8,,,0,19,,81567,8,,,0,61,,81569,8,,,0,20,,81568,8,,,0,19,,81570,8,,,0,60,,81571,8,,,0,19,,81572,8,,,0,21,,81574,8,,,0,60,,81573,8,,,0,20,,81575,8,,,0,21,,81576,8,,,0,60,,81577,8,,,0,20,,81578,8,,,0,20,,81579,8,,,0,60,,81580,8,,,0,20,,81581,8,,,0,20,,81582,8,,,0,59,,81583,8,,,0,22,,81584,8,,,0
2000001,'7_2',644,,83464,8,,,0,66,,83465,8,,,0,19,,83505,8,,,0,20,,83466,8,,,0,60,,83506,8,,,0,20,,83468,8,,,0,22,,83467,8,,,0,61,,83469,8,,,0,21,,83470,8,,,0,20,,83472,8,,,0,59,,83471,8,,,0,18,,83477,8,,,0,18,,83475,8,,,0,59,,83479,8,,,0,18,,83473,8,,,0,19,,83478,8,,,0,59,,83474,8,,,0,20,,83476,8,,,0,18,,83485,8,,,0,18,,83482,8,,,0,59,,83483,8,,,0,20,,83484,8,,,0,19,,83481,8,,,0,58,,83480,8,,,0,18,,83486,8,,,0,19,,83487,8,,,0,61,,83489,8,,,0,20,,83488,8,,,0,19,,83490,8,,,0,60,,83491,8,,,0,19,,83492,8,,,0,21,,83494,8,,,0,60,,83493,8,,,0,20,,83495,8,,,0,21,,83496,8,,,0,60,,83497,8,,,0,20,,83498,8,,,0,20,,83499,8,,,0,60,,83500,8,,,0,20,,83501,8,,,0,20,,83502,8,,,0,59,,83503,8,,,0,22,,83504,8,,,0
2000001,'7_3',644,,83507,8,,,0,66,,83508,8,,,0,19,,83548,8,,,0,20,,83509,8,,,0,60,,83549,8,,,0,20,,83511,8,,,0,22,,83510,8,,,0,61,,83512,8,,,0,21,,83513,8,,,0,20,,83515,8,,,0,59,,83514,8,,,0,18,,83520,8,,,0,18,,83518,8,,,0,59,,83522,8,,,0,18,,83516,8,,,0,19,,83521,8,,,0,59,,83517,8,,,0,20,,83519,8,,,0,18,,83528,8,,,0,18,,83525,8,,,0,59,,83526,8,,,0,20,,83527,8,,,0,19,,83524,8,,,0,58,,83523,8,,,0,18,,83529,8,,,0,19,,83530,8,,,0,61,,83532,8,,,0,20,,83531,8,,,0,19,,83533,8,,,0,60,,83534,8,,,0,19,,83535,8,,,0,21,,83537,8,,,0,60,,83536,8,,,0,20,,83538,8,,,0,21,,83539,8,,,0,60,,83540,8,,,0,20,,83541,8,,,0,20,,83542,8,,,0,60,,83543,8,,,0,20,,83544,8,,,0,20,,83545,8,,,0,59,,83546,8,,,0,22,,83547,8,,,0
2000001,'7_4',644,,79840,8,,,0,66,,79841,8,,,0,19,,79881,8,,,0,20,,79842,8,,,0,60,,79882,8,,,0,20,,79844,8,,,0,22,,79843,8,,,0,61,,79845,8,,,0,21,,79846,8,,,0,20,,79848,8,,,0,59,,79847,8,,,0,18,,79853,8,,,0,18,,79851,8,,,0,59,,79855,8,,,0,18,,79849,8,,,0,19,,79854,8,,,0,59,,79850,8,,,0,20,,79852,8,,,0,18,,79861,8,,,0,18,,79858,8,,,0,59,,79859,8,,,0,20,,79860,8,,,0,19,,79857,8,,,0,58,,79856,8,,,0,18,,79862,8,,,0,19,,79863,8,,,0,61,,79865,8,,,0,20,,79864,8,,,0,19,,79866,8,,,0,60,,79867,8,,,0,19,,79868,8,,,0,21,,79870,8,,,0,60,,79869,8,,,0,20,,79871,8,,,0,21,,79872,8,,,0,60,,79873,8,,,0,20,,79874,8,,,0,20,,79875,8,,,0,60,,79876,8,,,0,20,,79877,8,,,0,20,,79878,8,,,0,59,,79879,8,,,0,22,,79880,8,,,0
2000001,'7_5',644,,81587,8,,,0,66,,81588,8,,,0,19,,81628,8,,,0,20,,81589,8,,,0,60,,81629,8,,,0,20,,81591,8,,,0,22,,81590,8,,,0,61,,81592,8,,,0,21,,81593,8,,,0,20,,81595,8,,,0,59,,81594,8,,,0,18,,81600,8,,,0,18,,81598,8,,,0,59,,81602,8,,,0,18,,81596,8,,,0,19,,81601,8,,,0,59,,81597,8,,,0,20,,81599,8,,,0,18,,81608,8,,,0,18,,81605,8,,,0,59,,81606,8,,,0,20,,81607,8,,,0,19,,81604,8,,,0,58,,81603,8,,,0,18,,81609,8,,,0,19,,81610,8,,,0,61,,81612,8,,,0,20,,81611,8,,,0,19,,81613,8,,,0,60,,81614,8,,,0,19,,81615,8,,,0,21,,81617,8,,,0,60,,81616,8,,,0,20,,81618,8,,,0,21,,81619,8,,,0,60,,81620,8,,,0,20,,81621,8,,,0,20,,81622,8,,,0,60,,81623,8,,,0,20,,81624,8,,,0,20,,81625,8,,,0,59,,81626,8,,,0,22,,81627,8,,,0
3000001,'0_6',644,,71656,15,,,0,80,,71657,15,,,0,84,,71658,15,,,0,37,,71659,15,,,0,61,,71660,15,,,0,19,,71661,15,,,0,21,,71662,15,,,0,60,,71663,15,,,0,20,,71664,15,,,0,20,,71665,15,,,0,60,,71666,15,,,0,19,,71667,15,,,0,21,,71668,15,,,0,61,,71669,15,,,0,19,,71670,15,,,0,19,,71671,15,,,0,60,,71672,15,,,0,20,,71673,15,,,0,20,,71674,15,,,0,61,,71675,15,,,0,20,,71676,15,,,0,20,,71677,15,,,0,61,,71678,15,,,0,20,,71679,15,,,0,20,,71680,15,,,0,60,,71681,15,,,0,20,,71682,15,,,0,21,,71683,15,,,0,60,,71684,15,,,0,20,,71685,15,,,0,19,,71686,15,,,0,59,,71687,15,,,0,20,,71688,15,,,0,20,,71689,15,,,0,58,,71690,15,,,0,32,,71692,15,,,0,68,,71693,15,,,0,30,,71691,15,,,0,69,,71694,15,,,0
3000001,'1_7',849,,71695,15,,,0,170,,71697,15,,,0,130,,71698,15,,,0,170,,71699,15,,,0,130,,71700,15,,,0,170,,71701,15,,,0,130,,71702,15,,,0,170,,71703,15,,,0,130,,71696,15,,,0
3000001,'5_1',654,,74844,15,,,0,59,,74803,15,,,0,20,,74804,15,,,0,20,,74805,15,,,0,60,,74806,15,,,0,19,,74807,15,,,0,20,,74808,15,,,0,60,,74809,15,,,0,20,,74810,15,,,0,20,,74811,15,,,0,60,,74812,15,,,0,20,,74813,15,,,0,20,,74814,15,,,0,59,,74815,15,,,0,20,,74816,15,,,0,20,,74817,15,,,0,60,,74818,15,,,0,19,,74819,15,,,0,20,,74820,15,,,0,60,,74821,15,,,0,20,,74822,15,,,0,20,,74823,15,,,0,61,,74824,15,,,0,20,,74825,15,,,0,19,,74826,15,,,0,61,,74827,15,,,0,20,,74828,15,,,0,20,,74829,15,,,0,60,,74830,15,,,0,20,,74831,15,,,0,21,,74832,15,,,0,60,,74833,15,,,0,20,,74834,15,,,0,20,,74835,15,,,0,60,,74836,15,,,0,19,,74837,15,,,0,21,,74838,15,,,0,61,,74839,15,,,0,21,,74840,15,,,0,70,,74841,15,,,0,27,,74842,15,,,0,70,,74843,15,,,0
3000001,'5_2',654,,77464,15,,,0,59,,77423,15,,,0,20,,77424,15,,,0,20,,77425,15,,,0,60,,77426,15,,,0,19,,77427,15,,,0,20,,77428,15,,,0,60,,77429,15,,,0,20,,77430,15,,,0,20,,77431,15,,,0,60,,77432,15,,,0,20,,77433,15,,,0,20,,77434,15,,,0,59,,77435,15,,,0,20,,77436,15,,,0,20,,77437,15,,,0,60,,77438,15,,,0,19,,77439,15,,,0,20,,77440,15,,,0,60,,77441,15,,,0,20,,77442,15,,,0,20,,77443,15,,,0,61,,77444,15,,,0,20,,77445,15,,,0,19,,77446,15,,,0,61,,77447,15,,,0,20,,77448,15,,,0,20,,77449,15,,,0,60,,77450,15,,,0,20,,77451,15,,,0,21,,77452,15,,,0,60,,77453,15,,,0,20,,77454,15,,,0,20,,77455,15,,,0,60,,77456,15,,,0,19,,77457,15,,,0,21,,77458,15,,,0,61,,77459,15,,,0,21,,77460,15,,,0,70,,77461,15,,,0,27,,77462,15,,,0,70,,77463,15,,,0
3000001,'5_3',654,,77506,15,,,0,59,,77465,15,,,0,20,,77466,15,,,0,20,,77467,15,,,0,60,,77468,15,,,0,19,,77469,15,,,0,20,,77470,15,,,0,60,,77471,15,,,0,20,,77472,15,,,0,20,,77473,15,,,0,60,,77474,15,,,0,20,,77475,15,,,0,20,,77476,15,,,0,59,,77477,15,,,0,20,,77478,15,,,0,20,,77479,15,,,0,60,,77480,15,,,0,19,,77481,15,,,0,20,,77482,15,,,0,60,,77483,15,,,0,20,,77484,15,,,0,20,,77485,15,,,0,61,,77486,15,,,0,20,,77487,15,,,0,19,,77488,15,,,0,61,,77489,15,,,0,20,,77490,15,,,0,20,,77491,15,,,0,60,,77492,15,,,0,20,,77493,15,,,0,21,,77494,15,,,0,60,,77495,15,,,0,20,,77496,15,,,0,20,,77497,15,,,0,60,,77498,15,,,0,19,,77499,15,,,0,21,,77500,15,,,0,61,,77501,15,,,0,21,,77502,15,,,0,70,,77503,15,,,0,27,,77504,15,,,0,70,,77505,15,,,0
3000001,'7_1',654,,81789,15,,,0,59,,81748,15,,,0,20,,81749,15,,,0,20,,81750,15,,,0,60,,81751,15,,,0,19,,81752,15,,,0,20,,81753,15,,,0,60,,81754,15,,,0,20,,81755,15,,,0,20,,81756,15,,,0,60,,81757,15,,,0,20,,81758,15,,,0,20,,81759,15,,,0,59,,81760,15,,,0,20,,81761,15,,,0,20,,81762,15,,,0,60,,81763,15,,,0,19,,81764,15,,,0,20,,81765,15,,,0,60,,81766,15,,,0,20,,81767,15,,,0,20,,81768,15,,,0,61,,81769,15,,,0,20,,81770,15,,,0,19,,81771,15,,,0,61,,81772,15,,,0,20,,81773,15,,,0,20,,81774,15,,,0,60,,81775,15,,,0,20,,81776,15,,,0,21,,81777,15,,,0,60,,81778,15,,,0,20,,81779,15,,,0,20,,81780,15,,,0,60,,81781,15,,,0,19,,81782,15,,,0,21,,81783,15,,,0,61,,81784,15,,,0,21,,81785,15,,,0,70,,81786,15,,,0,27,,81787,15,,,0,70,,81788,15,,,0
3000001,'7_2',654,,83709,15,,,0,59,,83668,15,,,0,20,,83669,15,,,0,20,,83670,15,,,0,60,,83671,15,,,0,19,,83672,15,,,0,20,,83673,15,,,0,60,,83674,15,,,0,20,,83675,15,,,0,20,,83676,15,,,0,60,,83677,15,,,0,20,,83678,15,,,0,20,,83679,15,,,0,59,,83680,15,,,0,20,,83681,15,,,0,20,,83682,15,,,0,60,,83683,15,,,0,19,,83684,15,,,0,20,,83685,15,,,0,60,,83686,15,,,0,20,,83687,15,,,0,20,,83688,15,,,0,61,,83689,15,,,0,20,,83690,15,,,0,19,,83691,15,,,0,61,,83692,15,,,0,20,,83693,15,,,0,20,,83694,15,,,0,60,,83695,15,,,0,20,,83696,15,,,0,21,,83697,15,,,0,60,,83698,15,,,0,20,,83699,15,,,0,20,,83700,15,,,0,60,,83701,15,,,0,19,,83702,15,,,0,21,,83703,15,,,0,61,,83704,15,,,0,21,,83705,15,,,0,70,,83706,15,,,0,27,,83707,15,,,0,70,,83708,15,,,0
3000001,'7_3',654,,83751,15,,,0,59,,83710,15,,,0,20,,83711,15,,,0,20,,83712,15,,,0,60,,83713,15,,,0,19,,83714,15,,,0,20,,83715,15,,,0,60,,83716,15,,,0,20,,83717,15,,,0,20,,83718,15,,,0,60,,83719,15,,,0,20,,83720,15,,,0,20,,83721,15,,,0,59,,83722,15,,,0,20,,83723,15,,,0,20,,83724,15,,,0,60,,83725,15,,,0,19,,83726,15,,,0,20,,83727,15,,,0,60,,83728,15,,,0,20,,83729,15,,,0,20,,83730,15,,,0,61,,83731,15,,,0,20,,83732,15,,,0,19,,83733,15,,,0,61,,83734,15,,,0,20,,83735,15,,,0,20,,83736,15,,,0,60,,83737,15,,,0,20,,83738,15,,,0,21,,83739,15,,,0,60,,83740,15,,,0,20,,83741,15,,,0,20,,83742,15,,,0,60,,83743,15,,,0,19,,83744,15,,,0,21,,83745,15,,,0,61,,83746,15,,,0,21,,83747,15,,,0,70,,83748,15,,,0,27,,83749,15,,,0,70,,83750,15,,,0
3000001,'7_4',654,,79983,15,,,0,59,,79942,15,,,0,20,,79943,15,,,0,20,,79944,15,,,0,60,,79945,15,,,0,19,,79946,15,,,0,20,,79947,15,,,0,60,,79948,15,,,0,20,,79949,15,,,0,20,,79950,15,,,0,60,,79951,15,,,0,20,,79952,15,,,0,20,,79953,15,,,0,59,,79954,15,,,0,20,,79955,15,,,0,20,,79956,15,,,0,60,,79957,15,,,0,19,,79958,15,,,0,20,,79959,15,,,0,60,,79960,15,,,0,20,,79961,15,,,0,20,,79962,15,,,0,61,,79963,15,,,0,20,,79964,15,,,0,19,,79965,15,,,0,61,,79966,15,,,0,20,,79967,15,,,0,20,,79968,15,,,0,60,,79969,15,,,0,20,,79970,15,,,0,21,,79971,15,,,0,60,,79972,15,,,0,20,,79973,15,,,0,20,,79974,15,,,0,60,,79975,15,,,0,19,,79976,15,,,0,21,,79977,15,,,0,61,,79978,15,,,0,21,,79979,15,,,0,70,,79980,15,,,0,27,,79981,15,,,0,70,,79982,15,,,0
3000001,'7_5',654,,81831,15,,,0,59,,81790,15,,,0,20,,81791,15,,,0,20,,81792,15,,,0,60,,81793,15,,,0,19,,81794,15,,,0,20,,81795,15,,,0,60,,81796,15,,,0,20,,81797,15,,,0,20,,81798,15,,,0,60,,81799,15,,,0,20,,81800,15,,,0,20,,81801,15,,,0,59,,81802,15,,,0,20,,81803,15,,,0,20,,81804,15,,,0,60,,81805,15,,,0,19,,81806,15,,,0,20,,81807,15,,,0,60,,81808,15,,,0,20,,81809,15,,,0,20,,81810,15,,,0,61,,81811,15,,,0,20,,81812,15,,,0,19,,81813,15,,,0,61,,81814,15,,,0,20,,81815,15,,,0,20,,81816,15,,,0,60,,81817,15,,,0,20,,81818,15,,,0,21,,81819,15,,,0,60,,81820,15,,,0,20,,81821,15,,,0,20,,81822,15,,,0,60,,81823,15,,,0,19,,81824,15,,,0,21,,81825,15,,,0,61,,81826,15,,,0,21,,81827,15,,,0,70,,81828,15,,,0,27,,81829,15,,,0,70,,81830,15,,,0
