300,'0_6',655,,64083,12,,,0,69,,64084,12,,,0,28,,64085,12,,,0,70,,64086,12,,,0,35,,64087,12,,,0,72,,64088,12,,,0,75,,64089,12,,,0,34,,64090,12,,,0,72,,64091,12,,,0,33,,64082,12,,,0,73,,64081,12,,,0,33,,64080,12,,,0,72,,64079,12,,,0,32,,64057,12,,,0,68,,64058,12,,,0,29,,64059,12,,,0,68,,64060,12,,,0,28,,64061,12,,,0,67,,64062,12,,,0,31,,64063,12,,,0,68,,64064,12,,,0,27,,64065,12,,,0,68,,64066,12,,,0,29,,64067,12,,,0,67,,64068,12,,,0,26,,64069,12,,,0,26,,64070,12,,,0,64,,64071,12,,,0,24,,64093,12,,,0,67,,64092,12,,,0
300,'1_7',857,,64116,12,,,0,72,,64117,12,,,0,75,,64118,12,,,0,34,,64119,12,,,0,72,,64110,12,,,0,33,,64115,12,,,0,73,,64114,12,,,0,33,,64113,12,,,0,72,,64112,12,,,0,32,,64094,12,,,0,68,,64095,12,,,0,29,,64096,12,,,0,68,,64097,12,,,0,28,,64098,12,,,0,67,,64099,12,,,0,31,,64100,12,,,0,68,,64101,12,,,0,27,,64102,12,,,0,68,,64103,12,,,0,29,,64104,12,,,0,67,,64105,12,,,0,26,,64106,12,,,0,26,,64107,12,,,0,64,,64108,12,,,0,24,,64111,12,,,0,67,,64109,12,,,0
300,'5_1',655,,74113,12,,,0,69,,74114,12,,,0,28,,74115,12,,,0,70,,74116,12,,,0,35,,74117,12,,,0,72,,74118,12,,,0,75,,74119,12,,,0,34,,74120,12,,,0,72,,74121,12,,,0,33,,74112,12,,,0,73,,74111,12,,,0,33,,74110,12,,,0,72,,74109,12,,,0,32,,74094,12,,,0,68,,74095,12,,,0,29,,74096,12,,,0,68,,74097,12,,,0,28,,74098,12,,,0,67,,74099,12,,,0,31,,74100,12,,,0,68,,74101,12,,,0,27,,74102,12,,,0,68,,74103,12,,,0,29,,74104,12,,,0,67,,74105,12,,,0,26,,74106,12,,,0,26,,74107,12,,,0,64,,74108,12,,,0,24,,74123,12,,,0,67,,74122,12,,,0
300,'5_2',655,,75315,12,,,0,69,,75316,12,,,0,28,,75317,12,,,0,70,,75318,12,,,0,35,,75319,12,,,0,72,,75320,12,,,0,75,,75321,12,,,0,34,,75322,12,,,0,72,,75323,12,,,0,33,,75314,12,,,0,73,,75313,12,,,0,33,,75312,12,,,0,72,,75311,12,,,0,32,,75296,12,,,0,68,,75297,12,,,0,29,,75298,12,,,0,68,,75299,12,,,0,28,,75300,12,,,0,67,,75301,12,,,0,31,,75302,12,,,0,68,,75303,12,,,0,27,,75304,12,,,0,68,,75305,12,,,0,29,,75306,12,,,0,67,,75307,12,,,0,26,,75308,12,,,0,26,,75309,12,,,0,64,,75310,12,,,0,24,,75325,12,,,0,67,,75324,12,,,0
300,'5_3',655,,75345,12,,,0,69,,75346,12,,,0,28,,75347,12,,,0,70,,75348,12,,,0,35,,75349,12,,,0,72,,75350,12,,,0,75,,75351,12,,,0,34,,75352,12,,,0,72,,75353,12,,,0,33,,75344,12,,,0,73,,75343,12,,,0,33,,75342,12,,,0,72,,75341,12,,,0,32,,75326,12,,,0,68,,75327,12,,,0,29,,75328,12,,,0,68,,75329,12,,,0,28,,75330,12,,,0,67,,75331,12,,,0,31,,75332,12,,,0,68,,75333,12,,,0,27,,75334,12,,,0,68,,75335,12,,,0,29,,75336,12,,,0,67,,75337,12,,,0,26,,75338,12,,,0,26,,75339,12,,,0,64,,75340,12,,,0,24,,75355,12,,,0,67,,75354,12,,,0
300,'7_1',655,,80333,12,,,0,69,,80334,12,,,0,28,,80335,12,,,0,70,,80336,12,,,0,35,,80337,12,,,0,72,,80338,12,,,0,75,,80339,12,,,0,34,,80340,12,,,0,72,,80341,12,,,0,33,,80332,12,,,0,73,,80331,12,,,0,33,,80330,12,,,0,72,,80329,12,,,0,32,,80314,12,,,0,68,,80315,12,,,0,29,,80316,12,,,0,68,,80317,12,,,0,28,,80318,12,,,0,67,,80319,12,,,0,31,,80320,12,,,0,68,,80321,12,,,0,27,,80322,12,,,0,68,,80323,12,,,0,29,,80324,12,,,0,67,,80325,12,,,0,26,,80326,12,,,0,26,,80327,12,,,0,64,,80328,12,,,0,24,,80343,12,,,0,67,,80342,12,,,0
300,'7_2',655,,82269,12,,,0,69,,82270,12,,,0,28,,82271,12,,,0,70,,82272,12,,,0,35,,82273,12,,,0,72,,82274,12,,,0,75,,82275,12,,,0,34,,82276,12,,,0,72,,82277,12,,,0,33,,82268,12,,,0,73,,82267,12,,,0,33,,82266,12,,,0,72,,82265,12,,,0,32,,82250,12,,,0,68,,82251,12,,,0,29,,82252,12,,,0,68,,82253,12,,,0,28,,82254,12,,,0,67,,82255,12,,,0,31,,82256,12,,,0,68,,82257,12,,,0,27,,82258,12,,,0,68,,82259,12,,,0,29,,82260,12,,,0,67,,82261,12,,,0,26,,82262,12,,,0,26,,82263,12,,,0,64,,82264,12,,,0,24,,82279,12,,,0,67,,82278,12,,,0
300,'7_3',655,,82299,12,,,0,69,,82300,12,,,0,28,,82301,12,,,0,70,,82302,12,,,0,35,,82303,12,,,0,72,,82304,12,,,0,75,,82305,12,,,0,34,,82306,12,,,0,72,,82307,12,,,0,33,,82298,12,,,0,73,,82297,12,,,0,33,,82296,12,,,0,72,,82295,12,,,0,32,,82280,12,,,0,68,,82281,12,,,0,29,,82282,12,,,0,68,,82283,12,,,0,28,,82284,12,,,0,67,,82285,12,,,0,31,,82286,12,,,0,68,,82287,12,,,0,27,,82288,12,,,0,68,,82289,12,,,0,29,,82290,12,,,0,67,,82291,12,,,0,26,,82292,12,,,0,26,,82293,12,,,0,64,,82294,12,,,0,24,,82309,12,,,0,67,,82308,12,,,0
300,'7_4',655,,79252,12,,,0,69,,79253,12,,,0,28,,79254,12,,,0,70,,79255,12,,,0,35,,79256,12,,,0,72,,79257,12,,,0,75,,79258,12,,,0,34,,79259,12,,,0,72,,79260,12,,,0,33,,79251,12,,,0,73,,79250,12,,,0,33,,79249,12,,,0,72,,79248,12,,,0,32,,79233,12,,,0,68,,79234,12,,,0,29,,79235,12,,,0,68,,79236,12,,,0,28,,79237,12,,,0,67,,79238,12,,,0,31,,79239,12,,,0,68,,79240,12,,,0,27,,79241,12,,,0,68,,79242,12,,,0,29,,79243,12,,,0,67,,79244,12,,,0,26,,79245,12,,,0,26,,79246,12,,,0,64,,79247,12,,,0,24,,79262,12,,,0,67,,79261,12,,,0
300,'7_5',655,,80370,12,,,0,69,,80371,12,,,0,28,,80372,12,,,0,70,,80373,12,,,0,35,,80374,12,,,0,72,,80375,12,,,0,75,,80376,12,,,0,34,,80377,12,,,0,72,,80378,12,,,0,33,,80369,12,,,0,73,,80368,12,,,0,33,,80367,12,,,0,72,,80366,12,,,0,32,,80344,12,,,0,68,,80345,12,,,0,29,,80346,12,,,0,68,,80347,12,,,0,28,,80348,12,,,0,67,,80349,12,,,0,31,,80350,12,,,0,68,,80351,12,,,0,27,,80352,12,,,0,68,,80353,12,,,0,29,,80354,12,,,0,67,,80355,12,,,0,26,,80356,12,,,0,26,,80357,12,,,0,64,,80358,12,,,0,24,,80380,12,,,0,67,,80379,12,,,0
