2501,'0_6',700,,67828,7,,,0,111,,67829,7,,,0,125,,67830,7,,,0,112,,67831,7,,,0,153,,67832,7,,,0,128,,67833,7,,,0,128,,67834,7,,,0,159,,67835,7,,,0,120,,67836,7,,,0,120,,67837,7,,,0
2501,'3_1',700,,67888,7,,,0,111,,67889,7,,,0,125,,67890,7,,,0,112,,67891,7,,,0,153,,67892,7,,,0,128,,67893,7,,,0,128,,67894,7,,,0,159,,67895,7,,,0,120,,67896,7,,,0,120,,67897,7,,,0
2501,'3_2',700,,73483,7,,,0,111,,73484,7,,,0,125,,73485,7,,,0,112,,73486,7,,,0,153,,73487,7,,,0,128,,73488,7,,,0,128,,73489,7,,,0,159,,73490,7,,,0,120,,73491,7,,,0,120,,73492,7,,,0
2501,'3_3',700,,67898,7,,,0,111,,67899,7,,,0,125,,67900,7,,,0,112,,67901,7,,,0,153,,67902,7,,,0,128,,67903,7,,,0,128,,67904,7,,,0,159,,67905,7,,,0,120,,67906,7,,,0,120,,67907,7,,,0
2501,'3_4',700,,67908,7,,,0,111,,67909,7,,,0,125,,67910,7,,,0,112,,67911,7,,,0,153,,67912,7,,,0,128,,67913,7,,,0,128,,67914,7,,,0,159,,67915,7,,,0,120,,67916,7,,,0,120,,67917,7,,,0
2501,'3_5',700,,67918,7,,,0,111,,67919,7,,,0,125,,67920,7,,,0,112,,67921,7,,,0,153,,67922,7,,,0,128,,67923,7,,,0,128,,67924,7,,,0,159,,67925,7,,,0,120,,67926,7,,,0,120,,67927,7,,,0
2501,'5_1',700,,74443,7,,,0,111,,74444,7,,,0,125,,74445,7,,,0,112,,74446,7,,,0,153,,74447,7,,,0,128,,74448,7,,,0,128,,74449,7,,,0,159,,74450,7,,,0,120,,74451,7,,,0,120,,74452,7,,,0
2501,'5_2',700,,76343,7,,,0,111,,76344,7,,,0,125,,76345,7,,,0,112,,76346,7,,,0,153,,76347,7,,,0,128,,76348,7,,,0,128,,76349,7,,,0,159,,76350,7,,,0,120,,76351,7,,,0,120,,76352,7,,,0
2501,'5_3',700,,76353,7,,,0,111,,76354,7,,,0,125,,76355,7,,,0,112,,76356,7,,,0,153,,76357,7,,,0,128,,76358,7,,,0,128,,76359,7,,,0,159,,76360,7,,,0,120,,76361,7,,,0,120,,76362,7,,,0
2501,'5_4',700,,76363,7,,,0,111,,76364,7,,,0,125,,76365,7,,,0,112,,76366,7,,,0,153,,76367,7,,,0,128,,76368,7,,,0,128,,76369,7,,,0,159,,76370,7,,,0,120,,76371,7,,,0,120,,76372,7,,,0
