801,'7_1',839,,80749,8,,,0,108,,80750,8,,,0,110,,80751,8,,,0,159,,80743,8,,,0,111,,80752,8,,,0,112,,80753,8,,,0,112,,80754,8,,,0,75,,80744,8,,,0,75,,80745,8,,,0,30,,80746,8,,,0,75,,80747,8,,,0,35,,80748,8,,,0,71,,80755,8,,,0,34,,80756,8,,,0
801,'7_2',839,,82670,8,,,0,108,,82671,8,,,0,110,,82672,8,,,0,159,,82664,8,,,0,111,,82673,8,,,0,112,,82674,8,,,0,112,,82675,8,,,0,75,,82665,8,,,0,75,,82666,8,,,0,30,,82667,8,,,0,75,,82668,8,,,0,35,,82669,8,,,0,71,,82676,8,,,0,34,,82677,8,,,0
801,'7_3',839,,82684,8,,,0,108,,82685,8,,,0,110,,82686,8,,,0,159,,82678,8,,,0,111,,82687,8,,,0,112,,82688,8,,,0,112,,82689,8,,,0,75,,82679,8,,,0,75,,82680,8,,,0,30,,82681,8,,,0,75,,82682,8,,,0,35,,82683,8,,,0,71,,82690,8,,,0,34,,82691,8,,,0
801,'7_4',839,,79446,8,,,0,108,,79447,8,,,0,110,,79448,8,,,0,159,,79440,8,,,0,111,,79449,8,,,0,112,,79450,8,,,0,112,,79451,8,,,0,75,,79441,8,,,0,75,,79442,8,,,0,30,,79443,8,,,0,75,,79444,8,,,0,35,,79445,8,,,0,71,,79452,8,,,0,34,,79453,8,,,0
801,'7_5',839,,80763,8,,,0,108,,80764,8,,,0,110,,80765,8,,,0,159,,80757,8,,,0,111,,80766,8,,,0,112,,80767,8,,,0,112,,80768,8,,,0,75,,80758,8,,,0,75,,80759,8,,,0,30,,80760,8,,,0,75,,80761,8,,,0,35,,80762,8,,,0,71,,80769,8,,,0,34,,80770,8,,,0
2201,'0_6',922,,67648,2,,,0,122,,67649,2,,,0,172,,67650,2,,,0,213,,67651,2,,,0,177,,67652,2,,,0,138,,67653,2,,,0,160,,67654,2,,,0
2201,'1_7',1245,,67655,2,,,0,159,,67656,2,,,0,120,,67657,2,,,0,120,,67658,2,,,0,160,,67659,2,,,0
2201,'7_1',922,,80994,2,,,0,122,,80995,2,,,0,172,,80996,2,,,0,213,,80997,2,,,0,177,,80998,2,,,0,138,,80999,2,,,0,160,,81000,2,,,0
2201,'7_2',922,,82914,2,,,0,122,,82915,2,,,0,172,,82916,2,,,0,213,,82917,2,,,0,177,,82918,2,,,0,138,,82919,2,,,0,160,,82920,2,,,0
2201,'7_3',922,,82921,2,,,0,122,,82922,2,,,0,172,,82923,2,,,0,213,,82924,2,,,0,177,,82925,2,,,0,138,,82926,2,,,0,160,,82927,2,,,0
2201,'7_4',922,,79565,2,,,0,122,,79566,2,,,0,172,,79567,2,,,0,213,,79568,2,,,0,177,,79569,2,,,0,138,,79570,2,,,0,160,,79571,2,,,0
2201,'7_5',922,,81001,2,,,0,122,,81002,2,,,0,172,,81003,2,,,0,213,,81004,2,,,0,177,,81005,2,,,0,138,,81006,2,,,0,160,,81007,2,,,0
2201,'8_7',1245,,84072,2,,,0,159,,84073,2,,,0,120,,84074,2,,,0,120,,84075,2,,,0,160,,84076,2,,,0
