201,'0_4',755,,94986,43,0,62,0,88,,94995,31,0,62,0,88,,94996,43,0,62,0,202,,94988,43,0,62,0,118,,94989,43,0,62,0,60,,95008,22,0,62,0,116,,95010,43,0,62,0,186,,94979,43,0,62,0,87,,95006,22,0,62,0,31,,95005,43,0,62,0,75,,94992,31,0,62,0,25,,94980,43,0,62,0,28,,95003,31,0,62,0,68,,94993,43,0,62,0,80,,94994,43,0,62,0
201,'0_5',755,,95025,43,0,62,0,88,,95034,31,0,62,0,88,,95035,43,0,62,0,202,,95027,43,0,62,0,118,,95028,43,0,62,0,60,,95047,22,0,62,0,116,,95049,43,0,62,0,186,,95018,43,0,62,0,87,,95045,22,0,62,0,31,,95044,43,0,62,0,75,,95031,31,0,62,0,25,,95019,43,0,62,0,28,,95042,31,0,62,0,68,,95032,43,0,62,0,80,,95033,43,0,62,0
201,'1_3',755,,95064,43,0,62,0,88,,95073,31,0,62,0,88,,95074,43,0,62,0,202,,95066,43,0,62,0,118,,95067,43,0,62,0,60,,95086,22,0,62,0,116,,95089,43,0,62,0,186,,95057,43,0,62,0,87,,95084,22,0,62,0,31,,95083,43,0,62,0,75,,95070,31,0,62,0,25,,95058,43,0,62,0,28,,95081,31,0,62,0,68,,95071,43,0,62,0,80,,95072,43,0,62,0
201,'2_6',800,,95115,43,0,62,0,119,,95104,31,0,62,0,126,,95117,43,0,62,0,110,,95118,43,4,,0,85,,95107,31,0,62,0,107,,95108,31,0,62,0,105,,95109,31,0,62,0,90,,95098,43,0,62,0,102,,95099,43,0,62,0,165,,95112,31,0,62,0,123,,95125,43,0,62,0,72,,95114,31,0,62,0
201,'4_1',755,,95148,43,0,62,0,88,,95157,31,0,62,0,88,,95158,43,0,62,0,202,,95150,43,0,62,0,118,,95151,43,0,62,0,60,,95170,22,0,62,0,116,,95172,43,0,62,0,186,,95141,43,0,62,0,87,,95168,22,0,62,0,31,,95167,43,0,62,0,75,,95154,31,0,62,0,25,,95142,43,0,62,0,28,,95165,31,0,62,0,68,,95155,43,0,62,0,80,,95156,43,0,62,0
201,'4_2',755,,95187,43,0,62,0,88,,95196,31,0,62,0,88,,95197,43,0,62,0,202,,95189,43,0,62,0,118,,95190,43,0,62,0,60,,95209,22,0,62,0,116,,95211,43,0,62,0,186,,95180,43,0,62,0,87,,95207,22,0,62,0,31,,95206,43,0,62,0,75,,95193,31,0,62,0,25,,95181,43,0,62,0,28,,95204,31,0,62,0,68,,95194,43,0,62,0,80,,95195,43,0,62,0
201,'4_4',755,,95226,43,0,62,0,88,,95235,31,0,62,0,88,,95236,43,0,62,0,202,,95228,43,0,62,0,118,,95229,43,0,62,0,60,,95248,22,0,62,0,116,,95250,43,0,62,0,186,,95219,43,0,62,0,87,,95246,22,0,62,0,31,,95245,43,0,62,0,75,,95232,31,0,62,0,25,,95220,43,0,62,0,28,,95243,31,0,62,0,68,,95233,43,0,62,0,80,,95234,43,0,62,0
201,'4_5',755,,95265,43,0,62,0,88,,95274,31,0,62,0,88,,95275,43,0,62,0,202,,95267,43,0,62,0,118,,95268,43,0,62,0,60,,95287,22,0,62,0,116,,95289,43,0,62,0,186,,95258,43,0,62,0,87,,95285,22,0,62,0,31,,95284,43,0,62,0,75,,95271,31,0,62,0,25,,95259,43,0,62,0,28,,95282,31,0,62,0,68,,95272,43,0,62,0,80,,95273,43,0,62,0
2900201,'0_4',1805,,102420,7,,,0,98,,102421,7,,,0
2900201,'0_5',1805,,102422,7,,,0,98,,102423,7,,,0
2900201,'1_3',1805,,102424,7,,,0,98,,102425,7,,,0
2900201,'4_1',1805,,102426,7,,,0,98,,102427,7,,,0
2900201,'4_2',1805,,102428,7,,,0,98,,102429,7,,,0
2900201,'4_4',1805,,102430,7,,,0,98,,102431,7,,,0
2900201,'4_5',1805,,102432,7,,,0,98,,102433,7,,,0
