101,'0_6',732,,63047,39,0,5,0,117,,63048,39,0,5,0,106,,63049,39,0,5,0,70,,63060,39,0,6,0,29,,63050,39,0,5,0,71,,63061,39,0,6,0,30,,63051,39,0,5,0,70,,63062,39,0,6,0,30,,63052,39,0,5,0,68,,63063,39,0,6,0,31,,63053,39,0,5,0,69,,63064,39,0,6,0,30,,63054,39,0,5,0,70,,63065,39,0,6,0,31,,63055,39,0,5,0,72,,63066,39,0,6,0,32,,63056,39,0,5,0,70,,63067,39,0,6,0,72,,63057,39,0,5,0,29,,63068,39,0,6,0,74,,63058,39,0,5,0,25,,63069,39,0,6,0,25,,63059,39,0,5,0
101,'1_7',938,,63070,39,0,6,0,105,,63075,39,0,5,0,105,,63071,39,0,6,0,105,,63076,39,0,5,0,105,,63072,39,0,6,0,90,,63077,39,0,5,0,100,,63073,39,0,6,0,105,,63078,39,0,5,0,105,,63074,39,0,6,0,145,,63079,39,0,5,0
101,'3_1',732,,63205,45,0,5,0,72,,63206,39,0,5,0,35,,63207,45,0,6,0,70,,63209,39,0,5,0,36,,63208,45,0,6,0,75,,63210,39,0,5,0,31,,63214,39,0,6,0,72,,63211,39,0,5,0,32,,63212,39,0,6,0,70,,63213,39,0,5,0,30,,63215,39,0,6,0,69,,63216,39,0,5,0,30,,63217,39,0,6,0,68,,63219,45,0,5,0,31,,63218,39,0,6,0,71,,63220,45,0,5,0,31,,63222,39,0,6,0,71,,63226,39,0,5,0,33,,63225,39,0,6,0,73,,63223,39,0,5,0,69,,63224,39,0,6,0,29,,63221,45,0,5,0,24,,63227,39,0,6,0,70,,63228,45,0,5,0,24,,63229,39,0,6,0
101,'3_2',732,,73038,45,0,5,0,72,,73039,39,0,5,0,35,,73040,45,0,6,0,70,,73042,39,0,5,0,36,,73041,45,0,6,0,75,,73043,39,0,5,0,31,,73047,39,0,6,0,72,,73044,39,0,5,0,32,,73045,39,0,6,0,70,,73046,39,0,5,0,30,,73048,39,0,6,0,69,,73049,39,0,5,0,30,,73050,39,0,6,0,68,,73052,45,0,5,0,31,,73051,39,0,6,0,71,,73053,45,0,5,0,31,,73055,39,0,6,0,71,,73059,39,0,5,0,33,,73058,39,0,6,0,73,,73056,39,0,5,0,69,,73057,39,0,6,0,29,,73054,45,0,5,0,24,,73060,39,0,6,0,70,,73061,45,0,5,0,24,,73062,39,0,6,0
101,'3_3',732,,63230,45,0,5,0,72,,63231,39,0,5,0,35,,63232,45,0,6,0,70,,63234,39,0,5,0,36,,63233,45,0,6,0,75,,63235,39,0,5,0,31,,63239,39,0,6,0,72,,63236,39,0,5,0,32,,63237,39,0,6,0,70,,63238,39,0,5,0,30,,63240,39,0,6,0,69,,63241,39,0,5,0,30,,63242,39,0,6,0,68,,63244,45,0,5,0,31,,63243,39,0,6,0,71,,63245,45,0,5,0,31,,63247,39,0,6,0,71,,63251,39,0,5,0,33,,63250,39,0,6,0,73,,63248,39,0,5,0,69,,63249,39,0,6,0,29,,63246,45,0,5,0,24,,63252,39,0,6,0,70,,63253,45,0,5,0,24,,63254,39,0,6,0
101,'3_4',732,,63255,45,0,5,0,72,,63256,39,0,5,0,35,,63257,45,0,6,0,70,,63259,39,0,5,0,36,,63258,45,0,6,0,75,,63260,39,0,5,0,31,,63264,39,0,6,0,72,,63261,39,0,5,0,32,,63262,39,0,6,0,70,,63263,39,0,5,0,30,,63265,39,0,6,0,69,,63266,39,0,5,0,30,,63267,39,0,6,0,68,,63269,45,0,5,0,31,,63268,39,0,6,0,71,,63270,45,0,5,0,31,,63272,39,0,6,0,71,,63276,39,0,5,0,33,,63275,39,0,6,0,73,,63273,39,0,5,0,69,,63274,39,0,6,0,29,,63271,45,0,5,0,24,,63277,39,0,6,0,70,,63278,45,0,5,0,24,,63279,39,0,6,0
101,'3_5',732,,63280,45,0,5,0,72,,63281,39,0,5,0,35,,63282,45,0,6,0,70,,63284,39,0,5,0,36,,63283,45,0,6,0,75,,63285,39,0,5,0,31,,63289,39,0,6,0,72,,63286,39,0,5,0,32,,63287,39,0,6,0,70,,63288,39,0,5,0,30,,63290,39,0,6,0,69,,63291,39,0,5,0,30,,63292,39,0,6,0,68,,63294,45,0,5,0,31,,63293,39,0,6,0,71,,63295,45,0,5,0,31,,63297,39,0,6,0,71,,63301,39,0,5,0,33,,63300,39,0,6,0,73,,63298,39,0,5,0,69,,63299,39,0,6,0,29,,63296,45,0,5,0,24,,63302,39,0,6,0,70,,63303,45,0,5,0,24,,63304,39,0,6,0
101,'5_1',732,,73998,45,0,5,0,72,,73999,39,0,5,0,35,,74000,45,0,6,0,70,,74002,39,0,5,0,36,,74001,45,0,6,0,75,,74003,39,0,5,0,31,,74007,39,0,6,0,72,,74004,39,0,5,0,32,,74005,39,0,6,0,70,,74006,39,0,5,0,30,,74008,39,0,6,0,69,,74009,39,0,5,0,30,,74010,39,0,6,0,68,,74012,45,0,5,0,31,,74011,39,0,6,0,71,,74013,45,0,5,0,31,,74015,39,0,6,0,71,,74019,39,0,5,0,33,,74018,39,0,6,0,73,,74016,39,0,5,0,69,,74017,39,0,6,0,29,,74014,45,0,5,0,24,,74020,39,0,6,0,70,,74021,45,0,5,0,24,,74022,39,0,6,0
101,'5_2',732,,75008,45,0,5,0,72,,75009,39,0,5,0,35,,75010,45,0,6,0,70,,75012,39,0,5,0,36,,75011,45,0,6,0,75,,75013,39,0,5,0,31,,75017,39,0,6,0,72,,75014,39,0,5,0,32,,75015,39,0,6,0,70,,75016,39,0,5,0,30,,75018,39,0,6,0,69,,75019,39,0,5,0,30,,75020,39,0,6,0,68,,75022,45,0,5,0,31,,75021,39,0,6,0,71,,75023,45,0,5,0,31,,75025,39,0,6,0,71,,75029,39,0,5,0,33,,75028,39,0,6,0,73,,75026,39,0,5,0,69,,75027,39,0,6,0,29,,75024,45,0,5,0,24,,75030,39,0,6,0,70,,75031,45,0,5,0,24,,75032,39,0,6,0
101,'5_3',732,,75033,45,0,5,0,72,,75034,39,0,5,0,35,,75035,45,0,6,0,70,,75037,39,0,5,0,36,,75036,45,0,6,0,75,,75038,39,0,5,0,31,,75042,39,0,6,0,72,,75039,39,0,5,0,32,,75040,39,0,6,0,70,,75041,39,0,5,0,30,,75043,39,0,6,0,69,,75044,39,0,5,0,30,,75045,39,0,6,0,68,,75047,45,0,5,0,31,,75046,39,0,6,0,71,,75048,45,0,5,0,31,,75050,39,0,6,0,71,,75054,39,0,5,0,33,,75053,39,0,6,0,73,,75051,39,0,5,0,69,,75052,39,0,6,0,29,,75049,45,0,5,0,24,,75055,39,0,6,0,70,,75056,45,0,5,0,24,,75057,39,0,6,0
101,'5_4',732,,75058,45,0,5,0,72,,75059,39,0,5,0,35,,75060,45,0,6,0,70,,75062,39,0,5,0,36,,75061,45,0,6,0,75,,75063,39,0,5,0,31,,75067,39,0,6,0,72,,75064,39,0,5,0,32,,75065,39,0,6,0,70,,75066,39,0,5,0,30,,75068,39,0,6,0,69,,75069,39,0,5,0,30,,75070,39,0,6,0,68,,75072,45,0,5,0,31,,75071,39,0,6,0,71,,75073,45,0,5,0,31,,75075,39,0,6,0,71,,75079,39,0,5,0,33,,75078,39,0,6,0,73,,75076,39,0,5,0,69,,75077,39,0,6,0,29,,75074,45,0,5,0,24,,75080,39,0,6,0,70,,75081,45,0,5,0,24,,75082,39,0,6,0
