600,'0_4',708,,96586,17,,,0,20,,96600,17,0,11 12,0,93,,96587,17,,,0,110,,96588,17,0,11 12,0,101,,96589,17,0,11 12,0,90,,96590,17,0,11 12,0,110,,96591,17,0,11 12,0,107,,96592,17,0,11 12,0,97,,96601,17,0,11 12,0,92,,96593,17,0,11 12,0,97,,96594,17,0,11 12,0,82,,96595,17,0,11 12,0,42,,96596,17,0,11 12,0,74,,96597,17,0,11 12,0,32,,96598,17,0,11 12,0,81,,96599,17,0,11 12,0
600,'0_5',708,,96602,17,,,0,20,,96616,17,0,11 12,0,93,,96603,17,,,0,110,,96604,17,0,11 12,0,101,,96605,17,0,11 12,0,90,,96606,17,0,11 12,0,110,,96607,17,0,11 12,0,107,,96608,17,0,11 12,0,97,,96617,17,0,11 12,0,92,,96609,17,0,11 12,0,97,,96610,17,0,11 12,0,82,,96611,17,0,11 12,0,42,,96612,17,0,11 12,0,74,,96613,17,0,11 12,0,32,,96614,17,0,11 12,0,81,,96615,17,0,11 12,0
600,'1_3',708,,96618,17,,,0,20,,96632,17,0,11 12,0,93,,96619,17,,,0,110,,96620,17,0,11 12,0,101,,96621,17,0,11 12,0,90,,96622,17,0,11 12,0,110,,96623,17,0,11 12,0,107,,96624,17,0,11 12,0,97,,96633,17,0,11 12,0,92,,96625,17,0,11 12,0,97,,96626,17,0,11 12,0,82,,96627,17,0,11 12,0,42,,96628,17,0,11 12,0,74,,96629,17,0,11 12,0,32,,96630,17,0,11 12,0,81,,96631,17,0,11 12,0
600,'2_6',757,,96634,17,0,11 12,0,93,,96636,17,0,11 12,0,93,,96637,17,0,11 12,0,87,,96638,17,0,11 12,0,90,,96639,17,0,11 12,0,88,,96640,17,0,11 12,0,48,,96641,17,0,11 12,0,91,,96642,17,0,11 12,0,87,,96643,17,0,11 12,0,98,,96644,17,0,11 12,0,90,,96645,17,0,11 12,0,91,,96646,17,0,11 12,0,90,,96647,17,0,11 12,0,55,,96648,17,0,11 12,0,81,,96635,17,0,11 12,0
600,'4_1',708,,96649,17,,,0,20,,96663,17,0,11 12,0,93,,96650,17,,,0,110,,96651,17,0,11 12,0,101,,96652,17,0,11 12,0,90,,96653,17,0,11 12,0,110,,96654,17,0,11 12,0,107,,96655,17,0,11 12,0,97,,96664,17,0,11 12,0,92,,96656,17,0,11 12,0,97,,96657,17,0,11 12,0,82,,96658,17,0,11 12,0,42,,96659,17,0,11 12,0,74,,96660,17,0,11 12,0,32,,96661,17,0,11 12,0,81,,96662,17,0,11 12,0
600,'4_2',708,,96665,17,,,0,20,,96679,17,0,11 12,0,93,,96666,17,,,0,110,,96667,17,0,11 12,0,101,,96668,17,0,11 12,0,90,,96669,17,0,11 12,0,110,,96670,17,0,11 12,0,107,,96671,17,0,11 12,0,97,,96680,17,0,11 12,0,92,,96672,17,0,11 12,0,97,,96673,17,0,11 12,0,82,,96674,17,0,11 12,0,42,,96675,17,0,11 12,0,74,,96676,17,0,11 12,0,32,,96677,17,0,11 12,0,81,,96678,17,0,11 12,0
600,'4_4',708,,96681,17,,,0,20,,96695,17,0,11 12,0,93,,96682,17,,,0,110,,96683,17,0,11 12,0,101,,96684,17,0,11 12,0,90,,96685,17,0,11 12,0,110,,96686,17,0,11 12,0,107,,96687,17,0,11 12,0,97,,96696,17,0,11 12,0,92,,96688,17,0,11 12,0,97,,96689,17,0,11 12,0,82,,96690,17,0,11 12,0,42,,96691,17,0,11 12,0,74,,96692,17,0,11 12,0,32,,96693,17,0,11 12,0,81,,96694,17,0,11 12,0
600,'4_5',708,,96697,17,,,0,20,,96711,17,0,11 12,0,93,,96698,17,,,0,110,,96699,17,0,11 12,0,101,,96700,17,0,11 12,0,90,,96701,17,0,11 12,0,110,,96702,17,0,11 12,0,107,,96703,17,0,11 12,0,97,,96712,17,0,11 12,0,92,,96704,17,0,11 12,0,97,,96705,17,0,11 12,0,82,,96706,17,0,11 12,0,42,,96707,17,0,11 12,0,74,,96708,17,0,11 12,0,32,,96709,17,0,11 12,0,81,,96710,17,0,11 12,0
900,'0_4',705,,97206,18,,,0,28,,97207,18,,,0,81,,97211,24,,,0,21,,97212,15,,,0,4,,97213,25,,,0,84,,97208,18,,,0,90,,97214,25,,,0,188,,97216,21,,,0,103,,97217,21,,,0,31,,97209,18,,,0,172,,97220,26,,,0,44,,97218,21,,,0,150,,97219,21,,,0,32,,97210,18,,,0,167,,97221,26,,,0
900,'0_5',705,,97225,18,,,0,28,,97226,18,,,0,81,,97230,24,,,0,21,,97231,15,,,0,4,,97232,25,,,0,84,,97227,18,,,0,90,,97233,25,,,0,188,,97235,21,,,0,103,,97236,21,,,0,31,,97228,18,,,0,172,,97239,26,,,0,44,,97237,21,,,0,150,,97238,21,,,0,32,,97229,18,,,0,167,,97240,26,,,0
900,'1_3',705,,97244,18,,,0,28,,97245,18,,,0,81,,97249,24,,,0,21,,97250,15,,,0,4,,97251,25,,,0,84,,97246,18,,,0,90,,97252,25,,,0,188,,97254,21,,,0,103,,97255,21,,,0,31,,97247,18,,,0,172,,97258,26,,,0,44,,97256,21,,,0,150,,97257,21,,,0,32,,97248,18,,,0,167,,97259,26,,,0
900,'2_6',713,,97264,21,,,0,100,,97265,21,,,0,315,,97266,21,,,0,324,,97267,21,,,0,89,,97262,15,,,0,99,,97273,15,,,0,174,,97268,22,,,0,93,,97269,21,,,0
900,'4_1',705,,97275,18,,,0,28,,97276,18,,,0,81,,97280,24,,,0,21,,97281,15,,,0,4,,97282,25,,,0,84,,97277,18,,,0,90,,97283,25,,,0,188,,97285,21,,,0,103,,97286,21,,,0,31,,97278,18,,,0,172,,97289,26,,,0,44,,97287,21,,,0,150,,97288,21,,,0,32,,97279,18,,,0,167,,97290,26,,,0
900,'4_2',705,,97294,18,,,0,28,,97295,18,,,0,81,,97299,24,,,0,21,,97300,15,,,0,4,,97301,25,,,0,84,,97296,18,,,0,90,,97302,25,,,0,188,,97304,21,,,0,103,,97305,21,,,0,31,,97297,18,,,0,172,,97308,26,,,0,44,,97306,21,,,0,150,,97307,21,,,0,32,,97298,18,,,0,167,,97309,26,,,0
900,'4_4',705,,97313,18,,,0,28,,97314,18,,,0,81,,97318,24,,,0,21,,97319,15,,,0,4,,97320,25,,,0,84,,97315,18,,,0,90,,97321,25,,,0,188,,97323,21,,,0,103,,97324,21,,,0,31,,97316,18,,,0,172,,97327,26,,,0,44,,97325,21,,,0,150,,97326,21,,,0,32,,97317,18,,,0,167,,97328,26,,,0
900,'4_5',705,,97332,18,,,0,28,,97333,18,,,0,81,,97337,24,,,0,21,,97338,15,,,0,4,,97339,25,,,0,84,,97334,18,,,0,90,,97340,25,,,0,188,,97342,21,,,0,103,,97343,21,,,0,31,,97335,18,,,0,172,,97346,26,,,0,44,,97344,21,,,0,150,,97345,21,,,0,32,,97336,18,,,0,167,,97347,26,,,0
1000,'0_4',938,,97489,40,0,18 30,0,65,,97477,34,,,0,122,,97480,40,0,18 30,0,86,,97481,40,0,18 30,0,35,,97482,40,0,18 30,0,82,,97483,40,0,18 30,0,100,,97484,40,0,18 30,0,80,,97486,40,,,0,30,,97487,40,,,0,96,,97488,40,,,0,23,,97478,34,,,0,185,,97479,34,,,0,162,,97485,40,0,18 30,0
1000,'0_5',938,,97504,40,0,18 30,0,65,,97492,34,,,0,122,,97495,40,0,18 30,0,86,,97496,40,0,18 30,0,35,,97497,40,0,18 30,0,82,,97498,40,0,18 30,0,100,,97499,40,0,18 30,0,80,,97501,40,,,0,30,,97502,40,,,0,96,,97503,40,,,0,23,,97493,34,,,0,185,,97494,34,,,0,162,,97500,40,0,18 30,0
1000,'1_3',938,,97519,40,0,18 30,0,65,,97507,34,,,0,122,,97510,40,0,18 30,0,86,,97511,40,0,18 30,0,35,,97512,40,0,18 30,0,82,,97513,40,0,18 30,0,100,,97514,40,0,18 30,0,80,,97516,40,,,0,30,,97517,40,,,0,96,,97518,40,,,0,23,,97508,34,,,0,185,,97509,34,,,0,162,,97515,40,0,18 30,0
1000,'2_6',706,,97520,34,,,0,97,,97521,34,,,0,132,,97527,40,0,18 30,0,67,,97522,34,,,0,118,,97528,40,0,18 30,0,101,,97529,40,0,18 30,0,100,,97530,40,0,18 30,0,102,,97531,40,0,18 30,0,92,,97525,40,,,0,116,,97526,40,,,0,69,,97523,34,,,0,144,,97524,34,,,0,159,,97532,40,0,18 30,0
1000,'4_1',938,,97547,40,0,18 30,0,65,,97535,34,,,0,122,,97538,40,0,18 30,0,86,,97539,40,0,18 30,0,35,,97540,40,0,18 30,0,82,,97541,40,0,18 30,0,100,,97542,40,0,18 30,0,80,,97544,40,,,0,30,,97545,40,,,0,96,,97546,40,,,0,23,,97536,34,,,0,185,,97537,34,,,0,162,,97543,40,0,18 30,0
1000,'4_2',938,,97562,40,0,18 30,0,65,,97550,34,,,0,122,,97553,40,0,18 30,0,86,,97554,40,0,18 30,0,35,,97555,40,0,18 30,0,82,,97556,40,0,18 30,0,100,,97557,40,0,18 30,0,80,,97559,40,,,0,30,,97560,40,,,0,96,,97561,40,,,0,23,,97551,34,,,0,185,,97552,34,,,0,162,,97558,40,0,18 30,0
1000,'4_4',938,,97577,40,0,18 30,0,65,,97565,34,,,0,122,,97568,40,0,18 30,0,86,,97569,40,0,18 30,0,35,,97570,40,0,18 30,0,82,,97571,40,0,18 30,0,100,,97572,40,0,18 30,0,80,,97574,40,,,0,30,,97575,40,,,0,96,,97576,40,,,0,23,,97566,34,,,0,185,,97567,34,,,0,162,,97573,40,0,18 30,0
1000,'4_5',938,,97592,40,0,18 30,0,65,,97580,34,,,0,122,,97583,40,0,18 30,0,86,,97584,40,0,18 30,0,35,,97585,40,0,18 30,0,82,,97586,40,0,18 30,0,100,,97587,40,0,18 30,0,80,,97589,40,,,0,30,,97590,40,,,0,96,,97591,40,,,0,23,,97581,34,,,0,185,,97582,34,,,0,162,,97588,40,0,18 30,0
1900,'0_4',734,,98319,20,,,0,105,,98323,20,,,0,974,,98320,20,,,0
1900,'0_5',734,,98327,20,,,0,105,,98331,20,,,0,974,,98328,20,,,0
1900,'1_3',734,,98335,20,,,0,105,,98340,20,,,0,583,,98339,20,,,0,391,,98336,20,,,0
1900,'4_1',734,,98344,20,,,0,105,,98348,20,,,0,974,,98345,20,,,0
1900,'4_2',734,,98352,20,,,0,105,,98356,20,,,0,974,,98353,20,,,0
1900,'4_4',734,,98360,20,,,0,105,,98364,20,,,0,974,,98361,20,,,0
1900,'4_5',734,,98368,20,,,0,105,,98372,20,,,0,974,,98369,20,,,0
1000000,'0_4',537,,100029,9,0,31 33,0,20,,100030,9,0,31 33,0,60,,100111,9,0,31 33,0,19,,100112,9,,,0,14,,100114,9,,,0,50,,100110,9,,,0,9,,100063,9,,,0,8,,100064,9,,,0,12,,100065,9,,,0,11,,100066,9,,,0,10,,100067,9,,,0,51,,100068,9,,,0,10,,100069,9,,,0,10,,100070,9,,,0,8,,100113,9,,,0,9,,100031,9,0,31 33,0,9,,100032,9,,,0,10,,100033,9,0,31 33,0,50,,100034,9,,,0,11,,100035,9,0,31 33,0,10,,100071,9,,,0,11,,100036,9,0,31 33,0,11,,100037,9,,,0,51,,100038,9,0,31 33,0,11,,100039,9,,,0,11,,100040,9,0,31 33,0,10,,100041,9,,,0,11,,100043,9,0,31 33,0,10,,100042,9,,,0,51,,100073,9,0,31 33,0,12,,100072,9,,,0,11,,100074,9,0,31 33,0,11,,100075,9,,,0,10,,100076,9,0,31 33,0,10,,100077,9,,,0,50,,100078,9,0,31 33,0,11,,100079,9,,,0,11,,100080,9,0,31 33,0,10,,100081,9,,,0,10,,100082,9,0,31 33,0,50,,100083,9,,,0,9,,100084,9,0,31 33,0,10,,100085,9,,,0,10,,100044,9,0,31 33,0,11,,100045,9,,,0,9,,100086,9,0,31 33,0,50,,100046,9,,,0,9,,100047,9,0,31 33,0,11,,100048,9,,,0,10,,100087,9,0,31 33,0,11,,100049,9,,,0,10,,100050,9,0,31 33,0,50,,100051,9,,,0,10,,100052,9,0,31 33,0,11,,100088,9,,,0,11,,100089,9,,,0,10,,100090,9,,,0,10,,100091,9,,,0,49,,100092,9,,,0,11,,100093,9,,,0,10,,100094,9,,,0,11,,100095,9,,,0,9,,100096,9,,,0,9,,100097,9,,,0,49,,100098,9,,,0,10,,100099,9,,,0,9,,100100,9,,,0,10,,100101,9,,,0,10,,100102,9,,,0,10,,100103,9,,,0,50,,100104,9,0,31 33,0,10,,100105,9,,,0,8,,100109,9,0,31 33,0,10,,100053,9,0,31 33,0,11,,100106,9,,,0,10,,100054,9,0,31 33,0,10,,100107,9,,,0,49,,100055,9,0,31 33,0,19,,100056,9,0,31 33,0,19,,100057,9,0,31 33,0,58,,100058,9,0,31 33,0,21,,100059,9,0,31 33,0,21,,100060,9,0,31 33,0,60,,100061,9,0,31 33,0,20,,100062,9,0,31 33,0
1000000,'0_5',537,,100115,9,0,31 33,0,20,,100116,9,0,31 33,0,60,,100197,9,0,31 33,0,19,,100198,9,,,0,14,,100200,9,,,0,50,,100196,9,,,0,9,,100149,9,,,0,8,,100150,9,,,0,12,,100151,9,,,0,11,,100152,9,,,0,10,,100153,9,,,0,51,,100154,9,,,0,10,,100155,9,,,0,10,,100156,9,,,0,8,,100199,9,,,0,9,,100117,9,0,31 33,0,9,,100118,9,,,0,10,,100119,9,0,31 33,0,50,,100120,9,,,0,11,,100121,9,0,31 33,0,10,,100157,9,,,0,11,,100122,9,0,31 33,0,11,,100123,9,,,0,51,,100124,9,0,31 33,0,11,,100125,9,,,0,11,,100126,9,0,31 33,0,10,,100127,9,,,0,11,,100129,9,0,31 33,0,10,,100128,9,,,0,51,,100159,9,0,31 33,0,12,,100158,9,,,0,11,,100160,9,0,31 33,0,11,,100161,9,,,0,10,,100162,9,0,31 33,0,10,,100163,9,,,0,50,,100164,9,0,31 33,0,11,,100165,9,,,0,11,,100166,9,0,31 33,0,10,,100167,9,,,0,10,,100168,9,0,31 33,0,50,,100169,9,,,0,9,,100170,9,0,31 33,0,10,,100171,9,,,0,10,,100130,9,0,31 33,0,11,,100131,9,,,0,9,,100172,9,0,31 33,0,50,,100132,9,,,0,9,,100133,9,0,31 33,0,11,,100134,9,,,0,10,,100173,9,0,31 33,0,11,,100135,9,,,0,10,,100136,9,0,31 33,0,50,,100137,9,,,0,10,,100138,9,0,31 33,0,11,,100174,9,,,0,11,,100175,9,,,0,10,,100176,9,,,0,10,,100177,9,,,0,49,,100178,9,,,0,11,,100179,9,,,0,10,,100180,9,,,0,11,,100181,9,,,0,9,,100182,9,,,0,9,,100183,9,,,0,49,,100184,9,,,0,10,,100185,9,,,0,9,,100186,9,,,0,10,,100187,9,,,0,10,,100188,9,,,0,10,,100189,9,,,0,50,,100190,9,0,31 33,0,10,,100191,9,,,0,8,,100195,9,0,31 33,0,10,,100139,9,0,31 33,0,11,,100192,9,,,0,10,,100140,9,0,31 33,0,10,,100193,9,,,0,49,,100141,9,0,31 33,0,19,,100142,9,0,31 33,0,19,,100143,9,0,31 33,0,58,,100144,9,0,31 33,0,21,,100145,9,0,31 33,0,21,,100146,9,0,31 33,0,60,,100147,9,0,31 33,0,20,,100148,9,0,31 33,0
1000000,'1_3',537,,100201,9,0,31 33,0,20,,100202,9,0,31 33,0,60,,100283,9,0,31 33,0,19,,100284,9,,,0,14,,100286,9,,,0,50,,100282,9,,,0,9,,100235,9,,,0,8,,100236,9,,,0,12,,100237,9,,,0,11,,100238,9,,,0,10,,100239,9,,,0,51,,100240,9,,,0,10,,100241,9,,,0,10,,100242,9,,,0,8,,100285,9,,,0,9,,100203,9,0,31 33,0,9,,100204,9,,,0,10,,100205,9,0,31 33,0,50,,100206,9,,,0,11,,100207,9,0,31 33,0,10,,100243,9,,,0,11,,100208,9,0,31 33,0,11,,100209,9,,,0,51,,100210,9,0,31 33,0,11,,100211,9,,,0,11,,100212,9,0,31 33,0,10,,100213,9,,,0,11,,100215,9,0,31 33,0,10,,100214,9,,,0,51,,100245,9,0,31 33,0,12,,100244,9,,,0,11,,100246,9,0,31 33,0,11,,100247,9,,,0,10,,100248,9,0,31 33,0,10,,100249,9,,,0,50,,100250,9,0,31 33,0,11,,100251,9,,,0,11,,100252,9,0,31 33,0,10,,100253,9,,,0,10,,100254,9,0,31 33,0,50,,100255,9,,,0,9,,100256,9,0,31 33,0,10,,100257,9,,,0,10,,100216,9,0,31 33,0,11,,100217,9,,,0,9,,100258,9,0,31 33,0,50,,100218,9,,,0,9,,100219,9,0,31 33,0,11,,100220,9,,,0,10,,100259,9,0,31 33,0,11,,100221,9,,,0,10,,100222,9,0,31 33,0,50,,100223,9,,,0,10,,100224,9,0,31 33,0,11,,100260,9,,,0,11,,100261,9,,,0,10,,100262,9,,,0,10,,100263,9,,,0,49,,100264,9,,,0,11,,100265,9,,,0,10,,100266,9,,,0,11,,100267,9,,,0,9,,100268,9,,,0,9,,100269,9,,,0,49,,100270,9,,,0,10,,100271,9,,,0,9,,100272,9,,,0,10,,100273,9,,,0,10,,100274,9,,,0,10,,100275,9,,,0,50,,100276,9,0,31 33,0,10,,100277,9,,,0,8,,100281,9,0,31 33,0,10,,100225,9,0,31 33,0,11,,100278,9,,,0,10,,100226,9,0,31 33,0,10,,100279,9,,,0,49,,100227,9,0,31 33,0,19,,100228,9,0,31 33,0,19,,100229,9,0,31 33,0,58,,100230,9,0,31 33,0,21,,100231,9,0,31 33,0,21,,100232,9,0,31 33,0,60,,100233,9,0,31 33,0,20,,100234,9,0,31 33,0
1000000,'2_6',534,,100287,9,0,31 33,0,80,,100288,9,0,31 33,0,41,,100289,9,,,0,81,,100290,9,,,0,70,,100291,9,0,31 33,0,15,,100292,9,,,0,16,,100293,9,0,31 33,0,15,,100294,9,0,31 33,0,53,,100295,9,,,0,15,,100296,9,0,31 33,0,16,,100354,9,0,31 33,0,16,,100297,9,,,0,56,,100298,9,0,31 33,0,16,,100299,9,0,31 33,0,14,,100300,9,,,0,16,,100301,9,0,31 33,0,55,,100302,9,0,31 33,0,16,,100303,9,,,0,15,,100304,9,0,31 33,0,15,,100305,9,0,31 33,0,56,,100306,9,,,0,14,,100307,9,0,31 33,0,15,,100308,9,0,31 33,0,15,,100309,9,,,0,54,,100310,9,0,31 33,0,10,,100311,9,0,31 33,0,11,,100312,9,,,0,12,,100313,9,0,31 33,0,10,,100314,9,0,31 33,0,49,,100315,9,0,31 33,0,9,,100316,9,,,0,10,,100317,9,0,31 33,0,11,,100318,9,0,31 33,0,10,,100319,9,0,31 33,0,10,,100320,9,,,0,52,,100321,9,0,31 33,0,9,,100322,9,0,31 33,0,9,,100323,9,0,31 33,0,10,,100324,9,,,0,11,,100325,9,0,31 33,0,10,,100326,9,0,31 33,0,50,,100327,9,0,31 33,0,11,,100328,9,,,0,11,,100329,9,0,31 33,0,9,,100330,9,0,31 33,0,11,,100331,9,0,31 33,0,11,,100332,9,,,0,53,,100333,9,0,31 33,0,9,,100334,9,0,31 33,0,9,,100335,9,0,31 33,0,10,,100336,9,,,0,8,,100337,9,0,31 33,0,9,,100338,9,0,31 33,0,50,,100339,9,0,31 33,0,8,,100341,9,0,31 33,0,10,,100340,9,,,0,9,,100342,9,0,31 33,0,9,,100343,9,0,31 33,0,9,,100345,9,0,31 33,0,10,,100344,9,0,31 33,0,51,,100346,9,0,31 33,0,21,,100347,9,0,31 33,0,17,,100348,9,0,31 33,0,60,,100349,9,0,31 33,0,20,,100350,9,0,31 33,0,20,,100351,9,0,31 33,0,59,,100352,9,0,31 33,0,19,,100353,9,0,31 33,0
1000000,'3_7',806,,100355,9,0,31 33,0,40,,100356,9,0,31 33,0,80,,100357,9,0,31 33,0,80,,100358,9,0,31 33,0,40,,100359,9,0,31 33,0,80,,100360,9,0,31 33,0,80,,100361,9,0,31 33,0,40,,100362,9,0,31 33,0,80,,100363,9,0,31 33,0,80,,100364,9,0,31 33,0,40,,100365,9,0,31 33,0,80,,100366,9,0,31 33,0,80,,100367,9,0,31 33,0,40,,100368,9,0,31 33,0,80,,100369,9,0,31 33,0,80,,100370,9,0,31 33,0,40,,100371,9,0,31 33,0,80,,100372,9,0,31 33,0
1000000,'4_1',537,,100373,9,0,31 33,0,20,,100374,9,0,31 33,0,60,,100455,9,0,31 33,0,19,,100456,9,,,0,14,,100458,9,,,0,50,,100454,9,,,0,9,,100407,9,,,0,8,,100408,9,,,0,12,,100409,9,,,0,11,,100410,9,,,0,10,,100411,9,,,0,51,,100412,9,,,0,10,,100413,9,,,0,10,,100414,9,,,0,8,,100457,9,,,0,9,,100375,9,0,31 33,0,9,,100376,9,,,0,10,,100377,9,0,31 33,0,50,,100378,9,,,0,11,,100379,9,0,31 33,0,10,,100415,9,,,0,11,,100380,9,0,31 33,0,11,,100381,9,,,0,51,,100382,9,0,31 33,0,11,,100383,9,,,0,11,,100384,9,0,31 33,0,10,,100385,9,,,0,11,,100387,9,0,31 33,0,10,,100386,9,,,0,51,,100417,9,0,31 33,0,12,,100416,9,,,0,11,,100418,9,0,31 33,0,11,,100419,9,,,0,10,,100420,9,0,31 33,0,10,,100421,9,,,0,50,,100422,9,0,31 33,0,11,,100423,9,,,0,11,,100424,9,0,31 33,0,10,,100425,9,,,0,10,,100426,9,0,31 33,0,50,,100427,9,,,0,9,,100428,9,0,31 33,0,10,,100429,9,,,0,10,,100388,9,0,31 33,0,11,,100389,9,,,0,9,,100430,9,0,31 33,0,50,,100390,9,,,0,9,,100391,9,0,31 33,0,11,,100392,9,,,0,10,,100431,9,0,31 33,0,11,,100393,9,,,0,10,,100394,9,0,31 33,0,50,,100395,9,,,0,10,,100396,9,0,31 33,0,11,,100432,9,,,0,11,,100433,9,,,0,10,,100434,9,,,0,10,,100435,9,,,0,49,,100436,9,,,0,11,,100437,9,,,0,10,,100438,9,,,0,11,,100439,9,,,0,9,,100440,9,,,0,9,,100441,9,,,0,49,,100442,9,,,0,10,,100443,9,,,0,9,,100444,9,,,0,10,,100445,9,,,0,10,,100446,9,,,0,10,,100447,9,,,0,50,,100448,9,0,31 33,0,10,,100449,9,,,0,8,,100453,9,0,31 33,0,10,,100397,9,0,31 33,0,11,,100450,9,,,0,10,,100398,9,0,31 33,0,10,,100451,9,,,0,49,,100399,9,0,31 33,0,19,,100400,9,0,31 33,0,19,,100401,9,0,31 33,0,58,,100402,9,0,31 33,0,21,,100403,9,0,31 33,0,21,,100404,9,0,31 33,0,60,,100405,9,0,31 33,0,20,,100406,9,0,31 33,0
1000000,'4_2',537,,100459,9,0,31 33,0,20,,100460,9,0,31 33,0,60,,100541,9,0,31 33,0,19,,100542,9,,,0,14,,100544,9,,,0,50,,100540,9,,,0,9,,100493,9,,,0,8,,100494,9,,,0,12,,100495,9,,,0,11,,100496,9,,,0,10,,100497,9,,,0,51,,100498,9,,,0,10,,100499,9,,,0,10,,100500,9,,,0,8,,100543,9,,,0,9,,100461,9,0,31 33,0,9,,100462,9,,,0,10,,100463,9,0,31 33,0,50,,100464,9,,,0,11,,100465,9,0,31 33,0,10,,100501,9,,,0,11,,100466,9,0,31 33,0,11,,100467,9,,,0,51,,100468,9,0,31 33,0,11,,100469,9,,,0,11,,100470,9,0,31 33,0,10,,100471,9,,,0,11,,100473,9,0,31 33,0,10,,100472,9,,,0,51,,100503,9,0,31 33,0,12,,100502,9,,,0,11,,100504,9,0,31 33,0,11,,100505,9,,,0,10,,100506,9,0,31 33,0,10,,100507,9,,,0,50,,100508,9,0,31 33,0,11,,100509,9,,,0,11,,100510,9,0,31 33,0,10,,100511,9,,,0,10,,100512,9,0,31 33,0,50,,100513,9,,,0,9,,100514,9,0,31 33,0,10,,100515,9,,,0,10,,100474,9,0,31 33,0,11,,100475,9,,,0,9,,100516,9,0,31 33,0,50,,100476,9,,,0,9,,100477,9,0,31 33,0,11,,100478,9,,,0,10,,100517,9,0,31 33,0,11,,100479,9,,,0,10,,100480,9,0,31 33,0,50,,100481,9,,,0,10,,100482,9,0,31 33,0,11,,100518,9,,,0,11,,100519,9,,,0,10,,100520,9,,,0,10,,100521,9,,,0,49,,100522,9,,,0,11,,100523,9,,,0,10,,100524,9,,,0,11,,100525,9,,,0,9,,100526,9,,,0,9,,100527,9,,,0,49,,100528,9,,,0,10,,100529,9,,,0,9,,100530,9,,,0,10,,100531,9,,,0,10,,100532,9,,,0,10,,100533,9,,,0,50,,100534,9,0,31 33,0,10,,100535,9,,,0,8,,100539,9,0,31 33,0,10,,100483,9,0,31 33,0,11,,100536,9,,,0,10,,100484,9,0,31 33,0,10,,100537,9,,,0,49,,100485,9,0,31 33,0,19,,100486,9,0,31 33,0,19,,100487,9,0,31 33,0,58,,100488,9,0,31 33,0,21,,100489,9,0,31 33,0,21,,100490,9,0,31 33,0,60,,100491,9,0,31 33,0,20,,100492,9,0,31 33,0
1000000,'4_4',537,,100545,9,0,31 33,0,20,,100546,9,0,31 33,0,60,,100627,9,0,31 33,0,19,,100628,9,,,0,14,,100630,9,,,0,50,,100626,9,,,0,9,,100579,9,,,0,8,,100580,9,,,0,12,,100581,9,,,0,11,,100582,9,,,0,10,,100583,9,,,0,51,,100584,9,,,0,10,,100585,9,,,0,10,,100586,9,,,0,8,,100629,9,,,0,9,,100547,9,0,31 33,0,9,,100548,9,,,0,10,,100549,9,0,31 33,0,50,,100550,9,,,0,11,,100551,9,0,31 33,0,10,,100587,9,,,0,11,,100552,9,0,31 33,0,11,,100553,9,,,0,51,,100554,9,0,31 33,0,11,,100555,9,,,0,11,,100556,9,0,31 33,0,10,,100557,9,,,0,11,,100559,9,0,31 33,0,10,,100558,9,,,0,51,,100589,9,0,31 33,0,12,,100588,9,,,0,11,,100590,9,0,31 33,0,11,,100591,9,,,0,10,,100592,9,0,31 33,0,10,,100593,9,,,0,50,,100594,9,0,31 33,0,11,,100595,9,,,0,11,,100596,9,0,31 33,0,10,,100597,9,,,0,10,,100598,9,0,31 33,0,50,,100599,9,,,0,9,,100600,9,0,31 33,0,10,,100601,9,,,0,10,,100560,9,0,31 33,0,11,,100561,9,,,0,9,,100602,9,0,31 33,0,50,,100562,9,,,0,9,,100563,9,0,31 33,0,11,,100564,9,,,0,10,,100603,9,0,31 33,0,11,,100565,9,,,0,10,,100566,9,0,31 33,0,50,,100567,9,,,0,10,,100568,9,0,31 33,0,11,,100604,9,,,0,11,,100605,9,,,0,10,,100606,9,,,0,10,,100607,9,,,0,49,,100608,9,,,0,11,,100609,9,,,0,10,,100610,9,,,0,11,,100611,9,,,0,9,,100612,9,,,0,9,,100613,9,,,0,49,,100614,9,,,0,10,,100615,9,,,0,9,,100616,9,,,0,10,,100617,9,,,0,10,,100618,9,,,0,10,,100619,9,,,0,50,,100620,9,0,31 33,0,10,,100621,9,,,0,8,,100625,9,0,31 33,0,10,,100569,9,0,31 33,0,11,,100622,9,,,0,10,,100570,9,0,31 33,0,10,,100623,9,,,0,49,,100571,9,0,31 33,0,19,,100572,9,0,31 33,0,19,,100573,9,0,31 33,0,58,,100574,9,0,31 33,0,21,,100575,9,0,31 33,0,21,,100576,9,0,31 33,0,60,,100577,9,0,31 33,0,20,,100578,9,0,31 33,0
1000000,'4_5',537,,100631,9,0,31 33,0,20,,100632,9,0,31 33,0,60,,100713,9,0,31 33,0,19,,100714,9,,,0,14,,100716,9,,,0,50,,100712,9,,,0,9,,100665,9,,,0,8,,100666,9,,,0,12,,100667,9,,,0,11,,100668,9,,,0,10,,100669,9,,,0,51,,100670,9,,,0,10,,100671,9,,,0,10,,100672,9,,,0,8,,100715,9,,,0,9,,100633,9,0,31 33,0,9,,100634,9,,,0,10,,100635,9,0,31 33,0,50,,100636,9,,,0,11,,100637,9,0,31 33,0,10,,100673,9,,,0,11,,100638,9,0,31 33,0,11,,100639,9,,,0,51,,100640,9,0,31 33,0,11,,100641,9,,,0,11,,100642,9,0,31 33,0,10,,100643,9,,,0,11,,100645,9,0,31 33,0,10,,100644,9,,,0,51,,100675,9,0,31 33,0,12,,100674,9,,,0,11,,100676,9,0,31 33,0,11,,100677,9,,,0,10,,100678,9,0,31 33,0,10,,100679,9,,,0,50,,100680,9,0,31 33,0,11,,100681,9,,,0,11,,100682,9,0,31 33,0,10,,100683,9,,,0,10,,100684,9,0,31 33,0,50,,100685,9,,,0,9,,100686,9,0,31 33,0,10,,100687,9,,,0,10,,100646,9,0,31 33,0,11,,100647,9,,,0,9,,100688,9,0,31 33,0,50,,100648,9,,,0,9,,100649,9,0,31 33,0,11,,100650,9,,,0,10,,100689,9,0,31 33,0,11,,100651,9,,,0,10,,100652,9,0,31 33,0,50,,100653,9,,,0,10,,100654,9,0,31 33,0,11,,100690,9,,,0,11,,100691,9,,,0,10,,100692,9,,,0,10,,100693,9,,,0,49,,100694,9,,,0,11,,100695,9,,,0,10,,100696,9,,,0,11,,100697,9,,,0,9,,100698,9,,,0,9,,100699,9,,,0,49,,100700,9,,,0,10,,100701,9,,,0,9,,100702,9,,,0,10,,100703,9,,,0,10,,100704,9,,,0,10,,100705,9,,,0,50,,100706,9,0,31 33,0,10,,100707,9,,,0,8,,100711,9,0,31 33,0,10,,100655,9,0,31 33,0,11,,100708,9,,,0,10,,100656,9,0,31 33,0,10,,100709,9,,,0,49,,100657,9,0,31 33,0,19,,100658,9,0,31 33,0,19,,100659,9,0,31 33,0,58,,100660,9,0,31 33,0,21,,100661,9,0,31 33,0,21,,100662,9,0,31 33,0,60,,100663,9,0,31 33,0,20,,100664,9,0,31 33,0
1000000,'5_7',806,,100717,9,0,31 33,0,40,,100718,9,0,31 33,0,80,,100719,9,0,31 33,0,80,,100720,9,0,31 33,0,40,,100721,9,0,31 33,0,80,,100722,9,0,31 33,0,80,,100723,9,0,31 33,0,40,,100724,9,0,31 33,0,80,,100725,9,0,31 33,0,80,,100726,9,0,31 33,0,40,,100727,9,0,31 33,0,80,,100728,9,0,31 33,0,80,,100729,9,0,31 33,0,40,,100730,9,0,31 33,0,80,,100731,9,0,31 33,0,80,,100732,9,0,31 33,0,40,,100733,9,0,31 33,0,80,,100734,9,0,31 33,0
