301,'1_3',738,,95642,27,,,0,21,,95616,27,,,0,74,,95643,27,,,0,73,,95617,27,,,0,30,,95618,27,,,0,71,,95619,27,,,0,32,,95620,27,,,0,72,,95621,27,,,0,33,,95622,27,,,0,74,,95623,27,,,0,31,,95624,27,,,0,71,,95625,27,,,0,33,,95626,27,,,0,72,,95627,27,,,0,31,,95628,27,,,0,71,,95629,27,,,0,27,,95630,27,,,0,68,,95631,27,,,0,31,,95632,27,,,0,70,,95633,27,,,0,30,,95634,27,,,0,70,,95635,27,,,0,23,,95636,27,,,0,62,,95637,27,,,0,24,,95638,27,,,0,69,,95639,27,,,0,28,,95640,27,,,0,30,,95641,27,,,0
301,'2_6',743,,95647,27,,,0,71,,95644,27,,,0,30,,95645,27,,,0,70,,95646,27,,,0,31,,95648,27,,,0,70,,95649,27,,,0,31,,95650,27,,,0,70,,95651,27,,,0,31,,95655,27,,,0,69,,95654,27,,,0,28,,95652,27,,,0,69,,95653,27,,,0,29,,95657,27,,,0,71,,95658,27,,,0,30,,95656,27,,,0,71,,95659,27,,,0,30,,95662,27,,,0,72,,95660,27,,,0,33,,95661,27,,,0,71,,95664,27,,,0,32,,95663,27,,,0,70,,95665,27,,,0,32,,95666,27,,,0,67,,95667,27,,,0,29,,95668,27,,,0,69,,95669,27,,,0,30,,95670,27,,,0,63,,95671,27,,,0
301,'4_1',738,,95725,27,,,0,21,,95699,27,,,0,74,,95726,27,,,0,73,,95700,27,,,0,30,,95701,27,,,0,71,,95702,27,,,0,32,,95703,27,,,0,72,,95704,27,,,0,33,,95705,27,,,0,74,,95706,27,,,0,31,,95707,27,,,0,71,,95708,27,,,0,33,,95709,27,,,0,72,,95710,27,,,0,31,,95711,27,,,0,71,,95712,27,,,0,27,,95713,27,,,0,68,,95714,27,,,0,31,,95715,27,,,0,70,,95716,27,,,0,30,,95717,27,,,0,70,,95718,27,,,0,23,,95719,27,,,0,62,,95720,27,,,0,24,,95721,27,,,0,69,,95722,27,,,0,28,,95723,27,,,0,30,,95724,27,,,0
301,'4_2',738,,95753,27,,,0,21,,95727,27,,,0,74,,95754,27,,,0,73,,95728,27,,,0,30,,95729,27,,,0,71,,95730,27,,,0,32,,95731,27,,,0,72,,95732,27,,,0,33,,95733,27,,,0,74,,95734,27,,,0,31,,95735,27,,,0,71,,95736,27,,,0,33,,95737,27,,,0,72,,95738,27,,,0,31,,95739,27,,,0,71,,95740,27,,,0,27,,95741,27,,,0,68,,95742,27,,,0,31,,95743,27,,,0,70,,95744,27,,,0,30,,95745,27,,,0,70,,95746,27,,,0,23,,95747,27,,,0,62,,95748,27,,,0,24,,95749,27,,,0,69,,95750,27,,,0,28,,95751,27,,,0,30,,95752,27,,,0
301,'4_4',738,,95781,27,,,0,21,,95755,27,,,0,74,,95782,27,,,0,73,,95756,27,,,0,30,,95757,27,,,0,71,,95758,27,,,0,32,,95759,27,,,0,72,,95760,27,,,0,33,,95761,27,,,0,74,,95762,27,,,0,31,,95763,27,,,0,71,,95764,27,,,0,33,,95765,27,,,0,72,,95766,27,,,0,31,,95767,27,,,0,71,,95768,27,,,0,27,,95769,27,,,0,68,,95770,27,,,0,31,,95771,27,,,0,70,,95772,27,,,0,30,,95773,27,,,0,70,,95774,27,,,0,23,,95775,27,,,0,62,,95776,27,,,0,24,,95777,27,,,0,69,,95778,27,,,0,28,,95779,27,,,0,30,,95780,27,,,0
301,'4_5',738,,95809,27,,,0,21,,95783,27,,,0,74,,95810,27,,,0,73,,95784,27,,,0,30,,95785,27,,,0,71,,95786,27,,,0,32,,95787,27,,,0,72,,95788,27,,,0,33,,95789,27,,,0,74,,95790,27,,,0,31,,95791,27,,,0,71,,95792,27,,,0,33,,95793,27,,,0,72,,95794,27,,,0,31,,95795,27,,,0,71,,95796,27,,,0,27,,95797,27,,,0,68,,95798,27,,,0,31,,95799,27,,,0,70,,95800,27,,,0,30,,95801,27,,,0,70,,95802,27,,,0,23,,95803,27,,,0,62,,95804,27,,,0,24,,95805,27,,,0,69,,95806,27,,,0,28,,95807,27,,,0,30,,95808,27,,,0
301,'5_7',936,,95811,27,,,0,100,,95812,27,,,0,100,,95813,27,,,0,100,,95814,27,,,0,100,,95815,27,,,0,100,,95816,27,,,0,100,,95817,27,,,0,100,,95818,27,,,0,100,,95819,27,,,0,100,,95820,27,,,0,100,,95821,27,,,0
900600,'1_3',842,,99661,14,,,0,170,,99663,14,,,0,125,,99664,14,,,0,175,,99665,14,,,0,120,,99666,14,,,0,175,,99667,14,,,0,130,,99668,14,,,0,170,,99662,14,,,0
900600,'2_6',842,,99669,14,,,0,170,,99671,14,,,0,125,,99672,14,,,0,175,,99673,14,,,0,120,,99674,14,,,0,175,,99675,14,,,0,130,,99676,14,,,0,170,,99670,14,,,0
900600,'4_1',842,,99677,14,,,0,170,,99679,14,,,0,125,,99680,14,,,0,175,,99681,14,,,0,120,,99682,14,,,0,175,,99683,14,,,0,130,,99684,14,,,0,170,,99678,14,,,0
900600,'4_2',842,,99685,14,,,0,170,,99687,14,,,0,125,,99688,14,,,0,175,,99689,14,,,0,120,,99690,14,,,0,175,,99691,14,,,0,130,,99692,14,,,0,170,,99686,14,,,0
900600,'4_4',842,,99693,14,,,0,170,,99695,14,,,0,125,,99696,14,,,0,175,,99697,14,,,0,120,,99698,14,,,0,175,,99699,14,,,0,130,,99700,14,,,0,170,,99694,14,,,0
900600,'4_5',842,,99701,14,,,0,170,,99703,14,,,0,125,,99704,14,,,0,175,,99705,14,,,0,120,,99706,14,,,0,175,,99707,14,,,0,130,,99708,14,,,0,170,,99702,14,,,0
2900301,'1_3',1730,,102463,13,,,0,28,,102464,13,,,0,73,,102465,13,,,0,20,,102466,13,,,0
2900301,'4_1',1730,,102467,13,,,0,28,,102468,13,,,0,73,,102469,13,,,0,20,,102470,13,,,0
2900301,'4_2',1730,,102471,13,,,0,28,,102472,13,,,0,73,,102473,13,,,0,20,,102474,13,,,0
2900301,'4_4',1730,,102475,13,,,0,28,,102476,13,,,0,73,,102477,13,,,0,20,,102478,13,,,0
2900301,'4_5',1730,,102479,13,,,0,28,,102480,13,,,0,73,,102481,13,,,0,20,,102482,13,,,0
