100,'0_6',711,,62779,20,0,61 8,0,109,,62791,20,0,61 8,0,95,,62780,20,0,61 8,0,30,,62792,20,0,61 8,0,69,,62781,20,0,61 8,0,33,,62793,20,0,61 8,0,69,,62782,20,0,61 8,0,29,,62794,20,0,61 8,0,71,,62783,20,0,61 8,0,29,,62795,20,0,61 8,0,70,,62784,20,0,61 8,0,30,,62796,20,0,61 8,0,70,,62785,20,0,61 8,0,31,,62797,20,0,61 8,0,69,,62786,20,0,61 8,0,31,,62798,20,0,61 8,0,70,,62787,20,0,61 8,0,31,,62799,20,0,61 8,0,73,,62788,20,0,61 8,0,29,,62800,20,0,61 8,0,70,,62789,20,0,61 8,0,31,,62801,20,0,61 8,0,69,,62790,20,0,61 8,0
100,'1_7',914,,62802,20,0,61 8,0,105,,62807,20,0,61 8,0,106,,62803,20,0,61 8,0,104,,62808,20,0,61 8,0,90,,62804,20,0,61 8,0,100,,62809,20,0,61 8,0,105,,62805,20,0,61 8,0,105,,62810,20,0,61 8,0,105,,62806,20,0,61 8,0,105,,62811,20,0,61 8,0
100,'3_1',711,,62937,20,0,61 8,0,30,,62938,20,,,0,74,,62940,20,0,61 8,0,25,,62941,20,0,61 8,0,70,,62939,20,0,61 8,0,29,,62942,20,0,61 8,0,74,,62943,20,0,61 8,0,31,,62946,20,0,61 8,0,70,,62944,20,0,61 8,0,33,,62945,20,0,61 8,0,71,,62948,20,,,0,31,,62947,20,0,61 8,0,70,,62949,20,,,0,30,,62950,20,0,61 8,0,70,,62952,20,0,61 8,0,30,,62951,20,0,61 8,0,70,,62956,20,0,61 8,0,29,,62955,20,0,61 8,0,71,,62957,20,,,0,34,,62953,20,0,61 8,0,70,,62958,20,,,0,31,,62954,20,0,61 8,0,70,,62959,20,,,0,30,,62960,20,0,61 8,0,70,,62961,20,,,0
100,'3_2',711,,73013,20,0,61 8,0,30,,73014,20,,,0,74,,73016,20,0,61 8,0,25,,73017,20,0,61 8,0,70,,73015,20,0,61 8,0,29,,73018,20,0,61 8,0,74,,73019,20,0,61 8,0,31,,73022,20,0,61 8,0,70,,73020,20,0,61 8,0,33,,73021,20,0,61 8,0,71,,73024,20,,,0,31,,73023,20,0,61 8,0,70,,73025,20,,,0,30,,73026,20,0,61 8,0,70,,73028,20,0,61 8,0,30,,73027,20,0,61 8,0,70,,73032,20,0,61 8,0,29,,73031,20,0,61 8,0,71,,73033,20,,,0,34,,73029,20,0,61 8,0,70,,73034,20,,,0,31,,73030,20,0,61 8,0,70,,73035,20,,,0,30,,73036,20,0,61 8,0,70,,73037,20,,,0
100,'3_3',711,,62962,20,0,61 8,0,30,,62963,20,,,0,74,,62965,20,0,61 8,0,25,,62966,20,0,61 8,0,70,,62964,20,0,61 8,0,29,,62967,20,0,61 8,0,74,,62968,20,0,61 8,0,31,,62971,20,0,61 8,0,70,,62969,20,0,61 8,0,33,,62970,20,0,61 8,0,71,,62973,20,,,0,31,,62972,20,0,61 8,0,70,,62974,20,,,0,30,,62975,20,0,61 8,0,70,,62977,20,0,61 8,0,30,,62976,20,0,61 8,0,70,,62981,20,0,61 8,0,29,,62980,20,0,61 8,0,71,,62982,20,,,0,34,,62978,20,0,61 8,0,70,,62983,20,,,0,31,,62979,20,0,61 8,0,70,,62984,20,,,0,30,,62985,20,0,61 8,0,70,,62986,20,,,0
100,'3_4',711,,62987,20,0,61 8,0,30,,62988,20,,,0,74,,62990,20,0,61 8,0,25,,62991,20,0,61 8,0,70,,62989,20,0,61 8,0,29,,62992,20,0,61 8,0,74,,62993,20,0,61 8,0,31,,62996,20,0,61 8,0,70,,62994,20,0,61 8,0,33,,62995,20,0,61 8,0,71,,62998,20,,,0,31,,62997,20,0,61 8,0,70,,62999,20,,,0,30,,63000,20,0,61 8,0,70,,63002,20,0,61 8,0,30,,63001,20,0,61 8,0,70,,63006,20,0,61 8,0,29,,63005,20,0,61 8,0,71,,63007,20,,,0,34,,63003,20,0,61 8,0,70,,63008,20,,,0,31,,63004,20,0,61 8,0,70,,63009,20,,,0,30,,63010,20,0,61 8,0,70,,63011,20,,,0
100,'3_5',711,,63012,20,0,61 8,0,30,,63013,20,,,0,74,,63015,20,0,61 8,0,25,,63016,20,0,61 8,0,70,,63014,20,0,61 8,0,29,,63017,20,0,61 8,0,74,,63018,20,0,61 8,0,31,,63021,20,0,61 8,0,70,,63019,20,0,61 8,0,33,,63020,20,0,61 8,0,71,,63023,20,,,0,31,,63022,20,0,61 8,0,70,,63024,20,,,0,30,,63025,20,0,61 8,0,70,,63027,20,0,61 8,0,30,,63026,20,0,61 8,0,70,,63031,20,0,61 8,0,29,,63030,20,0,61 8,0,71,,63032,20,,,0,34,,63028,20,0,61 8,0,70,,63033,20,,,0,31,,63029,20,0,61 8,0,70,,63034,20,,,0,30,,63035,20,0,61 8,0,70,,63036,20,,,0
100,'5_1',711,,73973,20,0,61 8,0,30,,73974,20,,,0,74,,73976,20,0,61 8,0,25,,73977,20,0,61 8,0,70,,73975,20,0,61 8,0,29,,73978,20,0,61 8,0,74,,73979,20,0,61 8,0,31,,73982,20,0,61 8,0,70,,73980,20,0,61 8,0,33,,73981,20,0,61 8,0,71,,73984,20,,,0,31,,73983,20,0,61 8,0,70,,73985,20,,,0,30,,73986,20,0,61 8,0,70,,73988,20,0,61 8,0,30,,73987,20,0,61 8,0,70,,73992,20,0,61 8,0,29,,73991,20,0,61 8,0,71,,73993,20,,,0,34,,73989,20,0,61 8,0,70,,73994,20,,,0,31,,73990,20,0,61 8,0,70,,73995,20,,,0,30,,73996,20,0,61 8,0,70,,73997,20,,,0
100,'5_2',711,,74933,20,0,61 8,0,30,,74934,20,,,0,74,,74936,20,0,61 8,0,25,,74937,20,0,61 8,0,70,,74935,20,0,61 8,0,29,,74938,20,0,61 8,0,74,,74939,20,0,61 8,0,31,,74942,20,0,61 8,0,70,,74940,20,0,61 8,0,33,,74941,20,0,61 8,0,71,,74944,20,,,0,31,,74943,20,0,61 8,0,70,,74945,20,,,0,30,,74946,20,0,61 8,0,70,,74948,20,0,61 8,0,30,,74947,20,0,61 8,0,70,,74952,20,0,61 8,0,29,,74951,20,0,61 8,0,71,,74953,20,,,0,34,,74949,20,0,61 8,0,70,,74954,20,,,0,31,,74950,20,0,61 8,0,70,,74955,20,,,0,30,,74956,20,0,61 8,0,70,,74957,20,,,0
100,'5_3',711,,74958,20,0,61 8,0,30,,74959,20,,,0,74,,74961,20,0,61 8,0,25,,74962,20,0,61 8,0,70,,74960,20,0,61 8,0,29,,74963,20,0,61 8,0,74,,74964,20,0,61 8,0,31,,74967,20,0,61 8,0,70,,74965,20,0,61 8,0,33,,74966,20,0,61 8,0,71,,74969,20,,,0,31,,74968,20,0,61 8,0,70,,74970,20,,,0,30,,74971,20,0,61 8,0,70,,74973,20,0,61 8,0,30,,74972,20,0,61 8,0,70,,74977,20,0,61 8,0,29,,74976,20,0,61 8,0,71,,74978,20,,,0,34,,74974,20,0,61 8,0,70,,74979,20,,,0,31,,74975,20,0,61 8,0,70,,74980,20,,,0,30,,74981,20,0,61 8,0,70,,74982,20,,,0
100,'5_4',711,,74983,20,0,61 8,0,30,,74984,20,,,0,74,,74986,20,0,61 8,0,25,,74987,20,0,61 8,0,70,,74985,20,0,61 8,0,29,,74988,20,0,61 8,0,74,,74989,20,0,61 8,0,31,,74992,20,0,61 8,0,70,,74990,20,0,61 8,0,33,,74991,20,0,61 8,0,71,,74994,20,,,0,31,,74993,20,0,61 8,0,70,,74995,20,,,0,30,,74996,20,0,61 8,0,70,,74998,20,0,61 8,0,30,,74997,20,0,61 8,0,70,,75002,20,0,61 8,0,29,,75001,20,0,61 8,0,71,,75003,20,,,0,34,,74999,20,0,61 8,0,70,,75004,20,,,0,31,,75000,20,0,61 8,0,70,,75005,20,,,0,30,,75006,20,0,61 8,0,70,,75007,20,,,0
