900,'S2-0_2',635,,87241,1,,,0,68,,87242,1,,,0,41,,87246,7,,,0,65,,87248,8,,,0,44,,87243,1,,,0,89,,87249,8,,,0,94,,87250,4,0,50,0,93,,87251,4,,,0,105,,87252,4,,,0,70,,87244,1,,,0,130,,87255,9,,,0,84,,87253,4,,,0,110,,87254,4,,,0,72,,87245,1,,,0,130,,87256,9,,,0,78,,87257,1,0,50,0
900,'S2-0_4',635,,87260,1,,,0,68,,87261,1,,,0,41,,87265,7,,,0,65,,87267,8,,,0,44,,87262,1,,,0,89,,87268,8,,,0,94,,87269,4,0,50,0,93,,87270,4,,,0,105,,87271,4,,,0,70,,87263,1,,,0,130,,87274,9,,,0,84,,87272,4,,,0,110,,87273,4,,,0,72,,87264,1,,,0,130,,87275,9,,,0,78,,87276,1,0,50,0
900,'S2-0_5',635,,87279,1,,,0,68,,87280,1,,,0,41,,87284,7,,,0,65,,87286,8,,,0,44,,87281,1,,,0,89,,87287,8,,,0,94,,87288,4,0,50,0,93,,87289,4,,,0,105,,87290,4,,,0,70,,87282,1,,,0,130,,87293,9,,,0,84,,87291,4,,,0,110,,87292,4,,,0,72,,87283,1,,,0,130,,87294,9,,,0,78,,87295,1,0,50,0
900,'S2-1_3',635,,87298,1,,,0,68,,87299,1,,,0,41,,87303,7,,,0,65,,87305,8,,,0,44,,87300,1,,,0,89,,87306,8,,,0,94,,87307,4,0,50,0,93,,87308,4,,,0,105,,87309,4,,,0,70,,87301,1,,,0,130,,87312,9,,,0,84,,87310,4,,,0,110,,87311,4,,,0,72,,87302,1,,,0,130,,87313,9,,,0,78,,87314,1,0,50,0
900,'S2-2_6',645,,87318,4,,,0,98,,87319,4,,,0,158,,87317,4,0,50,0,156,,87320,4,,,0,176,,87326,5,0,50,0,188,,87321,4,,,0,323,,87322,5,,,0,94,,87323,4,,,0
900,'S2-4_1',635,,87329,1,,,0,68,,87330,1,,,0,41,,87334,7,,,0,65,,87336,8,,,0,44,,87331,1,,,0,89,,87337,8,,,0,94,,87338,4,0,50,0,93,,87339,4,,,0,105,,87340,4,,,0,70,,87332,1,,,0,130,,87343,9,,,0,84,,87341,4,,,0,110,,87342,4,,,0,72,,87333,1,,,0,130,,87344,9,,,0,78,,87345,1,0,50,0
900,'S2-4_2',635,,87348,1,,,0,68,,87349,1,,,0,41,,87353,7,,,0,65,,87355,8,,,0,44,,87350,1,,,0,89,,87356,8,,,0,94,,87357,4,0,50,0,93,,87358,4,,,0,105,,87359,4,,,0,70,,87351,1,,,0,130,,87362,9,,,0,84,,87360,4,,,0,110,,87361,4,,,0,72,,87352,1,,,0,130,,87363,9,,,0,78,,87364,1,0,50,0
900,'S2-4_4',635,,87367,1,,,0,68,,87368,1,,,0,41,,87372,7,,,0,65,,87374,8,,,0,44,,87369,1,,,0,89,,87375,8,,,0,94,,87376,4,0,50,0,93,,87377,4,,,0,105,,87378,4,,,0,70,,87370,1,,,0,130,,87381,9,,,0,84,,87379,4,,,0,110,,87380,4,,,0,72,,87371,1,,,0,130,,87382,9,,,0,78,,87383,1,0,50,0
2900900,'S2-0_2',651,,92531,1,,,0,100,,92532,1,,,0
2900900,'S2-0_4',651,,92533,1,,,0,100,,92534,1,,,0
2900900,'S2-0_5',651,,92535,1,,,0,100,,92536,1,,,0
2900900,'S2-1_3',651,,92537,1,,,0,100,,92538,1,,,0
2900900,'S2-4_1',651,,92539,1,,,0,100,,92540,1,,,0
2900900,'S2-4_2',651,,92541,1,,,0,100,,92542,1,,,0
2900900,'S2-4_4',651,,92543,1,,,0,100,,92544,1,,,0
