400,'1_3',736,,95912,31,0,43,0,16,,95920,31,0,40,0,55,,95890,31,0,40,0,13,,95891,31,0,40,0,14,,95914,31,0,40,0,14,,95892,31,0,40,0,53,,95893,31,0,40,0,30,,95894,31,0,40,0,79,,95895,43,0,40,0,31,,95896,31,0,40,0,71,,95897,31,0,40,0,36,,95898,31,0,40,0,77,,95899,31,0,40,0,22,,95918,31,,,0,65,,95915,43,0,40,0,29,,95900,31,0,40,0,67,,95901,31,0,40,0,30,,95904,43,0,40,0,75,,95902,31,0,40,0,30,,95905,43,0,40,0,79,,95903,31,0,40,0,29,,95921,31,0,40,0,70,,95906,43,0,40,0,5,,95916,15,0,40,0,12,,95907,31,0,40,0,14,,95922,31,,,0,54,,95909,31,0,40,0,24,,95908,43,0,40,0,17,,95919,31,,,0,75,,95910,31,0,40,0,24,,95911,43,0,40,0
400,'2_6',731,,95929,31,0,40,0,105,,95930,31,0,40,0,73,,95923,43,0,40,0,27,,95931,31,0,40,0,72,,95932,31,0,40,0,30,,95933,31,0,40,0,71,,95924,43,0,40,0,31,,95934,31,0,40,0,69,,95936,31,0,40,0,30,,95935,31,0,40,0,69,,95925,43,0,40,0,31,,95937,31,0,40,0,70,,95938,31,0,40,0,29,,95939,31,0,40,0,73,,95926,43,0,40,0,32,,95940,31,0,40,0,70,,95941,31,0,40,0,30,,95942,31,0,40,0,73,,95927,43,0,40,0,33,,95943,31,0,40,0,71,,95944,31,0,40,0,31,,95945,31,0,40,0,69,,95928,43,0,40,0,31,,95946,31,0,40,0
400,'4_1',736,,95978,31,0,43,0,16,,95986,31,0,40,0,55,,95955,31,0,40,0,13,,95956,31,0,40,0,14,,95980,31,0,40,0,14,,95957,31,0,40,0,53,,95958,31,0,40,0,30,,95959,31,0,40,0,79,,95960,43,0,40,0,31,,95961,31,0,40,0,71,,95962,31,0,40,0,36,,95963,31,0,40,0,77,,95964,31,0,40,0,22,,95984,31,,,0,65,,95981,43,0,40,0,29,,95965,31,0,40,0,67,,95966,31,0,40,0,30,,95969,43,0,40,0,75,,95967,31,0,40,0,30,,95970,43,0,40,0,79,,95968,31,0,40,0,29,,95987,31,0,40,0,70,,95971,43,0,40,0,5,,95982,15,0,40,0,12,,95972,31,0,40,0,14,,95988,31,,,0,54,,95974,31,0,40,0,24,,95977,15,0,40,0,17,,95985,31,,,0,75,,95975,31,0,40,0,24,,95976,43,0,40,0
400,'4_2',736,,96012,31,0,43,0,16,,96020,31,0,40,0,55,,95989,31,0,40,0,13,,95990,31,0,40,0,14,,96014,31,0,40,0,14,,95991,31,0,40,0,53,,95992,31,0,40,0,30,,95993,31,0,40,0,79,,95994,43,0,40,0,31,,95995,31,0,40,0,71,,95996,31,0,40,0,36,,95997,31,0,40,0,77,,95998,31,0,40,0,22,,96018,31,,,0,65,,96015,43,0,40,0,29,,95999,31,0,40,0,67,,96000,31,0,40,0,30,,96003,43,0,40,0,75,,96001,31,0,40,0,30,,96004,43,0,40,0,79,,96002,31,0,40,0,29,,96021,31,0,40,0,70,,96005,43,0,40,0,5,,96016,15,0,40,0,12,,96006,31,0,40,0,14,,96022,31,,,0,54,,96008,31,0,40,0,24,,96011,15,0,40,0,17,,96019,31,,,0,75,,96009,31,0,40,0,24,,96010,43,0,40,0
400,'4_4',736,,96046,31,0,43,0,16,,96054,31,0,40,0,55,,96023,31,0,40,0,13,,96024,31,0,40,0,14,,96048,31,0,40,0,14,,96025,31,0,40,0,53,,96026,31,0,40,0,30,,96027,31,0,40,0,79,,96028,43,0,40,0,31,,96029,31,0,40,0,71,,96030,31,0,40,0,36,,96031,31,0,40,0,77,,96032,31,0,40,0,22,,96052,31,,,0,65,,96049,43,0,40,0,29,,96033,31,0,40,0,67,,96034,31,0,40,0,30,,96037,43,0,40,0,75,,96035,31,0,40,0,30,,96038,43,0,40,0,79,,96036,31,0,40,0,29,,96055,31,0,40,0,70,,96039,43,0,40,0,5,,96050,15,0,40,0,12,,96040,31,0,40,0,14,,96056,31,,,0,54,,96042,31,0,40,0,24,,96045,15,0,40,0,17,,96053,31,,,0,75,,96043,31,0,40,0,24,,96044,43,0,40,0
400,'4_5',736,,96080,31,0,43,0,16,,96088,31,0,40,0,55,,96057,31,0,40,0,13,,96058,31,0,40,0,14,,96082,31,0,40,0,14,,96059,31,0,40,0,53,,96060,31,0,40,0,30,,96061,31,0,40,0,79,,96062,43,0,40,0,31,,96063,31,0,40,0,71,,96064,31,0,40,0,36,,96065,31,0,40,0,77,,96066,31,0,40,0,22,,96086,31,,,0,65,,96083,43,0,40,0,29,,96067,31,0,40,0,67,,96068,31,0,40,0,30,,96071,43,0,40,0,75,,96069,31,0,40,0,30,,96072,43,0,40,0,79,,96070,31,0,40,0,29,,96089,31,0,40,0,70,,96073,43,0,40,0,5,,96084,15,0,40,0,12,,96074,31,0,40,0,14,,96090,31,,,0,54,,96076,31,0,40,0,24,,96079,15,0,40,0,17,,96087,31,,,0,75,,96077,31,0,40,0,24,,96078,43,0,40,0
400,'5_7',846,,96091,43,0,40,0,165,,96092,43,0,40,0,125,,96093,43,0,40,0,200,,96094,43,0,40,0,166,,96095,43,0,40,0,125,,96096,43,0,40,0,126,,96097,43,0,40,0,164,,96098,43,0,40,0
2300,'1_3',1218,,98623,12,,,0,3,,98622,12,,,0
2300,'4_1',1612,,98624,12,,,0,104,,98625,12,,,0,98,,98626,12,,,0
2300,'4_2',1612,,98627,12,,,0,104,,98628,12,,,0,98,,98629,12,,,0
2300,'4_4',1612,,98630,12,,,0,104,,98631,12,,,0,98,,98632,12,,,0
2300,'4_5',1612,,98633,12,,,0,104,,98634,12,,,0,98,,98635,12,,,0
