200,'0_6',639,,63315,5,0,34,0,108,,63316,5,0,34,0,85,,63339,5,0,38,0,127,,63318,5,0,34,0,151,,63319,5,0,34,0,105,,63320,3,0,34,0,98,,63321,5,0,34,0,102,,63322,5,0,34,0,105,,63323,5,0,34,0,103,,63324,5,0,34,0,101,,63325,5,0,34,0,113,,63336,5,0,35 37,0
200,'3_1',639,,63533,5,0,34,0,108,,63534,5,0,34,0,85,,63557,5,0,38,0,127,,63536,5,0,34,0,151,,63537,5,0,34,0,105,,63538,3,0,34,0,98,,63539,5,0,34,0,102,,63540,5,0,34,0,105,,63541,5,0,34,0,103,,63542,5,0,34,0,101,,63543,5,0,34,0,113,,63554,5,0,35 37,0
200,'3_2',639,,73063,5,0,34,0,108,,73064,5,0,34,0,85,,73087,5,0,38,0,127,,73066,5,0,34,0,151,,73067,5,0,34,0,105,,73068,3,0,34,0,98,,73069,5,0,34,0,102,,73070,5,0,34,0,105,,73071,5,0,34,0,103,,73072,5,0,34,0,101,,73073,5,0,34,0,113,,73084,5,0,35 37,0
200,'3_3',639,,63568,5,0,34,0,108,,63569,5,0,34,0,85,,63592,5,0,38,0,127,,63571,5,0,34,0,151,,63572,5,0,34,0,105,,63573,3,0,34,0,98,,63574,5,0,34,0,102,,63575,5,0,34,0,105,,63576,5,0,34,0,103,,63577,5,0,34,0,101,,63578,5,0,34,0,113,,63589,5,0,35 37,0
200,'3_4',639,,63603,5,0,34,0,108,,63604,5,0,34,0,85,,63627,5,0,38,0,127,,63606,5,0,34,0,151,,63607,5,0,34,0,105,,63608,3,0,34,0,98,,63609,5,0,34,0,102,,63610,5,0,34,0,105,,63611,5,0,34,0,103,,63612,5,0,34,0,101,,63613,5,0,34,0,113,,63624,5,0,35 37,0
200,'3_5',639,,63638,5,0,34,0,108,,63639,5,0,34,0,85,,63662,5,0,38,0,127,,63641,5,0,34,0,151,,63642,5,0,34,0,105,,63643,3,0,34,0,98,,63644,5,0,34,0,102,,63645,5,0,34,0,105,,63646,5,0,34,0,103,,63647,5,0,34,0,101,,63648,5,0,34,0,113,,63659,5,0,35 37,0
200,'5_1',639,,74023,5,0,34,0,108,,74024,5,0,34,0,85,,74047,5,0,38,0,127,,74026,5,0,34,0,151,,74027,5,0,34,0,105,,74028,3,0,34,0,98,,74029,5,0,34,0,102,,74030,5,0,34,0,105,,74031,5,0,34,0,103,,74032,5,0,34,0,101,,74033,5,0,34,0,113,,74044,5,0,35 37,0
200,'5_2',639,,75083,5,0,34,0,108,,75084,5,0,34,0,85,,75107,5,0,38,0,127,,75086,5,0,34,0,151,,75087,5,0,34,0,105,,75088,3,0,34,0,98,,75089,5,0,34,0,102,,75090,5,0,34,0,105,,75091,5,0,34,0,103,,75092,5,0,34,0,101,,75093,5,0,34,0,113,,75104,5,0,35 37,0
200,'5_3',639,,75118,5,0,34,0,108,,75119,5,0,34,0,85,,75142,5,0,38,0,127,,75121,5,0,34,0,151,,75122,5,0,34,0,105,,75123,3,0,34,0,98,,75124,5,0,34,0,102,,75125,5,0,34,0,105,,75126,5,0,34,0,103,,75127,5,0,34,0,101,,75128,5,0,34,0,113,,75139,5,0,35 37,0
200,'5_4',639,,75153,5,0,34,0,108,,75154,5,0,34,0,85,,75177,5,0,38,0,127,,75156,5,0,34,0,151,,75157,5,0,34,0,105,,75158,3,0,34,0,98,,75159,5,0,34,0,102,,75160,5,0,34,0,105,,75161,5,0,34,0,103,,75162,5,0,34,0,101,,75163,5,0,34,0,113,,75174,5,0,35 37,0
