1500,'0_4',731,,97759,8,,,0,21,,97760,8,,,0,154,,97761,8,,,0,117,,97762,8,,,0,117,,97763,8,,,0,80,,97764,8,,,0,36,,97765,8,,,0,96,,97766,8,,,0,159,,97758,8,0,44,0,102,,97767,8,,,0,107,,97768,8,,,0,99,,97769,8,,,0,115,,97770,8,,,0
1500,'0_5',731,,97772,8,,,0,21,,97773,8,,,0,154,,97774,8,,,0,117,,97775,8,,,0,117,,97776,8,,,0,80,,97777,8,,,0,36,,97778,8,,,0,96,,97779,8,,,0,159,,97771,8,0,44,0,102,,97780,8,,,0,107,,97781,8,,,0,99,,97782,8,,,0,115,,97783,8,,,0
1500,'1_3',731,,97785,8,,,0,21,,97786,8,,,0,154,,97787,8,,,0,117,,97788,8,,,0,117,,97789,8,,,0,80,,97790,8,,,0,36,,97791,8,,,0,96,,97792,8,,,0,159,,97784,8,0,44,0,102,,97793,8,,,0,107,,97794,8,,,0,99,,97795,8,,,0,115,,97796,8,,,0
1500,'2_6',731,,97798,8,,,0,21,,97799,8,,,0,154,,97800,8,,,0,117,,97801,8,,,0,117,,97802,8,,,0,80,,97803,8,,,0,36,,97804,8,,,0,96,,97805,8,,,0,159,,97797,8,0,44,0,102,,97806,8,,,0,107,,97807,8,,,0,99,,97808,8,,,0,115,,97809,8,,,0
1500,'4_1',731,,97811,8,,,0,21,,97812,8,,,0,154,,97813,8,,,0,117,,97814,8,,,0,117,,97815,8,,,0,80,,97816,8,,,0,36,,97817,8,,,0,96,,97818,8,,,0,159,,97810,8,0,44,0,102,,97819,8,,,0,107,,97820,8,,,0,99,,97821,8,,,0,115,,97822,8,,,0
1500,'4_2',731,,97824,8,,,0,21,,97825,8,,,0,154,,97826,8,,,0,117,,97827,8,,,0,117,,97828,8,,,0,80,,97829,8,,,0,36,,97830,8,,,0,96,,97831,8,,,0,159,,97823,8,0,44,0,102,,97832,8,,,0,107,,97833,8,,,0,99,,97834,8,,,0,115,,97835,8,,,0
1500,'4_4',731,,97837,8,,,0,21,,97838,8,,,0,154,,97839,8,,,0,117,,97840,8,,,0,117,,97841,8,,,0,80,,97842,8,,,0,36,,97843,8,,,0,96,,97844,8,,,0,159,,97836,8,0,44,0,102,,97845,8,,,0,107,,97846,8,,,0,99,,97847,8,,,0,115,,97848,8,,,0
1500,'4_5',731,,97850,8,,,0,21,,97851,8,,,0,154,,97852,8,,,0,117,,97853,8,,,0,117,,97854,8,,,0,80,,97855,8,,,0,36,,97856,8,,,0,96,,97857,8,,,0,159,,97849,8,0,44,0,102,,97858,8,,,0,107,,97859,8,,,0,99,,97860,8,,,0,115,,97861,8,,,0
2000,'0_4',1641,,98434,6,,,0,105,,98435,6,,,0,98,,98436,6,,,0
2000,'0_5',1641,,98437,6,,,0,105,,98438,6,,,0,98,,98439,6,,,0
2000,'1_3',1243,,98443,6,,,0,398,,98440,6,,,0,105,,98441,6,,,0,98,,98442,6,,,0
2000,'4_1',1641,,98444,6,,,0,105,,98445,6,,,0,98,,98446,6,,,0
2000,'4_2',1641,,98447,6,,,0,105,,98448,6,,,0,98,,98449,6,,,0
2000,'4_4',1641,,98450,6,,,0,105,,98451,6,,,0,98,,98452,6,,,0
2000,'4_5',1641,,98453,6,,,0,105,,98454,6,,,0,98,,98455,6,,,0
4000000,'0_4',641,,103467,9,0,45,0,18,,103423,9,0,46,0,69,,103445,9,0,45,0,27,,103424,9,0,46,0,55,,103446,9,0,45,0,19,,103425,9,0,46,0,22,,103447,9,0,45,0,61,,103426,9,0,46,0,16,,103448,9,0,45,0,19,,103427,9,0,46,0,59,,103449,9,0,45,0,19,,103428,9,0,46,0,20,,103450,9,0,45,0,61,,103429,9,0,46,0,20,,103451,9,0,45,0,19,,103430,9,0,46,0,64,,103452,9,0,45,0,19,,103431,9,0,46,0,19,,103453,9,0,45,0,57,,103432,9,0,46,0,19,,103454,9,0,45,0,24,,103433,9,0,46,0,61,,103455,9,0,45,0,19,,103434,9,0,46,0,19,,103456,9,0,45,0,61,,103435,9,0,46,0,21,,103457,9,0,45,0,18,,103436,9,0,46,0,61,,103458,9,0,45,0,22,,103437,9,0,46,0,22,,103459,9,0,45,0,70,,103438,9,0,46,0,20,,103460,9,0,45,0,59,,103439,9,0,46,0,16,,103461,9,0,45,0,17,,103440,9,0,46,0,16,,103462,9,0,45,0,54,,103441,9,0,46,0,20,,103463,9,0,45,0,19,,103442,9,0,46,0,60,,103464,9,0,45,0,19,,103443,9,0,46,0
4000000,'0_5',641,,103512,9,0,45,0,18,,103468,9,0,46,0,69,,103490,9,0,45,0,27,,103469,9,0,46,0,55,,103491,9,0,45,0,19,,103470,9,0,46,0,22,,103492,9,0,45,0,61,,103471,9,0,46,0,16,,103493,9,0,45,0,19,,103472,9,0,46,0,59,,103494,9,0,45,0,19,,103473,9,0,46,0,20,,103495,9,0,45,0,61,,103474,9,0,46,0,20,,103496,9,0,45,0,19,,103475,9,0,46,0,64,,103497,9,0,45,0,19,,103476,9,0,46,0,19,,103498,9,0,45,0,57,,103477,9,0,46,0,19,,103499,9,0,45,0,24,,103478,9,0,46,0,61,,103500,9,0,45,0,19,,103479,9,0,46,0,19,,103501,9,0,45,0,61,,103480,9,0,46,0,21,,103502,9,0,45,0,18,,103481,9,0,46,0,61,,103503,9,0,45,0,22,,103482,9,0,46,0,22,,103504,9,0,45,0,70,,103483,9,0,46,0,20,,103505,9,0,45,0,59,,103484,9,0,46,0,16,,103506,9,0,45,0,17,,103485,9,0,46,0,16,,103507,9,0,45,0,54,,103486,9,0,46,0,20,,103508,9,0,45,0,19,,103487,9,0,46,0,60,,103509,9,0,45,0,19,,103488,9,0,46,0
4000000,'1_3',641,,103557,9,0,45,0,18,,103513,9,0,46,0,69,,103535,9,0,45,0,27,,103514,9,0,46,0,55,,103536,9,0,45,0,19,,103515,9,0,46,0,22,,103537,9,0,45,0,61,,103516,9,0,46,0,16,,103538,9,0,45,0,19,,103517,9,0,46,0,59,,103539,9,0,45,0,19,,103518,9,0,46,0,20,,103540,9,0,45,0,61,,103519,9,0,46,0,20,,103541,9,0,45,0,19,,103520,9,0,46,0,64,,103542,9,0,45,0,19,,103521,9,0,46,0,19,,103543,9,0,45,0,57,,103522,9,0,46,0,19,,103544,9,0,45,0,24,,103523,9,0,46,0,61,,103545,9,0,45,0,19,,103524,9,0,46,0,19,,103546,9,0,45,0,61,,103525,9,0,46,0,21,,103547,9,0,45,0,18,,103526,9,0,46,0,61,,103548,9,0,45,0,22,,103527,9,0,46,0,22,,103549,9,0,45,0,70,,103528,9,0,46,0,20,,103550,9,0,45,0,59,,103529,9,0,46,0,16,,103551,9,0,45,0,17,,103530,9,0,46,0,16,,103552,9,0,45,0,54,,103531,9,0,46,0,20,,103553,9,0,45,0,19,,103532,9,0,46,0,60,,103554,9,0,45,0,19,,103533,9,0,46,0
4000000,'2_6',641,,103602,9,0,46,0,18,,103558,9,0,45,0,63,,103580,9,0,46,0,20,,103559,9,0,45,0,60,,103581,9,0,46,0,21,,103560,9,0,45,0,20,,103582,9,0,46,0,60,,103561,9,0,45,0,20,,103583,9,0,46,0,22,,103562,9,0,45,0,60,,103584,9,0,46,0,21,,103563,9,0,45,0,21,,103585,9,0,46,0,61,,103564,9,0,45,0,21,,103586,9,0,46,0,21,,103565,9,0,45,0,62,,103587,9,0,46,0,20,,103566,9,0,45,0,20,,103588,9,0,45,0,61,,103567,9,0,46,0,21,,103589,9,0,45,0,18,,103568,9,0,46,0,59,,103590,9,0,45,0,18,,103569,9,0,46,0,18,,103591,9,0,45,0,59,,103570,9,0,46,0,20,,103592,9,0,45,0,20,,103571,9,0,46,0,60,,103593,9,0,45,0,21,,103572,9,0,46,0,20,,103594,9,0,45,0,61,,103573,9,0,46,0,20,,103595,9,0,45,0,20,,103574,9,0,46,0,59,,103596,9,0,45,0,20,,103575,9,0,46,0,18,,103597,9,0,45,0,59,,103576,9,0,46,0,20,,103598,9,0,45,0,19,,103577,9,0,46,0,60,,103599,9,0,45,0,19,,103578,9,0,46,0
4000000,'3_7',830,,103603,9,0,46,0,110,,103608,9,0,45,0,110,,103604,9,0,46,0,150,,103609,9,0,45,0,110,,103605,9,0,46,0,110,,103610,9,0,45,0,110,,103606,9,0,46,0,110,,103611,9,0,45,0,110,,103607,9,0,46,0,150,,103612,9,0,45,0
4000000,'4_1',641,,103658,9,0,45,0,18,,103614,9,0,46,0,69,,103636,9,0,45,0,27,,103615,9,0,46,0,55,,103637,9,0,45,0,19,,103616,9,0,46,0,22,,103638,9,0,45,0,61,,103617,9,0,46,0,16,,103639,9,0,45,0,19,,103618,9,0,46,0,59,,103640,9,0,45,0,19,,103619,9,0,46,0,20,,103641,9,0,45,0,61,,103620,9,0,46,0,20,,103642,9,0,45,0,19,,103621,9,0,46,0,64,,103643,9,0,45,0,19,,103622,9,0,46,0,19,,103644,9,0,45,0,57,,103623,9,0,46,0,19,,103645,9,0,45,0,24,,103624,9,0,46,0,61,,103646,9,0,45,0,19,,103625,9,0,46,0,19,,103647,9,0,45,0,61,,103626,9,0,46,0,21,,103648,9,0,45,0,18,,103627,9,0,46,0,61,,103649,9,0,45,0,22,,103628,9,0,46,0,22,,103650,9,0,45,0,70,,103629,9,0,46,0,20,,103651,9,0,45,0,59,,103630,9,0,46,0,16,,103652,9,0,45,0,17,,103631,9,0,46,0,16,,103653,9,0,45,0,54,,103632,9,0,46,0,20,,103654,9,0,45,0,19,,103633,9,0,46,0,60,,103655,9,0,45,0,19,,103634,9,0,46,0
4000000,'4_2',641,,103703,9,0,45,0,18,,103659,9,0,46,0,69,,103681,9,0,45,0,27,,103660,9,0,46,0,55,,103682,9,0,45,0,19,,103661,9,0,46,0,22,,103683,9,0,45,0,61,,103662,9,0,46,0,16,,103684,9,0,45,0,19,,103663,9,0,46,0,59,,103685,9,0,45,0,19,,103664,9,0,46,0,20,,103686,9,0,45,0,61,,103665,9,0,46,0,20,,103687,9,0,45,0,19,,103666,9,0,46,0,64,,103688,9,0,45,0,19,,103667,9,0,46,0,19,,103689,9,0,45,0,57,,103668,9,0,46,0,19,,103690,9,0,45,0,24,,103669,9,0,46,0,61,,103691,9,0,45,0,19,,103670,9,0,46,0,19,,103692,9,0,45,0,61,,103671,9,0,46,0,21,,103693,9,0,45,0,18,,103672,9,0,46,0,61,,103694,9,0,45,0,22,,103673,9,0,46,0,22,,103695,9,0,45,0,70,,103674,9,0,46,0,20,,103696,9,0,45,0,59,,103675,9,0,46,0,16,,103697,9,0,45,0,17,,103676,9,0,46,0,16,,103698,9,0,45,0,54,,103677,9,0,46,0,20,,103699,9,0,45,0,19,,103678,9,0,46,0,60,,103700,9,0,45,0,19,,103679,9,0,46,0
4000000,'4_4',641,,103748,9,0,45,0,18,,103704,9,0,46,0,69,,103726,9,0,45,0,27,,103705,9,0,46,0,55,,103727,9,0,45,0,19,,103706,9,0,46,0,22,,103728,9,0,45,0,61,,103707,9,0,46,0,16,,103729,9,0,45,0,19,,103708,9,0,46,0,59,,103730,9,0,45,0,19,,103709,9,0,46,0,20,,103731,9,0,45,0,61,,103710,9,0,46,0,20,,103732,9,0,45,0,19,,103711,9,0,46,0,64,,103733,9,0,45,0,19,,103712,9,0,46,0,19,,103734,9,0,45,0,57,,103713,9,0,46,0,19,,103735,9,0,45,0,24,,103714,9,0,46,0,61,,103736,9,0,45,0,19,,103715,9,0,46,0,19,,103737,9,0,45,0,61,,103716,9,0,46,0,21,,103738,9,0,45,0,18,,103717,9,0,46,0,61,,103739,9,0,45,0,22,,103718,9,0,46,0,22,,103740,9,0,45,0,70,,103719,9,0,46,0,20,,103741,9,0,45,0,59,,103720,9,0,46,0,16,,103742,9,0,45,0,17,,103721,9,0,46,0,16,,103743,9,0,45,0,54,,103722,9,0,46,0,20,,103744,9,0,45,0,19,,103723,9,0,46,0,60,,103745,9,0,45,0,19,,103724,9,0,46,0
4000000,'4_5',641,,103793,9,0,45,0,18,,103749,9,0,46,0,69,,103771,9,0,45,0,27,,103750,9,0,46,0,55,,103772,9,0,45,0,19,,103751,9,0,46,0,22,,103773,9,0,45,0,61,,103752,9,0,46,0,16,,103774,9,0,45,0,19,,103753,9,0,46,0,59,,103775,9,0,45,0,19,,103754,9,0,46,0,20,,103776,9,0,45,0,61,,103755,9,0,46,0,20,,103777,9,0,45,0,19,,103756,9,0,46,0,64,,103778,9,0,45,0,19,,103757,9,0,46,0,19,,103779,9,0,45,0,57,,103758,9,0,46,0,19,,103780,9,0,45,0,24,,103759,9,0,46,0,61,,103781,9,0,45,0,19,,103760,9,0,46,0,19,,103782,9,0,45,0,61,,103761,9,0,46,0,21,,103783,9,0,45,0,18,,103762,9,0,46,0,61,,103784,9,0,45,0,22,,103763,9,0,46,0,22,,103785,9,0,45,0,70,,103764,9,0,46,0,20,,103786,9,0,45,0,59,,103765,9,0,46,0,16,,103787,9,0,45,0,17,,103766,9,0,46,0,16,,103788,9,0,45,0,54,,103767,9,0,46,0,20,,103789,9,0,45,0,19,,103768,9,0,46,0,60,,103790,9,0,45,0,19,,103769,9,0,46,0
4000000,'5_7',830,,103794,9,0,46,0,110,,103799,9,0,45,0,110,,103795,9,0,46,0,150,,103800,9,0,45,0,110,,103796,9,0,46,0,110,,103801,9,0,45,0,110,,103797,9,0,46,0,110,,103802,9,0,45,0,110,,103798,9,0,46,0,150,,103803,9,0,45,0
