300,'0_4',710,,95299,28,,,0,25,,95300,28,,,0,71,,95301,28,,,0,24,,95302,28,,,0,25,,95303,28,,,0,70,,95304,28,,,0,32,,95305,28,,,0,72,,95306,28,,,0,71,,95307,28,,,0,32,,95308,28,,,0,72,,95309,28,,,0,32,,95310,28,,,0,72,,95311,28,,,0,33,,95312,28,,,0,72,,95313,28,,,0,33,,95314,28,,,0,72,,95315,28,,,0,33,,95316,28,,,0,70,,95318,28,,,0,27,,95319,28,,,0,68,,95320,28,,,0,28,,95321,28,,,0,69,,95322,28,,,0,30,,95326,28,,,0,71,,95323,28,,,0,31,,95324,28,,,0,73,,95325,28,,,0,30,,95317,28,,,0
300,'0_5',710,,95327,28,,,0,25,,95328,28,,,0,71,,95329,28,,,0,24,,95330,28,,,0,25,,95331,28,,,0,70,,95332,28,,,0,32,,95333,28,,,0,72,,95334,28,,,0,71,,95335,28,,,0,32,,95336,28,,,0,72,,95337,28,,,0,32,,95338,28,,,0,72,,95339,28,,,0,33,,95340,28,,,0,72,,95341,28,,,0,33,,95342,28,,,0,72,,95343,28,,,0,33,,95344,28,,,0,70,,95346,28,,,0,27,,95347,28,,,0,68,,95348,28,,,0,28,,95349,28,,,0,69,,95350,28,,,0,30,,95354,28,,,0,71,,95351,28,,,0,31,,95352,28,,,0,73,,95353,28,,,0,30,,95345,28,,,0
300,'1_3',710,,95355,28,,,0,25,,95356,28,,,0,71,,95357,28,,,0,24,,95358,28,,,0,25,,95359,28,,,0,70,,95360,28,,,0,32,,95361,28,,,0,72,,95362,28,,,0,71,,95363,28,,,0,32,,95364,28,,,0,72,,95365,28,,,0,32,,95366,28,,,0,72,,95367,28,,,0,33,,95368,28,,,0,72,,95369,28,,,0,33,,95370,28,,,0,72,,95371,28,,,0,33,,95372,28,,,0,70,,95374,28,,,0,27,,95375,28,,,0,68,,95376,28,,,0,28,,95377,28,,,0,69,,95378,28,,,0,30,,95382,28,,,0,71,,95379,28,,,0,31,,95380,28,,,0,73,,95381,28,,,0,30,,95373,28,,,0
300,'2_6',710,,95383,28,,,0,30,,95385,28,,,0,70,,95386,28,,,0,30,,95384,28,,,0,70,,95388,28,,,0,29,,95389,28,,,0,69,,95387,28,,,0,31,,95390,28,,,0,70,,95391,28,,,0,30,,95394,28,,,0,69,,95393,28,,,0,29,,95392,28,,,0,68,,95396,28,,,0,30,,95395,28,,,0,70,,95397,28,,,0,29,,95398,28,,,0,72,,95399,28,,,0,32,,95400,28,,,0,71,,95401,28,,,0,31,,95402,28,,,0,72,,95403,28,,,0,32,,95404,28,,,0,70,,95405,28,,,0,31,,95410,28,,,0,71,,95406,28,,,0,30,,95407,28,,,0,64,,95408,28,,,0,30,,95409,28,,,0
300,'3_7',915,,95433,28,,,0,33,,95434,28,,,0,75,,95435,28,,,0,34,,95436,28,,,0,72,,95427,28,,,0,72,,95432,28,,,0,33,,95431,28,,,0,73,,95430,28,,,0,32,,95429,28,,,0,72,,95411,28,,,0,28,,95412,28,,,0,69,,95413,28,,,0,28,,95414,28,,,0,68,,95415,28,,,0,29,,95416,28,,,0,72,,95417,28,,,0,28,,95418,28,,,0,67,,95419,28,,,0,28,,95420,28,,,0,29,,95421,28,,,0,67,,95422,28,,,0,26,,95423,28,,,0,65,,95424,28,,,0,23,,95425,28,,,0,64,,95428,28,,,0,25,,95426,28,,,0
300,'4_1',710,,95437,28,,,0,25,,95438,28,,,0,71,,95439,28,,,0,24,,95440,28,,,0,25,,95441,28,,,0,70,,95442,28,,,0,32,,95443,28,,,0,72,,95444,28,,,0,71,,95445,28,,,0,32,,95446,28,,,0,72,,95447,28,,,0,32,,95448,28,,,0,72,,95449,28,,,0,33,,95450,28,,,0,72,,95451,28,,,0,33,,95452,28,,,0,72,,95453,28,,,0,33,,95454,28,,,0,70,,95456,28,,,0,27,,95457,28,,,0,68,,95458,28,,,0,28,,95459,28,,,0,69,,95460,28,,,0,30,,95464,28,,,0,71,,95461,28,,,0,31,,95462,28,,,0,73,,95463,28,,,0,30,,95455,28,,,0
300,'4_2',710,,95465,28,,,0,25,,95466,28,,,0,71,,95467,28,,,0,24,,95468,28,,,0,25,,95469,28,,,0,70,,95470,28,,,0,32,,95471,28,,,0,72,,95472,28,,,0,71,,95473,28,,,0,32,,95474,28,,,0,72,,95475,28,,,0,32,,95476,28,,,0,72,,95477,28,,,0,33,,95478,28,,,0,72,,95479,28,,,0,33,,95480,28,,,0,72,,95481,28,,,0,33,,95482,28,,,0,70,,95484,28,,,0,27,,95485,28,,,0,68,,95486,28,,,0,28,,95487,28,,,0,69,,95488,28,,,0,30,,95492,28,,,0,71,,95489,28,,,0,31,,95490,28,,,0,73,,95491,28,,,0,30,,95483,28,,,0
300,'4_4',710,,95493,28,,,0,25,,95494,28,,,0,71,,95495,28,,,0,24,,95496,28,,,0,25,,95497,28,,,0,70,,95498,28,,,0,32,,95499,28,,,0,72,,95500,28,,,0,71,,95501,28,,,0,32,,95502,28,,,0,72,,95503,28,,,0,32,,95504,28,,,0,72,,95505,28,,,0,33,,95506,28,,,0,72,,95507,28,,,0,33,,95508,28,,,0,72,,95509,28,,,0,33,,95510,28,,,0,70,,95512,28,,,0,27,,95513,28,,,0,68,,95514,28,,,0,28,,95515,28,,,0,69,,95516,28,,,0,30,,95520,28,,,0,71,,95517,28,,,0,31,,95518,28,,,0,73,,95519,28,,,0,30,,95511,28,,,0
300,'4_5',710,,95521,28,,,0,25,,95522,28,,,0,71,,95523,28,,,0,24,,95524,28,,,0,25,,95525,28,,,0,70,,95526,28,,,0,32,,95527,28,,,0,72,,95528,28,,,0,71,,95529,28,,,0,32,,95530,28,,,0,72,,95531,28,,,0,32,,95532,28,,,0,72,,95533,28,,,0,33,,95534,28,,,0,72,,95535,28,,,0,33,,95536,28,,,0,72,,95537,28,,,0,33,,95538,28,,,0,70,,95540,28,,,0,27,,95541,28,,,0,68,,95542,28,,,0,28,,95543,28,,,0,69,,95544,28,,,0,30,,95548,28,,,0,71,,95545,28,,,0,31,,95546,28,,,0,73,,95547,28,,,0,30,,95539,28,,,0
300,'5_7',929,,95549,28,,,0,100,,95550,28,,,0,100,,95551,28,,,0,100,,95552,28,,,0,100,,95553,28,,,0,100,,95554,28,,,0,100,,95555,28,,,0,100,,95556,28,,,0,100,,95557,28,,,0,100,,95558,28,,,0,100,,95559,28,,,0
800,'0_4',706,,97030,17,,,0,33,,97031,17,,,0,67,,97032,17,,,0,31,,97033,17,,,0,80,,97034,17,,,0,110,,97035,17,,,0,117,,97036,17,,,0,111,,97037,17,,,0,150,,97038,17,,,0,112,,97040,17,,,0,110,,97039,17,,,0
800,'0_5',706,,97041,17,,,0,33,,97042,17,,,0,67,,97043,17,,,0,31,,97044,17,,,0,80,,97045,17,,,0,110,,97046,17,,,0,117,,97047,17,,,0,111,,97048,17,,,0,150,,97049,17,,,0,112,,97051,17,,,0,110,,97050,17,,,0
800,'1_3',706,,97052,17,,,0,33,,97053,17,,,0,67,,97054,17,,,0,31,,97055,17,,,0,80,,97056,17,,,0,110,,97057,17,,,0,117,,97058,17,,,0,111,,97059,17,,,0,150,,97060,17,,,0,112,,97062,17,,,0,110,,97061,17,,,0
800,'4_1',706,,97063,17,,,0,33,,97064,17,,,0,67,,97065,17,,,0,31,,97066,17,,,0,80,,97067,17,,,0,110,,97068,17,,,0,117,,97069,17,,,0,111,,97070,17,,,0,150,,97071,17,,,0,112,,97073,17,,,0,110,,97072,17,,,0
800,'4_2',706,,97074,17,,,0,33,,97075,17,,,0,67,,97076,17,,,0,31,,97077,17,,,0,80,,97078,17,,,0,110,,97079,17,,,0,117,,97080,17,,,0,111,,97081,17,,,0,150,,97082,17,,,0,112,,97084,17,,,0,110,,97083,17,,,0
800,'4_4',706,,97085,17,,,0,33,,97086,17,,,0,67,,97087,17,,,0,31,,97088,17,,,0,80,,97089,17,,,0,110,,97090,17,,,0,117,,97091,17,,,0,111,,97092,17,,,0,150,,97093,17,,,0,112,,97095,17,,,0,110,,97094,17,,,0
800,'4_5',706,,97096,17,,,0,33,,97097,17,,,0,67,,97098,17,,,0,31,,97099,17,,,0,80,,97100,17,,,0,110,,97101,17,,,0,117,,97102,17,,,0,111,,97103,17,,,0,150,,97104,17,,,0,112,,97106,17,,,0,110,,97105,17,,,0
2200,'0_4',711,,98522,13,0,11 15 16,0,122,,98523,13,0,11 15 16,0,881,,98524,13,0,11 15 16,0
2200,'0_5',711,,98529,13,0,11 15 16,0,122,,98530,13,0,11 15 16,0,881,,98531,13,0,11 15 16,0
2200,'1_3',711,,98536,13,0,11 15 16,0,122,,98537,13,0,11 15 16,0,881,,98538,13,0,11 15 16,0
2200,'4_1',711,,98541,13,0,11 15 16,0,122,,98542,13,0,11 15 16,0,881,,98543,13,0,11 15 16,0
2200,'4_2',711,,98548,13,0,11 15 16,0,122,,98549,13,0,11 15 16,0,881,,98550,13,0,11 15 16,0
2200,'4_4',711,,98555,13,0,11 15 16,0,122,,98556,13,0,11 15 16,0,881,,98557,13,0,11 15 16,0
2200,'4_5',711,,98562,13,0,11 15 16,0,122,,98563,13,0,11 15 16,0,881,,98564,13,0,11 15 16,0
2000000,'0_4',638,,101480,2,,,0,21,,101462,2,,,0,56,,101490,2,,,0,14,,101446,2,,,0,13,,101473,2,,,0,16,,101455,2,,,0,56,,101482,2,,,0,15,,101465,2,,,0,16,,101493,2,,,0,57,,101447,2,,,0,16,,101478,2,,,0,15,,101456,2,,,0,16,,101483,2,,,0,55,,101463,2,,,0,16,,101491,2,,,0,16,,101448,2,,,0,16,,101479,2,,,0,55,,101457,2,,,0,15,,101484,2,,,0,17,,101464,2,,,0,14,,101494,2,,,0,56,,101449,2,,,0,15,,101472,2,,,0,17,,101458,2,,,0,15,,101481,2,,,0,55,,101466,2,,,0,15,,101492,2,,,0,15,,101451,2,,,0,15,,101474,2,,,0,55,,101461,2,,,0,15,,101486,2,,,0,15,,101467,2,,,0,14,,101495,2,,,0,55,,101452,2,,,0,15,,101475,2,,,0,15,,101460,2,,,0,15,,101485,2,,,0,54,,101468,2,,,0,16,,101444,2,,,0,12,,101496,2,,,0,18,,101450,2,,,0,54,,101477,2,,,0,18,,101459,2,,,0,15,,101487,2,,,0,15,,101470,2,,,0,56,,101445,2,,,0,15,,101497,2,,,0,16,,101453,2,,,0,56,,101476,2,,,0,14,,101488,2,,,0,19,,101469,2,,,0,22,,101498,2,,,0,61,,101454,2,,,0,19,,101489,2,,,0,21,,101471,2,,,0
2000000,'0_5',638,,101539,2,,,0,21,,101521,2,,,0,56,,101549,2,,,0,14,,101505,2,,,0,13,,101532,2,,,0,16,,101514,2,,,0,56,,101541,2,,,0,15,,101524,2,,,0,16,,101552,2,,,0,57,,101506,2,,,0,16,,101537,2,,,0,15,,101515,2,,,0,16,,101542,2,,,0,55,,101522,2,,,0,16,,101550,2,,,0,16,,101507,2,,,0,16,,101538,2,,,0,55,,101516,2,,,0,15,,101543,2,,,0,17,,101523,2,,,0,14,,101553,2,,,0,56,,101508,2,,,0,15,,101531,2,,,0,17,,101517,2,,,0,15,,101540,2,,,0,55,,101525,2,,,0,15,,101551,2,,,0,15,,101510,2,,,0,15,,101533,2,,,0,55,,101520,2,,,0,15,,101545,2,,,0,15,,101526,2,,,0,14,,101554,2,,,0,55,,101511,2,,,0,15,,101534,2,,,0,15,,101519,2,,,0,15,,101544,2,,,0,54,,101527,2,,,0,16,,101503,2,,,0,12,,101555,2,,,0,18,,101509,2,,,0,54,,101536,2,,,0,18,,101518,2,,,0,15,,101546,2,,,0,15,,101529,2,,,0,56,,101504,2,,,0,15,,101556,2,,,0,16,,101512,2,,,0,56,,101535,2,,,0,14,,101547,2,,,0,19,,101528,2,,,0,22,,101557,2,,,0,61,,101513,2,,,0,19,,101548,2,,,0,21,,101530,2,,,0
2000000,'1_3',638,,101597,2,,,0,21,,101579,2,,,0,56,,101607,2,,,0,14,,101563,2,,,0,13,,101590,2,,,0,16,,101572,2,,,0,56,,101599,2,,,0,15,,101582,2,,,0,16,,101610,2,,,0,57,,101564,2,,,0,16,,101595,2,,,0,15,,101573,2,,,0,16,,101600,2,,,0,55,,101580,2,,,0,16,,101608,2,,,0,16,,101565,2,,,0,16,,101596,2,,,0,55,,101574,2,,,0,15,,101601,2,,,0,17,,101581,2,,,0,14,,101611,2,,,0,56,,101566,2,,,0,15,,101589,2,,,0,17,,101575,2,,,0,15,,101598,2,,,0,55,,101583,2,,,0,15,,101609,2,,,0,15,,101568,2,,,0,15,,101591,2,,,0,55,,101578,2,,,0,15,,101603,2,,,0,15,,101584,2,,,0,14,,101612,2,,,0,55,,101569,2,,,0,15,,101592,2,,,0,15,,101577,2,,,0,15,,101602,2,,,0,54,,101585,2,,,0,16,,101561,2,,,0,12,,101613,2,,,0,18,,101567,2,,,0,54,,101594,2,,,0,18,,101576,2,,,0,15,,101604,2,,,0,15,,101587,2,,,0,56,,101562,2,,,0,15,,101614,2,,,0,16,,101570,2,,,0,56,,101593,2,,,0,14,,101605,2,,,0,19,,101586,2,,,0,22,,101615,2,,,0,61,,101571,2,,,0,19,,101606,2,,,0,21,,101588,2,,,0
2000000,'2_6',636,,101617,2,,,0,80,,101618,2,,,0,39,,101619,2,,,0,68,,101620,2,,,0,21,,101621,2,,,0,60,,101622,2,,,0,17,,101623,2,,,0,18,,101624,2,,,0,19,,101625,2,,,0,60,,101626,2,,,0,19,,101627,2,,,0,19,,101628,2,,,0,59,,101629,2,,,0,20,,101630,2,,,0,19,,101631,2,,,0,59,,101632,2,,,0,18,,101633,2,,,0,19,,101634,2,,,0,59,,101635,2,,,0,19,,101636,2,,,0,18,,101637,2,,,0,59,,101638,2,,,0,20,,101639,2,,,0,20,,101640,2,,,0,59,,101641,2,,,0,19,,101642,2,,,0,20,,101643,2,,,0,60,,101644,2,,,0,20,,101645,2,,,0,20,,101646,2,,,0,59,,101647,2,,,0,20,,101648,2,,,0,20,,101649,2,,,0,60,,101650,2,,,0,19,,101651,2,,,0,20,,101652,2,,,0,65,,101653,2,,,0,25,,101654,2,,,0,25,,101655,2,,,0,65,,101656,2,,,0,25,,101657,2,,,0
2000000,'3_7',812,,101658,2,,,0,40,,101659,2,,,0,80,,101660,2,,,0,80,,101661,2,,,0,40,,101662,2,,,0,80,,101663,2,,,0,80,,101664,2,,,0,40,,101665,2,,,0,80,,101666,2,,,0,80,,101667,2,,,0,40,,101668,2,,,0,80,,101669,2,,,0,80,,101670,2,,,0,40,,101671,2,,,0,80,,101672,2,,,0,80,,101673,2,,,0,40,,101674,2,,,0,80,,101675,2,,,0
2000000,'4_1',638,,101715,2,,,0,21,,101697,2,,,0,56,,101725,2,,,0,14,,101681,2,,,0,13,,101708,2,,,0,16,,101690,2,,,0,56,,101717,2,,,0,15,,101700,2,,,0,16,,101728,2,,,0,57,,101682,2,,,0,16,,101713,2,,,0,15,,101691,2,,,0,16,,101718,2,,,0,55,,101698,2,,,0,16,,101726,2,,,0,16,,101683,2,,,0,16,,101714,2,,,0,55,,101692,2,,,0,15,,101719,2,,,0,17,,101699,2,,,0,14,,101729,2,,,0,56,,101684,2,,,0,15,,101707,2,,,0,17,,101693,2,,,0,15,,101716,2,,,0,55,,101701,2,,,0,15,,101727,2,,,0,15,,101686,2,,,0,15,,101709,2,,,0,55,,101696,2,,,0,15,,101721,2,,,0,15,,101702,2,,,0,14,,101730,2,,,0,55,,101687,2,,,0,15,,101710,2,,,0,15,,101695,2,,,0,15,,101720,2,,,0,54,,101703,2,,,0,16,,101679,2,,,0,12,,101731,2,,,0,18,,101685,2,,,0,54,,101712,2,,,0,18,,101694,2,,,0,15,,101722,2,,,0,15,,101705,2,,,0,56,,101680,2,,,0,15,,101732,2,,,0,16,,101688,2,,,0,56,,101711,2,,,0,14,,101723,2,,,0,19,,101704,2,,,0,22,,101733,2,,,0,61,,101689,2,,,0,19,,101724,2,,,0,21,,101706,2,,,0
2000000,'4_2',638,,101774,2,,,0,21,,101756,2,,,0,56,,101784,2,,,0,14,,101740,2,,,0,13,,101767,2,,,0,16,,101749,2,,,0,56,,101776,2,,,0,15,,101759,2,,,0,16,,101787,2,,,0,57,,101741,2,,,0,16,,101772,2,,,0,15,,101750,2,,,0,16,,101777,2,,,0,55,,101757,2,,,0,16,,101785,2,,,0,16,,101742,2,,,0,16,,101773,2,,,0,55,,101751,2,,,0,15,,101778,2,,,0,17,,101758,2,,,0,14,,101788,2,,,0,56,,101743,2,,,0,15,,101766,2,,,0,17,,101752,2,,,0,15,,101775,2,,,0,55,,101760,2,,,0,15,,101786,2,,,0,15,,101745,2,,,0,15,,101768,2,,,0,55,,101755,2,,,0,15,,101780,2,,,0,15,,101761,2,,,0,14,,101789,2,,,0,55,,101746,2,,,0,15,,101769,2,,,0,15,,101754,2,,,0,15,,101779,2,,,0,54,,101762,2,,,0,16,,101738,2,,,0,12,,101790,2,,,0,18,,101744,2,,,0,54,,101771,2,,,0,18,,101753,2,,,0,15,,101781,2,,,0,15,,101764,2,,,0,56,,101739,2,,,0,15,,101791,2,,,0,16,,101747,2,,,0,56,,101770,2,,,0,14,,101782,2,,,0,19,,101763,2,,,0,22,,101792,2,,,0,61,,101748,2,,,0,19,,101783,2,,,0,21,,101765,2,,,0
2000000,'4_4',638,,101833,2,,,0,21,,101815,2,,,0,56,,101843,2,,,0,14,,101799,2,,,0,13,,101826,2,,,0,16,,101808,2,,,0,56,,101835,2,,,0,15,,101818,2,,,0,16,,101846,2,,,0,57,,101800,2,,,0,16,,101831,2,,,0,15,,101809,2,,,0,16,,101836,2,,,0,55,,101816,2,,,0,16,,101844,2,,,0,16,,101801,2,,,0,16,,101832,2,,,0,55,,101810,2,,,0,15,,101837,2,,,0,17,,101817,2,,,0,14,,101847,2,,,0,56,,101802,2,,,0,15,,101825,2,,,0,17,,101811,2,,,0,15,,101834,2,,,0,55,,101819,2,,,0,15,,101845,2,,,0,15,,101804,2,,,0,15,,101827,2,,,0,55,,101814,2,,,0,15,,101839,2,,,0,15,,101820,2,,,0,14,,101848,2,,,0,55,,101805,2,,,0,15,,101828,2,,,0,15,,101813,2,,,0,15,,101838,2,,,0,54,,101821,2,,,0,16,,101797,2,,,0,12,,101849,2,,,0,18,,101803,2,,,0,54,,101830,2,,,0,18,,101812,2,,,0,15,,101840,2,,,0,15,,101823,2,,,0,56,,101798,2,,,0,15,,101850,2,,,0,16,,101806,2,,,0,56,,101829,2,,,0,14,,101841,2,,,0,19,,101822,2,,,0,22,,101851,2,,,0,61,,101807,2,,,0,19,,101842,2,,,0,21,,101824,2,,,0
2000000,'4_5',638,,101892,2,,,0,21,,101874,2,,,0,56,,101902,2,,,0,14,,101858,2,,,0,13,,101885,2,,,0,16,,101867,2,,,0,56,,101894,2,,,0,15,,101877,2,,,0,16,,101905,2,,,0,57,,101859,2,,,0,16,,101890,2,,,0,15,,101868,2,,,0,16,,101895,2,,,0,55,,101875,2,,,0,16,,101903,2,,,0,16,,101860,2,,,0,16,,101891,2,,,0,55,,101869,2,,,0,15,,101896,2,,,0,17,,101876,2,,,0,14,,101906,2,,,0,56,,101861,2,,,0,15,,101884,2,,,0,17,,101870,2,,,0,15,,101893,2,,,0,55,,101878,2,,,0,15,,101904,2,,,0,15,,101863,2,,,0,15,,101886,2,,,0,55,,101873,2,,,0,15,,101898,2,,,0,15,,101879,2,,,0,14,,101907,2,,,0,55,,101864,2,,,0,15,,101887,2,,,0,15,,101872,2,,,0,15,,101897,2,,,0,54,,101880,2,,,0,16,,101856,2,,,0,12,,101908,2,,,0,18,,101862,2,,,0,54,,101889,2,,,0,18,,101871,2,,,0,15,,101899,2,,,0,15,,101882,2,,,0,56,,101857,2,,,0,15,,101909,2,,,0,16,,101865,2,,,0,56,,101888,2,,,0,14,,101900,2,,,0,19,,101881,2,,,0,22,,101910,2,,,0,61,,101866,2,,,0,19,,101901,2,,,0,21,,101883,2,,,0
2000000,'5_7',812,,101912,2,,,0,40,,101913,2,,,0,80,,101914,2,,,0,80,,101915,2,,,0,40,,101916,2,,,0,80,,101917,2,,,0,80,,101918,2,,,0,40,,101919,2,,,0,80,,101920,2,,,0,80,,101921,2,,,0,40,,101922,2,,,0,80,,101923,2,,,0,80,,101924,2,,,0,40,,101925,2,,,0,80,,101926,2,,,0,80,,101927,2,,,0,40,,101928,2,,,0,80,,101929,2,,,0
