600,'S2-0_2',650,,86621,4,,,0,57,,86635,4,0,11 12,0,93,,86622,4,,,0,109,,86623,4,0,11 12,0,102,,86624,4,0,11 12,0,91,,86625,4,0,11 12,0,111,,86626,4,0,11 12,0,106,,86627,4,0,11 12,0,95,,86636,4,0,11 12,0,93,,86628,4,0,11 12,0,94,,86629,4,0,11 12,0,39,,86630,4,0,11 12,0,85,,86631,4,0,11 12,0,77,,86632,4,0,11 12,0,31,,86633,4,0,11 12,0,84,,86634,4,0,11 12,0
600,'S2-0_4',650,,86637,4,,,0,57,,86651,4,0,11 12,0,93,,86638,4,,,0,109,,86639,4,0,11 12,0,102,,86640,4,0,11 12,0,91,,86641,4,0,11 12,0,111,,86642,4,0,11 12,0,106,,86643,4,0,11 12,0,95,,86652,4,0,11 12,0,93,,86644,4,0,11 12,0,94,,86645,4,0,11 12,0,39,,86646,4,0,11 12,0,85,,86647,4,0,11 12,0,77,,86648,4,0,11 12,0,31,,86649,4,0,11 12,0,84,,86650,4,0,11 12,0
600,'S2-0_5',650,,86653,4,,,0,57,,86667,4,0,11 12,0,93,,86654,4,,,0,109,,86655,4,0,11 12,0,102,,86656,4,0,11 12,0,91,,86657,4,0,11 12,0,111,,86658,4,0,11 12,0,106,,86659,4,0,11 12,0,95,,86668,4,0,11 12,0,93,,86660,4,0,11 12,0,94,,86661,4,0,11 12,0,39,,86662,4,0,11 12,0,85,,86663,4,0,11 12,0,77,,86664,4,0,11 12,0,31,,86665,4,0,11 12,0,84,,86666,4,0,11 12,0
600,'S2-1_3',650,,86669,4,,,0,57,,86683,4,0,11 12,0,93,,86670,4,,,0,109,,86671,4,0,11 12,0,102,,86672,4,0,11 12,0,91,,86673,4,0,11 12,0,111,,86674,4,0,11 12,0,106,,86675,4,0,11 12,0,95,,86684,4,0,11 12,0,93,,86676,4,0,11 12,0,94,,86677,4,0,11 12,0,39,,86678,4,0,11 12,0,85,,86679,4,0,11 12,0,77,,86680,4,0,11 12,0,31,,86681,4,0,11 12,0,84,,86682,4,0,11 12,0
600,'S2-2_6',739,,86685,4,0,11 12,0,93,,86687,4,0,11 12,0,90,,86688,4,0,11 12,0,86,,86689,4,0,11 12,0,50,,86690,4,0,11 12,0,91,,86691,4,0,11 12,0,89,,86692,4,0,11 12,0,90,,86693,4,0,11 12,0,87,,86694,4,0,11 12,0,98,,86695,4,0,11 12,0,89,,86696,4,0,11 12,0,50,,86697,4,0,11 12,0,90,,86698,4,0,11 12,0,96,,86699,4,0,11 12,0,83,,86686,4,0,11 12,0
600,'S2-4_1',650,,86700,4,,,0,57,,86714,4,0,11 12,0,93,,86701,4,,,0,109,,86702,4,0,11 12,0,102,,86703,4,0,11 12,0,91,,86704,4,0,11 12,0,111,,86705,4,0,11 12,0,106,,86706,4,0,11 12,0,95,,86715,4,0,11 12,0,93,,86707,4,0,11 12,0,94,,86708,4,0,11 12,0,39,,86709,4,0,11 12,0,85,,86710,4,0,11 12,0,77,,86711,4,0,11 12,0,31,,86712,4,0,11 12,0,84,,86713,4,0,11 12,0
600,'S2-4_2',650,,86716,4,,,0,57,,86730,4,0,11 12,0,93,,86717,4,,,0,109,,86718,4,0,11 12,0,102,,86719,4,0,11 12,0,91,,86720,4,0,11 12,0,111,,86721,4,0,11 12,0,106,,86722,4,0,11 12,0,95,,86731,4,0,11 12,0,93,,86723,4,0,11 12,0,94,,86724,4,0,11 12,0,39,,86725,4,0,11 12,0,85,,86726,4,0,11 12,0,77,,86727,4,0,11 12,0,31,,86728,4,0,11 12,0,84,,86729,4,0,11 12,0
600,'S2-4_4',650,,86732,4,,,0,57,,86746,4,0,11 12,0,93,,86733,4,,,0,109,,86734,4,0,11 12,0,102,,86735,4,0,11 12,0,91,,86736,4,0,11 12,0,111,,86737,4,0,11 12,0,106,,86738,4,0,11 12,0,95,,86747,4,0,11 12,0,93,,86739,4,0,11 12,0,94,,86740,4,0,11 12,0,39,,86741,4,0,11 12,0,85,,86742,4,0,11 12,0,77,,86743,4,0,11 12,0,31,,86744,4,0,11 12,0,84,,86745,4,0,11 12,0
2900600,'S2-0_2',700,,92503,4,,,0,115,,92504,4,,,0
2900600,'S2-0_4',700,,92505,4,,,0,115,,92506,4,,,0
2900600,'S2-0_5',700,,92507,4,,,0,115,,92508,4,,,0
2900600,'S2-1_3',700,,92509,4,,,0,115,,92510,4,,,0
2900600,'S2-4_1',700,,92511,4,,,0,115,,92512,4,,,0
2900600,'S2-4_2',700,,92513,4,,,0,115,,92514,4,,,0
2900600,'S2-4_4',700,,92515,4,,,0,115,,92516,4,,,0
