401,'0_6',758,,65084,60,,,0,196,,65081,60,,,0,201,,65077,60,,,0,202,,65091,60,,,0,197,,65079,60,,,0,195,,65085,60,,,0,90,,65090,60,,,0,183,,65080,60,,,0
401,'1_7',1029,,65093,60,,,0,125,,65094,60,,,0,166,,65095,60,,,0,200,,65096,60,,,0,125,,65097,60,,,0,165,,65098,60,,,0,125,,65099,60,,,0
401,'7_1',758,,80507,68,,,0,196,,80520,60,,,0,201,,80515,60,,,0,246,,80512,63,,,0,153,,80517,60,,,0,97,,80505,60,,,0,94,,80509,62,,,0,106,,80522,63,,,0,169,,80518,60,,,0
401,'7_2',758,,82428,68,,,0,196,,82441,60,,,0,201,,82436,60,,,0,246,,82433,63,,,0,153,,82438,60,,,0,97,,82426,60,,,0,94,,82430,62,,,0,106,,82443,63,,,0,169,,82439,60,,,0
401,'7_3',758,,82454,68,,,0,196,,82467,60,,,0,201,,82462,60,,,0,246,,82459,63,,,0,153,,82464,60,,,0,97,,82452,60,,,0,94,,82456,62,,,0,106,,82469,63,,,0,169,,82465,60,,,0
401,'7_4',758,,79327,68,,,0,196,,79340,60,,,0,201,,79335,60,,,0,246,,79332,63,,,0,153,,79337,60,,,0,97,,79325,60,,,0,94,,79329,62,,,0,106,,79342,63,,,0,169,,79338,60,,,0
401,'7_5',758,,80533,68,,,0,196,,80546,60,,,0,201,,80541,60,,,0,246,,80538,63,,,0,153,,80543,60,,,0,97,,80531,60,,,0,94,,80535,62,,,0,106,,80548,63,,,0,169,,80544,60,,,0
401,'8_7',1029,,84025,60,,,0,125,,84026,60,,,0,166,,84027,60,,,0,200,,84028,60,,,0,125,,84029,60,,,0,165,,84030,60,,,0,125,,84031,60,,,0
2901201,'7_1',1705,,81658,15,,,0,105,,81659,15,,,0,99,,81660,15,,,0
2901201,'7_2',1705,,83578,15,,,0,105,,83579,15,,,0,99,,83580,15,,,0
2901201,'7_3',1705,,83581,15,,,0,105,,83582,15,,,0,99,,83583,15,,,0
2901201,'7_4',1705,,79897,15,,,0,105,,79898,15,,,0,99,,79899,15,,,0
2901201,'7_5',1705,,81661,15,,,0,105,,81662,15,,,0,99,,81663,15,,,0
