1600,'0_4',916,,97967,4,0,25,0,87,,97971,4,,,0,119,,97968,4,0,25,0,127,,97973,4,,,0,62,,97974,4,0,54 55,0,112,,97969,4,,,0,193,,97970,4,0,25,0,92,,97975,4,,,0,137,,97972,4,,,0
1600,'0_5',916,,97977,4,0,25,0,87,,97981,4,,,0,119,,97978,4,0,25,0,127,,97983,4,,,0,62,,97984,4,0,54 55,0,112,,97979,4,,,0,193,,97980,4,0,25,0,92,,97985,4,,,0,137,,97982,4,,,0
1600,'1_3',916,,97987,4,0,25,0,87,,97991,4,,,0,119,,97988,4,0,25,0,127,,97993,4,,,0,62,,97994,4,0,54 55,0,112,,97989,4,,,0,193,,97990,4,0,25,0,92,,97995,4,,,0,137,,97992,4,,,0
1600,'2_6',916,,97997,4,0,25,0,87,,98001,4,,,0,119,,97998,4,0,25,0,127,,98003,4,,,0,62,,98004,4,0,54 55,0,112,,97999,4,,,0,193,,98000,4,0,25,0,92,,98005,4,,,0,137,,98002,4,,,0
1600,'4_1',916,,98007,4,0,25,0,87,,98011,4,,,0,119,,98008,4,0,25,0,127,,98013,4,,,0,62,,98014,4,0,54 55,0,112,,98009,4,,,0,193,,98010,4,0,25,0,92,,98015,4,,,0,137,,98012,4,,,0
1600,'4_2',916,,98017,4,0,25,0,87,,98021,4,,,0,119,,98018,4,0,25,0,127,,98023,4,,,0,62,,98024,4,0,54 55,0,112,,98019,4,,,0,193,,98020,4,0,25,0,92,,98025,4,,,0,137,,98022,4,,,0
1600,'4_4',916,,98027,4,0,25,0,87,,98031,4,,,0,119,,98028,4,0,25,0,127,,98033,4,,,0,62,,98034,4,0,54 55,0,112,,98029,4,,,0,193,,98030,4,0,25,0,92,,98035,4,,,0,137,,98032,4,,,0
1600,'4_5',916,,98037,4,0,25,0,87,,98041,4,,,0,119,,98038,4,0,25,0,127,,98043,4,,,0,62,,98044,4,0,54 55,0,112,,98039,4,,,0,193,,98040,4,0,25,0,92,,98045,4,,,0,137,,98042,4,,,0
1601,'0_4',856,,98046,13,,,0,87,,98047,6,,,0,159,,98048,13,,,0,125,,98051,18,,,0,174,,98049,13,,,0,138,,98052,13,,,0,107,,98053,6,,,0,175,,98050,13,,,0
1601,'0_5',856,,98054,13,,,0,87,,98055,6,,,0,159,,98056,13,,,0,125,,98059,18,,,0,174,,98057,13,,,0,138,,98060,13,,,0,107,,98061,6,,,0,175,,98058,13,,,0
1601,'1_3',856,,98062,13,,,0,87,,98063,6,,,0,159,,98064,13,,,0,125,,98067,18,,,0,174,,98065,13,,,0,138,,98068,13,,,0,107,,98069,6,,,0,175,,98066,13,,,0
1601,'2_6',856,,98070,13,,,0,87,,98071,6,,,0,159,,98072,13,,,0,125,,98075,18,,,0,174,,98073,13,,,0,138,,98076,13,,,0,107,,98077,6,,,0,175,,98074,13,,,0
1601,'4_1',856,,98078,13,,,0,87,,98079,6,,,0,159,,98080,13,,,0,125,,98083,18,,,0,174,,98081,13,,,0,138,,98084,13,,,0,107,,98085,6,,,0,175,,98082,13,,,0
1601,'4_2',856,,98086,13,,,0,87,,98087,6,,,0,159,,98088,13,,,0,125,,98091,18,,,0,174,,98089,13,,,0,138,,98092,13,,,0,107,,98093,6,,,0,175,,98090,13,,,0
1601,'4_4',856,,98094,13,,,0,87,,98095,6,,,0,159,,98096,13,,,0,125,,98099,18,,,0,174,,98097,13,,,0,138,,98100,13,,,0,107,,98101,6,,,0,175,,98098,13,,,0
1601,'4_5',856,,98102,13,,,0,87,,98103,6,,,0,159,,98104,13,,,0,125,,98107,18,,,0,174,,98105,13,,,0,138,,98108,13,,,0,107,,98109,6,,,0,175,,98106,13,,,0
2100,'0_4',1648,,98485,4,,,0
2100,'1_3',1648,,98490,4,,,0
2100,'4_1',1648,,98492,4,,,0
2100,'4_2',1648,,98494,4,,,0
2100,'4_4',1648,,98496,4,,,0
2101,'0_4',748,,98502,3,,,0
2101,'0_5',748,,98505,3,,,0
2101,'1_3',748,,98508,3,,,0
2101,'4_1',748,,98511,3,,,0
2101,'4_2',748,,98514,3,,,0
2101,'4_4',748,,98517,3,,,0
2101,'4_5',748,,98520,3,,,0
