400,'3_1',739,,64985,40,,,0,517,,64979,39,0,40,0,403,,64981,40,,,0,95,,64973,40,0,40,0,91,,64980,39,0,40,0
400,'3_2',739,,73217,40,,,0,517,,73211,39,0,40,0,403,,73213,40,,,0,95,,73205,40,0,40,0,91,,73212,39,0,40,0
400,'3_3',739,,65010,40,,,0,517,,65004,39,0,40,0,403,,65006,40,,,0,95,,64998,40,0,40,0,91,,65005,39,0,40,0
400,'3_4',739,,65035,40,,,0,517,,65029,39,0,40,0,403,,65031,40,,,0,95,,65023,40,0,40,0,91,,65030,39,0,40,0
400,'3_5',739,,65060,40,,,0,517,,65054,39,0,40,0,403,,65056,40,,,0,95,,65048,40,0,40,0,91,,65055,39,0,40,0
400,'5_1',739,,74177,40,,,0,517,,74171,39,0,40,0,403,,74173,40,,,0,95,,74165,40,0,40,0,91,,74172,39,0,40,0
400,'5_2',739,,75497,40,,,0,517,,75491,39,0,40,0,403,,75493,40,,,0,95,,75485,40,0,40,0,91,,75492,39,0,40,0
400,'5_3',739,,75522,40,,,0,517,,75516,39,0,40,0,403,,75518,40,,,0,95,,75510,40,0,40,0,91,,75517,39,0,40,0
400,'5_4',739,,75547,40,,,0,517,,75541,39,0,40,0,403,,75543,40,,,0,95,,75535,40,0,40,0,91,,75542,39,0,40,0
401,'3_1',655,,65240,19,,,0,645,,65245,16,,,0,313,,65246,16,0,41,0,91,,65243,16,0,41,0
401,'3_2',655,,73228,19,,,0,645,,73233,16,,,0,313,,73234,16,0,41,0,91,,73231,16,0,41,0
401,'3_3',655,,65266,19,,,0,645,,65271,16,,,0,313,,65272,16,0,41,0,91,,65269,16,0,41,0
401,'3_4',655,,65292,19,,,0,645,,65297,16,,,0,313,,65298,16,0,41,0,91,,65295,16,0,41,0
401,'3_5',655,,65318,19,,,0,645,,65323,16,,,0,313,,65324,16,0,41,0,91,,65321,16,0,41,0
401,'5_1',655,,74188,19,,,0,645,,74193,16,,,0,313,,74194,16,0,41,0,91,,74191,16,0,41,0
401,'5_2',655,,75558,19,,,0,645,,75563,16,,,0,313,,75564,16,0,41,0,91,,75561,16,0,41,0
401,'5_3',655,,75584,19,,,0,645,,75589,16,,,0,313,,75590,16,0,41,0,91,,75587,16,0,41,0
401,'5_4',655,,75610,19,,,0,645,,75615,16,,,0,313,,75616,16,0,41,0,91,,75613,16,0,41,0
