2300,'S2-0_2',1605,,88650,2,,,0,100,,88651,2,,,0,100,,88652,2,,,0
2300,'S2-0_4',1605,,88653,2,,,0,100,,88654,2,,,0,100,,88655,2,,,0
2300,'S2-0_5',1605,,88656,2,,,0,100,,88657,2,,,0,100,,88658,2,,,0
2300,'S2-1_3',1209,,88660,2,,,0,3,,88659,2,,,0
2300,'S2-4_1',1605,,88661,2,,,0,100,,88662,2,,,0,100,,88663,2,,,0
2300,'S2-4_2',1605,,88664,2,,,0,100,,88665,2,,,0,100,,88666,2,,,0
2300,'S2-4_4',1605,,88667,2,,,0,100,,88668,2,,,0,100,,88669,2,,,0
4000000,'S2-0_2',637,,93406,5,0,45,0,18,,93362,5,0,46,0,67,,93384,5,0,45,0,27,,93363,5,0,46,0,55,,93385,5,0,45,0,19,,93364,5,0,46,0,22,,93386,5,0,45,0,61,,93365,5,0,46,0,16,,93387,5,0,45,0,19,,93366,5,0,46,0,59,,93388,5,0,45,0,19,,93367,5,0,46,0,20,,93389,5,0,45,0,61,,93368,5,0,46,0,20,,93390,5,0,45,0,19,,93369,5,0,46,0,63,,93391,5,0,45,0,20,,93370,5,0,46,0,19,,93392,5,0,45,0,18,,93371,5,0,46,0,59,,93393,5,0,45,0,23,,93372,5,0,46,0,61,,93394,5,0,45,0,20,,93373,5,0,46,0,19,,93395,5,0,45,0,60,,93374,5,0,46,0,20,,93396,5,0,45,0,18,,93375,5,0,46,0,62,,93397,5,0,45,0,22,,93376,5,0,46,0,22,,93398,5,0,45,0,66,,93377,5,0,46,0,22,,93399,5,0,45,0,20,,93378,5,0,46,0,56,,93400,5,0,45,0,18,,93379,5,0,46,0,16,,93401,5,0,45,0,14,,93380,5,0,46,0,60,,93402,5,0,45,0,20,,93381,5,0,46,0,20,,93403,5,0,45,0,59,,93382,5,0,46,0
4000000,'S2-0_4',637,,93451,5,0,45,0,18,,93407,5,0,46,0,67,,93429,5,0,45,0,27,,93408,5,0,46,0,55,,93430,5,0,45,0,19,,93409,5,0,46,0,22,,93431,5,0,45,0,61,,93410,5,0,46,0,16,,93432,5,0,45,0,19,,93411,5,0,46,0,59,,93433,5,0,45,0,19,,93412,5,0,46,0,20,,93434,5,0,45,0,61,,93413,5,0,46,0,20,,93435,5,0,45,0,19,,93414,5,0,46,0,63,,93436,5,0,45,0,20,,93415,5,0,46,0,19,,93437,5,0,45,0,18,,93416,5,0,46,0,59,,93438,5,0,45,0,23,,93417,5,0,46,0,61,,93439,5,0,45,0,20,,93418,5,0,46,0,19,,93440,5,0,45,0,60,,93419,5,0,46,0,20,,93441,5,0,45,0,18,,93420,5,0,46,0,62,,93442,5,0,45,0,22,,93421,5,0,46,0,22,,93443,5,0,45,0,66,,93422,5,0,46,0,22,,93444,5,0,45,0,20,,93423,5,0,46,0,56,,93445,5,0,45,0,18,,93424,5,0,46,0,16,,93446,5,0,45,0,14,,93425,5,0,46,0,60,,93447,5,0,45,0,20,,93426,5,0,46,0,20,,93448,5,0,45,0,59,,93427,5,0,46,0
4000000,'S2-0_5',637,,93496,5,0,45,0,18,,93452,5,0,46,0,67,,93474,5,0,45,0,27,,93453,5,0,46,0,55,,93475,5,0,45,0,19,,93454,5,0,46,0,22,,93476,5,0,45,0,61,,93455,5,0,46,0,16,,93477,5,0,45,0,19,,93456,5,0,46,0,59,,93478,5,0,45,0,19,,93457,5,0,46,0,20,,93479,5,0,45,0,61,,93458,5,0,46,0,20,,93480,5,0,45,0,19,,93459,5,0,46,0,63,,93481,5,0,45,0,20,,93460,5,0,46,0,19,,93482,5,0,45,0,18,,93461,5,0,46,0,59,,93483,5,0,45,0,23,,93462,5,0,46,0,61,,93484,5,0,45,0,20,,93463,5,0,46,0,19,,93485,5,0,45,0,60,,93464,5,0,46,0,20,,93486,5,0,45,0,18,,93465,5,0,46,0,62,,93487,5,0,45,0,22,,93466,5,0,46,0,22,,93488,5,0,45,0,66,,93467,5,0,46,0,22,,93489,5,0,45,0,20,,93468,5,0,46,0,56,,93490,5,0,45,0,18,,93469,5,0,46,0,16,,93491,5,0,45,0,14,,93470,5,0,46,0,60,,93492,5,0,45,0,20,,93471,5,0,46,0,20,,93493,5,0,45,0,59,,93472,5,0,46,0
4000000,'S2-1_3',637,,93541,5,0,45,0,18,,93497,5,0,46,0,67,,93519,5,0,45,0,27,,93498,5,0,46,0,55,,93520,5,0,45,0,19,,93499,5,0,46,0,22,,93521,5,0,45,0,61,,93500,5,0,46,0,16,,93522,5,0,45,0,19,,93501,5,0,46,0,59,,93523,5,0,45,0,19,,93502,5,0,46,0,20,,93524,5,0,45,0,61,,93503,5,0,46,0,20,,93525,5,0,45,0,19,,93504,5,0,46,0,63,,93526,5,0,45,0,20,,93505,5,0,46,0,19,,93527,5,0,45,0,18,,93506,5,0,46,0,59,,93528,5,0,45,0,23,,93507,5,0,46,0,61,,93529,5,0,45,0,20,,93508,5,0,46,0,19,,93530,5,0,45,0,60,,93509,5,0,46,0,20,,93531,5,0,45,0,18,,93510,5,0,46,0,62,,93532,5,0,45,0,22,,93511,5,0,46,0,22,,93533,5,0,45,0,66,,93512,5,0,46,0,22,,93534,5,0,45,0,20,,93513,5,0,46,0,56,,93535,5,0,45,0,18,,93514,5,0,46,0,16,,93536,5,0,45,0,14,,93515,5,0,46,0,60,,93537,5,0,45,0,20,,93516,5,0,46,0,20,,93538,5,0,45,0,59,,93517,5,0,46,0
4000000,'S2-2_6',637,,93586,5,0,46,0,18,,93542,5,0,45,0,62,,93564,5,0,46,0,20,,93543,5,0,45,0,20,,93565,5,0,46,0,61,,93544,5,0,45,0,20,,93566,5,0,46,0,20,,93545,5,0,45,0,60,,93567,5,0,46,0,22,,93546,5,0,45,0,19,,93568,5,0,46,0,61,,93547,5,0,45,0,21,,93569,5,0,46,0,61,,93548,5,0,45,0,21,,93570,5,0,46,0,21,,93549,5,0,45,0,62,,93571,5,0,46,0,21,,93550,5,0,45,0,20,,93572,5,0,45,0,61,,93551,5,0,46,0,21,,93573,5,0,45,0,18,,93552,5,0,46,0,59,,93574,5,0,45,0,18,,93553,5,0,46,0,18,,93575,5,0,45,0,59,,93554,5,0,46,0,20,,93576,5,0,45,0,20,,93555,5,0,46,0,60,,93577,5,0,45,0,20,,93556,5,0,46,0,20,,93578,5,0,45,0,61,,93557,5,0,46,0,20,,93579,5,0,45,0,20,,93558,5,0,46,0,59,,93580,5,0,45,0,20,,93559,5,0,46,0,19,,93581,5,0,45,0,19,,93560,5,0,46,0,60,,93582,5,0,45,0,19,,93561,5,0,46,0,20,,93583,5,0,45,0,60,,93562,5,0,46,0
4000000,'S2-3_7',826,,93587,5,0,46,0,110,,93592,5,0,45,0,110,,93588,5,0,46,0,110,,93593,5,0,45,0,150,,93589,5,0,46,0,110,,93594,5,0,45,0,110,,93590,5,0,46,0,110,,93595,5,0,45,0,110,,93591,5,0,46,0,110,,93596,5,0,45,0
4000000,'S2-4_1',637,,93642,5,0,45,0,18,,93598,5,0,46,0,67,,93620,5,0,45,0,27,,93599,5,0,46,0,55,,93621,5,0,45,0,19,,93600,5,0,46,0,22,,93622,5,0,45,0,61,,93601,5,0,46,0,16,,93623,5,0,45,0,19,,93602,5,0,46,0,59,,93624,5,0,45,0,19,,93603,5,0,46,0,20,,93625,5,0,45,0,61,,93604,5,0,46,0,20,,93626,5,0,45,0,19,,93605,5,0,46,0,63,,93627,5,0,45,0,20,,93606,5,0,46,0,19,,93628,5,0,45,0,18,,93607,5,0,46,0,59,,93629,5,0,45,0,23,,93608,5,0,46,0,61,,93630,5,0,45,0,20,,93609,5,0,46,0,19,,93631,5,0,45,0,60,,93610,5,0,46,0,20,,93632,5,0,45,0,18,,93611,5,0,46,0,62,,93633,5,0,45,0,22,,93612,5,0,46,0,22,,93634,5,0,45,0,66,,93613,5,0,46,0,22,,93635,5,0,45,0,20,,93614,5,0,46,0,56,,93636,5,0,45,0,18,,93615,5,0,46,0,16,,93637,5,0,45,0,14,,93616,5,0,46,0,60,,93638,5,0,45,0,20,,93617,5,0,46,0,20,,93639,5,0,45,0,59,,93618,5,0,46,0
4000000,'S2-4_2',637,,93687,5,0,45,0,18,,93643,5,0,46,0,67,,93665,5,0,45,0,27,,93644,5,0,46,0,55,,93666,5,0,45,0,19,,93645,5,0,46,0,22,,93667,5,0,45,0,61,,93646,5,0,46,0,16,,93668,5,0,45,0,19,,93647,5,0,46,0,59,,93669,5,0,45,0,19,,93648,5,0,46,0,20,,93670,5,0,45,0,61,,93649,5,0,46,0,20,,93671,5,0,45,0,19,,93650,5,0,46,0,63,,93672,5,0,45,0,20,,93651,5,0,46,0,19,,93673,5,0,45,0,18,,93652,5,0,46,0,59,,93674,5,0,45,0,23,,93653,5,0,46,0,61,,93675,5,0,45,0,20,,93654,5,0,46,0,19,,93676,5,0,45,0,60,,93655,5,0,46,0,20,,93677,5,0,45,0,18,,93656,5,0,46,0,62,,93678,5,0,45,0,22,,93657,5,0,46,0,22,,93679,5,0,45,0,66,,93658,5,0,46,0,22,,93680,5,0,45,0,20,,93659,5,0,46,0,56,,93681,5,0,45,0,18,,93660,5,0,46,0,16,,93682,5,0,45,0,14,,93661,5,0,46,0,60,,93683,5,0,45,0,20,,93662,5,0,46,0,20,,93684,5,0,45,0,59,,93663,5,0,46,0
4000000,'S2-4_4',637,,93732,5,0,45,0,18,,93688,5,0,46,0,67,,93710,5,0,45,0,27,,93689,5,0,46,0,55,,93711,5,0,45,0,19,,93690,5,0,46,0,22,,93712,5,0,45,0,61,,93691,5,0,46,0,16,,93713,5,0,45,0,19,,93692,5,0,46,0,59,,93714,5,0,45,0,19,,93693,5,0,46,0,20,,93715,5,0,45,0,61,,93694,5,0,46,0,20,,93716,5,0,45,0,19,,93695,5,0,46,0,63,,93717,5,0,45,0,20,,93696,5,0,46,0,19,,93718,5,0,45,0,18,,93697,5,0,46,0,59,,93719,5,0,45,0,23,,93698,5,0,46,0,61,,93720,5,0,45,0,20,,93699,5,0,46,0,19,,93721,5,0,45,0,60,,93700,5,0,46,0,20,,93722,5,0,45,0,18,,93701,5,0,46,0,62,,93723,5,0,45,0,22,,93702,5,0,46,0,22,,93724,5,0,45,0,66,,93703,5,0,46,0,22,,93725,5,0,45,0,20,,93704,5,0,46,0,56,,93726,5,0,45,0,18,,93705,5,0,46,0,16,,93727,5,0,45,0,14,,93706,5,0,46,0,60,,93728,5,0,45,0,20,,93707,5,0,46,0,20,,93729,5,0,45,0,59,,93708,5,0,46,0
