601,'0_4',609,,96713,7,,,0,108,,96726,7,,,0,96,,96714,7,,,0,102,,96715,7,,,0,99,,96716,7,,,0,100,,96717,7,,,0,101,,96730,7,,,0,24,,96718,7,,,0,80,,96719,7,,,0,104,,96720,7,,,0,94,,96721,7,,,0,39,,96727,7,,,0,79,,96722,8,,,0,76,,96728,7,,,0,28,,96723,8,,,0,73,,96729,8,,,0,27,,96724,7,,,0,94,,96725,7,,,0
601,'0_5',609,,96731,7,,,0,108,,96744,7,,,0,96,,96732,7,,,0,102,,96733,7,,,0,99,,96734,7,,,0,100,,96735,7,,,0,101,,96748,7,,,0,24,,96736,7,,,0,80,,96737,7,,,0,104,,96738,7,,,0,94,,96739,7,,,0,39,,96745,7,,,0,79,,96740,8,,,0,76,,96746,7,,,0,28,,96741,8,,,0,73,,96747,8,,,0,27,,96742,7,,,0,94,,96743,7,,,0
601,'1_3',609,,96749,7,,,0,108,,96763,7,,,0,96,,96750,7,,,0,102,,96751,7,,,0,99,,96752,7,,,0,100,,96753,7,,,0,101,,96754,8,,,0,24,,96755,7,,,0,80,,96756,7,,,0,104,,96757,7,,,0,94,,96758,7,,,0,39,,96764,7,,,0,79,,96759,8,,,0,76,,96765,7,,,0,28,,96760,8,,,0,73,,96766,8,,,0,27,,96761,7,,,0,94,,96762,7,,,0
601,'2_6',739,,96767,7,,,0,90,,96769,7,,,0,96,,96770,7,,,0,93,,96771,7,,,0,89,,96772,7,,,0,49,,96773,7,,,0,88,,96774,7,,,0,89,,96775,7,,,0,88,,96776,7,,,0,89,,96777,7,,,0,100,,96778,7,,,0,91,,96779,7,,,0,54,,96780,7,,,0,87,,96781,7,,,0,90,,96768,7,,,0
601,'4_1',609,,96782,7,,,0,108,,96795,7,,,0,96,,96783,7,,,0,102,,96784,7,,,0,99,,96785,7,,,0,100,,96786,7,,,0,101,,96799,7,,,0,24,,96787,7,,,0,80,,96788,7,,,0,104,,96789,7,,,0,94,,96790,7,,,0,39,,96796,7,,,0,79,,96791,8,,,0,76,,96797,7,,,0,28,,96792,8,,,0,73,,96798,8,,,0,27,,96793,7,,,0,94,,96794,7,,,0
601,'4_2',609,,96800,7,,,0,108,,96813,7,,,0,96,,96801,7,,,0,102,,96802,7,,,0,99,,96803,7,,,0,100,,96804,7,,,0,101,,96817,7,,,0,24,,96805,7,,,0,80,,96806,7,,,0,104,,96807,7,,,0,94,,96808,7,,,0,39,,96814,7,,,0,79,,96809,8,,,0,76,,96815,7,,,0,28,,96810,8,,,0,73,,96816,8,,,0,27,,96811,7,,,0,94,,96812,7,,,0
601,'4_4',609,,96818,7,,,0,108,,96831,7,,,0,96,,96819,7,,,0,102,,96820,7,,,0,99,,96821,7,,,0,100,,96822,7,,,0,101,,96835,7,,,0,24,,96823,7,,,0,80,,96824,7,,,0,104,,96825,7,,,0,94,,96826,7,,,0,39,,96832,7,,,0,79,,96827,8,,,0,76,,96833,7,,,0,28,,96828,8,,,0,73,,96834,8,,,0,27,,96829,7,,,0,94,,96830,7,,,0
601,'4_5',609,,96836,7,,,0,108,,96849,7,,,0,96,,96837,7,,,0,102,,96838,7,,,0,99,,96839,7,,,0,100,,96840,7,,,0,101,,96853,7,,,0,24,,96841,7,,,0,80,,96842,7,,,0,104,,96843,7,,,0,94,,96844,7,,,0,39,,96850,7,,,0,79,,96845,8,,,0,76,,96851,7,,,0,28,,96846,8,,,0,73,,96852,8,,,0,27,,96847,7,,,0,94,,96848,7,,,0
901,'0_4',737,,97350,3,0,26,0,66,,97351,3,0,27 63,0,102,,97356,3,0,23 24,0,152,,97357,3,0,23 24,0,147,,97352,3,0,27 63,0,34,,97361,3,,,0,105,,97358,3,0,23 24,0,111,,97359,3,0,23 24,0,150,,97353,3,0,27 63,0,21,,97364,3,,,0,79,,97354,3,0,27 63,0,100,,97355,3,0,27 63,0,128,,97365,3,,,0
901,'0_5',737,,97366,3,0,26,0,66,,97367,3,0,27 63,0,102,,97372,3,0,23 24,0,152,,97373,3,0,23 24,0,147,,97368,3,0,27 63,0,34,,97377,3,,,0,105,,97374,3,0,23 24,0,111,,97375,3,0,23 24,0,150,,97369,3,0,27 63,0,21,,97380,3,,,0,79,,97370,3,0,27 63,0,100,,97371,3,0,27 63,0,128,,97381,3,,,0
901,'1_3',737,,97382,3,0,26,0,66,,97383,3,0,27 63,0,102,,97388,3,0,23 24,0,152,,97389,3,0,23 24,0,147,,97384,3,0,27 63,0,34,,97393,3,,,0,105,,97390,3,0,23 24,0,111,,97391,3,0,23 24,0,150,,97385,3,0,27 63,0,21,,97396,3,,,0,79,,97386,3,0,27 63,0,100,,97387,3,0,27 63,0,128,,97397,3,,,0
901,'2_6',737,,97398,3,0,23 24,0,99,,97410,3,0,25,0,368,,97408,3,0,25,0,318,,97406,3,0,25,0,82,,97399,3,0,23 24,0,103,,97400,3,0,23 24,0,135,,97401,3,0,23 24,0,90,,97402,3,0,23 24,0
901,'4_1',737,,97411,3,0,26,0,66,,97412,3,0,27 63,0,102,,97417,3,0,23 24,0,152,,97418,3,0,23 24,0,147,,97413,3,0,27 63,0,34,,97422,3,,,0,105,,97419,3,0,23 24,0,111,,97420,3,0,23 24,0,150,,97414,3,0,27 63,0,21,,97425,3,,,0,79,,97415,3,0,27 63,0,100,,97416,3,0,27 63,0,128,,97426,3,,,0
901,'4_2',737,,97427,3,0,26,0,66,,97428,3,0,27 63,0,102,,97433,3,0,23 24,0,152,,97434,3,0,23 24,0,147,,97429,3,0,27 63,0,34,,97438,3,,,0,105,,97435,3,0,23 24,0,111,,97436,3,0,23 24,0,150,,97430,3,0,27 63,0,21,,97441,3,,,0,79,,97431,3,0,27 63,0,100,,97432,3,0,27 63,0,128,,97442,3,,,0
901,'4_4',737,,97443,3,0,26,0,66,,97444,3,0,27 63,0,102,,97449,3,0,23 24,0,152,,97450,3,0,23 24,0,147,,97445,3,0,27 63,0,34,,97454,3,,,0,105,,97451,3,0,23 24,0,111,,97452,3,0,23 24,0,150,,97446,3,0,27 63,0,21,,97457,3,,,0,79,,97447,3,0,27 63,0,100,,97448,3,0,27 63,0,128,,97458,3,,,0
901,'4_5',737,,97459,3,0,26,0,66,,97460,3,0,27 63,0,102,,97465,3,0,23 24,0,152,,97466,3,0,23 24,0,147,,97461,3,0,27 63,0,34,,97470,3,,,0,105,,97467,3,0,23 24,0,111,,97468,3,0,23 24,0,150,,97462,3,0,27 63,0,21,,97473,3,,,0,79,,97463,3,0,27 63,0,100,,97464,3,0,27 63,0,128,,97474,3,,,0
1901,'0_4',1604,,98374,3,,,0,100,,98375,3,,,0,100,,98376,3,,,0
1901,'0_5',1604,,98383,3,,,0,100,,98384,3,,,0,100,,98385,3,,,0
1901,'1_3',1204,,98395,3,,,0,34,,98396,3,,,0
1901,'4_1',1604,,98398,3,,,0,100,,98399,3,,,0,100,,98400,3,,,0
1901,'4_2',1604,,98407,3,,,0,100,,98408,3,,,0,100,,98409,3,,,0
1901,'4_4',1604,,98416,3,,,0,100,,98417,3,,,0,100,,98418,3,,,0
1901,'4_5',1604,,98425,3,,,0,100,,98426,3,,,0,100,,98427,3,,,0
2601,'0_4',734,,99098,6,,,0,2,,99111,6,,,0,1,,99096,6,,,0,2,,99089,19,,,0,72,,99099,19,,,0,24,,99101,19,,,0,9,,99097,7,,,0,15,,99100,19,,,0,79,,99090,19,,,0,100,,99091,19,,,0,100,,99108,19,,,0,100,,99092,19,,,0,67,,99109,19,,,0,22,,99110,19,,,0,5,,99112,6,,,0,87,,99093,19,,,0,95,,99094,19,,,0,114,,99103,19,,,0,89,,99104,19,,,0,27,,99105,19,,,0,89,,99106,19,,,0,23,,99107,19,,,0,92,,99102,19,,,0
2601,'0_5',734,,99122,6,,,0,2,,99135,6,,,0,1,,99120,6,,,0,2,,99113,19,,,0,72,,99123,19,,,0,24,,99125,19,,,0,9,,99121,7,,,0,15,,99124,19,,,0,79,,99114,19,,,0,100,,99115,19,,,0,100,,99132,19,,,0,100,,99116,19,,,0,67,,99133,19,,,0,22,,99134,19,,,0,5,,99136,6,,,0,87,,99117,19,,,0,95,,99118,19,,,0,114,,99127,19,,,0,89,,99128,19,,,0,27,,99129,19,,,0,89,,99130,19,,,0,23,,99131,19,,,0,92,,99126,19,,,0
2601,'1_3',734,,99145,6,,,0,2,,99158,6,,,0,1,,99143,6,,,0,2,,99137,19,,,0,72,,99146,19,,,0,24,,99148,19,,,0,9,,99144,7,,,0,15,,99147,19,,,0,79,,99138,19,,,0,100,,99139,19,,,0,100,,99155,19,,,0,100,,99140,19,,,0,67,,99156,19,,,0,22,,99157,19,,,0,92,,99141,19,,,0,95,,99142,19,,,0,114,,99150,19,,,0,89,,99151,19,,,0,27,,99152,19,,,0,89,,99153,19,,,0,23,,99154,19,,,0,92,,99149,19,,,0
2601,'2_6',738,,99159,19,,,0,86,,99162,19,,,0,85,,99163,19,,,0,47,,99164,19,,,0,90,,99165,19,,,0,84,,99166,19,,,0,83,,99167,19,,,0,45,,99168,19,,,0,82,,99169,19,,,0,85,,99170,19,,,0,86,,99171,19,,,0,91,,99172,19,,,0,46,,99173,19,,,0,81,,99174,19,,,0,86,,99175,19,,,0,42,,99161,19,,,0,81,,99160,19,,,0
2601,'4_1',734,,99185,6,,,0,2,,99198,6,,,0,1,,99183,6,,,0,2,,99176,19,,,0,72,,99186,19,,,0,24,,99188,19,,,0,9,,99184,7,,,0,15,,99187,19,,,0,79,,99177,19,,,0,100,,99178,19,,,0,100,,99195,19,,,0,100,,99179,19,,,0,67,,99196,19,,,0,22,,99197,19,,,0,5,,99199,6,,,0,87,,99180,19,,,0,95,,99181,19,,,0,114,,99190,19,,,0,89,,99191,19,,,0,27,,99192,19,,,0,89,,99193,19,,,0,23,,99194,19,,,0,92,,99189,19,,,0
2601,'4_2',734,,99209,6,,,0,2,,99222,6,,,0,1,,99207,6,,,0,2,,99200,19,,,0,72,,99210,19,,,0,24,,99212,19,,,0,9,,99208,7,,,0,15,,99211,19,,,0,79,,99201,19,,,0,100,,99202,19,,,0,100,,99219,19,,,0,100,,99203,19,,,0,67,,99220,19,,,0,22,,99221,19,,,0,5,,99223,6,,,0,87,,99204,19,,,0,95,,99205,19,,,0,114,,99214,19,,,0,89,,99215,19,,,0,27,,99216,19,,,0,89,,99217,19,,,0,23,,99218,19,,,0,92,,99213,19,,,0
2601,'4_4',734,,99233,6,,,0,2,,99246,6,,,0,1,,99231,6,,,0,2,,99224,19,,,0,72,,99234,19,,,0,24,,99236,19,,,0,9,,99232,7,,,0,15,,99235,19,,,0,79,,99225,19,,,0,100,,99226,19,,,0,100,,99243,19,,,0,100,,99227,19,,,0,67,,99244,19,,,0,22,,99245,19,,,0,5,,99247,6,,,0,87,,99228,19,,,0,95,,99229,19,,,0,114,,99238,19,,,0,89,,99239,19,,,0,27,,99240,19,,,0,89,,99241,19,,,0,23,,99242,19,,,0,92,,99237,19,,,0
2601,'4_5',734,,99257,6,,,0,2,,99270,6,,,0,1,,99255,6,,,0,2,,99248,19,,,0,72,,99258,19,,,0,24,,99260,19,,,0,9,,99256,7,,,0,15,,99259,19,,,0,79,,99249,19,,,0,100,,99250,19,,,0,100,,99267,19,,,0,100,,99251,19,,,0,67,,99268,19,,,0,22,,99269,19,,,0,5,,99271,6,,,0,87,,99252,19,,,0,95,,99253,19,,,0,114,,99262,19,,,0,89,,99263,19,,,0,27,,99264,19,,,0,89,,99265,19,,,0,23,,99266,19,,,0,92,,99261,19,,,0
