801,'0_4',843,,97113,12,,,0,108,,97114,12,,,0,150,,97115,12,,,0,119,,97107,12,,,0,111,,97116,12,,,0,112,,97117,12,,,0,112,,97118,12,,,0,75,,97108,12,,,0,75,,97109,12,,,0,30,,97110,12,,,0,75,,97111,12,,,0,35,,97112,12,,,0,71,,97119,12,,,0,34,,97120,12,,,0
801,'0_5',843,,97127,12,,,0,108,,97128,12,,,0,150,,97129,12,,,0,119,,97121,12,,,0,111,,97130,12,,,0,112,,97131,12,,,0,112,,97132,12,,,0,75,,97122,12,,,0,75,,97123,12,,,0,30,,97124,12,,,0,75,,97125,12,,,0,35,,97126,12,,,0,71,,97133,12,,,0,34,,97134,12,,,0
801,'1_3',843,,97141,12,,,0,108,,97142,12,,,0,150,,97143,12,,,0,119,,97135,12,,,0,111,,97144,12,,,0,112,,97145,12,,,0,112,,97146,12,,,0,75,,97136,12,,,0,75,,97137,12,,,0,30,,97138,12,,,0,75,,97139,12,,,0,35,,97140,12,,,0,71,,97147,12,,,0,34,,97148,12,,,0
801,'4_1',843,,97155,12,,,0,108,,97156,12,,,0,150,,97157,12,,,0,119,,97149,12,,,0,111,,97158,12,,,0,112,,97159,12,,,0,112,,97160,12,,,0,75,,97150,12,,,0,75,,97151,12,,,0,30,,97152,12,,,0,75,,97153,12,,,0,35,,97154,12,,,0,71,,97161,12,,,0,34,,97162,12,,,0
801,'4_2',843,,97169,12,,,0,108,,97170,12,,,0,150,,97171,12,,,0,119,,97163,12,,,0,111,,97172,12,,,0,112,,97173,12,,,0,112,,97174,12,,,0,75,,97164,12,,,0,75,,97165,12,,,0,30,,97166,12,,,0,75,,97167,12,,,0,35,,97168,12,,,0,71,,97175,12,,,0,34,,97176,12,,,0
801,'4_4',843,,97183,12,,,0,108,,97184,12,,,0,150,,97185,12,,,0,119,,97177,12,,,0,111,,97186,12,,,0,112,,97187,12,,,0,112,,97188,12,,,0,75,,97178,12,,,0,75,,97179,12,,,0,30,,97180,12,,,0,75,,97181,12,,,0,35,,97182,12,,,0,71,,97189,12,,,0,34,,97190,12,,,0
801,'4_5',843,,97197,12,,,0,108,,97198,12,,,0,150,,97199,12,,,0,119,,97191,12,,,0,111,,97200,12,,,0,112,,97201,12,,,0,112,,97202,12,,,0,75,,97192,12,,,0,75,,97193,12,,,0,30,,97194,12,,,0,75,,97195,12,,,0,35,,97196,12,,,0,71,,97203,12,,,0,34,,97204,12,,,0
2201,'0_4',1300,,98569,13,,,0,324,,98573,9,,,0,22,,98570,13,,,0,78,,98574,9,,,0,80,,98571,13,,,0,20,,98575,9,,,0,76,,98572,13,,,0
2201,'0_5',1300,,98576,13,,,0,324,,98580,9,,,0,22,,98577,13,,,0,78,,98581,9,,,0,80,,98578,13,,,0,20,,98582,9,,,0,76,,98579,13,,,0
2201,'1_3',1225,,98587,9,,,0,75,,98583,13,,,0,346,,98584,13,,,0,158,,98585,13,,,0,96,,98586,13,,,0
2201,'4_1',1300,,98588,13,,,0,324,,98592,9,,,0,22,,98589,13,,,0,78,,98593,9,,,0,80,,98590,13,,,0,20,,98594,9,,,0,76,,98591,13,,,0
2201,'4_2',1300,,98595,13,,,0,324,,98599,9,,,0,22,,98596,13,,,0,78,,98600,9,,,0,80,,98597,13,,,0,20,,98601,9,,,0,76,,98598,13,,,0
2201,'4_4',1300,,98602,13,,,0,324,,98606,9,,,0,22,,98603,13,,,0,78,,98607,9,,,0,80,,98604,13,,,0,20,,98608,9,,,0,76,,98605,13,,,0
2201,'4_5',1300,,98609,13,,,0,324,,98613,9,,,0,22,,98610,13,,,0,78,,98614,9,,,0,80,,98611,13,,,0,20,,98615,9,,,0,76,,98612,13,,,0
