201,'0_4',709,,94973,17,0,20,0,28,,95011,17,0,21,0,17,,94995,5,0,62,0,53,,94976,17,0,21,0,15,,94974,5,0,20,0,20,,94996,17,0,62,0,68,,94977,17,0,21,0,28,,94987,17,0,20,0,81,,94981,17,0,21,0,26,,94988,17,0,62,0,83,,94982,17,0,21,0,75,,94989,17,0,62,0,41,,94978,17,0,20,0,75,,94997,17,0,21,0,20,,95010,17,0,62,0,65,,94990,17,0,21,0,30,,94975,17,0,20,0,25,,94998,17,0,21,0,65,,94979,17,0,62,0,34,,94991,17,0,21,0,77,,95005,17,0,62,0,19,,94999,5,0,21,0,55,,94992,5,0,62,0,13,,95000,17,0,21,0,13,,94980,17,0,62,0,15,,95001,5,0,21,0,56,,95003,5,0,62,0,16,,95002,5,0,21,0,18,,94993,17,0,62,0,60,,94984,17,0,21,0,25,,94994,17,0,62,0,21,,94985,17,0,21,0
201,'0_5',709,,95012,17,0,20,0,28,,95050,17,0,21,0,17,,95034,5,0,62,0,53,,95015,17,0,21,0,15,,95013,5,0,20,0,20,,95035,17,0,62,0,68,,95016,17,0,21,0,28,,95026,17,0,20,0,81,,95020,17,0,21,0,26,,95027,17,0,62,0,83,,95021,17,0,21,0,75,,95028,17,0,62,0,41,,95017,17,0,20,0,75,,95036,17,0,21,0,20,,95049,17,0,62,0,65,,95029,17,0,21,0,30,,95014,17,0,20,0,25,,95037,17,0,21,0,65,,95018,17,0,62,0,34,,95030,17,0,21,0,77,,95044,17,0,62,0,19,,95038,5,0,21,0,55,,95031,5,0,62,0,13,,95039,17,0,21,0,13,,95019,17,0,62,0,15,,95040,5,0,21,0,56,,95042,5,0,62,0,16,,95041,5,0,21,0,18,,95032,17,0,62,0,60,,95023,17,0,21,0,25,,95033,17,0,62,0,21,,95024,17,0,21,0
201,'1_3',709,,95051,17,0,20,0,28,,95090,17,0,21,0,17,,95073,5,0,62,0,53,,95054,17,0,21,0,15,,95052,5,0,20,0,20,,95074,17,0,62,0,68,,95055,17,0,21,0,28,,95065,17,0,20,0,81,,95059,17,0,21,0,26,,95066,17,0,62,0,83,,95060,17,0,21,0,75,,95067,17,0,62,0,41,,95056,17,0,20,0,75,,95075,17,0,21,0,20,,95089,17,0,62,0,65,,95068,17,0,21,0,30,,95053,17,0,20,0,25,,95076,17,0,21,0,65,,95057,17,0,62,0,34,,95069,17,0,21,0,77,,95083,17,0,62,0,19,,95077,5,0,21,0,55,,95070,5,0,62,0,13,,95078,17,0,21,0,13,,95058,17,0,62,0,15,,95079,5,0,21,0,56,,95081,5,0,62,0,16,,95080,5,0,21,0,18,,95071,17,0,62,0,60,,95062,17,0,21,0,25,,95072,17,0,62,0,21,,95063,17,0,21,0
201,'2_6',712,,95091,17,0,20,0,5,,95115,17,0,62,0,25,,95103,5,0,21,0,69,,95092,17,0,21,0,24,,95104,5,0,62,0,65,,95116,17,0,20,0,25,,95093,17,0,20,0,20,,95105,5,0,21,0,55,,95117,17,0,62,0,31,,95094,17,0,20,0,19,,95106,5,0,21,0,60,,95118,17,0,64,0,26,,95095,17,0,20,0,20,,95107,5,0,62,0,60,,95119,17,0,21,0,30,,95096,17,0,21,0,58,,95108,5,0,62,0,20,,95120,17,0,20,0,25,,95097,17,0,21,0,56,,95109,5,0,62,0,25,,95121,17,0,20,0,25,,95098,17,0,62,0,58,,95110,5,0,21,0,22,,95122,17,0,20,0,22,,95099,17,0,62,0,55,,95111,5,0,21,0,24,,95123,17,0,20,0,64,,95100,17,0,21,0,19,,95112,5,0,62,0,20,,95124,17,0,20,0,64,,95101,17,0,21,0,21,,95113,5,0,20,0,20,,95125,17,0,62,0,60,,95102,17,0,21,0,15,,95114,5,0,62,0,17,,95126,17,0,21,0
201,'3_7',837,,95127,5,0,21,0,165,,95128,5,0,21,0,125,,95129,5,0,21,0,125,,95130,5,0,21,0,150,,95131,5,0,21,0,125,,95132,5,0,21,0,125,,95133,5,0,21,0,165,,95134,5,0,21,0
201,'4_1',709,,95135,17,0,20,0,28,,95173,17,0,21,0,17,,95157,5,0,62,0,53,,95138,17,0,21,0,15,,95136,5,0,20,0,20,,95158,17,0,62,0,68,,95139,17,0,21,0,28,,95149,17,0,20,0,81,,95143,17,0,21,0,26,,95150,17,0,62,0,83,,95144,17,0,21,0,75,,95151,17,0,62,0,41,,95140,17,0,20,0,75,,95159,17,0,21,0,20,,95172,17,0,62,0,65,,95152,17,0,21,0,30,,95137,17,0,20,0,25,,95160,17,0,21,0,65,,95141,17,0,62,0,34,,95153,17,0,21,0,77,,95167,17,0,62,0,19,,95161,5,0,21,0,55,,95154,5,0,62,0,13,,95162,17,0,21,0,13,,95142,17,0,62,0,15,,95163,5,0,21,0,56,,95165,5,0,62,0,16,,95164,5,0,21,0,18,,95155,17,0,62,0,60,,95146,17,0,21,0,25,,95156,17,0,62,0,21,,95147,17,0,21,0
201,'4_2',709,,95174,17,0,20,0,28,,95212,17,0,21,0,17,,95196,5,0,62,0,53,,95177,17,0,21,0,15,,95175,5,0,20,0,20,,95197,17,0,62,0,68,,95178,17,0,21,0,28,,95188,17,0,20,0,81,,95182,17,0,21,0,26,,95189,17,0,62,0,83,,95183,17,0,21,0,75,,95190,17,0,62,0,41,,95179,17,0,20,0,75,,95198,17,0,21,0,20,,95211,17,0,62,0,65,,95191,17,0,21,0,30,,95176,17,0,20,0,25,,95199,17,0,21,0,65,,95180,17,0,62,0,34,,95192,17,0,21,0,77,,95206,17,0,62,0,19,,95200,5,0,21,0,55,,95193,5,0,62,0,13,,95201,17,0,21,0,13,,95181,17,0,62,0,15,,95202,5,0,21,0,56,,95204,5,0,62,0,16,,95203,5,0,21,0,18,,95194,17,0,62,0,60,,95185,17,0,21,0,25,,95195,17,0,62,0,21,,95186,17,0,21,0
201,'4_4',709,,95213,17,0,20,0,28,,95251,17,0,21,0,17,,95235,5,0,62,0,53,,95216,17,0,21,0,15,,95214,5,0,20,0,20,,95236,17,0,62,0,68,,95217,17,0,21,0,28,,95227,17,0,20,0,81,,95221,17,0,21,0,26,,95228,17,0,62,0,83,,95222,17,0,21,0,75,,95229,17,0,62,0,41,,95218,17,0,20,0,75,,95237,17,0,21,0,20,,95250,17,0,62,0,65,,95230,17,0,21,0,30,,95215,17,0,20,0,25,,95238,17,0,21,0,65,,95219,17,0,62,0,34,,95231,17,0,21,0,77,,95245,17,0,62,0,19,,95239,5,0,21,0,55,,95232,5,0,62,0,13,,95240,17,0,21,0,13,,95220,17,0,62,0,15,,95241,5,0,21,0,56,,95243,5,0,62,0,16,,95242,5,0,21,0,18,,95233,17,0,62,0,60,,95224,17,0,21,0,25,,95234,17,0,62,0,21,,95225,17,0,21,0
201,'4_5',709,,95252,17,0,20,0,28,,95290,17,0,21,0,17,,95274,5,0,62,0,53,,95255,17,0,21,0,15,,95253,5,0,20,0,20,,95275,17,0,62,0,68,,95256,17,0,21,0,28,,95266,17,0,20,0,81,,95260,17,0,21,0,26,,95267,17,0,62,0,83,,95261,17,0,21,0,75,,95268,17,0,62,0,41,,95257,17,0,20,0,75,,95276,17,0,21,0,20,,95289,17,0,62,0,65,,95269,17,0,21,0,30,,95254,17,0,20,0,25,,95277,17,0,21,0,65,,95258,17,0,62,0,34,,95270,17,0,21,0,77,,95284,17,0,62,0,19,,95278,5,0,21,0,55,,95271,5,0,62,0,13,,95279,17,0,21,0,13,,95259,17,0,62,0,15,,95280,5,0,21,0,56,,95282,5,0,62,0,16,,95281,5,0,21,0,18,,95272,17,0,62,0,60,,95263,17,0,21,0,25,,95273,17,0,62,0,21,,95264,17,0,21,0
201,'5_7',837,,95291,5,0,21,0,165,,95292,5,0,21,0,125,,95293,5,0,21,0,125,,95294,5,0,21,0,150,,95295,5,0,21,0,125,,95296,5,0,21,0,125,,95297,5,0,21,0,165,,95298,5,0,21,0
