401,'S2-0_2',639,,86158,4,0,41,0,19,,86142,4,0,41,0,48,,86159,4,0,41,0,21,,86143,4,0,41,0,12,,86166,4,,,0,68,,86144,4,0,41,0,11,,86145,4,0,41,0,41,,86146,4,0,41,0,75,,86147,4,0,41,0,74,,86148,4,0,41,0,35,,86168,4,,,0,71,,86149,4,0,41,0,28,,86150,4,0,41,0,15,,86167,4,,,0,71,,86163,4,0,41,0,75,,86169,4,,,0,33,,86141,7,0,41,0,77,,86151,4,0,41,0,28,,86170,4,,,0,72,,86152,4,0,41,0,25,,86153,4,0,41,0,13,,86154,4,0,41,0,53,,86164,4,0,41,0,19,,86160,4,0,41,0,16,,86155,4,0,41,0,11,,86161,4,0,41,0,53,,86165,4,,,0,38,,86156,4,0,41,0,61,,86162,4,0,41,0,44,,86157,4,0,41,0,61,,86171,4,,,0
401,'S2-0_4',639,,86190,4,0,41,0,19,,86174,4,0,41,0,48,,86191,4,0,41,0,21,,86175,4,0,41,0,12,,86198,4,,,0,68,,86176,4,0,41,0,11,,86177,4,0,41,0,41,,86178,4,0,41,0,75,,86179,4,0,41,0,74,,86180,4,0,41,0,35,,86200,4,,,0,71,,86181,4,0,41,0,28,,86182,4,0,41,0,15,,86199,4,,,0,71,,86195,4,0,41,0,75,,86201,4,,,0,33,,86173,7,0,41,0,77,,86183,4,0,41,0,28,,86202,4,,,0,72,,86184,4,0,41,0,25,,86185,4,0,41,0,13,,86186,4,0,41,0,53,,86196,4,0,41,0,19,,86192,4,0,41,0,16,,86187,4,0,41,0,11,,86193,4,0,41,0,53,,86197,4,,,0,38,,86188,4,0,41,0,61,,86194,4,0,41,0,44,,86189,4,0,41,0,61,,86203,4,,,0
401,'S2-0_5',639,,86222,4,0,41,0,19,,86206,4,0,41,0,48,,86223,4,0,41,0,21,,86207,4,0,41,0,12,,86230,4,,,0,68,,86208,4,0,41,0,11,,86209,4,0,41,0,41,,86210,4,0,41,0,75,,86211,4,0,41,0,74,,86212,4,0,41,0,35,,86232,4,,,0,71,,86213,4,0,41,0,28,,86214,4,0,41,0,15,,86231,4,,,0,71,,86227,4,0,41,0,75,,86233,4,,,0,33,,86205,7,0,41,0,77,,86215,4,0,41,0,28,,86234,4,,,0,72,,86216,4,0,41,0,25,,86217,4,0,41,0,13,,86218,4,0,41,0,53,,86228,4,0,41,0,19,,86224,4,0,41,0,16,,86219,4,0,41,0,11,,86225,4,0,41,0,53,,86229,4,,,0,38,,86220,4,0,41,0,61,,86226,4,0,41,0,44,,86221,4,0,41,0,61,,86235,4,,,0
401,'S2-1_3',639,,86254,4,0,41,0,19,,86238,4,0,41,0,48,,86255,4,0,41,0,21,,86239,4,0,41,0,12,,86262,4,,,0,68,,86240,4,0,41,0,11,,86241,4,0,41,0,41,,86242,4,0,41,0,75,,86243,4,0,41,0,74,,86244,4,0,41,0,35,,86264,4,,,0,71,,86245,4,0,41,0,28,,86246,4,0,41,0,15,,86263,4,,,0,71,,86259,4,0,41,0,75,,86265,4,,,0,33,,86237,7,0,41,0,77,,86247,4,0,41,0,28,,86266,4,,,0,72,,86248,4,0,41,0,25,,86249,4,0,41,0,13,,86250,4,0,41,0,53,,86260,4,0,41,0,19,,86256,4,0,41,0,16,,86251,4,0,41,0,11,,86257,4,0,41,0,53,,86261,4,,,0,38,,86252,4,0,41,0,61,,86258,4,0,41,0,44,,86253,4,0,41,0,61,,86267,4,,,0
401,'S2-2_6',649,,86269,4,,,0,154,,86276,4,0,41,0,35,,86270,4,,,0,69,,86277,4,0,41,0,32,,86278,4,0,41,0,67,,86279,4,0,41,0,32,,86271,4,,,0,70,,86280,4,0,41,0,31,,86281,4,0,41,0,71,,86282,4,0,41,0,30,,86272,4,,,0,69,,86283,4,0,41,0,29,,86284,4,0,41,0,70,,86285,4,0,41,0,31,,86273,4,,,0,69,,86286,4,0,41,0,32,,86287,4,0,41,0,73,,86288,4,0,41,0,31,,86274,4,,,0,71,,86289,4,0,41,0,33,,86290,4,0,41,0,72,,86291,4,0,41,0,31,,86292,4,0,41,0,70,,86275,4,,,0
401,'S2-3_7',927,,86293,4,,,0,125,,86294,4,,,0,165,,86295,4,,,0,201,,86296,4,,,0,125,,86297,4,,,0,165,,86298,4,,,0,125,,86299,4,,,0
401,'S2-4_1',639,,86317,4,0,41,0,19,,86301,4,0,41,0,48,,86318,4,0,41,0,21,,86302,4,0,41,0,12,,86325,4,,,0,68,,86303,4,0,41,0,11,,86304,4,0,41,0,41,,86305,4,0,41,0,75,,86306,4,0,41,0,74,,86307,4,0,41,0,35,,86327,4,,,0,71,,86308,4,0,41,0,28,,86309,4,0,41,0,15,,86326,4,,,0,71,,86322,4,0,41,0,75,,86328,4,,,0,33,,86300,7,0,41,0,77,,86310,4,0,41,0,28,,86329,4,,,0,72,,86311,4,0,41,0,25,,86312,4,0,41,0,13,,86313,4,0,41,0,53,,86323,4,0,41,0,19,,86319,4,0,41,0,16,,86314,4,0,41,0,11,,86320,4,0,41,0,53,,86324,4,,,0,38,,86315,4,0,41,0,61,,86321,4,0,41,0,44,,86316,4,0,41,0,61,,86330,4,,,0
401,'S2-4_2',639,,86349,4,0,41,0,19,,86333,4,0,41,0,48,,86350,4,0,41,0,21,,86334,4,0,41,0,12,,86357,4,,,0,68,,86335,4,0,41,0,11,,86336,4,0,41,0,41,,86337,4,0,41,0,75,,86338,4,0,41,0,74,,86339,4,0,41,0,35,,86359,4,,,0,71,,86340,4,0,41,0,28,,86341,4,0,41,0,15,,86358,4,,,0,71,,86354,4,0,41,0,75,,86360,4,,,0,33,,86332,7,0,41,0,77,,86342,4,0,41,0,28,,86361,4,,,0,72,,86343,4,0,41,0,25,,86344,4,0,41,0,13,,86345,4,0,41,0,53,,86355,4,0,41,0,19,,86351,4,0,41,0,16,,86346,4,0,41,0,11,,86352,4,0,41,0,53,,86356,4,,,0,38,,86347,4,0,41,0,61,,86353,4,0,41,0,44,,86348,4,0,41,0,61,,86362,4,,,0
401,'S2-4_4',639,,86381,4,0,41,0,19,,86365,4,0,41,0,48,,86382,4,0,41,0,21,,86366,4,0,41,0,12,,86389,4,,,0,68,,86367,4,0,41,0,11,,86368,4,0,41,0,41,,86369,4,0,41,0,75,,86370,4,0,41,0,74,,86371,4,0,41,0,35,,86391,4,,,0,71,,86372,4,0,41,0,28,,86373,4,0,41,0,15,,86390,4,,,0,71,,86386,4,0,41,0,75,,86392,4,,,0,33,,86364,7,0,41,0,77,,86374,4,0,41,0,28,,86393,4,,,0,72,,86375,4,0,41,0,25,,86376,4,0,41,0,13,,86377,4,0,41,0,53,,86387,4,0,41,0,19,,86383,4,0,41,0,16,,86378,4,0,41,0,11,,86384,4,0,41,0,53,,86388,4,,,0,38,,86379,4,0,41,0,61,,86385,4,0,41,0,44,,86380,4,0,41,0,61,,86394,4,,,0
2301,'S2-0_2',710,,88670,7,,,0
2301,'S2-0_4',710,,88673,7,,,0
2301,'S2-0_5',710,,88676,7,,,0
2301,'S2-1_3',710,,88679,7,,,0
2301,'S2-4_1',710,,88682,7,,,0
2301,'S2-4_2',710,,88685,7,,,0
2301,'S2-4_4',710,,88688,7,,,0
