4000000,'0_6',652,,72135,17,0,46,0,58,,72091,17,0,45,0,24,,72113,17,0,46,0,20,,72092,17,0,45,0,60,,72114,17,0,46,0,21,,72093,17,0,45,0,20,,72115,17,0,46,0,59,,72094,17,0,45,0,21,,72116,17,0,46,0,22,,72095,17,0,45,0,59,,72117,17,0,46,0,21,,72096,17,0,45,0,22,,72118,17,0,46,0,62,,72097,17,0,45,0,21,,72119,17,0,46,0,61,,72098,17,0,45,0,22,,72120,17,0,46,0,19,,72099,17,0,45,0,59,,72121,17,0,45,0,21,,72100,17,0,46,0,21,,72122,17,0,45,0,58,,72101,17,0,46,0,19,,72123,17,0,45,0,18,,72102,17,0,46,0,19,,72124,17,0,45,0,60,,72103,17,0,46,0,20,,72125,17,0,45,0,20,,72104,17,0,46,0,61,,72126,17,0,45,0,22,,72105,17,0,46,0,61,,72127,17,0,45,0,21,,72106,17,0,46,0,19,,72128,17,0,45,0,60,,72107,17,0,46,0,17,,72129,17,0,45,0,19,,72108,17,0,46,0,18,,72130,17,0,45,0,58,,72109,17,0,46,0,20,,72131,17,0,45,0,19,,72110,17,0,46,0,60,,72132,17,0,45,0,19,,72111,17,0,46,0
4000000,'1_7',840,,72136,17,0,46,0,111,,72141,17,0,45,0,150,,72137,17,0,46,0,110,,72142,17,0,45,0,110,,72138,17,0,46,0,110,,72143,17,0,45,0,110,,72139,17,0,46,0,110,,72144,17,0,45,0,150,,72140,17,0,46,0,109,,72145,17,0,45,0
4000000,'5_1',652,,74889,17,0,46,0,58,,74845,17,0,45,0,24,,74867,17,0,46,0,20,,74846,17,0,45,0,60,,74868,17,0,46,0,21,,74847,17,0,45,0,20,,74869,17,0,46,0,59,,74848,17,0,45,0,21,,74870,17,0,46,0,22,,74849,17,0,45,0,59,,74871,17,0,46,0,21,,74850,17,0,45,0,22,,74872,17,0,46,0,62,,74851,17,0,45,0,21,,74873,17,0,46,0,61,,74852,17,0,45,0,22,,74874,17,0,46,0,19,,74853,17,0,45,0,59,,74875,17,0,45,0,21,,74854,17,0,46,0,21,,74876,17,0,45,0,58,,74855,17,0,46,0,19,,74877,17,0,45,0,18,,74856,17,0,46,0,19,,74878,17,0,45,0,60,,74857,17,0,46,0,20,,74879,17,0,45,0,20,,74858,17,0,46,0,61,,74880,17,0,45,0,22,,74859,17,0,46,0,61,,74881,17,0,45,0,21,,74860,17,0,46,0,19,,74882,17,0,45,0,60,,74861,17,0,46,0,17,,74883,17,0,45,0,19,,74862,17,0,46,0,18,,74884,17,0,45,0,58,,74863,17,0,46,0,20,,74885,17,0,45,0,19,,74864,17,0,46,0,60,,74886,17,0,45,0,19,,74865,17,0,46,0
4000000,'5_2',652,,77593,17,0,46,0,58,,77549,17,0,45,0,24,,77571,17,0,46,0,20,,77550,17,0,45,0,60,,77572,17,0,46,0,21,,77551,17,0,45,0,20,,77573,17,0,46,0,59,,77552,17,0,45,0,21,,77574,17,0,46,0,22,,77553,17,0,45,0,59,,77575,17,0,46,0,21,,77554,17,0,45,0,22,,77576,17,0,46,0,62,,77555,17,0,45,0,21,,77577,17,0,46,0,61,,77556,17,0,45,0,22,,77578,17,0,46,0,19,,77557,17,0,45,0,59,,77579,17,0,45,0,21,,77558,17,0,46,0,21,,77580,17,0,45,0,58,,77559,17,0,46,0,19,,77581,17,0,45,0,18,,77560,17,0,46,0,19,,77582,17,0,45,0,60,,77561,17,0,46,0,20,,77583,17,0,45,0,20,,77562,17,0,46,0,61,,77584,17,0,45,0,22,,77563,17,0,46,0,61,,77585,17,0,45,0,21,,77564,17,0,46,0,19,,77586,17,0,45,0,60,,77565,17,0,46,0,17,,77587,17,0,45,0,19,,77566,17,0,46,0,18,,77588,17,0,45,0,58,,77567,17,0,46,0,20,,77589,17,0,45,0,19,,77568,17,0,46,0,60,,77590,17,0,45,0,19,,77569,17,0,46,0
4000000,'5_3',652,,77638,17,0,46,0,58,,77594,17,0,45,0,24,,77616,17,0,46,0,20,,77595,17,0,45,0,60,,77617,17,0,46,0,21,,77596,17,0,45,0,20,,77618,17,0,46,0,59,,77597,17,0,45,0,21,,77619,17,0,46,0,22,,77598,17,0,45,0,59,,77620,17,0,46,0,21,,77599,17,0,45,0,22,,77621,17,0,46,0,62,,77600,17,0,45,0,21,,77622,17,0,46,0,61,,77601,17,0,45,0,22,,77623,17,0,46,0,19,,77602,17,0,45,0,59,,77624,17,0,45,0,21,,77603,17,0,46,0,21,,77625,17,0,45,0,58,,77604,17,0,46,0,19,,77626,17,0,45,0,18,,77605,17,0,46,0,19,,77627,17,0,45,0,60,,77606,17,0,46,0,20,,77628,17,0,45,0,20,,77607,17,0,46,0,61,,77629,17,0,45,0,22,,77608,17,0,46,0,61,,77630,17,0,45,0,21,,77609,17,0,46,0,19,,77631,17,0,45,0,60,,77610,17,0,46,0,17,,77632,17,0,45,0,19,,77611,17,0,46,0,18,,77633,17,0,45,0,58,,77612,17,0,46,0,20,,77634,17,0,45,0,19,,77613,17,0,46,0,60,,77635,17,0,45,0,19,,77614,17,0,46,0
4000000,'7_1',652,,81876,17,0,46,0,58,,81832,17,0,45,0,24,,81854,17,0,46,0,20,,81833,17,0,45,0,60,,81855,17,0,46,0,21,,81834,17,0,45,0,20,,81856,17,0,46,0,59,,81835,17,0,45,0,21,,81857,17,0,46,0,22,,81836,17,0,45,0,59,,81858,17,0,46,0,21,,81837,17,0,45,0,22,,81859,17,0,46,0,62,,81838,17,0,45,0,21,,81860,17,0,46,0,61,,81839,17,0,45,0,22,,81861,17,0,46,0,19,,81840,17,0,45,0,59,,81862,17,0,45,0,21,,81841,17,0,46,0,21,,81863,17,0,45,0,58,,81842,17,0,46,0,19,,81864,17,0,45,0,18,,81843,17,0,46,0,19,,81865,17,0,45,0,60,,81844,17,0,46,0,20,,81866,17,0,45,0,20,,81845,17,0,46,0,61,,81867,17,0,45,0,22,,81846,17,0,46,0,61,,81868,17,0,45,0,21,,81847,17,0,46,0,19,,81869,17,0,45,0,60,,81848,17,0,46,0,17,,81870,17,0,45,0,19,,81849,17,0,46,0,18,,81871,17,0,45,0,58,,81850,17,0,46,0,20,,81872,17,0,45,0,19,,81851,17,0,46,0,60,,81873,17,0,45,0,19,,81852,17,0,46,0
4000000,'7_2',652,,83796,17,0,46,0,58,,83752,17,0,45,0,24,,83774,17,0,46,0,20,,83753,17,0,45,0,60,,83775,17,0,46,0,21,,83754,17,0,45,0,20,,83776,17,0,46,0,59,,83755,17,0,45,0,21,,83777,17,0,46,0,22,,83756,17,0,45,0,59,,83778,17,0,46,0,21,,83757,17,0,45,0,22,,83779,17,0,46,0,62,,83758,17,0,45,0,21,,83780,17,0,46,0,61,,83759,17,0,45,0,22,,83781,17,0,46,0,19,,83760,17,0,45,0,59,,83782,17,0,45,0,21,,83761,17,0,46,0,21,,83783,17,0,45,0,58,,83762,17,0,46,0,19,,83784,17,0,45,0,18,,83763,17,0,46,0,19,,83785,17,0,45,0,60,,83764,17,0,46,0,20,,83786,17,0,45,0,20,,83765,17,0,46,0,61,,83787,17,0,45,0,22,,83766,17,0,46,0,61,,83788,17,0,45,0,21,,83767,17,0,46,0,19,,83789,17,0,45,0,60,,83768,17,0,46,0,17,,83790,17,0,45,0,19,,83769,17,0,46,0,18,,83791,17,0,45,0,58,,83770,17,0,46,0,20,,83792,17,0,45,0,19,,83771,17,0,46,0,60,,83793,17,0,45,0,19,,83772,17,0,46,0
4000000,'7_3',652,,83841,17,0,46,0,58,,83797,17,0,45,0,24,,83819,17,0,46,0,20,,83798,17,0,45,0,60,,83820,17,0,46,0,21,,83799,17,0,45,0,20,,83821,17,0,46,0,59,,83800,17,0,45,0,21,,83822,17,0,46,0,22,,83801,17,0,45,0,59,,83823,17,0,46,0,21,,83802,17,0,45,0,22,,83824,17,0,46,0,62,,83803,17,0,45,0,21,,83825,17,0,46,0,61,,83804,17,0,45,0,22,,83826,17,0,46,0,19,,83805,17,0,45,0,59,,83827,17,0,45,0,21,,83806,17,0,46,0,21,,83828,17,0,45,0,58,,83807,17,0,46,0,19,,83829,17,0,45,0,18,,83808,17,0,46,0,19,,83830,17,0,45,0,60,,83809,17,0,46,0,20,,83831,17,0,45,0,20,,83810,17,0,46,0,61,,83832,17,0,45,0,22,,83811,17,0,46,0,61,,83833,17,0,45,0,21,,83812,17,0,46,0,19,,83834,17,0,45,0,60,,83813,17,0,46,0,17,,83835,17,0,45,0,19,,83814,17,0,46,0,18,,83836,17,0,45,0,58,,83815,17,0,46,0,20,,83837,17,0,45,0,19,,83816,17,0,46,0,60,,83838,17,0,45,0,19,,83817,17,0,46,0
4000000,'7_4',652,,80028,17,0,46,0,58,,79984,17,0,45,0,24,,80006,17,0,46,0,20,,79985,17,0,45,0,60,,80007,17,0,46,0,21,,79986,17,0,45,0,20,,80008,17,0,46,0,59,,79987,17,0,45,0,21,,80009,17,0,46,0,22,,79988,17,0,45,0,59,,80010,17,0,46,0,21,,79989,17,0,45,0,22,,80011,17,0,46,0,62,,79990,17,0,45,0,21,,80012,17,0,46,0,61,,79991,17,0,45,0,22,,80013,17,0,46,0,19,,79992,17,0,45,0,59,,80014,17,0,45,0,21,,79993,17,0,46,0,21,,80015,17,0,45,0,58,,79994,17,0,46,0,19,,80016,17,0,45,0,18,,79995,17,0,46,0,19,,80017,17,0,45,0,60,,79996,17,0,46,0,20,,80018,17,0,45,0,20,,79997,17,0,46,0,61,,80019,17,0,45,0,22,,79998,17,0,46,0,61,,80020,17,0,45,0,21,,79999,17,0,46,0,19,,80021,17,0,45,0,60,,80000,17,0,46,0,17,,80022,17,0,45,0,19,,80001,17,0,46,0,18,,80023,17,0,45,0,58,,80002,17,0,46,0,20,,80024,17,0,45,0,19,,80003,17,0,46,0,60,,80025,17,0,45,0,19,,80004,17,0,46,0
4000000,'7_5',652,,81921,17,0,46,0,58,,81877,17,0,45,0,24,,81899,17,0,46,0,20,,81878,17,0,45,0,60,,81900,17,0,46,0,21,,81879,17,0,45,0,20,,81901,17,0,46,0,59,,81880,17,0,45,0,21,,81902,17,0,46,0,22,,81881,17,0,45,0,59,,81903,17,0,46,0,21,,81882,17,0,45,0,22,,81904,17,0,46,0,62,,81883,17,0,45,0,21,,81905,17,0,46,0,61,,81884,17,0,45,0,22,,81906,17,0,46,0,19,,81885,17,0,45,0,59,,81907,17,0,45,0,21,,81886,17,0,46,0,21,,81908,17,0,45,0,58,,81887,17,0,46,0,19,,81909,17,0,45,0,18,,81888,17,0,46,0,19,,81910,17,0,45,0,60,,81889,17,0,46,0,20,,81911,17,0,45,0,20,,81890,17,0,46,0,61,,81912,17,0,45,0,22,,81891,17,0,46,0,61,,81913,17,0,45,0,21,,81892,17,0,46,0,19,,81914,17,0,45,0,60,,81893,17,0,46,0,17,,81915,17,0,45,0,19,,81894,17,0,46,0,18,,81916,17,0,45,0,58,,81895,17,0,46,0,20,,81917,17,0,45,0,19,,81896,17,0,46,0,60,,81918,17,0,45,0,19,,81897,17,0,46,0
