101,'S2-0_2',712,,84473,31,0,6,0,10,,84503,25,0,7,0,20,,84474,31,0,6,0,15,,84501,25,0,5,0,55,,84475,31,0,6,0,17,,84504,31,0,5,0,13,,84488,25,0,7,0,65,,84479,25,0,6,0,40,,84489,31,0,5,0,75,,84480,25,0,6,0,80,,84492,25,0,5,0,36,,84481,25,0,6,0,69,,84493,25,0,5,0,20,,84482,25,0,6,0,75,,84494,25,0,5,0,38,,84476,31,0,6,0,68,,84490,31,0,5,0,30,,84483,25,0,6,0,65,,84495,25,0,5,0,34,,84484,25,0,6,0,21,,84496,25,0,5,0,67,,84485,25,0,6,0,30,,84486,25,0,6,0,61,,84491,31,0,5,0,20,,84487,25,0,6,0,65,,84497,25,0,5,0,16,,84477,31,0,6,0,18,,84498,25,0,5,0,68,,84478,31,0,6,0,35,,84499,25,0,5,0
101,'S2-0_4',712,,84506,31,0,6,0,10,,84536,25,0,7,0,20,,84507,31,0,6,0,15,,84534,25,0,5,0,55,,84508,31,0,6,0,17,,84537,31,0,5,0,13,,84521,25,0,7,0,65,,84512,25,0,6,0,40,,84522,31,0,5,0,75,,84513,25,0,6,0,80,,84525,25,0,5,0,36,,84514,25,0,6,0,69,,84526,25,0,5,0,20,,84515,25,0,6,0,75,,84527,25,0,5,0,38,,84509,31,0,6,0,68,,84523,31,0,5,0,30,,84516,25,0,6,0,65,,84528,25,0,5,0,34,,84517,25,0,6,0,21,,84529,25,0,5,0,67,,84518,25,0,6,0,30,,84519,25,0,6,0,61,,84524,31,0,5,0,20,,84520,25,0,6,0,65,,84530,25,0,5,0,16,,84510,31,0,6,0,18,,84531,25,0,5,0,68,,84511,31,0,6,0,35,,84532,25,0,5,0
101,'S2-0_5',712,,84539,31,0,6,0,10,,84569,25,0,7,0,20,,84540,31,0,6,0,15,,84567,25,0,5,0,55,,84541,31,0,6,0,17,,84570,31,0,5,0,13,,84554,25,0,7,0,65,,84545,25,0,6,0,40,,84555,31,0,5,0,75,,84546,25,0,6,0,80,,84558,25,0,5,0,36,,84547,25,0,6,0,69,,84559,25,0,5,0,20,,84548,25,0,6,0,75,,84560,25,0,5,0,38,,84542,31,0,6,0,68,,84556,31,0,5,0,30,,84549,25,0,6,0,65,,84561,25,0,5,0,34,,84550,25,0,6,0,21,,84562,25,0,5,0,67,,84551,25,0,6,0,30,,84552,25,0,6,0,61,,84557,31,0,5,0,20,,84553,25,0,6,0,65,,84563,25,0,5,0,16,,84543,31,0,6,0,18,,84564,25,0,5,0,68,,84544,31,0,6,0,35,,84565,25,0,5,0
101,'S2-1_3',712,,84572,31,0,6,0,10,,84602,25,0,7,0,20,,84573,31,0,6,0,15,,84600,25,0,5,0,55,,84574,31,0,6,0,17,,84603,31,0,5,0,13,,84587,25,0,7,0,65,,84578,25,0,6,0,40,,84588,31,0,5,0,75,,84579,25,0,6,0,80,,84591,25,0,5,0,36,,84580,25,0,6,0,69,,84592,25,0,5,0,20,,84581,25,0,6,0,75,,84593,25,0,5,0,38,,84575,31,0,6,0,68,,84589,31,0,5,0,30,,84582,25,0,6,0,65,,84594,25,0,5,0,34,,84583,25,0,6,0,21,,84595,25,0,5,0,67,,84584,25,0,6,0,30,,84585,25,0,6,0,61,,84590,31,0,5,0,20,,84586,25,0,6,0,65,,84596,25,0,5,0,16,,84576,31,0,6,0,18,,84597,25,0,5,0,68,,84577,31,0,6,0,35,,84598,25,0,5,0
101,'S2-2_6',714,,84605,25,0,5,0,114,,84606,25,0,5,0,105,,84607,25,0,5,0,70,,84618,25,0,6,0,29,,84608,25,0,5,0,71,,84619,25,0,6,0,30,,84609,25,0,5,0,70,,84620,25,0,6,0,30,,84610,25,0,5,0,69,,84621,25,0,6,0,31,,84611,25,0,5,0,69,,84622,25,0,6,0,30,,84612,25,0,5,0,70,,84623,25,0,6,0,30,,84613,25,0,5,0,72,,84624,25,0,6,0,31,,84614,25,0,5,0,69,,84625,25,0,6,0,33,,84615,25,0,5,0,70,,84626,25,0,6,0,35,,84616,25,0,5,0,65,,84627,25,0,6,0,27,,84617,25,0,5,0
101,'S2-3_7',919,,84628,25,0,6,0,105,,84633,25,0,5,0,105,,84629,25,0,6,0,105,,84634,25,0,5,0,105,,84630,25,0,6,0,90,,84635,25,0,5,0,100,,84631,25,0,6,0,105,,84636,25,0,5,0,105,,84632,25,0,6,0,105,,84637,25,0,5,0
101,'S2-4_1',712,,84638,31,0,6,0,10,,84668,25,0,7,0,20,,84639,31,0,6,0,15,,84666,25,0,5,0,55,,84640,31,0,6,0,17,,84669,31,0,5,0,13,,84653,25,0,7,0,65,,84644,25,0,6,0,40,,84654,31,0,5,0,75,,84645,25,0,6,0,80,,84657,25,0,5,0,36,,84646,25,0,6,0,69,,84658,25,0,5,0,20,,84647,25,0,6,0,75,,84659,25,0,5,0,38,,84641,31,0,6,0,68,,84655,31,0,5,0,30,,84648,25,0,6,0,65,,84660,25,0,5,0,34,,84649,25,0,6,0,21,,84661,25,0,5,0,67,,84650,25,0,6,0,30,,84651,25,0,6,0,61,,84656,31,0,5,0,20,,84652,25,0,6,0,65,,84662,25,0,5,0,16,,84642,31,0,6,0,18,,84663,25,0,5,0,68,,84643,31,0,6,0,35,,84664,25,0,5,0
101,'S2-4_2',712,,84671,31,0,6,0,10,,84701,25,0,7,0,20,,84672,31,0,6,0,15,,84699,25,0,5,0,55,,84673,31,0,6,0,17,,84702,31,0,5,0,13,,84686,25,0,7,0,65,,84677,25,0,6,0,40,,84687,31,0,5,0,75,,84678,25,0,6,0,80,,84690,25,0,5,0,36,,84679,25,0,6,0,69,,84691,25,0,5,0,20,,84680,25,0,6,0,75,,84692,25,0,5,0,38,,84674,31,0,6,0,68,,84688,31,0,5,0,30,,84681,25,0,6,0,65,,84693,25,0,5,0,34,,84682,25,0,6,0,21,,84694,25,0,5,0,67,,84683,25,0,6,0,30,,84684,25,0,6,0,61,,84689,31,0,5,0,20,,84685,25,0,6,0,65,,84695,25,0,5,0,16,,84675,31,0,6,0,18,,84696,25,0,5,0,68,,84676,31,0,6,0,35,,84697,25,0,5,0
101,'S2-4_4',712,,84704,31,0,6,0,10,,84734,25,0,7,0,20,,84705,31,0,6,0,15,,84732,25,0,5,0,55,,84706,31,0,6,0,17,,84735,31,0,5,0,13,,84719,25,0,7,0,65,,84710,25,0,6,0,40,,84720,31,0,5,0,75,,84711,25,0,6,0,80,,84723,25,0,5,0,36,,84712,25,0,6,0,69,,84724,25,0,5,0,20,,84713,25,0,6,0,75,,84725,25,0,5,0,38,,84707,31,0,6,0,68,,84721,31,0,5,0,30,,84714,25,0,6,0,65,,84726,25,0,5,0,34,,84715,25,0,6,0,21,,84727,25,0,5,0,67,,84716,25,0,6,0,30,,84717,25,0,6,0,61,,84722,31,0,5,0,20,,84718,25,0,6,0,65,,84728,25,0,5,0,16,,84708,31,0,6,0,18,,84729,25,0,5,0,68,,84709,31,0,6,0,35,,84730,25,0,5,0
401,'S2-0_2',715,,86172,29,0,52,0,11,,86142,31,0,41,0,15,,86159,33,0,41,0,17,,86143,31,0,41,0,55,,86166,33,,,0,24,,86144,31,0,41,0,11,,86145,31,0,41,0,78,,86146,31,0,41,0,74,,86147,31,0,41,0,33,,86148,31,0,41,0,75,,86168,31,,,0,29,,86149,31,0,41,0,70,,86150,31,0,41,0,20,,86167,33,,,0,29,,86163,34,0,41,0,71,,86169,31,,,0,74,,86141,34,0,41,0,37,,86151,31,0,41,0,69,,86170,31,,,0,30,,86152,31,0,41,0,66,,86153,31,0,41,0,18,,86154,33,0,41,0,14,,86164,34,0,41,0,22,,86160,31,0,41,0,55,,86155,31,0,41,0,14,,86161,33,0,41,0,12,,86165,34,,,0,70,,86156,31,0,41,0,25,,86162,33,0,41,0,76,,86157,31,0,41,0,20,,86171,31,,,0
401,'S2-0_4',715,,86204,29,0,52,0,11,,86174,31,0,41,0,15,,86191,33,0,41,0,17,,86175,31,0,41,0,55,,86198,33,,,0,24,,86176,31,0,41,0,11,,86177,31,0,41,0,78,,86178,31,0,41,0,74,,86179,31,0,41,0,33,,86180,31,0,41,0,75,,86200,31,,,0,29,,86181,31,0,41,0,70,,86182,31,0,41,0,20,,86199,33,,,0,29,,86195,34,0,41,0,71,,86201,31,,,0,74,,86173,34,0,41,0,37,,86183,31,0,41,0,69,,86202,31,,,0,30,,86184,31,0,41,0,66,,86185,31,0,41,0,18,,86186,33,0,41,0,14,,86196,34,0,41,0,22,,86192,31,0,41,0,55,,86187,31,0,41,0,14,,86193,33,0,41,0,12,,86197,34,,,0,70,,86188,31,0,41,0,25,,86194,33,0,41,0,76,,86189,31,0,41,0,20,,86203,31,,,0
401,'S2-0_5',715,,86236,29,0,52,0,11,,86206,31,0,41,0,15,,86223,33,0,41,0,17,,86207,31,0,41,0,55,,86230,33,,,0,24,,86208,31,0,41,0,11,,86209,31,0,41,0,78,,86210,31,0,41,0,74,,86211,31,0,41,0,33,,86212,31,0,41,0,75,,86232,31,,,0,29,,86213,31,0,41,0,70,,86214,31,0,41,0,20,,86231,33,,,0,29,,86227,34,0,41,0,71,,86233,31,,,0,74,,86205,34,0,41,0,37,,86215,31,0,41,0,69,,86234,31,,,0,30,,86216,31,0,41,0,66,,86217,31,0,41,0,18,,86218,33,0,41,0,14,,86228,34,0,41,0,22,,86224,31,0,41,0,55,,86219,31,0,41,0,14,,86225,33,0,41,0,12,,86229,34,,,0,70,,86220,31,0,41,0,25,,86226,33,0,41,0,76,,86221,31,0,41,0,20,,86235,31,,,0
401,'S2-1_3',715,,86268,29,0,52,0,11,,86238,31,0,41,0,15,,86255,33,0,41,0,17,,86239,31,0,41,0,55,,86262,33,,,0,24,,86240,31,0,41,0,11,,86241,31,0,41,0,78,,86242,31,0,41,0,74,,86243,31,0,41,0,33,,86244,31,0,41,0,75,,86264,31,,,0,29,,86245,31,0,41,0,70,,86246,31,0,41,0,20,,86263,33,,,0,29,,86259,34,0,41,0,71,,86265,31,,,0,74,,86237,34,0,41,0,37,,86247,31,0,41,0,69,,86266,31,,,0,30,,86248,31,0,41,0,66,,86249,31,0,41,0,18,,86250,33,0,41,0,14,,86260,34,0,41,0,22,,86256,31,0,41,0,55,,86251,31,0,41,0,14,,86257,33,0,41,0,12,,86261,34,,,0,70,,86252,31,0,41,0,25,,86258,33,0,41,0,76,,86253,31,0,41,0,20,,86267,31,,,0
401,'S2-2_6',714,,86269,31,,,0,116,,86276,31,0,41,0,73,,86270,31,,,0,28,,86277,31,0,41,0,72,,86278,31,0,41,0,28,,86279,31,0,41,0,72,,86271,31,,,0,28,,86280,31,0,41,0,73,,86281,31,0,41,0,30,,86282,31,0,41,0,70,,86272,31,,,0,29,,86283,31,0,41,0,69,,86284,31,0,41,0,31,,86285,31,0,41,0,71,,86273,31,,,0,28,,86286,31,0,41,0,73,,86287,31,0,41,0,33,,86288,31,0,41,0,71,,86274,31,,,0,32,,86289,31,0,41,0,72,,86290,31,0,41,0,31,,86291,31,0,41,0,70,,86292,31,0,41,0,30,,86275,31,,,0
401,'S2-3_7',947,,86293,31,,,0,165,,86294,31,,,0,125,,86295,31,,,0,201,,86296,31,,,0,165,,86297,31,,,0,125,,86298,31,,,0,125,,86299,31,,,0
401,'S2-4_1',715,,86331,29,0,52,0,11,,86301,31,0,41,0,15,,86318,33,0,41,0,17,,86302,31,0,41,0,55,,86325,33,,,0,24,,86303,31,0,41,0,11,,86304,31,0,41,0,78,,86305,31,0,41,0,74,,86306,31,0,41,0,33,,86307,31,0,41,0,75,,86327,31,,,0,29,,86308,31,0,41,0,70,,86309,31,0,41,0,20,,86326,33,,,0,29,,86322,34,0,41,0,71,,86328,31,,,0,74,,86300,34,0,41,0,37,,86310,31,0,41,0,69,,86329,31,,,0,30,,86311,31,0,41,0,66,,86312,31,0,41,0,18,,86313,33,0,41,0,14,,86323,34,0,41,0,22,,86319,31,0,41,0,55,,86314,31,0,41,0,14,,86320,33,0,41,0,12,,86324,34,,,0,70,,86315,31,0,41,0,25,,86321,33,0,41,0,76,,86316,31,0,41,0,20,,86330,31,,,0
401,'S2-4_2',715,,86363,29,0,52,0,11,,86333,31,0,41,0,15,,86350,33,0,41,0,17,,86334,31,0,41,0,55,,86357,33,,,0,24,,86335,31,0,41,0,11,,86336,31,0,41,0,78,,86337,31,0,41,0,74,,86338,31,0,41,0,33,,86339,31,0,41,0,75,,86359,31,,,0,29,,86340,31,0,41,0,70,,86341,31,0,41,0,20,,86358,33,,,0,29,,86354,34,0,41,0,71,,86360,31,,,0,74,,86332,34,0,41,0,37,,86342,31,0,41,0,69,,86361,31,,,0,30,,86343,31,0,41,0,66,,86344,31,0,41,0,18,,86345,33,0,41,0,14,,86355,34,0,41,0,22,,86351,31,0,41,0,55,,86346,31,0,41,0,14,,86352,33,0,41,0,12,,86356,34,,,0,70,,86347,31,0,41,0,25,,86353,33,0,41,0,76,,86348,31,0,41,0,20,,86362,31,,,0
401,'S2-4_4',715,,86395,29,0,52,0,11,,86365,31,0,41,0,15,,86382,33,0,41,0,17,,86366,31,0,41,0,55,,86389,33,,,0,24,,86367,31,0,41,0,11,,86368,31,0,41,0,78,,86369,31,0,41,0,74,,86370,31,0,41,0,33,,86371,31,0,41,0,75,,86391,31,,,0,29,,86372,31,0,41,0,70,,86373,31,0,41,0,20,,86390,33,,,0,29,,86386,34,0,41,0,71,,86392,31,,,0,74,,86364,34,0,41,0,37,,86374,31,0,41,0,69,,86393,31,,,0,30,,86375,31,0,41,0,66,,86376,31,0,41,0,18,,86377,33,0,41,0,14,,86387,34,0,41,0,22,,86383,31,0,41,0,55,,86378,31,0,41,0,14,,86384,33,0,41,0,12,,86388,34,,,0,70,,86379,31,0,41,0,25,,86385,33,0,41,0,76,,86380,31,0,41,0,20,,86394,31,,,0
501,'S2-0_2',912,,86513,3,,,0,104,,86514,3,,,0,100,,86515,3,,,0,86,,86516,3,,,0,55,,86517,3,,,0,99,,86518,3,,,0,102,,86519,3,,,0,100,,86520,3,,,0,65,,86522,3,0,13,0,78,,86521,3,,,0,30,,86523,3,0,13,0,77,,86525,3,,,0,20,,86524,3,0,13,0,110,,86526,3,,,0
501,'S2-0_4',912,,86527,3,,,0,104,,86528,3,,,0,100,,86529,3,,,0,86,,86530,3,,,0,55,,86531,3,,,0,99,,86532,3,,,0,102,,86533,3,,,0,100,,86534,3,,,0,65,,86536,3,0,13,0,78,,86535,3,,,0,30,,86537,3,0,13,0,77,,86539,3,,,0,20,,86538,3,0,13,0,110,,86540,3,,,0
501,'S2-0_5',912,,86541,3,,,0,104,,86542,3,,,0,100,,86543,3,,,0,86,,86544,3,,,0,55,,86545,3,,,0,99,,86546,3,,,0,102,,86547,3,,,0,100,,86548,3,,,0,65,,86550,3,0,13,0,78,,86549,3,,,0,30,,86551,3,0,13,0,77,,86553,3,,,0,20,,86552,3,0,13,0,110,,86554,3,,,0
501,'S2-1_3',912,,86555,3,,,0,104,,86556,3,,,0,100,,86557,3,,,0,86,,86558,3,,,0,25,,86564,3,0,13,0,30,,86559,3,,,0,99,,86560,3,,,0,102,,86561,3,,,0,100,,86562,3,,,0,143,,86563,3,,,0,107,,86565,3,,,0,130,,86566,3,,,0
501,'S2-2_6',806,,86567,3,,,0,99,,86568,3,,,0,100,,86569,3,,,0,100,,86570,3,,,0,100,,86571,3,,,0,95,,86572,3,,,0,58,,86573,3,,,0,100,,86574,3,,,0,100,,86575,3,,,0,100,,86576,3,,,0,100,,86577,3,,,0,191,,86578,3,,,0
501,'S2-4_1',912,,86579,3,,,0,104,,86580,3,,,0,100,,86581,3,,,0,86,,86582,3,,,0,55,,86583,3,,,0,99,,86584,3,,,0,102,,86585,3,,,0,100,,86586,3,,,0,65,,86588,3,0,13,0,78,,86587,3,,,0,30,,86589,3,0,13,0,77,,86591,3,,,0,20,,86590,3,0,13,0,110,,86592,3,,,0
501,'S2-4_2',912,,86593,3,,,0,104,,86594,3,,,0,100,,86595,3,,,0,86,,86596,3,,,0,55,,86597,3,,,0,99,,86598,3,,,0,102,,86599,3,,,0,100,,86600,3,,,0,65,,86602,3,0,13,0,78,,86601,3,,,0,30,,86603,3,0,13,0,77,,86605,3,,,0,20,,86604,3,0,13,0,110,,86606,3,,,0
501,'S2-4_4',912,,86607,3,,,0,104,,86608,3,,,0,100,,86609,3,,,0,86,,86610,3,,,0,55,,86611,3,,,0,99,,86612,3,,,0,102,,86613,3,,,0,100,,86614,3,,,0,65,,86616,3,0,13,0,78,,86615,3,,,0,30,,86617,3,0,13,0,77,,86619,3,,,0,20,,86618,3,0,13,0,110,,86620,3,,,0
601,'S2-0_2',602,,86748,3,,,0,104,,86761,3,,,0,98,,86749,3,,,0,102,,86750,3,,,0,98,,86751,3,,,0,100,,86752,3,,,0,99,,86765,3,,,0,26,,86753,3,,,0,81,,86754,3,,,0,103,,86755,3,,,0,94,,86756,3,,,0,39,,86762,3,,,0,78,,86757,4,,,0,35,,86763,3,,,0,69,,86758,4,,,0,73,,86764,4,,,0,28,,86759,3,,,0,96,,86760,3,,,0
601,'S2-0_4',602,,86766,3,,,0,104,,86779,3,,,0,98,,86767,3,,,0,102,,86768,3,,,0,98,,86769,3,,,0,100,,86770,3,,,0,99,,86783,3,,,0,26,,86771,3,,,0,81,,86772,3,,,0,103,,86773,3,,,0,94,,86774,3,,,0,39,,86780,3,,,0,78,,86775,4,,,0,35,,86781,3,,,0,69,,86776,4,,,0,73,,86782,4,,,0,28,,86777,3,,,0,96,,86778,3,,,0
601,'S2-0_5',602,,86784,3,,,0,104,,86797,3,,,0,98,,86785,3,,,0,102,,86786,3,,,0,98,,86787,3,,,0,100,,86788,3,,,0,99,,86801,3,,,0,26,,86789,3,,,0,81,,86790,3,,,0,103,,86791,3,,,0,94,,86792,3,,,0,39,,86798,3,,,0,78,,86793,4,,,0,35,,86799,3,,,0,69,,86794,4,,,0,73,,86800,4,,,0,28,,86795,3,,,0,96,,86796,3,,,0
601,'S2-1_3',602,,86802,3,,,0,104,,86816,3,,,0,98,,86803,3,,,0,102,,86804,3,,,0,98,,86805,3,,,0,100,,86806,3,,,0,99,,86807,4,,,0,26,,86808,3,,,0,81,,86809,3,,,0,103,,86810,3,,,0,94,,86811,3,,,0,39,,86817,3,,,0,78,,86812,4,,,0,35,,86818,3,,,0,69,,86813,4,,,0,73,,86819,4,,,0,28,,86814,3,,,0,96,,86815,3,,,0
601,'S2-2_6',732,,86820,3,,,0,90,,86822,3,,,0,94,,86823,3,,,0,94,,86824,3,,,0,48,,86825,3,,,0,89,,86826,3,,,0,89,,86827,3,,,0,89,,86828,3,,,0,87,,86829,3,,,0,89,,86830,3,,,0,100,,86831,3,,,0,51,,86832,3,,,0,95,,86833,3,,,0,87,,86834,3,,,0,91,,86821,3,,,0
601,'S2-4_1',602,,86835,3,,,0,104,,86848,3,,,0,98,,86836,3,,,0,102,,86837,3,,,0,98,,86838,3,,,0,100,,86839,3,,,0,99,,86852,3,,,0,26,,86840,3,,,0,81,,86841,3,,,0,103,,86842,3,,,0,94,,86843,3,,,0,39,,86849,3,,,0,78,,86844,4,,,0,35,,86850,3,,,0,69,,86845,4,,,0,73,,86851,4,,,0,28,,86846,3,,,0,96,,86847,3,,,0
601,'S2-4_2',602,,86853,3,,,0,104,,86866,3,,,0,98,,86854,3,,,0,102,,86855,3,,,0,98,,86856,3,,,0,100,,86857,3,,,0,99,,86870,3,,,0,26,,86858,3,,,0,81,,86859,3,,,0,103,,86860,3,,,0,94,,86861,3,,,0,39,,86867,3,,,0,78,,86862,4,,,0,35,,86868,3,,,0,69,,86863,4,,,0,73,,86869,4,,,0,28,,86864,3,,,0,96,,86865,3,,,0
601,'S2-4_4',602,,86871,3,,,0,104,,86884,3,,,0,98,,86872,3,,,0,102,,86873,3,,,0,98,,86874,3,,,0,100,,86875,3,,,0,99,,86888,3,,,0,26,,86876,3,,,0,81,,86877,3,,,0,103,,86878,3,,,0,94,,86879,3,,,0,39,,86885,3,,,0,78,,86880,4,,,0,35,,86886,3,,,0,69,,86881,4,,,0,73,,86887,4,,,0,28,,86882,3,,,0,96,,86883,3,,,0
2501,'S2-0_2',713,,88837,19,,,0,30,,88838,19,,,0,86,,88839,19,,,0,77,,88840,19,,,0,36,,88841,19,,,0,112,,88842,19,,,0,166,,88843,19,,,0,120,,88844,19,,,0,117,,88845,19,,,0,157,,88846,19,,,0,103,,88847,19,,,0,96,,88848,19,,,0,117,,88849,19,,,0
2501,'S2-0_4',713,,88850,19,,,0,30,,88851,19,,,0,86,,88852,19,,,0,77,,88853,19,,,0,36,,88854,19,,,0,112,,88855,19,,,0,166,,88856,19,,,0,120,,88857,19,,,0,117,,88858,19,,,0,157,,88859,19,,,0,103,,88860,19,,,0,96,,88861,19,,,0,117,,88862,19,,,0
2501,'S2-0_5',713,,88863,19,,,0,30,,88864,19,,,0,86,,88865,19,,,0,77,,88866,19,,,0,36,,88867,19,,,0,112,,88868,19,,,0,166,,88869,19,,,0,120,,88870,19,,,0,117,,88871,19,,,0,157,,88872,19,,,0,103,,88873,19,,,0,96,,88874,19,,,0,117,,88875,19,,,0
2501,'S2-1_3',713,,88876,19,,,0,30,,88877,19,,,0,86,,88878,19,,,0,77,,88879,19,,,0,36,,88880,19,,,0,112,,88881,19,,,0,166,,88882,19,,,0,120,,88883,19,,,0,117,,88884,19,,,0,157,,88885,19,,,0,103,,88886,19,,,0,96,,88887,19,,,0,117,,88888,19,,,0
2501,'S2-2_6',716,,88889,19,,,0,112,,88890,19,,,0,126,,88891,19,,,0,152,,88892,19,,,0,113,,88893,19,,,0,129,,88894,19,,,0,168,,88895,19,,,0,121,,88896,19,,,0,121,,88897,19,,,0,157,,88898,19,,,0
2501,'S2-4_1',713,,88899,19,,,0,30,,88900,19,,,0,86,,88901,19,,,0,77,,88902,19,,,0,36,,88903,19,,,0,112,,88904,19,,,0,166,,88905,19,,,0,120,,88906,19,,,0,117,,88907,19,,,0,157,,88908,19,,,0,103,,88909,19,,,0,96,,88910,19,,,0,117,,88911,19,,,0
2501,'S2-4_2',713,,88912,19,,,0,30,,88913,19,,,0,86,,88914,19,,,0,77,,88915,19,,,0,36,,88916,19,,,0,112,,88917,19,,,0,166,,88918,19,,,0,120,,88919,19,,,0,117,,88920,19,,,0,157,,88921,19,,,0,103,,88922,19,,,0,96,,88923,19,,,0,117,,88924,19,,,0
2501,'S2-4_4',713,,88925,19,,,0,30,,88926,19,,,0,86,,88927,19,,,0,77,,88928,19,,,0,36,,88929,19,,,0,112,,88930,19,,,0,166,,88931,19,,,0,120,,88932,19,,,0,117,,88933,19,,,0,157,,88934,19,,,0,103,,88935,19,,,0,96,,88936,19,,,0,117,,88937,19,,,0
2601,'S2-0_2',714,,89124,7,,,0,33,,89134,7,,,0,65,,89136,7,,,0,25,,89135,7,,,0,79,,89125,7,,,0,99,,89126,7,,,0,100,,89143,7,,,0,100,,89127,7,,,0,28,,89144,7,,,0,61,,89145,7,,,0,53,,89128,7,,,0,94,,89129,7,,,0,153,,89138,7,,,0,45,,89139,7,,,0,67,,89140,7,,,0,93,,89141,7,,,0,25,,89142,7,,,0,94,,89137,7,,,0
2601,'S2-0_4',714,,89148,7,,,0,33,,89158,7,,,0,65,,89160,7,,,0,25,,89159,7,,,0,79,,89149,7,,,0,99,,89150,7,,,0,100,,89167,7,,,0,100,,89151,7,,,0,28,,89168,7,,,0,61,,89169,7,,,0,53,,89152,7,,,0,94,,89153,7,,,0,153,,89162,7,,,0,45,,89163,7,,,0,67,,89164,7,,,0,93,,89165,7,,,0,25,,89166,7,,,0,94,,89161,7,,,0
2601,'S2-0_5',714,,89172,7,,,0,33,,89182,7,,,0,65,,89184,7,,,0,25,,89183,7,,,0,79,,89173,7,,,0,99,,89174,7,,,0,100,,89191,7,,,0,100,,89175,7,,,0,28,,89192,7,,,0,61,,89193,7,,,0,53,,89176,7,,,0,94,,89177,7,,,0,153,,89186,7,,,0,45,,89187,7,,,0,67,,89188,7,,,0,93,,89189,7,,,0,25,,89190,7,,,0,94,,89185,7,,,0
2601,'S2-1_3',714,,89196,7,,,0,33,,89205,7,,,0,65,,89207,7,,,0,25,,89206,7,,,0,79,,89197,7,,,0,99,,89198,7,,,0,100,,89214,7,,,0,100,,89199,7,,,0,28,,89215,7,,,0,61,,89216,7,,,0,53,,89200,7,,,0,94,,89201,7,,,0,153,,89209,7,,,0,45,,89210,7,,,0,67,,89211,7,,,0,93,,89212,7,,,0,25,,89213,7,,,0,94,,89208,7,,,0
2601,'S2-2_6',719,,89218,7,,,0,85,,89221,7,,,0,45,,89222,7,,,0,85,,89223,7,,,0,90,,89224,7,,,0,84,,89225,7,,,0,44,,89226,7,,,0,85,,89227,7,,,0,82,,89228,7,,,0,84,,89229,7,,,0,46,,89230,7,,,0,90,,89231,7,,,0,85,,89232,7,,,0,81,,89233,7,,,0,47,,89234,7,,,0,84,,89220,7,,,0,83,,89219,7,,,0
2601,'S2-4_1',714,,89235,7,,,0,33,,89245,7,,,0,65,,89247,7,,,0,25,,89246,7,,,0,79,,89236,7,,,0,99,,89237,7,,,0,100,,89254,7,,,0,100,,89238,7,,,0,28,,89255,7,,,0,61,,89256,7,,,0,53,,89239,7,,,0,94,,89240,7,,,0,153,,89249,7,,,0,45,,89250,7,,,0,67,,89251,7,,,0,93,,89252,7,,,0,25,,89253,7,,,0,94,,89248,7,,,0
2601,'S2-4_2',714,,89259,7,,,0,33,,89269,7,,,0,65,,89271,7,,,0,25,,89270,7,,,0,79,,89260,7,,,0,99,,89261,7,,,0,100,,89278,7,,,0,100,,89262,7,,,0,28,,89279,7,,,0,61,,89280,7,,,0,53,,89263,7,,,0,94,,89264,7,,,0,153,,89273,7,,,0,45,,89274,7,,,0,67,,89275,7,,,0,93,,89276,7,,,0,25,,89277,7,,,0,94,,89272,7,,,0
2601,'S2-4_4',714,,89283,7,,,0,33,,89293,7,,,0,65,,89295,7,,,0,25,,89294,7,,,0,79,,89284,7,,,0,99,,89285,7,,,0,100,,89302,7,,,0,100,,89286,7,,,0,28,,89303,7,,,0,61,,89304,7,,,0,53,,89287,7,,,0,94,,89288,7,,,0,153,,89297,7,,,0,45,,89298,7,,,0,67,,89299,7,,,0,93,,89300,7,,,0,25,,89301,7,,,0,94,,89296,7,,,0
2000001,'S2-0_2',638,,91963,9,,,0,64,,91940,9,,,0,13,,91921,3,,,0,3,,91923,9,,,0,16,,91948,9,,,0,18,,91931,9,,,0,54,,91966,9,,,0,14,,91913,9,,,0,14,,91941,9,,,0,15,,91925,9,,,0,56,,91949,9,,,0,15,,91933,9,,,0,16,,91957,9,,,0,17,,91914,9,,,0,56,,91947,9,,,0,15,,91924,9,,,0,16,,91950,9,,,0,16,,91932,9,,,0,56,,91959,9,,,0,15,,91915,9,,,0,16,,91945,9,,,0,15,,91930,9,,,0,57,,91951,9,,,0,16,,91939,9,,,0,14,,91958,9,,,0,56,,91917,9,,,0,12,,91942,9,,,0,16,,91926,9,,,0,15,,91953,9,,,0,15,,91934,9,,,0,56,,91962,9,,,0,15,,91918,9,,,0,15,,91943,9,,,0,55,,91927,9,,,0,15,,91952,9,,,0,16,,91935,9,,,0,14,,91961,9,,,0,56,,91916,9,,,0,15,,91944,9,,,0,17,,91928,9,,,0,15,,91954,9,,,0,56,,91936,9,,,0,17,,91912,9,,,0,17,,91960,9,,,0,18,,91967,9,,,0,52,,91946,9,,,0,13,,91929,9,,,0,14,,91955,9,,,0,15,,91937,9,,,0,52,,91911,9,,,0,13,,91964,9,,,0,14,,91920,9,,,0,23,,91956,9,,,0,60,,91938,9,,,0,20,,91965,9,,,0,20,,91922,9,,,0
2000001,'S2-0_4',638,,92020,9,,,0,64,,91997,9,,,0,13,,91978,3,,,0,3,,91980,9,,,0,16,,92005,9,,,0,18,,91988,9,,,0,54,,92023,9,,,0,14,,91970,9,,,0,14,,91998,9,,,0,15,,91982,9,,,0,56,,92006,9,,,0,15,,91990,9,,,0,16,,92014,9,,,0,17,,91971,9,,,0,56,,92004,9,,,0,15,,91981,9,,,0,16,,92007,9,,,0,16,,91989,9,,,0,56,,92016,9,,,0,15,,91972,9,,,0,16,,92002,9,,,0,15,,91987,9,,,0,57,,92008,9,,,0,16,,91996,9,,,0,14,,92015,9,,,0,56,,91974,9,,,0,12,,91999,9,,,0,16,,91983,9,,,0,15,,92010,9,,,0,15,,91991,9,,,0,56,,92019,9,,,0,15,,91975,9,,,0,15,,92000,9,,,0,55,,91984,9,,,0,15,,92009,9,,,0,16,,91992,9,,,0,14,,92018,9,,,0,56,,91973,9,,,0,15,,92001,9,,,0,17,,91985,9,,,0,15,,92011,9,,,0,56,,91993,9,,,0,17,,91969,9,,,0,17,,92017,9,,,0,18,,92024,9,,,0,52,,92003,9,,,0,13,,91986,9,,,0,14,,92012,9,,,0,15,,91994,9,,,0,52,,91968,9,,,0,13,,92021,9,,,0,14,,91977,9,,,0,23,,92013,9,,,0,60,,91995,9,,,0,20,,92022,9,,,0,20,,91979,9,,,0
2000001,'S2-0_5',638,,92077,9,,,0,64,,92054,9,,,0,13,,92035,3,,,0,3,,92037,9,,,0,16,,92062,9,,,0,18,,92045,9,,,0,54,,92080,9,,,0,14,,92027,9,,,0,14,,92055,9,,,0,15,,92039,9,,,0,56,,92063,9,,,0,15,,92047,9,,,0,16,,92071,9,,,0,17,,92028,9,,,0,56,,92061,9,,,0,15,,92038,9,,,0,16,,92064,9,,,0,16,,92046,9,,,0,56,,92073,9,,,0,15,,92029,9,,,0,16,,92059,9,,,0,15,,92044,9,,,0,57,,92065,9,,,0,16,,92053,9,,,0,14,,92072,9,,,0,56,,92031,9,,,0,12,,92056,9,,,0,16,,92040,9,,,0,15,,92067,9,,,0,15,,92048,9,,,0,56,,92076,9,,,0,15,,92032,9,,,0,15,,92057,9,,,0,55,,92041,9,,,0,15,,92066,9,,,0,16,,92049,9,,,0,14,,92075,9,,,0,56,,92030,9,,,0,15,,92058,9,,,0,17,,92042,9,,,0,15,,92068,9,,,0,56,,92050,9,,,0,17,,92026,9,,,0,17,,92074,9,,,0,18,,92081,9,,,0,52,,92060,9,,,0,13,,92043,9,,,0,14,,92069,9,,,0,15,,92051,9,,,0,52,,92025,9,,,0,13,,92078,9,,,0,14,,92034,9,,,0,23,,92070,9,,,0,60,,92052,9,,,0,20,,92079,9,,,0,20,,92036,9,,,0
2000001,'S2-1_3',638,,92134,9,,,0,64,,92111,9,,,0,13,,92092,3,,,0,3,,92094,9,,,0,16,,92119,9,,,0,18,,92102,9,,,0,54,,92137,9,,,0,14,,92084,9,,,0,14,,92112,9,,,0,15,,92096,9,,,0,56,,92120,9,,,0,15,,92104,9,,,0,16,,92128,9,,,0,17,,92085,9,,,0,56,,92118,9,,,0,15,,92095,9,,,0,16,,92121,9,,,0,16,,92103,9,,,0,56,,92130,9,,,0,15,,92086,9,,,0,16,,92116,9,,,0,15,,92101,9,,,0,57,,92122,9,,,0,16,,92110,9,,,0,14,,92129,9,,,0,56,,92088,9,,,0,12,,92113,9,,,0,16,,92097,9,,,0,15,,92124,9,,,0,15,,92105,9,,,0,56,,92133,9,,,0,15,,92089,9,,,0,15,,92114,9,,,0,55,,92098,9,,,0,15,,92123,9,,,0,16,,92106,9,,,0,14,,92132,9,,,0,56,,92087,9,,,0,15,,92115,9,,,0,17,,92099,9,,,0,15,,92125,9,,,0,56,,92107,9,,,0,17,,92083,9,,,0,17,,92131,9,,,0,18,,92138,9,,,0,52,,92117,9,,,0,13,,92100,9,,,0,14,,92126,9,,,0,15,,92108,9,,,0,52,,92082,9,,,0,13,,92135,9,,,0,14,,92091,9,,,0,23,,92127,9,,,0,60,,92109,9,,,0,20,,92136,9,,,0,20,,92093,9,,,0
2000001,'S2-2_6',642,,92139,9,,,0,80,,92140,9,,,0,79,,92141,9,,,0,30,,92179,9,,,0,21,,92143,9,,,0,60,,92142,9,,,0,20,,92144,9,,,0,20,,92145,9,,,0,59,,92147,9,,,0,18,,92146,9,,,0,20,,92152,9,,,0,60,,92150,9,,,0,17,,92154,9,,,0,19,,92148,9,,,0,59,,92153,9,,,0,21,,92149,9,,,0,17,,92151,9,,,0,58,,92160,9,,,0,18,,92157,9,,,0,20,,92158,9,,,0,20,,92159,9,,,0,58,,92156,9,,,0,17,,92155,9,,,0,19,,92161,9,,,0,61,,92162,9,,,0,20,,92164,9,,,0,19,,92163,9,,,0,60,,92165,9,,,0,20,,92166,9,,,0,21,,92167,9,,,0,60,,92169,9,,,0,19,,92168,9,,,0,19,,92170,9,,,0,59,,92171,9,,,0,19,,92172,9,,,0,19,,92173,9,,,0,57,,92174,9,,,0,19,,92175,9,,,0,23,,92176,9,,,0,64,,92177,9,,,0,23,,92178,9,,,0
2000001,'S2-3_7',813,,92197,9,,,0,40,,92180,9,,,0,80,,92181,9,,,0,80,,92182,9,,,0,40,,92183,9,,,0,80,,92184,9,,,0,80,,92185,9,,,0,40,,92186,9,,,0,80,,92188,9,,,0,80,,92187,9,,,0,40,,92189,9,,,0,80,,92190,9,,,0,80,,92191,9,,,0,40,,92192,9,,,0,80,,92194,9,,,0,80,,92193,9,,,0,40,,92195,9,,,0,80,,92196,9,,,0
2000001,'S2-4_1',638,,92250,9,,,0,64,,92227,9,,,0,13,,92208,3,,,0,3,,92210,9,,,0,16,,92235,9,,,0,18,,92218,9,,,0,54,,92253,9,,,0,14,,92200,9,,,0,14,,92228,9,,,0,15,,92212,9,,,0,56,,92236,9,,,0,15,,92220,9,,,0,16,,92244,9,,,0,17,,92201,9,,,0,56,,92234,9,,,0,15,,92211,9,,,0,16,,92237,9,,,0,16,,92219,9,,,0,56,,92246,9,,,0,15,,92202,9,,,0,16,,92232,9,,,0,15,,92217,9,,,0,57,,92238,9,,,0,16,,92226,9,,,0,14,,92245,9,,,0,56,,92204,9,,,0,12,,92229,9,,,0,16,,92213,9,,,0,15,,92240,9,,,0,15,,92221,9,,,0,56,,92249,9,,,0,15,,92205,9,,,0,15,,92230,9,,,0,55,,92214,9,,,0,15,,92239,9,,,0,16,,92222,9,,,0,14,,92248,9,,,0,56,,92203,9,,,0,15,,92231,9,,,0,17,,92215,9,,,0,15,,92241,9,,,0,56,,92223,9,,,0,17,,92199,9,,,0,17,,92247,9,,,0,18,,92254,9,,,0,52,,92233,9,,,0,13,,92216,9,,,0,14,,92242,9,,,0,15,,92224,9,,,0,52,,92198,9,,,0,13,,92251,9,,,0,14,,92207,9,,,0,23,,92243,9,,,0,60,,92225,9,,,0,20,,92252,9,,,0,20,,92209,9,,,0
2000001,'S2-4_2',638,,92307,9,,,0,64,,92284,9,,,0,13,,92265,3,,,0,3,,92267,9,,,0,16,,92292,9,,,0,18,,92275,9,,,0,54,,92310,9,,,0,14,,92257,9,,,0,14,,92285,9,,,0,15,,92269,9,,,0,56,,92293,9,,,0,15,,92277,9,,,0,16,,92301,9,,,0,17,,92258,9,,,0,56,,92291,9,,,0,15,,92268,9,,,0,16,,92294,9,,,0,16,,92276,9,,,0,56,,92303,9,,,0,15,,92259,9,,,0,16,,92289,9,,,0,15,,92274,9,,,0,57,,92295,9,,,0,16,,92283,9,,,0,14,,92302,9,,,0,56,,92261,9,,,0,12,,92286,9,,,0,16,,92270,9,,,0,15,,92297,9,,,0,15,,92278,9,,,0,56,,92306,9,,,0,15,,92262,9,,,0,15,,92287,9,,,0,55,,92271,9,,,0,15,,92296,9,,,0,16,,92279,9,,,0,14,,92305,9,,,0,56,,92260,9,,,0,15,,92288,9,,,0,17,,92272,9,,,0,15,,92298,9,,,0,56,,92280,9,,,0,17,,92256,9,,,0,17,,92304,9,,,0,18,,92311,9,,,0,52,,92290,9,,,0,13,,92273,9,,,0,14,,92299,9,,,0,15,,92281,9,,,0,52,,92255,9,,,0,13,,92308,9,,,0,14,,92264,9,,,0,23,,92300,9,,,0,60,,92282,9,,,0,20,,92309,9,,,0,20,,92266,9,,,0
2000001,'S2-4_4',638,,92364,9,,,0,64,,92341,9,,,0,13,,92322,3,,,0,3,,92324,9,,,0,16,,92349,9,,,0,18,,92332,9,,,0,54,,92367,9,,,0,14,,92314,9,,,0,14,,92342,9,,,0,15,,92326,9,,,0,56,,92350,9,,,0,15,,92334,9,,,0,16,,92358,9,,,0,17,,92315,9,,,0,56,,92348,9,,,0,15,,92325,9,,,0,16,,92351,9,,,0,16,,92333,9,,,0,56,,92360,9,,,0,15,,92316,9,,,0,16,,92346,9,,,0,15,,92331,9,,,0,57,,92352,9,,,0,16,,92340,9,,,0,14,,92359,9,,,0,56,,92318,9,,,0,12,,92343,9,,,0,16,,92327,9,,,0,15,,92354,9,,,0,15,,92335,9,,,0,56,,92363,9,,,0,15,,92319,9,,,0,15,,92344,9,,,0,55,,92328,9,,,0,15,,92353,9,,,0,16,,92336,9,,,0,14,,92362,9,,,0,56,,92317,9,,,0,15,,92345,9,,,0,17,,92329,9,,,0,15,,92355,9,,,0,56,,92337,9,,,0,17,,92313,9,,,0,17,,92361,9,,,0,18,,92368,9,,,0,52,,92347,9,,,0,13,,92330,9,,,0,14,,92356,9,,,0,15,,92338,9,,,0,52,,92312,9,,,0,13,,92365,9,,,0,14,,92321,9,,,0,23,,92357,9,,,0,60,,92339,9,,,0,20,,92366,9,,,0,20,,92323,9,,,0
3000001,'S2-0_2',651,,93012,16,,,0,60,,92971,16,,,0,20,,92972,16,,,0,22,,92973,16,,,0,60,,92974,16,,,0,20,,92975,16,,,0,20,,92976,16,,,0,60,,92977,16,,,0,20,,92978,16,,,0,20,,92979,16,,,0,60,,92980,16,,,0,20,,92981,16,,,0,20,,92982,16,,,0,59,,92983,16,,,0,19,,92984,16,,,0,21,,92985,16,,,0,60,,92986,16,,,0,21,,92987,16,,,0,20,,92988,16,,,0,59,,92989,16,,,0,19,,92990,16,,,0,20,,92991,16,,,0,61,,92992,16,,,0,20,,92993,16,,,0,20,,92994,16,,,0,61,,92995,16,,,0,22,,92996,16,,,0,21,,92997,16,,,0,59,,92998,16,,,0,19,,92999,16,,,0,23,,93000,16,,,0,62,,93001,16,,,0,19,,93002,16,,,0,20,,93003,16,,,0,56,,93004,16,,,0,18,,93005,16,,,0,22,,93006,16,,,0,60,,93007,16,,,0,22,,93008,16,,,0,66,,93009,16,,,0,28,,93010,16,,,0,71,,93011,16,,,0
3000001,'S2-0_4',651,,93061,16,,,0,60,,93020,16,,,0,20,,93021,16,,,0,22,,93022,16,,,0,60,,93023,16,,,0,20,,93024,16,,,0,20,,93025,16,,,0,60,,93026,16,,,0,20,,93027,16,,,0,20,,93028,16,,,0,60,,93029,16,,,0,20,,93030,16,,,0,20,,93031,16,,,0,59,,93032,16,,,0,19,,93033,16,,,0,21,,93034,16,,,0,60,,93035,16,,,0,21,,93036,16,,,0,20,,93037,16,,,0,59,,93038,16,,,0,19,,93039,16,,,0,20,,93040,16,,,0,61,,93041,16,,,0,20,,93042,16,,,0,20,,93043,16,,,0,61,,93044,16,,,0,22,,93045,16,,,0,21,,93046,16,,,0,59,,93047,16,,,0,19,,93048,16,,,0,23,,93049,16,,,0,62,,93050,16,,,0,19,,93051,16,,,0,20,,93052,16,,,0,56,,93053,16,,,0,18,,93054,16,,,0,22,,93055,16,,,0,60,,93056,16,,,0,22,,93057,16,,,0,66,,93058,16,,,0,28,,93059,16,,,0,71,,93060,16,,,0
3000001,'S2-0_5',651,,93110,16,,,0,60,,93069,16,,,0,20,,93070,16,,,0,22,,93071,16,,,0,60,,93072,16,,,0,20,,93073,16,,,0,20,,93074,16,,,0,60,,93075,16,,,0,20,,93076,16,,,0,20,,93077,16,,,0,60,,93078,16,,,0,20,,93079,16,,,0,20,,93080,16,,,0,59,,93081,16,,,0,19,,93082,16,,,0,21,,93083,16,,,0,60,,93084,16,,,0,21,,93085,16,,,0,20,,93086,16,,,0,59,,93087,16,,,0,19,,93088,16,,,0,20,,93089,16,,,0,61,,93090,16,,,0,20,,93091,16,,,0,20,,93092,16,,,0,61,,93093,16,,,0,22,,93094,16,,,0,21,,93095,16,,,0,59,,93096,16,,,0,19,,93097,16,,,0,23,,93098,16,,,0,62,,93099,16,,,0,19,,93100,16,,,0,20,,93101,16,,,0,56,,93102,16,,,0,18,,93103,16,,,0,22,,93104,16,,,0,60,,93105,16,,,0,22,,93106,16,,,0,66,,93107,16,,,0,28,,93108,16,,,0,71,,93109,16,,,0
3000001,'S2-1_3',651,,93159,16,,,0,60,,93118,16,,,0,20,,93119,16,,,0,22,,93120,16,,,0,60,,93121,16,,,0,20,,93122,16,,,0,20,,93123,16,,,0,60,,93124,16,,,0,20,,93125,16,,,0,20,,93126,16,,,0,60,,93127,16,,,0,20,,93128,16,,,0,20,,93129,16,,,0,59,,93130,16,,,0,19,,93131,16,,,0,21,,93132,16,,,0,60,,93133,16,,,0,21,,93134,16,,,0,20,,93135,16,,,0,59,,93136,16,,,0,19,,93137,16,,,0,20,,93138,16,,,0,61,,93139,16,,,0,20,,93140,16,,,0,20,,93141,16,,,0,61,,93142,16,,,0,22,,93143,16,,,0,21,,93144,16,,,0,59,,93145,16,,,0,19,,93146,16,,,0,23,,93147,16,,,0,62,,93148,16,,,0,19,,93149,16,,,0,20,,93150,16,,,0,56,,93151,16,,,0,18,,93152,16,,,0,22,,93153,16,,,0,60,,93154,16,,,0,22,,93155,16,,,0,66,,93156,16,,,0,28,,93157,16,,,0,71,,93158,16,,,0
3000001,'S2-2_6',644,,93167,16,,,0,81,,93168,16,,,0,84,,93169,16,,,0,37,,93170,16,,,0,61,,93171,16,,,0,19,,93172,16,,,0,21,,93173,16,,,0,60,,93174,16,,,0,20,,93175,16,,,0,20,,93176,16,,,0,60,,93177,16,,,0,19,,93178,16,,,0,21,,93179,16,,,0,61,,93180,16,,,0,19,,93181,16,,,0,19,,93182,16,,,0,60,,93183,16,,,0,20,,93184,16,,,0,20,,93185,16,,,0,61,,93186,16,,,0,20,,93187,16,,,0,20,,93188,16,,,0,61,,93189,16,,,0,20,,93190,16,,,0,20,,93191,16,,,0,60,,93192,16,,,0,20,,93193,16,,,0,21,,93194,16,,,0,60,,93195,16,,,0,20,,93196,16,,,0,19,,93197,16,,,0,59,,93198,16,,,0,20,,93199,16,,,0,20,,93200,16,,,0,58,,93201,16,,,0,32,,93203,16,,,0,67,,93204,16,,,0,30,,93202,16,,,0,69,,93205,16,,,0
3000001,'S2-3_7',850,,93206,16,,,0,170,,93214,16,,,0,130,,93213,16,,,0,170,,93212,16,,,0,130,,93209,16,,,0,170,,93210,16,,,0,130,,93211,16,,,0,170,,93208,16,,,0,130,,93207,16,,,0
3000001,'S2-4_1',651,,93256,16,,,0,60,,93215,16,,,0,20,,93216,16,,,0,22,,93217,16,,,0,60,,93218,16,,,0,20,,93219,16,,,0,20,,93220,16,,,0,60,,93221,16,,,0,20,,93222,16,,,0,20,,93223,16,,,0,60,,93224,16,,,0,20,,93225,16,,,0,20,,93226,16,,,0,59,,93227,16,,,0,19,,93228,16,,,0,21,,93229,16,,,0,60,,93230,16,,,0,21,,93231,16,,,0,20,,93232,16,,,0,59,,93233,16,,,0,19,,93234,16,,,0,20,,93235,16,,,0,61,,93236,16,,,0,20,,93237,16,,,0,20,,93238,16,,,0,61,,93239,16,,,0,22,,93240,16,,,0,21,,93241,16,,,0,59,,93242,16,,,0,19,,93243,16,,,0,23,,93244,16,,,0,62,,93245,16,,,0,19,,93246,16,,,0,20,,93247,16,,,0,56,,93248,16,,,0,18,,93249,16,,,0,22,,93250,16,,,0,60,,93251,16,,,0,22,,93252,16,,,0,66,,93253,16,,,0,28,,93254,16,,,0,71,,93255,16,,,0
3000001,'S2-4_2',651,,93305,16,,,0,60,,93264,16,,,0,20,,93265,16,,,0,22,,93266,16,,,0,60,,93267,16,,,0,20,,93268,16,,,0,20,,93269,16,,,0,60,,93270,16,,,0,20,,93271,16,,,0,20,,93272,16,,,0,60,,93273,16,,,0,20,,93274,16,,,0,20,,93275,16,,,0,59,,93276,16,,,0,19,,93277,16,,,0,21,,93278,16,,,0,60,,93279,16,,,0,21,,93280,16,,,0,20,,93281,16,,,0,59,,93282,16,,,0,19,,93283,16,,,0,20,,93284,16,,,0,61,,93285,16,,,0,20,,93286,16,,,0,20,,93287,16,,,0,61,,93288,16,,,0,22,,93289,16,,,0,21,,93290,16,,,0,59,,93291,16,,,0,19,,93292,16,,,0,23,,93293,16,,,0,62,,93294,16,,,0,19,,93295,16,,,0,20,,93296,16,,,0,56,,93297,16,,,0,18,,93298,16,,,0,22,,93299,16,,,0,60,,93300,16,,,0,22,,93301,16,,,0,66,,93302,16,,,0,28,,93303,16,,,0,71,,93304,16,,,0
3000001,'S2-4_4',651,,93354,16,,,0,60,,93313,16,,,0,20,,93314,16,,,0,22,,93315,16,,,0,60,,93316,16,,,0,20,,93317,16,,,0,20,,93318,16,,,0,60,,93319,16,,,0,20,,93320,16,,,0,20,,93321,16,,,0,60,,93322,16,,,0,20,,93323,16,,,0,20,,93324,16,,,0,59,,93325,16,,,0,19,,93326,16,,,0,21,,93327,16,,,0,60,,93328,16,,,0,21,,93329,16,,,0,20,,93330,16,,,0,59,,93331,16,,,0,19,,93332,16,,,0,20,,93333,16,,,0,61,,93334,16,,,0,20,,93335,16,,,0,20,,93336,16,,,0,61,,93337,16,,,0,22,,93338,16,,,0,21,,93339,16,,,0,59,,93340,16,,,0,19,,93341,16,,,0,23,,93342,16,,,0,62,,93343,16,,,0,19,,93344,16,,,0,20,,93345,16,,,0,56,,93346,16,,,0,18,,93347,16,,,0,22,,93348,16,,,0,60,,93349,16,,,0,22,,93350,16,,,0,66,,93351,16,,,0,28,,93352,16,,,0,71,,93353,16,,,0
