400,'S2-0_2',1312,,85901,54,,,0,511,,85905,55,,,0,89,,85902,54,,,0
400,'S2-0_4',1312,,85935,54,,,0,511,,85939,55,,,0,89,,85936,54,,,0
400,'S2-0_5',1312,,85969,54,,,0,511,,85973,55,,,0,89,,85970,54,,,0
400,'S2-1_3',1312,,86002,54,,,0,511,,86006,55,,,0,89,,86003,54,,,0
400,'S2-4_1',1312,,86068,54,,,0,511,,86072,55,,,0,89,,86069,54,,,0
400,'S2-4_2',1312,,86102,54,,,0,511,,86106,55,,,0,89,,86103,54,,,0
400,'S2-4_4',1312,,86136,54,,,0,511,,86140,55,,,0,89,,86137,54,,,0
2300,'S2-0_2',1637,,88650,32,,,0,105,,88651,32,,,0,95,,88652,32,,,0
2300,'S2-0_4',1637,,88653,32,,,0,105,,88654,32,,,0,95,,88655,32,,,0
2300,'S2-0_5',1637,,88656,32,,,0,105,,88657,32,,,0,95,,88658,32,,,0
2300,'S2-1_3',1240,,88660,32,,,0,3,,88659,32,,,0
2300,'S2-4_1',1637,,88661,32,,,0,105,,88662,32,,,0,95,,88663,32,,,0
2300,'S2-4_2',1637,,88664,32,,,0,105,,88665,32,,,0,95,,88666,32,,,0
2300,'S2-4_4',1637,,88667,32,,,0,105,,88668,32,,,0,95,,88669,32,,,0
2900400,'S2-0_2',1710,,92446,11,,,0,99,,92447,11,,,0
2900400,'S2-0_4',1710,,92448,11,,,0,99,,92449,11,,,0
2900400,'S2-0_5',1710,,92450,11,,,0,99,,92451,11,,,0
2900400,'S2-1_3',1710,,92452,11,,,0,99,,92453,11,,,0
2900400,'S2-4_1',1710,,92454,11,,,0,99,,92455,11,,,0
2900400,'S2-4_2',1710,,92456,11,,,0,99,,92457,11,,,0
2900400,'S2-4_4',1710,,92458,11,,,0,99,,92459,11,,,0
