600,'S2-0_2',711,,86621,19,,,0,20,,86635,19,0,11 12,0,93,,86622,19,,,0,110,,86623,19,0,11 12,0,101,,86624,19,0,11 12,0,90,,86625,19,0,11 12,0,110,,86626,19,0,11 12,0,107,,86627,19,0,11 12,0,97,,86636,19,0,11 12,0,92,,86628,19,0,11 12,0,97,,86629,19,0,11 12,0,83,,86630,19,0,11 12,0,41,,86631,19,0,11 12,0,74,,86632,19,0,11 12,0,31,,86633,19,0,11 12,0,81,,86634,19,0,11 12,0
600,'S2-0_4',711,,86637,19,,,0,20,,86651,19,0,11 12,0,93,,86638,19,,,0,110,,86639,19,0,11 12,0,101,,86640,19,0,11 12,0,90,,86641,19,0,11 12,0,110,,86642,19,0,11 12,0,107,,86643,19,0,11 12,0,97,,86652,19,0,11 12,0,92,,86644,19,0,11 12,0,97,,86645,19,0,11 12,0,83,,86646,19,0,11 12,0,41,,86647,19,0,11 12,0,74,,86648,19,0,11 12,0,31,,86649,19,0,11 12,0,81,,86650,19,0,11 12,0
600,'S2-0_5',711,,86653,19,,,0,20,,86667,19,0,11 12,0,93,,86654,19,,,0,110,,86655,19,0,11 12,0,101,,86656,19,0,11 12,0,90,,86657,19,0,11 12,0,110,,86658,19,0,11 12,0,107,,86659,19,0,11 12,0,97,,86668,19,0,11 12,0,92,,86660,19,0,11 12,0,97,,86661,19,0,11 12,0,83,,86662,19,0,11 12,0,41,,86663,19,0,11 12,0,74,,86664,19,0,11 12,0,31,,86665,19,0,11 12,0,81,,86666,19,0,11 12,0
600,'S2-1_3',711,,86669,19,,,0,20,,86683,19,0,11 12,0,93,,86670,19,,,0,110,,86671,19,0,11 12,0,101,,86672,19,0,11 12,0,90,,86673,19,0,11 12,0,110,,86674,19,0,11 12,0,107,,86675,19,0,11 12,0,97,,86684,19,0,11 12,0,92,,86676,19,0,11 12,0,97,,86677,19,0,11 12,0,83,,86678,19,0,11 12,0,41,,86679,19,0,11 12,0,74,,86680,19,0,11 12,0,31,,86681,19,0,11 12,0,81,,86682,19,0,11 12,0
600,'S2-2_6',759,,86685,19,0,11 12,0,94,,86687,19,0,11 12,0,93,,86688,19,0,11 12,0,87,,86689,19,0,11 12,0,90,,86690,19,0,11 12,0,88,,86691,19,0,11 12,0,48,,86692,19,0,11 12,0,91,,86693,19,0,11 12,0,87,,86694,19,0,11 12,0,98,,86695,19,0,11 12,0,90,,86696,19,0,11 12,0,91,,86697,19,0,11 12,0,90,,86698,19,0,11 12,0,95,,86699,19,0,11 12,0,41,,86686,19,0,11 12,0
600,'S2-4_1',711,,86700,19,,,0,20,,86714,19,0,11 12,0,93,,86701,19,,,0,110,,86702,19,0,11 12,0,101,,86703,19,0,11 12,0,90,,86704,19,0,11 12,0,110,,86705,19,0,11 12,0,107,,86706,19,0,11 12,0,97,,86715,19,0,11 12,0,92,,86707,19,0,11 12,0,97,,86708,19,0,11 12,0,83,,86709,19,0,11 12,0,41,,86710,19,0,11 12,0,74,,86711,19,0,11 12,0,31,,86712,19,0,11 12,0,81,,86713,19,0,11 12,0
600,'S2-4_2',711,,86716,19,,,0,20,,86730,19,0,11 12,0,93,,86717,19,,,0,110,,86718,19,0,11 12,0,101,,86719,19,0,11 12,0,90,,86720,19,0,11 12,0,110,,86721,19,0,11 12,0,107,,86722,19,0,11 12,0,97,,86731,19,0,11 12,0,92,,86723,19,0,11 12,0,97,,86724,19,0,11 12,0,83,,86725,19,0,11 12,0,41,,86726,19,0,11 12,0,74,,86727,19,0,11 12,0,31,,86728,19,0,11 12,0,81,,86729,19,0,11 12,0
600,'S2-4_4',711,,86732,19,,,0,20,,86746,19,0,11 12,0,93,,86733,19,,,0,110,,86734,19,0,11 12,0,101,,86735,19,0,11 12,0,90,,86736,19,0,11 12,0,110,,86737,19,0,11 12,0,107,,86738,19,0,11 12,0,97,,86747,19,0,11 12,0,92,,86739,19,0,11 12,0,97,,86740,19,0,11 12,0,83,,86741,19,0,11 12,0,41,,86742,19,0,11 12,0,74,,86743,19,0,11 12,0,31,,86744,19,0,11 12,0,81,,86745,19,0,11 12,0
900,'S2-0_2',708,,87241,20,,,0,28,,87242,20,,,0,81,,87246,26,,,0,21,,87247,17,,,0,4,,87248,27,,,0,84,,87243,20,,,0,90,,87249,27,,,0,188,,87251,23,,,0,103,,87252,23,,,0,31,,87244,20,,,0,172,,87255,28,,,0,44,,87253,23,,,0,151,,87254,23,,,0,31,,87245,20,,,0,167,,87256,28,,,0
900,'S2-0_4',708,,87260,20,,,0,28,,87261,20,,,0,81,,87265,26,,,0,21,,87266,17,,,0,4,,87267,27,,,0,84,,87262,20,,,0,90,,87268,27,,,0,188,,87270,23,,,0,103,,87271,23,,,0,31,,87263,20,,,0,172,,87274,28,,,0,44,,87272,23,,,0,151,,87273,23,,,0,31,,87264,20,,,0,167,,87275,28,,,0
900,'S2-0_5',708,,87279,20,,,0,28,,87280,20,,,0,81,,87284,26,,,0,21,,87285,17,,,0,4,,87286,27,,,0,84,,87281,20,,,0,90,,87287,27,,,0,188,,87289,23,,,0,103,,87290,23,,,0,31,,87282,20,,,0,172,,87293,28,,,0,44,,87291,23,,,0,151,,87292,23,,,0,31,,87283,20,,,0,167,,87294,28,,,0
900,'S2-1_3',708,,87298,20,,,0,28,,87299,20,,,0,81,,87303,26,,,0,21,,87304,17,,,0,4,,87305,27,,,0,84,,87300,20,,,0,90,,87306,27,,,0,188,,87308,23,,,0,103,,87309,23,,,0,31,,87301,20,,,0,172,,87312,28,,,0,44,,87310,23,,,0,151,,87311,23,,,0,31,,87302,20,,,0,167,,87313,28,,,0
900,'S2-2_6',715,,87318,23,,,0,100,,87319,23,,,0,315,,87320,23,,,0,325,,87321,23,,,0,89,,87316,17,,,0,98,,87327,17,,,0,174,,87322,24,,,0,93,,87323,23,,,0
900,'S2-4_1',708,,87329,20,,,0,28,,87330,20,,,0,81,,87334,26,,,0,21,,87335,17,,,0,4,,87336,27,,,0,84,,87331,20,,,0,90,,87337,27,,,0,188,,87339,23,,,0,103,,87340,23,,,0,31,,87332,20,,,0,172,,87343,28,,,0,44,,87341,23,,,0,151,,87342,23,,,0,31,,87333,20,,,0,167,,87344,28,,,0
900,'S2-4_2',708,,87348,20,,,0,28,,87349,20,,,0,81,,87353,26,,,0,21,,87354,17,,,0,4,,87355,27,,,0,84,,87350,20,,,0,90,,87356,27,,,0,188,,87358,23,,,0,103,,87359,23,,,0,31,,87351,20,,,0,172,,87362,28,,,0,44,,87360,23,,,0,151,,87361,23,,,0,31,,87352,20,,,0,167,,87363,28,,,0
900,'S2-4_4',708,,87367,20,,,0,28,,87368,20,,,0,81,,87372,26,,,0,21,,87373,17,,,0,4,,87374,27,,,0,84,,87369,20,,,0,90,,87375,27,,,0,188,,87377,23,,,0,103,,87378,23,,,0,31,,87370,20,,,0,172,,87381,28,,,0,44,,87379,23,,,0,151,,87380,23,,,0,31,,87371,20,,,0,167,,87382,28,,,0
1900,'S2-0_2',737,,88354,22,,,0,105,,88358,22,,,0,974,,88355,22,,,0
1900,'S2-0_4',737,,88362,22,,,0,105,,88366,22,,,0,974,,88363,22,,,0
1900,'S2-0_5',737,,88370,22,,,0,105,,88374,22,,,0,974,,88371,22,,,0
1900,'S2-1_3',737,,88378,22,,,0,105,,88383,22,,,0,583,,88382,22,,,0,391,,88379,22,,,0
1900,'S2-4_1',737,,88387,22,,,0,105,,88391,22,,,0,974,,88388,22,,,0
1900,'S2-4_2',737,,88395,22,,,0,105,,88399,22,,,0,974,,88396,22,,,0
1900,'S2-4_4',737,,88403,22,,,0,105,,88407,22,,,0,974,,88404,22,,,0
2600,'S2-0_2',651,,88938,2,,,0,51,,88949,2,,,0,45,,88950,2,,,0,56,,88951,2,,,0,44,,88952,2,,,0,69,,88953,2,,,0,96,,88939,2,,,0,99,,88940,2,,,0,92,,88956,2,0,47,0,3,,88961,2,0,47,0,2,,88941,2,,,0,28,,88942,2,,,0,69,,88957,2,,,0,95,,88958,2,,,0,111,,88943,2,,,0,25,,88962,2,0,48,0,20,,88944,2,,,0,65,,88954,2,,,0,30,,88955,2,,,0,60,,88945,2,,,0,10,,88959,2,0,48,0,20,,88946,2,,,0,75,,88947,2,,,0,30,,88960,2,,,0
2600,'S2-0_4',651,,88963,2,,,0,51,,88974,2,,,0,45,,88975,2,,,0,56,,88976,2,,,0,44,,88977,2,,,0,69,,88978,2,,,0,96,,88964,2,,,0,99,,88965,2,,,0,92,,88981,2,0,47,0,3,,88986,2,0,47,0,2,,88966,2,,,0,28,,88967,2,,,0,69,,88982,2,,,0,95,,88983,2,,,0,111,,88968,2,,,0,25,,88973,2,0,48,0,20,,88969,2,,,0,65,,88979,2,,,0,30,,88980,2,,,0,60,,88970,2,,,0,10,,88984,2,0,48,0,20,,88971,2,,,0,75,,88972,2,,,0,30,,88985,2,,,0
2600,'S2-0_5',651,,88987,2,,,0,51,,88998,2,,,0,45,,88999,2,,,0,56,,89000,2,,,0,44,,89001,2,,,0,69,,89002,2,,,0,96,,88988,2,,,0,99,,88989,2,,,0,92,,89005,2,0,47,0,3,,89010,2,0,47,0,2,,88990,2,,,0,28,,88991,2,,,0,69,,89006,2,,,0,95,,89007,2,,,0,111,,88992,2,,,0,25,,88997,2,0,48,0,20,,88993,2,,,0,65,,89003,2,,,0,30,,89004,2,,,0,60,,88994,2,,,0,10,,89008,2,0,48,0,20,,88995,2,,,0,75,,88996,2,,,0,30,,89009,2,,,0
2600,'S2-1_3',651,,89011,2,,,0,51,,89022,2,,,0,45,,89023,2,,,0,56,,89024,2,,,0,44,,89025,2,,,0,69,,89026,2,,,0,96,,89012,2,,,0,99,,89013,2,,,0,92,,89029,2,0,47,0,3,,89033,2,0,47,0,2,,89014,2,,,0,28,,89015,2,,,0,69,,89030,2,,,0,95,,89031,2,,,0,111,,89016,2,,,0,45,,89017,2,,,0,65,,89027,2,,,0,30,,89028,2,,,0,60,,89018,2,,,0,30,,89019,2,,,0,75,,89020,2,,,0,30,,89032,2,,,0
2600,'S2-2_6',714,,89034,2,,,0,45,,89035,2,,,0,84,,89036,2,,,0,85,,89037,2,,,0,84,,89038,2,,,0,90,,89039,2,,,0,44,,89040,2,,,0,82,,89041,2,,,0,84,,89042,2,,,0,45,,89043,2,,,0,83,,89044,2,,,0,86,,89045,2,,,0,90,,89046,2,,,0,87,,89047,2,,,0,43,,89048,2,,,0,85,,89049,2,,,0,84,,89050,2,,,0
2600,'S2-4_1',651,,89051,2,,,0,51,,89062,2,,,0,45,,89063,2,,,0,56,,89064,2,,,0,44,,89065,2,,,0,69,,89066,2,,,0,96,,89052,2,,,0,99,,89053,2,,,0,92,,89069,2,0,47,0,3,,89074,2,0,47,0,2,,89054,2,,,0,28,,89055,2,,,0,69,,89070,2,,,0,95,,89071,2,,,0,111,,89056,2,,,0,25,,89061,2,0,48,0,20,,89057,2,,,0,65,,89067,2,,,0,30,,89068,2,,,0,60,,89058,2,,,0,10,,89072,2,0,48,0,20,,89059,2,,,0,75,,89060,2,,,0,30,,89073,2,,,0
2600,'S2-4_2',651,,89075,2,,,0,51,,89086,2,,,0,45,,89087,2,,,0,56,,89088,2,,,0,44,,89089,2,,,0,69,,89090,2,,,0,96,,89076,2,,,0,99,,89077,2,,,0,92,,89093,2,0,47,0,3,,89098,2,0,47,0,2,,89078,2,,,0,28,,89079,2,,,0,69,,89094,2,,,0,95,,89095,2,,,0,111,,89080,2,,,0,25,,89099,2,0,48,0,20,,89081,2,,,0,65,,89091,2,,,0,30,,89092,2,,,0,60,,89082,2,,,0,10,,89096,2,0,48,0,20,,89083,2,,,0,75,,89084,2,,,0,30,,89097,2,,,0
2600,'S2-4_4',651,,89100,2,,,0,51,,89111,2,,,0,45,,89112,2,,,0,56,,89113,2,,,0,44,,89114,2,,,0,69,,89115,2,,,0,96,,89101,2,,,0,99,,89102,2,,,0,92,,89118,2,0,47,0,3,,89123,2,0,47,0,2,,89103,2,,,0,28,,89104,2,,,0,69,,89119,2,,,0,95,,89120,2,,,0,111,,89105,2,,,0,25,,89110,2,0,48,0,20,,89106,2,,,0,65,,89116,2,,,0,30,,89117,2,,,0,60,,89107,2,,,0,10,,89121,2,0,48,0,20,,89108,2,,,0,75,,89109,2,,,0,30,,89122,2,,,0
