600,'0_4',659,,96586,10,,,0,59,,96600,10,0,11 12,0,92,,96587,10,,,0,110,,96588,10,0,11 12,0,100,,96589,10,0,11 12,0,91,,96590,10,0,11 12,0,111,,96591,10,0,11 12,0,106,,96592,10,0,11 12,0,96,,96601,10,0,11 12,0,92,,96593,10,0,11 12,0,94,,96594,10,0,11 12,0,39,,96595,10,0,11 12,0,86,,96596,10,0,11 12,0,77,,96597,10,0,11 12,0,32,,96598,10,0,11 12,0,82,,96599,10,0,11 12,0
600,'0_5',659,,96602,10,,,0,59,,96616,10,0,11 12,0,92,,96603,10,,,0,110,,96604,10,0,11 12,0,100,,96605,10,0,11 12,0,91,,96606,10,0,11 12,0,111,,96607,10,0,11 12,0,106,,96608,10,0,11 12,0,96,,96617,10,0,11 12,0,92,,96609,10,0,11 12,0,94,,96610,10,0,11 12,0,39,,96611,10,0,11 12,0,86,,96612,10,0,11 12,0,77,,96613,10,0,11 12,0,32,,96614,10,0,11 12,0,82,,96615,10,0,11 12,0
600,'1_3',659,,96618,10,,,0,59,,96632,10,0,11 12,0,92,,96619,10,,,0,110,,96620,10,0,11 12,0,100,,96621,10,0,11 12,0,91,,96622,10,0,11 12,0,111,,96623,10,0,11 12,0,106,,96624,10,0,11 12,0,96,,96633,10,0,11 12,0,92,,96625,10,0,11 12,0,94,,96626,10,0,11 12,0,39,,96627,10,0,11 12,0,86,,96628,10,0,11 12,0,77,,96629,10,0,11 12,0,32,,96630,10,0,11 12,0,82,,96631,10,0,11 12,0
600,'2_6',748,,96634,10,0,11 12,0,93,,96636,10,0,11 12,0,91,,96637,10,0,11 12,0,87,,96638,10,0,11 12,0,90,,96639,10,0,11 12,0,50,,96640,10,0,11 12,0,87,,96641,10,0,11 12,0,91,,96642,10,0,11 12,0,87,,96643,10,0,11 12,0,98,,96644,10,0,11 12,0,89,,96645,10,0,11 12,0,90,,96646,10,0,11 12,0,51,,96647,10,0,11 12,0,96,,96648,10,0,11 12,0,81,,96635,10,0,11 12,0
600,'4_1',659,,96649,10,,,0,59,,96663,10,0,11 12,0,92,,96650,10,,,0,110,,96651,10,0,11 12,0,100,,96652,10,0,11 12,0,91,,96653,10,0,11 12,0,111,,96654,10,0,11 12,0,106,,96655,10,0,11 12,0,96,,96664,10,0,11 12,0,92,,96656,10,0,11 12,0,94,,96657,10,0,11 12,0,39,,96658,10,0,11 12,0,86,,96659,10,0,11 12,0,77,,96660,10,0,11 12,0,32,,96661,10,0,11 12,0,82,,96662,10,0,11 12,0
600,'4_2',659,,96665,10,,,0,59,,96679,10,0,11 12,0,92,,96666,10,,,0,110,,96667,10,0,11 12,0,100,,96668,10,0,11 12,0,91,,96669,10,0,11 12,0,111,,96670,10,0,11 12,0,106,,96671,10,0,11 12,0,96,,96680,10,0,11 12,0,92,,96672,10,0,11 12,0,94,,96673,10,0,11 12,0,39,,96674,10,0,11 12,0,86,,96675,10,0,11 12,0,77,,96676,10,0,11 12,0,32,,96677,10,0,11 12,0,82,,96678,10,0,11 12,0
600,'4_4',659,,96681,10,,,0,59,,96695,10,0,11 12,0,92,,96682,10,,,0,110,,96683,10,0,11 12,0,100,,96684,10,0,11 12,0,91,,96685,10,0,11 12,0,111,,96686,10,0,11 12,0,106,,96687,10,0,11 12,0,96,,96696,10,0,11 12,0,92,,96688,10,0,11 12,0,94,,96689,10,0,11 12,0,39,,96690,10,0,11 12,0,86,,96691,10,0,11 12,0,77,,96692,10,0,11 12,0,32,,96693,10,0,11 12,0,82,,96694,10,0,11 12,0
600,'4_5',659,,96697,10,,,0,59,,96711,10,0,11 12,0,92,,96698,10,,,0,110,,96699,10,0,11 12,0,100,,96700,10,0,11 12,0,91,,96701,10,0,11 12,0,111,,96702,10,0,11 12,0,106,,96703,10,0,11 12,0,96,,96712,10,0,11 12,0,92,,96704,10,0,11 12,0,94,,96705,10,0,11 12,0,39,,96706,10,0,11 12,0,86,,96707,10,0,11 12,0,77,,96708,10,0,11 12,0,32,,96709,10,0,11 12,0,82,,96710,10,0,11 12,0
601,'0_4',627,,96713,20,,,0,109,,96726,20,,,0,95,,96714,20,,,0,102,,96715,20,,,0,99,,96716,20,,,0,100,,96717,20,,,0,105,,96730,20,,,0,19,,96718,20,,,0,82,,96719,20,,,0,104,,96720,20,,,0,94,,96721,20,,,0,82,,96727,20,,,0,38,,96722,21,,,0,80,,96728,20,,,0,67,,96723,21,,,0,27,,96729,21,,,0,25,,96724,20,,,0,95,,96725,20,,,0
601,'0_5',627,,96731,20,,,0,109,,96744,20,,,0,95,,96732,20,,,0,102,,96733,20,,,0,99,,96734,20,,,0,100,,96735,20,,,0,105,,96748,20,,,0,19,,96736,20,,,0,82,,96737,20,,,0,104,,96738,20,,,0,94,,96739,20,,,0,82,,96745,20,,,0,38,,96740,21,,,0,80,,96746,20,,,0,67,,96741,21,,,0,27,,96747,21,,,0,25,,96742,20,,,0,95,,96743,20,,,0
601,'1_3',627,,96749,20,,,0,109,,96763,20,,,0,95,,96750,20,,,0,102,,96751,20,,,0,99,,96752,20,,,0,100,,96753,20,,,0,105,,96754,21,,,0,19,,96755,20,,,0,82,,96756,20,,,0,104,,96757,20,,,0,94,,96758,20,,,0,82,,96764,20,,,0,38,,96759,21,,,0,80,,96765,20,,,0,67,,96760,21,,,0,27,,96766,21,,,0,25,,96761,20,,,0,95,,96762,20,,,0
601,'2_6',757,,96767,20,,,0,90,,96769,20,,,0,96,,96770,20,,,0,92,,96771,20,,,0,89,,96772,20,,,0,88,,96773,20,,,0,88,,96774,20,,,0,49,,96775,20,,,0,90,,96776,20,,,0,88,,96777,20,,,0,100,,96778,20,,,0,92,,96779,20,,,0,93,,96780,20,,,0,45,,96781,20,,,0,90,,96768,20,,,0
601,'4_1',627,,96782,20,,,0,109,,96795,20,,,0,95,,96783,20,,,0,102,,96784,20,,,0,99,,96785,20,,,0,100,,96786,20,,,0,105,,96799,20,,,0,19,,96787,20,,,0,82,,96788,20,,,0,104,,96789,20,,,0,94,,96790,20,,,0,82,,96796,20,,,0,38,,96791,21,,,0,80,,96797,20,,,0,67,,96792,21,,,0,27,,96798,21,,,0,25,,96793,20,,,0,95,,96794,20,,,0
601,'4_2',627,,96800,20,,,0,109,,96813,20,,,0,95,,96801,20,,,0,102,,96802,20,,,0,99,,96803,20,,,0,100,,96804,20,,,0,105,,96817,20,,,0,19,,96805,20,,,0,82,,96806,20,,,0,104,,96807,20,,,0,94,,96808,20,,,0,82,,96814,20,,,0,38,,96809,21,,,0,80,,96815,20,,,0,67,,96810,21,,,0,27,,96816,21,,,0,25,,96811,20,,,0,95,,96812,20,,,0
601,'4_4',627,,96818,20,,,0,109,,96831,20,,,0,95,,96819,20,,,0,102,,96820,20,,,0,99,,96821,20,,,0,100,,96822,20,,,0,105,,96835,20,,,0,19,,96823,20,,,0,82,,96824,20,,,0,104,,96825,20,,,0,94,,96826,20,,,0,82,,96832,20,,,0,38,,96827,21,,,0,80,,96833,20,,,0,67,,96828,21,,,0,27,,96834,21,,,0,25,,96829,20,,,0,95,,96830,20,,,0
601,'4_5',627,,96836,20,,,0,109,,96849,20,,,0,95,,96837,20,,,0,102,,96838,20,,,0,99,,96839,20,,,0,100,,96840,20,,,0,105,,96853,20,,,0,19,,96841,20,,,0,82,,96842,20,,,0,104,,96843,20,,,0,94,,96844,20,,,0,82,,96850,20,,,0,38,,96845,21,,,0,80,,96851,20,,,0,67,,96846,21,,,0,27,,96852,21,,,0,25,,96847,20,,,0,95,,96848,20,,,0
