400,'0_6',737,,64825,24,0,40,0,96,,64817,24,0,40,0,69,,64806,36,0,40,0,30,,64805,24,0,40,0,71,,64804,24,0,40,0,32,,64807,24,0,40,0,72,,64821,36,0,40,0,31,,64808,24,0,40,0,71,,64809,24,0,40,0,29,,64827,24,0,40,0,69,,64824,36,0,40,0,31,,64810,24,0,40,0,69,,64811,24,0,40,0,28,,64812,24,0,40,0,69,,64814,36,0,40,0,31,,64815,24,0,40,0,74,,64813,24,0,40,0,33,,64826,24,0,40,0,64,,64818,36,0,40,0,23,,64822,24,0,40,0,29,,64823,24,0,40,0,76,,64819,24,0,40,0,69,,64820,36,0,40,0,45,,64816,36,0,40,0
400,'1_7',842,,64828,36,0,40,0,165,,64829,36,0,40,0,125,,64830,36,0,40,0,200,,64831,36,0,40,0,126,,64832,36,0,40,0,165,,64833,36,0,40,0,126,,64834,36,0,40,0,164,,64835,36,0,40,0
400,'5_1',722,,74177,24,,,0,35,,74174,24,0,40,0,76,,74168,24,0,40,0,69,,74155,36,0,40,0,30,,74154,24,0,40,0,70,,74153,24,0,40,0,37,,74156,24,0,40,0,69,,74175,36,0,40,0,30,,74157,24,0,40,0,75,,74158,24,0,40,0,31,,74171,24,0,40,0,63,,74169,36,0,40,0,31,,74159,24,0,40,0,69,,74160,24,0,40,0,26,,74161,24,0,40,0,71,,74163,36,0,40,0,31,,74164,24,0,40,0,74,,74162,24,0,40,0,33,,74173,24,,,0,68,,74170,36,0,40,0,28,,74165,24,0,40,0,65,,74166,36,,,0,31,,74172,24,0,40,0,74,,74176,36,0,40,0,46,,74167,36,0,40,0
400,'5_2',722,,75497,24,,,0,35,,75494,24,0,40,0,76,,75488,24,0,40,0,69,,75475,36,0,40,0,30,,75474,24,0,40,0,70,,75473,24,0,40,0,37,,75476,24,0,40,0,69,,75495,36,0,40,0,30,,75477,24,0,40,0,75,,75478,24,0,40,0,31,,75491,24,0,40,0,63,,75489,36,0,40,0,31,,75479,24,0,40,0,69,,75480,24,0,40,0,26,,75481,24,0,40,0,71,,75483,36,0,40,0,31,,75484,24,0,40,0,74,,75482,24,0,40,0,33,,75493,24,,,0,68,,75490,36,0,40,0,28,,75485,24,0,40,0,65,,75486,36,,,0,31,,75492,24,0,40,0,74,,75496,36,0,40,0,46,,75487,36,0,40,0
400,'5_3',722,,75522,24,,,0,35,,75519,24,0,40,0,76,,75513,24,0,40,0,69,,75500,36,0,40,0,30,,75499,24,0,40,0,70,,75498,24,0,40,0,37,,75501,24,0,40,0,69,,75520,36,0,40,0,30,,75502,24,0,40,0,75,,75503,24,0,40,0,31,,75516,24,0,40,0,63,,75514,36,0,40,0,31,,75504,24,0,40,0,69,,75505,24,0,40,0,26,,75506,24,0,40,0,71,,75508,36,0,40,0,31,,75509,24,0,40,0,74,,75507,24,0,40,0,33,,75518,24,,,0,68,,75515,36,0,40,0,28,,75510,24,0,40,0,65,,75511,36,,,0,31,,75517,24,0,40,0,74,,75521,36,0,40,0,46,,75512,36,0,40,0
400,'7_1',722,,80471,24,,,0,35,,80468,24,0,40,0,76,,80462,24,0,40,0,69,,80449,36,0,40,0,30,,80448,24,0,40,0,70,,80447,24,0,40,0,37,,80450,24,0,40,0,69,,80469,36,0,40,0,30,,80451,24,0,40,0,75,,80452,24,0,40,0,31,,80465,24,0,40,0,63,,80463,36,0,40,0,31,,80453,24,0,40,0,69,,80454,24,0,40,0,26,,80455,24,0,40,0,71,,80457,36,0,40,0,31,,80458,24,0,40,0,74,,80456,24,0,40,0,33,,80467,24,,,0,68,,80464,36,0,40,0,28,,80459,24,0,40,0,65,,80460,36,,,0,31,,80466,24,0,40,0,74,,80470,36,0,40,0,46,,80461,36,0,40,0
400,'7_2',722,,82392,24,,,0,35,,82389,24,0,40,0,76,,82383,24,0,40,0,69,,82370,36,0,40,0,30,,82369,24,0,40,0,70,,82368,24,0,40,0,37,,82371,24,0,40,0,69,,82390,36,0,40,0,30,,82372,24,0,40,0,75,,82373,24,0,40,0,31,,82386,24,0,40,0,63,,82384,36,0,40,0,31,,82374,24,0,40,0,69,,82375,24,0,40,0,26,,82376,24,0,40,0,71,,82378,36,0,40,0,31,,82379,24,0,40,0,74,,82377,24,0,40,0,33,,82388,24,,,0,68,,82385,36,0,40,0,28,,82380,24,0,40,0,65,,82381,36,,,0,31,,82387,24,0,40,0,74,,82391,36,0,40,0,46,,82382,36,0,40,0
400,'7_3',722,,82417,24,,,0,35,,82414,24,0,40,0,76,,82408,24,0,40,0,69,,82395,36,0,40,0,30,,82394,24,0,40,0,70,,82393,24,0,40,0,37,,82396,24,0,40,0,69,,82415,36,0,40,0,30,,82397,24,0,40,0,75,,82398,24,0,40,0,31,,82411,24,0,40,0,63,,82409,36,0,40,0,31,,82399,24,0,40,0,69,,82400,24,0,40,0,26,,82401,24,0,40,0,71,,82403,36,0,40,0,31,,82404,24,0,40,0,74,,82402,24,0,40,0,33,,82413,24,,,0,68,,82410,36,0,40,0,28,,82405,24,0,40,0,65,,82406,36,,,0,31,,82412,24,0,40,0,74,,82416,36,0,40,0,46,,82407,36,0,40,0
400,'7_4',722,,79316,24,,,0,35,,79313,24,0,40,0,76,,79307,24,0,40,0,69,,79294,36,0,40,0,30,,79293,24,0,40,0,70,,79292,24,0,40,0,37,,79295,24,0,40,0,69,,79314,36,0,40,0,30,,79296,24,0,40,0,75,,79297,24,0,40,0,31,,79310,24,0,40,0,63,,79308,36,0,40,0,31,,79298,24,0,40,0,69,,79299,24,0,40,0,26,,79300,24,0,40,0,71,,79302,36,0,40,0,31,,79303,24,0,40,0,74,,79301,24,0,40,0,33,,79312,24,,,0,68,,79309,36,0,40,0,28,,79304,24,0,40,0,65,,79305,36,,,0,31,,79311,24,0,40,0,74,,79315,36,0,40,0,46,,79306,36,0,40,0
400,'7_5',722,,80496,24,,,0,35,,80493,24,0,40,0,76,,80487,24,0,40,0,69,,80474,36,0,40,0,30,,80473,24,0,40,0,70,,80472,24,0,40,0,37,,80475,24,0,40,0,69,,80494,36,0,40,0,30,,80476,24,0,40,0,75,,80477,24,0,40,0,31,,80490,24,0,40,0,63,,80488,36,0,40,0,31,,80478,24,0,40,0,69,,80479,24,0,40,0,26,,80480,24,0,40,0,71,,80482,36,0,40,0,31,,80483,24,0,40,0,74,,80481,24,0,40,0,33,,80492,24,,,0,68,,80489,36,0,40,0,28,,80484,24,0,40,0,65,,80485,36,,,0,31,,80491,24,0,40,0,74,,80495,36,0,40,0,46,,80486,36,0,40,0
