301,'1_3',718,,95642,10,,,0,22,,95616,10,,,0,74,,95643,10,,,0,33,,95617,10,,,0,70,,95618,10,,,0,31,,95619,10,,,0,72,,95620,10,,,0,32,,95621,10,,,0,73,,95622,10,,,0,33,,95623,10,,,0,72,,95624,10,,,0,71,,95625,10,,,0,33,,95626,10,,,0,72,,95627,10,,,0,30,,95628,10,,,0,70,,95629,10,,,0,27,,95630,10,,,0,67,,95631,10,,,0,31,,95632,10,,,0,70,,95633,10,,,0,30,,95634,10,,,0,70,,95635,10,,,0,26,,95636,10,,,0,24,,95637,10,,,0,64,,95638,10,,,0,29,,95639,10,,,0,68,,95640,10,,,0,30,,95641,10,,,0
301,'2_6',726,,95647,10,,,0,31,,95644,10,,,0,70,,95645,10,,,0,30,,95646,10,,,0,70,,95648,10,,,0,30,,95649,10,,,0,71,,95650,10,,,0,29,,95651,10,,,0,71,,95655,10,,,0,30,,95654,10,,,0,69,,95652,10,,,0,29,,95653,10,,,0,69,,95657,10,,,0,29,,95658,10,,,0,70,,95656,10,,,0,31,,95659,10,,,0,70,,95662,10,,,0,32,,95660,10,,,0,73,,95661,10,,,0,71,,95664,10,,,0,32,,95663,10,,,0,70,,95665,10,,,0,32,,95666,10,,,0,69,,95667,10,,,0,29,,95668,10,,,0,69,,95669,10,,,0,30,,95670,10,,,0,23,,95671,10,,,0
301,'4_1',718,,95725,10,,,0,22,,95699,10,,,0,74,,95726,10,,,0,33,,95700,10,,,0,70,,95701,10,,,0,31,,95702,10,,,0,72,,95703,10,,,0,32,,95704,10,,,0,73,,95705,10,,,0,33,,95706,10,,,0,72,,95707,10,,,0,71,,95708,10,,,0,33,,95709,10,,,0,72,,95710,10,,,0,30,,95711,10,,,0,70,,95712,10,,,0,27,,95713,10,,,0,67,,95714,10,,,0,31,,95715,10,,,0,70,,95716,10,,,0,30,,95717,10,,,0,70,,95718,10,,,0,26,,95719,10,,,0,24,,95720,10,,,0,64,,95721,10,,,0,29,,95722,10,,,0,68,,95723,10,,,0,30,,95724,10,,,0
301,'4_2',718,,95753,10,,,0,22,,95727,10,,,0,74,,95754,10,,,0,33,,95728,10,,,0,70,,95729,10,,,0,31,,95730,10,,,0,72,,95731,10,,,0,32,,95732,10,,,0,73,,95733,10,,,0,33,,95734,10,,,0,72,,95735,10,,,0,71,,95736,10,,,0,33,,95737,10,,,0,72,,95738,10,,,0,30,,95739,10,,,0,70,,95740,10,,,0,27,,95741,10,,,0,67,,95742,10,,,0,31,,95743,10,,,0,70,,95744,10,,,0,30,,95745,10,,,0,70,,95746,10,,,0,26,,95747,10,,,0,24,,95748,10,,,0,64,,95749,10,,,0,29,,95750,10,,,0,68,,95751,10,,,0,30,,95752,10,,,0
301,'4_4',718,,95781,10,,,0,22,,95755,10,,,0,74,,95782,10,,,0,33,,95756,10,,,0,70,,95757,10,,,0,31,,95758,10,,,0,72,,95759,10,,,0,32,,95760,10,,,0,73,,95761,10,,,0,33,,95762,10,,,0,72,,95763,10,,,0,71,,95764,10,,,0,33,,95765,10,,,0,72,,95766,10,,,0,30,,95767,10,,,0,70,,95768,10,,,0,27,,95769,10,,,0,67,,95770,10,,,0,31,,95771,10,,,0,70,,95772,10,,,0,30,,95773,10,,,0,70,,95774,10,,,0,26,,95775,10,,,0,24,,95776,10,,,0,64,,95777,10,,,0,29,,95778,10,,,0,68,,95779,10,,,0,30,,95780,10,,,0
301,'4_5',718,,95809,10,,,0,22,,95783,10,,,0,74,,95810,10,,,0,33,,95784,10,,,0,70,,95785,10,,,0,31,,95786,10,,,0,72,,95787,10,,,0,32,,95788,10,,,0,73,,95789,10,,,0,33,,95790,10,,,0,72,,95791,10,,,0,71,,95792,10,,,0,33,,95793,10,,,0,72,,95794,10,,,0,30,,95795,10,,,0,70,,95796,10,,,0,27,,95797,10,,,0,67,,95798,10,,,0,31,,95799,10,,,0,70,,95800,10,,,0,30,,95801,10,,,0,70,,95802,10,,,0,26,,95803,10,,,0,24,,95804,10,,,0,64,,95805,10,,,0,29,,95806,10,,,0,68,,95807,10,,,0,30,,95808,10,,,0
301,'5_7',919,,95811,10,,,0,100,,95812,10,,,0,100,,95813,10,,,0,100,,95814,10,,,0,100,,95815,10,,,0,100,,95816,10,,,0,100,,95817,10,,,0,100,,95818,10,,,0,100,,95819,10,,,0,100,,95820,10,,,0,100,,95821,10,,,0
2000001,'1_3',659,,102096,25,,,0,69,,102073,25,,,0,14,,102054,19,,,0,4,,102056,25,,,0,56,,102081,25,,,0,16,,102064,25,,,0,14,,102099,25,,,0,14,,102046,25,,,0,54,,102074,25,,,0,14,,102058,25,,,0,16,,102082,25,,,0,16,,102066,25,,,0,57,,102090,25,,,0,17,,102047,25,,,0,15,,102080,25,,,0,15,,102057,25,,,0,56,,102083,25,,,0,17,,102065,25,,,0,16,,102092,25,,,0,15,,102048,25,,,0,57,,102078,25,,,0,15,,102063,25,,,0,15,,102084,25,,,0,15,,102072,25,,,0,54,,102091,25,,,0,16,,102050,25,,,0,13,,102075,25,,,0,17,,102059,25,,,0,54,,102086,25,,,0,15,,102067,25,,,0,15,,102095,25,,,0,15,,102051,25,,,0,56,,102076,25,,,0,16,,102060,25,,,0,15,,102085,25,,,0,16,,102068,25,,,0,54,,102094,25,,,0,17,,102049,25,,,0,17,,102077,25,,,0,57,,102061,25,,,0,16,,102087,25,,,0,17,,102069,25,,,0,17,,102045,25,,,0,56,,102093,25,,,0,15,,102100,25,,,0,10,,102079,25,,,0,12,,102062,25,,,0,13,,102088,25,,,0,54,,102070,25,,,0,11,,102044,25,,,0,13,,102097,25,,,0,14,,102053,25,,,0,62,,102089,25,,,0,19,,102071,25,,,0,19,,102098,25,,,0,59,,102055,25,,,0
2000001,'2_6',702,,102101,25,,,0,41,,102102,25,,,0,80,,102103,25,,,0,32,,102141,25,,,0,61,,102105,25,,,0,20,,102104,25,,,0,21,,102106,25,,,0,61,,102107,25,,,0,19,,102109,25,,,0,18,,102108,25,,,0,60,,102114,25,,,0,19,,102112,25,,,0,18,,102116,25,,,0,59,,102110,25,,,0,19,,102115,25,,,0,20,,102111,25,,,0,56,,102113,25,,,0,18,,102122,25,,,0,18,,102119,25,,,0,60,,102120,25,,,0,21,,102121,25,,,0,18,,102118,25,,,0,17,,102117,25,,,0,59,,102123,25,,,0,22,,102124,25,,,0,20,,102126,25,,,0,59,,102125,25,,,0,20,,102127,25,,,0,20,,102128,25,,,0,61,,102129,25,,,0,20,,102131,25,,,0,19,,102130,25,,,0,58,,102132,25,,,0,19,,102133,25,,,0,19,,102134,25,,,0,58,,102135,25,,,0,17,,102136,25,,,0,18,,102137,25,,,0,62,,102138,25,,,0,24,,102139,25,,,0,22,,102140,25,,,0
2000001,'4_1',659,,102212,25,,,0,69,,102189,25,,,0,14,,102170,19,,,0,4,,102172,25,,,0,56,,102197,25,,,0,16,,102180,25,,,0,14,,102215,25,,,0,14,,102162,25,,,0,54,,102190,25,,,0,14,,102174,25,,,0,16,,102198,25,,,0,16,,102182,25,,,0,57,,102206,25,,,0,17,,102163,25,,,0,15,,102196,25,,,0,15,,102173,25,,,0,56,,102199,25,,,0,17,,102181,25,,,0,16,,102208,25,,,0,15,,102164,25,,,0,57,,102194,25,,,0,15,,102179,25,,,0,15,,102200,25,,,0,15,,102188,25,,,0,54,,102207,25,,,0,16,,102166,25,,,0,13,,102191,25,,,0,17,,102175,25,,,0,54,,102202,25,,,0,15,,102183,25,,,0,15,,102211,25,,,0,15,,102167,25,,,0,56,,102192,25,,,0,16,,102176,25,,,0,15,,102201,25,,,0,16,,102184,25,,,0,54,,102210,25,,,0,17,,102165,25,,,0,17,,102193,25,,,0,57,,102177,25,,,0,16,,102203,25,,,0,17,,102185,25,,,0,17,,102161,25,,,0,56,,102209,25,,,0,15,,102216,25,,,0,10,,102195,25,,,0,12,,102178,25,,,0,13,,102204,25,,,0,54,,102186,25,,,0,11,,102160,25,,,0,13,,102213,25,,,0,14,,102169,25,,,0,62,,102205,25,,,0,19,,102187,25,,,0,19,,102214,25,,,0,59,,102171,25,,,0
2000001,'4_2',659,,102269,25,,,0,69,,102246,25,,,0,14,,102227,19,,,0,4,,102229,25,,,0,56,,102254,25,,,0,16,,102237,25,,,0,14,,102272,25,,,0,14,,102219,25,,,0,54,,102247,25,,,0,14,,102231,25,,,0,16,,102255,25,,,0,16,,102239,25,,,0,57,,102263,25,,,0,17,,102220,25,,,0,15,,102253,25,,,0,15,,102230,25,,,0,56,,102256,25,,,0,17,,102238,25,,,0,16,,102265,25,,,0,15,,102221,25,,,0,57,,102251,25,,,0,15,,102236,25,,,0,15,,102257,25,,,0,15,,102245,25,,,0,54,,102264,25,,,0,16,,102223,25,,,0,13,,102248,25,,,0,17,,102232,25,,,0,54,,102259,25,,,0,15,,102240,25,,,0,15,,102268,25,,,0,15,,102224,25,,,0,56,,102249,25,,,0,16,,102233,25,,,0,15,,102258,25,,,0,16,,102241,25,,,0,54,,102267,25,,,0,17,,102222,25,,,0,17,,102250,25,,,0,57,,102234,25,,,0,16,,102260,25,,,0,17,,102242,25,,,0,17,,102218,25,,,0,56,,102266,25,,,0,15,,102273,25,,,0,10,,102252,25,,,0,12,,102235,25,,,0,13,,102261,25,,,0,54,,102243,25,,,0,11,,102217,25,,,0,13,,102270,25,,,0,14,,102226,25,,,0,62,,102262,25,,,0,19,,102244,25,,,0,19,,102271,25,,,0,59,,102228,25,,,0
2000001,'4_4',659,,102326,25,,,0,69,,102303,25,,,0,14,,102284,19,,,0,4,,102286,25,,,0,56,,102311,25,,,0,16,,102294,25,,,0,14,,102329,25,,,0,14,,102276,25,,,0,54,,102304,25,,,0,14,,102288,25,,,0,16,,102312,25,,,0,16,,102296,25,,,0,57,,102320,25,,,0,17,,102277,25,,,0,15,,102310,25,,,0,15,,102287,25,,,0,56,,102313,25,,,0,17,,102295,25,,,0,16,,102322,25,,,0,15,,102278,25,,,0,57,,102308,25,,,0,15,,102293,25,,,0,15,,102314,25,,,0,15,,102302,25,,,0,54,,102321,25,,,0,16,,102280,25,,,0,13,,102305,25,,,0,17,,102289,25,,,0,54,,102316,25,,,0,15,,102297,25,,,0,15,,102325,25,,,0,15,,102281,25,,,0,56,,102306,25,,,0,16,,102290,25,,,0,15,,102315,25,,,0,16,,102298,25,,,0,54,,102324,25,,,0,17,,102279,25,,,0,17,,102307,25,,,0,57,,102291,25,,,0,16,,102317,25,,,0,17,,102299,25,,,0,17,,102275,25,,,0,56,,102323,25,,,0,15,,102330,25,,,0,10,,102309,25,,,0,12,,102292,25,,,0,13,,102318,25,,,0,54,,102300,25,,,0,11,,102274,25,,,0,13,,102327,25,,,0,14,,102283,25,,,0,62,,102319,25,,,0,19,,102301,25,,,0,19,,102328,25,,,0,59,,102285,25,,,0
2000001,'4_5',659,,102383,25,,,0,69,,102360,25,,,0,14,,102341,19,,,0,4,,102343,25,,,0,56,,102368,25,,,0,16,,102351,25,,,0,14,,102386,25,,,0,14,,102333,25,,,0,54,,102361,25,,,0,14,,102345,25,,,0,16,,102369,25,,,0,16,,102353,25,,,0,57,,102377,25,,,0,17,,102334,25,,,0,15,,102367,25,,,0,15,,102344,25,,,0,56,,102370,25,,,0,17,,102352,25,,,0,16,,102379,25,,,0,15,,102335,25,,,0,57,,102365,25,,,0,15,,102350,25,,,0,15,,102371,25,,,0,15,,102359,25,,,0,54,,102378,25,,,0,16,,102337,25,,,0,13,,102362,25,,,0,17,,102346,25,,,0,54,,102373,25,,,0,15,,102354,25,,,0,15,,102382,25,,,0,15,,102338,25,,,0,56,,102363,25,,,0,16,,102347,25,,,0,15,,102372,25,,,0,16,,102355,25,,,0,54,,102381,25,,,0,17,,102336,25,,,0,17,,102364,25,,,0,57,,102348,25,,,0,16,,102374,25,,,0,17,,102356,25,,,0,17,,102332,25,,,0,56,,102380,25,,,0,15,,102387,25,,,0,10,,102366,25,,,0,12,,102349,25,,,0,13,,102375,25,,,0,54,,102357,25,,,0,11,,102331,25,,,0,13,,102384,25,,,0,14,,102340,25,,,0,62,,102376,25,,,0,19,,102358,25,,,0,19,,102385,25,,,0,59,,102342,25,,,0
2000001,'5_7',835,,102405,25,,,0,80,,102388,25,,,0,40,,102389,25,,,0,80,,102390,25,,,0,80,,102391,25,,,0,40,,102392,25,,,0,80,,102393,25,,,0,79,,102394,25,,,0,40,,102396,25,,,0,80,,102395,25,,,0,80,,102397,25,,,0,40,,102398,25,,,0,80,,102399,25,,,0,80,,102400,25,,,0,40,,102402,25,,,0,80,,102401,25,,,0,80,,102403,25,,,0,40,,102404,25,,,0
