401,'0_6',735,,65084,45,,,0,124,,65083,45,0,41,0,70,,65081,45,,,0,23,,65070,45,0,41,0,72,,65082,45,0,41,0,31,,65071,45,0,41,0,75,,65077,45,,,0,26,,65072,45,0,41,0,73,,65073,45,0,41,0,72,,65089,45,0,41,0,32,,65091,45,,,0,71,,65078,45,0,41,0,29,,65069,45,0,41,0,68,,65074,45,0,41,0,29,,65079,45,,,0,27,,65075,45,0,41,0,70,,65092,45,0,41,0,31,,65088,45,0,41,0,66,,65085,45,,,0,25,,65086,45,0,41,0,65,,65090,45,,,0,35,,65087,45,0,41,0,75,,65076,45,0,41,0,34,,65080,45,,,0
401,'1_7',1007,,65093,45,,,0,125,,65094,45,,,0,126,,65095,45,,,0,200,,65096,45,,,0,165,,65097,45,,,0,125,,65098,45,,,0,165,,65099,45,,,0
401,'5_1',735,,74188,53,,,0,16,,74189,47,0,41,0,78,,74200,47,0,41,0,75,,74179,48,0,41,0,25,,74201,45,,,0,26,,74180,45,0,41,0,69,,74202,45,0,41,0,31,,74181,45,0,41,0,75,,74196,45,,,0,70,,74182,45,0,41,0,30,,74183,45,0,41,0,72,,74195,47,0,41,0,35,,74193,48,,,0,70,,74197,45,0,41,0,26,,74178,45,0,41,0,68,,74184,45,0,41,0,29,,74198,45,,,0,25,,74185,45,0,41,0,72,,74186,45,,,0,25,,74194,48,0,41,0,68,,74190,47,,,0,29,,74191,50,0,41,0,77,,74203,48,,,0,23,,74192,47,0,41,0,70,,74187,45,0,41,0,37,,74199,45,,,0
401,'5_2',735,,75558,53,,,0,16,,75559,47,0,41,0,78,,75570,47,0,41,0,75,,75549,48,0,41,0,25,,75571,45,,,0,26,,75550,45,0,41,0,69,,75572,45,0,41,0,31,,75551,45,0,41,0,75,,75566,45,,,0,70,,75552,45,0,41,0,30,,75553,45,0,41,0,72,,75565,47,0,41,0,35,,75563,48,,,0,70,,75567,45,0,41,0,26,,75548,45,0,41,0,68,,75554,45,0,41,0,29,,75568,45,,,0,25,,75555,45,0,41,0,72,,75556,45,,,0,25,,75564,48,0,41,0,68,,75560,47,,,0,29,,75561,50,0,41,0,77,,75573,48,,,0,23,,75562,47,0,41,0,70,,75557,45,0,41,0,37,,75569,45,,,0
401,'5_3',735,,75584,53,,,0,16,,75585,47,0,41,0,78,,75596,47,0,41,0,75,,75575,48,0,41,0,25,,75597,45,,,0,26,,75576,45,0,41,0,69,,75598,45,0,41,0,31,,75577,45,0,41,0,75,,75592,45,,,0,70,,75578,45,0,41,0,30,,75579,45,0,41,0,72,,75591,47,0,41,0,35,,75589,48,,,0,70,,75593,45,0,41,0,26,,75574,45,0,41,0,68,,75580,45,0,41,0,29,,75594,45,,,0,25,,75581,45,0,41,0,72,,75582,45,,,0,25,,75590,48,0,41,0,68,,75586,47,,,0,29,,75587,50,0,41,0,77,,75599,48,,,0,23,,75588,47,0,41,0,70,,75583,45,0,41,0,37,,75595,45,,,0
401,'7_1',735,,80507,53,,,0,16,,80508,47,0,41,0,78,,80519,47,0,41,0,75,,80498,48,0,41,0,25,,80520,45,,,0,26,,80499,45,0,41,0,69,,80521,45,0,41,0,31,,80500,45,0,41,0,75,,80515,45,,,0,70,,80501,45,0,41,0,30,,80502,45,0,41,0,72,,80514,47,0,41,0,35,,80512,48,,,0,70,,80516,45,0,41,0,26,,80497,45,0,41,0,68,,80503,45,0,41,0,29,,80517,45,,,0,25,,80504,45,0,41,0,72,,80505,45,,,0,25,,80513,48,0,41,0,68,,80509,47,,,0,29,,80510,50,0,41,0,77,,80522,48,,,0,23,,80511,47,0,41,0,70,,80506,45,0,41,0,37,,80518,45,,,0
401,'7_2',735,,82428,53,,,0,16,,82429,47,0,41,0,78,,82440,47,0,41,0,75,,82419,48,0,41,0,25,,82441,45,,,0,26,,82420,45,0,41,0,69,,82442,45,0,41,0,31,,82421,45,0,41,0,75,,82436,45,,,0,70,,82422,45,0,41,0,30,,82423,45,0,41,0,72,,82435,47,0,41,0,35,,82433,48,,,0,70,,82437,45,0,41,0,26,,82418,45,0,41,0,68,,82424,45,0,41,0,29,,82438,45,,,0,25,,82425,45,0,41,0,72,,82426,45,,,0,25,,82434,48,0,41,0,68,,82430,47,,,0,29,,82431,50,0,41,0,77,,82443,48,,,0,23,,82432,47,0,41,0,70,,82427,45,0,41,0,37,,82439,45,,,0
401,'7_3',735,,82454,53,,,0,16,,82455,47,0,41,0,78,,82466,47,0,41,0,75,,82445,48,0,41,0,25,,82467,45,,,0,26,,82446,45,0,41,0,69,,82468,45,0,41,0,31,,82447,45,0,41,0,75,,82462,45,,,0,70,,82448,45,0,41,0,30,,82449,45,0,41,0,72,,82461,47,0,41,0,35,,82459,48,,,0,70,,82463,45,0,41,0,26,,82444,45,0,41,0,68,,82450,45,0,41,0,29,,82464,45,,,0,25,,82451,45,0,41,0,72,,82452,45,,,0,25,,82460,48,0,41,0,68,,82456,47,,,0,29,,82457,50,0,41,0,77,,82469,48,,,0,23,,82458,47,0,41,0,70,,82453,45,0,41,0,37,,82465,45,,,0
401,'7_4',735,,79327,53,,,0,16,,79328,47,0,41,0,78,,79339,47,0,41,0,75,,79318,48,0,41,0,25,,79340,45,,,0,26,,79319,45,0,41,0,69,,79341,45,0,41,0,31,,79320,45,0,41,0,75,,79335,45,,,0,70,,79321,45,0,41,0,30,,79322,45,0,41,0,72,,79334,47,0,41,0,35,,79332,48,,,0,70,,79336,45,0,41,0,26,,79317,45,0,41,0,68,,79323,45,0,41,0,29,,79337,45,,,0,25,,79324,45,0,41,0,72,,79325,45,,,0,25,,79333,48,0,41,0,68,,79329,47,,,0,29,,79330,50,0,41,0,77,,79342,48,,,0,23,,79331,47,0,41,0,70,,79326,45,0,41,0,37,,79338,45,,,0
401,'7_5',735,,80533,53,,,0,16,,80534,47,0,41,0,78,,80545,47,0,41,0,75,,80524,48,0,41,0,25,,80546,45,,,0,26,,80525,45,0,41,0,69,,80547,45,0,41,0,31,,80526,45,0,41,0,75,,80541,45,,,0,70,,80527,45,0,41,0,30,,80528,45,0,41,0,72,,80540,47,0,41,0,35,,80538,48,,,0,70,,80542,45,0,41,0,26,,80523,45,0,41,0,68,,80529,45,0,41,0,29,,80543,45,,,0,25,,80530,45,0,41,0,72,,80531,45,,,0,25,,80539,48,0,41,0,68,,80535,47,,,0,29,,80536,50,0,41,0,77,,80548,48,,,0,23,,80537,47,0,41,0,70,,80532,45,0,41,0,37,,80544,45,,,0
