600,'S2-0_2',715,,86621,24,,,0,20,,86635,24,0,11 12,0,93,,86622,24,,,0,111,,86623,24,0,11 12,0,100,,86624,24,0,11 12,0,91,,86625,24,0,11 12,0,110,,86626,24,0,11 12,0,107,,86627,24,0,11 12,0,97,,86636,24,0,11 12,0,92,,86628,24,0,11 12,0,96,,86629,24,0,11 12,0,83,,86630,24,0,11 12,0,42,,86631,24,0,11 12,0,73,,86632,24,0,11 12,0,71,,86633,24,0,11 12,0,40,,86634,24,0,11 12,0
600,'S2-0_4',715,,86637,24,,,0,20,,86651,24,0,11 12,0,93,,86638,24,,,0,111,,86639,24,0,11 12,0,100,,86640,24,0,11 12,0,91,,86641,24,0,11 12,0,110,,86642,24,0,11 12,0,107,,86643,24,0,11 12,0,97,,86652,24,0,11 12,0,92,,86644,24,0,11 12,0,96,,86645,24,0,11 12,0,83,,86646,24,0,11 12,0,42,,86647,24,0,11 12,0,73,,86648,24,0,11 12,0,71,,86649,24,0,11 12,0,40,,86650,24,0,11 12,0
600,'S2-0_5',715,,86653,24,,,0,20,,86667,24,0,11 12,0,93,,86654,24,,,0,111,,86655,24,0,11 12,0,100,,86656,24,0,11 12,0,91,,86657,24,0,11 12,0,110,,86658,24,0,11 12,0,107,,86659,24,0,11 12,0,97,,86668,24,0,11 12,0,92,,86660,24,0,11 12,0,96,,86661,24,0,11 12,0,83,,86662,24,0,11 12,0,42,,86663,24,0,11 12,0,73,,86664,24,0,11 12,0,71,,86665,24,0,11 12,0,40,,86666,24,0,11 12,0
600,'S2-1_3',715,,86669,24,,,0,20,,86683,24,0,11 12,0,93,,86670,24,,,0,111,,86671,24,0,11 12,0,100,,86672,24,0,11 12,0,91,,86673,24,0,11 12,0,110,,86674,24,0,11 12,0,107,,86675,24,0,11 12,0,97,,86684,24,0,11 12,0,92,,86676,24,0,11 12,0,96,,86677,24,0,11 12,0,83,,86678,24,0,11 12,0,42,,86679,24,0,11 12,0,73,,86680,24,0,11 12,0,71,,86681,24,0,11 12,0,40,,86682,24,0,11 12,0
600,'S2-2_6',803,,86685,24,0,11 12,0,54,,86687,24,0,11 12,0,93,,86688,24,0,11 12,0,87,,86689,24,0,11 12,0,90,,86690,24,0,11 12,0,88,,86691,24,0,11 12,0,88,,86692,24,0,11 12,0,50,,86693,24,0,11 12,0,87,,86694,24,0,11 12,0,99,,86695,24,0,11 12,0,90,,86696,24,0,11 12,0,91,,86697,24,0,11 12,0,90,,86698,24,0,11 12,0,94,,86699,24,0,11 12,0,41,,86686,24,0,11 12,0
600,'S2-4_1',715,,86700,24,,,0,20,,86714,24,0,11 12,0,93,,86701,24,,,0,111,,86702,24,0,11 12,0,100,,86703,24,0,11 12,0,91,,86704,24,0,11 12,0,110,,86705,24,0,11 12,0,107,,86706,24,0,11 12,0,97,,86715,24,0,11 12,0,92,,86707,24,0,11 12,0,96,,86708,24,0,11 12,0,83,,86709,24,0,11 12,0,42,,86710,24,0,11 12,0,73,,86711,24,0,11 12,0,71,,86712,24,0,11 12,0,40,,86713,24,0,11 12,0
600,'S2-4_2',715,,86716,24,,,0,20,,86730,24,0,11 12,0,93,,86717,24,,,0,111,,86718,24,0,11 12,0,100,,86719,24,0,11 12,0,91,,86720,24,0,11 12,0,110,,86721,24,0,11 12,0,107,,86722,24,0,11 12,0,97,,86731,24,0,11 12,0,92,,86723,24,0,11 12,0,96,,86724,24,0,11 12,0,83,,86725,24,0,11 12,0,42,,86726,24,0,11 12,0,73,,86727,24,0,11 12,0,71,,86728,24,0,11 12,0,40,,86729,24,0,11 12,0
600,'S2-4_4',715,,86732,24,,,0,20,,86746,24,0,11 12,0,93,,86733,24,,,0,111,,86734,24,0,11 12,0,100,,86735,24,0,11 12,0,91,,86736,24,0,11 12,0,110,,86737,24,0,11 12,0,107,,86738,24,0,11 12,0,97,,86747,24,0,11 12,0,92,,86739,24,0,11 12,0,96,,86740,24,0,11 12,0,83,,86741,24,0,11 12,0,42,,86742,24,0,11 12,0,73,,86743,24,0,11 12,0,71,,86744,24,0,11 12,0,40,,86745,24,0,11 12,0
900,'S2-0_2',712,,87241,25,,,0,28,,87242,25,,,0,81,,87246,31,,,0,21,,87247,22,,,0,4,,87248,32,,,0,84,,87243,25,,,0,90,,87249,32,,,0,190,,87251,28,,,0,101,,87252,28,,,0,31,,87244,25,,,0,172,,87255,33,,,0,45,,87253,28,,,0,151,,87254,28,,,0,30,,87245,25,,,0,166,,87256,33,,,0
900,'S2-0_4',712,,87260,25,,,0,28,,87261,25,,,0,81,,87265,31,,,0,21,,87266,22,,,0,4,,87267,32,,,0,84,,87262,25,,,0,90,,87268,32,,,0,190,,87270,28,,,0,101,,87271,28,,,0,31,,87263,25,,,0,172,,87274,33,,,0,45,,87272,28,,,0,151,,87273,28,,,0,30,,87264,25,,,0,166,,87275,33,,,0
900,'S2-0_5',712,,87279,25,,,0,28,,87280,25,,,0,81,,87284,31,,,0,21,,87285,22,,,0,4,,87286,32,,,0,84,,87281,25,,,0,90,,87287,32,,,0,190,,87289,28,,,0,101,,87290,28,,,0,31,,87282,25,,,0,172,,87293,33,,,0,45,,87291,28,,,0,151,,87292,28,,,0,30,,87283,25,,,0,166,,87294,33,,,0
900,'S2-1_3',712,,87298,25,,,0,28,,87299,25,,,0,81,,87303,31,,,0,21,,87304,22,,,0,4,,87305,32,,,0,84,,87300,25,,,0,90,,87306,32,,,0,190,,87308,28,,,0,101,,87309,28,,,0,31,,87301,25,,,0,172,,87312,33,,,0,45,,87310,28,,,0,151,,87311,28,,,0,30,,87302,25,,,0,166,,87313,33,,,0
900,'S2-2_6',719,,87318,28,,,0,100,,87319,28,,,0,315,,87320,28,,,0,324,,87321,28,,,0,90,,87316,22,,,0,98,,87327,22,,,0,174,,87322,29,,,0,92,,87323,28,,,0
900,'S2-4_1',712,,87329,25,,,0,28,,87330,25,,,0,81,,87334,31,,,0,21,,87335,22,,,0,4,,87336,32,,,0,84,,87331,25,,,0,90,,87337,32,,,0,190,,87339,28,,,0,101,,87340,28,,,0,31,,87332,25,,,0,172,,87343,33,,,0,45,,87341,28,,,0,151,,87342,28,,,0,30,,87333,25,,,0,166,,87344,33,,,0
900,'S2-4_2',712,,87348,25,,,0,28,,87349,25,,,0,81,,87353,31,,,0,21,,87354,22,,,0,4,,87355,32,,,0,84,,87350,25,,,0,90,,87356,32,,,0,190,,87358,28,,,0,101,,87359,28,,,0,31,,87351,25,,,0,172,,87362,33,,,0,45,,87360,28,,,0,151,,87361,28,,,0,30,,87352,25,,,0,166,,87363,33,,,0
900,'S2-4_4',712,,87367,25,,,0,28,,87368,25,,,0,81,,87372,31,,,0,21,,87373,22,,,0,4,,87374,32,,,0,84,,87369,25,,,0,90,,87375,32,,,0,190,,87377,28,,,0,101,,87378,28,,,0,31,,87370,25,,,0,172,,87381,33,,,0,45,,87379,28,,,0,151,,87380,28,,,0,30,,87371,25,,,0,166,,87382,33,,,0
1900,'S2-0_2',741,,88354,27,,,0,105,,88358,27,,,0,973,,88355,27,,,0
1900,'S2-0_4',741,,88362,27,,,0,105,,88366,27,,,0,973,,88363,27,,,0
1900,'S2-0_5',741,,88370,27,,,0,105,,88374,27,,,0,973,,88371,27,,,0
1900,'S2-1_3',741,,88378,27,,,0,105,,88383,27,,,0,583,,88382,27,,,0,390,,88379,27,,,0
1900,'S2-4_1',741,,88387,27,,,0,105,,88391,27,,,0,973,,88388,27,,,0
1900,'S2-4_2',741,,88395,27,,,0,105,,88399,27,,,0,973,,88396,27,,,0
1900,'S2-4_4',741,,88403,27,,,0,105,,88407,27,,,0,973,,88404,27,,,0
2600,'S2-0_2',655,,88938,7,,,0,51,,88949,7,,,0,45,,88950,7,,,0,56,,88951,7,,,0,44,,88952,7,,,0,69,,88953,7,,,0,96,,88939,7,,,0,99,,88940,7,,,0,94,,88956,7,0,47,0,2,,88961,7,0,47,0,2,,88941,7,,,0,27,,88942,7,,,0,69,,88957,7,,,0,95,,88958,7,,,0,111,,88943,7,,,0,27,,88962,7,0,48,0,58,,88944,7,,,0,25,,88954,7,,,0,31,,88955,7,,,0,60,,88945,7,,,0,10,,88959,7,0,48,0,19,,88946,7,,,0,74,,88947,7,,,0,30,,88960,7,,,0
2600,'S2-0_4',655,,88963,7,,,0,51,,88974,7,,,0,45,,88975,7,,,0,56,,88976,7,,,0,44,,88977,7,,,0,69,,88978,7,,,0,96,,88964,7,,,0,99,,88965,7,,,0,94,,88981,7,0,47,0,2,,88986,7,0,47,0,2,,88966,7,,,0,27,,88967,7,,,0,69,,88982,7,,,0,95,,88983,7,,,0,111,,88968,7,,,0,27,,88973,7,0,48,0,58,,88969,7,,,0,25,,88979,7,,,0,31,,88980,7,,,0,60,,88970,7,,,0,10,,88984,7,0,48,0,19,,88971,7,,,0,74,,88972,7,,,0,30,,88985,7,,,0
2600,'S2-0_5',655,,88987,7,,,0,51,,88998,7,,,0,45,,88999,7,,,0,56,,89000,7,,,0,44,,89001,7,,,0,69,,89002,7,,,0,96,,88988,7,,,0,99,,88989,7,,,0,94,,89005,7,0,47,0,2,,89010,7,0,47,0,2,,88990,7,,,0,27,,88991,7,,,0,69,,89006,7,,,0,95,,89007,7,,,0,111,,88992,7,,,0,27,,88997,7,0,48,0,58,,88993,7,,,0,25,,89003,7,,,0,31,,89004,7,,,0,60,,88994,7,,,0,10,,89008,7,0,48,0,19,,88995,7,,,0,74,,88996,7,,,0,30,,89009,7,,,0
2600,'S2-1_3',655,,89011,7,,,0,51,,89022,7,,,0,45,,89023,7,,,0,56,,89024,7,,,0,44,,89025,7,,,0,69,,89026,7,,,0,96,,89012,7,,,0,99,,89013,7,,,0,94,,89029,7,0,47,0,2,,89033,7,0,47,0,2,,89014,7,,,0,27,,89015,7,,,0,69,,89030,7,,,0,95,,89031,7,,,0,111,,89016,7,,,0,85,,89017,7,,,0,25,,89027,7,,,0,31,,89028,7,,,0,60,,89018,7,,,0,29,,89019,7,,,0,74,,89020,7,,,0,30,,89032,7,,,0
2600,'S2-2_6',717,,89034,7,,,0,85,,89035,7,,,0,44,,89036,7,,,0,85,,89037,7,,,0,84,,89038,7,,,0,90,,89039,7,,,0,44,,89040,7,,,0,82,,89041,7,,,0,84,,89042,7,,,0,85,,89043,7,,,0,43,,89044,7,,,0,86,,89045,7,,,0,90,,89046,7,,,0,87,,89047,7,,,0,43,,89048,7,,,0,85,,89049,7,,,0,84,,89050,7,,,0
2600,'S2-4_1',655,,89051,7,,,0,51,,89062,7,,,0,45,,89063,7,,,0,56,,89064,7,,,0,44,,89065,7,,,0,69,,89066,7,,,0,96,,89052,7,,,0,99,,89053,7,,,0,94,,89069,7,0,47,0,2,,89074,7,0,47,0,2,,89054,7,,,0,27,,89055,7,,,0,69,,89070,7,,,0,95,,89071,7,,,0,111,,89056,7,,,0,27,,89061,7,0,48,0,58,,89057,7,,,0,25,,89067,7,,,0,31,,89068,7,,,0,60,,89058,7,,,0,10,,89072,7,0,48,0,19,,89059,7,,,0,74,,89060,7,,,0,30,,89073,7,,,0
2600,'S2-4_2',655,,89075,7,,,0,51,,89086,7,,,0,45,,89087,7,,,0,56,,89088,7,,,0,44,,89089,7,,,0,69,,89090,7,,,0,96,,89076,7,,,0,99,,89077,7,,,0,94,,89093,7,0,47,0,2,,89098,7,0,47,0,2,,89078,7,,,0,27,,89079,7,,,0,69,,89094,7,,,0,95,,89095,7,,,0,111,,89080,7,,,0,27,,89099,7,0,48,0,58,,89081,7,,,0,25,,89091,7,,,0,31,,89092,7,,,0,60,,89082,7,,,0,10,,89096,7,0,48,0,19,,89083,7,,,0,74,,89084,7,,,0,30,,89097,7,,,0
2600,'S2-4_4',655,,89100,7,,,0,51,,89111,7,,,0,45,,89112,7,,,0,56,,89113,7,,,0,44,,89114,7,,,0,69,,89115,7,,,0,96,,89101,7,,,0,99,,89102,7,,,0,94,,89118,7,0,47,0,2,,89123,7,0,47,0,2,,89103,7,,,0,27,,89104,7,,,0,69,,89119,7,,,0,95,,89120,7,,,0,111,,89105,7,,,0,27,,89110,7,0,48,0,58,,89106,7,,,0,25,,89116,7,,,0,31,,89117,7,,,0,60,,89107,7,,,0,10,,89121,7,0,48,0,19,,89108,7,,,0,74,,89109,7,,,0,30,,89122,7,,,0
