100,'0_6',733,,62779,39,0,61 8,0,109,,62791,39,0,61 8,0,95,,62780,39,0,61 8,0,70,,62792,39,0,61 8,0,30,,62781,39,0,61 8,0,72,,62793,39,0,61 8,0,30,,62782,39,0,61 8,0,69,,62794,39,0,61 8,0,31,,62783,39,0,61 8,0,68,,62795,39,0,61 8,0,30,,62784,39,0,61 8,0,70,,62796,39,0,61 8,0,30,,62785,39,0,61 8,0,71,,62797,39,0,61 8,0,29,,62786,39,0,61 8,0,72,,62798,39,0,61 8,0,32,,62787,39,0,61 8,0,72,,62799,39,0,61 8,0,31,,62788,39,0,61 8,0,68,,62800,39,0,61 8,0,29,,62789,39,0,61 8,0,71,,62801,39,0,61 8,0,28,,62790,39,0,61 8,0
100,'1_7',937,,62802,39,0,61 8,0,104,,62807,39,0,61 8,0,106,,62803,39,0,61 8,0,104,,62808,39,0,61 8,0,90,,62804,39,0,61 8,0,100,,62809,39,0,61 8,0,106,,62805,39,0,61 8,0,105,,62810,39,0,61 8,0,104,,62806,39,0,61 8,0,145,,62811,39,0,61 8,0
100,'5_1',733,,73973,39,0,61 8,0,69,,73974,39,,,0,35,,73976,39,0,61 8,0,65,,73977,39,0,61 8,0,30,,73975,39,0,61 8,0,69,,73978,39,0,61 8,0,35,,73979,39,0,61 8,0,70,,73982,39,0,61 8,0,31,,73980,39,0,61 8,0,72,,73981,39,0,61 8,0,32,,73984,39,,,0,70,,73983,39,0,61 8,0,30,,73985,39,,,0,70,,73986,39,0,61 8,0,30,,73988,39,0,61 8,0,70,,73987,39,0,61 8,0,30,,73992,39,0,61 8,0,71,,73991,39,0,61 8,0,32,,73993,39,,,0,75,,73989,39,0,61 8,0,28,,73994,39,,,0,70,,73990,39,0,61 8,0,29,,73995,39,,,0,70,,73996,39,0,61 8,0,29,,73997,39,,,0
100,'5_2',733,,74933,39,0,61 8,0,69,,74934,39,,,0,35,,74936,39,0,61 8,0,65,,74937,39,0,61 8,0,30,,74935,39,0,61 8,0,69,,74938,39,0,61 8,0,35,,74939,39,0,61 8,0,70,,74942,39,0,61 8,0,31,,74940,39,0,61 8,0,72,,74941,39,0,61 8,0,32,,74944,39,,,0,70,,74943,39,0,61 8,0,30,,74945,39,,,0,70,,74946,39,0,61 8,0,30,,74948,39,0,61 8,0,70,,74947,39,0,61 8,0,30,,74952,39,0,61 8,0,71,,74951,39,0,61 8,0,32,,74953,39,,,0,75,,74949,39,0,61 8,0,28,,74954,39,,,0,70,,74950,39,0,61 8,0,29,,74955,39,,,0,70,,74956,39,0,61 8,0,29,,74957,39,,,0
100,'5_3',733,,74958,39,0,61 8,0,69,,74959,39,,,0,35,,74961,39,0,61 8,0,65,,74962,39,0,61 8,0,30,,74960,39,0,61 8,0,69,,74963,39,0,61 8,0,35,,74964,39,0,61 8,0,70,,74967,39,0,61 8,0,31,,74965,39,0,61 8,0,72,,74966,39,0,61 8,0,32,,74969,39,,,0,70,,74968,39,0,61 8,0,30,,74970,39,,,0,70,,74971,39,0,61 8,0,30,,74973,39,0,61 8,0,70,,74972,39,0,61 8,0,30,,74977,39,0,61 8,0,71,,74976,39,0,61 8,0,32,,74978,39,,,0,75,,74974,39,0,61 8,0,28,,74979,39,,,0,70,,74975,39,0,61 8,0,29,,74980,39,,,0,70,,74981,39,0,61 8,0,29,,74982,39,,,0
100,'7_1',733,,80072,39,0,61 8,0,69,,80073,39,,,0,35,,80075,39,0,61 8,0,65,,80076,39,0,61 8,0,30,,80074,39,0,61 8,0,69,,80077,39,0,61 8,0,35,,80078,39,0,61 8,0,70,,80081,39,0,61 8,0,31,,80079,39,0,61 8,0,72,,80080,39,0,61 8,0,32,,80083,39,,,0,70,,80082,39,0,61 8,0,30,,80084,39,,,0,70,,80085,39,0,61 8,0,30,,80087,39,0,61 8,0,70,,80086,39,0,61 8,0,30,,80091,39,0,61 8,0,71,,80090,39,0,61 8,0,32,,80092,39,,,0,75,,80088,39,0,61 8,0,28,,80093,39,,,0,70,,80089,39,0,61 8,0,29,,80094,39,,,0,70,,80095,39,0,61 8,0,29,,80096,39,,,0
100,'7_2',733,,82008,39,0,61 8,0,69,,82009,39,,,0,35,,82011,39,0,61 8,0,65,,82012,39,0,61 8,0,30,,82010,39,0,61 8,0,69,,82013,39,0,61 8,0,35,,82014,39,0,61 8,0,70,,82017,39,0,61 8,0,31,,82015,39,0,61 8,0,72,,82016,39,0,61 8,0,32,,82019,39,,,0,70,,82018,39,0,61 8,0,30,,82020,39,,,0,70,,82021,39,0,61 8,0,30,,82023,39,0,61 8,0,70,,82022,39,0,61 8,0,30,,82027,39,0,61 8,0,71,,82026,39,0,61 8,0,32,,82028,39,,,0,75,,82024,39,0,61 8,0,28,,82029,39,,,0,70,,82025,39,0,61 8,0,29,,82030,39,,,0,70,,82031,39,0,61 8,0,29,,82032,39,,,0
100,'7_3',733,,82033,39,0,61 8,0,69,,82034,39,,,0,35,,82036,39,0,61 8,0,65,,82037,39,0,61 8,0,30,,82035,39,0,61 8,0,69,,82038,39,0,61 8,0,35,,82039,39,0,61 8,0,70,,82042,39,0,61 8,0,31,,82040,39,0,61 8,0,72,,82041,39,0,61 8,0,32,,82044,39,,,0,70,,82043,39,0,61 8,0,30,,82045,39,,,0,70,,82046,39,0,61 8,0,30,,82048,39,0,61 8,0,70,,82047,39,0,61 8,0,30,,82052,39,0,61 8,0,71,,82051,39,0,61 8,0,32,,82053,39,,,0,75,,82049,39,0,61 8,0,28,,82054,39,,,0,70,,82050,39,0,61 8,0,29,,82055,39,,,0,70,,82056,39,0,61 8,0,29,,82057,39,,,0
100,'7_4',733,,79112,39,0,61 8,0,69,,79113,39,,,0,35,,79115,39,0,61 8,0,65,,79116,39,0,61 8,0,30,,79114,39,0,61 8,0,69,,79117,39,0,61 8,0,35,,79118,39,0,61 8,0,70,,79121,39,0,61 8,0,31,,79119,39,0,61 8,0,72,,79120,39,0,61 8,0,32,,79123,39,,,0,70,,79122,39,0,61 8,0,30,,79124,39,,,0,70,,79125,39,0,61 8,0,30,,79127,39,0,61 8,0,70,,79126,39,0,61 8,0,30,,79131,39,0,61 8,0,71,,79130,39,0,61 8,0,32,,79132,39,,,0,75,,79128,39,0,61 8,0,28,,79133,39,,,0,70,,79129,39,0,61 8,0,29,,79134,39,,,0,70,,79135,39,0,61 8,0,29,,79136,39,,,0
100,'7_5',733,,80097,39,0,61 8,0,69,,80098,39,,,0,35,,80100,39,0,61 8,0,65,,80101,39,0,61 8,0,30,,80099,39,0,61 8,0,69,,80102,39,0,61 8,0,35,,80103,39,0,61 8,0,70,,80106,39,0,61 8,0,31,,80104,39,0,61 8,0,72,,80105,39,0,61 8,0,32,,80108,39,,,0,70,,80107,39,0,61 8,0,30,,80109,39,,,0,70,,80110,39,0,61 8,0,30,,80112,39,0,61 8,0,70,,80111,39,0,61 8,0,30,,80116,39,0,61 8,0,71,,80115,39,0,61 8,0,32,,80117,39,,,0,75,,80113,39,0,61 8,0,28,,80118,39,,,0,70,,80114,39,0,61 8,0,29,,80119,39,,,0,70,,80120,39,0,61 8,0,29,,80121,39,,,0
