901,'0_4',815,,97350,25,0,26,0,27,,97351,25,0,27 63,0,103,,97356,25,0,23 24,0,95,,97360,10,0,23 24,0,98,,97357,25,0,23 24,0,106,,97352,25,0,27 63,0,15,,97361,11,,,0,166,,97358,25,0,23 24,0,112,,97359,25,0,23 24,0,109,,97353,25,0,27 63,0,0,,97364,11,,,0,102,,97354,25,0,27 63,0,9,,97362,3,,,0,86,,97355,25,0,27 63,0,9,,97363,3,,,0,154,,97365,25,,,0
901,'0_5',815,,97366,25,0,26,0,27,,97367,25,0,27 63,0,103,,97372,25,0,23 24,0,95,,97376,10,0,23 24,0,98,,97373,25,0,23 24,0,106,,97368,25,0,27 63,0,15,,97377,11,,,0,166,,97374,25,0,23 24,0,112,,97375,25,0,23 24,0,109,,97369,25,0,27 63,0,0,,97380,11,,,0,102,,97370,25,0,27 63,0,9,,97378,3,,,0,86,,97371,25,0,27 63,0,9,,97379,3,,,0,154,,97381,25,,,0
901,'1_3',815,,97382,25,0,26,0,27,,97383,25,0,27 63,0,103,,97388,25,0,23 24,0,95,,97392,10,0,23 24,0,98,,97389,25,0,23 24,0,106,,97384,25,0,27 63,0,15,,97393,11,,,0,166,,97390,25,0,23 24,0,112,,97391,25,0,23 24,0,109,,97385,25,0,27 63,0,0,,97396,11,,,0,102,,97386,25,0,27 63,0,9,,97394,3,,,0,86,,97387,25,0,27 63,0,9,,97395,3,,,0,154,,97397,25,,,0
901,'2_6',812,,97398,25,0,23 24,0,188,,97403,10,0,23 24,0,126,,97404,10,0,23 24,0,192,,97405,10,0,23 24,0,326,,97399,25,0,23 24,0,102,,97400,25,0,23 24,0,172,,97401,25,0,23 24,0,89,,97402,25,0,23 24,0
901,'4_1',815,,97411,25,0,26,0,27,,97412,25,0,27 63,0,103,,97417,25,0,23 24,0,95,,97421,10,0,23 24,0,98,,97418,25,0,23 24,0,106,,97413,25,0,27 63,0,15,,97422,11,,,0,166,,97419,25,0,23 24,0,112,,97420,25,0,23 24,0,109,,97414,25,0,27 63,0,0,,97425,11,,,0,102,,97415,25,0,27 63,0,9,,97423,3,,,0,86,,97416,25,0,27 63,0,9,,97424,3,,,0,154,,97426,25,,,0
901,'4_2',815,,97427,25,0,26,0,27,,97428,25,0,27 63,0,103,,97433,25,0,23 24,0,95,,97437,10,0,23 24,0,98,,97434,25,0,23 24,0,106,,97429,25,0,27 63,0,15,,97438,11,,,0,166,,97435,25,0,23 24,0,112,,97436,25,0,23 24,0,109,,97430,25,0,27 63,0,0,,97441,11,,,0,102,,97431,25,0,27 63,0,9,,97439,3,,,0,86,,97432,25,0,27 63,0,9,,97440,3,,,0,154,,97442,25,,,0
901,'4_4',815,,97443,25,0,26,0,27,,97444,25,0,27 63,0,103,,97449,25,0,23 24,0,95,,97453,10,0,23 24,0,98,,97450,25,0,23 24,0,106,,97445,25,0,27 63,0,15,,97454,11,,,0,166,,97451,25,0,23 24,0,112,,97452,25,0,23 24,0,109,,97446,25,0,27 63,0,0,,97457,11,,,0,102,,97447,25,0,27 63,0,9,,97455,3,,,0,86,,97448,25,0,27 63,0,9,,97456,3,,,0,154,,97458,25,,,0
901,'4_5',815,,97459,25,0,26,0,27,,97460,25,0,27 63,0,103,,97465,25,0,23 24,0,95,,97469,10,0,23 24,0,98,,97466,25,0,23 24,0,106,,97461,25,0,27 63,0,15,,97470,11,,,0,166,,97467,25,0,23 24,0,112,,97468,25,0,23 24,0,109,,97462,25,0,27 63,0,0,,97473,11,,,0,102,,97463,25,0,27 63,0,9,,97471,3,,,0,86,,97464,25,0,27 63,0,9,,97472,3,,,0,154,,97474,25,,,0
2900901,'0_4',1753,,102582,8,,,0,105,,102583,8,,,0
2900901,'0_5',1753,,102584,8,,,0,105,,102585,8,,,0
2900901,'1_3',1753,,102586,8,,,0,105,,102587,8,,,0
2900901,'4_1',1753,,102588,8,,,0,105,,102589,8,,,0
2900901,'4_2',1753,,102590,8,,,0,105,,102591,8,,,0
2900901,'4_4',1753,,102592,8,,,0,105,,102593,8,,,0
2900901,'4_5',1753,,102594,8,,,0,105,,102595,8,,,0
