1500,'0_6',742,,67090,15,,,0,61,,67091,15,,,0,114,,67092,15,,,0,117,,67093,15,,,0,118,,67094,15,,,0,80,,67095,15,,,0,75,,67096,15,,,0,97,,67097,15,,,0,222,,67098,15,,,0,109,,67099,15,,,0,98,,67100,15,,,0,110,,67101,15,,,0
1500,'3_5',742,,67207,15,,,0,61,,67208,15,,,0,114,,67209,15,,,0,117,,67210,15,,,0,118,,67211,15,,,0,80,,67212,15,,,0,75,,67213,15,,,0,97,,67214,15,,,0,222,,67215,15,,,0,109,,67216,15,,,0,98,,67217,15,,,0,110,,67218,15,,,0
1500,'5_1',742,,74373,15,,,0,61,,74374,15,,,0,114,,74375,15,,,0,117,,74376,15,,,0,118,,74377,15,,,0,80,,74378,15,,,0,75,,74379,15,,,0,97,,74380,15,,,0,222,,74381,15,,,0,109,,74382,15,,,0,98,,74383,15,,,0,110,,74384,15,,,0
1500,'5_2',742,,76131,15,,,0,61,,76132,15,,,0,114,,76133,15,,,0,117,,76134,15,,,0,118,,76135,15,,,0,80,,76136,15,,,0,75,,76137,15,,,0,97,,76138,15,,,0,222,,76139,15,,,0,109,,76140,15,,,0,98,,76141,15,,,0,110,,76142,15,,,0
1500,'5_3',742,,76144,15,,,0,61,,76145,15,,,0,114,,76146,15,,,0,117,,76147,15,,,0,118,,76148,15,,,0,80,,76149,15,,,0,75,,76150,15,,,0,97,,76151,15,,,0,222,,76152,15,,,0,109,,76153,15,,,0,98,,76154,15,,,0,110,,76155,15,,,0
1500,'5_4',742,,76157,15,,,0,61,,76158,15,,,0,114,,76159,15,,,0,117,,76160,15,,,0,118,,76161,15,,,0,80,,76162,15,,,0,75,,76163,15,,,0,97,,76164,15,,,0,222,,76165,15,,,0,109,,76166,15,,,0,98,,76167,15,,,0,110,,76168,15,,,0
1500,'5_5',742,,78228,15,,,0,61,,78229,15,,,0,114,,78230,15,,,0,117,,78231,15,,,0,118,,78232,15,,,0,80,,78233,15,,,0,75,,78234,15,,,0,97,,78235,15,,,0,222,,78236,15,,,0,109,,78237,15,,,0,98,,78238,15,,,0,110,,78239,15,,,0
1501,'0_6',651,,67220,5,,,0,58,,67221,5,,,0,95,,67222,5,,,0,21,,67223,5,,,0,117,,67224,5,,,0,116,,67225,5,,,0,158,,67226,5,,,0,94,,67227,5,,,0,119,,67228,5,,,0,222,,67229,5,,,0,150,,67230,5,,,0,55,,67231,5,,,0
1501,'3_5',651,,67337,5,,,0,58,,67338,5,,,0,95,,67339,5,,,0,21,,67340,5,,,0,117,,67341,5,,,0,116,,67342,5,,,0,158,,67343,5,,,0,94,,67344,5,,,0,119,,67345,5,,,0,222,,67346,5,,,0,150,,67347,5,,,0,55,,67348,5,,,0
1501,'5_1',651,,74386,5,,,0,58,,74387,5,,,0,95,,74388,5,,,0,21,,74389,5,,,0,117,,74390,5,,,0,116,,74391,5,,,0,158,,74392,5,,,0,94,,74393,5,,,0,119,,74394,5,,,0,222,,74395,5,,,0,150,,74396,5,,,0,55,,74397,5,,,0
1501,'5_2',651,,76170,5,,,0,58,,76171,5,,,0,95,,76172,5,,,0,21,,76173,5,,,0,117,,76174,5,,,0,116,,76175,5,,,0,158,,76176,5,,,0,94,,76177,5,,,0,119,,76178,5,,,0,222,,76179,5,,,0,150,,76180,5,,,0,55,,76181,5,,,0
1501,'5_3',651,,76183,5,,,0,58,,76184,5,,,0,95,,76185,5,,,0,21,,76186,5,,,0,117,,76187,5,,,0,116,,76188,5,,,0,158,,76189,5,,,0,94,,76190,5,,,0,119,,76191,5,,,0,222,,76192,5,,,0,150,,76193,5,,,0,55,,76194,5,,,0
1501,'5_4',651,,76196,5,,,0,58,,76197,5,,,0,95,,76198,5,,,0,21,,76199,5,,,0,117,,76200,5,,,0,116,,76201,5,,,0,158,,76202,5,,,0,94,,76203,5,,,0,119,,76204,5,,,0,222,,76205,5,,,0,150,,76206,5,,,0,55,,76207,5,,,0
1501,'5_5',651,,78241,5,,,0,58,,78242,5,,,0,95,,78243,5,,,0,21,,78244,5,,,0,117,,78245,5,,,0,116,,78246,5,,,0,158,,78247,5,,,0,94,,78248,5,,,0,119,,78249,5,,,0,222,,78250,5,,,0,150,,78251,5,,,0,55,,78252,5,,,0
