101,'0_4',702,,94375,22,0,6,0,10,,94405,16,0,7,0,20,,94376,22,0,6,0,13,,94403,16,0,5,0,55,,94377,22,0,6,0,18,,94406,22,0,5,0,14,,94390,16,0,7,0,27,,94381,16,0,6,0,80,,94391,22,0,5,0,75,,94382,16,0,6,0,40,,94394,16,0,5,0,76,,94383,16,0,6,0,29,,94395,16,0,5,0,60,,94384,16,0,6,0,35,,94396,16,0,5,0,78,,94378,22,0,6,0,27,,94392,22,0,5,0,70,,94385,16,0,6,0,25,,94397,16,0,5,0,74,,94386,16,0,6,0,20,,94398,16,0,5,0,66,,94387,16,0,6,0,29,,94388,16,0,6,0,61,,94393,22,0,5,0,18,,94389,16,0,6,0,25,,94399,16,0,5,0,58,,94379,22,0,6,0,20,,94400,16,0,5,0,30,,94380,22,0,6,0,75,,94401,16,0,5,0
101,'0_5',702,,94408,22,0,6,0,10,,94438,16,0,7,0,20,,94409,22,0,6,0,13,,94436,16,0,5,0,55,,94410,22,0,6,0,18,,94439,22,0,5,0,14,,94423,16,0,7,0,27,,94414,16,0,6,0,80,,94424,22,0,5,0,75,,94415,16,0,6,0,40,,94427,16,0,5,0,76,,94416,16,0,6,0,29,,94428,16,0,5,0,60,,94417,16,0,6,0,35,,94429,16,0,5,0,78,,94411,22,0,6,0,27,,94425,22,0,5,0,70,,94418,16,0,6,0,25,,94430,16,0,5,0,74,,94419,16,0,6,0,20,,94431,16,0,5,0,66,,94420,16,0,6,0,29,,94421,16,0,6,0,61,,94426,22,0,5,0,18,,94422,16,0,6,0,25,,94432,16,0,5,0,58,,94412,22,0,6,0,20,,94433,16,0,5,0,30,,94413,22,0,6,0,75,,94434,16,0,5,0
101,'1_3',702,,94441,22,0,6,0,10,,94471,16,0,7,0,20,,94442,22,0,6,0,13,,94469,16,0,5,0,55,,94443,22,0,6,0,18,,94472,22,0,5,0,14,,94456,16,0,7,0,27,,94447,16,0,6,0,80,,94457,22,0,5,0,75,,94448,16,0,6,0,40,,94460,16,0,5,0,76,,94449,16,0,6,0,29,,94461,16,0,5,0,60,,94450,16,0,6,0,35,,94462,16,0,5,0,78,,94444,22,0,6,0,27,,94458,22,0,5,0,70,,94451,16,0,6,0,25,,94463,16,0,5,0,74,,94452,16,0,6,0,20,,94464,16,0,5,0,66,,94453,16,0,6,0,29,,94454,16,0,6,0,61,,94459,22,0,5,0,18,,94455,16,0,6,0,25,,94465,16,0,5,0,58,,94445,22,0,6,0,20,,94466,16,0,5,0,30,,94446,22,0,6,0,75,,94467,16,0,5,0
101,'2_6',705,,94474,16,0,5,0,112,,94475,16,0,5,0,107,,94476,16,0,5,0,30,,94487,16,0,6,0,69,,94477,16,0,5,0,31,,94488,16,0,6,0,70,,94478,16,0,5,0,30,,94489,16,0,6,0,70,,94479,16,0,5,0,30,,94490,16,0,6,0,71,,94480,16,0,5,0,29,,94491,16,0,6,0,69,,94481,16,0,5,0,30,,94492,16,0,6,0,70,,94482,16,0,5,0,32,,94493,16,0,6,0,70,,94483,16,0,5,0,29,,94494,16,0,6,0,73,,94484,16,0,5,0,30,,94495,16,0,6,0,78,,94485,16,0,5,0,65,,94496,16,0,6,0,27,,94486,16,0,5,0
101,'3_7',911,,94497,16,0,6,0,105,,94502,16,0,5,0,105,,94498,16,0,6,0,105,,94503,16,0,5,0,105,,94499,16,0,6,0,90,,94504,16,0,5,0,100,,94500,16,0,6,0,105,,94505,16,0,5,0,105,,94501,16,0,6,0,105,,94506,16,0,5,0
101,'4_1',702,,94507,22,0,6,0,10,,94537,16,0,7,0,20,,94508,22,0,6,0,13,,94535,16,0,5,0,55,,94509,22,0,6,0,18,,94538,22,0,5,0,14,,94522,16,0,7,0,27,,94513,16,0,6,0,80,,94523,22,0,5,0,75,,94514,16,0,6,0,40,,94526,16,0,5,0,76,,94515,16,0,6,0,29,,94527,16,0,5,0,60,,94516,16,0,6,0,35,,94528,16,0,5,0,78,,94510,22,0,6,0,27,,94524,22,0,5,0,70,,94517,16,0,6,0,25,,94529,16,0,5,0,74,,94518,16,0,6,0,20,,94530,16,0,5,0,66,,94519,16,0,6,0,29,,94520,16,0,6,0,61,,94525,22,0,5,0,18,,94521,16,0,6,0,25,,94531,16,0,5,0,58,,94511,22,0,6,0,20,,94532,16,0,5,0,30,,94512,22,0,6,0,75,,94533,16,0,5,0
101,'4_2',702,,94540,22,0,6,0,10,,94570,16,0,7,0,20,,94541,22,0,6,0,13,,94568,16,0,5,0,55,,94542,22,0,6,0,18,,94571,22,0,5,0,14,,94555,16,0,7,0,27,,94546,16,0,6,0,80,,94556,22,0,5,0,75,,94547,16,0,6,0,40,,94559,16,0,5,0,76,,94548,16,0,6,0,29,,94560,16,0,5,0,60,,94549,16,0,6,0,35,,94561,16,0,5,0,78,,94543,22,0,6,0,27,,94557,22,0,5,0,70,,94550,16,0,6,0,25,,94562,16,0,5,0,74,,94551,16,0,6,0,20,,94563,16,0,5,0,66,,94552,16,0,6,0,29,,94553,16,0,6,0,61,,94558,22,0,5,0,18,,94554,16,0,6,0,25,,94564,16,0,5,0,58,,94544,22,0,6,0,20,,94565,16,0,5,0,30,,94545,22,0,6,0,75,,94566,16,0,5,0
101,'4_4',702,,94573,22,0,6,0,10,,94603,16,0,7,0,20,,94574,22,0,6,0,13,,94601,16,0,5,0,55,,94575,22,0,6,0,18,,94604,22,0,5,0,14,,94588,16,0,7,0,27,,94579,16,0,6,0,80,,94589,22,0,5,0,75,,94580,16,0,6,0,40,,94592,16,0,5,0,76,,94581,16,0,6,0,29,,94593,16,0,5,0,60,,94582,16,0,6,0,35,,94594,16,0,5,0,78,,94576,22,0,6,0,27,,94590,22,0,5,0,70,,94583,16,0,6,0,25,,94595,16,0,5,0,74,,94584,16,0,6,0,20,,94596,16,0,5,0,66,,94585,16,0,6,0,29,,94586,16,0,6,0,61,,94591,22,0,5,0,18,,94587,16,0,6,0,25,,94597,16,0,5,0,58,,94577,22,0,6,0,20,,94598,16,0,5,0,30,,94578,22,0,6,0,75,,94599,16,0,5,0
101,'4_5',702,,94606,22,0,6,0,10,,94636,16,0,7,0,20,,94607,22,0,6,0,13,,94634,16,0,5,0,55,,94608,22,0,6,0,18,,94637,22,0,5,0,14,,94621,16,0,7,0,27,,94612,16,0,6,0,80,,94622,22,0,5,0,75,,94613,16,0,6,0,40,,94625,16,0,5,0,76,,94614,16,0,6,0,29,,94626,16,0,5,0,60,,94615,16,0,6,0,35,,94627,16,0,5,0,78,,94609,22,0,6,0,27,,94623,22,0,5,0,70,,94616,16,0,6,0,25,,94628,16,0,5,0,74,,94617,16,0,6,0,20,,94629,16,0,5,0,66,,94618,16,0,6,0,29,,94619,16,0,6,0,61,,94624,22,0,5,0,18,,94620,16,0,6,0,25,,94630,16,0,5,0,58,,94610,22,0,6,0,20,,94631,16,0,5,0,30,,94611,22,0,6,0,75,,94632,16,0,5,0
101,'5_7',911,,94639,16,0,6,0,105,,94644,16,0,5,0,105,,94640,16,0,6,0,105,,94645,16,0,5,0,105,,94641,16,0,6,0,90,,94646,16,0,5,0,100,,94642,16,0,6,0,105,,94647,16,0,5,0,105,,94643,16,0,6,0,105,,94648,16,0,5,0
