700,'S2-0_2',729,,86889,20,,,0,110,,86891,20,,,0,111,,86892,20,,,0,150,,86893,20,,,0,110,,86894,20,,,0,110,,86895,20,,,0,110,,86896,20,,,0,110,,86897,20,,,0,113,,86898,20,,,0,149,,86899,20,,,0,106,,86890,20,,,0
700,'S2-0_4',729,,86900,20,,,0,110,,86902,20,,,0,111,,86903,20,,,0,150,,86904,20,,,0,110,,86905,20,,,0,110,,86906,20,,,0,110,,86907,20,,,0,110,,86908,20,,,0,113,,86909,20,,,0,149,,86910,20,,,0,106,,86901,20,,,0
700,'S2-0_5',729,,86911,20,,,0,110,,86913,20,,,0,111,,86914,20,,,0,150,,86915,20,,,0,110,,86916,20,,,0,110,,86917,20,,,0,110,,86918,20,,,0,110,,86919,20,,,0,113,,86920,20,,,0,149,,86921,20,,,0,106,,86912,20,,,0
700,'S2-1_3',729,,86922,20,,,0,110,,86924,20,,,0,111,,86925,20,,,0,150,,86926,20,,,0,110,,86927,20,,,0,110,,86928,20,,,0,110,,86929,20,,,0,110,,86930,20,,,0,113,,86931,20,,,0,149,,86932,20,,,0,106,,86923,20,,,0
700,'S2-2_6',728,,86935,20,,,0,110,,86936,20,,,0,111,,86937,20,,,0,110,,86938,20,,,0,150,,86939,20,,,0,110,,86940,20,,,0,110,,86941,20,,,0,110,,86942,20,,,0,110,,86943,20,,,0,110,,86933,20,,,0,149,,86934,20,,,0
700,'S2-4_1',729,,86944,20,,,0,110,,86946,20,,,0,111,,86947,20,,,0,150,,86948,20,,,0,110,,86949,20,,,0,110,,86950,20,,,0,110,,86951,20,,,0,110,,86952,20,,,0,113,,86953,20,,,0,149,,86954,20,,,0,106,,86945,20,,,0
700,'S2-4_2',729,,86955,20,,,0,110,,86957,20,,,0,111,,86958,20,,,0,150,,86959,20,,,0,110,,86960,20,,,0,110,,86961,20,,,0,110,,86962,20,,,0,110,,86963,20,,,0,113,,86964,20,,,0,149,,86965,20,,,0,106,,86956,20,,,0
700,'S2-4_4',729,,86966,20,,,0,110,,86968,20,,,0,111,,86969,20,,,0,150,,86970,20,,,0,110,,86971,20,,,0,110,,86972,20,,,0,110,,86973,20,,,0,110,,86974,20,,,0,113,,86975,20,,,0,149,,86976,20,,,0,106,,86967,20,,,0
2400,'S2-0_2',740,,88691,16,,,0,868,,88692,11,,,0,103,,88693,11,,,0,95,,88694,11,,,0
2400,'S2-0_4',740,,88695,16,,,0,868,,88696,11,,,0,103,,88697,11,,,0,95,,88698,11,,,0
2400,'S2-0_5',740,,88699,16,,,0,868,,88700,11,,,0,103,,88701,11,,,0,95,,88702,11,,,0
2400,'S2-1_3',740,,88703,16,,,0,490,,88704,11,,,0
2400,'S2-4_1',740,,88705,16,,,0,868,,88706,11,,,0,103,,88707,11,,,0,95,,88708,11,,,0
2400,'S2-4_2',740,,88709,16,,,0,868,,88710,11,,,0,103,,88711,11,,,0,95,,88712,11,,,0
2400,'S2-4_4',740,,88713,16,,,0,868,,88714,11,,,0,103,,88715,11,,,0,95,,88716,11,,,0
