1001,'0_4',811,,97593,13,,,0,106,,97595,16,,,0,86,,97596,16,,,0,39,,97600,14,,,0,86,,97597,16,,,0,90,,97601,14,,,0,82,,97602,14,,,0,31,,97603,14,,,0,95,,97594,13,,,0,584,,97599,16,,,0
1001,'0_5',811,,97607,13,,,0,106,,97609,16,,,0,86,,97610,16,,,0,39,,97614,14,,,0,86,,97611,16,,,0,90,,97615,14,,,0,82,,97616,14,,,0,31,,97617,14,,,0,95,,97608,13,,,0,584,,97613,16,,,0
1001,'1_3',811,,97621,13,,,0,106,,97623,16,,,0,86,,97624,16,,,0,39,,97628,14,,,0,86,,97625,16,,,0,90,,97629,14,,,0,82,,97630,14,,,0,31,,97631,14,,,0,95,,97622,13,,,0,584,,97627,16,,,0
1001,'2_6',808,,97635,13,,,0,108,,97636,16,,,0,101,,97643,14,,,0,102,,97637,16,,,0,100,,97644,14,,,0,85,,97645,14,,,0,202,,97646,14,,,0,395,,97638,16,,,0,107,,97639,16,,,0
1001,'4_1',811,,97647,13,,,0,106,,97649,16,,,0,86,,97650,16,,,0,39,,97654,14,,,0,86,,97651,16,,,0,90,,97655,14,,,0,82,,97656,14,,,0,31,,97657,14,,,0,95,,97648,13,,,0,584,,97653,16,,,0
1001,'4_2',811,,97661,13,,,0,106,,97663,16,,,0,86,,97664,16,,,0,39,,97668,14,,,0,86,,97665,16,,,0,90,,97669,14,,,0,82,,97670,14,,,0,31,,97671,14,,,0,95,,97662,13,,,0,584,,97667,16,,,0
1001,'4_4',811,,97675,13,,,0,106,,97677,16,,,0,86,,97678,16,,,0,39,,97682,14,,,0,86,,97679,16,,,0,90,,97683,14,,,0,82,,97684,14,,,0,31,,97685,14,,,0,95,,97676,13,,,0,584,,97681,16,,,0
1001,'4_5',811,,97689,13,,,0,106,,97691,16,,,0,86,,97692,16,,,0,39,,97696,14,,,0,86,,97693,16,,,0,90,,97697,14,,,0,82,,97698,14,,,0,31,,97699,14,,,0,95,,97690,13,,,0,584,,97695,16,,,0
1101,'0_4',1654,,97735,11,,,0,152,,97736,11,,,0,103,,97737,11,,,0
1101,'0_5',1654,,97738,11,,,0,152,,97739,11,,,0,103,,97740,11,,,0
1101,'1_3',1654,,97741,11,,,0,152,,97742,11,,,0,103,,97743,11,,,0
1101,'2_6',1637,,97744,10,,,0,119,,97745,10,,,0
1101,'4_1',1654,,97746,11,,,0,152,,97747,11,,,0,103,,97748,11,,,0
1101,'4_2',1654,,97749,11,,,0,152,,97750,11,,,0,103,,97751,11,,,0
1101,'4_4',1654,,97752,11,,,0,152,,97753,11,,,0,103,,97754,11,,,0
1101,'4_5',1654,,97755,11,,,0,152,,97756,11,,,0,103,,97757,11,,,0
