100,'0_4',723,,94101,29,0,61 8,0,14,,94098,29,0,61 8,0,16,,94102,29,0,61 8,0,54,,94089,29,,,0,16,,94108,29,0,61 8,0,30,,94103,29,0,61 8,0,67,,94090,29,0,61 8,0,38,,94104,29,0,61 8,0,78,,94091,29,0,61 8,0,80,,94105,29,0,61 8,0,38,,94092,29,0,61 8,0,59,,94109,29,,,0,24,,94110,29,,,0,71,,94093,29,0,61 8,0,25,,94106,29,0,61 8,0,25,,94094,29,0,61 8,0,75,,94107,29,0,61 8,0,80,,94095,29,0,61 8,0,24,,94111,29,,,0,76,,94100,29,0,61 8,0,20,,94112,29,,,0,13,,94117,6,0,61 8,0,62,,94113,29,,,0,10,,94096,29,0,61 8,0,13,,94120,13,,,0,7,,94114,29,,,0,21,,94097,29,0,61 8,0,54,,94115,29,,,0,6,,94121,13,,,0,19,,94087,29,,,0,75,,94116,29,0,61 8,0,34,,94088,29,,,0
100,'0_5',723,,94136,29,0,61 8,0,14,,94133,29,0,61 8,0,16,,94137,29,0,61 8,0,54,,94124,29,,,0,16,,94143,29,0,61 8,0,30,,94138,29,0,61 8,0,67,,94125,29,0,61 8,0,38,,94139,29,0,61 8,0,78,,94126,29,0,61 8,0,80,,94140,29,0,61 8,0,38,,94127,29,0,61 8,0,59,,94144,29,,,0,24,,94145,29,,,0,71,,94128,29,0,61 8,0,25,,94141,29,0,61 8,0,25,,94129,29,0,61 8,0,75,,94142,29,0,61 8,0,80,,94130,29,0,61 8,0,24,,94146,29,,,0,76,,94135,29,0,61 8,0,20,,94147,29,,,0,13,,94152,6,0,61 8,0,62,,94148,29,,,0,10,,94131,29,0,61 8,0,13,,94155,13,,,0,7,,94149,29,,,0,21,,94132,29,0,61 8,0,54,,94150,29,,,0,6,,94156,13,,,0,19,,94122,29,,,0,75,,94151,29,0,61 8,0,34,,94123,29,,,0
100,'1_3',723,,94171,29,0,61 8,0,14,,94168,29,0,61 8,0,16,,94172,29,0,61 8,0,54,,94159,29,,,0,16,,94178,29,0,61 8,0,30,,94173,29,0,61 8,0,67,,94160,29,0,61 8,0,38,,94174,29,0,61 8,0,78,,94161,29,0,61 8,0,80,,94175,29,0,61 8,0,38,,94162,29,0,61 8,0,59,,94179,29,,,0,21,,94190,6,,,0,3,,94180,29,,,0,71,,94163,29,0,61 8,0,25,,94176,29,0,61 8,0,25,,94164,29,0,61 8,0,75,,94177,29,0,61 8,0,80,,94165,29,0,61 8,0,24,,94181,29,,,0,76,,94170,29,0,61 8,0,20,,94182,29,,,0,13,,94187,6,0,61 8,0,62,,94183,29,,,0,10,,94166,29,0,61 8,0,20,,94184,29,,,0,21,,94167,29,0,61 8,0,54,,94185,29,,,0,25,,94157,29,,,0,75,,94186,29,0,61 8,0,34,,94158,29,,,0
100,'2_6',723,,94192,29,0,61 8,0,110,,94204,29,0,61 8,0,95,,94193,29,0,61 8,0,31,,94205,29,0,61 8,0,70,,94194,29,0,61 8,0,72,,94206,29,0,61 8,0,30,,94195,29,0,61 8,0,69,,94207,29,0,61 8,0,31,,94196,29,0,61 8,0,28,,94208,29,0,61 8,0,70,,94197,29,0,61 8,0,30,,94209,29,0,61 8,0,70,,94198,29,0,61 8,0,71,,94210,29,0,61 8,0,29,,94199,29,0,61 8,0,71,,94211,29,0,61 8,0,31,,94200,29,0,61 8,0,71,,94212,29,0,61 8,0,33,,94201,29,0,61 8,0,68,,94213,29,0,61 8,0,30,,94202,29,0,61 8,0,71,,94214,29,0,61 8,0,29,,94203,29,0,61 8,0
100,'3_7',927,,94215,29,0,61 8,0,105,,94220,29,0,61 8,0,106,,94216,29,0,61 8,0,104,,94221,29,0,61 8,0,90,,94217,29,0,61 8,0,100,,94222,29,0,61 8,0,105,,94218,29,0,61 8,0,105,,94223,29,0,61 8,0,105,,94219,29,0,61 8,0,105,,94224,29,0,61 8,0
100,'4_1',723,,94239,29,0,61 8,0,14,,94236,29,0,61 8,0,16,,94240,29,0,61 8,0,54,,94227,29,,,0,16,,94246,29,0,61 8,0,30,,94241,29,0,61 8,0,67,,94228,29,0,61 8,0,38,,94242,29,0,61 8,0,78,,94229,29,0,61 8,0,80,,94243,29,0,61 8,0,38,,94230,29,0,61 8,0,59,,94247,29,,,0,24,,94248,29,,,0,71,,94231,29,0,61 8,0,25,,94244,29,0,61 8,0,25,,94232,29,0,61 8,0,75,,94245,29,0,61 8,0,80,,94233,29,0,61 8,0,24,,94249,29,,,0,76,,94238,29,0,61 8,0,20,,94250,29,,,0,13,,94255,6,0,61 8,0,62,,94251,29,,,0,10,,94234,29,0,61 8,0,13,,94258,13,,,0,7,,94252,29,,,0,21,,94235,29,0,61 8,0,54,,94253,29,,,0,6,,94259,13,,,0,19,,94225,29,,,0,75,,94254,29,0,61 8,0,34,,94226,29,,,0
100,'4_2',723,,94274,29,0,61 8,0,14,,94271,29,0,61 8,0,16,,94275,29,0,61 8,0,54,,94262,29,,,0,16,,94281,29,0,61 8,0,30,,94276,29,0,61 8,0,67,,94263,29,0,61 8,0,38,,94277,29,0,61 8,0,78,,94264,29,0,61 8,0,80,,94278,29,0,61 8,0,38,,94265,29,0,61 8,0,59,,94282,29,,,0,24,,94283,29,,,0,71,,94266,29,0,61 8,0,25,,94279,29,0,61 8,0,25,,94267,29,0,61 8,0,75,,94280,29,0,61 8,0,80,,94268,29,0,61 8,0,24,,94284,29,,,0,76,,94273,29,0,61 8,0,20,,94285,29,,,0,13,,94290,6,0,61 8,0,62,,94286,29,,,0,10,,94269,29,0,61 8,0,13,,94293,13,,,0,7,,94287,29,,,0,21,,94270,29,0,61 8,0,54,,94288,29,,,0,6,,94294,13,,,0,19,,94260,29,,,0,75,,94289,29,0,61 8,0,34,,94261,29,,,0
100,'4_4',723,,94309,29,0,61 8,0,14,,94306,29,0,61 8,0,16,,94310,29,0,61 8,0,54,,94297,29,,,0,16,,94316,29,0,61 8,0,30,,94311,29,0,61 8,0,67,,94298,29,0,61 8,0,38,,94312,29,0,61 8,0,78,,94299,29,0,61 8,0,80,,94313,29,0,61 8,0,38,,94300,29,0,61 8,0,59,,94317,29,,,0,24,,94318,29,,,0,71,,94301,29,0,61 8,0,25,,94314,29,0,61 8,0,25,,94302,29,0,61 8,0,75,,94315,29,0,61 8,0,80,,94303,29,0,61 8,0,24,,94319,29,,,0,76,,94308,29,0,61 8,0,20,,94320,29,,,0,13,,94325,6,0,61 8,0,62,,94321,29,,,0,10,,94304,29,0,61 8,0,13,,94328,13,,,0,7,,94322,29,,,0,21,,94305,29,0,61 8,0,54,,94323,29,,,0,6,,94329,13,,,0,19,,94295,29,,,0,75,,94324,29,0,61 8,0,34,,94296,29,,,0
100,'4_5',723,,94344,29,0,61 8,0,14,,94341,29,0,61 8,0,16,,94345,29,0,61 8,0,54,,94332,29,,,0,16,,94351,29,0,61 8,0,30,,94346,29,0,61 8,0,67,,94333,29,0,61 8,0,38,,94347,29,0,61 8,0,78,,94334,29,0,61 8,0,80,,94348,29,0,61 8,0,38,,94335,29,0,61 8,0,59,,94352,29,,,0,24,,94353,29,,,0,71,,94336,29,0,61 8,0,25,,94349,29,0,61 8,0,25,,94337,29,0,61 8,0,75,,94350,29,0,61 8,0,80,,94338,29,0,61 8,0,24,,94354,29,,,0,76,,94343,29,0,61 8,0,20,,94355,29,,,0,13,,94360,6,0,61 8,0,62,,94356,29,,,0,10,,94339,29,0,61 8,0,13,,94363,13,,,0,7,,94357,29,,,0,21,,94340,29,0,61 8,0,54,,94358,29,,,0,6,,94364,13,,,0,19,,94330,29,,,0,75,,94359,29,0,61 8,0,34,,94331,29,,,0
100,'5_7',927,,94365,29,0,61 8,0,105,,94370,29,0,61 8,0,106,,94366,29,0,61 8,0,104,,94371,29,0,61 8,0,90,,94367,29,0,61 8,0,100,,94372,29,0,61 8,0,105,,94368,29,0,61 8,0,105,,94373,29,0,61 8,0,105,,94369,29,0,61 8,0,105,,94374,29,0,61 8,0
400,'0_4',724,,95845,20,0,43,0,15,,95853,20,0,40,0,15,,95822,20,0,40,0,54,,95823,20,0,40,0,15,,95847,20,0,40,0,15,,95824,20,0,40,0,13,,95825,20,0,40,0,71,,95826,20,0,40,0,79,,95827,32,0,40,0,31,,95828,20,0,40,0,71,,95829,20,0,40,0,36,,95830,20,0,40,0,75,,95831,20,0,40,0,24,,95851,20,,,0,65,,95848,32,0,40,0,29,,95832,20,0,40,0,26,,95833,20,0,40,0,70,,95836,32,0,40,0,75,,95834,20,0,40,0,30,,95837,32,0,40,0,75,,95835,20,0,40,0,28,,95854,20,0,40,0,67,,95838,32,0,40,0,5,,95849,4,0,40,0,15,,95839,20,0,40,0,15,,95855,20,,,0,15,,95841,20,0,40,0,65,,95844,4,0,40,0,20,,95852,20,,,0,75,,95842,20,0,40,0,24,,95843,32,0,40,0
400,'0_5',724,,95879,20,0,43,0,15,,95887,20,0,40,0,15,,95856,20,0,40,0,54,,95857,20,0,40,0,15,,95881,20,0,40,0,15,,95858,20,0,40,0,13,,95859,20,0,40,0,71,,95860,20,0,40,0,79,,95861,32,0,40,0,31,,95862,20,0,40,0,71,,95863,20,0,40,0,36,,95864,20,0,40,0,75,,95865,20,0,40,0,24,,95885,20,,,0,65,,95882,32,0,40,0,29,,95866,20,0,40,0,26,,95867,20,0,40,0,70,,95870,32,0,40,0,75,,95868,20,0,40,0,30,,95871,32,0,40,0,75,,95869,20,0,40,0,28,,95888,20,0,40,0,67,,95872,32,0,40,0,5,,95883,4,0,40,0,15,,95873,20,0,40,0,15,,95889,20,,,0,15,,95875,20,0,40,0,65,,95878,4,0,40,0,20,,95886,20,,,0,75,,95876,20,0,40,0,24,,95877,32,0,40,0
400,'1_3',724,,95912,20,0,43,0,15,,95920,20,0,40,0,15,,95890,20,0,40,0,54,,95891,20,0,40,0,15,,95914,20,0,40,0,15,,95892,20,0,40,0,13,,95893,20,0,40,0,71,,95894,20,0,40,0,79,,95895,32,0,40,0,31,,95896,20,0,40,0,71,,95897,20,0,40,0,36,,95898,20,0,40,0,75,,95899,20,0,40,0,24,,95918,20,,,0,65,,95915,32,0,40,0,29,,95900,20,0,40,0,26,,95901,20,0,40,0,70,,95904,32,0,40,0,75,,95902,20,0,40,0,30,,95905,32,0,40,0,75,,95903,20,0,40,0,28,,95921,20,0,40,0,67,,95906,32,0,40,0,5,,95916,4,0,40,0,15,,95907,20,0,40,0,15,,95922,20,,,0,15,,95909,20,0,40,0,65,,95908,32,0,40,0,20,,95919,20,,,0,75,,95910,20,0,40,0,24,,95911,32,0,40,0
400,'2_6',723,,95929,20,0,40,0,104,,95930,20,0,40,0,74,,95923,32,0,40,0,27,,95931,20,0,40,0,72,,95932,20,0,40,0,30,,95933,20,0,40,0,70,,95924,32,0,40,0,31,,95934,20,0,40,0,69,,95936,20,0,40,0,31,,95935,20,0,40,0,69,,95925,32,0,40,0,30,,95937,20,0,40,0,71,,95938,20,0,40,0,29,,95939,20,0,40,0,72,,95926,32,0,40,0,32,,95940,20,0,40,0,69,,95941,20,0,40,0,30,,95942,20,0,40,0,72,,95927,32,0,40,0,35,,95943,20,0,40,0,71,,95944,20,0,40,0,32,,95945,20,0,40,0,69,,95928,32,0,40,0,31,,95946,20,0,40,0
400,'3_7',837,,95947,32,0,40,0,165,,95948,32,0,40,0,125,,95949,32,0,40,0,200,,95950,32,0,40,0,126,,95951,32,0,40,0,165,,95952,32,0,40,0,126,,95953,32,0,40,0,165,,95954,32,0,40,0
400,'4_1',724,,95978,20,0,43,0,15,,95986,20,0,40,0,15,,95955,20,0,40,0,54,,95956,20,0,40,0,15,,95980,20,0,40,0,15,,95957,20,0,40,0,13,,95958,20,0,40,0,71,,95959,20,0,40,0,79,,95960,32,0,40,0,31,,95961,20,0,40,0,71,,95962,20,0,40,0,36,,95963,20,0,40,0,75,,95964,20,0,40,0,24,,95984,20,,,0,65,,95981,32,0,40,0,29,,95965,20,0,40,0,26,,95966,20,0,40,0,70,,95969,32,0,40,0,75,,95967,20,0,40,0,30,,95970,32,0,40,0,75,,95968,20,0,40,0,28,,95987,20,0,40,0,67,,95971,32,0,40,0,5,,95982,4,0,40,0,15,,95972,20,0,40,0,15,,95988,20,,,0,15,,95974,20,0,40,0,65,,95977,4,0,40,0,20,,95985,20,,,0,75,,95975,20,0,40,0,24,,95976,32,0,40,0
400,'4_2',724,,96012,20,0,43,0,15,,96020,20,0,40,0,15,,95989,20,0,40,0,54,,95990,20,0,40,0,15,,96014,20,0,40,0,15,,95991,20,0,40,0,13,,95992,20,0,40,0,71,,95993,20,0,40,0,79,,95994,32,0,40,0,31,,95995,20,0,40,0,71,,95996,20,0,40,0,36,,95997,20,0,40,0,75,,95998,20,0,40,0,24,,96018,20,,,0,65,,96015,32,0,40,0,29,,95999,20,0,40,0,26,,96000,20,0,40,0,70,,96003,32,0,40,0,75,,96001,20,0,40,0,30,,96004,32,0,40,0,75,,96002,20,0,40,0,28,,96021,20,0,40,0,67,,96005,32,0,40,0,5,,96016,4,0,40,0,15,,96006,20,0,40,0,15,,96022,20,,,0,15,,96008,20,0,40,0,65,,96011,4,0,40,0,20,,96019,20,,,0,75,,96009,20,0,40,0,24,,96010,32,0,40,0
400,'4_4',724,,96046,20,0,43,0,15,,96054,20,0,40,0,15,,96023,20,0,40,0,54,,96024,20,0,40,0,15,,96048,20,0,40,0,15,,96025,20,0,40,0,13,,96026,20,0,40,0,71,,96027,20,0,40,0,79,,96028,32,0,40,0,31,,96029,20,0,40,0,71,,96030,20,0,40,0,36,,96031,20,0,40,0,75,,96032,20,0,40,0,24,,96052,20,,,0,65,,96049,32,0,40,0,29,,96033,20,0,40,0,26,,96034,20,0,40,0,70,,96037,32,0,40,0,75,,96035,20,0,40,0,30,,96038,32,0,40,0,75,,96036,20,0,40,0,28,,96055,20,0,40,0,67,,96039,32,0,40,0,5,,96050,4,0,40,0,15,,96040,20,0,40,0,15,,96056,20,,,0,15,,96042,20,0,40,0,65,,96045,4,0,40,0,20,,96053,20,,,0,75,,96043,20,0,40,0,24,,96044,32,0,40,0
400,'4_5',724,,96080,20,0,43,0,15,,96088,20,0,40,0,15,,96057,20,0,40,0,54,,96058,20,0,40,0,15,,96082,20,0,40,0,15,,96059,20,0,40,0,13,,96060,20,0,40,0,71,,96061,20,0,40,0,79,,96062,32,0,40,0,31,,96063,20,0,40,0,71,,96064,20,0,40,0,36,,96065,20,0,40,0,75,,96066,20,0,40,0,24,,96086,20,,,0,65,,96083,32,0,40,0,29,,96067,20,0,40,0,26,,96068,20,0,40,0,70,,96071,32,0,40,0,75,,96069,20,0,40,0,30,,96072,32,0,40,0,75,,96070,20,0,40,0,28,,96089,20,0,40,0,67,,96073,32,0,40,0,5,,96084,4,0,40,0,15,,96074,20,0,40,0,15,,96090,20,,,0,15,,96076,20,0,40,0,65,,96079,4,0,40,0,20,,96087,20,,,0,75,,96077,20,0,40,0,24,,96078,32,0,40,0
400,'5_7',837,,96091,32,0,40,0,165,,96092,32,0,40,0,125,,96093,32,0,40,0,200,,96094,32,0,40,0,126,,96095,32,0,40,0,165,,96096,32,0,40,0,126,,96097,32,0,40,0,165,,96098,32,0,40,0
500,'0_4',723,,96372,26,,,0,20,,96373,40,,,0,80,,96374,26,,,0,36,,96361,40,,,0,144,,96362,40,,,0,100,,96363,40,,,0,105,,96364,40,,,0,100,,96365,40,,,0,44,,96366,40,,,0,94,,96367,40,,,0,100,,96368,40,,,0,103,,96369,40,,,0,107,,96370,40,,,0,100,,96375,40,,,0,98,,96371,40,,,0
500,'0_5',723,,96387,26,,,0,20,,96388,40,,,0,80,,96389,26,,,0,36,,96376,40,,,0,144,,96377,40,,,0,100,,96378,40,,,0,105,,96379,40,,,0,100,,96380,40,,,0,44,,96381,40,,,0,94,,96382,40,,,0,100,,96383,40,,,0,103,,96384,40,,,0,107,,96385,40,,,0,100,,96390,40,,,0,98,,96386,40,,,0
500,'1_3',723,,96402,26,,,0,20,,96403,40,,,0,80,,96404,26,,,0,36,,96391,40,,,0,144,,96392,40,,,0,100,,96393,40,,,0,105,,96394,40,,,0,100,,96395,40,,,0,44,,96396,40,,,0,94,,96397,40,,,0,100,,96398,40,,,0,103,,96399,40,,,0,107,,96400,40,,,0,100,,96405,40,,,0,98,,96401,40,,,0
500,'2_6',753,,96417,40,,,0,100,,96406,40,,,0,100,,96407,40,,,0,100,,96408,40,,,0,99,,96409,40,,,0,96,,96410,40,,,0,98,,96411,40,,,0,100,,96412,40,,,0,100,,96413,40,,,0,100,,96414,40,,,0,100,,96415,40,,,0,191,,96416,40,,,0
500,'4_1',723,,96429,26,,,0,20,,96430,40,,,0,80,,96431,26,,,0,36,,96418,40,,,0,144,,96419,40,,,0,100,,96420,40,,,0,105,,96421,40,,,0,100,,96422,40,,,0,44,,96423,40,,,0,94,,96424,40,,,0,100,,96425,40,,,0,103,,96426,40,,,0,107,,96427,40,,,0,100,,96432,40,,,0,98,,96428,40,,,0
500,'4_2',723,,96444,26,,,0,20,,96445,40,,,0,80,,96446,26,,,0,36,,96433,40,,,0,144,,96434,40,,,0,100,,96435,40,,,0,105,,96436,40,,,0,100,,96437,40,,,0,44,,96438,40,,,0,94,,96439,40,,,0,100,,96440,40,,,0,103,,96441,40,,,0,107,,96442,40,,,0,100,,96447,40,,,0,98,,96443,40,,,0
500,'4_4',723,,96459,26,,,0,20,,96460,40,,,0,80,,96461,26,,,0,36,,96448,40,,,0,144,,96449,40,,,0,100,,96450,40,,,0,105,,96451,40,,,0,100,,96452,40,,,0,44,,96453,40,,,0,94,,96454,40,,,0,100,,96455,40,,,0,103,,96456,40,,,0,107,,96457,40,,,0,100,,96462,40,,,0,98,,96458,40,,,0
500,'4_5',723,,96474,26,,,0,20,,96475,40,,,0,80,,96476,26,,,0,36,,96463,40,,,0,144,,96464,40,,,0,100,,96465,40,,,0,105,,96466,40,,,0,100,,96467,40,,,0,44,,96468,40,,,0,94,,96469,40,,,0,100,,96470,40,,,0,103,,96471,40,,,0,107,,96472,40,,,0,100,,96477,40,,,0,98,,96473,40,,,0
600,'0_4',726,,96586,28,,,0,24,,96600,28,0,11 12,0,93,,96587,28,,,0,106,,96588,28,0,11 12,0,100,,96589,28,0,11 12,0,89,,96590,28,0,11 12,0,110,,96591,28,0,11 12,0,110,,96592,28,0,11 12,0,96,,96601,28,0,11 12,0,91,,96593,28,0,11 12,0,101,,96594,28,0,11 12,0,89,,96595,28,0,11 12,0,79,,96596,28,0,11 12,0,27,,96597,28,0,11 12,0,68,,96598,28,0,11 12,0,39,,96599,28,0,11 12,0
600,'0_5',726,,96602,28,,,0,24,,96616,28,0,11 12,0,93,,96603,28,,,0,106,,96604,28,0,11 12,0,100,,96605,28,0,11 12,0,89,,96606,28,0,11 12,0,110,,96607,28,0,11 12,0,110,,96608,28,0,11 12,0,96,,96617,28,0,11 12,0,91,,96609,28,0,11 12,0,101,,96610,28,0,11 12,0,89,,96611,28,0,11 12,0,79,,96612,28,0,11 12,0,27,,96613,28,0,11 12,0,68,,96614,28,0,11 12,0,39,,96615,28,0,11 12,0
600,'1_3',726,,96618,28,,,0,24,,96632,28,0,11 12,0,93,,96619,28,,,0,106,,96620,28,0,11 12,0,100,,96621,28,0,11 12,0,89,,96622,28,0,11 12,0,110,,96623,28,0,11 12,0,110,,96624,28,0,11 12,0,96,,96633,28,0,11 12,0,91,,96625,28,0,11 12,0,101,,96626,28,0,11 12,0,89,,96627,28,0,11 12,0,79,,96628,28,0,11 12,0,27,,96629,28,0,11 12,0,68,,96630,28,0,11 12,0,39,,96631,28,0,11 12,0
600,'2_6',811,,96634,28,0,11 12,0,94,,96636,28,0,11 12,0,53,,96637,28,0,11 12,0,88,,96638,28,0,11 12,0,89,,96639,28,0,11 12,0,88,,96640,28,0,11 12,0,88,,96641,28,0,11 12,0,90,,96642,28,0,11 12,0,48,,96643,28,0,11 12,0,99,,96644,28,0,11 12,0,91,,96645,28,0,11 12,0,92,,96646,28,0,11 12,0,90,,96647,28,0,11 12,0,91,,96648,28,0,11 12,0,40,,96635,28,0,11 12,0
600,'4_1',726,,96649,28,,,0,24,,96663,28,0,11 12,0,93,,96650,28,,,0,106,,96651,28,0,11 12,0,100,,96652,28,0,11 12,0,89,,96653,28,0,11 12,0,110,,96654,28,0,11 12,0,110,,96655,28,0,11 12,0,96,,96664,28,0,11 12,0,91,,96656,28,0,11 12,0,101,,96657,28,0,11 12,0,89,,96658,28,0,11 12,0,79,,96659,28,0,11 12,0,27,,96660,28,0,11 12,0,68,,96661,28,0,11 12,0,39,,96662,28,0,11 12,0
600,'4_2',726,,96665,28,,,0,24,,96679,28,0,11 12,0,93,,96666,28,,,0,106,,96667,28,0,11 12,0,100,,96668,28,0,11 12,0,89,,96669,28,0,11 12,0,110,,96670,28,0,11 12,0,110,,96671,28,0,11 12,0,96,,96680,28,0,11 12,0,91,,96672,28,0,11 12,0,101,,96673,28,0,11 12,0,89,,96674,28,0,11 12,0,79,,96675,28,0,11 12,0,27,,96676,28,0,11 12,0,68,,96677,28,0,11 12,0,39,,96678,28,0,11 12,0
600,'4_4',726,,96681,28,,,0,24,,96695,28,0,11 12,0,93,,96682,28,,,0,106,,96683,28,0,11 12,0,100,,96684,28,0,11 12,0,89,,96685,28,0,11 12,0,110,,96686,28,0,11 12,0,110,,96687,28,0,11 12,0,96,,96696,28,0,11 12,0,91,,96688,28,0,11 12,0,101,,96689,28,0,11 12,0,89,,96690,28,0,11 12,0,79,,96691,28,0,11 12,0,27,,96692,28,0,11 12,0,68,,96693,28,0,11 12,0,39,,96694,28,0,11 12,0
600,'4_5',726,,96697,28,,,0,24,,96711,28,0,11 12,0,93,,96698,28,,,0,106,,96699,28,0,11 12,0,100,,96700,28,0,11 12,0,89,,96701,28,0,11 12,0,110,,96702,28,0,11 12,0,110,,96703,28,0,11 12,0,96,,96712,28,0,11 12,0,91,,96704,28,0,11 12,0,101,,96705,28,0,11 12,0,89,,96706,28,0,11 12,0,79,,96707,28,0,11 12,0,27,,96708,28,0,11 12,0,68,,96709,28,0,11 12,0,39,,96710,28,0,11 12,0
2500,'0_4',732,,98702,4,,,0,72,,98703,4,,,0,40,,98704,4,,,0,112,,98705,4,,,0,152,,98706,4,,,0,131,,98707,4,,,0,116,,98708,4,,,0,156,,98709,4,,,0,44,,98710,4,,,0,85,,98711,4,,,0,109,,98712,4,,,0,85,,98713,4,,,0,112,,98714,4,,,0
2500,'0_5',732,,98715,4,,,0,72,,98716,4,,,0,40,,98717,4,,,0,112,,98718,4,,,0,152,,98719,4,,,0,131,,98720,4,,,0,116,,98721,4,,,0,156,,98722,4,,,0,44,,98723,4,,,0,85,,98724,4,,,0,109,,98725,4,,,0,85,,98726,4,,,0,112,,98727,4,,,0
2500,'1_3',732,,98728,4,,,0,72,,98729,4,,,0,40,,98730,4,,,0,112,,98731,4,,,0,152,,98732,4,,,0,131,,98733,4,,,0,116,,98734,4,,,0,156,,98735,4,,,0,44,,98736,4,,,0,85,,98737,4,,,0,109,,98738,4,,,0,85,,98739,4,,,0,112,,98740,4,,,0
2500,'2_6',733,,98741,4,,,0,112,,98742,4,,,0,167,,98743,4,,,0,113,,98744,4,,,0,128,,98745,4,,,0,152,,98746,4,,,0,132,,98747,4,,,0,120,,98748,4,,,0,161,,98749,4,,,0,115,,98750,4,,,0
2500,'4_1',732,,98751,4,,,0,72,,98752,4,,,0,40,,98753,4,,,0,112,,98754,4,,,0,152,,98755,4,,,0,131,,98756,4,,,0,116,,98757,4,,,0,156,,98758,4,,,0,44,,98759,4,,,0,85,,98760,4,,,0,109,,98761,4,,,0,85,,98762,4,,,0,112,,98763,4,,,0
2500,'4_2',732,,98764,4,,,0,72,,98765,4,,,0,40,,98766,4,,,0,112,,98767,4,,,0,152,,98768,4,,,0,131,,98769,4,,,0,116,,98770,4,,,0,156,,98771,4,,,0,44,,98772,4,,,0,85,,98773,4,,,0,109,,98774,4,,,0,85,,98775,4,,,0,112,,98776,4,,,0
2500,'4_4',732,,98777,4,,,0,72,,98778,4,,,0,40,,98779,4,,,0,112,,98780,4,,,0,152,,98781,4,,,0,131,,98782,4,,,0,116,,98783,4,,,0,156,,98784,4,,,0,44,,98785,4,,,0,85,,98786,4,,,0,109,,98787,4,,,0,85,,98788,4,,,0,112,,98789,4,,,0
2500,'4_5',732,,98790,4,,,0,72,,98791,4,,,0,40,,98792,4,,,0,112,,98793,4,,,0,152,,98794,4,,,0,131,,98795,4,,,0,116,,98796,4,,,0,156,,98797,4,,,0,44,,98798,4,,,0,85,,98799,4,,,0,109,,98800,4,,,0,85,,98801,4,,,0,112,,98802,4,,,0
2600,'0_4',712,,98904,19,,,0,13,,98915,19,,,0,83,,98916,19,,,0,17,,98917,19,,,0,84,,98918,19,,,0,29,,98919,19,,,0,95,,98905,19,,,0,99,,98906,19,,,0,97,,98907,19,,,0,28,,98908,19,,,0,70,,98923,19,,,0,95,,98924,19,,,0,111,,98909,19,,,0,85,,98910,19,,,0,25,,98920,19,,,0,71,,98921,19,,,0,21,,98911,19,,,0,68,,98912,19,,,0,32,,98913,19,,,0,68,,98926,19,,,0
2600,'0_5',712,,98928,19,,,0,13,,98939,19,,,0,83,,98940,19,,,0,17,,98941,19,,,0,84,,98942,19,,,0,29,,98943,19,,,0,95,,98929,19,,,0,99,,98930,19,,,0,97,,98931,19,,,0,28,,98932,19,,,0,70,,98947,19,,,0,95,,98948,19,,,0,111,,98933,19,,,0,85,,98934,19,,,0,25,,98944,19,,,0,71,,98945,19,,,0,21,,98935,19,,,0,68,,98936,19,,,0,32,,98937,19,,,0,68,,98950,19,,,0
2600,'1_3',712,,98952,19,,,0,13,,98963,19,,,0,83,,98964,19,,,0,17,,98965,19,,,0,84,,98966,19,,,0,29,,98967,19,,,0,95,,98953,19,,,0,99,,98954,19,,,0,97,,98955,19,,,0,28,,98956,19,,,0,70,,98971,19,,,0,95,,98972,19,,,0,111,,98957,19,,,0,85,,98958,19,,,0,25,,98968,19,,,0,71,,98969,19,,,0,21,,98959,19,,,0,68,,98960,19,,,0,32,,98961,19,,,0,68,,98973,19,,,0
2600,'2_6',733,,98975,19,,,0,85,,98976,19,,,0,85,,98977,19,,,0,45,,98978,19,,,0,84,,98979,19,,,0,90,,98980,19,,,0,84,,98981,19,,,0,42,,98982,19,,,0,85,,98983,19,,,0,85,,98984,19,,,0,83,,98985,19,,,0,45,,98986,19,,,0,90,,98987,19,,,0,86,,98988,19,,,0,83,,98989,19,,,0,45,,98990,19,,,0,82,,98991,19,,,0
2600,'4_1',712,,98992,19,,,0,13,,99003,19,,,0,83,,99004,19,,,0,17,,99005,19,,,0,84,,99006,19,,,0,29,,99007,19,,,0,95,,98993,19,,,0,99,,98994,19,,,0,97,,98995,19,,,0,28,,98996,19,,,0,70,,99011,19,,,0,95,,99012,19,,,0,111,,98997,19,,,0,85,,98998,19,,,0,25,,99008,19,,,0,71,,99009,19,,,0,21,,98999,19,,,0,68,,99000,19,,,0,32,,99001,19,,,0,68,,99014,19,,,0
2600,'4_2',712,,99016,19,,,0,13,,99027,19,,,0,83,,99028,19,,,0,17,,99029,19,,,0,84,,99030,19,,,0,29,,99031,19,,,0,95,,99017,19,,,0,99,,99018,19,,,0,97,,99019,19,,,0,28,,99020,19,,,0,70,,99035,19,,,0,95,,99036,19,,,0,111,,99021,19,,,0,85,,99022,19,,,0,25,,99032,19,,,0,71,,99033,19,,,0,21,,99023,19,,,0,68,,99024,19,,,0,32,,99025,19,,,0,68,,99038,19,,,0
2600,'4_4',712,,99041,19,,,0,13,,99052,19,,,0,83,,99053,19,,,0,17,,99054,19,,,0,84,,99055,19,,,0,29,,99056,19,,,0,95,,99042,19,,,0,99,,99043,19,,,0,97,,99044,19,,,0,28,,99045,19,,,0,70,,99060,19,,,0,95,,99061,19,,,0,111,,99046,19,,,0,85,,99047,19,,,0,25,,99057,19,,,0,71,,99058,19,,,0,21,,99048,19,,,0,68,,99049,19,,,0,32,,99050,19,,,0,68,,99063,19,,,0
2600,'4_5',712,,99065,19,,,0,13,,99076,19,,,0,83,,99077,19,,,0,17,,99078,19,,,0,84,,99079,19,,,0,29,,99080,19,,,0,95,,99066,19,,,0,99,,99067,19,,,0,97,,99068,19,,,0,28,,99069,19,,,0,70,,99084,19,,,0,95,,99085,19,,,0,111,,99070,19,,,0,85,,99071,19,,,0,25,,99081,19,,,0,71,,99082,19,,,0,21,,99072,19,,,0,68,,99073,19,,,0,32,,99074,19,,,0,68,,99087,19,,,0
2000000,'0_4',657,,101480,18,,,0,65,,101462,18,,,0,17,,101490,18,,,0,15,,101446,18,,,0,54,,101473,18,,,0,15,,101455,18,,,0,15,,101482,18,,,0,15,,101465,18,,,0,56,,101493,18,,,0,16,,101447,18,,,0,16,,101478,18,,,0,16,,101456,18,,,0,56,,101483,18,,,0,16,,101463,18,,,0,16,,101491,18,,,0,56,,101448,18,,,0,16,,101479,18,,,0,15,,101457,18,,,0,16,,101484,18,,,0,56,,101464,18,,,0,15,,101494,18,,,0,17,,101449,18,,,0,12,,101472,18,,,0,56,,101458,18,,,0,15,,101481,18,,,0,15,,101466,18,,,0,15,,101492,18,,,0,55,,101451,18,,,0,15,,101474,18,,,0,15,,101461,18,,,0,15,,101486,18,,,0,55,,101467,18,,,0,15,,101495,18,,,0,15,,101452,18,,,0,15,,101475,18,,,0,56,,101460,18,,,0,15,,101485,18,,,0,15,,101468,18,,,0,16,,101444,18,,,0,56,,101496,18,,,0,18,,101450,18,,,0,14,,101477,18,,,0,16,,101459,18,,,0,55,,101487,18,,,0,15,,101470,18,,,0,13,,101445,18,,,0,13,,101497,18,,,0,54,,101453,18,,,0,14,,101476,18,,,0,13,,101488,18,,,0,19,,101469,18,,,0,61,,101498,18,,,0,20,,101454,18,,,0,19,,101489,18,,,0,60,,101471,18,,,0
2000000,'0_5',657,,101539,18,,,0,65,,101521,18,,,0,17,,101549,18,,,0,15,,101505,18,,,0,54,,101532,18,,,0,15,,101514,18,,,0,15,,101541,18,,,0,15,,101524,18,,,0,56,,101552,18,,,0,16,,101506,18,,,0,16,,101537,18,,,0,16,,101515,18,,,0,56,,101542,18,,,0,16,,101522,18,,,0,16,,101550,18,,,0,56,,101507,18,,,0,16,,101538,18,,,0,15,,101516,18,,,0,16,,101543,18,,,0,56,,101523,18,,,0,15,,101553,18,,,0,17,,101508,18,,,0,12,,101531,18,,,0,56,,101517,18,,,0,15,,101540,18,,,0,15,,101525,18,,,0,15,,101551,18,,,0,55,,101510,18,,,0,15,,101533,18,,,0,15,,101520,18,,,0,15,,101545,18,,,0,55,,101526,18,,,0,15,,101554,18,,,0,15,,101511,18,,,0,15,,101534,18,,,0,56,,101519,18,,,0,15,,101544,18,,,0,15,,101527,18,,,0,16,,101503,18,,,0,56,,101555,18,,,0,18,,101509,18,,,0,14,,101536,18,,,0,16,,101518,18,,,0,55,,101546,18,,,0,15,,101529,18,,,0,13,,101504,18,,,0,13,,101556,18,,,0,54,,101512,18,,,0,14,,101535,18,,,0,13,,101547,18,,,0,19,,101528,18,,,0,61,,101557,18,,,0,20,,101513,18,,,0,19,,101548,18,,,0,60,,101530,18,,,0
2000000,'1_3',657,,101597,18,,,0,65,,101579,18,,,0,17,,101607,18,,,0,15,,101563,18,,,0,54,,101590,18,,,0,15,,101572,18,,,0,15,,101599,18,,,0,15,,101582,18,,,0,56,,101610,18,,,0,16,,101564,18,,,0,16,,101595,18,,,0,16,,101573,18,,,0,56,,101600,18,,,0,16,,101580,18,,,0,16,,101608,18,,,0,56,,101565,18,,,0,16,,101596,18,,,0,15,,101574,18,,,0,16,,101601,18,,,0,56,,101581,18,,,0,15,,101611,18,,,0,17,,101566,18,,,0,12,,101589,18,,,0,56,,101575,18,,,0,15,,101598,18,,,0,15,,101583,18,,,0,15,,101609,18,,,0,55,,101568,18,,,0,15,,101591,18,,,0,15,,101578,18,,,0,15,,101603,18,,,0,55,,101584,18,,,0,15,,101612,18,,,0,15,,101569,18,,,0,15,,101592,18,,,0,56,,101577,18,,,0,15,,101602,18,,,0,15,,101585,18,,,0,16,,101561,18,,,0,56,,101613,18,,,0,18,,101567,18,,,0,14,,101594,18,,,0,16,,101576,18,,,0,55,,101604,18,,,0,15,,101587,18,,,0,13,,101562,18,,,0,13,,101614,18,,,0,54,,101570,18,,,0,14,,101593,18,,,0,13,,101605,18,,,0,19,,101586,18,,,0,61,,101615,18,,,0,20,,101571,18,,,0,19,,101606,18,,,0,60,,101588,18,,,0
2000000,'2_6',654,,101617,18,,,0,82,,101618,18,,,0,79,,101619,18,,,0,30,,101620,18,,,0,60,,101621,18,,,0,20,,101622,18,,,0,19,,101623,18,,,0,58,,101624,18,,,0,20,,101625,18,,,0,20,,101626,18,,,0,58,,101627,18,,,0,19,,101628,18,,,0,19,,101629,18,,,0,20,,101630,18,,,0,58,,101631,18,,,0,19,,101632,18,,,0,18,,101633,18,,,0,59,,101634,18,,,0,19,,101635,18,,,0,19,,101636,18,,,0,58,,101637,18,,,0,19,,101638,18,,,0,20,,101639,18,,,0,60,,101640,18,,,0,19,,101641,18,,,0,19,,101642,18,,,0,60,,101643,18,,,0,20,,101644,18,,,0,20,,101645,18,,,0,60,,101646,18,,,0,19,,101647,18,,,0,20,,101648,18,,,0,60,,101649,18,,,0,20,,101650,18,,,0,18,,101651,18,,,0,60,,101652,18,,,0,24,,101653,18,,,0,24,,101654,18,,,0,64,,101655,18,,,0,24,,101656,18,,,0,65,,101657,18,,,0
2000000,'3_7',831,,101658,18,,,0,80,,101659,18,,,0,40,,101660,18,,,0,80,,101661,18,,,0,80,,101662,18,,,0,40,,101663,18,,,0,80,,101664,18,,,0,80,,101665,18,,,0,40,,101666,18,,,0,80,,101667,18,,,0,80,,101668,18,,,0,40,,101669,18,,,0,80,,101670,18,,,0,80,,101671,18,,,0,40,,101672,18,,,0,80,,101673,18,,,0,80,,101674,18,,,0,40,,101675,18,,,0
2000000,'4_1',657,,101715,18,,,0,65,,101697,18,,,0,17,,101725,18,,,0,15,,101681,18,,,0,54,,101708,18,,,0,15,,101690,18,,,0,15,,101717,18,,,0,15,,101700,18,,,0,56,,101728,18,,,0,16,,101682,18,,,0,16,,101713,18,,,0,16,,101691,18,,,0,56,,101718,18,,,0,16,,101698,18,,,0,16,,101726,18,,,0,56,,101683,18,,,0,16,,101714,18,,,0,15,,101692,18,,,0,16,,101719,18,,,0,56,,101699,18,,,0,15,,101729,18,,,0,17,,101684,18,,,0,12,,101707,18,,,0,56,,101693,18,,,0,15,,101716,18,,,0,15,,101701,18,,,0,15,,101727,18,,,0,55,,101686,18,,,0,15,,101709,18,,,0,15,,101696,18,,,0,15,,101721,18,,,0,55,,101702,18,,,0,15,,101730,18,,,0,15,,101687,18,,,0,15,,101710,18,,,0,56,,101695,18,,,0,15,,101720,18,,,0,15,,101703,18,,,0,16,,101679,18,,,0,56,,101731,18,,,0,18,,101685,18,,,0,14,,101712,18,,,0,16,,101694,18,,,0,55,,101722,18,,,0,15,,101705,18,,,0,13,,101680,18,,,0,13,,101732,18,,,0,54,,101688,18,,,0,14,,101711,18,,,0,13,,101723,18,,,0,19,,101704,18,,,0,61,,101733,18,,,0,20,,101689,18,,,0,19,,101724,18,,,0,60,,101706,18,,,0
2000000,'4_2',657,,101774,18,,,0,65,,101756,18,,,0,17,,101784,18,,,0,15,,101740,18,,,0,54,,101767,18,,,0,15,,101749,18,,,0,15,,101776,18,,,0,15,,101759,18,,,0,56,,101787,18,,,0,16,,101741,18,,,0,16,,101772,18,,,0,16,,101750,18,,,0,56,,101777,18,,,0,16,,101757,18,,,0,16,,101785,18,,,0,56,,101742,18,,,0,16,,101773,18,,,0,15,,101751,18,,,0,16,,101778,18,,,0,56,,101758,18,,,0,15,,101788,18,,,0,17,,101743,18,,,0,12,,101766,18,,,0,56,,101752,18,,,0,15,,101775,18,,,0,15,,101760,18,,,0,15,,101786,18,,,0,55,,101745,18,,,0,15,,101768,18,,,0,15,,101755,18,,,0,15,,101780,18,,,0,55,,101761,18,,,0,15,,101789,18,,,0,15,,101746,18,,,0,15,,101769,18,,,0,56,,101754,18,,,0,15,,101779,18,,,0,15,,101762,18,,,0,16,,101738,18,,,0,56,,101790,18,,,0,18,,101744,18,,,0,14,,101771,18,,,0,16,,101753,18,,,0,55,,101781,18,,,0,15,,101764,18,,,0,13,,101739,18,,,0,13,,101791,18,,,0,54,,101747,18,,,0,14,,101770,18,,,0,13,,101782,18,,,0,19,,101763,18,,,0,61,,101792,18,,,0,20,,101748,18,,,0,19,,101783,18,,,0,60,,101765,18,,,0
2000000,'4_4',657,,101833,18,,,0,65,,101815,18,,,0,17,,101843,18,,,0,15,,101799,18,,,0,54,,101826,18,,,0,15,,101808,18,,,0,15,,101835,18,,,0,15,,101818,18,,,0,56,,101846,18,,,0,16,,101800,18,,,0,16,,101831,18,,,0,16,,101809,18,,,0,56,,101836,18,,,0,16,,101816,18,,,0,16,,101844,18,,,0,56,,101801,18,,,0,16,,101832,18,,,0,15,,101810,18,,,0,16,,101837,18,,,0,56,,101817,18,,,0,15,,101847,18,,,0,17,,101802,18,,,0,12,,101825,18,,,0,56,,101811,18,,,0,15,,101834,18,,,0,15,,101819,18,,,0,15,,101845,18,,,0,55,,101804,18,,,0,15,,101827,18,,,0,15,,101814,18,,,0,15,,101839,18,,,0,55,,101820,18,,,0,15,,101848,18,,,0,15,,101805,18,,,0,15,,101828,18,,,0,56,,101813,18,,,0,15,,101838,18,,,0,15,,101821,18,,,0,16,,101797,18,,,0,56,,101849,18,,,0,18,,101803,18,,,0,14,,101830,18,,,0,16,,101812,18,,,0,55,,101840,18,,,0,15,,101823,18,,,0,13,,101798,18,,,0,13,,101850,18,,,0,54,,101806,18,,,0,14,,101829,18,,,0,13,,101841,18,,,0,19,,101822,18,,,0,61,,101851,18,,,0,20,,101807,18,,,0,19,,101842,18,,,0,60,,101824,18,,,0
2000000,'4_5',657,,101892,18,,,0,65,,101874,18,,,0,17,,101902,18,,,0,15,,101858,18,,,0,54,,101885,18,,,0,15,,101867,18,,,0,15,,101894,18,,,0,15,,101877,18,,,0,56,,101905,18,,,0,16,,101859,18,,,0,16,,101890,18,,,0,16,,101868,18,,,0,56,,101895,18,,,0,16,,101875,18,,,0,16,,101903,18,,,0,56,,101860,18,,,0,16,,101891,18,,,0,15,,101869,18,,,0,16,,101896,18,,,0,56,,101876,18,,,0,15,,101906,18,,,0,17,,101861,18,,,0,12,,101884,18,,,0,56,,101870,18,,,0,15,,101893,18,,,0,15,,101878,18,,,0,15,,101904,18,,,0,55,,101863,18,,,0,15,,101886,18,,,0,15,,101873,18,,,0,15,,101898,18,,,0,55,,101879,18,,,0,15,,101907,18,,,0,15,,101864,18,,,0,15,,101887,18,,,0,56,,101872,18,,,0,15,,101897,18,,,0,15,,101880,18,,,0,16,,101856,18,,,0,56,,101908,18,,,0,18,,101862,18,,,0,14,,101889,18,,,0,16,,101871,18,,,0,55,,101899,18,,,0,15,,101882,18,,,0,13,,101857,18,,,0,13,,101909,18,,,0,54,,101865,18,,,0,14,,101888,18,,,0,13,,101900,18,,,0,19,,101881,18,,,0,61,,101910,18,,,0,20,,101866,18,,,0,19,,101901,18,,,0,60,,101883,18,,,0
2000000,'5_7',831,,101912,18,,,0,80,,101913,18,,,0,40,,101914,18,,,0,80,,101915,18,,,0,80,,101916,18,,,0,40,,101917,18,,,0,80,,101918,18,,,0,80,,101919,18,,,0,40,,101920,18,,,0,80,,101921,18,,,0,80,,101922,18,,,0,40,,101923,18,,,0,80,,101924,18,,,0,80,,101925,18,,,0,40,,101926,18,,,0,80,,101927,18,,,0,80,,101928,18,,,0,40,,101929,18,,,0
3000000,'0_4',642,,102673,14,,,0,59,,102672,14,,,0,23,,102632,14,,,0,20,,102633,14,,,0,60,,102634,14,,,0,19,,102635,14,,,0,20,,102636,14,,,0,62,,102637,14,,,0,20,,102638,14,,,0,20,,102639,14,,,0,60,,102640,14,,,0,19,,102641,14,,,0,21,,102642,14,,,0,60,,102643,14,,,0,20,,102644,14,,,0,20,,102645,14,,,0,60,,102646,14,,,0,21,,102647,14,,,0,20,,102648,14,,,0,59,,102649,14,,,0,20,,102650,14,,,0,19,,102651,14,,,0,60,,102652,14,,,0,21,,102653,14,,,0,20,,102654,14,,,0,60,,102655,14,,,0,20,,102656,14,,,0,19,,102657,14,,,0,59,,102658,14,,,0,17,,102659,14,,,0,19,,102660,14,,,0,18,,102661,14,,,0,61,,102662,14,,,0,21,,102663,14,,,0,61,,102664,14,,,0,21,,102665,14,,,0,21,,102666,14,,,0,60,,102667,14,,,0,20,,102668,14,,,0,28,,102669,14,,,0,73,,102670,14,,,0,32,,102671,14,,,0
3000000,'0_5',642,,102719,14,,,0,59,,102718,14,,,0,23,,102678,14,,,0,20,,102679,14,,,0,60,,102680,14,,,0,19,,102681,14,,,0,20,,102682,14,,,0,62,,102683,14,,,0,20,,102684,14,,,0,20,,102685,14,,,0,60,,102686,14,,,0,19,,102687,14,,,0,21,,102688,14,,,0,60,,102689,14,,,0,20,,102690,14,,,0,20,,102691,14,,,0,60,,102692,14,,,0,21,,102693,14,,,0,20,,102694,14,,,0,59,,102695,14,,,0,20,,102696,14,,,0,19,,102697,14,,,0,60,,102698,14,,,0,21,,102699,14,,,0,20,,102700,14,,,0,60,,102701,14,,,0,20,,102702,14,,,0,19,,102703,14,,,0,59,,102704,14,,,0,17,,102705,14,,,0,19,,102706,14,,,0,18,,102707,14,,,0,61,,102708,14,,,0,21,,102709,14,,,0,61,,102710,14,,,0,21,,102711,14,,,0,21,,102712,14,,,0,60,,102713,14,,,0,20,,102714,14,,,0,28,,102715,14,,,0,73,,102716,14,,,0,32,,102717,14,,,0
3000000,'1_3',642,,102765,14,,,0,59,,102764,14,,,0,23,,102724,14,,,0,20,,102725,14,,,0,60,,102726,14,,,0,19,,102727,14,,,0,20,,102728,14,,,0,62,,102729,14,,,0,20,,102730,14,,,0,20,,102731,14,,,0,60,,102732,14,,,0,19,,102733,14,,,0,21,,102734,14,,,0,60,,102735,14,,,0,20,,102736,14,,,0,20,,102737,14,,,0,60,,102738,14,,,0,21,,102739,14,,,0,20,,102740,14,,,0,59,,102741,14,,,0,20,,102742,14,,,0,19,,102743,14,,,0,60,,102744,14,,,0,21,,102745,14,,,0,20,,102746,14,,,0,60,,102747,14,,,0,20,,102748,14,,,0,19,,102749,14,,,0,59,,102750,14,,,0,17,,102751,14,,,0,19,,102752,14,,,0,18,,102753,14,,,0,61,,102754,14,,,0,21,,102755,14,,,0,61,,102756,14,,,0,21,,102757,14,,,0,21,,102758,14,,,0,60,,102759,14,,,0,20,,102760,14,,,0,28,,102761,14,,,0,73,,102762,14,,,0,32,,102763,14,,,0
3000000,'2_6',646,,102770,14,,,0,82,,102771,14,,,0,81,,102772,14,,,0,30,,102773,14,,,0,20,,102774,14,,,0,60,,102775,14,,,0,21,,102776,14,,,0,60,,102777,14,,,0,20,,102778,14,,,0,20,,102779,14,,,0,60,,102780,14,,,0,19,,102781,14,,,0,20,,102782,14,,,0,20,,102783,14,,,0,60,,102784,14,,,0,19,,102785,14,,,0,20,,102786,14,,,0,60,,102787,14,,,0,20,,102788,14,,,0,20,,102789,14,,,0,61,,102790,14,,,0,20,,102791,14,,,0,20,,102792,14,,,0,60,,102793,14,,,0,20,,102794,14,,,0,20,,102795,14,,,0,60,,102796,14,,,0,20,,102797,14,,,0,20,,102798,14,,,0,60,,102799,14,,,0,20,,102800,14,,,0,20,,102801,14,,,0,59,,102802,14,,,0,20,,102803,14,,,0,19,,102804,14,,,0,70,,102805,14,,,0,30,,102806,14,,,0,69,,102807,14,,,0,29,,102808,14,,,0
3000000,'3_7',807,,102810,14,,,0,130,,102811,14,,,0,170,,102818,14,,,0,130,,102817,14,,,0,170,,102816,14,,,0,130,,102814,14,,,0,170,,102815,14,,,0,129,,102813,14,,,0,170,,102812,14,,,0
3000000,'4_1',642,,102865,14,,,0,59,,102864,14,,,0,23,,102824,14,,,0,20,,102825,14,,,0,60,,102826,14,,,0,19,,102827,14,,,0,20,,102828,14,,,0,62,,102829,14,,,0,20,,102830,14,,,0,20,,102831,14,,,0,60,,102832,14,,,0,19,,102833,14,,,0,21,,102834,14,,,0,60,,102835,14,,,0,20,,102836,14,,,0,20,,102837,14,,,0,60,,102838,14,,,0,21,,102839,14,,,0,20,,102840,14,,,0,59,,102841,14,,,0,20,,102842,14,,,0,19,,102843,14,,,0,60,,102844,14,,,0,21,,102845,14,,,0,20,,102846,14,,,0,60,,102847,14,,,0,20,,102848,14,,,0,19,,102849,14,,,0,59,,102850,14,,,0,17,,102851,14,,,0,19,,102852,14,,,0,18,,102853,14,,,0,61,,102854,14,,,0,21,,102855,14,,,0,61,,102856,14,,,0,21,,102857,14,,,0,21,,102858,14,,,0,60,,102859,14,,,0,20,,102860,14,,,0,28,,102861,14,,,0,73,,102862,14,,,0,32,,102863,14,,,0
3000000,'4_2',642,,102911,14,,,0,59,,102910,14,,,0,23,,102870,14,,,0,20,,102871,14,,,0,60,,102872,14,,,0,19,,102873,14,,,0,20,,102874,14,,,0,62,,102875,14,,,0,20,,102876,14,,,0,20,,102877,14,,,0,60,,102878,14,,,0,19,,102879,14,,,0,21,,102880,14,,,0,60,,102881,14,,,0,20,,102882,14,,,0,20,,102883,14,,,0,60,,102884,14,,,0,21,,102885,14,,,0,20,,102886,14,,,0,59,,102887,14,,,0,20,,102888,14,,,0,19,,102889,14,,,0,60,,102890,14,,,0,21,,102891,14,,,0,20,,102892,14,,,0,60,,102893,14,,,0,20,,102894,14,,,0,19,,102895,14,,,0,59,,102896,14,,,0,17,,102897,14,,,0,19,,102898,14,,,0,18,,102899,14,,,0,61,,102900,14,,,0,21,,102901,14,,,0,61,,102902,14,,,0,21,,102903,14,,,0,21,,102904,14,,,0,60,,102905,14,,,0,20,,102906,14,,,0,28,,102907,14,,,0,73,,102908,14,,,0,32,,102909,14,,,0
3000000,'4_4',642,,102957,14,,,0,59,,102956,14,,,0,23,,102916,14,,,0,20,,102917,14,,,0,60,,102918,14,,,0,19,,102919,14,,,0,20,,102920,14,,,0,62,,102921,14,,,0,20,,102922,14,,,0,20,,102923,14,,,0,60,,102924,14,,,0,19,,102925,14,,,0,21,,102926,14,,,0,60,,102927,14,,,0,20,,102928,14,,,0,20,,102929,14,,,0,60,,102930,14,,,0,21,,102931,14,,,0,20,,102932,14,,,0,59,,102933,14,,,0,20,,102934,14,,,0,19,,102935,14,,,0,60,,102936,14,,,0,21,,102937,14,,,0,20,,102938,14,,,0,60,,102939,14,,,0,20,,102940,14,,,0,19,,102941,14,,,0,59,,102942,14,,,0,17,,102943,14,,,0,19,,102944,14,,,0,18,,102945,14,,,0,61,,102946,14,,,0,21,,102947,14,,,0,61,,102948,14,,,0,21,,102949,14,,,0,21,,102950,14,,,0,60,,102951,14,,,0,20,,102952,14,,,0,28,,102953,14,,,0,73,,102954,14,,,0,32,,102955,14,,,0
3000000,'4_5',642,,103003,14,,,0,59,,103002,14,,,0,23,,102962,14,,,0,20,,102963,14,,,0,60,,102964,14,,,0,19,,102965,14,,,0,20,,102966,14,,,0,62,,102967,14,,,0,20,,102968,14,,,0,20,,102969,14,,,0,60,,102970,14,,,0,19,,102971,14,,,0,21,,102972,14,,,0,60,,102973,14,,,0,20,,102974,14,,,0,20,,102975,14,,,0,60,,102976,14,,,0,21,,102977,14,,,0,20,,102978,14,,,0,59,,102979,14,,,0,20,,102980,14,,,0,19,,102981,14,,,0,60,,102982,14,,,0,21,,102983,14,,,0,20,,102984,14,,,0,60,,102985,14,,,0,20,,102986,14,,,0,19,,102987,14,,,0,59,,102988,14,,,0,17,,102989,14,,,0,19,,102990,14,,,0,18,,102991,14,,,0,61,,102992,14,,,0,21,,102993,14,,,0,61,,102994,14,,,0,21,,102995,14,,,0,21,,102996,14,,,0,60,,102997,14,,,0,20,,102998,14,,,0,28,,102999,14,,,0,73,,103000,14,,,0,32,,103001,14,,,0
3000000,'5_7',807,,103009,14,,,0,130,,103010,14,,,0,170,,103017,14,,,0,130,,103016,14,,,0,170,,103015,14,,,0,130,,103013,14,,,0,170,,103014,14,,,0,129,,103012,14,,,0,170,,103011,14,,,0
