400,'1_3',747,,95913,38,0,40,0,54,,95917,4,0,23 51,0,2,,95920,38,0,40,0,10,,95890,37,0,40,0,17,,95891,38,0,40,0,10,,95914,37,0,40,0,14,,95892,37,0,40,0,53,,95893,37,0,40,0,30,,95894,37,0,40,0,79,,95895,49,0,40,0,31,,95896,37,0,40,0,71,,95897,37,0,40,0,36,,95898,37,0,40,0,77,,95899,37,0,40,0,21,,95918,37,,,0,70,,95915,50,0,40,0,25,,95900,37,0,40,0,66,,95901,37,0,40,0,30,,95904,49,0,40,0,76,,95902,37,0,40,0,30,,95905,49,0,40,0,79,,95903,37,0,40,0,76,,95921,38,0,40,0,26,,95906,49,0,40,0,8,,95916,22,0,40,0,8,,95907,37,0,40,0,57,,95922,38,,,0,9,,95909,37,0,40,0,24,,95908,49,0,40,0,17,,95919,37,,,0,75,,95910,37,0,40,0,23,,95911,49,0,40,0
400,'2_6',737,,95929,37,0,40,0,105,,95930,37,0,40,0,72,,95923,49,0,40,0,27,,95931,37,0,40,0,72,,95932,37,0,40,0,30,,95933,37,0,40,0,71,,95924,49,0,40,0,31,,95934,37,0,40,0,70,,95936,37,0,40,0,29,,95935,37,0,40,0,69,,95925,49,0,40,0,31,,95937,37,0,40,0,70,,95938,37,0,40,0,29,,95939,37,0,40,0,73,,95926,49,0,40,0,33,,95940,37,0,40,0,70,,95941,37,0,40,0,30,,95942,37,0,40,0,73,,95927,49,0,40,0,33,,95943,37,0,40,0,70,,95944,37,0,40,0,31,,95945,37,0,40,0,69,,95928,49,0,40,0,31,,95946,37,0,40,0
400,'4_1',747,,95979,38,0,40,0,54,,95983,4,0,23 51,0,2,,95986,38,0,40,0,10,,95955,37,0,40,0,17,,95956,38,0,40,0,10,,95980,37,0,40,0,14,,95957,37,0,40,0,53,,95958,37,0,40,0,30,,95959,37,0,40,0,79,,95960,49,0,40,0,31,,95961,37,0,40,0,71,,95962,37,0,40,0,36,,95963,37,0,40,0,77,,95964,37,0,40,0,21,,95984,37,,,0,70,,95981,50,0,40,0,25,,95965,37,0,40,0,66,,95966,37,0,40,0,30,,95969,49,0,40,0,76,,95967,37,0,40,0,30,,95970,49,0,40,0,79,,95968,37,0,40,0,76,,95987,38,0,40,0,26,,95971,49,0,40,0,8,,95982,22,0,40,0,8,,95972,37,0,40,0,57,,95988,38,,,0,9,,95974,37,0,40,0,24,,95977,21,0,40,0,17,,95985,37,,,0,75,,95975,37,0,40,0,23,,95976,49,0,40,0
400,'4_2',747,,96013,38,0,40,0,54,,96017,4,0,23 51,0,2,,96020,38,0,40,0,10,,95989,37,0,40,0,17,,95990,38,0,40,0,10,,96014,37,0,40,0,14,,95991,37,0,40,0,53,,95992,37,0,40,0,30,,95993,37,0,40,0,79,,95994,49,0,40,0,31,,95995,37,0,40,0,71,,95996,37,0,40,0,36,,95997,37,0,40,0,77,,95998,37,0,40,0,21,,96018,37,,,0,70,,96015,50,0,40,0,25,,95999,37,0,40,0,66,,96000,37,0,40,0,30,,96003,49,0,40,0,76,,96001,37,0,40,0,30,,96004,49,0,40,0,79,,96002,37,0,40,0,76,,96021,38,0,40,0,26,,96005,49,0,40,0,8,,96016,22,0,40,0,8,,96006,37,0,40,0,57,,96022,38,,,0,9,,96008,37,0,40,0,24,,96011,21,0,40,0,17,,96019,37,,,0,75,,96009,37,0,40,0,23,,96010,49,0,40,0
400,'4_4',747,,96047,38,0,40,0,54,,96051,4,0,23 51,0,2,,96054,38,0,40,0,10,,96023,37,0,40,0,17,,96024,38,0,40,0,10,,96048,37,0,40,0,14,,96025,37,0,40,0,53,,96026,37,0,40,0,30,,96027,37,0,40,0,79,,96028,49,0,40,0,31,,96029,37,0,40,0,71,,96030,37,0,40,0,36,,96031,37,0,40,0,77,,96032,37,0,40,0,21,,96052,37,,,0,70,,96049,50,0,40,0,25,,96033,37,0,40,0,66,,96034,37,0,40,0,30,,96037,49,0,40,0,76,,96035,37,0,40,0,30,,96038,49,0,40,0,79,,96036,37,0,40,0,76,,96055,38,0,40,0,26,,96039,49,0,40,0,8,,96050,22,0,40,0,8,,96040,37,0,40,0,57,,96056,38,,,0,9,,96042,37,0,40,0,24,,96045,21,0,40,0,17,,96053,37,,,0,75,,96043,37,0,40,0,23,,96044,49,0,40,0
400,'4_5',747,,96081,38,0,40,0,54,,96085,4,0,23 51,0,2,,96088,38,0,40,0,10,,96057,37,0,40,0,17,,96058,38,0,40,0,10,,96082,37,0,40,0,14,,96059,37,0,40,0,53,,96060,37,0,40,0,30,,96061,37,0,40,0,79,,96062,49,0,40,0,31,,96063,37,0,40,0,71,,96064,37,0,40,0,36,,96065,37,0,40,0,77,,96066,37,0,40,0,21,,96086,37,,,0,70,,96083,50,0,40,0,25,,96067,37,0,40,0,66,,96068,37,0,40,0,30,,96071,49,0,40,0,76,,96069,37,0,40,0,30,,96072,49,0,40,0,79,,96070,37,0,40,0,76,,96089,38,0,40,0,26,,96073,49,0,40,0,8,,96084,22,0,40,0,8,,96074,37,0,40,0,57,,96090,38,,,0,9,,96076,37,0,40,0,24,,96079,21,0,40,0,17,,96087,37,,,0,75,,96077,37,0,40,0,23,,96078,49,0,40,0
400,'5_7',851,,96091,49,0,40,0,165,,96092,49,0,40,0,125,,96093,49,0,40,0,200,,96094,49,0,40,0,166,,96095,49,0,40,0,125,,96096,49,0,40,0,126,,96097,49,0,40,0,164,,96098,49,0,40,0
2300,'1_3',1224,,98623,18,,,0,3,,98622,18,,,0
2300,'4_1',1619,,98624,18,,,0,104,,98625,18,,,0,96,,98626,18,,,0
2300,'4_2',1619,,98627,18,,,0,104,,98628,18,,,0,96,,98629,18,,,0
2300,'4_4',1619,,98630,18,,,0,104,,98631,18,,,0,96,,98632,18,,,0
2300,'4_5',1619,,98633,18,,,0,104,,98634,18,,,0,96,,98635,18,,,0
2900400,'1_3',1659,,102487,3,,,0,100,,102488,3,,,0
2900400,'4_1',1659,,102489,3,,,0,100,,102490,3,,,0
2900400,'4_2',1659,,102491,3,,,0,100,,102492,3,,,0
2900400,'4_4',1659,,102493,3,,,0,100,,102494,3,,,0
2900400,'4_5',1659,,102495,3,,,0,100,,102496,3,,,0
