500,'0_6',700,,65341,23,,,0,31,,65342,23,,,0,100,,65343,23,,,0,102,,65344,23,,,0,98,,65345,23,,,0,100,,65346,23,,,0,99,,65347,23,,,0,98,,65348,23,,,0,80,,65349,23,,,0,39,,65350,23,,,0,99,,65351,23,,,0,102,,65352,23,,,0,100,,65353,23,,,0,74,,65354,23,,,0,27,,65355,23,,,0,97,,65356,23,,,0
500,'1_7',1215,,65357,23,,,0,191,,65358,23,,,0,151,,65359,23,,,0,184,,65360,23,,,0,191,,65361,23,,,0
500,'5_1',700,,74204,23,,,0,31,,74205,23,,,0,100,,74206,23,,,0,102,,74207,23,,,0,98,,74208,23,,,0,100,,74209,23,,,0,99,,74210,23,,,0,98,,74211,23,,,0,80,,74212,23,,,0,39,,74213,23,,,0,99,,74214,23,,,0,102,,74215,23,,,0,100,,74216,23,,,0,74,,74217,23,,,0,27,,74218,23,,,0,97,,74219,23,,,0
500,'5_2',700,,75626,23,,,0,31,,75627,23,,,0,100,,75628,23,,,0,102,,75629,23,,,0,98,,75630,23,,,0,100,,75631,23,,,0,99,,75632,23,,,0,98,,75633,23,,,0,80,,75634,23,,,0,39,,75635,23,,,0,99,,75636,23,,,0,102,,75637,23,,,0,100,,75638,23,,,0,74,,75639,23,,,0,27,,75640,23,,,0,97,,75641,23,,,0
500,'5_3',700,,75642,23,,,0,31,,75643,23,,,0,100,,75644,23,,,0,102,,75645,23,,,0,98,,75646,23,,,0,100,,75647,23,,,0,99,,75648,23,,,0,98,,75649,23,,,0,80,,75650,23,,,0,39,,75651,23,,,0,99,,75652,23,,,0,102,,75653,23,,,0,100,,75654,23,,,0,74,,75655,23,,,0,27,,75656,23,,,0,97,,75657,23,,,0
500,'7_1',700,,80549,23,,,0,31,,80550,23,,,0,100,,80551,23,,,0,102,,80552,23,,,0,98,,80553,23,,,0,100,,80554,23,,,0,99,,80555,23,,,0,98,,80556,23,,,0,80,,80557,23,,,0,39,,80558,23,,,0,99,,80559,23,,,0,102,,80560,23,,,0,100,,80561,23,,,0,74,,80562,23,,,0,27,,80563,23,,,0,97,,80564,23,,,0
500,'7_2',700,,82470,23,,,0,31,,82471,23,,,0,100,,82472,23,,,0,102,,82473,23,,,0,98,,82474,23,,,0,100,,82475,23,,,0,99,,82476,23,,,0,98,,82477,23,,,0,80,,82478,23,,,0,39,,82479,23,,,0,99,,82480,23,,,0,102,,82481,23,,,0,100,,82482,23,,,0,74,,82483,23,,,0,27,,82484,23,,,0,97,,82485,23,,,0
500,'7_3',700,,82486,23,,,0,31,,82487,23,,,0,100,,82488,23,,,0,102,,82489,23,,,0,98,,82490,23,,,0,100,,82491,23,,,0,99,,82492,23,,,0,98,,82493,23,,,0,80,,82494,23,,,0,39,,82495,23,,,0,99,,82496,23,,,0,102,,82497,23,,,0,100,,82498,23,,,0,74,,82499,23,,,0,27,,82500,23,,,0,97,,82501,23,,,0
500,'7_4',700,,79343,23,,,0,31,,79344,23,,,0,100,,79345,23,,,0,102,,79346,23,,,0,98,,79347,23,,,0,100,,79348,23,,,0,99,,79349,23,,,0,98,,79350,23,,,0,80,,79351,23,,,0,39,,79352,23,,,0,99,,79353,23,,,0,102,,79354,23,,,0,100,,79355,23,,,0,74,,79356,23,,,0,27,,79357,23,,,0,97,,79358,23,,,0
500,'7_5',700,,80565,23,,,0,31,,80566,23,,,0,100,,80567,23,,,0,102,,80568,23,,,0,98,,80569,23,,,0,100,,80570,23,,,0,99,,80571,23,,,0,98,,80572,23,,,0,80,,80573,23,,,0,39,,80574,23,,,0,99,,80575,23,,,0,102,,80576,23,,,0,100,,80577,23,,,0,74,,80578,23,,,0,27,,80579,23,,,0,97,,80580,23,,,0
