301,'0_6',653,,64459,9,,,0,72,,64460,9,,,0,33,,64461,9,,,0,72,,64462,9,,,0,72,,64463,9,,,0,32,,64464,9,,,0,72,,64465,9,,,0,33,,64466,9,,,0,73,,64467,9,,,0,33,,64468,9,,,0,73,,64469,9,,,0,33,,64434,9,,,0,67,,64435,9,,,0,27,,64436,9,,,0,66,,64437,9,,,0,28,,64438,9,,,0,67,,64439,9,,,0,29,,64440,9,,,0,68,,64458,9,,,0,26,,64441,9,,,0,72,,64442,9,,,0,34,,64443,9,,,0,68,,64444,9,,,0,28,,64445,9,,,0,25,,64446,9,,,0,66,,64447,9,,,0,27,,64448,9,,,0,67,,64470,9,,,0,25,,64449,9,,,0,18,,64450,9,0,67 68,0,70,,64451,9,0,67 68,0,30,,64452,9,0,67 68,0,70,,64453,9,0,67 68,0,30,,64454,9,0,67 68,0,70,,64455,9,0,67 68,0,29,,64456,9,0,67 68,0,70,,64457,9,0,67 68,0
301,'1_7',758,,64492,9,,,0,72,,64487,9,,,0,72,,64493,9,,,0,32,,64488,9,,,0,72,,64494,9,,,0,33,,64489,9,,,0,73,,64495,9,,,0,33,,64490,9,,,0,73,,64496,9,,,0,33,,64471,9,,,0,67,,64472,9,,,0,27,,64473,9,,,0,66,,64474,9,,,0,28,,64475,9,,,0,67,,64476,9,,,0,29,,64477,9,,,0,68,,64497,9,,,0,26,,64478,9,,,0,72,,64479,9,,,0,34,,64480,9,,,0,68,,64481,9,,,0,28,,64482,9,,,0,25,,64483,9,,,0,66,,64484,9,,,0,27,,64485,9,,,0,67,,64491,9,,,0,25,,64486,9,,,0
301,'5_1',653,,74141,9,,,0,72,,74142,9,,,0,33,,74143,9,,,0,72,,74144,9,,,0,72,,74145,9,,,0,32,,74146,9,,,0,72,,74147,9,,,0,33,,74148,9,,,0,73,,74149,9,,,0,33,,74150,9,,,0,73,,74151,9,,,0,33,,74124,9,,,0,67,,74125,9,,,0,27,,74126,9,,,0,66,,74127,9,,,0,28,,74128,9,,,0,67,,74129,9,,,0,29,,74130,9,,,0,68,,74140,9,,,0,26,,74131,9,,,0,72,,74132,9,,,0,34,,74133,9,,,0,68,,74134,9,,,0,28,,74135,9,,,0,25,,74136,9,,,0,66,,74137,9,,,0,27,,74138,9,,,0,67,,74152,9,,,0,25,,74139,9,,,0
301,'5_2',653,,75403,9,,,0,72,,75404,9,,,0,33,,75405,9,,,0,72,,75406,9,,,0,72,,75407,9,,,0,32,,75408,9,,,0,72,,75409,9,,,0,33,,75410,9,,,0,73,,75411,9,,,0,33,,75412,9,,,0,73,,75413,9,,,0,33,,75386,9,,,0,67,,75387,9,,,0,27,,75388,9,,,0,66,,75389,9,,,0,28,,75390,9,,,0,67,,75391,9,,,0,29,,75392,9,,,0,68,,75402,9,,,0,26,,75393,9,,,0,72,,75394,9,,,0,34,,75395,9,,,0,68,,75396,9,,,0,28,,75397,9,,,0,25,,75398,9,,,0,66,,75399,9,,,0,27,,75400,9,,,0,67,,75414,9,,,0,25,,75401,9,,,0
301,'5_3',653,,75432,9,,,0,72,,75433,9,,,0,33,,75434,9,,,0,72,,75435,9,,,0,72,,75436,9,,,0,32,,75437,9,,,0,72,,75438,9,,,0,33,,75439,9,,,0,73,,75440,9,,,0,33,,75441,9,,,0,73,,75442,9,,,0,33,,75415,9,,,0,67,,75416,9,,,0,27,,75417,9,,,0,66,,75418,9,,,0,28,,75419,9,,,0,67,,75420,9,,,0,29,,75421,9,,,0,68,,75431,9,,,0,26,,75422,9,,,0,72,,75423,9,,,0,34,,75424,9,,,0,68,,75425,9,,,0,28,,75426,9,,,0,25,,75427,9,,,0,66,,75428,9,,,0,27,,75429,9,,,0,67,,75443,9,,,0,25,,75430,9,,,0
301,'7_1',653,,80398,9,,,0,72,,80399,9,,,0,33,,80400,9,,,0,72,,80401,9,,,0,72,,80402,9,,,0,32,,80403,9,,,0,72,,80404,9,,,0,33,,80405,9,,,0,73,,80406,9,,,0,33,,80407,9,,,0,73,,80408,9,,,0,33,,80381,9,,,0,67,,80382,9,,,0,27,,80383,9,,,0,66,,80384,9,,,0,28,,80385,9,,,0,67,,80386,9,,,0,29,,80387,9,,,0,68,,80397,9,,,0,26,,80388,9,,,0,72,,80389,9,,,0,34,,80390,9,,,0,68,,80391,9,,,0,28,,80392,9,,,0,25,,80393,9,,,0,66,,80394,9,,,0,27,,80395,9,,,0,67,,80409,9,,,0,25,,80396,9,,,0
301,'7_2',653,,82327,9,,,0,72,,82328,9,,,0,33,,82329,9,,,0,72,,82330,9,,,0,72,,82331,9,,,0,32,,82332,9,,,0,72,,82333,9,,,0,33,,82334,9,,,0,73,,82335,9,,,0,33,,82336,9,,,0,73,,82337,9,,,0,33,,82310,9,,,0,67,,82311,9,,,0,27,,82312,9,,,0,66,,82313,9,,,0,28,,82314,9,,,0,67,,82315,9,,,0,29,,82316,9,,,0,68,,82326,9,,,0,26,,82317,9,,,0,72,,82318,9,,,0,34,,82319,9,,,0,68,,82320,9,,,0,28,,82321,9,,,0,25,,82322,9,,,0,66,,82323,9,,,0,27,,82324,9,,,0,67,,82338,9,,,0,25,,82325,9,,,0
301,'7_3',653,,82356,9,,,0,72,,82357,9,,,0,33,,82358,9,,,0,72,,82359,9,,,0,72,,82360,9,,,0,32,,82361,9,,,0,72,,82362,9,,,0,33,,82363,9,,,0,73,,82364,9,,,0,33,,82365,9,,,0,73,,82366,9,,,0,33,,82339,9,,,0,67,,82340,9,,,0,27,,82341,9,,,0,66,,82342,9,,,0,28,,82343,9,,,0,67,,82344,9,,,0,29,,82345,9,,,0,68,,82355,9,,,0,26,,82346,9,,,0,72,,82347,9,,,0,34,,82348,9,,,0,68,,82349,9,,,0,28,,82350,9,,,0,25,,82351,9,,,0,66,,82352,9,,,0,27,,82353,9,,,0,67,,82367,9,,,0,25,,82354,9,,,0
301,'7_4',653,,79280,9,,,0,72,,79281,9,,,0,33,,79282,9,,,0,72,,79283,9,,,0,72,,79284,9,,,0,32,,79285,9,,,0,72,,79286,9,,,0,33,,79287,9,,,0,73,,79288,9,,,0,33,,79289,9,,,0,73,,79290,9,,,0,33,,79263,9,,,0,67,,79264,9,,,0,27,,79265,9,,,0,66,,79266,9,,,0,28,,79267,9,,,0,67,,79268,9,,,0,29,,79269,9,,,0,68,,79279,9,,,0,26,,79270,9,,,0,72,,79271,9,,,0,34,,79272,9,,,0,68,,79273,9,,,0,28,,79274,9,,,0,25,,79275,9,,,0,66,,79276,9,,,0,27,,79277,9,,,0,67,,79291,9,,,0,25,,79278,9,,,0
301,'7_5',653,,80435,9,,,0,72,,80436,9,,,0,33,,80437,9,,,0,72,,80438,9,,,0,72,,80439,9,,,0,32,,80440,9,,,0,72,,80441,9,,,0,33,,80442,9,,,0,73,,80443,9,,,0,33,,80444,9,,,0,73,,80445,9,,,0,33,,80410,9,,,0,67,,80411,9,,,0,27,,80412,9,,,0,66,,80413,9,,,0,28,,80414,9,,,0,67,,80415,9,,,0,29,,80416,9,,,0,68,,80434,9,,,0,26,,80417,9,,,0,72,,80418,9,,,0,34,,80419,9,,,0,68,,80420,9,,,0,28,,80421,9,,,0,25,,80422,9,,,0,66,,80423,9,,,0,27,,80424,9,,,0,67,,80446,9,,,0,25,,80425,9,,,0,18,,80426,9,0,67 68,0,70,,80427,9,0,67 68,0,30,,80428,9,0,67 68,0,70,,80429,9,0,67 68,0,30,,80430,9,0,67 68,0,70,,80431,9,0,67 68,0,29,,80432,9,0,67 68,0,70,,80433,9,0,67 68,0
2000001,'0_6',700,,70573,24,,,0,41,,70574,24,,,0,80,,70575,24,,,0,32,,70613,24,,,0,61,,70577,24,,,0,20,,70576,24,,,0,21,,70578,24,,,0,61,,70579,24,,,0,19,,70581,24,,,0,18,,70580,24,,,0,60,,70586,24,,,0,19,,70584,24,,,0,18,,70588,24,,,0,59,,70582,24,,,0,19,,70587,24,,,0,20,,70583,24,,,0,56,,70585,24,,,0,18,,70594,24,,,0,18,,70591,24,,,0,60,,70592,24,,,0,21,,70593,24,,,0,18,,70590,24,,,0,17,,70589,24,,,0,59,,70595,24,,,0,22,,70596,24,,,0,20,,70598,24,,,0,59,,70597,24,,,0,20,,70599,24,,,0,20,,70600,24,,,0,61,,70601,24,,,0,20,,70603,24,,,0,19,,70602,24,,,0,58,,70604,24,,,0,19,,70605,24,,,0,19,,70606,24,,,0,58,,70607,24,,,0,17,,70608,24,,,0,18,,70609,24,,,0,62,,70610,24,,,0,24,,70611,24,,,0,22,,70612,24,,,0
2000001,'1_7',833,,70631,24,,,0,80,,70614,24,,,0,40,,70615,24,,,0,80,,70616,24,,,0,80,,70617,24,,,0,40,,70618,24,,,0,80,,70619,24,,,0,79,,70620,24,,,0,40,,70622,24,,,0,80,,70621,24,,,0,80,,70623,24,,,0,40,,70624,24,,,0,80,,70625,24,,,0,80,,70626,24,,,0,40,,70628,24,,,0,80,,70627,24,,,0,80,,70629,24,,,0,40,,70630,24,,,0
2000001,'5_1',702,,74701,24,,,0,28,,74702,24,,,0,20,,74742,24,,,0,60,,74703,24,,,0,21,,74743,24,,,0,21,,74705,24,,,0,62,,74704,24,,,0,21,,74706,24,,,0,22,,74707,24,,,0,61,,74709,24,,,0,19,,74708,24,,,0,18,,74714,24,,,0,58,,74712,24,,,0,18,,74716,24,,,0,19,,74710,24,,,0,59,,74715,24,,,0,19,,74711,24,,,0,19,,74713,24,,,0,57,,74722,24,,,0,18,,74719,24,,,0,19,,74720,24,,,0,60,,74721,24,,,0,20,,74718,24,,,0,18,,74717,24,,,0,18,,74723,24,,,0,59,,74724,24,,,0,22,,74726,24,,,0,20,,74725,24,,,0,59,,74727,24,,,0,20,,74728,24,,,0,19,,74729,24,,,0,61,,74731,24,,,0,20,,74730,24,,,0,20,,74732,24,,,0,60,,74733,24,,,0,19,,74734,24,,,0,21,,74735,24,,,0,59,,74736,24,,,0,19,,74737,24,,,0,20,,74738,24,,,0,58,,74739,24,,,0,19,,74740,24,,,0,21,,74741,24,,,0
2000001,'5_2',702,,77117,24,,,0,28,,77118,24,,,0,20,,77158,24,,,0,60,,77119,24,,,0,21,,77159,24,,,0,21,,77121,24,,,0,62,,77120,24,,,0,21,,77122,24,,,0,22,,77123,24,,,0,61,,77125,24,,,0,19,,77124,24,,,0,18,,77130,24,,,0,58,,77128,24,,,0,18,,77132,24,,,0,19,,77126,24,,,0,59,,77131,24,,,0,19,,77127,24,,,0,19,,77129,24,,,0,57,,77138,24,,,0,18,,77135,24,,,0,19,,77136,24,,,0,60,,77137,24,,,0,20,,77134,24,,,0,18,,77133,24,,,0,18,,77139,24,,,0,59,,77140,24,,,0,22,,77142,24,,,0,20,,77141,24,,,0,59,,77143,24,,,0,20,,77144,24,,,0,19,,77145,24,,,0,61,,77147,24,,,0,20,,77146,24,,,0,20,,77148,24,,,0,60,,77149,24,,,0,19,,77150,24,,,0,21,,77151,24,,,0,59,,77152,24,,,0,19,,77153,24,,,0,20,,77154,24,,,0,58,,77155,24,,,0,19,,77156,24,,,0,21,,77157,24,,,0
2000001,'5_3',702,,77160,24,,,0,28,,77161,24,,,0,20,,77201,24,,,0,60,,77162,24,,,0,21,,77202,24,,,0,21,,77164,24,,,0,62,,77163,24,,,0,21,,77165,24,,,0,22,,77166,24,,,0,61,,77168,24,,,0,19,,77167,24,,,0,18,,77173,24,,,0,58,,77171,24,,,0,18,,77175,24,,,0,19,,77169,24,,,0,59,,77174,24,,,0,19,,77170,24,,,0,19,,77172,24,,,0,57,,77181,24,,,0,18,,77178,24,,,0,19,,77179,24,,,0,60,,77180,24,,,0,20,,77177,24,,,0,18,,77176,24,,,0,18,,77182,24,,,0,59,,77183,24,,,0,22,,77185,24,,,0,20,,77184,24,,,0,59,,77186,24,,,0,20,,77187,24,,,0,19,,77188,24,,,0,61,,77190,24,,,0,20,,77189,24,,,0,20,,77191,24,,,0,60,,77192,24,,,0,19,,77193,24,,,0,21,,77194,24,,,0,59,,77195,24,,,0,19,,77196,24,,,0,20,,77197,24,,,0,58,,77198,24,,,0,19,,77199,24,,,0,21,,77200,24,,,0
2000001,'7_1',702,,81544,24,,,0,28,,81545,24,,,0,20,,81585,24,,,0,60,,81546,24,,,0,21,,81586,24,,,0,21,,81548,24,,,0,62,,81547,24,,,0,21,,81549,24,,,0,22,,81550,24,,,0,61,,81552,24,,,0,19,,81551,24,,,0,18,,81557,24,,,0,58,,81555,24,,,0,18,,81559,24,,,0,19,,81553,24,,,0,59,,81558,24,,,0,19,,81554,24,,,0,19,,81556,24,,,0,57,,81565,24,,,0,18,,81562,24,,,0,19,,81563,24,,,0,60,,81564,24,,,0,20,,81561,24,,,0,18,,81560,24,,,0,18,,81566,24,,,0,59,,81567,24,,,0,22,,81569,24,,,0,20,,81568,24,,,0,59,,81570,24,,,0,20,,81571,24,,,0,19,,81572,24,,,0,61,,81574,24,,,0,20,,81573,24,,,0,20,,81575,24,,,0,60,,81576,24,,,0,19,,81577,24,,,0,21,,81578,24,,,0,59,,81579,24,,,0,19,,81580,24,,,0,20,,81581,24,,,0,58,,81582,24,,,0,19,,81583,24,,,0,21,,81584,24,,,0
2000001,'7_2',702,,83464,24,,,0,28,,83465,24,,,0,20,,83505,24,,,0,60,,83466,24,,,0,21,,83506,24,,,0,21,,83468,24,,,0,62,,83467,24,,,0,21,,83469,24,,,0,22,,83470,24,,,0,61,,83472,24,,,0,19,,83471,24,,,0,18,,83477,24,,,0,58,,83475,24,,,0,18,,83479,24,,,0,19,,83473,24,,,0,59,,83478,24,,,0,19,,83474,24,,,0,19,,83476,24,,,0,57,,83485,24,,,0,18,,83482,24,,,0,19,,83483,24,,,0,60,,83484,24,,,0,20,,83481,24,,,0,18,,83480,24,,,0,18,,83486,24,,,0,59,,83487,24,,,0,22,,83489,24,,,0,20,,83488,24,,,0,59,,83490,24,,,0,20,,83491,24,,,0,19,,83492,24,,,0,61,,83494,24,,,0,20,,83493,24,,,0,20,,83495,24,,,0,60,,83496,24,,,0,19,,83497,24,,,0,21,,83498,24,,,0,59,,83499,24,,,0,19,,83500,24,,,0,20,,83501,24,,,0,58,,83502,24,,,0,19,,83503,24,,,0,21,,83504,24,,,0
2000001,'7_3',702,,83507,24,,,0,28,,83508,24,,,0,20,,83548,24,,,0,60,,83509,24,,,0,21,,83549,24,,,0,21,,83511,24,,,0,62,,83510,24,,,0,21,,83512,24,,,0,22,,83513,24,,,0,61,,83515,24,,,0,19,,83514,24,,,0,18,,83520,24,,,0,58,,83518,24,,,0,18,,83522,24,,,0,19,,83516,24,,,0,59,,83521,24,,,0,19,,83517,24,,,0,19,,83519,24,,,0,57,,83528,24,,,0,18,,83525,24,,,0,19,,83526,24,,,0,60,,83527,24,,,0,20,,83524,24,,,0,18,,83523,24,,,0,18,,83529,24,,,0,59,,83530,24,,,0,22,,83532,24,,,0,20,,83531,24,,,0,59,,83533,24,,,0,20,,83534,24,,,0,19,,83535,24,,,0,61,,83537,24,,,0,20,,83536,24,,,0,20,,83538,24,,,0,60,,83539,24,,,0,19,,83540,24,,,0,21,,83541,24,,,0,59,,83542,24,,,0,19,,83543,24,,,0,20,,83544,24,,,0,58,,83545,24,,,0,19,,83546,24,,,0,21,,83547,24,,,0
2000001,'7_4',702,,79840,24,,,0,28,,79841,24,,,0,20,,79881,24,,,0,60,,79842,24,,,0,21,,79882,24,,,0,21,,79844,24,,,0,62,,79843,24,,,0,21,,79845,24,,,0,22,,79846,24,,,0,61,,79848,24,,,0,19,,79847,24,,,0,18,,79853,24,,,0,58,,79851,24,,,0,18,,79855,24,,,0,19,,79849,24,,,0,59,,79854,24,,,0,19,,79850,24,,,0,19,,79852,24,,,0,57,,79861,24,,,0,18,,79858,24,,,0,19,,79859,24,,,0,60,,79860,24,,,0,20,,79857,24,,,0,18,,79856,24,,,0,18,,79862,24,,,0,59,,79863,24,,,0,22,,79865,24,,,0,20,,79864,24,,,0,59,,79866,24,,,0,20,,79867,24,,,0,19,,79868,24,,,0,61,,79870,24,,,0,20,,79869,24,,,0,20,,79871,24,,,0,60,,79872,24,,,0,19,,79873,24,,,0,21,,79874,24,,,0,59,,79875,24,,,0,19,,79876,24,,,0,20,,79877,24,,,0,58,,79878,24,,,0,19,,79879,24,,,0,21,,79880,24,,,0
2000001,'7_5',702,,81587,24,,,0,28,,81588,24,,,0,20,,81628,24,,,0,60,,81589,24,,,0,21,,81629,24,,,0,21,,81591,24,,,0,62,,81590,24,,,0,21,,81592,24,,,0,22,,81593,24,,,0,61,,81595,24,,,0,19,,81594,24,,,0,18,,81600,24,,,0,58,,81598,24,,,0,18,,81602,24,,,0,19,,81596,24,,,0,59,,81601,24,,,0,19,,81597,24,,,0,19,,81599,24,,,0,57,,81608,24,,,0,18,,81605,24,,,0,19,,81606,24,,,0,60,,81607,24,,,0,20,,81604,24,,,0,18,,81603,24,,,0,18,,81609,24,,,0,59,,81610,24,,,0,22,,81612,24,,,0,20,,81611,24,,,0,59,,81613,24,,,0,20,,81614,24,,,0,19,,81615,24,,,0,61,,81617,24,,,0,20,,81616,24,,,0,20,,81618,24,,,0,60,,81619,24,,,0,19,,81620,24,,,0,21,,81621,24,,,0,59,,81622,24,,,0,19,,81623,24,,,0,20,,81624,24,,,0,58,,81625,24,,,0,19,,81626,24,,,0,21,,81627,24,,,0
