1000001,'0_6',534,,69463,3,,,0,79,,69464,3,,,0,41,,69465,3,,,0,83,,69466,9,,,0,15,,69472,3,,,0,54,,69473,3,,,0,14,,69474,9,,,0,15,,69475,3,,,0,15,,69476,3,,,0,56,,69477,9,,,0,15,,69478,3,,,0,15,,69479,3,,,0,14,,69480,9,,,0,56,,69481,3,,,0,16,,69482,3,,,0,16,,69483,9,,,0,15,,69484,3,,,0,56,,69485,9,,,0,16,,69486,3,,,0,16,,69487,3,,,0,16,,69488,9,,,0,55,,69489,3,,,0,16,,69490,3,,,0,15,,69491,9,,,0,14,,69492,3,,,0,55,,69493,3,,,0,15,,69494,9,,,0,16,,69495,3,,,0,15,,69496,9,,,0,56,,69497,3,,,0,16,,69498,3,,,0,16,,69499,9,,,0,56,,69500,3,,,0,16,,69501,3,,,0,16,,69502,9,,,0,16,,69503,3,,,0,56,,69504,3,,,0,16,,69505,9,,,0,16,,69506,3,,,0,15,,69507,9,,,0,56,,69508,3,,,0,16,,69509,3,,,0,16,,69510,9,,,0,16,,69512,3,,,0,56,,69514,3,,,0,17,,69513,9,,,0,15,,69511,3,,,0,56,,69471,9,,,0,20,,69470,3,,,0,20,,69468,3,,,0,61,,69461,3,,,0,18,,69459,3,,,0,21,,69462,3,,,0,60,,69469,3,,,0,20,,69467,3,,,0,21,,69460,3,,,0
1000001,'1_7',802,,69515,3,,,0,40,,69516,3,,,0,80,,69517,3,,,0,80,,69518,3,,,0,40,,69519,3,,,0,80,,69520,3,,,0,80,,69521,3,,,0,40,,69522,3,,,0,80,,69523,3,,,0,80,,69524,3,,,0,40,,69525,3,,,0,80,,69526,3,,,0,80,,69527,3,,,0,40,,69528,3,,,0,80,,69529,3,,,0,80,,69530,3,,,0,40,,69531,3,,,0,80,,69532,3,,,0
1000001,'7_1',537,,81334,3,,,0,17,,81349,3,,,0,55,,81348,3,,,0,15,,81347,3,,,0,14,,81346,3,,,0,15,,81345,3,,,0,53,,81337,3,,,0,15,,81335,9,,,0,14,,81338,9,,,0,15,,81339,9,,,0,54,,81340,9,,,0,15,,81341,9,,,0,16,,81342,9,,,0,14,,81343,9,,,0,55,,81344,9,,,0,15,,81350,3,,,0,15,,81369,9,,,0,15,,81351,3,,,0,56,,81370,9,,,0,15,,81352,3,,,0,16,,81371,9,,,0,16,,81353,3,,,0,56,,81372,9,,,0,16,,81354,3,,,0,16,,81373,9,,,0,16,,81355,3,,,0,55,,81374,9,,,0,17,,81356,3,,,0,15,,81375,9,,,0,15,,81357,3,,,0,55,,81376,9,,,0,16,,81358,3,,,0,15,,81377,9,,,0,56,,81359,3,,,0,16,,81378,9,,,0,16,,81360,3,,,0,15,,81379,9,,,0,54,,81361,3,,,0,14,,81380,9,,,0,14,,81362,3,,,0,14,,81381,9,,,0,14,,81363,3,,,0,55,,81382,9,,,0,14,,81364,9,,,0,14,,81383,9,,,0,14,,81365,9,,,0,55,,81384,9,,,0,15,,81366,9,,,0,15,,81385,9,,,0,15,,81367,9,,,0,55,,81386,9,,,0,16,,81368,9,,,0,14,,81336,9,,,0,18,,81387,9,,,0,59,,81392,3,,,0,20,,81388,9,,,0,21,,81393,3,,,0,59,,81389,3,,,0,20,,81394,3,,,0,20,,81390,3,,,0,60,,81395,3,,,0,21,,81391,3,,,0
1000001,'7_2',537,,83254,3,,,0,17,,83269,3,,,0,55,,83268,3,,,0,15,,83267,3,,,0,14,,83266,3,,,0,15,,83265,3,,,0,53,,83257,3,,,0,15,,83255,9,,,0,14,,83258,9,,,0,15,,83259,9,,,0,54,,83260,9,,,0,15,,83261,9,,,0,16,,83262,9,,,0,14,,83263,9,,,0,55,,83264,9,,,0,15,,83270,3,,,0,15,,83289,9,,,0,15,,83271,3,,,0,56,,83290,9,,,0,15,,83272,3,,,0,16,,83291,9,,,0,16,,83273,3,,,0,56,,83292,9,,,0,16,,83274,3,,,0,16,,83293,9,,,0,16,,83275,3,,,0,55,,83294,9,,,0,17,,83276,3,,,0,15,,83295,9,,,0,15,,83277,3,,,0,55,,83296,9,,,0,16,,83278,3,,,0,15,,83297,9,,,0,56,,83279,3,,,0,16,,83298,9,,,0,16,,83280,3,,,0,15,,83299,9,,,0,54,,83281,3,,,0,14,,83300,9,,,0,14,,83282,3,,,0,14,,83301,9,,,0,14,,83283,3,,,0,55,,83302,9,,,0,14,,83284,9,,,0,14,,83303,9,,,0,14,,83285,9,,,0,55,,83304,9,,,0,15,,83286,9,,,0,15,,83305,9,,,0,15,,83287,9,,,0,55,,83306,9,,,0,16,,83288,9,,,0,14,,83256,9,,,0,18,,83307,9,,,0,59,,83312,3,,,0,20,,83308,9,,,0,21,,83313,3,,,0,59,,83309,3,,,0,20,,83314,3,,,0,20,,83310,3,,,0,60,,83315,3,,,0,21,,83311,3,,,0
1000001,'7_3',537,,83316,3,,,0,17,,83331,3,,,0,55,,83330,3,,,0,15,,83329,3,,,0,14,,83328,3,,,0,15,,83327,3,,,0,53,,83319,3,,,0,15,,83317,9,,,0,14,,83320,9,,,0,15,,83321,9,,,0,54,,83322,9,,,0,15,,83323,9,,,0,16,,83324,9,,,0,14,,83325,9,,,0,55,,83326,9,,,0,15,,83332,3,,,0,15,,83351,9,,,0,15,,83333,3,,,0,56,,83352,9,,,0,15,,83334,3,,,0,16,,83353,9,,,0,16,,83335,3,,,0,56,,83354,9,,,0,16,,83336,3,,,0,16,,83355,9,,,0,16,,83337,3,,,0,55,,83356,9,,,0,17,,83338,3,,,0,15,,83357,9,,,0,15,,83339,3,,,0,55,,83358,9,,,0,16,,83340,3,,,0,15,,83359,9,,,0,56,,83341,3,,,0,16,,83360,9,,,0,16,,83342,3,,,0,15,,83361,9,,,0,54,,83343,3,,,0,14,,83362,9,,,0,14,,83344,3,,,0,14,,83363,9,,,0,14,,83345,3,,,0,55,,83364,9,,,0,14,,83346,9,,,0,14,,83365,9,,,0,14,,83347,9,,,0,55,,83366,9,,,0,15,,83348,9,,,0,15,,83367,9,,,0,15,,83349,9,,,0,55,,83368,9,,,0,16,,83350,9,,,0,14,,83318,9,,,0,18,,83369,9,,,0,59,,83374,3,,,0,20,,83370,9,,,0,21,,83375,3,,,0,59,,83371,3,,,0,20,,83376,3,,,0,20,,83372,3,,,0,60,,83377,3,,,0,21,,83373,3,,,0
1000001,'7_4',537,,79735,3,,,0,17,,79750,3,,,0,55,,79749,3,,,0,15,,79748,3,,,0,14,,79747,3,,,0,15,,79746,3,,,0,53,,79738,3,,,0,15,,79736,9,,,0,14,,79739,9,,,0,15,,79740,9,,,0,54,,79741,9,,,0,15,,79742,9,,,0,16,,79743,9,,,0,14,,79744,9,,,0,55,,79745,9,,,0,15,,79751,3,,,0,15,,79770,9,,,0,15,,79752,3,,,0,56,,79771,9,,,0,15,,79753,3,,,0,16,,79772,9,,,0,16,,79754,3,,,0,56,,79773,9,,,0,16,,79755,3,,,0,16,,79774,9,,,0,16,,79756,3,,,0,55,,79775,9,,,0,17,,79757,3,,,0,15,,79776,9,,,0,15,,79758,3,,,0,55,,79777,9,,,0,16,,79759,3,,,0,15,,79778,9,,,0,56,,79760,3,,,0,16,,79779,9,,,0,16,,79761,3,,,0,15,,79780,9,,,0,54,,79762,3,,,0,14,,79781,9,,,0,14,,79763,3,,,0,14,,79782,9,,,0,14,,79764,3,,,0,55,,79783,9,,,0,14,,79765,9,,,0,14,,79784,9,,,0,14,,79766,9,,,0,55,,79785,9,,,0,15,,79767,9,,,0,15,,79786,9,,,0,15,,79768,9,,,0,55,,79787,9,,,0,16,,79769,9,,,0,14,,79737,9,,,0,18,,79788,9,,,0,59,,79793,3,,,0,20,,79789,9,,,0,21,,79794,3,,,0,59,,79790,3,,,0,20,,79795,3,,,0,20,,79791,3,,,0,60,,79796,3,,,0,21,,79792,3,,,0
1000001,'7_5',537,,81396,3,,,0,17,,81411,3,,,0,55,,81410,3,,,0,15,,81409,3,,,0,14,,81408,3,,,0,15,,81407,3,,,0,53,,81399,3,,,0,15,,81397,9,,,0,14,,81400,9,,,0,15,,81401,9,,,0,54,,81402,9,,,0,15,,81403,9,,,0,16,,81404,9,,,0,14,,81405,9,,,0,55,,81406,9,,,0,15,,81412,3,,,0,15,,81431,9,,,0,15,,81413,3,,,0,56,,81432,9,,,0,15,,81414,3,,,0,16,,81433,9,,,0,16,,81415,3,,,0,56,,81434,9,,,0,16,,81416,3,,,0,16,,81435,9,,,0,16,,81417,3,,,0,55,,81436,9,,,0,17,,81418,3,,,0,15,,81437,9,,,0,15,,81419,3,,,0,55,,81438,9,,,0,16,,81420,3,,,0,15,,81439,9,,,0,56,,81421,3,,,0,16,,81440,9,,,0,16,,81422,3,,,0,15,,81441,9,,,0,54,,81423,3,,,0,14,,81442,9,,,0,14,,81424,3,,,0,14,,81443,9,,,0,14,,81425,3,,,0,55,,81444,9,,,0,14,,81426,9,,,0,14,,81445,9,,,0,14,,81427,9,,,0,55,,81446,9,,,0,15,,81428,9,,,0,15,,81447,9,,,0,15,,81429,9,,,0,55,,81448,9,,,0,16,,81430,9,,,0,14,,81398,9,,,0,18,,81449,9,,,0,59,,81454,3,,,0,20,,81450,9,,,0,21,,81455,3,,,0,59,,81451,3,,,0,20,,81456,3,,,0,20,,81452,3,,,0,60,,81457,3,,,0,21,,81453,3,,,0
1000001,'8_7',802,,84095,3,,,0,40,,84096,3,,,0,80,,84097,3,,,0,80,,84098,3,,,0,40,,84099,3,,,0,80,,84100,3,,,0,80,,84101,3,,,0,40,,84102,3,,,0,80,,84103,3,,,0,80,,84104,3,,,0,40,,84105,3,,,0,80,,84106,3,,,0,80,,84107,3,,,0,40,,84108,3,,,0,80,,84109,3,,,0,80,,84110,3,,,0,40,,84111,3,,,0,80,,84112,3,,,0
3000000,'0_6',659,,71221,26,,,0,83,,71222,26,,,0,82,,71223,26,,,0,30,,71224,26,,,0,60,,71225,26,,,0,20,,71226,26,,,0,21,,71227,26,,,0,60,,71228,26,,,0,20,,71229,26,,,0,20,,71230,26,,,0,61,,71231,26,,,0,19,,71232,26,,,0,20,,71233,26,,,0,61,,71234,26,,,0,19,,71235,26,,,0,19,,71236,26,,,0,59,,71237,26,,,0,20,,71238,26,,,0,21,,71239,26,,,0,59,,71240,26,,,0,21,,71241,26,,,0,20,,71242,26,,,0,61,,71243,26,,,0,20,,71244,26,,,0,20,,71245,26,,,0,60,,71246,26,,,0,20,,71247,26,,,0,21,,71248,26,,,0,60,,71249,26,,,0,20,,71250,26,,,0,20,,71251,26,,,0,60,,71252,26,,,0,19,,71253,26,,,0,18,,71254,26,,,0,59,,71255,26,,,0,30,,71256,26,,,0,70,,71257,26,,,0,29,,71258,26,,,0,69,,71259,26,,,0
3000000,'1_7',821,,71260,26,,,0,130,,71261,26,,,0,170,,71262,26,,,0,130,,71263,26,,,0,170,,71264,26,,,0,130,,71265,26,,,0,170,,71266,26,,,0,129,,71267,26,,,0,170,,71268,26,,,0
3000000,'7_1',655,,81705,26,,,0,60,,81704,26,,,0,22,,81664,26,,,0,21,,81665,26,,,0,60,,81666,26,,,0,20,,81667,26,,,0,20,,81668,26,,,0,61,,81669,26,,,0,20,,81670,26,,,0,20,,81671,26,,,0,61,,81672,26,,,0,20,,81673,26,,,0,60,,81674,26,,,0,21,,81675,26,,,0,20,,81676,26,,,0,60,,81677,26,,,0,20,,81678,26,,,0,19,,81679,26,,,0,19,,81680,26,,,0,60,,81681,26,,,0,22,,81682,26,,,0,60,,81683,26,,,0,19,,81684,26,,,0,20,,81685,26,,,0,60,,81686,26,,,0,20,,81687,26,,,0,20,,81688,26,,,0,60,,81689,26,,,0,20,,81690,26,,,0,20,,81691,26,,,0,60,,81692,26,,,0,21,,81693,26,,,0,20,,81694,26,,,0,61,,81695,26,,,0,20,,81696,26,,,0,20,,81697,26,,,0,17,,81698,26,,,0,59,,81699,26,,,0,18,,81700,26,,,0,69,,81701,26,,,0,32,,81702,26,,,0,73,,81703,26,,,0
3000000,'7_2',655,,83625,26,,,0,60,,83624,26,,,0,22,,83584,26,,,0,21,,83585,26,,,0,60,,83586,26,,,0,20,,83587,26,,,0,20,,83588,26,,,0,61,,83589,26,,,0,20,,83590,26,,,0,20,,83591,26,,,0,61,,83592,26,,,0,20,,83593,26,,,0,60,,83594,26,,,0,21,,83595,26,,,0,20,,83596,26,,,0,60,,83597,26,,,0,20,,83598,26,,,0,19,,83599,26,,,0,19,,83600,26,,,0,60,,83601,26,,,0,22,,83602,26,,,0,60,,83603,26,,,0,19,,83604,26,,,0,20,,83605,26,,,0,60,,83606,26,,,0,20,,83607,26,,,0,20,,83608,26,,,0,60,,83609,26,,,0,20,,83610,26,,,0,20,,83611,26,,,0,60,,83612,26,,,0,21,,83613,26,,,0,20,,83614,26,,,0,61,,83615,26,,,0,20,,83616,26,,,0,20,,83617,26,,,0,17,,83618,26,,,0,59,,83619,26,,,0,18,,83620,26,,,0,69,,83621,26,,,0,32,,83622,26,,,0,73,,83623,26,,,0
3000000,'7_3',655,,83667,26,,,0,60,,83666,26,,,0,22,,83626,26,,,0,21,,83627,26,,,0,60,,83628,26,,,0,20,,83629,26,,,0,20,,83630,26,,,0,61,,83631,26,,,0,20,,83632,26,,,0,20,,83633,26,,,0,61,,83634,26,,,0,20,,83635,26,,,0,60,,83636,26,,,0,21,,83637,26,,,0,20,,83638,26,,,0,60,,83639,26,,,0,20,,83640,26,,,0,19,,83641,26,,,0,19,,83642,26,,,0,60,,83643,26,,,0,22,,83644,26,,,0,60,,83645,26,,,0,19,,83646,26,,,0,20,,83647,26,,,0,60,,83648,26,,,0,20,,83649,26,,,0,20,,83650,26,,,0,60,,83651,26,,,0,20,,83652,26,,,0,20,,83653,26,,,0,60,,83654,26,,,0,21,,83655,26,,,0,20,,83656,26,,,0,61,,83657,26,,,0,20,,83658,26,,,0,20,,83659,26,,,0,17,,83660,26,,,0,59,,83661,26,,,0,18,,83662,26,,,0,69,,83663,26,,,0,32,,83664,26,,,0,73,,83665,26,,,0
3000000,'7_4',655,,79941,26,,,0,60,,79940,26,,,0,22,,79900,26,,,0,21,,79901,26,,,0,60,,79902,26,,,0,20,,79903,26,,,0,20,,79904,26,,,0,61,,79905,26,,,0,20,,79906,26,,,0,20,,79907,26,,,0,61,,79908,26,,,0,20,,79909,26,,,0,60,,79910,26,,,0,21,,79911,26,,,0,20,,79912,26,,,0,60,,79913,26,,,0,20,,79914,26,,,0,19,,79915,26,,,0,19,,79916,26,,,0,60,,79917,26,,,0,22,,79918,26,,,0,60,,79919,26,,,0,19,,79920,26,,,0,20,,79921,26,,,0,60,,79922,26,,,0,20,,79923,26,,,0,20,,79924,26,,,0,60,,79925,26,,,0,20,,79926,26,,,0,20,,79927,26,,,0,60,,79928,26,,,0,21,,79929,26,,,0,20,,79930,26,,,0,61,,79931,26,,,0,20,,79932,26,,,0,20,,79933,26,,,0,17,,79934,26,,,0,59,,79935,26,,,0,18,,79936,26,,,0,69,,79937,26,,,0,32,,79938,26,,,0,73,,79939,26,,,0
3000000,'7_5',655,,81747,26,,,0,60,,81746,26,,,0,22,,81706,26,,,0,21,,81707,26,,,0,60,,81708,26,,,0,20,,81709,26,,,0,20,,81710,26,,,0,61,,81711,26,,,0,20,,81712,26,,,0,20,,81713,26,,,0,61,,81714,26,,,0,20,,81715,26,,,0,60,,81716,26,,,0,21,,81717,26,,,0,20,,81718,26,,,0,60,,81719,26,,,0,20,,81720,26,,,0,19,,81721,26,,,0,19,,81722,26,,,0,60,,81723,26,,,0,22,,81724,26,,,0,60,,81725,26,,,0,19,,81726,26,,,0,20,,81727,26,,,0,60,,81728,26,,,0,20,,81729,26,,,0,20,,81730,26,,,0,60,,81731,26,,,0,20,,81732,26,,,0,20,,81733,26,,,0,60,,81734,26,,,0,21,,81735,26,,,0,20,,81736,26,,,0,61,,81737,26,,,0,20,,81738,26,,,0,20,,81739,26,,,0,17,,81740,26,,,0,59,,81741,26,,,0,18,,81742,26,,,0,69,,81743,26,,,0,32,,81744,26,,,0,73,,81745,26,,,0
3000000,'8_7',821,,84150,26,,,0,130,,84151,26,,,0,170,,84158,26,,,0,130,,84157,26,,,0,170,,84156,26,,,0,130,,84154,26,,,0,100,,84164,11,4,,0,70,,84155,26,,,0,30,,84149,11,4,,0,70,,84159,11,4,,0,29,,84153,26,,,0,71,,84160,11,4,,0,30,,84161,11,4,,0,69,,84152,26,,,0,31,,84163,11,4,,0,70,,84162,11,4,,0
