901,'0_4',806,,97350,21,0,26,0,26,,97351,21,0,27 63,0,103,,97356,21,0,23 24,0,95,,97360,6,0,23 24,0,98,,97357,21,0,23 24,0,106,,97352,21,0,27 63,0,181,,97358,21,0,23 24,0,112,,97359,21,0,23 24,0,109,,97353,21,0,27 63,0,102,,97354,21,0,27 63,0,95,,97355,21,0,27 63,0,124,,97365,21,,,0
901,'0_5',806,,97366,21,0,26,0,26,,97367,21,0,27 63,0,103,,97372,21,0,23 24,0,95,,97376,6,0,23 24,0,98,,97373,21,0,23 24,0,106,,97368,21,0,27 63,0,181,,97374,21,0,23 24,0,112,,97375,21,0,23 24,0,109,,97369,21,0,27 63,0,102,,97370,21,0,27 63,0,95,,97371,21,0,27 63,0,124,,97381,21,,,0
901,'1_3',806,,97382,21,0,26,0,26,,97383,21,0,27 63,0,103,,97388,21,0,23 24,0,95,,97392,6,0,23 24,0,98,,97389,21,0,23 24,0,106,,97384,21,0,27 63,0,181,,97390,21,0,23 24,0,112,,97391,21,0,23 24,0,109,,97385,21,0,27 63,0,102,,97386,21,0,27 63,0,95,,97387,21,0,27 63,0,124,,97397,21,,,0
901,'2_6',801,,97398,21,0,23 24,0,99,,97410,21,0,25,0,50,,97403,6,0,23 24,0,166,,97404,6,0,23 24,0,113,,97408,21,0,25,0,79,,97405,6,0,23 24,0,107,,97407,6,0,25,0,90,,97409,6,0,25,0,44,,97406,21,0,25,0,82,,97399,21,0,23 24,0,104,,97400,21,0,23 24,0,172,,97401,21,0,23 24,0,49,,97402,21,0,23 24,0
901,'4_1',806,,97411,21,0,26,0,26,,97412,21,0,27 63,0,103,,97417,21,0,23 24,0,95,,97421,6,0,23 24,0,98,,97418,21,0,23 24,0,106,,97413,21,0,27 63,0,181,,97419,21,0,23 24,0,112,,97420,21,0,23 24,0,109,,97414,21,0,27 63,0,102,,97415,21,0,27 63,0,95,,97416,21,0,27 63,0,124,,97426,21,,,0
901,'4_2',806,,97427,21,0,26,0,26,,97428,21,0,27 63,0,103,,97433,21,0,23 24,0,95,,97437,6,0,23 24,0,98,,97434,21,0,23 24,0,106,,97429,21,0,27 63,0,181,,97435,21,0,23 24,0,112,,97436,21,0,23 24,0,109,,97430,21,0,27 63,0,102,,97431,21,0,27 63,0,95,,97432,21,0,27 63,0,124,,97442,21,,,0
901,'4_4',806,,97443,21,0,26,0,26,,97444,21,0,27 63,0,103,,97449,21,0,23 24,0,95,,97453,6,0,23 24,0,98,,97450,21,0,23 24,0,106,,97445,21,0,27 63,0,181,,97451,21,0,23 24,0,112,,97452,21,0,23 24,0,109,,97446,21,0,27 63,0,102,,97447,21,0,27 63,0,95,,97448,21,0,27 63,0,124,,97458,21,,,0
901,'4_5',806,,97459,21,0,26,0,26,,97460,21,0,27 63,0,103,,97465,21,0,23 24,0,95,,97469,6,0,23 24,0,98,,97466,21,0,23 24,0,106,,97461,21,0,27 63,0,181,,97467,21,0,23 24,0,112,,97468,21,0,23 24,0,109,,97462,21,0,27 63,0,102,,97463,21,0,27 63,0,95,,97464,21,0,27 63,0,124,,97474,21,,,0
1601,'0_4',845,,98046,6,,,0,205,,98048,6,,,0,153,,98051,6,,,0,146,,98049,6,,,0,178,,98052,6,,,0,282,,98050,6,,,0
1601,'0_5',845,,98054,6,,,0,205,,98056,6,,,0,153,,98059,6,,,0,146,,98057,6,,,0,178,,98060,6,,,0,282,,98058,6,,,0
1601,'1_3',845,,98062,6,,,0,205,,98064,6,,,0,153,,98067,6,,,0,146,,98065,6,,,0,178,,98068,6,,,0,282,,98066,6,,,0
1601,'2_6',845,,98070,6,,,0,205,,98072,6,,,0,153,,98075,6,,,0,146,,98073,6,,,0,178,,98076,6,,,0,282,,98074,6,,,0
1601,'4_1',845,,98078,6,,,0,205,,98080,6,,,0,153,,98083,6,,,0,146,,98081,6,,,0,178,,98084,6,,,0,282,,98082,6,,,0
1601,'4_2',845,,98086,6,,,0,205,,98088,6,,,0,153,,98091,6,,,0,146,,98089,6,,,0,178,,98092,6,,,0,282,,98090,6,,,0
1601,'4_4',845,,98094,6,,,0,205,,98096,6,,,0,153,,98099,6,,,0,146,,98097,6,,,0,178,,98100,6,,,0,282,,98098,6,,,0
1601,'4_5',845,,98102,6,,,0,205,,98104,6,,,0,153,,98107,6,,,0,146,,98105,6,,,0,178,,98108,6,,,0,282,,98106,6,,,0
1901,'0_4',1626,,98374,17,,,0,20,,98379,6,,,0,80,,98375,17,,,0,30,,98380,6,,,0,69,,98376,17,,,0,30,,98381,6,,,0
1901,'0_5',1626,,98383,17,,,0,20,,98388,6,,,0,80,,98384,17,,,0,30,,98389,6,,,0,69,,98385,17,,,0,30,,98390,6,,,0
1901,'1_3',1225,,98395,17,,,0,83,,98396,21,,,0,338,,98392,6,,,0,110,,98393,6,,,0,99,,98394,6,,,0
1901,'4_1',1626,,98398,17,,,0,20,,98403,6,,,0,80,,98399,17,,,0,30,,98404,6,,,0,69,,98400,17,,,0,30,,98405,6,,,0
1901,'4_2',1626,,98407,17,,,0,20,,98412,6,,,0,80,,98408,17,,,0,30,,98413,6,,,0,69,,98409,17,,,0,30,,98414,6,,,0
1901,'4_4',1626,,98416,17,,,0,20,,98421,6,,,0,80,,98417,17,,,0,30,,98422,6,,,0,69,,98418,17,,,0,30,,98423,6,,,0
1901,'4_5',1626,,98425,17,,,0,20,,98430,6,,,0,80,,98426,17,,,0,30,,98431,6,,,0,69,,98427,17,,,0,30,,98432,6,,,0
2900901,'0_4',1743,,102582,4,,,0,105,,102583,4,,,0
2900901,'0_5',1743,,102584,4,,,0,105,,102585,4,,,0
2900901,'1_3',1743,,102586,4,,,0,105,,102587,4,,,0
2900901,'4_1',1743,,102588,4,,,0,105,,102589,4,,,0
2900901,'4_2',1743,,102590,4,,,0,105,,102591,4,,,0
2900901,'4_4',1743,,102592,4,,,0,105,,102593,4,,,0
2900901,'4_5',1743,,102594,4,,,0,105,,102595,4,,,0
