201,'0_6',733,,63681,31,0,20,0,5,,63705,31,0,62,0,65,,63693,19,0,21,0,30,,63682,31,0,21,0,25,,63694,19,0,62,0,65,,63706,31,0,20,0,25,,63683,31,0,20,0,60,,63695,19,0,21,0,16,,63707,31,0,62,0,31,,63684,31,0,20,0,59,,63696,19,0,21,0,20,,63708,31,0,64,0,25,,63685,31,0,20,0,62,,63697,19,0,62,0,22,,63709,31,0,20,0,65,,63686,31,0,21,0,18,,63698,19,0,62,0,20,,63710,31,0,20,0,64,,63687,31,0,21,0,19,,63699,19,0,62,0,25,,63711,31,0,20,0,65,,63688,31,0,62,0,19,,63700,19,0,21,0,62,,63712,31,0,20,0,22,,63689,31,0,62,0,16,,63701,19,0,21,0,64,,63713,31,0,20,0,25,,63690,31,0,21,0,19,,63702,19,0,62,0,59,,63714,31,0,20,0,25,,63691,31,0,21,0,19,,63703,19,0,20,0,60,,63715,31,0,62,0,20,,63692,31,0,21,0,14,,63704,19,0,62,0,14,,63716,31,0,21,0
201,'1_7',858,,63717,19,0,21,0,165,,63718,19,0,21,0,125,,63719,19,0,21,0,165,,63720,19,0,21,0,110,,63721,19,0,21,0,125,,63722,19,0,21,0,165,,63723,19,0,21,0,125,,63724,19,0,21,0
201,'3_1',733,,63905,31,0,20,0,5,,63929,31,0,62,0,65,,63917,19,0,21,0,30,,63906,31,0,21,0,25,,63918,19,0,62,0,65,,63930,31,0,20,0,25,,63907,31,0,20,0,60,,63919,19,0,21,0,16,,63931,31,0,62,0,31,,63908,31,0,20,0,59,,63920,19,0,21,0,20,,63932,31,0,64,0,25,,63909,31,0,20,0,62,,63921,19,0,62,0,22,,63933,31,0,20,0,65,,63910,31,0,21,0,18,,63922,19,0,62,0,20,,63934,31,0,20,0,64,,63911,31,0,21,0,19,,63923,19,0,62,0,25,,63935,31,0,20,0,65,,63912,31,0,62,0,19,,63924,19,0,21,0,62,,63936,31,0,20,0,22,,63913,31,0,62,0,16,,63925,19,0,21,0,64,,63937,31,0,20,0,25,,63914,31,0,21,0,19,,63926,19,0,62,0,59,,63938,31,0,20,0,25,,63915,31,0,21,0,19,,63927,19,0,20,0,60,,63939,31,0,62,0,20,,63916,31,0,21,0,14,,63928,19,0,62,0,14,,63940,31,0,21,0
201,'3_2',733,,73098,31,0,20,0,5,,73122,31,0,62,0,65,,73110,19,0,21,0,30,,73099,31,0,21,0,25,,73111,19,0,62,0,65,,73123,31,0,20,0,25,,73100,31,0,20,0,60,,73112,19,0,21,0,16,,73124,31,0,62,0,31,,73101,31,0,20,0,59,,73113,19,0,21,0,20,,73125,31,0,64,0,25,,73102,31,0,20,0,62,,73114,19,0,62,0,22,,73126,31,0,20,0,65,,73103,31,0,21,0,18,,73115,19,0,62,0,20,,73127,31,0,20,0,64,,73104,31,0,21,0,19,,73116,19,0,62,0,25,,73128,31,0,20,0,65,,73105,31,0,62,0,19,,73117,19,0,21,0,62,,73129,31,0,20,0,22,,73106,31,0,62,0,16,,73118,19,0,21,0,64,,73130,31,0,20,0,25,,73107,31,0,21,0,19,,73119,19,0,62,0,59,,73131,31,0,20,0,25,,73108,31,0,21,0,19,,73120,19,0,20,0,60,,73132,31,0,62,0,20,,73109,31,0,21,0,14,,73121,19,0,62,0,14,,73133,31,0,21,0
201,'3_3',733,,63941,31,0,20,0,5,,63965,31,0,62,0,65,,63953,19,0,21,0,30,,63942,31,0,21,0,25,,63954,19,0,62,0,65,,63966,31,0,20,0,25,,63943,31,0,20,0,60,,63955,19,0,21,0,16,,63967,31,0,62,0,31,,63944,31,0,20,0,59,,63956,19,0,21,0,20,,63968,31,0,64,0,25,,63945,31,0,20,0,62,,63957,19,0,62,0,22,,63969,31,0,20,0,65,,63946,31,0,21,0,18,,63958,19,0,62,0,20,,63970,31,0,20,0,64,,63947,31,0,21,0,19,,63959,19,0,62,0,25,,63971,31,0,20,0,65,,63948,31,0,62,0,19,,63960,19,0,21,0,62,,63972,31,0,20,0,22,,63949,31,0,62,0,16,,63961,19,0,21,0,64,,63973,31,0,20,0,25,,63950,31,0,21,0,19,,63962,19,0,62,0,59,,63974,31,0,20,0,25,,63951,31,0,21,0,19,,63963,19,0,20,0,60,,63975,31,0,62,0,20,,63952,31,0,21,0,14,,63964,19,0,62,0,14,,63976,31,0,21,0
201,'3_4',733,,63977,31,0,20,0,5,,64001,31,0,62,0,65,,63989,19,0,21,0,30,,63978,31,0,21,0,25,,63990,19,0,62,0,65,,64002,31,0,20,0,25,,63979,31,0,20,0,60,,63991,19,0,21,0,16,,64003,31,0,62,0,31,,63980,31,0,20,0,59,,63992,19,0,21,0,20,,64004,31,0,64,0,25,,63981,31,0,20,0,62,,63993,19,0,62,0,22,,64005,31,0,20,0,65,,63982,31,0,21,0,18,,63994,19,0,62,0,20,,64006,31,0,20,0,64,,63983,31,0,21,0,19,,63995,19,0,62,0,25,,64007,31,0,20,0,65,,63984,31,0,62,0,19,,63996,19,0,21,0,62,,64008,31,0,20,0,22,,63985,31,0,62,0,16,,63997,19,0,21,0,64,,64009,31,0,20,0,25,,63986,31,0,21,0,19,,63998,19,0,62,0,59,,64010,31,0,20,0,25,,63987,31,0,21,0,19,,63999,19,0,20,0,60,,64011,31,0,62,0,20,,63988,31,0,21,0,14,,64000,19,0,62,0,14,,64012,31,0,21,0
201,'3_5',733,,64013,31,0,20,0,5,,64037,31,0,62,0,65,,64025,19,0,21,0,30,,64014,31,0,21,0,25,,64026,19,0,62,0,65,,64038,31,0,20,0,25,,64015,31,0,20,0,60,,64027,19,0,21,0,16,,64039,31,0,62,0,31,,64016,31,0,20,0,59,,64028,19,0,21,0,20,,64040,31,0,64,0,25,,64017,31,0,20,0,62,,64029,19,0,62,0,22,,64041,31,0,20,0,65,,64018,31,0,21,0,18,,64030,19,0,62,0,20,,64042,31,0,20,0,64,,64019,31,0,21,0,19,,64031,19,0,62,0,25,,64043,31,0,20,0,65,,64020,31,0,62,0,19,,64032,19,0,21,0,62,,64044,31,0,20,0,22,,64021,31,0,62,0,16,,64033,19,0,21,0,64,,64045,31,0,20,0,25,,64022,31,0,21,0,19,,64034,19,0,62,0,59,,64046,31,0,20,0,25,,64023,31,0,21,0,19,,64035,19,0,20,0,60,,64047,31,0,62,0,20,,64024,31,0,21,0,14,,64036,19,0,62,0,14,,64048,31,0,21,0
201,'5_1',733,,74058,31,0,20,0,5,,74082,31,0,62,0,65,,74070,19,0,21,0,30,,74059,31,0,21,0,25,,74071,19,0,62,0,65,,74083,31,0,20,0,25,,74060,31,0,20,0,60,,74072,19,0,21,0,16,,74084,31,0,62,0,31,,74061,31,0,20,0,59,,74073,19,0,21,0,20,,74085,31,0,64,0,25,,74062,31,0,20,0,62,,74074,19,0,62,0,22,,74086,31,0,20,0,65,,74063,31,0,21,0,18,,74075,19,0,62,0,20,,74087,31,0,20,0,64,,74064,31,0,21,0,19,,74076,19,0,62,0,25,,74088,31,0,20,0,65,,74065,31,0,62,0,19,,74077,19,0,21,0,62,,74089,31,0,20,0,22,,74066,31,0,62,0,16,,74078,19,0,21,0,64,,74090,31,0,20,0,25,,74067,31,0,21,0,19,,74079,19,0,62,0,59,,74091,31,0,20,0,25,,74068,31,0,21,0,19,,74080,19,0,20,0,60,,74092,31,0,62,0,20,,74069,31,0,21,0,14,,74081,19,0,62,0,14,,74093,31,0,21,0
201,'5_2',733,,75188,31,0,20,0,5,,75212,31,0,62,0,65,,75200,19,0,21,0,30,,75189,31,0,21,0,25,,75201,19,0,62,0,65,,75213,31,0,20,0,25,,75190,31,0,20,0,60,,75202,19,0,21,0,16,,75214,31,0,62,0,31,,75191,31,0,20,0,59,,75203,19,0,21,0,20,,75215,31,0,64,0,25,,75192,31,0,20,0,62,,75204,19,0,62,0,22,,75216,31,0,20,0,65,,75193,31,0,21,0,18,,75205,19,0,62,0,20,,75217,31,0,20,0,64,,75194,31,0,21,0,19,,75206,19,0,62,0,25,,75218,31,0,20,0,65,,75195,31,0,62,0,19,,75207,19,0,21,0,62,,75219,31,0,20,0,22,,75196,31,0,62,0,16,,75208,19,0,21,0,64,,75220,31,0,20,0,25,,75197,31,0,21,0,19,,75209,19,0,62,0,59,,75221,31,0,20,0,25,,75198,31,0,21,0,19,,75210,19,0,20,0,60,,75222,31,0,62,0,20,,75199,31,0,21,0,14,,75211,19,0,62,0,14,,75223,31,0,21,0
201,'5_3',733,,75224,31,0,20,0,5,,75248,31,0,62,0,65,,75236,19,0,21,0,30,,75225,31,0,21,0,25,,75237,19,0,62,0,65,,75249,31,0,20,0,25,,75226,31,0,20,0,60,,75238,19,0,21,0,16,,75250,31,0,62,0,31,,75227,31,0,20,0,59,,75239,19,0,21,0,20,,75251,31,0,64,0,25,,75228,31,0,20,0,62,,75240,19,0,62,0,22,,75252,31,0,20,0,65,,75229,31,0,21,0,18,,75241,19,0,62,0,20,,75253,31,0,20,0,64,,75230,31,0,21,0,19,,75242,19,0,62,0,25,,75254,31,0,20,0,65,,75231,31,0,62,0,19,,75243,19,0,21,0,62,,75255,31,0,20,0,22,,75232,31,0,62,0,16,,75244,19,0,21,0,64,,75256,31,0,20,0,25,,75233,31,0,21,0,19,,75245,19,0,62,0,59,,75257,31,0,20,0,25,,75234,31,0,21,0,19,,75246,19,0,20,0,60,,75258,31,0,62,0,20,,75235,31,0,21,0,14,,75247,19,0,62,0,14,,75259,31,0,21,0
201,'5_4',733,,75260,31,0,20,0,5,,75284,31,0,62,0,65,,75272,19,0,21,0,30,,75261,31,0,21,0,25,,75273,19,0,62,0,65,,75285,31,0,20,0,25,,75262,31,0,20,0,60,,75274,19,0,21,0,16,,75286,31,0,62,0,31,,75263,31,0,20,0,59,,75275,19,0,21,0,20,,75287,31,0,64,0,25,,75264,31,0,20,0,62,,75276,19,0,62,0,22,,75288,31,0,20,0,65,,75265,31,0,21,0,18,,75277,19,0,62,0,20,,75289,31,0,20,0,64,,75266,31,0,21,0,19,,75278,19,0,62,0,25,,75290,31,0,20,0,65,,75267,31,0,62,0,19,,75279,19,0,21,0,62,,75291,31,0,20,0,22,,75268,31,0,62,0,16,,75280,19,0,21,0,64,,75292,31,0,20,0,25,,75269,31,0,21,0,19,,75281,19,0,62,0,59,,75293,31,0,20,0,25,,75270,31,0,21,0,19,,75282,19,0,20,0,60,,75294,31,0,62,0,20,,75271,31,0,21,0,14,,75283,19,0,62,0,14,,75295,31,0,21,0
