200,'S2-0_2',713,,84737,19,0,35 37,0,5,,84769,22,0,38,0,8,,84743,19,0,9 10,0,13,,84770,22,0,38,0,20,,84764,10,0,34,0,55,,84744,22,0,35 37,0,15,,84771,19,0,38,0,15,,84775,19,0,9 10,0,10,,84738,22,0,9 10,0,60,,84765,10,0,34,0,15,,84748,19,0,35 37,0,20,,84758,22,0,9 10,0,70,,84751,19,0,34,0,29,,84739,22,0,35 37,0,80,,84752,19,0,34,0,75,,84759,10,0,35 37,0,11,,84766,10,0,9 10,0,15,,84749,22,0,34,0,20,,84760,19,0,35 37,0,65,,84754,10,0,34,0,25,,84740,19,0,35 37,0,70,,84753,22,0,34,0,30,,84761,19,0,35 37,0,70,,84750,19,0,34,0,25,,84767,22,0,38,0,67,,84762,19,0,35 37,0,18,,84768,19,0,34,0,15,,84772,10,0,38,0,70,,84741,10,0,35 37,0,9,,84773,19,0,38,0,10,,84755,22,0,34,0,16,,84745,19,0,38,0,61,,84763,22,0,35 37,0,15,,84746,19,0,38,0,15,,84756,22,0,34,0,15,,84774,19,0,38,0,60,,84747,22,0,38,0,15,,84742,19,0,35 37,0,10,,84757,22,0,34,0
200,'S2-0_4',713,,84776,19,0,35 37,0,5,,84808,22,0,38,0,8,,84782,19,0,9 10,0,13,,84809,22,0,38,0,20,,84803,10,0,34,0,55,,84783,22,0,35 37,0,15,,84810,19,0,38,0,15,,84814,19,0,9 10,0,10,,84777,22,0,9 10,0,60,,84804,10,0,34,0,15,,84787,19,0,35 37,0,20,,84797,22,0,9 10,0,70,,84790,19,0,34,0,29,,84778,22,0,35 37,0,80,,84791,19,0,34,0,75,,84798,10,0,35 37,0,11,,84805,10,0,9 10,0,15,,84788,22,0,34,0,20,,84799,19,0,35 37,0,65,,84793,10,0,34,0,25,,84779,19,0,35 37,0,70,,84792,22,0,34,0,30,,84800,19,0,35 37,0,70,,84789,19,0,34,0,25,,84806,22,0,38,0,67,,84801,19,0,35 37,0,18,,84807,19,0,34,0,15,,84811,10,0,38,0,70,,84780,10,0,35 37,0,9,,84812,19,0,38,0,10,,84794,22,0,34,0,16,,84784,19,0,38,0,61,,84802,22,0,35 37,0,15,,84785,19,0,38,0,15,,84795,22,0,34,0,15,,84813,19,0,38,0,60,,84786,22,0,38,0,15,,84781,19,0,35 37,0,10,,84796,22,0,34,0
200,'S2-0_5',713,,84815,19,0,35 37,0,5,,84847,22,0,38,0,8,,84821,19,0,9 10,0,13,,84848,22,0,38,0,20,,84842,10,0,34,0,55,,84822,22,0,35 37,0,15,,84849,19,0,38,0,15,,84853,19,0,9 10,0,10,,84816,22,0,9 10,0,60,,84843,10,0,34,0,15,,84826,19,0,35 37,0,20,,84836,22,0,9 10,0,70,,84829,19,0,34,0,29,,84817,22,0,35 37,0,80,,84830,19,0,34,0,75,,84837,10,0,35 37,0,11,,84844,10,0,9 10,0,15,,84827,22,0,34,0,20,,84838,19,0,35 37,0,65,,84832,10,0,34,0,25,,84818,19,0,35 37,0,70,,84831,22,0,34,0,30,,84839,19,0,35 37,0,70,,84828,19,0,34,0,25,,84845,22,0,38,0,67,,84840,19,0,35 37,0,18,,84846,19,0,34,0,15,,84850,10,0,38,0,70,,84819,10,0,35 37,0,9,,84851,19,0,38,0,10,,84833,22,0,34,0,16,,84823,19,0,38,0,61,,84841,22,0,35 37,0,15,,84824,19,0,38,0,15,,84834,22,0,34,0,15,,84852,19,0,38,0,60,,84825,22,0,38,0,15,,84820,19,0,35 37,0,10,,84835,22,0,34,0
200,'S2-1_3',713,,84854,19,0,35 37,0,5,,84886,22,0,38,0,8,,84860,19,0,9 10,0,13,,84887,22,0,38,0,20,,84881,10,0,34,0,55,,84861,22,0,35 37,0,15,,84888,19,0,38,0,15,,84892,19,0,9 10,0,10,,84855,22,0,9 10,0,60,,84882,10,0,34,0,15,,84865,19,0,35 37,0,20,,84875,22,0,9 10,0,70,,84868,19,0,34,0,29,,84856,22,0,35 37,0,80,,84869,19,0,34,0,75,,84876,10,0,35 37,0,11,,84883,10,0,9 10,0,15,,84866,22,0,34,0,20,,84877,19,0,35 37,0,65,,84871,10,0,34,0,25,,84857,19,0,35 37,0,70,,84870,22,0,34,0,30,,84878,19,0,35 37,0,70,,84867,19,0,34,0,25,,84884,22,0,38,0,67,,84879,19,0,35 37,0,18,,84885,19,0,34,0,15,,84889,10,0,38,0,70,,84858,10,0,35 37,0,9,,84890,19,0,38,0,10,,84872,22,0,34,0,16,,84862,19,0,38,0,61,,84880,22,0,35 37,0,15,,84863,19,0,38,0,15,,84873,22,0,34,0,15,,84891,19,0,38,0,60,,84864,22,0,38,0,15,,84859,19,0,35 37,0,10,,84874,22,0,34,0
200,'S2-2_6',709,,84893,22,0,34,0,30,,84904,19,0,35 37,0,20,,84916,10,0,38,0,59,,84894,22,0,34,0,25,,84905,19,0,35 37,0,60,,84917,22,0,38,0,21,,84895,19,0,34,0,25,,84906,10,0,35 37,0,60,,84918,10,0,38,0,19,,84896,22,0,34,0,25,,84907,19,0,35 37,0,63,,84919,10,0,38,0,23,,84897,22,0,34,0,64,,84908,19,0,35 37,0,21,,84920,10,0,38,0,20,,84898,20,0,34,0,59,,84909,10,0,35 37,0,20,,84921,19,0,38,0,20,,84899,22,0,34,0,60,,84910,19,0,35 37,0,21,,84922,10,0,38,0,21,,84900,22,0,34,0,61,,84911,19,0,35 37,0,21,,84923,10,0,38,0,23,,84901,22,0,34,0,67,,84912,19,0,35 37,0,18,,84924,10,0,38,0,18,,84902,22,0,34,0,64,,84913,19,0,35 37,0,18,,84925,10,0,38,0,18,,84903,22,0,34,0,60,,84927,19,0,35 37,0,26,,84926,10,0,38,0,67,,84914,22,0,35 37,0,23,,84915,19,0,34,0
200,'S2-3_7',935,,84928,19,0,38,0,165,,84929,19,0,38,0,125,,84930,19,0,38,0,110,,84931,19,0,38,0,165,,84932,19,0,38,0,125,,84933,19,0,38,0,125,,84934,19,0,38,0,165,,84935,19,0,38,0
200,'S2-4_1',713,,84936,19,0,35 37,0,5,,84968,22,0,38,0,8,,84942,19,0,9 10,0,13,,84969,22,0,38,0,20,,84963,10,0,34,0,55,,84943,22,0,35 37,0,15,,84970,19,0,38,0,15,,84974,19,0,9 10,0,10,,84937,22,0,9 10,0,60,,84964,10,0,34,0,15,,84947,19,0,35 37,0,20,,84957,22,0,9 10,0,70,,84950,19,0,34,0,29,,84938,22,0,35 37,0,80,,84951,19,0,34,0,75,,84958,10,0,35 37,0,11,,84965,10,0,9 10,0,15,,84948,22,0,34,0,20,,84959,19,0,35 37,0,65,,84953,10,0,34,0,25,,84939,19,0,35 37,0,70,,84952,22,0,34,0,30,,84960,19,0,35 37,0,70,,84949,19,0,34,0,25,,84966,22,0,38,0,67,,84961,19,0,35 37,0,18,,84967,19,0,34,0,15,,84971,10,0,38,0,70,,84940,10,0,35 37,0,9,,84972,19,0,38,0,10,,84954,22,0,34,0,16,,84944,19,0,38,0,61,,84962,22,0,35 37,0,15,,84945,19,0,38,0,15,,84955,22,0,34,0,15,,84973,19,0,38,0,60,,84946,22,0,38,0,15,,84941,19,0,35 37,0,10,,84956,22,0,34,0
200,'S2-4_2',713,,84975,19,0,35 37,0,5,,85007,22,0,38,0,8,,84981,19,0,9 10,0,13,,85008,22,0,38,0,20,,85002,10,0,34,0,55,,84982,22,0,35 37,0,15,,85009,19,0,38,0,15,,85013,19,0,9 10,0,10,,84976,22,0,9 10,0,60,,85003,10,0,34,0,15,,84986,19,0,35 37,0,20,,84996,22,0,9 10,0,70,,84989,19,0,34,0,29,,84977,22,0,35 37,0,80,,84990,19,0,34,0,75,,84997,10,0,35 37,0,11,,85004,10,0,9 10,0,15,,84987,22,0,34,0,20,,84998,19,0,35 37,0,65,,84992,10,0,34,0,25,,84978,19,0,35 37,0,70,,84991,22,0,34,0,30,,84999,19,0,35 37,0,70,,84988,19,0,34,0,25,,85005,22,0,38,0,67,,85000,19,0,35 37,0,18,,85006,19,0,34,0,15,,85010,10,0,38,0,70,,84979,10,0,35 37,0,9,,85011,19,0,38,0,10,,84993,22,0,34,0,16,,84983,19,0,38,0,61,,85001,22,0,35 37,0,15,,84984,19,0,38,0,15,,84994,22,0,34,0,15,,85012,19,0,38,0,60,,84985,22,0,38,0,15,,84980,19,0,35 37,0,10,,84995,22,0,34,0
200,'S2-4_4',713,,85014,19,0,35 37,0,5,,85046,22,0,38,0,8,,85020,19,0,9 10,0,13,,85047,22,0,38,0,20,,85041,10,0,34,0,55,,85021,22,0,35 37,0,15,,85048,19,0,38,0,15,,85052,19,0,9 10,0,10,,85015,22,0,9 10,0,60,,85042,10,0,34,0,15,,85025,19,0,35 37,0,20,,85035,22,0,9 10,0,70,,85028,19,0,34,0,29,,85016,22,0,35 37,0,80,,85029,19,0,34,0,75,,85036,10,0,35 37,0,11,,85043,10,0,9 10,0,15,,85026,22,0,34,0,20,,85037,19,0,35 37,0,65,,85031,10,0,34,0,25,,85017,19,0,35 37,0,70,,85030,22,0,34,0,30,,85038,19,0,35 37,0,70,,85027,19,0,34,0,25,,85044,22,0,38,0,67,,85039,19,0,35 37,0,18,,85045,19,0,34,0,15,,85049,10,0,38,0,70,,85018,10,0,35 37,0,9,,85050,19,0,38,0,10,,85032,22,0,34,0,16,,85022,19,0,38,0,61,,85040,22,0,35 37,0,15,,85023,19,0,38,0,15,,85033,22,0,34,0,15,,85051,19,0,38,0,60,,85024,22,0,38,0,15,,85019,19,0,35 37,0,10,,85034,22,0,34,0
2600,'S2-0_2',704,,88938,13,,,0,11,,88949,13,,,0,85,,88950,13,,,0,16,,88951,13,,,0,84,,88952,13,,,0,29,,88953,13,,,0,95,,88939,13,,,0,99,,88940,13,,,0,98,,88941,13,,,0,27,,88942,13,,,0,70,,88957,13,,,0,95,,88958,13,,,0,111,,88943,13,,,0,27,,88962,13,4,,0,58,,88944,13,,,0,25,,88954,13,,,0,71,,88955,13,,,0,20,,88945,13,,,0,10,,88959,13,4,,0,19,,88946,13,,,0,73,,88947,13,,,0,29,,88960,13,,,0
2600,'S2-0_4',704,,88963,13,,,0,11,,88974,13,,,0,85,,88975,13,,,0,16,,88976,13,,,0,84,,88977,13,,,0,29,,88978,13,,,0,95,,88964,13,,,0,99,,88965,13,,,0,98,,88966,13,,,0,27,,88967,13,,,0,70,,88982,13,,,0,95,,88983,13,,,0,111,,88968,13,,,0,27,,88973,13,4,,0,58,,88969,13,,,0,25,,88979,13,,,0,71,,88980,13,,,0,20,,88970,13,,,0,10,,88984,13,4,,0,19,,88971,13,,,0,73,,88972,13,,,0,29,,88985,13,,,0
2600,'S2-0_5',704,,88987,13,,,0,11,,88998,13,,,0,85,,88999,13,,,0,16,,89000,13,,,0,84,,89001,13,,,0,29,,89002,13,,,0,95,,88988,13,,,0,99,,88989,13,,,0,98,,88990,13,,,0,27,,88991,13,,,0,70,,89006,13,,,0,95,,89007,13,,,0,111,,88992,13,,,0,27,,88997,13,4,,0,58,,88993,13,,,0,25,,89003,13,,,0,71,,89004,13,,,0,20,,88994,13,,,0,10,,89008,13,4,,0,19,,88995,13,,,0,73,,88996,13,,,0,29,,89009,13,,,0
2600,'S2-1_3',704,,89011,13,,,0,11,,89022,13,,,0,85,,89023,13,,,0,16,,89024,13,,,0,84,,89025,13,,,0,29,,89026,13,,,0,95,,89012,13,,,0,99,,89013,13,,,0,98,,89014,13,,,0,27,,89015,13,,,0,70,,89030,13,,,0,95,,89031,13,,,0,111,,89016,13,,,0,85,,89017,13,,,0,25,,89027,13,,,0,71,,89028,13,,,0,20,,89018,13,,,0,29,,89019,13,,,0,73,,89020,13,,,0,29,,89032,13,,,0
2600,'S2-2_6',725,,89034,13,,,0,85,,89035,13,,,0,45,,89036,13,,,0,85,,89037,13,,,0,84,,89038,13,,,0,90,,89039,13,,,0,44,,89040,13,,,0,82,,89041,13,,,0,84,,89042,13,,,0,85,,89043,13,,,0,43,,89044,13,,,0,86,,89045,13,,,0,90,,89046,13,,,0,86,,89047,13,,,0,43,,89048,13,,,0,85,,89049,13,,,0,83,,89050,13,,,0
2600,'S2-4_1',704,,89051,13,,,0,11,,89062,13,,,0,85,,89063,13,,,0,16,,89064,13,,,0,84,,89065,13,,,0,29,,89066,13,,,0,95,,89052,13,,,0,99,,89053,13,,,0,98,,89054,13,,,0,27,,89055,13,,,0,70,,89070,13,,,0,95,,89071,13,,,0,111,,89056,13,,,0,27,,89061,13,4,,0,58,,89057,13,,,0,25,,89067,13,,,0,71,,89068,13,,,0,20,,89058,13,,,0,10,,89072,13,4,,0,19,,89059,13,,,0,73,,89060,13,,,0,29,,89073,13,,,0
2600,'S2-4_2',704,,89075,13,,,0,11,,89086,13,,,0,85,,89087,13,,,0,16,,89088,13,,,0,84,,89089,13,,,0,29,,89090,13,,,0,95,,89076,13,,,0,99,,89077,13,,,0,98,,89078,13,,,0,27,,89079,13,,,0,70,,89094,13,,,0,95,,89095,13,,,0,111,,89080,13,,,0,27,,89099,13,4,,0,58,,89081,13,,,0,25,,89091,13,,,0,71,,89092,13,,,0,20,,89082,13,,,0,10,,89096,13,4,,0,19,,89083,13,,,0,73,,89084,13,,,0,29,,89097,13,,,0
2600,'S2-4_4',704,,89100,13,,,0,11,,89111,13,,,0,85,,89112,13,,,0,16,,89113,13,,,0,84,,89114,13,,,0,29,,89115,13,,,0,95,,89101,13,,,0,99,,89102,13,,,0,98,,89103,13,,,0,27,,89104,13,,,0,70,,89119,13,,,0,95,,89120,13,,,0,111,,89105,13,,,0,27,,89110,13,4,,0,58,,89106,13,,,0,25,,89116,13,,,0,71,,89117,13,,,0,20,,89107,13,,,0,10,,89121,13,4,,0,19,,89108,13,,,0,73,,89109,13,,,0,29,,89122,13,,,0
