900501,'S2-4_4',2101,,89672,2,,,0,40,,89673,2,,,0,90,,89674,2,,,0,90,,89675,2,,,0,90,,89676,2,,,0,48,,89677,2,,,0,70,,89678,2,,,0,30,,89679,2,,,0
3000001,'S2-0_2',643,,93012,7,,,0,58,,92971,7,,,0,19,,92972,7,,,0,20,,92973,7,,,0,61,,92974,7,,,0,21,,92975,7,,,0,20,,92976,7,,,0,61,,92977,7,,,0,20,,92978,7,,,0,19,,92979,7,,,0,60,,92980,7,,,0,20,,92981,7,,,0,20,,92982,7,,,0,59,,92983,7,,,0,19,,92984,7,,,0,21,,92985,7,,,0,59,,92986,7,,,0,22,,92987,7,,,0,21,,92988,7,,,0,60,,92989,7,,,0,19,,92990,7,,,0,19,,92991,7,,,0,61,,92992,7,,,0,20,,92993,7,,,0,20,,92994,7,,,0,60,,92995,7,,,0,22,,92996,7,,,0,20,,92997,7,,,0,59,,92998,7,,,0,11,,93013,4,0,11 12,0,8,,92999,7,,,0,11,,93014,4,0,11 12,0,11,,93000,7,,,0,10,,93015,4,0,11 12,0,50,,93001,7,,,0,11,,93016,4,0,11 12,0,10,,93002,7,,,0,10,,93017,4,0,11 12,0,11,,93003,7,,,0,8,,93018,4,0,11 12,0,49,,93004,7,,,0,10,,93019,4,0,11 12,0,9,,93005,7,,,0,22,,93006,7,,,0,60,,93007,7,,,0,23,,93008,7,,,0,26,,93009,7,,,0,69,,93010,7,,,0,32,,93011,7,,,0
3000001,'S2-0_4',643,,93061,7,,,0,58,,93020,7,,,0,19,,93021,7,,,0,20,,93022,7,,,0,61,,93023,7,,,0,21,,93024,7,,,0,20,,93025,7,,,0,61,,93026,7,,,0,20,,93027,7,,,0,19,,93028,7,,,0,60,,93029,7,,,0,20,,93030,7,,,0,20,,93031,7,,,0,59,,93032,7,,,0,19,,93033,7,,,0,21,,93034,7,,,0,59,,93035,7,,,0,22,,93036,7,,,0,21,,93037,7,,,0,60,,93038,7,,,0,19,,93039,7,,,0,19,,93040,7,,,0,61,,93041,7,,,0,20,,93042,7,,,0,20,,93043,7,,,0,60,,93044,7,,,0,22,,93045,7,,,0,20,,93046,7,,,0,59,,93047,7,,,0,11,,93062,4,0,11 12,0,8,,93048,7,,,0,11,,93063,4,0,11 12,0,11,,93049,7,,,0,10,,93064,4,0,11 12,0,50,,93050,7,,,0,11,,93065,4,0,11 12,0,10,,93051,7,,,0,10,,93066,4,0,11 12,0,11,,93052,7,,,0,8,,93067,4,0,11 12,0,49,,93053,7,,,0,10,,93068,4,0,11 12,0,9,,93054,7,,,0,22,,93055,7,,,0,60,,93056,7,,,0,23,,93057,7,,,0,26,,93058,7,,,0,69,,93059,7,,,0,32,,93060,7,,,0
3000001,'S2-0_5',643,,93110,7,,,0,58,,93069,7,,,0,19,,93070,7,,,0,20,,93071,7,,,0,61,,93072,7,,,0,21,,93073,7,,,0,20,,93074,7,,,0,61,,93075,7,,,0,20,,93076,7,,,0,19,,93077,7,,,0,60,,93078,7,,,0,20,,93079,7,,,0,20,,93080,7,,,0,59,,93081,7,,,0,19,,93082,7,,,0,21,,93083,7,,,0,59,,93084,7,,,0,22,,93085,7,,,0,21,,93086,7,,,0,60,,93087,7,,,0,19,,93088,7,,,0,19,,93089,7,,,0,61,,93090,7,,,0,20,,93091,7,,,0,20,,93092,7,,,0,60,,93093,7,,,0,22,,93094,7,,,0,20,,93095,7,,,0,59,,93096,7,,,0,11,,93111,4,0,11 12,0,8,,93097,7,,,0,11,,93112,4,0,11 12,0,11,,93098,7,,,0,10,,93113,4,0,11 12,0,50,,93099,7,,,0,11,,93114,4,0,11 12,0,10,,93100,7,,,0,10,,93115,4,0,11 12,0,11,,93101,7,,,0,8,,93116,4,0,11 12,0,49,,93102,7,,,0,10,,93117,4,0,11 12,0,9,,93103,7,,,0,22,,93104,7,,,0,60,,93105,7,,,0,23,,93106,7,,,0,26,,93107,7,,,0,69,,93108,7,,,0,32,,93109,7,,,0
3000001,'S2-1_3',643,,93159,7,,,0,58,,93118,7,,,0,19,,93119,7,,,0,20,,93120,7,,,0,61,,93121,7,,,0,21,,93122,7,,,0,20,,93123,7,,,0,61,,93124,7,,,0,20,,93125,7,,,0,19,,93126,7,,,0,60,,93127,7,,,0,20,,93128,7,,,0,20,,93129,7,,,0,59,,93130,7,,,0,19,,93131,7,,,0,21,,93132,7,,,0,59,,93133,7,,,0,22,,93134,7,,,0,21,,93135,7,,,0,60,,93136,7,,,0,19,,93137,7,,,0,19,,93138,7,,,0,61,,93139,7,,,0,20,,93140,7,,,0,20,,93141,7,,,0,60,,93142,7,,,0,22,,93143,7,,,0,20,,93144,7,,,0,59,,93145,7,,,0,11,,93160,4,0,11 12,0,8,,93146,7,,,0,11,,93161,4,0,11 12,0,11,,93147,7,,,0,10,,93162,4,0,11 12,0,50,,93148,7,,,0,11,,93163,4,0,11 12,0,10,,93149,7,,,0,10,,93164,4,0,11 12,0,11,,93150,7,,,0,8,,93165,4,0,11 12,0,49,,93151,7,,,0,10,,93166,4,0,11 12,0,9,,93152,7,,,0,22,,93153,7,,,0,60,,93154,7,,,0,23,,93155,7,,,0,26,,93156,7,,,0,69,,93157,7,,,0,32,,93158,7,,,0
3000001,'S2-2_6',635,,93167,7,,,0,80,,93168,7,,,0,44,,93169,7,,,0,78,,93170,7,,,0,20,,93171,7,,,0,59,,93172,7,,,0,20,,93173,7,,,0,20,,93174,7,,,0,60,,93175,7,,,0,20,,93176,7,,,0,20,,93177,7,,,0,60,,93178,7,,,0,21,,93179,7,,,0,20,,93180,7,,,0,59,,93181,7,,,0,20,,93182,7,,,0,20,,93183,7,,,0,60,,93184,7,,,0,20,,93185,7,,,0,20,,93186,7,,,0,60,,93187,7,,,0,20,,93188,7,,,0,21,,93189,7,,,0,60,,93190,7,,,0,20,,93191,7,,,0,20,,93192,7,,,0,60,,93193,7,,,0,20,,93194,7,,,0,20,,93195,7,,,0,60,,93196,7,,,0,20,,93197,7,,,0,19,,93198,7,,,0,60,,93199,7,,,0,20,,93200,7,,,0,20,,93201,7,,,0,71,,93203,7,,,0,29,,93204,7,,,0,70,,93202,7,,,0,29,,93205,7,,,0
3000001,'S2-3_7',843,,93206,7,,,0,170,,93214,7,,,0,130,,93213,7,,,0,170,,93212,7,,,0,130,,93209,7,,,0,170,,93210,7,,,0,130,,93211,7,,,0,170,,93208,7,,,0,130,,93207,7,,,0
3000001,'S2-4_1',643,,93256,7,,,0,58,,93215,7,,,0,19,,93216,7,,,0,20,,93217,7,,,0,61,,93218,7,,,0,21,,93219,7,,,0,20,,93220,7,,,0,61,,93221,7,,,0,20,,93222,7,,,0,19,,93223,7,,,0,60,,93224,7,,,0,20,,93225,7,,,0,20,,93226,7,,,0,59,,93227,7,,,0,19,,93228,7,,,0,21,,93229,7,,,0,59,,93230,7,,,0,22,,93231,7,,,0,21,,93232,7,,,0,60,,93233,7,,,0,19,,93234,7,,,0,19,,93235,7,,,0,61,,93236,7,,,0,20,,93237,7,,,0,20,,93238,7,,,0,60,,93239,7,,,0,22,,93240,7,,,0,20,,93241,7,,,0,59,,93242,7,,,0,11,,93257,4,0,11 12,0,8,,93243,7,,,0,11,,93258,4,0,11 12,0,11,,93244,7,,,0,10,,93259,4,0,11 12,0,50,,93245,7,,,0,11,,93260,4,0,11 12,0,10,,93246,7,,,0,10,,93261,4,0,11 12,0,11,,93247,7,,,0,8,,93262,4,0,11 12,0,49,,93248,7,,,0,10,,93263,4,0,11 12,0,9,,93249,7,,,0,22,,93250,7,,,0,60,,93251,7,,,0,23,,93252,7,,,0,26,,93253,7,,,0,69,,93254,7,,,0,32,,93255,7,,,0
3000001,'S2-4_2',643,,93305,7,,,0,58,,93264,7,,,0,19,,93265,7,,,0,20,,93266,7,,,0,61,,93267,7,,,0,21,,93268,7,,,0,20,,93269,7,,,0,61,,93270,7,,,0,20,,93271,7,,,0,19,,93272,7,,,0,60,,93273,7,,,0,20,,93274,7,,,0,20,,93275,7,,,0,59,,93276,7,,,0,19,,93277,7,,,0,21,,93278,7,,,0,59,,93279,7,,,0,22,,93280,7,,,0,21,,93281,7,,,0,60,,93282,7,,,0,19,,93283,7,,,0,19,,93284,7,,,0,61,,93285,7,,,0,20,,93286,7,,,0,20,,93287,7,,,0,60,,93288,7,,,0,22,,93289,7,,,0,20,,93290,7,,,0,59,,93291,7,,,0,11,,93306,4,0,11 12,0,8,,93292,7,,,0,11,,93307,4,0,11 12,0,11,,93293,7,,,0,10,,93308,4,0,11 12,0,50,,93294,7,,,0,11,,93309,4,0,11 12,0,10,,93295,7,,,0,10,,93310,4,0,11 12,0,11,,93296,7,,,0,8,,93311,4,0,11 12,0,49,,93297,7,,,0,10,,93312,4,0,11 12,0,9,,93298,7,,,0,22,,93299,7,,,0,60,,93300,7,,,0,23,,93301,7,,,0,26,,93302,7,,,0,69,,93303,7,,,0,32,,93304,7,,,0
3000001,'S2-4_4',643,,93354,7,,,0,58,,93313,7,,,0,19,,93314,7,,,0,20,,93315,7,,,0,61,,93316,7,,,0,21,,93317,7,,,0,20,,93318,7,,,0,61,,93319,7,,,0,20,,93320,7,,,0,19,,93321,7,,,0,60,,93322,7,,,0,20,,93323,7,,,0,20,,93324,7,,,0,59,,93325,7,,,0,19,,93326,7,,,0,21,,93327,7,,,0,59,,93328,7,,,0,22,,93329,7,,,0,21,,93330,7,,,0,60,,93331,7,,,0,19,,93332,7,,,0,19,,93333,7,,,0,61,,93334,7,,,0,20,,93335,7,,,0,20,,93336,7,,,0,60,,93337,7,,,0,22,,93338,7,,,0,20,,93339,7,,,0,59,,93340,7,,,0,11,,93355,4,0,11 12,0,8,,93341,7,,,0,11,,93356,4,0,11 12,0,11,,93342,7,,,0,10,,93357,4,0,11 12,0,50,,93343,7,,,0,11,,93358,4,0,11 12,0,10,,93344,7,,,0,10,,93359,4,0,11 12,0,11,,93345,7,,,0,8,,93360,4,0,11 12,0,49,,93346,7,,,0,10,,93361,4,0,11 12,0,9,,93347,7,,,0,22,,93348,7,,,0,60,,93349,7,,,0,23,,93350,7,,,0,26,,93351,7,,,0,69,,93352,7,,,0,32,,93353,7,,,0
