1500,'0_4',730,,97759,7,,,0,21,,97760,7,,,0,154,,97761,7,,,0,117,,97762,7,,,0,117,,97763,7,,,0,80,,97764,7,,,0,36,,97765,7,,,0,96,,97766,7,,,0,158,,97758,7,0,44,0,102,,97767,7,,,0,107,,97768,7,,,0,99,,97769,7,,,0,116,,97770,7,,,0
1500,'0_5',730,,97772,7,,,0,21,,97773,7,,,0,154,,97774,7,,,0,117,,97775,7,,,0,117,,97776,7,,,0,80,,97777,7,,,0,36,,97778,7,,,0,96,,97779,7,,,0,158,,97771,7,0,44,0,102,,97780,7,,,0,107,,97781,7,,,0,99,,97782,7,,,0,116,,97783,7,,,0
1500,'1_3',730,,97785,7,,,0,21,,97786,7,,,0,154,,97787,7,,,0,117,,97788,7,,,0,117,,97789,7,,,0,80,,97790,7,,,0,36,,97791,7,,,0,96,,97792,7,,,0,158,,97784,7,0,44,0,102,,97793,7,,,0,107,,97794,7,,,0,99,,97795,7,,,0,116,,97796,7,,,0
1500,'2_6',730,,97798,7,,,0,21,,97799,7,,,0,154,,97800,7,,,0,117,,97801,7,,,0,117,,97802,7,,,0,80,,97803,7,,,0,36,,97804,7,,,0,96,,97805,7,,,0,158,,97797,7,0,44,0,102,,97806,7,,,0,107,,97807,7,,,0,99,,97808,7,,,0,116,,97809,7,,,0
1500,'4_1',730,,97811,7,,,0,21,,97812,7,,,0,154,,97813,7,,,0,117,,97814,7,,,0,117,,97815,7,,,0,80,,97816,7,,,0,36,,97817,7,,,0,96,,97818,7,,,0,158,,97810,7,0,44,0,102,,97819,7,,,0,107,,97820,7,,,0,99,,97821,7,,,0,116,,97822,7,,,0
1500,'4_2',730,,97824,7,,,0,21,,97825,7,,,0,154,,97826,7,,,0,117,,97827,7,,,0,117,,97828,7,,,0,80,,97829,7,,,0,36,,97830,7,,,0,96,,97831,7,,,0,158,,97823,7,0,44,0,102,,97832,7,,,0,107,,97833,7,,,0,99,,97834,7,,,0,116,,97835,7,,,0
1500,'4_4',730,,97837,7,,,0,21,,97838,7,,,0,154,,97839,7,,,0,117,,97840,7,,,0,117,,97841,7,,,0,80,,97842,7,,,0,36,,97843,7,,,0,96,,97844,7,,,0,158,,97836,7,0,44,0,102,,97845,7,,,0,107,,97846,7,,,0,99,,97847,7,,,0,116,,97848,7,,,0
1500,'4_5',730,,97850,7,,,0,21,,97851,7,,,0,154,,97852,7,,,0,117,,97853,7,,,0,117,,97854,7,,,0,80,,97855,7,,,0,36,,97856,7,,,0,96,,97857,7,,,0,158,,97849,7,0,44,0,102,,97858,7,,,0,107,,97859,7,,,0,99,,97860,7,,,0,116,,97861,7,,,0
2000,'0_4',1639,,98434,5,,,0,105,,98435,5,,,0,99,,98436,5,,,0
2000,'0_5',1639,,98437,5,,,0,105,,98438,5,,,0,99,,98439,5,,,0
2000,'1_3',1242,,98443,5,,,0,397,,98440,5,,,0,105,,98441,5,,,0,99,,98442,5,,,0
2000,'4_1',1639,,98444,5,,,0,105,,98445,5,,,0,99,,98446,5,,,0
2000,'4_2',1639,,98447,5,,,0,105,,98448,5,,,0,99,,98449,5,,,0
2000,'4_4',1639,,98450,5,,,0,105,,98451,5,,,0,99,,98452,5,,,0
2000,'4_5',1639,,98453,5,,,0,105,,98454,5,,,0,99,,98455,5,,,0
4000000,'0_4',639,,103467,8,0,45,0,18,,103423,8,0,46,0,69,,103445,8,0,45,0,27,,103424,8,0,46,0,55,,103446,8,0,45,0,19,,103425,8,0,46,0,22,,103447,8,0,45,0,61,,103426,8,0,46,0,16,,103448,8,0,45,0,19,,103427,8,0,46,0,59,,103449,8,0,45,0,19,,103428,8,0,46,0,20,,103450,8,0,45,0,61,,103429,8,0,46,0,20,,103451,8,0,45,0,19,,103430,8,0,46,0,64,,103452,8,0,45,0,19,,103431,8,0,46,0,19,,103453,8,0,45,0,57,,103432,8,0,46,0,19,,103454,8,0,45,0,24,,103433,8,0,46,0,61,,103455,8,0,45,0,19,,103434,8,0,46,0,19,,103456,8,0,45,0,61,,103435,8,0,46,0,21,,103457,8,0,45,0,18,,103436,8,0,46,0,61,,103458,8,0,45,0,22,,103437,8,0,46,0,22,,103459,8,0,45,0,69,,103438,8,0,46,0,20,,103460,8,0,45,0,20,,103439,8,0,46,0,56,,103461,8,0,45,0,17,,103440,8,0,46,0,16,,103462,8,0,45,0,54,,103441,8,0,46,0,20,,103463,8,0,45,0,19,,103442,8,0,46,0,60,,103464,8,0,45,0,19,,103443,8,0,46,0
4000000,'0_5',639,,103512,8,0,45,0,18,,103468,8,0,46,0,69,,103490,8,0,45,0,27,,103469,8,0,46,0,55,,103491,8,0,45,0,19,,103470,8,0,46,0,22,,103492,8,0,45,0,61,,103471,8,0,46,0,16,,103493,8,0,45,0,19,,103472,8,0,46,0,59,,103494,8,0,45,0,19,,103473,8,0,46,0,20,,103495,8,0,45,0,61,,103474,8,0,46,0,20,,103496,8,0,45,0,19,,103475,8,0,46,0,64,,103497,8,0,45,0,19,,103476,8,0,46,0,19,,103498,8,0,45,0,57,,103477,8,0,46,0,19,,103499,8,0,45,0,24,,103478,8,0,46,0,61,,103500,8,0,45,0,19,,103479,8,0,46,0,19,,103501,8,0,45,0,61,,103480,8,0,46,0,21,,103502,8,0,45,0,18,,103481,8,0,46,0,61,,103503,8,0,45,0,22,,103482,8,0,46,0,22,,103504,8,0,45,0,69,,103483,8,0,46,0,20,,103505,8,0,45,0,20,,103484,8,0,46,0,56,,103506,8,0,45,0,17,,103485,8,0,46,0,16,,103507,8,0,45,0,54,,103486,8,0,46,0,20,,103508,8,0,45,0,19,,103487,8,0,46,0,60,,103509,8,0,45,0,19,,103488,8,0,46,0
4000000,'1_3',639,,103557,8,0,45,0,18,,103513,8,0,46,0,69,,103535,8,0,45,0,27,,103514,8,0,46,0,55,,103536,8,0,45,0,19,,103515,8,0,46,0,22,,103537,8,0,45,0,61,,103516,8,0,46,0,16,,103538,8,0,45,0,19,,103517,8,0,46,0,59,,103539,8,0,45,0,19,,103518,8,0,46,0,20,,103540,8,0,45,0,61,,103519,8,0,46,0,20,,103541,8,0,45,0,19,,103520,8,0,46,0,64,,103542,8,0,45,0,19,,103521,8,0,46,0,19,,103543,8,0,45,0,57,,103522,8,0,46,0,19,,103544,8,0,45,0,24,,103523,8,0,46,0,61,,103545,8,0,45,0,19,,103524,8,0,46,0,19,,103546,8,0,45,0,61,,103525,8,0,46,0,21,,103547,8,0,45,0,18,,103526,8,0,46,0,61,,103548,8,0,45,0,22,,103527,8,0,46,0,22,,103549,8,0,45,0,69,,103528,8,0,46,0,20,,103550,8,0,45,0,20,,103529,8,0,46,0,56,,103551,8,0,45,0,17,,103530,8,0,46,0,16,,103552,8,0,45,0,54,,103531,8,0,46,0,20,,103553,8,0,45,0,19,,103532,8,0,46,0,60,,103554,8,0,45,0,19,,103533,8,0,46,0
4000000,'2_6',639,,103602,8,0,46,0,18,,103558,8,0,45,0,63,,103580,8,0,46,0,20,,103559,8,0,45,0,60,,103581,8,0,46,0,21,,103560,8,0,45,0,20,,103582,8,0,46,0,60,,103561,8,0,45,0,20,,103583,8,0,46,0,22,,103562,8,0,45,0,60,,103584,8,0,46,0,21,,103563,8,0,45,0,21,,103585,8,0,46,0,61,,103564,8,0,45,0,21,,103586,8,0,46,0,21,,103565,8,0,45,0,62,,103587,8,0,46,0,20,,103566,8,0,45,0,20,,103588,8,0,45,0,61,,103567,8,0,46,0,21,,103589,8,0,45,0,18,,103568,8,0,46,0,59,,103590,8,0,45,0,18,,103569,8,0,46,0,18,,103591,8,0,45,0,59,,103570,8,0,46,0,20,,103592,8,0,45,0,20,,103571,8,0,46,0,60,,103593,8,0,45,0,21,,103572,8,0,46,0,20,,103594,8,0,45,0,61,,103573,8,0,46,0,20,,103595,8,0,45,0,20,,103574,8,0,46,0,59,,103596,8,0,45,0,20,,103575,8,0,46,0,18,,103597,8,0,45,0,59,,103576,8,0,46,0,20,,103598,8,0,45,0,19,,103577,8,0,46,0,60,,103599,8,0,45,0,19,,103578,8,0,46,0
4000000,'3_7',828,,103603,8,0,46,0,110,,103608,8,0,45,0,110,,103604,8,0,46,0,110,,103609,8,0,45,0,150,,103605,8,0,46,0,110,,103610,8,0,45,0,110,,103606,8,0,46,0,110,,103611,8,0,45,0,110,,103607,8,0,46,0,110,,103612,8,0,45,0
4000000,'4_1',639,,103658,8,0,45,0,18,,103614,8,0,46,0,69,,103636,8,0,45,0,27,,103615,8,0,46,0,55,,103637,8,0,45,0,19,,103616,8,0,46,0,22,,103638,8,0,45,0,61,,103617,8,0,46,0,16,,103639,8,0,45,0,19,,103618,8,0,46,0,59,,103640,8,0,45,0,19,,103619,8,0,46,0,20,,103641,8,0,45,0,61,,103620,8,0,46,0,20,,103642,8,0,45,0,19,,103621,8,0,46,0,64,,103643,8,0,45,0,19,,103622,8,0,46,0,19,,103644,8,0,45,0,57,,103623,8,0,46,0,19,,103645,8,0,45,0,24,,103624,8,0,46,0,61,,103646,8,0,45,0,19,,103625,8,0,46,0,19,,103647,8,0,45,0,61,,103626,8,0,46,0,21,,103648,8,0,45,0,18,,103627,8,0,46,0,61,,103649,8,0,45,0,22,,103628,8,0,46,0,22,,103650,8,0,45,0,69,,103629,8,0,46,0,20,,103651,8,0,45,0,20,,103630,8,0,46,0,56,,103652,8,0,45,0,17,,103631,8,0,46,0,16,,103653,8,0,45,0,54,,103632,8,0,46,0,20,,103654,8,0,45,0,19,,103633,8,0,46,0,60,,103655,8,0,45,0,19,,103634,8,0,46,0
4000000,'4_2',639,,103703,8,0,45,0,18,,103659,8,0,46,0,69,,103681,8,0,45,0,27,,103660,8,0,46,0,55,,103682,8,0,45,0,19,,103661,8,0,46,0,22,,103683,8,0,45,0,61,,103662,8,0,46,0,16,,103684,8,0,45,0,19,,103663,8,0,46,0,59,,103685,8,0,45,0,19,,103664,8,0,46,0,20,,103686,8,0,45,0,61,,103665,8,0,46,0,20,,103687,8,0,45,0,19,,103666,8,0,46,0,64,,103688,8,0,45,0,19,,103667,8,0,46,0,19,,103689,8,0,45,0,57,,103668,8,0,46,0,19,,103690,8,0,45,0,24,,103669,8,0,46,0,61,,103691,8,0,45,0,19,,103670,8,0,46,0,19,,103692,8,0,45,0,61,,103671,8,0,46,0,21,,103693,8,0,45,0,18,,103672,8,0,46,0,61,,103694,8,0,45,0,22,,103673,8,0,46,0,22,,103695,8,0,45,0,69,,103674,8,0,46,0,20,,103696,8,0,45,0,20,,103675,8,0,46,0,56,,103697,8,0,45,0,17,,103676,8,0,46,0,16,,103698,8,0,45,0,54,,103677,8,0,46,0,20,,103699,8,0,45,0,19,,103678,8,0,46,0,60,,103700,8,0,45,0,19,,103679,8,0,46,0
4000000,'4_4',639,,103748,8,0,45,0,18,,103704,8,0,46,0,69,,103726,8,0,45,0,27,,103705,8,0,46,0,55,,103727,8,0,45,0,19,,103706,8,0,46,0,22,,103728,8,0,45,0,61,,103707,8,0,46,0,16,,103729,8,0,45,0,19,,103708,8,0,46,0,59,,103730,8,0,45,0,19,,103709,8,0,46,0,20,,103731,8,0,45,0,61,,103710,8,0,46,0,20,,103732,8,0,45,0,19,,103711,8,0,46,0,64,,103733,8,0,45,0,19,,103712,8,0,46,0,19,,103734,8,0,45,0,57,,103713,8,0,46,0,19,,103735,8,0,45,0,24,,103714,8,0,46,0,61,,103736,8,0,45,0,19,,103715,8,0,46,0,19,,103737,8,0,45,0,61,,103716,8,0,46,0,21,,103738,8,0,45,0,18,,103717,8,0,46,0,61,,103739,8,0,45,0,22,,103718,8,0,46,0,22,,103740,8,0,45,0,69,,103719,8,0,46,0,20,,103741,8,0,45,0,20,,103720,8,0,46,0,56,,103742,8,0,45,0,17,,103721,8,0,46,0,16,,103743,8,0,45,0,54,,103722,8,0,46,0,20,,103744,8,0,45,0,19,,103723,8,0,46,0,60,,103745,8,0,45,0,19,,103724,8,0,46,0
4000000,'4_5',639,,103793,8,0,45,0,18,,103749,8,0,46,0,69,,103771,8,0,45,0,27,,103750,8,0,46,0,55,,103772,8,0,45,0,19,,103751,8,0,46,0,22,,103773,8,0,45,0,61,,103752,8,0,46,0,16,,103774,8,0,45,0,19,,103753,8,0,46,0,59,,103775,8,0,45,0,19,,103754,8,0,46,0,20,,103776,8,0,45,0,61,,103755,8,0,46,0,20,,103777,8,0,45,0,19,,103756,8,0,46,0,64,,103778,8,0,45,0,19,,103757,8,0,46,0,19,,103779,8,0,45,0,57,,103758,8,0,46,0,19,,103780,8,0,45,0,24,,103759,8,0,46,0,61,,103781,8,0,45,0,19,,103760,8,0,46,0,19,,103782,8,0,45,0,61,,103761,8,0,46,0,21,,103783,8,0,45,0,18,,103762,8,0,46,0,61,,103784,8,0,45,0,22,,103763,8,0,46,0,22,,103785,8,0,45,0,69,,103764,8,0,46,0,20,,103786,8,0,45,0,20,,103765,8,0,46,0,56,,103787,8,0,45,0,17,,103766,8,0,46,0,16,,103788,8,0,45,0,54,,103767,8,0,46,0,20,,103789,8,0,45,0,19,,103768,8,0,46,0,60,,103790,8,0,45,0,19,,103769,8,0,46,0
4000000,'5_7',828,,103794,8,0,46,0,110,,103799,8,0,45,0,110,,103795,8,0,46,0,110,,103800,8,0,45,0,150,,103796,8,0,46,0,110,,103801,8,0,45,0,110,,103797,8,0,46,0,110,,103802,8,0,45,0,110,,103798,8,0,46,0,110,,103803,8,0,45,0
