2500,'0_6',751,,67728,18,,,0,153,,67729,18,,,0,127,,67730,18,,,0,114,,67731,18,,,0,168,,67732,18,,,0,113,,67733,18,,,0,132,,67734,18,,,0,159,,67735,18,,,0,120,,67736,18,,,0,114,,67737,18,,,0
2500,'3_1',751,,67788,18,,,0,153,,67789,18,,,0,127,,67790,18,,,0,114,,67791,18,,,0,168,,67792,18,,,0,113,,67793,18,,,0,132,,67794,18,,,0,159,,67795,18,,,0,120,,67796,18,,,0,114,,67797,18,,,0
2500,'3_2',751,,73473,18,,,0,153,,73474,18,,,0,127,,73475,18,,,0,114,,73476,18,,,0,168,,73477,18,,,0,113,,73478,18,,,0,132,,73479,18,,,0,159,,73480,18,,,0,120,,73481,18,,,0,114,,73482,18,,,0
2500,'3_3',751,,67798,18,,,0,153,,67799,18,,,0,127,,67800,18,,,0,114,,67801,18,,,0,168,,67802,18,,,0,113,,67803,18,,,0,132,,67804,18,,,0,159,,67805,18,,,0,120,,67806,18,,,0,114,,67807,18,,,0
2500,'3_4',751,,67808,18,,,0,153,,67809,18,,,0,127,,67810,18,,,0,114,,67811,18,,,0,168,,67812,18,,,0,113,,67813,18,,,0,132,,67814,18,,,0,159,,67815,18,,,0,120,,67816,18,,,0,114,,67817,18,,,0
2500,'3_5',751,,67818,18,,,0,153,,67819,18,,,0,127,,67820,18,,,0,114,,67821,18,,,0,168,,67822,18,,,0,113,,67823,18,,,0,132,,67824,18,,,0,159,,67825,18,,,0,120,,67826,18,,,0,114,,67827,18,,,0
2500,'5_1',751,,74433,18,,,0,153,,74434,18,,,0,127,,74435,18,,,0,114,,74436,18,,,0,168,,74437,18,,,0,113,,74438,18,,,0,132,,74439,18,,,0,159,,74440,18,,,0,120,,74441,18,,,0,114,,74442,18,,,0
2500,'5_2',751,,76313,18,,,0,153,,76314,18,,,0,127,,76315,18,,,0,114,,76316,18,,,0,168,,76317,18,,,0,113,,76318,18,,,0,132,,76319,18,,,0,159,,76320,18,,,0,120,,76321,18,,,0,114,,76322,18,,,0
2500,'5_3',751,,76323,18,,,0,153,,76324,18,,,0,127,,76325,18,,,0,114,,76326,18,,,0,168,,76327,18,,,0,113,,76328,18,,,0,132,,76329,18,,,0,159,,76330,18,,,0,120,,76331,18,,,0,114,,76332,18,,,0
2500,'5_4',751,,76333,18,,,0,153,,76334,18,,,0,127,,76335,18,,,0,114,,76336,18,,,0,168,,76337,18,,,0,113,,76338,18,,,0,132,,76339,18,,,0,159,,76340,18,,,0,120,,76341,18,,,0,114,,76342,18,,,0
