400,'S2-0_2',931,,85877,10,0,40,0,303,,85898,10,0,40,0,124,,85886,10,0,40,0,144,,85887,10,0,40,0,125,,85888,10,0,40,0,119,,85890,10,0,40,0,164,,85893,10,0,40,0
400,'S2-0_4',931,,85911,10,0,40,0,303,,85932,10,0,40,0,124,,85920,10,0,40,0,144,,85921,10,0,40,0,125,,85922,10,0,40,0,119,,85924,10,0,40,0,164,,85927,10,0,40,0
400,'S2-0_5',931,,85945,10,0,40,0,303,,85966,10,0,40,0,124,,85954,10,0,40,0,144,,85955,10,0,40,0,125,,85956,10,0,40,0,119,,85958,10,0,40,0,164,,85961,10,0,40,0
400,'S2-1_3',931,,85979,10,0,40,0,303,,85999,10,0,40,0,124,,85988,10,0,40,0,144,,85989,10,0,40,0,125,,85990,10,0,40,0,119,,85992,10,0,40,0,164,,85995,10,0,40,0
400,'S2-2_6',833,,86007,10,0,40,0,198,,86008,10,0,40,0,200,,86009,10,0,40,0,201,,86010,10,0,40,0,202,,86011,10,0,40,0,209,,86012,10,0,40,0
400,'S2-3_7',813,,86031,10,0,40,0,125,,86032,10,0,40,0,165,,86033,10,0,40,0,200,,86034,10,0,40,0,126,,86035,10,0,40,0,125,,86036,10,0,40,0,166,,86037,10,0,40,0,125,,86038,10,0,40,0
400,'S2-4_1',931,,86044,10,0,40,0,303,,86065,10,0,40,0,124,,86053,10,0,40,0,144,,86054,10,0,40,0,125,,86055,10,0,40,0,119,,86057,10,0,40,0,164,,86060,10,0,40,0
400,'S2-4_2',931,,86078,10,0,40,0,303,,86099,10,0,40,0,124,,86087,10,0,40,0,144,,86088,10,0,40,0,125,,86089,10,0,40,0,119,,86091,10,0,40,0,164,,86094,10,0,40,0
400,'S2-4_4',931,,86112,10,0,40,0,303,,86133,10,0,40,0,124,,86121,10,0,40,0,144,,86122,10,0,40,0,125,,86123,10,0,40,0,119,,86125,10,0,40,0,164,,86128,10,0,40,0
500,'S2-0_2',650,,86407,1,,,0,61,,86408,15,,,0,41,,86409,1,,,0,76,,86396,15,,,0,105,,86397,15,,,0,99,,86398,15,,,0,105,,86399,15,,,0,101,,86400,15,,,0,84,,86401,15,,,0,94,,86402,15,,,0,100,,86403,15,,,0,102,,86404,15,,,0,106,,86405,15,,,0,103,,86410,15,,,0,100,,86406,15,,,0
500,'S2-0_4',650,,86422,1,,,0,61,,86423,15,,,0,41,,86424,1,,,0,76,,86411,15,,,0,105,,86412,15,,,0,99,,86413,15,,,0,105,,86414,15,,,0,101,,86415,15,,,0,84,,86416,15,,,0,94,,86417,15,,,0,100,,86418,15,,,0,102,,86419,15,,,0,106,,86420,15,,,0,103,,86425,15,,,0,100,,86421,15,,,0
500,'S2-0_5',650,,86437,1,,,0,61,,86438,15,,,0,41,,86439,1,,,0,76,,86426,15,,,0,105,,86427,15,,,0,99,,86428,15,,,0,105,,86429,15,,,0,101,,86430,15,,,0,84,,86431,15,,,0,94,,86432,15,,,0,100,,86433,15,,,0,102,,86434,15,,,0,106,,86435,15,,,0,103,,86440,15,,,0,100,,86436,15,,,0
500,'S2-1_3',650,,86452,1,,,0,61,,86453,15,,,0,41,,86454,1,,,0,76,,86441,15,,,0,105,,86442,15,,,0,99,,86443,15,,,0,105,,86444,15,,,0,101,,86445,15,,,0,84,,86446,15,,,0,94,,86447,15,,,0,100,,86448,15,,,0,102,,86449,15,,,0,106,,86450,15,,,0,103,,86455,15,,,0,100,,86451,15,,,0
500,'S2-2_6',728,,86467,15,,,0,98,,86456,15,,,0,99,,86457,15,,,0,100,,86458,15,,,0,100,,86459,15,,,0,96,,86460,15,,,0,98,,86461,15,,,0,101,,86462,15,,,0,99,,86463,15,,,0,100,,86464,15,,,0,100,,86465,15,,,0,193,,86466,15,,,0
500,'S2-4_1',650,,86479,1,,,0,61,,86480,15,,,0,41,,86481,1,,,0,76,,86468,15,,,0,105,,86469,15,,,0,99,,86470,15,,,0,105,,86471,15,,,0,101,,86472,15,,,0,84,,86473,15,,,0,94,,86474,15,,,0,100,,86475,15,,,0,102,,86476,15,,,0,106,,86477,15,,,0,103,,86482,15,,,0,100,,86478,15,,,0
500,'S2-4_2',650,,86494,1,,,0,61,,86495,15,,,0,41,,86496,1,,,0,76,,86483,15,,,0,105,,86484,15,,,0,99,,86485,15,,,0,105,,86486,15,,,0,101,,86487,15,,,0,84,,86488,15,,,0,94,,86489,15,,,0,100,,86490,15,,,0,102,,86491,15,,,0,106,,86492,15,,,0,103,,86497,15,,,0,100,,86493,15,,,0
500,'S2-4_4',650,,86509,1,,,0,61,,86510,15,,,0,41,,86511,1,,,0,76,,86498,15,,,0,105,,86499,15,,,0,99,,86500,15,,,0,105,,86501,15,,,0,101,,86502,15,,,0,84,,86503,15,,,0,94,,86504,15,,,0,100,,86505,15,,,0,102,,86506,15,,,0,106,,86507,15,,,0,103,,86512,15,,,0,100,,86508,15,,,0
2901200,'S2-0_2',652,,92560,10,,,0,103,,92559,10,,,0
2901200,'S2-0_4',652,,92562,10,,,0,103,,92561,10,,,0
2901200,'S2-0_5',652,,92564,10,,,0,103,,92563,10,,,0
2901200,'S2-1_3',652,,92566,10,,,0,103,,92565,10,,,0
2901200,'S2-4_1',652,,92568,10,,,0,103,,92567,10,,,0
2901200,'S2-4_2',652,,92570,10,,,0,103,,92569,10,,,0
2901200,'S2-4_4',652,,92572,10,,,0,103,,92571,10,,,0
