300,'1_3',652,,95355,13,,,0,64,,95356,13,,,0,32,,95357,13,,,0,64,,95358,13,,,0,25,,95359,13,,,0,70,,95360,13,,,0,32,,95361,13,,,0,72,,95362,13,,,0,32,,95363,13,,,0,72,,95364,13,,,0,32,,95365,13,,,0,72,,95366,13,,,0,32,,95367,13,,,0,72,,95368,13,,,0,32,,95369,13,,,0,72,,95370,13,,,0,32,,95371,13,,,0,73,,95372,13,,,0,70,,95374,13,,,0,27,,95375,13,,,0,28,,95376,13,,,0,69,,95377,13,,,0,30,,95378,13,,,0,70,,95382,13,,,0,31,,95379,13,,,0,71,,95380,13,,,0,73,,95381,13,,,0,30,,95373,13,,,0
300,'2_6',655,,95383,13,,,0,69,,95385,13,,,0,29,,95386,13,,,0,70,,95384,13,,,0,30,,95388,13,,,0,69,,95389,13,,,0,28,,95387,13,,,0,71,,95390,13,,,0,30,,95391,13,,,0,70,,95394,13,,,0,30,,95393,13,,,0,69,,95392,13,,,0,29,,95396,13,,,0,70,,95395,13,,,0,29,,95397,13,,,0,69,,95398,13,,,0,32,,95399,13,,,0,72,,95400,13,,,0,31,,95401,13,,,0,71,,95402,13,,,0,32,,95403,13,,,0,72,,95404,13,,,0,30,,95405,13,,,0,71,,95410,13,,,0,31,,95406,13,,,0,70,,95407,13,,,0,26,,95408,13,,,0,70,,95409,13,,,0
300,'4_1',652,,95437,13,,,0,64,,95438,13,,,0,32,,95439,13,,,0,64,,95440,13,,,0,25,,95441,13,,,0,70,,95442,13,,,0,32,,95443,13,,,0,72,,95444,13,,,0,32,,95445,13,,,0,72,,95446,13,,,0,32,,95447,13,,,0,72,,95448,13,,,0,32,,95449,13,,,0,72,,95450,13,,,0,32,,95451,13,,,0,72,,95452,13,,,0,32,,95453,13,,,0,73,,95454,13,,,0,70,,95456,13,,,0,27,,95457,13,,,0,28,,95458,13,,,0,69,,95459,13,,,0,30,,95460,13,,,0,70,,95464,13,,,0,31,,95461,13,,,0,71,,95462,13,,,0,73,,95463,13,,,0,30,,95455,13,,,0
300,'4_2',652,,95465,13,,,0,64,,95466,13,,,0,32,,95467,13,,,0,64,,95468,13,,,0,25,,95469,13,,,0,70,,95470,13,,,0,32,,95471,13,,,0,72,,95472,13,,,0,32,,95473,13,,,0,72,,95474,13,,,0,32,,95475,13,,,0,72,,95476,13,,,0,32,,95477,13,,,0,72,,95478,13,,,0,32,,95479,13,,,0,72,,95480,13,,,0,32,,95481,13,,,0,73,,95482,13,,,0,70,,95484,13,,,0,27,,95485,13,,,0,28,,95486,13,,,0,69,,95487,13,,,0,30,,95488,13,,,0,70,,95492,13,,,0,31,,95489,13,,,0,71,,95490,13,,,0,73,,95491,13,,,0,30,,95483,13,,,0
300,'4_4',652,,95493,13,,,0,64,,95494,13,,,0,32,,95495,13,,,0,64,,95496,13,,,0,25,,95497,13,,,0,70,,95498,13,,,0,32,,95499,13,,,0,72,,95500,13,,,0,32,,95501,13,,,0,72,,95502,13,,,0,32,,95503,13,,,0,72,,95504,13,,,0,32,,95505,13,,,0,72,,95506,13,,,0,32,,95507,13,,,0,72,,95508,13,,,0,32,,95509,13,,,0,73,,95510,13,,,0,70,,95512,13,,,0,27,,95513,13,,,0,28,,95514,13,,,0,69,,95515,13,,,0,30,,95516,13,,,0,70,,95520,13,,,0,31,,95517,13,,,0,71,,95518,13,,,0,73,,95519,13,,,0,30,,95511,13,,,0
300,'4_5',652,,95521,13,,,0,64,,95522,13,,,0,32,,95523,13,,,0,64,,95524,13,,,0,25,,95525,13,,,0,70,,95526,13,,,0,32,,95527,13,,,0,72,,95528,13,,,0,32,,95529,13,,,0,72,,95530,13,,,0,32,,95531,13,,,0,72,,95532,13,,,0,32,,95533,13,,,0,72,,95534,13,,,0,32,,95535,13,,,0,72,,95536,13,,,0,32,,95537,13,,,0,73,,95538,13,,,0,70,,95540,13,,,0,27,,95541,13,,,0,28,,95542,13,,,0,69,,95543,13,,,0,30,,95544,13,,,0,70,,95548,13,,,0,31,,95545,13,,,0,71,,95546,13,,,0,73,,95547,13,,,0,30,,95539,13,,,0
300,'5_7',912,,95549,13,,,0,100,,95550,13,,,0,100,,95551,13,,,0,100,,95552,13,,,0,100,,95553,13,,,0,100,,95554,13,,,0,100,,95555,13,,,0,100,,95556,13,,,0,100,,95557,13,,,0,100,,95558,13,,,0,100,,95559,13,,,0
900600,'1_3',847,,99661,20,,,0,170,,99663,20,,,0,125,,99664,20,,,0,175,,99665,20,,,0,120,,99666,20,,,0,175,,99667,20,,,0,130,,99668,20,,,0,170,,99662,20,,,0
900600,'2_6',847,,99669,20,,,0,170,,99671,20,,,0,125,,99672,20,,,0,175,,99673,20,,,0,120,,99674,20,,,0,175,,99675,20,,,0,130,,99676,20,,,0,170,,99670,20,,,0
900600,'4_1',847,,99677,20,,,0,170,,99679,20,,,0,125,,99680,20,,,0,175,,99681,20,,,0,120,,99682,20,,,0,175,,99683,20,,,0,130,,99684,20,,,0,170,,99678,20,,,0
900600,'4_2',847,,99685,20,,,0,170,,99687,20,,,0,125,,99688,20,,,0,175,,99689,20,,,0,120,,99690,20,,,0,175,,99691,20,,,0,130,,99692,20,,,0,170,,99686,20,,,0
900600,'4_4',847,,99693,20,,,0,170,,99695,20,,,0,125,,99696,20,,,0,175,,99697,20,,,0,120,,99698,20,,,0,175,,99699,20,,,0,130,,99700,20,,,0,170,,99694,20,,,0
900600,'4_5',847,,99701,20,,,0,170,,99703,20,,,0,125,,99704,20,,,0,175,,99705,20,,,0,120,,99706,20,,,0,175,,99707,20,,,0,130,,99708,20,,,0,170,,99702,20,,,0
2900300,'1_3',707,,102440,5,,,0,30,,102441,5,,,0,69,,102442,5,,,0
2900300,'4_1',707,,102443,5,,,0,30,,102444,5,,,0,69,,102445,5,,,0
2900300,'4_2',707,,102446,5,,,0,30,,102447,5,,,0,69,,102448,5,,,0
2900300,'4_4',707,,102449,5,,,0,30,,102450,5,,,0,69,,102451,5,,,0
2900300,'4_5',707,,102452,5,,,0,30,,102453,5,,,0,69,,102454,5,,,0
