600,'S2-0_2',648,,86621,2,,,0,57,,86635,2,0,11 12,0,53,,86622,2,,,0,149,,86623,2,0,11 12,0,102,,86624,2,0,11 12,0,91,,86625,2,0,11 12,0,111,,86626,2,0,11 12,0,106,,86627,2,0,11 12,0,95,,86636,2,0,11 12,0,93,,86628,2,0,11 12,0,54,,86629,2,0,11 12,0,79,,86630,2,0,11 12,0,85,,86631,2,0,11 12,0,77,,86632,2,0,11 12,0,31,,86633,2,0,11 12,0,84,,86634,2,0,11 12,0
600,'S2-0_4',648,,86637,2,,,0,57,,86651,2,0,11 12,0,53,,86638,2,,,0,149,,86639,2,0,11 12,0,102,,86640,2,0,11 12,0,91,,86641,2,0,11 12,0,111,,86642,2,0,11 12,0,106,,86643,2,0,11 12,0,95,,86652,2,0,11 12,0,93,,86644,2,0,11 12,0,54,,86645,2,0,11 12,0,79,,86646,2,0,11 12,0,85,,86647,2,0,11 12,0,77,,86648,2,0,11 12,0,31,,86649,2,0,11 12,0,84,,86650,2,0,11 12,0
600,'S2-0_5',648,,86653,2,,,0,57,,86667,2,0,11 12,0,53,,86654,2,,,0,149,,86655,2,0,11 12,0,102,,86656,2,0,11 12,0,91,,86657,2,0,11 12,0,111,,86658,2,0,11 12,0,106,,86659,2,0,11 12,0,95,,86668,2,0,11 12,0,93,,86660,2,0,11 12,0,54,,86661,2,0,11 12,0,79,,86662,2,0,11 12,0,85,,86663,2,0,11 12,0,77,,86664,2,0,11 12,0,31,,86665,2,0,11 12,0,84,,86666,2,0,11 12,0
600,'S2-1_3',648,,86669,2,,,0,57,,86683,2,0,11 12,0,53,,86670,2,,,0,149,,86671,2,0,11 12,0,102,,86672,2,0,11 12,0,91,,86673,2,0,11 12,0,111,,86674,2,0,11 12,0,106,,86675,2,0,11 12,0,95,,86684,2,0,11 12,0,93,,86676,2,0,11 12,0,54,,86677,2,0,11 12,0,79,,86678,2,0,11 12,0,85,,86679,2,0,11 12,0,77,,86680,2,0,11 12,0,31,,86681,2,0,11 12,0,84,,86682,2,0,11 12,0
600,'S2-2_6',737,,86685,2,0,11 12,0,93,,86687,2,0,11 12,0,90,,86688,2,0,11 12,0,86,,86689,2,0,11 12,0,50,,86690,2,0,11 12,0,91,,86691,2,0,11 12,0,89,,86692,2,0,11 12,0,90,,86693,2,0,11 12,0,87,,86694,2,0,11 12,0,98,,86695,2,0,11 12,0,89,,86696,2,0,11 12,0,50,,86697,2,0,11 12,0,90,,86698,2,0,11 12,0,96,,86699,2,0,11 12,0,83,,86686,2,0,11 12,0
600,'S2-4_1',648,,86700,2,,,0,57,,86714,2,0,11 12,0,53,,86701,2,,,0,149,,86702,2,0,11 12,0,102,,86703,2,0,11 12,0,91,,86704,2,0,11 12,0,111,,86705,2,0,11 12,0,106,,86706,2,0,11 12,0,95,,86715,2,0,11 12,0,93,,86707,2,0,11 12,0,54,,86708,2,0,11 12,0,79,,86709,2,0,11 12,0,85,,86710,2,0,11 12,0,77,,86711,2,0,11 12,0,31,,86712,2,0,11 12,0,84,,86713,2,0,11 12,0
600,'S2-4_2',648,,86716,2,,,0,57,,86730,2,0,11 12,0,53,,86717,2,,,0,149,,86718,2,0,11 12,0,102,,86719,2,0,11 12,0,91,,86720,2,0,11 12,0,111,,86721,2,0,11 12,0,106,,86722,2,0,11 12,0,95,,86731,2,0,11 12,0,93,,86723,2,0,11 12,0,54,,86724,2,0,11 12,0,79,,86725,2,0,11 12,0,85,,86726,2,0,11 12,0,77,,86727,2,0,11 12,0,31,,86728,2,0,11 12,0,84,,86729,2,0,11 12,0
600,'S2-4_4',648,,86732,2,,,0,57,,86746,2,0,11 12,0,53,,86733,2,,,0,149,,86734,2,0,11 12,0,102,,86735,2,0,11 12,0,91,,86736,2,0,11 12,0,111,,86737,2,0,11 12,0,106,,86738,2,0,11 12,0,95,,86747,2,0,11 12,0,93,,86739,2,0,11 12,0,54,,86740,2,0,11 12,0,79,,86741,2,0,11 12,0,85,,86742,2,0,11 12,0,77,,86743,2,0,11 12,0,31,,86744,2,0,11 12,0,84,,86745,2,0,11 12,0
1801,'S2-0_2',653,,88292,4,0,56 2 57,0,68,,88291,4,0,56 2 57,0,25,,88293,4,0,56 2 57,0,62,,88299,4,,,0,900,,88294,4,0,56 2 57,0,30,,88295,4,0,56 2 57,0,74,,88296,4,0,56 2 57,0,31,,88297,4,0,56 2 57,0,64,,88298,4,0,56 2 57,0
1801,'S2-0_4',653,,88301,4,0,56 2 57,0,68,,88300,4,0,56 2 57,0,25,,88302,4,0,56 2 57,0,62,,88308,4,,,0,900,,88303,4,0,56 2 57,0,30,,88304,4,0,56 2 57,0,74,,88305,4,0,56 2 57,0,31,,88306,4,0,56 2 57,0,64,,88307,4,0,56 2 57,0
1801,'S2-0_5',653,,88310,4,0,56 2 57,0,68,,88309,4,0,56 2 57,0,25,,88311,4,0,56 2 57,0,62,,88317,4,,,0,900,,88312,4,0,56 2 57,0,30,,88313,4,0,56 2 57,0,74,,88314,4,0,56 2 57,0,31,,88315,4,0,56 2 57,0,64,,88316,4,0,56 2 57,0
1801,'S2-1_3',653,,88319,4,0,56 2 57,0,68,,88318,4,0,56 2 57,0,25,,88320,4,0,56 2 57,0,62,,88321,4,0,56 2 57,0,502,,88324,4,0,56 2 57,0,428,,88322,4,0,56 2 57,0,105,,88323,4,0,56 2 57,0
1801,'S2-4_1',653,,88326,4,0,56 2 57,0,68,,88325,4,0,56 2 57,0,25,,88327,4,0,56 2 57,0,62,,88333,4,,,0,900,,88328,4,0,56 2 57,0,30,,88329,4,0,56 2 57,0,74,,88330,4,0,56 2 57,0,31,,88331,4,0,56 2 57,0,64,,88332,4,0,56 2 57,0
1801,'S2-4_2',653,,88335,4,0,56 2 57,0,68,,88334,4,0,56 2 57,0,25,,88336,4,0,56 2 57,0,62,,88342,4,,,0,900,,88337,4,0,56 2 57,0,30,,88338,4,0,56 2 57,0,74,,88339,4,0,56 2 57,0,31,,88340,4,0,56 2 57,0,64,,88341,4,0,56 2 57,0
1801,'S2-4_4',653,,88344,4,0,56 2 57,0,68,,88343,4,0,56 2 57,0,25,,88345,4,0,56 2 57,0,62,,88351,4,,,0,900,,88346,4,0,56 2 57,0,30,,88347,4,0,56 2 57,0,74,,88348,4,0,56 2 57,0,31,,88349,4,0,56 2 57,0,64,,88350,4,0,56 2 57,0
2900600,'S2-0_2',658,,92503,2,,,0,155,,92504,2,,,0
2900600,'S2-0_4',658,,92505,2,,,0,155,,92506,2,,,0
2900600,'S2-0_5',658,,92507,2,,,0,155,,92508,2,,,0
2900600,'S2-1_3',658,,92509,2,,,0,155,,92510,2,,,0
2900600,'S2-4_1',658,,92511,2,,,0,155,,92512,2,,,0
2900600,'S2-4_2',658,,92513,2,,,0,155,,92514,2,,,0
2900600,'S2-4_4',658,,92515,2,,,0,155,,92516,2,,,0
