1000,'0_6',618,,66740,11,,,0,103,,66741,11,,,0,94,,66742,11,,,0,101,,66750,11,,,0,43,,66753,12,,,0,157,,66743,11,,,0,108,,66754,12,,,0,97,,66744,11,,,0,95,,66755,12,,,0,95,,66751,11,,,0,98,,66745,11,,,0,33,,66746,12,,,0,116,,66748,11,,,0,92,,66752,11,,,0,103,,66749,12,,,0,102,,66747,11,,,0
1000,'1_7',1057,,66756,11,,,0,360,,66757,11,,,0,409,,66758,11,,,0,307,,66759,10,,,0
1000,'5_1',623,,74341,10,,,0,97,,74342,10,,,0,120,,74343,10,0,18 30,0,89,,74344,11,,,0,102,,74349,10,0,18 30,0,97,,74345,11,0,18 30,0,112,,74350,10,0,18 30,0,105,,74351,10,0,18 30,0,102,,74346,11,,,0,93,,74352,10,,,0,115,,74347,11,,,0,146,,74353,10,,,0,120,,74348,11,0,18 30,0
1000,'5_2',623,,76037,10,,,0,97,,76038,10,,,0,120,,76039,10,0,18 30,0,89,,76040,11,,,0,102,,76045,10,0,18 30,0,97,,76041,11,0,18 30,0,112,,76046,10,0,18 30,0,105,,76047,10,0,18 30,0,102,,76042,11,,,0,93,,76048,10,,,0,115,,76043,11,,,0,146,,76049,10,,,0,120,,76044,11,0,18 30,0
1000,'5_3',623,,76050,10,,,0,97,,76051,10,,,0,120,,76052,10,0,18 30,0,89,,76053,11,,,0,102,,76058,10,0,18 30,0,97,,76054,11,0,18 30,0,112,,76059,10,0,18 30,0,105,,76060,10,0,18 30,0,102,,76055,11,,,0,93,,76061,10,,,0,115,,76056,11,,,0,146,,76062,10,,,0,120,,76057,11,0,18 30,0
1000,'7_1',623,,80823,10,,,0,97,,80824,10,,,0,120,,80825,10,0,18 30,0,89,,80826,11,,,0,102,,80831,10,0,18 30,0,97,,80827,11,0,18 30,0,112,,80832,10,0,18 30,0,105,,80833,10,0,18 30,0,102,,80828,11,,,0,93,,80834,10,,,0,115,,80829,11,,,0,146,,80835,10,,,0,120,,80830,11,0,18 30,0
1000,'7_2',623,,82744,10,,,0,97,,82745,10,,,0,120,,82746,10,0,18 30,0,89,,82747,11,,,0,102,,82752,10,0,18 30,0,97,,82748,11,0,18 30,0,112,,82753,10,0,18 30,0,105,,82754,10,0,18 30,0,102,,82749,11,,,0,93,,82755,10,,,0,115,,82750,11,,,0,146,,82756,10,,,0,120,,82751,11,0,18 30,0
1000,'7_3',623,,82757,10,,,0,97,,82758,10,,,0,120,,82759,10,0,18 30,0,89,,82760,11,,,0,102,,82765,10,0,18 30,0,97,,82761,11,0,18 30,0,112,,82766,10,0,18 30,0,105,,82767,10,0,18 30,0,102,,82762,11,,,0,93,,82768,10,,,0,115,,82763,11,,,0,146,,82769,10,,,0,120,,82764,11,0,18 30,0
1000,'7_4',623,,79480,10,,,0,97,,79481,10,,,0,120,,79482,10,0,18 30,0,89,,79483,11,,,0,102,,79488,10,0,18 30,0,97,,79484,11,0,18 30,0,112,,79489,10,0,18 30,0,105,,79490,10,0,18 30,0,102,,79485,11,,,0,93,,79491,10,,,0,115,,79486,11,,,0,146,,79492,10,,,0,120,,79487,11,0,18 30,0
1000,'7_5',623,,80836,10,,,0,97,,80837,10,,,0,120,,80838,10,0,18 30,0,89,,80839,11,,,0,102,,80844,10,0,18 30,0,97,,80840,11,0,18 30,0,112,,80845,10,0,18 30,0,105,,80846,10,0,18 30,0,102,,80841,11,,,0,93,,80847,10,,,0,115,,80842,11,,,0,146,,80848,10,,,0,120,,80843,11,0,18 30,0
