1000001,'0_6',533,,69463,2,,,0,79,,69464,2,,,0,40,,69465,2,,,0,83,,69466,8,,,0,15,,69472,2,,,0,54,,69473,2,,,0,14,,69474,8,,,0,15,,69475,2,,,0,15,,69476,2,,,0,56,,69477,8,,,0,15,,69478,2,,,0,15,,69479,2,,,0,14,,69480,8,,,0,56,,69481,2,,,0,16,,69482,2,,,0,16,,69483,8,,,0,15,,69484,2,,,0,56,,69485,8,,,0,16,,69486,2,,,0,16,,69487,2,,,0,16,,69488,8,,,0,55,,69489,2,,,0,16,,69490,2,,,0,15,,69491,8,,,0,14,,69492,2,,,0,55,,69493,2,,,0,15,,69494,8,,,0,16,,69495,2,,,0,15,,69496,8,,,0,56,,69497,2,,,0,16,,69498,2,,,0,16,,69499,8,,,0,56,,69500,2,,,0,16,,69501,2,,,0,16,,69502,8,,,0,16,,69503,2,,,0,56,,69504,2,,,0,16,,69505,8,,,0,16,,69506,2,,,0,15,,69507,8,,,0,56,,69508,2,,,0,16,,69509,2,,,0,16,,69510,8,,,0,16,,69512,2,,,0,56,,69514,2,,,0,17,,69513,8,,,0,15,,69511,2,,,0,16,,69471,8,,,0,60,,69470,2,,,0,20,,69468,2,,,0,61,,69461,2,,,0,19,,69459,2,,,0,21,,69462,2,,,0,60,,69469,2,,,0,20,,69467,2,,,0,21,,69460,2,,,0
1000001,'1_7',800,,69515,2,,,0,40,,69516,2,,,0,80,,69517,2,,,0,80,,69518,2,,,0,40,,69519,2,,,0,80,,69520,2,,,0,80,,69521,2,,,0,40,,69522,2,,,0,80,,69523,2,,,0,80,,69524,2,,,0,40,,69525,2,,,0,80,,69526,2,,,0,80,,69527,2,,,0,40,,69528,2,,,0,80,,69529,2,,,0,80,,69530,2,,,0,40,,69531,2,,,0,80,,69532,2,,,0
1000001,'7_1',536,,81334,2,,,0,17,,81349,2,,,0,55,,81348,2,,,0,15,,81347,2,,,0,14,,81346,2,,,0,14,,81345,2,,,0,53,,81337,2,,,0,15,,81335,8,,,0,14,,81338,8,,,0,15,,81339,8,,,0,54,,81340,8,,,0,15,,81341,8,,,0,16,,81342,8,,,0,14,,81343,8,,,0,55,,81344,8,,,0,15,,81350,2,,,0,15,,81369,8,,,0,15,,81351,2,,,0,56,,81370,8,,,0,15,,81352,2,,,0,16,,81371,8,,,0,16,,81353,2,,,0,56,,81372,8,,,0,16,,81354,2,,,0,16,,81373,8,,,0,16,,81355,2,,,0,55,,81374,8,,,0,17,,81356,2,,,0,15,,81375,8,,,0,15,,81357,2,,,0,55,,81376,8,,,0,16,,81358,2,,,0,15,,81377,8,,,0,16,,81359,2,,,0,56,,81378,8,,,0,16,,81360,2,,,0,15,,81379,8,,,0,14,,81361,2,,,0,54,,81380,8,,,0,14,,81362,2,,,0,14,,81381,8,,,0,14,,81363,2,,,0,55,,81382,8,,,0,14,,81364,8,,,0,14,,81383,8,,,0,14,,81365,8,,,0,55,,81384,8,,,0,15,,81366,8,,,0,15,,81385,8,,,0,15,,81367,8,,,0,55,,81386,8,,,0,16,,81368,8,,,0,14,,81336,8,,,0,18,,81387,8,,,0,59,,81392,2,,,0,20,,81388,8,,,0,21,,81393,2,,,0,60,,81389,2,,,0,20,,81394,2,,,0,20,,81390,2,,,0,60,,81395,2,,,0,21,,81391,2,,,0
1000001,'7_2',536,,83254,2,,,0,17,,83269,2,,,0,55,,83268,2,,,0,15,,83267,2,,,0,14,,83266,2,,,0,14,,83265,2,,,0,53,,83257,2,,,0,15,,83255,8,,,0,14,,83258,8,,,0,15,,83259,8,,,0,54,,83260,8,,,0,15,,83261,8,,,0,16,,83262,8,,,0,14,,83263,8,,,0,55,,83264,8,,,0,15,,83270,2,,,0,15,,83289,8,,,0,15,,83271,2,,,0,56,,83290,8,,,0,15,,83272,2,,,0,16,,83291,8,,,0,16,,83273,2,,,0,56,,83292,8,,,0,16,,83274,2,,,0,16,,83293,8,,,0,16,,83275,2,,,0,55,,83294,8,,,0,17,,83276,2,,,0,15,,83295,8,,,0,15,,83277,2,,,0,55,,83296,8,,,0,16,,83278,2,,,0,15,,83297,8,,,0,16,,83279,2,,,0,56,,83298,8,,,0,16,,83280,2,,,0,15,,83299,8,,,0,14,,83281,2,,,0,54,,83300,8,,,0,14,,83282,2,,,0,14,,83301,8,,,0,14,,83283,2,,,0,55,,83302,8,,,0,14,,83284,8,,,0,14,,83303,8,,,0,14,,83285,8,,,0,55,,83304,8,,,0,15,,83286,8,,,0,15,,83305,8,,,0,15,,83287,8,,,0,55,,83306,8,,,0,16,,83288,8,,,0,14,,83256,8,,,0,18,,83307,8,,,0,59,,83312,2,,,0,20,,83308,8,,,0,21,,83313,2,,,0,60,,83309,2,,,0,20,,83314,2,,,0,20,,83310,2,,,0,60,,83315,2,,,0,21,,83311,2,,,0
1000001,'7_3',536,,83316,2,,,0,17,,83331,2,,,0,55,,83330,2,,,0,15,,83329,2,,,0,14,,83328,2,,,0,14,,83327,2,,,0,53,,83319,2,,,0,15,,83317,8,,,0,14,,83320,8,,,0,15,,83321,8,,,0,54,,83322,8,,,0,15,,83323,8,,,0,16,,83324,8,,,0,14,,83325,8,,,0,55,,83326,8,,,0,15,,83332,2,,,0,15,,83351,8,,,0,15,,83333,2,,,0,56,,83352,8,,,0,15,,83334,2,,,0,16,,83353,8,,,0,16,,83335,2,,,0,56,,83354,8,,,0,16,,83336,2,,,0,16,,83355,8,,,0,16,,83337,2,,,0,55,,83356,8,,,0,17,,83338,2,,,0,15,,83357,8,,,0,15,,83339,2,,,0,55,,83358,8,,,0,16,,83340,2,,,0,15,,83359,8,,,0,16,,83341,2,,,0,56,,83360,8,,,0,16,,83342,2,,,0,15,,83361,8,,,0,14,,83343,2,,,0,54,,83362,8,,,0,14,,83344,2,,,0,14,,83363,8,,,0,14,,83345,2,,,0,55,,83364,8,,,0,14,,83346,8,,,0,14,,83365,8,,,0,14,,83347,8,,,0,55,,83366,8,,,0,15,,83348,8,,,0,15,,83367,8,,,0,15,,83349,8,,,0,55,,83368,8,,,0,16,,83350,8,,,0,14,,83318,8,,,0,18,,83369,8,,,0,59,,83374,2,,,0,20,,83370,8,,,0,21,,83375,2,,,0,60,,83371,2,,,0,20,,83376,2,,,0,20,,83372,2,,,0,60,,83377,2,,,0,21,,83373,2,,,0
1000001,'7_4',536,,79735,2,,,0,17,,79750,2,,,0,55,,79749,2,,,0,15,,79748,2,,,0,14,,79747,2,,,0,14,,79746,2,,,0,53,,79738,2,,,0,15,,79736,8,,,0,14,,79739,8,,,0,15,,79740,8,,,0,54,,79741,8,,,0,15,,79742,8,,,0,16,,79743,8,,,0,14,,79744,8,,,0,55,,79745,8,,,0,15,,79751,2,,,0,15,,79770,8,,,0,15,,79752,2,,,0,56,,79771,8,,,0,15,,79753,2,,,0,16,,79772,8,,,0,16,,79754,2,,,0,56,,79773,8,,,0,16,,79755,2,,,0,16,,79774,8,,,0,16,,79756,2,,,0,55,,79775,8,,,0,17,,79757,2,,,0,15,,79776,8,,,0,15,,79758,2,,,0,55,,79777,8,,,0,16,,79759,2,,,0,15,,79778,8,,,0,16,,79760,2,,,0,56,,79779,8,,,0,16,,79761,2,,,0,15,,79780,8,,,0,14,,79762,2,,,0,54,,79781,8,,,0,14,,79763,2,,,0,14,,79782,8,,,0,14,,79764,2,,,0,55,,79783,8,,,0,14,,79765,8,,,0,14,,79784,8,,,0,14,,79766,8,,,0,55,,79785,8,,,0,15,,79767,8,,,0,15,,79786,8,,,0,15,,79768,8,,,0,55,,79787,8,,,0,16,,79769,8,,,0,14,,79737,8,,,0,18,,79788,8,,,0,59,,79793,2,,,0,20,,79789,8,,,0,21,,79794,2,,,0,60,,79790,2,,,0,20,,79795,2,,,0,20,,79791,2,,,0,60,,79796,2,,,0,21,,79792,2,,,0
1000001,'7_5',536,,81396,2,,,0,17,,81411,2,,,0,55,,81410,2,,,0,15,,81409,2,,,0,14,,81408,2,,,0,14,,81407,2,,,0,53,,81399,2,,,0,15,,81397,8,,,0,14,,81400,8,,,0,15,,81401,8,,,0,54,,81402,8,,,0,15,,81403,8,,,0,16,,81404,8,,,0,14,,81405,8,,,0,55,,81406,8,,,0,15,,81412,2,,,0,15,,81431,8,,,0,15,,81413,2,,,0,56,,81432,8,,,0,15,,81414,2,,,0,16,,81433,8,,,0,16,,81415,2,,,0,56,,81434,8,,,0,16,,81416,2,,,0,16,,81435,8,,,0,16,,81417,2,,,0,55,,81436,8,,,0,17,,81418,2,,,0,15,,81437,8,,,0,15,,81419,2,,,0,55,,81438,8,,,0,16,,81420,2,,,0,15,,81439,8,,,0,16,,81421,2,,,0,56,,81440,8,,,0,16,,81422,2,,,0,15,,81441,8,,,0,14,,81423,2,,,0,54,,81442,8,,,0,14,,81424,2,,,0,14,,81443,8,,,0,14,,81425,2,,,0,55,,81444,8,,,0,14,,81426,8,,,0,14,,81445,8,,,0,14,,81427,8,,,0,55,,81446,8,,,0,15,,81428,8,,,0,15,,81447,8,,,0,15,,81429,8,,,0,55,,81448,8,,,0,16,,81430,8,,,0,14,,81398,8,,,0,18,,81449,8,,,0,59,,81454,2,,,0,20,,81450,8,,,0,21,,81455,2,,,0,60,,81451,2,,,0,20,,81456,2,,,0,20,,81452,2,,,0,60,,81457,2,,,0,21,,81453,2,,,0
1000001,'8_7',800,,84095,2,,,0,40,,84096,2,,,0,80,,84097,2,,,0,80,,84098,2,,,0,40,,84099,2,,,0,80,,84100,2,,,0,80,,84101,2,,,0,40,,84102,2,,,0,80,,84103,2,,,0,80,,84104,2,,,0,40,,84105,2,,,0,80,,84106,2,,,0,80,,84107,2,,,0,40,,84108,2,,,0,80,,84109,2,,,0,80,,84110,2,,,0,40,,84111,2,,,0,80,,84112,2,,,0
3000000,'0_6',658,,71221,25,,,0,83,,71222,25,,,0,82,,71223,25,,,0,30,,71224,25,,,0,60,,71225,25,,,0,20,,71226,25,,,0,21,,71227,25,,,0,60,,71228,25,,,0,20,,71229,25,,,0,20,,71230,25,,,0,61,,71231,25,,,0,19,,71232,25,,,0,20,,71233,25,,,0,61,,71234,25,,,0,19,,71235,25,,,0,19,,71236,25,,,0,59,,71237,25,,,0,20,,71238,25,,,0,21,,71239,25,,,0,59,,71240,25,,,0,21,,71241,25,,,0,20,,71242,25,,,0,61,,71243,25,,,0,20,,71244,25,,,0,20,,71245,25,,,0,60,,71246,25,,,0,20,,71247,25,,,0,21,,71248,25,,,0,60,,71249,25,,,0,20,,71250,25,,,0,20,,71251,25,,,0,60,,71252,25,,,0,19,,71253,25,,,0,18,,71254,25,,,0,59,,71255,25,,,0,30,,71256,25,,,0,70,,71257,25,,,0,29,,71258,25,,,0,69,,71259,25,,,0
3000000,'1_7',820,,71260,25,,,0,130,,71261,25,,,0,170,,71262,25,,,0,130,,71263,25,,,0,170,,71264,25,,,0,130,,71265,25,,,0,170,,71266,25,,,0,129,,71267,25,,,0,170,,71268,25,,,0
3000000,'7_1',654,,81705,25,,,0,60,,81704,25,,,0,22,,81664,25,,,0,21,,81665,25,,,0,60,,81666,25,,,0,20,,81667,25,,,0,20,,81668,25,,,0,61,,81669,25,,,0,20,,81670,25,,,0,20,,81671,25,,,0,61,,81672,25,,,0,20,,81673,25,,,0,20,,81674,25,,,0,61,,81675,25,,,0,20,,81676,25,,,0,60,,81677,25,,,0,20,,81678,25,,,0,19,,81679,25,,,0,19,,81680,25,,,0,60,,81681,25,,,0,22,,81682,25,,,0,60,,81683,25,,,0,19,,81684,25,,,0,20,,81685,25,,,0,20,,81686,25,,,0,60,,81687,25,,,0,20,,81688,25,,,0,20,,81689,25,,,0,60,,81690,25,,,0,20,,81691,25,,,0,20,,81692,25,,,0,61,,81693,25,,,0,20,,81694,25,,,0,61,,81695,25,,,0,20,,81696,25,,,0,20,,81697,25,,,0,17,,81698,25,,,0,59,,81699,25,,,0,18,,81700,25,,,0,69,,81701,25,,,0,32,,81702,25,,,0,73,,81703,25,,,0
3000000,'7_2',654,,83625,25,,,0,60,,83624,25,,,0,22,,83584,25,,,0,21,,83585,25,,,0,60,,83586,25,,,0,20,,83587,25,,,0,20,,83588,25,,,0,61,,83589,25,,,0,20,,83590,25,,,0,20,,83591,25,,,0,61,,83592,25,,,0,20,,83593,25,,,0,20,,83594,25,,,0,61,,83595,25,,,0,20,,83596,25,,,0,60,,83597,25,,,0,20,,83598,25,,,0,19,,83599,25,,,0,19,,83600,25,,,0,60,,83601,25,,,0,22,,83602,25,,,0,60,,83603,25,,,0,19,,83604,25,,,0,20,,83605,25,,,0,20,,83606,25,,,0,60,,83607,25,,,0,20,,83608,25,,,0,20,,83609,25,,,0,60,,83610,25,,,0,20,,83611,25,,,0,20,,83612,25,,,0,61,,83613,25,,,0,20,,83614,25,,,0,61,,83615,25,,,0,20,,83616,25,,,0,20,,83617,25,,,0,17,,83618,25,,,0,59,,83619,25,,,0,18,,83620,25,,,0,69,,83621,25,,,0,32,,83622,25,,,0,73,,83623,25,,,0
3000000,'7_3',654,,83667,25,,,0,60,,83666,25,,,0,22,,83626,25,,,0,21,,83627,25,,,0,60,,83628,25,,,0,20,,83629,25,,,0,20,,83630,25,,,0,61,,83631,25,,,0,20,,83632,25,,,0,20,,83633,25,,,0,61,,83634,25,,,0,20,,83635,25,,,0,20,,83636,25,,,0,61,,83637,25,,,0,20,,83638,25,,,0,60,,83639,25,,,0,20,,83640,25,,,0,19,,83641,25,,,0,19,,83642,25,,,0,60,,83643,25,,,0,22,,83644,25,,,0,60,,83645,25,,,0,19,,83646,25,,,0,20,,83647,25,,,0,20,,83648,25,,,0,60,,83649,25,,,0,20,,83650,25,,,0,20,,83651,25,,,0,60,,83652,25,,,0,20,,83653,25,,,0,20,,83654,25,,,0,61,,83655,25,,,0,20,,83656,25,,,0,61,,83657,25,,,0,20,,83658,25,,,0,20,,83659,25,,,0,17,,83660,25,,,0,59,,83661,25,,,0,18,,83662,25,,,0,69,,83663,25,,,0,32,,83664,25,,,0,73,,83665,25,,,0
3000000,'7_4',654,,79941,25,,,0,60,,79940,25,,,0,22,,79900,25,,,0,21,,79901,25,,,0,60,,79902,25,,,0,20,,79903,25,,,0,20,,79904,25,,,0,61,,79905,25,,,0,20,,79906,25,,,0,20,,79907,25,,,0,61,,79908,25,,,0,20,,79909,25,,,0,20,,79910,25,,,0,61,,79911,25,,,0,20,,79912,25,,,0,60,,79913,25,,,0,20,,79914,25,,,0,19,,79915,25,,,0,19,,79916,25,,,0,60,,79917,25,,,0,22,,79918,25,,,0,60,,79919,25,,,0,19,,79920,25,,,0,20,,79921,25,,,0,20,,79922,25,,,0,60,,79923,25,,,0,20,,79924,25,,,0,20,,79925,25,,,0,60,,79926,25,,,0,20,,79927,25,,,0,20,,79928,25,,,0,61,,79929,25,,,0,20,,79930,25,,,0,61,,79931,25,,,0,20,,79932,25,,,0,20,,79933,25,,,0,17,,79934,25,,,0,59,,79935,25,,,0,18,,79936,25,,,0,69,,79937,25,,,0,32,,79938,25,,,0,73,,79939,25,,,0
3000000,'7_5',654,,81747,25,,,0,60,,81746,25,,,0,22,,81706,25,,,0,21,,81707,25,,,0,60,,81708,25,,,0,20,,81709,25,,,0,20,,81710,25,,,0,61,,81711,25,,,0,20,,81712,25,,,0,20,,81713,25,,,0,61,,81714,25,,,0,20,,81715,25,,,0,20,,81716,25,,,0,61,,81717,25,,,0,20,,81718,25,,,0,60,,81719,25,,,0,20,,81720,25,,,0,19,,81721,25,,,0,19,,81722,25,,,0,60,,81723,25,,,0,22,,81724,25,,,0,60,,81725,25,,,0,19,,81726,25,,,0,20,,81727,25,,,0,20,,81728,25,,,0,60,,81729,25,,,0,20,,81730,25,,,0,20,,81731,25,,,0,60,,81732,25,,,0,20,,81733,25,,,0,20,,81734,25,,,0,61,,81735,25,,,0,20,,81736,25,,,0,61,,81737,25,,,0,20,,81738,25,,,0,20,,81739,25,,,0,17,,81740,25,,,0,59,,81741,25,,,0,18,,81742,25,,,0,69,,81743,25,,,0,32,,81744,25,,,0,73,,81745,25,,,0
3000000,'8_7',820,,84150,25,,,0,130,,84151,25,,,0,170,,84158,25,,,0,130,,84157,25,,,0,170,,84156,25,,,0,130,,84154,25,,,0,100,,84164,10,0,14,0,70,,84155,25,,,0,30,,84149,10,0,14,0,70,,84159,10,0,14,0,29,,84153,25,,,0,71,,84160,10,0,14,0,30,,84161,10,0,14,0,69,,84152,25,,,0,31,,84163,10,0,14,0,70,,84162,10,0,14,0
