101,'0_6',725,,63047,31,0,5,0,115,,63048,31,0,5,0,106,,63049,31,0,5,0,70,,63060,31,0,6,0,29,,63050,31,0,5,0,71,,63061,31,0,6,0,30,,63051,31,0,5,0,70,,63062,31,0,6,0,29,,63052,31,0,5,0,69,,63063,31,0,6,0,31,,63053,31,0,5,0,70,,63064,31,0,6,0,30,,63054,31,0,5,0,70,,63065,31,0,6,0,31,,63055,31,0,5,0,71,,63066,31,0,6,0,31,,63056,31,0,5,0,69,,63067,31,0,6,0,33,,63057,31,0,5,0,70,,63068,31,0,6,0,35,,63058,31,0,5,0,65,,63069,31,0,6,0,26,,63059,31,0,5,0
101,'1_7',931,,63070,31,0,6,0,105,,63075,31,0,5,0,105,,63071,31,0,6,0,105,,63076,31,0,5,0,105,,63072,31,0,6,0,90,,63077,31,0,5,0,100,,63073,31,0,6,0,105,,63078,31,0,5,0,105,,63074,31,0,6,0,105,,63079,31,0,5,0
101,'7_1',725,,80122,37,0,5,0,30,,80123,31,0,5,0,75,,80124,37,0,6,0,70,,80126,31,0,5,0,36,,80125,37,0,6,0,75,,80127,31,0,5,0,31,,80131,31,0,6,0,72,,80128,31,0,5,0,32,,80129,31,0,6,0,70,,80130,31,0,5,0,29,,80132,31,0,6,0,70,,80133,31,0,5,0,30,,80134,31,0,6,0,69,,80136,37,0,5,0,31,,80135,31,0,6,0,71,,80137,37,0,5,0,31,,80139,31,0,6,0,70,,80143,31,0,5,0,32,,80142,31,0,6,0,72,,80140,31,0,5,0,30,,80141,31,0,6,0,70,,80138,37,0,5,0,25,,80144,31,0,6,0,70,,80145,37,0,5,0,25,,80146,31,0,6,0
101,'7_2',725,,82058,37,0,5,0,30,,82059,31,0,5,0,75,,82060,37,0,6,0,70,,82062,31,0,5,0,36,,82061,37,0,6,0,75,,82063,31,0,5,0,31,,82067,31,0,6,0,72,,82064,31,0,5,0,32,,82065,31,0,6,0,70,,82066,31,0,5,0,29,,82068,31,0,6,0,70,,82069,31,0,5,0,30,,82070,31,0,6,0,69,,82072,37,0,5,0,31,,82071,31,0,6,0,71,,82073,37,0,5,0,31,,82075,31,0,6,0,70,,82079,31,0,5,0,32,,82078,31,0,6,0,72,,82076,31,0,5,0,30,,82077,31,0,6,0,70,,82074,37,0,5,0,25,,82080,31,0,6,0,70,,82081,37,0,5,0,25,,82082,31,0,6,0
101,'7_3',725,,82083,37,0,5,0,30,,82084,31,0,5,0,75,,82085,37,0,6,0,70,,82087,31,0,5,0,36,,82086,37,0,6,0,75,,82088,31,0,5,0,31,,82092,31,0,6,0,72,,82089,31,0,5,0,32,,82090,31,0,6,0,70,,82091,31,0,5,0,29,,82093,31,0,6,0,70,,82094,31,0,5,0,30,,82095,31,0,6,0,69,,82097,37,0,5,0,31,,82096,31,0,6,0,71,,82098,37,0,5,0,31,,82100,31,0,6,0,70,,82104,31,0,5,0,32,,82103,31,0,6,0,72,,82101,31,0,5,0,30,,82102,31,0,6,0,70,,82099,37,0,5,0,25,,82105,31,0,6,0,70,,82106,37,0,5,0,25,,82107,31,0,6,0
101,'7_4',725,,79137,37,0,5,0,30,,79138,31,0,5,0,75,,79139,37,0,6,0,70,,79141,31,0,5,0,36,,79140,37,0,6,0,75,,79142,31,0,5,0,31,,79146,31,0,6,0,72,,79143,31,0,5,0,32,,79144,31,0,6,0,70,,79145,31,0,5,0,29,,79147,31,0,6,0,70,,79148,31,0,5,0,30,,79149,31,0,6,0,69,,79151,37,0,5,0,31,,79150,31,0,6,0,71,,79152,37,0,5,0,31,,79154,31,0,6,0,70,,79158,31,0,5,0,32,,79157,31,0,6,0,72,,79155,31,0,5,0,30,,79156,31,0,6,0,70,,79153,37,0,5,0,25,,79159,31,0,6,0,70,,79160,37,0,5,0,25,,79161,31,0,6,0
101,'7_5',725,,80147,37,0,5,0,30,,80148,31,0,5,0,75,,80149,37,0,6,0,70,,80151,31,0,5,0,36,,80150,37,0,6,0,75,,80152,31,0,5,0,31,,80156,31,0,6,0,72,,80153,31,0,5,0,32,,80154,31,0,6,0,70,,80155,31,0,5,0,29,,80157,31,0,6,0,70,,80158,31,0,5,0,30,,80159,31,0,6,0,69,,80161,37,0,5,0,31,,80160,31,0,6,0,71,,80162,37,0,5,0,31,,80164,31,0,6,0,70,,80168,31,0,5,0,32,,80167,31,0,6,0,72,,80165,31,0,5,0,30,,80166,31,0,6,0,70,,80163,37,0,5,0,25,,80169,31,0,6,0,70,,80170,37,0,5,0,25,,80171,31,0,6,0
101,'8_7',931,,83938,31,0,6,0,105,,83943,31,0,5,0,105,,83939,31,0,6,0,105,,83944,31,0,5,0,105,,83940,31,0,6,0,90,,83945,31,0,5,0,100,,83941,31,0,6,0,105,,83946,31,0,5,0,105,,83942,31,0,6,0,105,,83947,31,0,5,0
301,'0_6',648,,64459,6,,,0,72,,64460,6,,,0,32,,64461,6,,,0,72,,64462,6,,,0,32,,64463,6,,,0,72,,64464,6,,,0,72,,64465,6,,,0,32,,64466,6,,,0,73,,64467,6,,,0,33,,64468,6,,,0,73,,64469,6,,,0,33,,64434,6,,,0,67,,64435,6,,,0,27,,64436,6,,,0,66,,64437,6,,,0,28,,64438,6,,,0,27,,64439,6,,,0,69,,64440,6,,,0,28,,64458,6,,,0,66,,64441,6,,,0,32,,64442,6,,,0,74,,64443,6,,,0,29,,64444,6,,,0,68,,64445,6,,,0,25,,64446,6,,,0,66,,64447,6,,,0,27,,64448,6,,,0,67,,64470,6,,,0,26,,64449,6,,,0,18,,64450,6,0,67 68,0,70,,64451,6,0,67 68,0,30,,64452,6,0,67 68,0,70,,64453,6,0,67 68,0,30,,64454,6,0,67 68,0,70,,64455,6,0,67 68,0,30,,64456,6,0,67 68,0,70,,64457,6,0,67 68,0
301,'1_7',752,,64492,6,,,0,72,,64487,6,,,0,32,,64493,6,,,0,72,,64488,6,,,0,72,,64494,6,,,0,32,,64489,6,,,0,73,,64495,6,,,0,33,,64490,6,,,0,73,,64496,6,,,0,33,,64471,6,,,0,67,,64472,6,,,0,27,,64473,6,,,0,66,,64474,6,,,0,28,,64475,6,,,0,27,,64476,6,,,0,69,,64477,6,,,0,28,,64497,6,,,0,66,,64478,6,,,0,32,,64479,6,,,0,74,,64480,6,,,0,29,,64481,6,,,0,68,,64482,6,,,0,25,,64483,6,,,0,66,,64484,6,,,0,27,,64485,6,,,0,67,,64491,6,,,0,26,,64486,6,,,0
301,'7_1',648,,80398,6,,,0,72,,80399,6,,,0,32,,80400,6,,,0,72,,80401,6,,,0,32,,80402,6,,,0,72,,80403,6,,,0,72,,80404,6,,,0,32,,80405,6,,,0,73,,80406,6,,,0,33,,80407,6,,,0,73,,80408,6,,,0,33,,80381,6,,,0,67,,80382,6,,,0,27,,80383,6,,,0,66,,80384,6,,,0,28,,80385,6,,,0,27,,80386,6,,,0,69,,80387,6,,,0,28,,80397,6,,,0,66,,80388,6,,,0,32,,80389,6,,,0,74,,80390,6,,,0,29,,80391,6,,,0,68,,80392,6,,,0,25,,80393,6,,,0,66,,80394,6,,,0,27,,80395,6,,,0,67,,80409,6,,,0,26,,80396,6,,,0
301,'7_2',648,,82327,6,,,0,72,,82328,6,,,0,32,,82329,6,,,0,72,,82330,6,,,0,32,,82331,6,,,0,72,,82332,6,,,0,72,,82333,6,,,0,32,,82334,6,,,0,73,,82335,6,,,0,33,,82336,6,,,0,73,,82337,6,,,0,33,,82310,6,,,0,67,,82311,6,,,0,27,,82312,6,,,0,66,,82313,6,,,0,28,,82314,6,,,0,27,,82315,6,,,0,69,,82316,6,,,0,28,,82326,6,,,0,66,,82317,6,,,0,32,,82318,6,,,0,74,,82319,6,,,0,29,,82320,6,,,0,68,,82321,6,,,0,25,,82322,6,,,0,66,,82323,6,,,0,27,,82324,6,,,0,67,,82338,6,,,0,26,,82325,6,,,0
301,'7_3',648,,82356,6,,,0,72,,82357,6,,,0,32,,82358,6,,,0,72,,82359,6,,,0,32,,82360,6,,,0,72,,82361,6,,,0,72,,82362,6,,,0,32,,82363,6,,,0,73,,82364,6,,,0,33,,82365,6,,,0,73,,82366,6,,,0,33,,82339,6,,,0,67,,82340,6,,,0,27,,82341,6,,,0,66,,82342,6,,,0,28,,82343,6,,,0,27,,82344,6,,,0,69,,82345,6,,,0,28,,82355,6,,,0,66,,82346,6,,,0,32,,82347,6,,,0,74,,82348,6,,,0,29,,82349,6,,,0,68,,82350,6,,,0,25,,82351,6,,,0,66,,82352,6,,,0,27,,82353,6,,,0,67,,82367,6,,,0,26,,82354,6,,,0
301,'7_4',648,,79280,6,,,0,72,,79281,6,,,0,32,,79282,6,,,0,72,,79283,6,,,0,32,,79284,6,,,0,72,,79285,6,,,0,72,,79286,6,,,0,32,,79287,6,,,0,73,,79288,6,,,0,33,,79289,6,,,0,73,,79290,6,,,0,33,,79263,6,,,0,67,,79264,6,,,0,27,,79265,6,,,0,66,,79266,6,,,0,28,,79267,6,,,0,27,,79268,6,,,0,69,,79269,6,,,0,28,,79279,6,,,0,66,,79270,6,,,0,32,,79271,6,,,0,74,,79272,6,,,0,29,,79273,6,,,0,68,,79274,6,,,0,25,,79275,6,,,0,66,,79276,6,,,0,27,,79277,6,,,0,67,,79291,6,,,0,26,,79278,6,,,0
301,'7_5',648,,80435,6,,,0,72,,80436,6,,,0,32,,80437,6,,,0,72,,80438,6,,,0,32,,80439,6,,,0,72,,80440,6,,,0,72,,80441,6,,,0,32,,80442,6,,,0,73,,80443,6,,,0,33,,80444,6,,,0,73,,80445,6,,,0,33,,80410,6,,,0,67,,80411,6,,,0,27,,80412,6,,,0,66,,80413,6,,,0,28,,80414,6,,,0,27,,80415,6,,,0,69,,80416,6,,,0,28,,80434,6,,,0,66,,80417,6,,,0,32,,80418,6,,,0,74,,80419,6,,,0,29,,80420,6,,,0,68,,80421,6,,,0,25,,80422,6,,,0,66,,80423,6,,,0,27,,80424,6,,,0,67,,80446,6,,,0,26,,80425,6,,,0,18,,80426,6,0,67 68,0,70,,80427,6,0,67 68,0,30,,80428,6,0,67 68,0,70,,80429,6,0,67 68,0,30,,80430,6,0,67 68,0,70,,80431,6,0,67 68,0,30,,80432,6,0,67 68,0,70,,80433,6,0,67 68,0
301,'8_7',752,,84011,6,,,0,72,,84006,6,,,0,32,,84012,6,,,0,72,,84007,6,,,0,72,,84013,6,,,0,32,,84008,6,,,0,73,,84014,6,,,0,33,,84009,6,,,0,73,,84015,6,,,0,33,,83990,6,,,0,67,,83991,6,,,0,27,,83992,6,,,0,66,,83993,6,,,0,28,,83994,6,,,0,27,,83995,6,,,0,69,,83996,6,,,0,28,,84016,6,,,0,66,,83997,6,,,0,32,,83998,6,,,0,74,,83999,6,,,0,29,,84000,6,,,0,68,,84001,6,,,0,25,,84002,6,,,0,66,,84003,6,,,0,27,,84004,6,,,0,67,,84010,6,,,0,26,,84005,6,,,0
701,'0_6',726,,66147,21,,,0,110,,66148,21,,,0,110,,66149,21,,,0,110,,66150,21,,,0,150,,66151,21,,,0,110,,66152,21,,,0,110,,66153,21,,,0,110,,66154,21,,,0,110,,66155,21,,,0,110,,66145,21,,,0,150,,66146,21,,,0
701,'7_1',728,,80699,21,,,0,110,,80700,21,,,0,109,,80701,21,,,0,110,,80702,21,,,0,151,,80703,21,,,0,110,,80704,21,,,0,110,,80705,21,,,0,110,,80706,21,,,0,110,,80707,21,,,0,110,,80708,21,,,0,149,,80709,21,,,0
701,'7_2',728,,82620,21,,,0,110,,82621,21,,,0,109,,82622,21,,,0,110,,82623,21,,,0,151,,82624,21,,,0,110,,82625,21,,,0,110,,82626,21,,,0,110,,82627,21,,,0,110,,82628,21,,,0,110,,82629,21,,,0,149,,82630,21,,,0
701,'7_3',728,,82631,21,,,0,110,,82632,21,,,0,109,,82633,21,,,0,110,,82634,21,,,0,151,,82635,21,,,0,110,,82636,21,,,0,110,,82637,21,,,0,110,,82638,21,,,0,110,,82639,21,,,0,110,,82640,21,,,0,149,,82641,21,,,0
701,'7_4',728,,79418,21,,,0,110,,79419,21,,,0,109,,79420,21,,,0,110,,79421,21,,,0,151,,79422,21,,,0,110,,79423,21,,,0,110,,79424,21,,,0,110,,79425,21,,,0,110,,79426,21,,,0,110,,79427,21,,,0,149,,79428,21,,,0
701,'7_5',728,,80710,21,,,0,110,,80711,21,,,0,109,,80712,21,,,0,110,,80713,21,,,0,151,,80714,21,,,0,110,,80715,21,,,0,110,,80716,21,,,0,110,,80717,21,,,0,110,,80718,21,,,0,110,,80719,21,,,0,149,,80720,21,,,0
801,'7_1',832,,80749,4,,,0,109,,80750,4,,,0,110,,80751,4,,,0,158,,80743,4,,,0,111,,80752,4,,,0,111,,80753,4,,,0,112,,80754,4,,,0,75,,80744,4,,,0,35,,80745,4,,,0,70,,80746,4,,,0,34,,80747,4,,,0,75,,80748,4,,,0,73,,80755,4,,,0,35,,80756,4,,,0
801,'7_2',832,,82670,4,,,0,109,,82671,4,,,0,110,,82672,4,,,0,158,,82664,4,,,0,111,,82673,4,,,0,111,,82674,4,,,0,112,,82675,4,,,0,75,,82665,4,,,0,35,,82666,4,,,0,70,,82667,4,,,0,34,,82668,4,,,0,75,,82669,4,,,0,73,,82676,4,,,0,35,,82677,4,,,0
801,'7_3',832,,82684,4,,,0,109,,82685,4,,,0,110,,82686,4,,,0,158,,82678,4,,,0,111,,82687,4,,,0,111,,82688,4,,,0,112,,82689,4,,,0,75,,82679,4,,,0,35,,82680,4,,,0,70,,82681,4,,,0,34,,82682,4,,,0,75,,82683,4,,,0,73,,82690,4,,,0,35,,82691,4,,,0
801,'7_4',832,,79446,4,,,0,109,,79447,4,,,0,110,,79448,4,,,0,158,,79440,4,,,0,111,,79449,4,,,0,111,,79450,4,,,0,112,,79451,4,,,0,75,,79441,4,,,0,35,,79442,4,,,0,70,,79443,4,,,0,34,,79444,4,,,0,75,,79445,4,,,0,73,,79452,4,,,0,35,,79453,4,,,0
801,'7_5',832,,80763,4,,,0,109,,80764,4,,,0,110,,80765,4,,,0,158,,80757,4,,,0,111,,80766,4,,,0,111,,80767,4,,,0,112,,80768,4,,,0,75,,80758,4,,,0,35,,80759,4,,,0,70,,80760,4,,,0,34,,80761,4,,,0,75,,80762,4,,,0,73,,80769,4,,,0,35,,80770,4,,,0
2000001,'0_6',652,,70573,15,,,0,81,,70574,15,,,0,79,,70575,15,,,0,31,,70613,15,,,0,61,,70577,15,,,0,20,,70576,15,,,0,21,,70578,15,,,0,60,,70579,15,,,0,19,,70581,15,,,0,18,,70580,15,,,0,60,,70586,15,,,0,20,,70584,15,,,0,17,,70588,15,,,0,19,,70582,15,,,0,59,,70587,15,,,0,20,,70583,15,,,0,17,,70585,15,,,0,58,,70594,15,,,0,18,,70591,15,,,0,20,,70592,15,,,0,61,,70593,15,,,0,18,,70590,15,,,0,17,,70589,15,,,0,59,,70595,15,,,0,22,,70596,15,,,0,20,,70598,15,,,0,59,,70597,15,,,0,19,,70599,15,,,0,20,,70600,15,,,0,61,,70601,15,,,0,20,,70603,15,,,0,19,,70602,15,,,0,59,,70604,15,,,0,19,,70605,15,,,0,19,,70606,15,,,0,59,,70607,15,,,0,17,,70608,15,,,0,18,,70609,15,,,0,22,,70610,15,,,0,64,,70611,15,,,0,23,,70612,15,,,0
2000001,'1_7',825,,70631,15,,,0,80,,70614,15,,,0,40,,70615,15,,,0,80,,70616,15,,,0,80,,70617,15,,,0,40,,70618,15,,,0,80,,70619,15,,,0,80,,70620,15,,,0,40,,70622,15,,,0,80,,70621,15,,,0,80,,70623,15,,,0,40,,70624,15,,,0,80,,70625,15,,,0,80,,70626,15,,,0,40,,70628,15,,,0,80,,70627,15,,,0,80,,70629,15,,,0,40,,70630,15,,,0
2000001,'7_1',654,,81544,15,,,0,68,,81545,15,,,0,19,,81585,15,,,0,60,,81546,15,,,0,20,,81586,15,,,0,21,,81548,15,,,0,62,,81547,15,,,0,21,,81549,15,,,0,22,,81550,15,,,0,60,,81552,15,,,0,19,,81551,15,,,0,18,,81557,15,,,0,58,,81555,15,,,0,19,,81559,15,,,0,18,,81553,15,,,0,19,,81558,15,,,0,59,,81554,15,,,0,19,,81556,15,,,0,18,,81565,15,,,0,58,,81562,15,,,0,19,,81563,15,,,0,20,,81564,15,,,0,60,,81561,15,,,0,18,,81560,15,,,0,18,,81566,15,,,0,59,,81567,15,,,0,22,,81569,15,,,0,20,,81568,15,,,0,59,,81570,15,,,0,19,,81571,15,,,0,19,,81572,15,,,0,61,,81574,15,,,0,20,,81573,15,,,0,20,,81575,15,,,0,61,,81576,15,,,0,19,,81577,15,,,0,21,,81578,15,,,0,60,,81579,15,,,0,19,,81580,15,,,0,20,,81581,15,,,0,58,,81582,15,,,0,19,,81583,15,,,0,22,,81584,15,,,0
2000001,'7_2',654,,83464,15,,,0,68,,83465,15,,,0,19,,83505,15,,,0,60,,83466,15,,,0,20,,83506,15,,,0,21,,83468,15,,,0,62,,83467,15,,,0,21,,83469,15,,,0,22,,83470,15,,,0,60,,83472,15,,,0,19,,83471,15,,,0,18,,83477,15,,,0,58,,83475,15,,,0,19,,83479,15,,,0,18,,83473,15,,,0,19,,83478,15,,,0,59,,83474,15,,,0,19,,83476,15,,,0,18,,83485,15,,,0,58,,83482,15,,,0,19,,83483,15,,,0,20,,83484,15,,,0,60,,83481,15,,,0,18,,83480,15,,,0,18,,83486,15,,,0,59,,83487,15,,,0,22,,83489,15,,,0,20,,83488,15,,,0,59,,83490,15,,,0,19,,83491,15,,,0,19,,83492,15,,,0,61,,83494,15,,,0,20,,83493,15,,,0,20,,83495,15,,,0,61,,83496,15,,,0,19,,83497,15,,,0,21,,83498,15,,,0,60,,83499,15,,,0,19,,83500,15,,,0,20,,83501,15,,,0,58,,83502,15,,,0,19,,83503,15,,,0,22,,83504,15,,,0
2000001,'7_3',654,,83507,15,,,0,68,,83508,15,,,0,19,,83548,15,,,0,60,,83509,15,,,0,20,,83549,15,,,0,21,,83511,15,,,0,62,,83510,15,,,0,21,,83512,15,,,0,22,,83513,15,,,0,60,,83515,15,,,0,19,,83514,15,,,0,18,,83520,15,,,0,58,,83518,15,,,0,19,,83522,15,,,0,18,,83516,15,,,0,19,,83521,15,,,0,59,,83517,15,,,0,19,,83519,15,,,0,18,,83528,15,,,0,58,,83525,15,,,0,19,,83526,15,,,0,20,,83527,15,,,0,60,,83524,15,,,0,18,,83523,15,,,0,18,,83529,15,,,0,59,,83530,15,,,0,22,,83532,15,,,0,20,,83531,15,,,0,59,,83533,15,,,0,19,,83534,15,,,0,19,,83535,15,,,0,61,,83537,15,,,0,20,,83536,15,,,0,20,,83538,15,,,0,61,,83539,15,,,0,19,,83540,15,,,0,21,,83541,15,,,0,60,,83542,15,,,0,19,,83543,15,,,0,20,,83544,15,,,0,58,,83545,15,,,0,19,,83546,15,,,0,22,,83547,15,,,0
2000001,'7_4',654,,79840,15,,,0,68,,79841,15,,,0,19,,79881,15,,,0,60,,79842,15,,,0,20,,79882,15,,,0,21,,79844,15,,,0,62,,79843,15,,,0,21,,79845,15,,,0,22,,79846,15,,,0,60,,79848,15,,,0,19,,79847,15,,,0,18,,79853,15,,,0,58,,79851,15,,,0,19,,79855,15,,,0,18,,79849,15,,,0,19,,79854,15,,,0,59,,79850,15,,,0,19,,79852,15,,,0,18,,79861,15,,,0,58,,79858,15,,,0,19,,79859,15,,,0,20,,79860,15,,,0,60,,79857,15,,,0,18,,79856,15,,,0,18,,79862,15,,,0,59,,79863,15,,,0,22,,79865,15,,,0,20,,79864,15,,,0,59,,79866,15,,,0,19,,79867,15,,,0,19,,79868,15,,,0,61,,79870,15,,,0,20,,79869,15,,,0,20,,79871,15,,,0,61,,79872,15,,,0,19,,79873,15,,,0,21,,79874,15,,,0,60,,79875,15,,,0,19,,79876,15,,,0,20,,79877,15,,,0,58,,79878,15,,,0,19,,79879,15,,,0,22,,79880,15,,,0
2000001,'7_5',654,,81587,15,,,0,68,,81588,15,,,0,19,,81628,15,,,0,60,,81589,15,,,0,20,,81629,15,,,0,21,,81591,15,,,0,62,,81590,15,,,0,21,,81592,15,,,0,22,,81593,15,,,0,60,,81595,15,,,0,19,,81594,15,,,0,18,,81600,15,,,0,58,,81598,15,,,0,19,,81602,15,,,0,18,,81596,15,,,0,19,,81601,15,,,0,59,,81597,15,,,0,19,,81599,15,,,0,18,,81608,15,,,0,58,,81605,15,,,0,19,,81606,15,,,0,20,,81607,15,,,0,60,,81604,15,,,0,18,,81603,15,,,0,18,,81609,15,,,0,59,,81610,15,,,0,22,,81612,15,,,0,20,,81611,15,,,0,59,,81613,15,,,0,19,,81614,15,,,0,19,,81615,15,,,0,61,,81617,15,,,0,20,,81616,15,,,0,20,,81618,15,,,0,61,,81619,15,,,0,19,,81620,15,,,0,21,,81621,15,,,0,60,,81622,15,,,0,19,,81623,15,,,0,20,,81624,15,,,0,58,,81625,15,,,0,19,,81626,15,,,0,22,,81627,15,,,0
2000001,'8_7',825,,84148,15,,,0,80,,84131,15,,,0,40,,84132,15,,,0,80,,84133,15,,,0,80,,84134,15,,,0,40,,84135,15,,,0,80,,84136,15,,,0,80,,84137,15,,,0,40,,84139,15,,,0,80,,84138,15,,,0,80,,84140,15,,,0,40,,84141,15,,,0,80,,84142,15,,,0,80,,84143,15,,,0,40,,84145,15,,,0,80,,84144,15,,,0,80,,84146,15,,,0,40,,84147,15,,,0
