400,'0_4',712,,95845,12,0,43,0,14,,95853,12,0,40,0,16,,95822,12,0,40,0,15,,95823,12,0,40,0,55,,95847,12,0,40,0,15,,95824,12,0,40,0,13,,95825,12,0,40,0,71,,95826,12,0,40,0,39,,95827,24,0,40,0,70,,95828,12,0,40,0,31,,95829,12,0,40,0,76,,95830,12,0,40,0,75,,95831,12,0,40,0,25,,95851,12,,,0,25,,95848,24,0,40,0,69,,95832,12,0,40,0,26,,95833,12,0,40,0,70,,95836,24,0,40,0,35,,95834,12,0,40,0,70,,95837,24,0,40,0,35,,95835,12,0,40,0,67,,95854,12,0,40,0,26,,95838,24,0,40,0,61,,95839,12,0,40,0,15,,95855,12,,,0,15,,95841,12,0,40,0,65,,95840,24,0,40,0,20,,95852,12,,,0,76,,95842,12,0,40,0,26,,95843,24,0,40,0
400,'0_5',712,,95879,12,0,43,0,14,,95887,12,0,40,0,16,,95856,12,0,40,0,15,,95857,12,0,40,0,55,,95881,12,0,40,0,15,,95858,12,0,40,0,13,,95859,12,0,40,0,71,,95860,12,0,40,0,39,,95861,24,0,40,0,70,,95862,12,0,40,0,31,,95863,12,0,40,0,76,,95864,12,0,40,0,75,,95865,12,0,40,0,25,,95885,12,,,0,25,,95882,24,0,40,0,69,,95866,12,0,40,0,26,,95867,12,0,40,0,70,,95870,24,0,40,0,35,,95868,12,0,40,0,70,,95871,24,0,40,0,35,,95869,12,0,40,0,67,,95888,12,0,40,0,26,,95872,24,0,40,0,61,,95873,12,0,40,0,15,,95889,12,,,0,15,,95875,12,0,40,0,65,,95874,24,0,40,0,20,,95886,12,,,0,76,,95876,12,0,40,0,26,,95877,24,0,40,0
400,'1_3',712,,95912,12,0,43,0,14,,95920,12,0,40,0,16,,95890,12,0,40,0,15,,95891,12,0,40,0,55,,95914,12,0,40,0,15,,95892,12,0,40,0,13,,95893,12,0,40,0,71,,95894,12,0,40,0,39,,95895,24,0,40,0,70,,95896,12,0,40,0,31,,95897,12,0,40,0,76,,95898,12,0,40,0,75,,95899,12,0,40,0,25,,95918,12,,,0,25,,95915,24,0,40,0,69,,95900,12,0,40,0,26,,95901,12,0,40,0,70,,95904,24,0,40,0,35,,95902,12,0,40,0,70,,95905,24,0,40,0,35,,95903,12,0,40,0,67,,95921,12,0,40,0,26,,95906,24,0,40,0,61,,95907,12,0,40,0,15,,95922,12,,,0,15,,95909,12,0,40,0,65,,95908,24,0,40,0,20,,95919,12,,,0,76,,95910,12,0,40,0,26,,95911,24,0,40,0
400,'2_6',713,,95929,12,0,40,0,103,,95930,12,0,40,0,35,,95923,24,0,40,0,67,,95931,12,0,40,0,31,,95932,12,0,40,0,70,,95933,12,0,40,0,30,,95924,24,0,40,0,71,,95934,12,0,40,0,29,,95936,12,0,40,0,71,,95935,12,0,40,0,29,,95925,24,0,40,0,70,,95937,12,0,40,0,31,,95938,12,0,40,0,69,,95939,12,0,40,0,31,,95926,24,0,40,0,72,,95940,12,0,40,0,30,,95941,12,0,40,0,69,,95942,12,0,40,0,33,,95927,24,0,40,0,75,,95943,12,0,40,0,71,,95944,12,0,40,0,32,,95945,12,0,40,0,69,,95928,24,0,40,0,31,,95946,12,0,40,0
400,'3_7',829,,95947,24,0,40,0,125,,95948,24,0,40,0,165,,95949,24,0,40,0,200,,95950,24,0,40,0,126,,95951,24,0,40,0,165,,95952,24,0,40,0,126,,95953,24,0,40,0,165,,95954,24,0,40,0
400,'4_1',712,,95978,12,0,43,0,14,,95986,12,0,40,0,16,,95955,12,0,40,0,15,,95956,12,0,40,0,55,,95980,12,0,40,0,15,,95957,12,0,40,0,13,,95958,12,0,40,0,71,,95959,12,0,40,0,39,,95960,24,0,40,0,70,,95961,12,0,40,0,31,,95962,12,0,40,0,76,,95963,12,0,40,0,75,,95964,12,0,40,0,25,,95984,12,,,0,25,,95981,24,0,40,0,69,,95965,12,0,40,0,26,,95966,12,0,40,0,70,,95969,24,0,40,0,35,,95967,12,0,40,0,70,,95970,24,0,40,0,35,,95968,12,0,40,0,67,,95987,12,0,40,0,26,,95971,24,0,40,0,61,,95972,12,0,40,0,15,,95988,12,,,0,15,,95974,12,0,40,0,65,,95973,24,0,40,0,20,,95985,12,,,0,76,,95975,12,0,40,0,26,,95976,24,0,40,0
400,'4_2',712,,96012,12,0,43,0,14,,96020,12,0,40,0,16,,95989,12,0,40,0,15,,95990,12,0,40,0,55,,96014,12,0,40,0,15,,95991,12,0,40,0,13,,95992,12,0,40,0,71,,95993,12,0,40,0,39,,95994,24,0,40,0,70,,95995,12,0,40,0,31,,95996,12,0,40,0,76,,95997,12,0,40,0,75,,95998,12,0,40,0,25,,96018,12,,,0,25,,96015,24,0,40,0,69,,95999,12,0,40,0,26,,96000,12,0,40,0,70,,96003,24,0,40,0,35,,96001,12,0,40,0,70,,96004,24,0,40,0,35,,96002,12,0,40,0,67,,96021,12,0,40,0,26,,96005,24,0,40,0,61,,96006,12,0,40,0,15,,96022,12,,,0,15,,96008,12,0,40,0,65,,96007,24,0,40,0,20,,96019,12,,,0,76,,96009,12,0,40,0,26,,96010,24,0,40,0
400,'4_4',712,,96046,12,0,43,0,14,,96054,12,0,40,0,16,,96023,12,0,40,0,15,,96024,12,0,40,0,55,,96048,12,0,40,0,15,,96025,12,0,40,0,13,,96026,12,0,40,0,71,,96027,12,0,40,0,39,,96028,24,0,40,0,70,,96029,12,0,40,0,31,,96030,12,0,40,0,76,,96031,12,0,40,0,75,,96032,12,0,40,0,25,,96052,12,,,0,25,,96049,24,0,40,0,69,,96033,12,0,40,0,26,,96034,12,0,40,0,70,,96037,24,0,40,0,35,,96035,12,0,40,0,70,,96038,24,0,40,0,35,,96036,12,0,40,0,67,,96055,12,0,40,0,26,,96039,24,0,40,0,61,,96040,12,0,40,0,15,,96056,12,,,0,15,,96042,12,0,40,0,65,,96041,24,0,40,0,20,,96053,12,,,0,76,,96043,12,0,40,0,26,,96044,24,0,40,0
400,'4_5',712,,96080,12,0,43,0,14,,96088,12,0,40,0,16,,96057,12,0,40,0,15,,96058,12,0,40,0,55,,96082,12,0,40,0,15,,96059,12,0,40,0,13,,96060,12,0,40,0,71,,96061,12,0,40,0,39,,96062,24,0,40,0,70,,96063,12,0,40,0,31,,96064,12,0,40,0,76,,96065,12,0,40,0,75,,96066,12,0,40,0,25,,96086,12,,,0,25,,96083,24,0,40,0,69,,96067,12,0,40,0,26,,96068,12,0,40,0,70,,96071,24,0,40,0,35,,96069,12,0,40,0,70,,96072,24,0,40,0,35,,96070,12,0,40,0,67,,96089,12,0,40,0,26,,96073,24,0,40,0,61,,96074,12,0,40,0,15,,96090,12,,,0,15,,96076,12,0,40,0,65,,96075,24,0,40,0,20,,96087,12,,,0,76,,96077,12,0,40,0,26,,96078,24,0,40,0
400,'5_7',829,,96091,24,0,40,0,125,,96092,24,0,40,0,165,,96093,24,0,40,0,200,,96094,24,0,40,0,126,,96095,24,0,40,0,165,,96096,24,0,40,0,126,,96097,24,0,40,0,165,,96098,24,0,40,0
