3000000,'0_6',653,,71221,20,,,0,82,,71222,20,,,0,82,,71223,20,,,0,30,,71224,20,,,0,60,,71225,20,,,0,20,,71226,20,,,0,21,,71227,20,,,0,60,,71228,20,,,0,20,,71229,20,,,0,20,,71230,20,,,0,61,,71231,20,,,0,19,,71232,20,,,0,20,,71233,20,,,0,60,,71234,20,,,0,19,,71235,20,,,0,19,,71236,20,,,0,60,,71237,20,,,0,20,,71238,20,,,0,21,,71239,20,,,0,59,,71240,20,,,0,21,,71241,20,,,0,20,,71242,20,,,0,61,,71243,20,,,0,20,,71244,20,,,0,20,,71245,20,,,0,60,,71246,20,,,0,20,,71247,20,,,0,20,,71248,20,,,0,60,,71249,20,,,0,20,,71250,20,,,0,20,,71251,20,,,0,60,,71252,20,,,0,19,,71253,20,,,0,19,,71254,20,,,0,59,,71255,20,,,0,30,,71256,20,,,0,70,,71257,20,,,0,29,,71258,20,,,0,69,,71259,20,,,0
3000000,'1_7',815,,71260,20,,,0,130,,71261,20,,,0,170,,71262,20,,,0,130,,71263,20,,,0,170,,71264,20,,,0,130,,71265,20,,,0,170,,71266,20,,,0,129,,71267,20,,,0,170,,71268,20,,,0
3000000,'5_1',649,,74802,20,,,0,60,,74801,20,,,0,21,,74761,20,,,0,21,,74762,20,,,0,60,,74763,20,,,0,20,,74764,20,,,0,20,,74765,20,,,0,61,,74766,20,,,0,20,,74767,20,,,0,20,,74768,20,,,0,61,,74769,20,,,0,20,,74770,20,,,0,20,,74771,20,,,0,61,,74772,20,,,0,20,,74773,20,,,0,20,,74774,20,,,0,59,,74775,20,,,0,19,,74776,20,,,0,20,,74777,20,,,0,60,,74778,20,,,0,22,,74779,20,,,0,20,,74780,20,,,0,59,,74781,20,,,0,20,,74782,20,,,0,20,,74783,20,,,0,60,,74784,20,,,0,20,,74785,20,,,0,20,,74786,20,,,0,60,,74787,20,,,0,19,,74788,20,,,0,20,,74789,20,,,0,61,,74790,20,,,0,20,,74791,20,,,0,21,,74792,20,,,0,60,,74793,20,,,0,20,,74794,20,,,0,18,,74795,20,,,0,59,,74796,20,,,0,18,,74797,20,,,0,29,,74798,20,,,0,72,,74799,20,,,0,73,,74800,20,,,0
3000000,'5_2',649,,77338,20,,,0,60,,77337,20,,,0,21,,77297,20,,,0,21,,77298,20,,,0,60,,77299,20,,,0,20,,77300,20,,,0,20,,77301,20,,,0,61,,77302,20,,,0,20,,77303,20,,,0,20,,77304,20,,,0,61,,77305,20,,,0,20,,77306,20,,,0,20,,77307,20,,,0,61,,77308,20,,,0,20,,77309,20,,,0,20,,77310,20,,,0,59,,77311,20,,,0,19,,77312,20,,,0,20,,77313,20,,,0,60,,77314,20,,,0,22,,77315,20,,,0,20,,77316,20,,,0,59,,77317,20,,,0,20,,77318,20,,,0,20,,77319,20,,,0,60,,77320,20,,,0,20,,77321,20,,,0,20,,77322,20,,,0,60,,77323,20,,,0,19,,77324,20,,,0,20,,77325,20,,,0,61,,77326,20,,,0,20,,77327,20,,,0,21,,77328,20,,,0,60,,77329,20,,,0,20,,77330,20,,,0,18,,77331,20,,,0,59,,77332,20,,,0,18,,77333,20,,,0,29,,77334,20,,,0,72,,77335,20,,,0,73,,77336,20,,,0
3000000,'5_3',649,,77380,20,,,0,60,,77379,20,,,0,21,,77339,20,,,0,21,,77340,20,,,0,60,,77341,20,,,0,20,,77342,20,,,0,20,,77343,20,,,0,61,,77344,20,,,0,20,,77345,20,,,0,20,,77346,20,,,0,61,,77347,20,,,0,20,,77348,20,,,0,20,,77349,20,,,0,61,,77350,20,,,0,20,,77351,20,,,0,20,,77352,20,,,0,59,,77353,20,,,0,19,,77354,20,,,0,20,,77355,20,,,0,60,,77356,20,,,0,22,,77357,20,,,0,20,,77358,20,,,0,59,,77359,20,,,0,20,,77360,20,,,0,20,,77361,20,,,0,60,,77362,20,,,0,20,,77363,20,,,0,20,,77364,20,,,0,60,,77365,20,,,0,19,,77366,20,,,0,20,,77367,20,,,0,61,,77368,20,,,0,20,,77369,20,,,0,21,,77370,20,,,0,60,,77371,20,,,0,20,,77372,20,,,0,18,,77373,20,,,0,59,,77374,20,,,0,18,,77375,20,,,0,29,,77376,20,,,0,72,,77377,20,,,0,73,,77378,20,,,0
3000000,'7_1',649,,81705,20,,,0,60,,81704,20,,,0,21,,81664,20,,,0,21,,81665,20,,,0,60,,81666,20,,,0,20,,81667,20,,,0,20,,81668,20,,,0,61,,81669,20,,,0,20,,81670,20,,,0,20,,81671,20,,,0,61,,81672,20,,,0,20,,81673,20,,,0,20,,81674,20,,,0,61,,81675,20,,,0,20,,81676,20,,,0,20,,81677,20,,,0,59,,81678,20,,,0,19,,81679,20,,,0,20,,81680,20,,,0,60,,81681,20,,,0,22,,81682,20,,,0,20,,81683,20,,,0,59,,81684,20,,,0,20,,81685,20,,,0,20,,81686,20,,,0,60,,81687,20,,,0,20,,81688,20,,,0,20,,81689,20,,,0,60,,81690,20,,,0,19,,81691,20,,,0,20,,81692,20,,,0,61,,81693,20,,,0,20,,81694,20,,,0,21,,81695,20,,,0,60,,81696,20,,,0,20,,81697,20,,,0,18,,81698,20,,,0,59,,81699,20,,,0,18,,81700,20,,,0,29,,81701,20,,,0,72,,81702,20,,,0,73,,81703,20,,,0
3000000,'7_2',649,,83625,20,,,0,60,,83624,20,,,0,21,,83584,20,,,0,21,,83585,20,,,0,60,,83586,20,,,0,20,,83587,20,,,0,20,,83588,20,,,0,61,,83589,20,,,0,20,,83590,20,,,0,20,,83591,20,,,0,61,,83592,20,,,0,20,,83593,20,,,0,20,,83594,20,,,0,61,,83595,20,,,0,20,,83596,20,,,0,20,,83597,20,,,0,59,,83598,20,,,0,19,,83599,20,,,0,20,,83600,20,,,0,60,,83601,20,,,0,22,,83602,20,,,0,20,,83603,20,,,0,59,,83604,20,,,0,20,,83605,20,,,0,20,,83606,20,,,0,60,,83607,20,,,0,20,,83608,20,,,0,20,,83609,20,,,0,60,,83610,20,,,0,19,,83611,20,,,0,20,,83612,20,,,0,61,,83613,20,,,0,20,,83614,20,,,0,21,,83615,20,,,0,60,,83616,20,,,0,20,,83617,20,,,0,18,,83618,20,,,0,59,,83619,20,,,0,18,,83620,20,,,0,29,,83621,20,,,0,72,,83622,20,,,0,73,,83623,20,,,0
3000000,'7_3',649,,83667,20,,,0,60,,83666,20,,,0,21,,83626,20,,,0,21,,83627,20,,,0,60,,83628,20,,,0,20,,83629,20,,,0,20,,83630,20,,,0,61,,83631,20,,,0,20,,83632,20,,,0,20,,83633,20,,,0,61,,83634,20,,,0,20,,83635,20,,,0,20,,83636,20,,,0,61,,83637,20,,,0,20,,83638,20,,,0,20,,83639,20,,,0,59,,83640,20,,,0,19,,83641,20,,,0,20,,83642,20,,,0,60,,83643,20,,,0,22,,83644,20,,,0,20,,83645,20,,,0,59,,83646,20,,,0,20,,83647,20,,,0,20,,83648,20,,,0,60,,83649,20,,,0,20,,83650,20,,,0,20,,83651,20,,,0,60,,83652,20,,,0,19,,83653,20,,,0,20,,83654,20,,,0,61,,83655,20,,,0,20,,83656,20,,,0,21,,83657,20,,,0,60,,83658,20,,,0,20,,83659,20,,,0,18,,83660,20,,,0,59,,83661,20,,,0,18,,83662,20,,,0,29,,83663,20,,,0,72,,83664,20,,,0,73,,83665,20,,,0
3000000,'7_4',649,,79941,20,,,0,60,,79940,20,,,0,21,,79900,20,,,0,21,,79901,20,,,0,60,,79902,20,,,0,20,,79903,20,,,0,20,,79904,20,,,0,61,,79905,20,,,0,20,,79906,20,,,0,20,,79907,20,,,0,61,,79908,20,,,0,20,,79909,20,,,0,20,,79910,20,,,0,61,,79911,20,,,0,20,,79912,20,,,0,20,,79913,20,,,0,59,,79914,20,,,0,19,,79915,20,,,0,20,,79916,20,,,0,60,,79917,20,,,0,22,,79918,20,,,0,20,,79919,20,,,0,59,,79920,20,,,0,20,,79921,20,,,0,20,,79922,20,,,0,60,,79923,20,,,0,20,,79924,20,,,0,20,,79925,20,,,0,60,,79926,20,,,0,19,,79927,20,,,0,20,,79928,20,,,0,61,,79929,20,,,0,20,,79930,20,,,0,21,,79931,20,,,0,60,,79932,20,,,0,20,,79933,20,,,0,18,,79934,20,,,0,59,,79935,20,,,0,18,,79936,20,,,0,29,,79937,20,,,0,72,,79938,20,,,0,73,,79939,20,,,0
3000000,'7_5',649,,81747,20,,,0,60,,81746,20,,,0,21,,81706,20,,,0,21,,81707,20,,,0,60,,81708,20,,,0,20,,81709,20,,,0,20,,81710,20,,,0,61,,81711,20,,,0,20,,81712,20,,,0,20,,81713,20,,,0,61,,81714,20,,,0,20,,81715,20,,,0,20,,81716,20,,,0,61,,81717,20,,,0,20,,81718,20,,,0,20,,81719,20,,,0,59,,81720,20,,,0,19,,81721,20,,,0,20,,81722,20,,,0,60,,81723,20,,,0,22,,81724,20,,,0,20,,81725,20,,,0,59,,81726,20,,,0,20,,81727,20,,,0,20,,81728,20,,,0,60,,81729,20,,,0,20,,81730,20,,,0,20,,81731,20,,,0,60,,81732,20,,,0,19,,81733,20,,,0,20,,81734,20,,,0,61,,81735,20,,,0,20,,81736,20,,,0,21,,81737,20,,,0,60,,81738,20,,,0,20,,81739,20,,,0,18,,81740,20,,,0,59,,81741,20,,,0,18,,81742,20,,,0,29,,81743,20,,,0,72,,81744,20,,,0,73,,81745,20,,,0
