1500,'1_3',735,,97785,12,,,0,21,,97786,12,,,0,154,,97787,12,,,0,117,,97788,12,,,0,118,,97789,12,,,0,80,,97790,12,,,0,75,,97791,12,,,0,57,,97792,12,,,0,159,,97784,12,0,44,0,103,,97793,12,,,0,109,,97794,12,,,0,98,,97795,12,,,0,111,,97796,12,,,0
1500,'2_6',735,,97798,12,,,0,21,,97799,12,,,0,154,,97800,12,,,0,117,,97801,12,,,0,118,,97802,12,,,0,80,,97803,12,,,0,75,,97804,12,,,0,57,,97805,12,,,0,159,,97797,12,0,44,0,103,,97806,12,,,0,109,,97807,12,,,0,98,,97808,12,,,0,111,,97809,12,,,0
1500,'4_1',735,,97811,12,,,0,21,,97812,12,,,0,154,,97813,12,,,0,117,,97814,12,,,0,118,,97815,12,,,0,80,,97816,12,,,0,75,,97817,12,,,0,57,,97818,12,,,0,159,,97810,12,0,44,0,103,,97819,12,,,0,109,,97820,12,,,0,98,,97821,12,,,0,111,,97822,12,,,0
1500,'4_2',735,,97824,12,,,0,21,,97825,12,,,0,154,,97826,12,,,0,117,,97827,12,,,0,118,,97828,12,,,0,80,,97829,12,,,0,75,,97830,12,,,0,57,,97831,12,,,0,159,,97823,12,0,44,0,103,,97832,12,,,0,109,,97833,12,,,0,98,,97834,12,,,0,111,,97835,12,,,0
1500,'4_4',735,,97837,12,,,0,21,,97838,12,,,0,154,,97839,12,,,0,117,,97840,12,,,0,118,,97841,12,,,0,80,,97842,12,,,0,75,,97843,12,,,0,57,,97844,12,,,0,159,,97836,12,0,44,0,103,,97845,12,,,0,109,,97846,12,,,0,98,,97847,12,,,0,111,,97848,12,,,0
1500,'4_5',735,,97850,12,,,0,21,,97851,12,,,0,154,,97852,12,,,0,117,,97853,12,,,0,118,,97854,12,,,0,80,,97855,12,,,0,75,,97856,12,,,0,57,,97857,12,,,0,159,,97849,12,0,44,0,103,,97858,12,,,0,109,,97859,12,,,0,98,,97860,12,,,0,111,,97861,12,,,0
2000,'1_3',1247,,98443,10,,,0,401,,98440,10,,,0,106,,98441,10,,,0,94,,98442,10,,,0
2000,'4_1',1648,,98444,10,,,0,106,,98445,10,,,0,94,,98446,10,,,0
2000,'4_2',1648,,98447,10,,,0,106,,98448,10,,,0,94,,98449,10,,,0
2000,'4_4',1648,,98450,10,,,0,106,,98451,10,,,0,94,,98452,10,,,0
2000,'4_5',1648,,98453,10,,,0,106,,98454,10,,,0,94,,98455,10,,,0
2501,'1_3',657,,98829,9,,,0,68,,98830,9,,,0,87,,98831,9,,,0,37,,98832,9,,,0,76,,98833,9,,,0,112,,98834,9,,,0,166,,98835,9,,,0,120,,98836,9,,,0,116,,98837,9,,,0,117,,98838,9,,,0,97,,98839,9,,,0,103,,98840,9,,,0,160,,98841,9,,,0
2501,'2_6',702,,98842,9,,,0,111,,98843,9,,,0,125,,98844,9,,,0,112,,98845,9,,,0,153,,98846,9,,,0,128,,98847,9,,,0,128,,98848,9,,,0,159,,98849,9,,,0,120,,98850,9,,,0,120,,98851,9,,,0
2501,'4_1',657,,98852,9,,,0,68,,98853,9,,,0,87,,98854,9,,,0,37,,98855,9,,,0,76,,98856,9,,,0,112,,98857,9,,,0,166,,98858,9,,,0,120,,98859,9,,,0,116,,98860,9,,,0,117,,98861,9,,,0,97,,98862,9,,,0,103,,98863,9,,,0,160,,98864,9,,,0
2501,'4_2',657,,98865,9,,,0,68,,98866,9,,,0,87,,98867,9,,,0,37,,98868,9,,,0,76,,98869,9,,,0,112,,98870,9,,,0,166,,98871,9,,,0,120,,98872,9,,,0,116,,98873,9,,,0,117,,98874,9,,,0,97,,98875,9,,,0,103,,98876,9,,,0,160,,98877,9,,,0
2501,'4_4',657,,98878,9,,,0,68,,98879,9,,,0,87,,98880,9,,,0,37,,98881,9,,,0,76,,98882,9,,,0,112,,98883,9,,,0,166,,98884,9,,,0,120,,98885,9,,,0,116,,98886,9,,,0,117,,98887,9,,,0,97,,98888,9,,,0,103,,98889,9,,,0,160,,98890,9,,,0
2501,'4_5',657,,98891,9,,,0,68,,98892,9,,,0,87,,98893,9,,,0,37,,98894,9,,,0,76,,98895,9,,,0,112,,98896,9,,,0,166,,98897,9,,,0,120,,98898,9,,,0,116,,98899,9,,,0,117,,98900,9,,,0,97,,98901,9,,,0,103,,98902,9,,,0,160,,98903,9,,,0
4000000,'1_3',649,,103557,14,0,45,0,58,,103513,14,0,46,0,28,,103535,14,0,45,0,68,,103514,14,0,46,0,15,,103536,14,0,45,0,19,,103515,14,0,46,0,22,,103537,14,0,45,0,61,,103516,14,0,46,0,16,,103538,14,0,45,0,20,,103517,14,0,46,0,59,,103539,14,0,45,0,19,,103518,14,0,46,0,20,,103540,14,0,45,0,61,,103519,14,0,46,0,20,,103541,14,0,45,0,19,,103520,14,0,46,0,65,,103542,14,0,45,0,18,,103521,14,0,46,0,18,,103543,14,0,45,0,58,,103522,14,0,46,0,20,,103544,14,0,45,0,23,,103523,14,0,46,0,61,,103545,14,0,45,0,20,,103524,14,0,46,0,19,,103546,14,0,45,0,61,,103525,14,0,46,0,22,,103547,14,0,45,0,18,,103526,14,0,46,0,62,,103548,14,0,45,0,22,,103527,14,0,46,0,62,,103549,14,0,45,0,30,,103528,14,0,46,0,18,,103550,14,0,45,0,58,,103529,14,0,46,0,16,,103551,14,0,45,0,17,,103530,14,0,46,0,15,,103552,14,0,45,0,55,,103531,14,0,46,0,19,,103553,14,0,45,0,19,,103532,14,0,46,0,60,,103554,14,0,45,0,19,,103533,14,0,46,0
4000000,'2_6',649,,103602,14,0,46,0,58,,103558,14,0,45,0,23,,103580,14,0,46,0,20,,103559,14,0,45,0,60,,103581,14,0,46,0,21,,103560,14,0,45,0,20,,103582,14,0,46,0,60,,103561,14,0,45,0,21,,103583,14,0,46,0,22,,103562,14,0,45,0,59,,103584,14,0,46,0,21,,103563,14,0,45,0,22,,103585,14,0,46,0,61,,103564,14,0,45,0,21,,103586,14,0,46,0,21,,103565,14,0,45,0,62,,103587,14,0,46,0,20,,103566,14,0,45,0,59,,103588,14,0,45,0,21,,103567,14,0,46,0,21,,103589,14,0,45,0,58,,103568,14,0,46,0,19,,103590,14,0,45,0,18,,103569,14,0,46,0,19,,103591,14,0,45,0,60,,103570,14,0,46,0,20,,103592,14,0,45,0,20,,103571,14,0,46,0,60,,103593,14,0,45,0,22,,103572,14,0,46,0,21,,103594,14,0,45,0,61,,103573,14,0,46,0,19,,103595,14,0,45,0,20,,103574,14,0,46,0,58,,103596,14,0,45,0,19,,103575,14,0,46,0,18,,103597,14,0,45,0,58,,103576,14,0,46,0,20,,103598,14,0,45,0,19,,103577,14,0,46,0,60,,103599,14,0,45,0,19,,103578,14,0,46,0
4000000,'3_7',837,,103603,14,0,46,0,110,,103608,14,0,45,0,110,,103604,14,0,46,0,150,,103609,14,0,45,0,110,,103605,14,0,46,0,110,,103610,14,0,45,0,110,,103606,14,0,46,0,110,,103611,14,0,45,0,110,,103607,14,0,46,0,150,,103612,14,0,45,0
4000000,'4_1',649,,103658,14,0,45,0,58,,103614,14,0,46,0,28,,103636,14,0,45,0,68,,103615,14,0,46,0,15,,103637,14,0,45,0,19,,103616,14,0,46,0,22,,103638,14,0,45,0,61,,103617,14,0,46,0,16,,103639,14,0,45,0,20,,103618,14,0,46,0,59,,103640,14,0,45,0,19,,103619,14,0,46,0,20,,103641,14,0,45,0,61,,103620,14,0,46,0,20,,103642,14,0,45,0,19,,103621,14,0,46,0,65,,103643,14,0,45,0,18,,103622,14,0,46,0,18,,103644,14,0,45,0,58,,103623,14,0,46,0,20,,103645,14,0,45,0,23,,103624,14,0,46,0,61,,103646,14,0,45,0,20,,103625,14,0,46,0,19,,103647,14,0,45,0,61,,103626,14,0,46,0,22,,103648,14,0,45,0,18,,103627,14,0,46,0,62,,103649,14,0,45,0,22,,103628,14,0,46,0,62,,103650,14,0,45,0,30,,103629,14,0,46,0,18,,103651,14,0,45,0,58,,103630,14,0,46,0,16,,103652,14,0,45,0,17,,103631,14,0,46,0,15,,103653,14,0,45,0,55,,103632,14,0,46,0,19,,103654,14,0,45,0,19,,103633,14,0,46,0,60,,103655,14,0,45,0,19,,103634,14,0,46,0
4000000,'4_2',649,,103703,14,0,45,0,58,,103659,14,0,46,0,28,,103681,14,0,45,0,68,,103660,14,0,46,0,15,,103682,14,0,45,0,19,,103661,14,0,46,0,22,,103683,14,0,45,0,61,,103662,14,0,46,0,16,,103684,14,0,45,0,20,,103663,14,0,46,0,59,,103685,14,0,45,0,19,,103664,14,0,46,0,20,,103686,14,0,45,0,61,,103665,14,0,46,0,20,,103687,14,0,45,0,19,,103666,14,0,46,0,65,,103688,14,0,45,0,18,,103667,14,0,46,0,18,,103689,14,0,45,0,58,,103668,14,0,46,0,20,,103690,14,0,45,0,23,,103669,14,0,46,0,61,,103691,14,0,45,0,20,,103670,14,0,46,0,19,,103692,14,0,45,0,61,,103671,14,0,46,0,22,,103693,14,0,45,0,18,,103672,14,0,46,0,62,,103694,14,0,45,0,22,,103673,14,0,46,0,62,,103695,14,0,45,0,30,,103674,14,0,46,0,18,,103696,14,0,45,0,58,,103675,14,0,46,0,16,,103697,14,0,45,0,17,,103676,14,0,46,0,15,,103698,14,0,45,0,55,,103677,14,0,46,0,19,,103699,14,0,45,0,19,,103678,14,0,46,0,60,,103700,14,0,45,0,19,,103679,14,0,46,0
4000000,'4_4',649,,103748,14,0,45,0,58,,103704,14,0,46,0,28,,103726,14,0,45,0,68,,103705,14,0,46,0,15,,103727,14,0,45,0,19,,103706,14,0,46,0,22,,103728,14,0,45,0,61,,103707,14,0,46,0,16,,103729,14,0,45,0,20,,103708,14,0,46,0,59,,103730,14,0,45,0,19,,103709,14,0,46,0,20,,103731,14,0,45,0,61,,103710,14,0,46,0,20,,103732,14,0,45,0,19,,103711,14,0,46,0,65,,103733,14,0,45,0,18,,103712,14,0,46,0,18,,103734,14,0,45,0,58,,103713,14,0,46,0,20,,103735,14,0,45,0,23,,103714,14,0,46,0,61,,103736,14,0,45,0,20,,103715,14,0,46,0,19,,103737,14,0,45,0,61,,103716,14,0,46,0,22,,103738,14,0,45,0,18,,103717,14,0,46,0,62,,103739,14,0,45,0,22,,103718,14,0,46,0,62,,103740,14,0,45,0,30,,103719,14,0,46,0,18,,103741,14,0,45,0,58,,103720,14,0,46,0,16,,103742,14,0,45,0,17,,103721,14,0,46,0,15,,103743,14,0,45,0,55,,103722,14,0,46,0,19,,103744,14,0,45,0,19,,103723,14,0,46,0,60,,103745,14,0,45,0,19,,103724,14,0,46,0
4000000,'4_5',649,,103793,14,0,45,0,58,,103749,14,0,46,0,28,,103771,14,0,45,0,68,,103750,14,0,46,0,15,,103772,14,0,45,0,19,,103751,14,0,46,0,22,,103773,14,0,45,0,61,,103752,14,0,46,0,16,,103774,14,0,45,0,20,,103753,14,0,46,0,59,,103775,14,0,45,0,19,,103754,14,0,46,0,20,,103776,14,0,45,0,61,,103755,14,0,46,0,20,,103777,14,0,45,0,19,,103756,14,0,46,0,65,,103778,14,0,45,0,18,,103757,14,0,46,0,18,,103779,14,0,45,0,58,,103758,14,0,46,0,20,,103780,14,0,45,0,23,,103759,14,0,46,0,61,,103781,14,0,45,0,20,,103760,14,0,46,0,19,,103782,14,0,45,0,61,,103761,14,0,46,0,22,,103783,14,0,45,0,18,,103762,14,0,46,0,62,,103784,14,0,45,0,22,,103763,14,0,46,0,62,,103785,14,0,45,0,30,,103764,14,0,46,0,18,,103786,14,0,45,0,58,,103765,14,0,46,0,16,,103787,14,0,45,0,17,,103766,14,0,46,0,15,,103788,14,0,45,0,55,,103767,14,0,46,0,19,,103789,14,0,45,0,19,,103768,14,0,46,0,60,,103790,14,0,45,0,19,,103769,14,0,46,0
4000000,'5_7',837,,103794,14,0,46,0,110,,103799,14,0,45,0,110,,103795,14,0,46,0,150,,103800,14,0,45,0,110,,103796,14,0,46,0,110,,103801,14,0,45,0,110,,103797,14,0,46,0,110,,103802,14,0,45,0,110,,103798,14,0,46,0,150,,103803,14,0,45,0
4000001,'1_3',645,,103891,9,,,0,58,,103909,7,,,0,17,,103892,9,,,0,18,,103933,7,,,0,63,,103893,9,,,0,20,,103910,7,,,0,21,,103894,9,,,0,60,,103911,7,,,0,21,,103895,9,,,0,20,,103912,7,,,0,59,,103932,9,,,0,20,,103913,7,,,0,20,,103896,9,,,0,60,,103914,7,,,0,21,,103897,9,,,0,19,,103915,7,,,0,58,,103898,9,,,0,22,,103916,7,,,0,20,,103899,9,,,0,60,,103917,7,,,0,19,,103900,9,,,0,20,,103918,7,,,0,60,,103931,9,,,0,21,,103919,7,,,0,19,,103901,9,,,0,59,,103920,7,,,0,20,,103902,9,,,0,20,,103921,7,,,0,18,,103930,9,,,0,60,,103922,7,,,0,17,,103903,9,,,0,20,,103923,7,,,0,59,,103904,9,,,0,23,,103924,7,,,0,21,,103905,9,,,0,62,,103925,7,,,0,22,,103906,9,,,0,61,,103926,7,,,0,22,,103907,9,,,0,20,,103927,7,,,0,61,,103928,7,,,0,20,,103908,9,,,0,30,,103929,7,,,0
4000001,'2_6',645,,103934,9,,,0,59,,103955,7,,,0,20,,103935,9,,,0,20,,103956,7,,,0,59,,103936,9,,,0,20,,103957,7,,,0,20,,103937,9,,,0,61,,103958,7,,,0,20,,103938,9,,,0,21,,103959,7,,,0,61,,103939,9,,,0,20,,103960,7,,,0,21,,103940,9,,,0,61,,103961,7,,,0,22,,103941,9,,,0,20,,103962,7,,,0,63,,103942,9,,,0,21,,103963,7,,,0,21,,103943,9,,,0,58,,103964,7,,,0,18,,103944,9,,,0,17,,103965,7,,,0,58,,103945,9,,,0,19,,103966,7,,,0,20,,103946,9,,,0,60,,103967,7,,,0,20,,103947,9,,,0,20,,103968,7,,,0,59,,103948,9,,,0,19,,103969,7,,,0,20,,103949,9,,,0,60,,103970,7,,,0,20,,103950,9,,,0,20,,103971,7,,,0,61,,103951,9,,,0,21,,103972,7,,,0,20,,103952,9,,,0,60,,103973,7,,,0,20,,103953,7,,,0,21,,103974,9,,,0,61,,103976,7,,,0,20,,103954,9,,,0,30,,103975,7,,,0
4000001,'3_7',902,,103978,9,,,0,110,,103983,7,,,0,110,,103979,9,,,0,110,,103984,7,,,0,110,,103980,9,,,0,110,,103985,7,,,0,150,,103981,9,,,0,110,,103986,7,,,0,110,,103982,9,,,0,110,,103977,7,,,0
4000001,'4_1',645,,103987,9,,,0,58,,104005,7,,,0,17,,103988,9,,,0,18,,104029,7,,,0,63,,103989,9,,,0,20,,104006,7,,,0,21,,103990,9,,,0,60,,104007,7,,,0,21,,103991,9,,,0,20,,104008,7,,,0,59,,104028,9,,,0,20,,104009,7,,,0,20,,103992,9,,,0,60,,104010,7,,,0,21,,103993,9,,,0,19,,104011,7,,,0,58,,103994,9,,,0,22,,104012,7,,,0,20,,103995,9,,,0,60,,104013,7,,,0,19,,103996,9,,,0,20,,104014,7,,,0,60,,104027,9,,,0,21,,104015,7,,,0,19,,103997,9,,,0,59,,104016,7,,,0,20,,103998,9,,,0,20,,104017,7,,,0,18,,104026,9,,,0,60,,104018,7,,,0,17,,103999,9,,,0,20,,104019,7,,,0,59,,104000,9,,,0,23,,104020,7,,,0,21,,104001,9,,,0,62,,104021,7,,,0,22,,104002,9,,,0,61,,104022,7,,,0,22,,104003,9,,,0,20,,104023,7,,,0,61,,104024,7,,,0,20,,104004,9,,,0,30,,104025,7,,,0
4000001,'4_2',645,,104030,9,,,0,58,,104048,7,,,0,17,,104031,9,,,0,18,,104072,7,,,0,63,,104032,9,,,0,20,,104049,7,,,0,21,,104033,9,,,0,60,,104050,7,,,0,21,,104034,9,,,0,20,,104051,7,,,0,59,,104071,9,,,0,20,,104052,7,,,0,20,,104035,9,,,0,60,,104053,7,,,0,21,,104036,9,,,0,19,,104054,7,,,0,58,,104037,9,,,0,22,,104055,7,,,0,20,,104038,9,,,0,60,,104056,7,,,0,19,,104039,9,,,0,20,,104057,7,,,0,60,,104070,9,,,0,21,,104058,7,,,0,19,,104040,9,,,0,59,,104059,7,,,0,20,,104041,9,,,0,20,,104060,7,,,0,18,,104069,9,,,0,60,,104061,7,,,0,17,,104042,9,,,0,20,,104062,7,,,0,59,,104043,9,,,0,23,,104063,7,,,0,21,,104044,9,,,0,62,,104064,7,,,0,22,,104045,9,,,0,61,,104065,7,,,0,22,,104046,9,,,0,20,,104066,7,,,0,61,,104067,7,,,0,20,,104047,9,,,0,30,,104068,7,,,0
4000001,'4_4',645,,104073,9,,,0,58,,104091,7,,,0,17,,104074,9,,,0,18,,104115,7,,,0,63,,104075,9,,,0,20,,104092,7,,,0,21,,104076,9,,,0,60,,104093,7,,,0,21,,104077,9,,,0,20,,104094,7,,,0,59,,104114,9,,,0,20,,104095,7,,,0,20,,104078,9,,,0,60,,104096,7,,,0,21,,104079,9,,,0,19,,104097,7,,,0,58,,104080,9,,,0,22,,104098,7,,,0,20,,104081,9,,,0,60,,104099,7,,,0,19,,104082,9,,,0,20,,104100,7,,,0,60,,104113,9,,,0,21,,104101,7,,,0,19,,104083,9,,,0,59,,104102,7,,,0,20,,104084,9,,,0,20,,104103,7,,,0,18,,104112,9,,,0,60,,104104,7,,,0,17,,104085,9,,,0,20,,104105,7,,,0,59,,104086,9,,,0,23,,104106,7,,,0,21,,104087,9,,,0,62,,104107,7,,,0,22,,104088,9,,,0,61,,104108,7,,,0,22,,104089,9,,,0,20,,104109,7,,,0,61,,104110,7,,,0,20,,104090,9,,,0,30,,104111,7,,,0
4000001,'4_5',645,,104116,9,,,0,58,,104134,7,,,0,17,,104117,9,,,0,18,,104158,7,,,0,63,,104118,9,,,0,20,,104135,7,,,0,21,,104119,9,,,0,60,,104136,7,,,0,21,,104120,9,,,0,20,,104137,7,,,0,59,,104157,9,,,0,20,,104138,7,,,0,20,,104121,9,,,0,60,,104139,7,,,0,21,,104122,9,,,0,19,,104140,7,,,0,58,,104123,9,,,0,22,,104141,7,,,0,20,,104124,9,,,0,60,,104142,7,,,0,19,,104125,9,,,0,20,,104143,7,,,0,60,,104156,9,,,0,21,,104144,7,,,0,19,,104126,9,,,0,59,,104145,7,,,0,20,,104127,9,,,0,20,,104146,7,,,0,18,,104155,9,,,0,60,,104147,7,,,0,17,,104128,9,,,0,20,,104148,7,,,0,59,,104129,9,,,0,23,,104149,7,,,0,21,,104130,9,,,0,62,,104150,7,,,0,22,,104131,9,,,0,61,,104151,7,,,0,22,,104132,9,,,0,20,,104152,7,,,0,61,,104153,7,,,0,20,,104133,9,,,0,30,,104154,7,,,0
4000001,'5_7',902,,104160,9,,,0,110,,104165,7,,,0,110,,104161,9,,,0,110,,104166,7,,,0,110,,104162,9,,,0,110,,104167,7,,,0,150,,104163,9,,,0,110,,104168,7,,,0,110,,104164,9,,,0,110,,104159,7,,,0
