500,'0_4',705,,96373,12,,,0,118,,96361,12,,,0,105,,96362,12,,,0,99,,96363,12,,,0,105,,96364,12,,,0,101,,96365,12,,,0,84,,96366,12,,,0,94,,96367,12,,,0,100,,96368,12,,,0,102,,96369,12,,,0,106,,96370,12,,,0,103,,96375,12,,,0,100,,96371,12,,,0
500,'0_5',705,,96388,12,,,0,118,,96376,12,,,0,105,,96377,12,,,0,99,,96378,12,,,0,105,,96379,12,,,0,101,,96380,12,,,0,84,,96381,12,,,0,94,,96382,12,,,0,100,,96383,12,,,0,102,,96384,12,,,0,106,,96385,12,,,0,103,,96390,12,,,0,100,,96386,12,,,0
500,'1_3',705,,96403,12,,,0,118,,96391,12,,,0,105,,96392,12,,,0,99,,96393,12,,,0,105,,96394,12,,,0,101,,96395,12,,,0,84,,96396,12,,,0,94,,96397,12,,,0,100,,96398,12,,,0,102,,96399,12,,,0,106,,96400,12,,,0,103,,96405,12,,,0,100,,96401,12,,,0
500,'2_6',723,,96417,12,,,0,98,,96406,12,,,0,99,,96407,12,,,0,101,,96408,12,,,0,100,,96409,12,,,0,96,,96410,12,,,0,98,,96411,12,,,0,100,,96412,12,,,0,99,,96413,12,,,0,101,,96414,12,,,0,100,,96415,12,,,0,193,,96416,12,,,0
500,'4_1',705,,96430,12,,,0,118,,96418,12,,,0,105,,96419,12,,,0,99,,96420,12,,,0,105,,96421,12,,,0,101,,96422,12,,,0,84,,96423,12,,,0,94,,96424,12,,,0,100,,96425,12,,,0,102,,96426,12,,,0,106,,96427,12,,,0,103,,96432,12,,,0,100,,96428,12,,,0
500,'4_2',705,,96445,12,,,0,118,,96433,12,,,0,105,,96434,12,,,0,99,,96435,12,,,0,105,,96436,12,,,0,101,,96437,12,,,0,84,,96438,12,,,0,94,,96439,12,,,0,100,,96440,12,,,0,102,,96441,12,,,0,106,,96442,12,,,0,103,,96447,12,,,0,100,,96443,12,,,0
500,'4_4',705,,96460,12,,,0,118,,96448,12,,,0,105,,96449,12,,,0,99,,96450,12,,,0,105,,96451,12,,,0,101,,96452,12,,,0,84,,96453,12,,,0,94,,96454,12,,,0,100,,96455,12,,,0,102,,96456,12,,,0,106,,96457,12,,,0,103,,96462,12,,,0,100,,96458,12,,,0
500,'4_5',705,,96475,12,,,0,118,,96463,12,,,0,105,,96464,12,,,0,99,,96465,12,,,0,105,,96466,12,,,0,101,,96467,12,,,0,84,,96468,12,,,0,94,,96469,12,,,0,100,,96470,12,,,0,102,,96471,12,,,0,106,,96472,12,,,0,103,,96477,12,,,0,100,,96473,12,,,0
2900500,'0_4',658,,102511,12,,,0,145,,102512,12,,,0
2900500,'0_5',658,,102513,12,,,0,145,,102514,12,,,0
2900500,'1_3',658,,102515,12,,,0,145,,102516,12,,,0
2900500,'4_1',658,,102517,12,,,0,145,,102518,12,,,0
2900500,'4_2',658,,102519,12,,,0,145,,102520,12,,,0
2900500,'4_4',658,,102521,12,,,0,145,,102522,12,,,0
2900500,'4_5',658,,102523,12,,,0,145,,102524,12,,,0
