201,'0_4',743,,94986,38,0,62,0,88,,94995,26,0,62,0,88,,94996,38,0,62,0,202,,94988,38,0,62,0,118,,94989,38,0,62,0,20,,95008,17,0,62,0,156,,95010,38,0,62,0,185,,94979,38,0,62,0,47,,95006,17,0,62,0,71,,95005,38,0,62,0,36,,94992,26,0,62,0,65,,94980,38,0,62,0,29,,95003,26,0,62,0,68,,94993,38,0,62,0,41,,94994,38,0,62,0
201,'0_5',743,,95025,38,0,62,0,88,,95034,26,0,62,0,88,,95035,38,0,62,0,202,,95027,38,0,62,0,118,,95028,38,0,62,0,20,,95047,17,0,62,0,156,,95049,38,0,62,0,185,,95018,38,0,62,0,47,,95045,17,0,62,0,71,,95044,38,0,62,0,36,,95031,26,0,62,0,65,,95019,38,0,62,0,29,,95042,26,0,62,0,68,,95032,38,0,62,0,41,,95033,38,0,62,0
201,'1_3',743,,95064,38,0,62,0,88,,95073,26,0,62,0,88,,95074,38,0,62,0,202,,95066,38,0,62,0,118,,95067,38,0,62,0,20,,95086,17,0,62,0,156,,95089,38,0,62,0,185,,95057,38,0,62,0,47,,95084,17,0,62,0,71,,95083,38,0,62,0,36,,95070,26,0,62,0,65,,95058,38,0,62,0,29,,95081,26,0,62,0,68,,95071,38,0,62,0,41,,95072,38,0,62,0
201,'2_6',748,,95115,38,0,62,0,160,,95104,26,0,62,0,126,,95117,38,0,62,0,110,,95118,38,0,64,0,85,,95107,26,0,62,0,107,,95108,26,0,62,0,104,,95109,26,0,62,0,90,,95098,38,0,62,0,103,,95099,38,0,62,0,124,,95112,26,0,62,0,163,,95125,38,0,62,0,33,,95114,26,0,62,0
201,'4_1',743,,95148,38,0,62,0,88,,95157,26,0,62,0,88,,95158,38,0,62,0,202,,95150,38,0,62,0,118,,95151,38,0,62,0,20,,95170,17,0,62,0,156,,95172,38,0,62,0,185,,95141,38,0,62,0,47,,95168,17,0,62,0,71,,95167,38,0,62,0,36,,95154,26,0,62,0,65,,95142,38,0,62,0,29,,95165,26,0,62,0,68,,95155,38,0,62,0,41,,95156,38,0,62,0
201,'4_2',743,,95187,38,0,62,0,88,,95196,26,0,62,0,88,,95197,38,0,62,0,202,,95189,38,0,62,0,118,,95190,38,0,62,0,20,,95209,17,0,62,0,156,,95211,38,0,62,0,185,,95180,38,0,62,0,47,,95207,17,0,62,0,71,,95206,38,0,62,0,36,,95193,26,0,62,0,65,,95181,38,0,62,0,29,,95204,26,0,62,0,68,,95194,38,0,62,0,41,,95195,38,0,62,0
201,'4_4',743,,95226,38,0,62,0,88,,95235,26,0,62,0,88,,95236,38,0,62,0,202,,95228,38,0,62,0,118,,95229,38,0,62,0,20,,95248,17,0,62,0,156,,95250,38,0,62,0,185,,95219,38,0,62,0,47,,95246,17,0,62,0,71,,95245,38,0,62,0,36,,95232,26,0,62,0,65,,95220,38,0,62,0,29,,95243,26,0,62,0,68,,95233,38,0,62,0,41,,95234,38,0,62,0
201,'4_5',743,,95265,38,0,62,0,88,,95274,26,0,62,0,88,,95275,38,0,62,0,202,,95267,38,0,62,0,118,,95268,38,0,62,0,20,,95287,17,0,62,0,156,,95289,38,0,62,0,185,,95258,38,0,62,0,47,,95285,17,0,62,0,71,,95284,38,0,62,0,36,,95271,26,0,62,0,65,,95259,38,0,62,0,29,,95282,26,0,62,0,68,,95272,38,0,62,0,41,,95273,38,0,62,0
2900201,'0_4',1752,,102420,2,,,0,100,,102421,2,,,0
2900201,'0_5',1752,,102422,2,,,0,100,,102423,2,,,0
2900201,'1_3',1752,,102424,2,,,0,100,,102425,2,,,0
2900201,'4_1',1752,,102426,2,,,0,100,,102427,2,,,0
2900201,'4_2',1752,,102428,2,,,0,100,,102429,2,,,0
2900201,'4_4',1752,,102430,2,,,0,100,,102431,2,,,0
2900201,'4_5',1752,,102432,2,,,0,100,,102433,2,,,0
