500,'S2-0_2',704,,86408,11,,,0,118,,86396,11,,,0,105,,86397,11,,,0,99,,86398,11,,,0,105,,86399,11,,,0,101,,86400,11,,,0,84,,86401,11,,,0,94,,86402,11,,,0,100,,86403,11,,,0,102,,86404,11,,,0,106,,86405,11,,,0,103,,86410,11,,,0,100,,86406,11,,,0
500,'S2-0_4',704,,86423,11,,,0,118,,86411,11,,,0,105,,86412,11,,,0,99,,86413,11,,,0,105,,86414,11,,,0,101,,86415,11,,,0,84,,86416,11,,,0,94,,86417,11,,,0,100,,86418,11,,,0,102,,86419,11,,,0,106,,86420,11,,,0,103,,86425,11,,,0,100,,86421,11,,,0
500,'S2-0_5',704,,86438,11,,,0,118,,86426,11,,,0,105,,86427,11,,,0,99,,86428,11,,,0,105,,86429,11,,,0,101,,86430,11,,,0,84,,86431,11,,,0,94,,86432,11,,,0,100,,86433,11,,,0,102,,86434,11,,,0,106,,86435,11,,,0,103,,86440,11,,,0,100,,86436,11,,,0
500,'S2-1_3',704,,86453,11,,,0,118,,86441,11,,,0,105,,86442,11,,,0,99,,86443,11,,,0,105,,86444,11,,,0,101,,86445,11,,,0,84,,86446,11,,,0,94,,86447,11,,,0,100,,86448,11,,,0,102,,86449,11,,,0,106,,86450,11,,,0,103,,86455,11,,,0,100,,86451,11,,,0
500,'S2-2_6',722,,86467,11,,,0,98,,86456,11,,,0,99,,86457,11,,,0,101,,86458,11,,,0,100,,86459,11,,,0,96,,86460,11,,,0,98,,86461,11,,,0,100,,86462,11,,,0,99,,86463,11,,,0,101,,86464,11,,,0,100,,86465,11,,,0,193,,86466,11,,,0
500,'S2-4_1',704,,86480,11,,,0,118,,86468,11,,,0,105,,86469,11,,,0,99,,86470,11,,,0,105,,86471,11,,,0,101,,86472,11,,,0,84,,86473,11,,,0,94,,86474,11,,,0,100,,86475,11,,,0,102,,86476,11,,,0,106,,86477,11,,,0,103,,86482,11,,,0,100,,86478,11,,,0
500,'S2-4_2',704,,86495,11,,,0,118,,86483,11,,,0,105,,86484,11,,,0,99,,86485,11,,,0,105,,86486,11,,,0,101,,86487,11,,,0,84,,86488,11,,,0,94,,86489,11,,,0,100,,86490,11,,,0,102,,86491,11,,,0,106,,86492,11,,,0,103,,86497,11,,,0,100,,86493,11,,,0
500,'S2-4_4',704,,86510,11,,,0,118,,86498,11,,,0,105,,86499,11,,,0,99,,86500,11,,,0,105,,86501,11,,,0,101,,86502,11,,,0,84,,86503,11,,,0,94,,86504,11,,,0,100,,86505,11,,,0,102,,86506,11,,,0,106,,86507,11,,,0,103,,86512,11,,,0,100,,86508,11,,,0
2900500,'S2-0_2',657,,92474,11,,,0,145,,92475,11,,,0
2900500,'S2-0_4',657,,92476,11,,,0,145,,92477,11,,,0
2900500,'S2-0_5',657,,92478,11,,,0,145,,92479,11,,,0
2900500,'S2-1_3',657,,92480,11,,,0,145,,92481,11,,,0
2900500,'S2-4_1',657,,92482,11,,,0,145,,92483,11,,,0
2900500,'S2-4_2',657,,92484,11,,,0,145,,92485,11,,,0
2900500,'S2-4_4',657,,92486,11,,,0,145,,92487,11,,,0
