3000000,'0_4',624,,102673,1,,,0,19,,102672,1,,,0,58,,102632,1,,,0,21,,102633,1,,,0,22,,102634,1,,,0,59,,102635,1,,,0,20,,102636,1,,,0,22,,102637,1,,,0,60,,102638,1,,,0,20,,102639,1,,,0,21,,102640,1,,,0,58,,102641,1,,,0,21,,102642,1,,,0,20,,102643,1,,,0,60,,102644,1,,,0,20,,102645,1,,,0,21,,102646,1,,,0,60,,102647,1,,,0,22,,102648,1,,,0,19,,102649,1,,,0,59,,102650,1,,,0,18,,102651,1,,,0,20,,102652,1,,,0,61,,102653,1,,,0,20,,102654,1,,,0,20,,102655,1,,,0,60,,102656,1,,,0,19,,102657,1,,,0,19,,102658,1,,,0,57,,102659,1,,,0,19,,102660,1,,,0,18,,102661,1,,,0,20,,102662,1,,,0,60,,102663,1,,,0,23,,102664,1,,,0,61,,102665,1,,,0,22,,102666,1,,,0,21,,102667,1,,,0,60,,102668,1,,,0,30,,102669,1,,,0,73,,102670,1,,,0,34,,102671,1,,,0
3000000,'0_5',624,,102719,1,,,0,19,,102718,1,,,0,58,,102678,1,,,0,21,,102679,1,,,0,22,,102680,1,,,0,59,,102681,1,,,0,20,,102682,1,,,0,22,,102683,1,,,0,60,,102684,1,,,0,20,,102685,1,,,0,21,,102686,1,,,0,58,,102687,1,,,0,21,,102688,1,,,0,20,,102689,1,,,0,60,,102690,1,,,0,20,,102691,1,,,0,21,,102692,1,,,0,60,,102693,1,,,0,22,,102694,1,,,0,19,,102695,1,,,0,59,,102696,1,,,0,18,,102697,1,,,0,20,,102698,1,,,0,61,,102699,1,,,0,20,,102700,1,,,0,20,,102701,1,,,0,60,,102702,1,,,0,19,,102703,1,,,0,19,,102704,1,,,0,57,,102705,1,,,0,19,,102706,1,,,0,18,,102707,1,,,0,20,,102708,1,,,0,60,,102709,1,,,0,23,,102710,1,,,0,61,,102711,1,,,0,22,,102712,1,,,0,21,,102713,1,,,0,60,,102714,1,,,0,30,,102715,1,,,0,73,,102716,1,,,0,34,,102717,1,,,0
3000000,'1_3',624,,102765,1,,,0,19,,102764,1,,,0,58,,102724,1,,,0,21,,102725,1,,,0,22,,102726,1,,,0,59,,102727,1,,,0,20,,102728,1,,,0,22,,102729,1,,,0,60,,102730,1,,,0,20,,102731,1,,,0,21,,102732,1,,,0,58,,102733,1,,,0,21,,102734,1,,,0,20,,102735,1,,,0,60,,102736,1,,,0,20,,102737,1,,,0,21,,102738,1,,,0,60,,102739,1,,,0,22,,102740,1,,,0,19,,102741,1,,,0,59,,102742,1,,,0,18,,102743,1,,,0,20,,102744,1,,,0,61,,102745,1,,,0,20,,102746,1,,,0,20,,102747,1,,,0,60,,102748,1,,,0,19,,102749,1,,,0,19,,102750,1,,,0,57,,102751,1,,,0,19,,102752,1,,,0,18,,102753,1,,,0,20,,102754,1,,,0,60,,102755,1,,,0,23,,102756,1,,,0,61,,102757,1,,,0,22,,102758,1,,,0,21,,102759,1,,,0,60,,102760,1,,,0,30,,102761,1,,,0,73,,102762,1,,,0,34,,102763,1,,,0
3000000,'2_6',630,,102770,1,,,0,81,,102771,1,,,0,41,,102772,1,,,0,68,,102773,1,,,0,20,,102774,1,,,0,60,,102775,1,,,0,20,,102776,1,,,0,20,,102777,1,,,0,60,,102778,1,,,0,20,,102779,1,,,0,20,,102780,1,,,0,60,,102781,1,,,0,20,,102782,1,,,0,20,,102783,1,,,0,60,,102784,1,,,0,20,,102785,1,,,0,20,,102786,1,,,0,60,,102787,1,,,0,20,,102788,1,,,0,20,,102789,1,,,0,60,,102790,1,,,0,20,,102791,1,,,0,20,,102792,1,,,0,60,,102793,1,,,0,20,,102794,1,,,0,20,,102795,1,,,0,60,,102796,1,,,0,20,,102797,1,,,0,20,,102798,1,,,0,60,,102799,1,,,0,20,,102800,1,,,0,20,,102801,1,,,0,60,,102802,1,,,0,20,,102803,1,,,0,20,,102804,1,,,0,70,,102805,1,,,0,30,,102806,1,,,0,70,,102807,1,,,0,30,,102808,1,,,0
3000000,'3_7',750,,102810,1,,,0,170,,102811,1,,,0,130,,102818,1,,,0,170,,102817,1,,,0,130,,102816,1,,,0,170,,102814,1,,,0,130,,102815,1,,,0,170,,102813,1,,,0,130,,102812,1,,,0
3000000,'4_1',624,,102865,1,,,0,19,,102864,1,,,0,58,,102824,1,,,0,21,,102825,1,,,0,22,,102826,1,,,0,59,,102827,1,,,0,20,,102828,1,,,0,22,,102829,1,,,0,60,,102830,1,,,0,20,,102831,1,,,0,21,,102832,1,,,0,58,,102833,1,,,0,21,,102834,1,,,0,20,,102835,1,,,0,60,,102836,1,,,0,20,,102837,1,,,0,21,,102838,1,,,0,60,,102839,1,,,0,22,,102840,1,,,0,19,,102841,1,,,0,59,,102842,1,,,0,18,,102843,1,,,0,20,,102844,1,,,0,61,,102845,1,,,0,20,,102846,1,,,0,20,,102847,1,,,0,60,,102848,1,,,0,19,,102849,1,,,0,19,,102850,1,,,0,57,,102851,1,,,0,19,,102852,1,,,0,18,,102853,1,,,0,20,,102854,1,,,0,60,,102855,1,,,0,23,,102856,1,,,0,61,,102857,1,,,0,22,,102858,1,,,0,21,,102859,1,,,0,60,,102860,1,,,0,30,,102861,1,,,0,73,,102862,1,,,0,34,,102863,1,,,0
3000000,'4_2',624,,102911,1,,,0,19,,102910,1,,,0,58,,102870,1,,,0,21,,102871,1,,,0,22,,102872,1,,,0,59,,102873,1,,,0,20,,102874,1,,,0,22,,102875,1,,,0,60,,102876,1,,,0,20,,102877,1,,,0,21,,102878,1,,,0,58,,102879,1,,,0,21,,102880,1,,,0,20,,102881,1,,,0,60,,102882,1,,,0,20,,102883,1,,,0,21,,102884,1,,,0,60,,102885,1,,,0,22,,102886,1,,,0,19,,102887,1,,,0,59,,102888,1,,,0,18,,102889,1,,,0,20,,102890,1,,,0,61,,102891,1,,,0,20,,102892,1,,,0,20,,102893,1,,,0,60,,102894,1,,,0,19,,102895,1,,,0,19,,102896,1,,,0,57,,102897,1,,,0,19,,102898,1,,,0,18,,102899,1,,,0,20,,102900,1,,,0,60,,102901,1,,,0,23,,102902,1,,,0,61,,102903,1,,,0,22,,102904,1,,,0,21,,102905,1,,,0,60,,102906,1,,,0,30,,102907,1,,,0,73,,102908,1,,,0,34,,102909,1,,,0
3000000,'4_4',624,,102957,1,,,0,19,,102956,1,,,0,58,,102916,1,,,0,21,,102917,1,,,0,22,,102918,1,,,0,59,,102919,1,,,0,20,,102920,1,,,0,22,,102921,1,,,0,60,,102922,1,,,0,20,,102923,1,,,0,21,,102924,1,,,0,58,,102925,1,,,0,21,,102926,1,,,0,20,,102927,1,,,0,60,,102928,1,,,0,20,,102929,1,,,0,21,,102930,1,,,0,60,,102931,1,,,0,22,,102932,1,,,0,19,,102933,1,,,0,59,,102934,1,,,0,18,,102935,1,,,0,20,,102936,1,,,0,61,,102937,1,,,0,20,,102938,1,,,0,20,,102939,1,,,0,60,,102940,1,,,0,19,,102941,1,,,0,19,,102942,1,,,0,57,,102943,1,,,0,19,,102944,1,,,0,18,,102945,1,,,0,20,,102946,1,,,0,60,,102947,1,,,0,23,,102948,1,,,0,61,,102949,1,,,0,22,,102950,1,,,0,21,,102951,1,,,0,60,,102952,1,,,0,30,,102953,1,,,0,73,,102954,1,,,0,34,,102955,1,,,0
3000000,'4_5',624,,103003,1,,,0,19,,103002,1,,,0,58,,102962,1,,,0,21,,102963,1,,,0,22,,102964,1,,,0,59,,102965,1,,,0,20,,102966,1,,,0,22,,102967,1,,,0,60,,102968,1,,,0,20,,102969,1,,,0,21,,102970,1,,,0,58,,102971,1,,,0,21,,102972,1,,,0,20,,102973,1,,,0,60,,102974,1,,,0,20,,102975,1,,,0,21,,102976,1,,,0,60,,102977,1,,,0,22,,102978,1,,,0,19,,102979,1,,,0,59,,102980,1,,,0,18,,102981,1,,,0,20,,102982,1,,,0,61,,102983,1,,,0,20,,102984,1,,,0,20,,102985,1,,,0,60,,102986,1,,,0,19,,102987,1,,,0,19,,102988,1,,,0,57,,102989,1,,,0,19,,102990,1,,,0,18,,102991,1,,,0,20,,102992,1,,,0,60,,102993,1,,,0,23,,102994,1,,,0,61,,102995,1,,,0,22,,102996,1,,,0,21,,102997,1,,,0,60,,102998,1,,,0,30,,102999,1,,,0,73,,103000,1,,,0,34,,103001,1,,,0
3000000,'5_7',750,,103009,1,,,0,170,,103010,1,,,0,130,,103017,1,,,0,170,,103016,1,,,0,130,,103015,1,,,0,170,,103013,1,,,0,130,,103014,1,,,0,170,,103012,1,,,0,130,,103011,1,,,0
