301,'0_6',700,,64459,15,,,0,32,,64460,15,,,0,73,,64461,15,,,0,32,,64462,15,,,0,72,,64463,15,,,0,33,,64464,15,,,0,72,,64465,15,,,0,33,,64466,15,,,0,73,,64467,15,,,0,32,,64468,15,,,0,73,,64469,15,,,0,33,,64434,15,,,0,67,,64435,15,,,0,28,,64436,15,,,0,66,,64437,15,,,0,28,,64438,15,,,0,67,,64439,15,,,0,29,,64440,15,,,0,68,,64458,15,,,0,26,,64441,15,,,0,72,,64442,15,,,0,34,,64443,15,,,0,68,,64444,15,,,0,28,,64445,15,,,0,65,,64446,15,,,0,25,,64447,15,,,0,27,,64448,15,,,0,67,,64470,15,,,0,25,,64449,15,,,0,58,,64450,15,0,67 68,0,30,,64451,15,0,67 68,0,70,,64452,15,0,67 68,0,29,,64453,15,0,67 68,0,70,,64454,15,0,67 68,0,30,,64455,15,0,67 68,0,69,,64456,15,0,67 68,0,30,,64457,15,0,67 68,0
301,'1_7',805,,64492,15,,,0,32,,64487,15,,,0,72,,64493,15,,,0,33,,64488,15,,,0,72,,64494,15,,,0,33,,64489,15,,,0,73,,64495,15,,,0,32,,64490,15,,,0,73,,64496,15,,,0,33,,64471,15,,,0,67,,64472,15,,,0,28,,64473,15,,,0,66,,64474,15,,,0,28,,64475,15,,,0,67,,64476,15,,,0,29,,64477,15,,,0,68,,64497,15,,,0,26,,64478,15,,,0,72,,64479,15,,,0,34,,64480,15,,,0,68,,64481,15,,,0,28,,64482,15,,,0,65,,64483,15,,,0,25,,64484,15,,,0,27,,64485,15,,,0,67,,64491,15,,,0,25,,64486,15,,,0
301,'5_1',700,,74141,15,,,0,32,,74142,15,,,0,73,,74143,15,,,0,32,,74144,15,,,0,72,,74145,15,,,0,33,,74146,15,,,0,72,,74147,15,,,0,33,,74148,15,,,0,73,,74149,15,,,0,32,,74150,15,,,0,73,,74151,15,,,0,33,,74124,15,,,0,67,,74125,15,,,0,28,,74126,15,,,0,66,,74127,15,,,0,28,,74128,15,,,0,67,,74129,15,,,0,29,,74130,15,,,0,68,,74140,15,,,0,26,,74131,15,,,0,72,,74132,15,,,0,34,,74133,15,,,0,68,,74134,15,,,0,28,,74135,15,,,0,65,,74136,15,,,0,25,,74137,15,,,0,27,,74138,15,,,0,67,,74152,15,,,0,25,,74139,15,,,0
301,'5_2',700,,75403,15,,,0,32,,75404,15,,,0,73,,75405,15,,,0,32,,75406,15,,,0,72,,75407,15,,,0,33,,75408,15,,,0,72,,75409,15,,,0,33,,75410,15,,,0,73,,75411,15,,,0,32,,75412,15,,,0,73,,75413,15,,,0,33,,75386,15,,,0,67,,75387,15,,,0,28,,75388,15,,,0,66,,75389,15,,,0,28,,75390,15,,,0,67,,75391,15,,,0,29,,75392,15,,,0,68,,75402,15,,,0,26,,75393,15,,,0,72,,75394,15,,,0,34,,75395,15,,,0,68,,75396,15,,,0,28,,75397,15,,,0,65,,75398,15,,,0,25,,75399,15,,,0,27,,75400,15,,,0,67,,75414,15,,,0,25,,75401,15,,,0
301,'5_3',700,,75432,15,,,0,32,,75433,15,,,0,73,,75434,15,,,0,32,,75435,15,,,0,72,,75436,15,,,0,33,,75437,15,,,0,72,,75438,15,,,0,33,,75439,15,,,0,73,,75440,15,,,0,32,,75441,15,,,0,73,,75442,15,,,0,33,,75415,15,,,0,67,,75416,15,,,0,28,,75417,15,,,0,66,,75418,15,,,0,28,,75419,15,,,0,67,,75420,15,,,0,29,,75421,15,,,0,68,,75431,15,,,0,26,,75422,15,,,0,72,,75423,15,,,0,34,,75424,15,,,0,68,,75425,15,,,0,28,,75426,15,,,0,65,,75427,15,,,0,25,,75428,15,,,0,27,,75429,15,,,0,67,,75443,15,,,0,25,,75430,15,,,0
301,'7_1',700,,80398,15,,,0,32,,80399,15,,,0,73,,80400,15,,,0,32,,80401,15,,,0,72,,80402,15,,,0,33,,80403,15,,,0,72,,80404,15,,,0,33,,80405,15,,,0,73,,80406,15,,,0,32,,80407,15,,,0,73,,80408,15,,,0,33,,80381,15,,,0,67,,80382,15,,,0,28,,80383,15,,,0,66,,80384,15,,,0,28,,80385,15,,,0,67,,80386,15,,,0,29,,80387,15,,,0,68,,80397,15,,,0,26,,80388,15,,,0,72,,80389,15,,,0,34,,80390,15,,,0,68,,80391,15,,,0,28,,80392,15,,,0,65,,80393,15,,,0,25,,80394,15,,,0,27,,80395,15,,,0,67,,80409,15,,,0,25,,80396,15,,,0
301,'7_2',700,,82327,15,,,0,32,,82328,15,,,0,73,,82329,15,,,0,32,,82330,15,,,0,72,,82331,15,,,0,33,,82332,15,,,0,72,,82333,15,,,0,33,,82334,15,,,0,73,,82335,15,,,0,32,,82336,15,,,0,73,,82337,15,,,0,33,,82310,15,,,0,67,,82311,15,,,0,28,,82312,15,,,0,66,,82313,15,,,0,28,,82314,15,,,0,67,,82315,15,,,0,29,,82316,15,,,0,68,,82326,15,,,0,26,,82317,15,,,0,72,,82318,15,,,0,34,,82319,15,,,0,68,,82320,15,,,0,28,,82321,15,,,0,65,,82322,15,,,0,25,,82323,15,,,0,27,,82324,15,,,0,67,,82338,15,,,0,25,,82325,15,,,0
301,'7_3',700,,82356,15,,,0,32,,82357,15,,,0,73,,82358,15,,,0,32,,82359,15,,,0,72,,82360,15,,,0,33,,82361,15,,,0,72,,82362,15,,,0,33,,82363,15,,,0,73,,82364,15,,,0,32,,82365,15,,,0,73,,82366,15,,,0,33,,82339,15,,,0,67,,82340,15,,,0,28,,82341,15,,,0,66,,82342,15,,,0,28,,82343,15,,,0,67,,82344,15,,,0,29,,82345,15,,,0,68,,82355,15,,,0,26,,82346,15,,,0,72,,82347,15,,,0,34,,82348,15,,,0,68,,82349,15,,,0,28,,82350,15,,,0,65,,82351,15,,,0,25,,82352,15,,,0,27,,82353,15,,,0,67,,82367,15,,,0,25,,82354,15,,,0
301,'7_4',700,,79280,15,,,0,32,,79281,15,,,0,73,,79282,15,,,0,32,,79283,15,,,0,72,,79284,15,,,0,33,,79285,15,,,0,72,,79286,15,,,0,33,,79287,15,,,0,73,,79288,15,,,0,32,,79289,15,,,0,73,,79290,15,,,0,33,,79263,15,,,0,67,,79264,15,,,0,28,,79265,15,,,0,66,,79266,15,,,0,28,,79267,15,,,0,67,,79268,15,,,0,29,,79269,15,,,0,68,,79279,15,,,0,26,,79270,15,,,0,72,,79271,15,,,0,34,,79272,15,,,0,68,,79273,15,,,0,28,,79274,15,,,0,65,,79275,15,,,0,25,,79276,15,,,0,27,,79277,15,,,0,67,,79291,15,,,0,25,,79278,15,,,0
301,'7_5',700,,80435,15,,,0,32,,80436,15,,,0,73,,80437,15,,,0,32,,80438,15,,,0,72,,80439,15,,,0,33,,80440,15,,,0,72,,80441,15,,,0,33,,80442,15,,,0,73,,80443,15,,,0,32,,80444,15,,,0,73,,80445,15,,,0,33,,80410,15,,,0,67,,80411,15,,,0,28,,80412,15,,,0,66,,80413,15,,,0,28,,80414,15,,,0,67,,80415,15,,,0,29,,80416,15,,,0,68,,80434,15,,,0,26,,80417,15,,,0,72,,80418,15,,,0,34,,80419,15,,,0,68,,80420,15,,,0,28,,80421,15,,,0,65,,80422,15,,,0,25,,80423,15,,,0,27,,80424,15,,,0,67,,80446,15,,,0,25,,80425,15,,,0,58,,80426,15,0,67 68,0,30,,80427,15,0,67 68,0,70,,80428,15,0,67 68,0,29,,80429,15,0,67 68,0,70,,80430,15,0,67 68,0,30,,80431,15,0,67 68,0,69,,80432,15,0,67 68,0,30,,80433,15,0,67 68,0
