100,'1_3',744,,94171,47,0,61 8,0,56,,94168,47,0,61 8,0,15,,94172,47,0,61 8,0,13,,94159,47,,,0,13,,94178,47,0,61 8,0,69,,94173,47,0,61 8,0,27,,94160,47,0,61 8,0,78,,94174,47,0,61 8,0,38,,94161,47,0,61 8,0,80,,94175,47,0,61 8,0,80,,94162,47,0,61 8,0,18,,94179,47,,,0,19,,94190,24,,,0,3,,94180,47,,,0,72,,94163,47,0,61 8,0,24,,94176,47,0,61 8,0,66,,94164,47,0,61 8,0,35,,94177,47,0,61 8,0,81,,94165,47,0,61 8,0,26,,94181,47,,,0,77,,94170,47,0,61 8,0,20,,94182,47,,,0,55,,94187,24,0,61 8,0,25,,94183,47,,,0,11,,94166,47,0,61 8,0,57,,94184,47,,,0,17,,94167,47,0,61 8,0,12,,94185,47,,,0,24,,94157,47,,,0,73,,94186,47,0,61 8,0,74,,94158,47,,,0
100,'2_6',741,,94192,47,0,61 8,0,109,,94204,47,0,61 8,0,95,,94193,47,0,61 8,0,70,,94205,47,0,61 8,0,30,,94194,47,0,61 8,0,72,,94206,47,0,61 8,0,30,,94195,47,0,61 8,0,69,,94207,47,0,61 8,0,30,,94196,47,0,61 8,0,68,,94208,47,0,61 8,0,31,,94197,47,0,61 8,0,70,,94209,47,0,61 8,0,30,,94198,47,0,61 8,0,70,,94210,47,0,61 8,0,30,,94199,47,0,61 8,0,72,,94211,47,0,61 8,0,32,,94200,47,0,61 8,0,72,,94212,47,0,61 8,0,31,,94201,47,0,61 8,0,68,,94213,47,0,61 8,0,27,,94202,47,0,61 8,0,71,,94214,47,0,61 8,0,28,,94203,47,0,61 8,0
100,'3_7',943,,94215,47,0,61 8,0,104,,94220,47,0,61 8,0,106,,94216,47,0,61 8,0,104,,94221,47,0,61 8,0,90,,94217,47,0,61 8,0,100,,94222,47,0,61 8,0,106,,94218,47,0,61 8,0,105,,94223,47,0,61 8,0,144,,94219,47,0,61 8,0,105,,94224,47,0,61 8,0
100,'4_1',744,,94239,47,0,61 8,0,56,,94236,47,0,61 8,0,15,,94240,47,0,61 8,0,13,,94227,47,,,0,13,,94246,47,0,61 8,0,69,,94241,47,0,61 8,0,27,,94228,47,0,61 8,0,78,,94242,47,0,61 8,0,38,,94229,47,0,61 8,0,80,,94243,47,0,61 8,0,80,,94230,47,0,61 8,0,18,,94247,47,,,0,22,,94248,47,,,0,72,,94231,47,0,61 8,0,24,,94244,47,0,61 8,0,66,,94232,47,0,61 8,0,35,,94245,47,0,61 8,0,81,,94233,47,0,61 8,0,26,,94249,47,,,0,77,,94238,47,0,61 8,0,20,,94250,47,,,0,55,,94255,24,0,61 8,0,25,,94251,47,,,0,11,,94234,47,0,61 8,0,12,,94258,31,,,0,45,,94252,47,,,0,17,,94235,47,0,61 8,0,12,,94253,47,,,0,6,,94259,31,,,0,18,,94225,47,,,0,73,,94254,47,0,61 8,0,74,,94226,47,,,0
100,'4_2',744,,94274,47,0,61 8,0,56,,94271,47,0,61 8,0,15,,94275,47,0,61 8,0,13,,94262,47,,,0,13,,94281,47,0,61 8,0,69,,94276,47,0,61 8,0,27,,94263,47,0,61 8,0,78,,94277,47,0,61 8,0,38,,94264,47,0,61 8,0,80,,94278,47,0,61 8,0,80,,94265,47,0,61 8,0,18,,94282,47,,,0,22,,94283,47,,,0,72,,94266,47,0,61 8,0,24,,94279,47,0,61 8,0,66,,94267,47,0,61 8,0,35,,94280,47,0,61 8,0,81,,94268,47,0,61 8,0,26,,94284,47,,,0,77,,94273,47,0,61 8,0,20,,94285,47,,,0,55,,94290,24,0,61 8,0,25,,94286,47,,,0,11,,94269,47,0,61 8,0,12,,94293,31,,,0,45,,94287,47,,,0,17,,94270,47,0,61 8,0,12,,94288,47,,,0,6,,94294,31,,,0,18,,94260,47,,,0,73,,94289,47,0,61 8,0,74,,94261,47,,,0
100,'4_4',744,,94309,47,0,61 8,0,56,,94306,47,0,61 8,0,15,,94310,47,0,61 8,0,13,,94297,47,,,0,13,,94316,47,0,61 8,0,69,,94311,47,0,61 8,0,27,,94298,47,0,61 8,0,78,,94312,47,0,61 8,0,38,,94299,47,0,61 8,0,80,,94313,47,0,61 8,0,80,,94300,47,0,61 8,0,18,,94317,47,,,0,22,,94318,47,,,0,72,,94301,47,0,61 8,0,24,,94314,47,0,61 8,0,66,,94302,47,0,61 8,0,35,,94315,47,0,61 8,0,81,,94303,47,0,61 8,0,26,,94319,47,,,0,77,,94308,47,0,61 8,0,20,,94320,47,,,0,55,,94325,24,0,61 8,0,25,,94321,47,,,0,11,,94304,47,0,61 8,0,12,,94328,31,,,0,45,,94322,47,,,0,17,,94305,47,0,61 8,0,12,,94323,47,,,0,6,,94329,31,,,0,18,,94295,47,,,0,73,,94324,47,0,61 8,0,74,,94296,47,,,0
100,'4_5',744,,94344,47,0,61 8,0,56,,94341,47,0,61 8,0,15,,94345,47,0,61 8,0,13,,94332,47,,,0,13,,94351,47,0,61 8,0,69,,94346,47,0,61 8,0,27,,94333,47,0,61 8,0,78,,94347,47,0,61 8,0,38,,94334,47,0,61 8,0,80,,94348,47,0,61 8,0,80,,94335,47,0,61 8,0,18,,94352,47,,,0,22,,94353,47,,,0,72,,94336,47,0,61 8,0,24,,94349,47,0,61 8,0,66,,94337,47,0,61 8,0,35,,94350,47,0,61 8,0,81,,94338,47,0,61 8,0,26,,94354,47,,,0,77,,94343,47,0,61 8,0,20,,94355,47,,,0,55,,94360,24,0,61 8,0,25,,94356,47,,,0,11,,94339,47,0,61 8,0,12,,94363,31,,,0,45,,94357,47,,,0,17,,94340,47,0,61 8,0,12,,94358,47,,,0,6,,94364,31,,,0,18,,94330,47,,,0,73,,94359,47,0,61 8,0,74,,94331,47,,,0
100,'5_7',943,,94365,47,0,61 8,0,104,,94370,47,0,61 8,0,106,,94366,47,0,61 8,0,104,,94371,47,0,61 8,0,90,,94367,47,0,61 8,0,100,,94372,47,0,61 8,0,106,,94368,47,0,61 8,0,105,,94373,47,0,61 8,0,144,,94369,47,0,61 8,0,105,,94374,47,0,61 8,0
101,'1_3',657,,94441,15,0,6,0,49,,94471,9,0,7,0,19,,94442,15,0,6,0,13,,94469,9,0,5,0,15,,94443,15,0,6,0,58,,94472,15,0,5,0,14,,94456,9,0,7,0,28,,94447,9,0,6,0,81,,94457,15,0,5,0,75,,94448,9,0,6,0,40,,94460,9,0,5,0,76,,94449,9,0,6,0,29,,94461,9,0,5,0,60,,94450,9,0,6,0,35,,94462,9,0,5,0,78,,94444,15,0,6,0,27,,94458,15,0,5,0,70,,94451,9,0,6,0,25,,94463,9,0,5,0,74,,94452,9,0,6,0,20,,94464,9,0,5,0,65,,94453,9,0,6,0,30,,94454,9,0,6,0,20,,94459,15,0,5,0,58,,94455,9,0,6,0,25,,94465,9,0,5,0,59,,94445,15,0,6,0,20,,94466,9,0,5,0,30,,94446,15,0,6,0,75,,94467,9,0,5,0
101,'2_6',659,,94474,9,0,5,0,151,,94475,9,0,5,0,108,,94476,9,0,5,0,30,,94487,9,0,6,0,69,,94477,9,0,5,0,31,,94488,9,0,6,0,70,,94478,9,0,5,0,30,,94489,9,0,6,0,70,,94479,9,0,5,0,30,,94490,9,0,6,0,70,,94480,9,0,5,0,29,,94491,9,0,6,0,69,,94481,9,0,5,0,30,,94492,9,0,6,0,70,,94482,9,0,5,0,32,,94493,9,0,6,0,70,,94483,9,0,5,0,29,,94494,9,0,6,0,73,,94484,9,0,5,0,30,,94495,9,0,6,0,79,,94485,9,0,5,0,25,,94496,9,0,6,0,67,,94486,9,0,5,0
101,'3_7',905,,94497,9,0,6,0,105,,94502,9,0,5,0,105,,94498,9,0,6,0,105,,94503,9,0,5,0,105,,94499,9,0,6,0,90,,94504,9,0,5,0,100,,94500,9,0,6,0,105,,94505,9,0,5,0,105,,94501,9,0,6,0,105,,94506,9,0,5,0
101,'4_1',657,,94507,15,0,6,0,49,,94537,9,0,7,0,19,,94508,15,0,6,0,13,,94535,9,0,5,0,15,,94509,15,0,6,0,58,,94538,15,0,5,0,14,,94522,9,0,7,0,28,,94513,9,0,6,0,81,,94523,15,0,5,0,75,,94514,9,0,6,0,40,,94526,9,0,5,0,76,,94515,9,0,6,0,29,,94527,9,0,5,0,60,,94516,9,0,6,0,35,,94528,9,0,5,0,78,,94510,15,0,6,0,27,,94524,15,0,5,0,70,,94517,9,0,6,0,25,,94529,9,0,5,0,74,,94518,9,0,6,0,20,,94530,9,0,5,0,65,,94519,9,0,6,0,30,,94520,9,0,6,0,20,,94525,15,0,5,0,58,,94521,9,0,6,0,25,,94531,9,0,5,0,59,,94511,15,0,6,0,20,,94532,9,0,5,0,30,,94512,15,0,6,0,75,,94533,9,0,5,0
101,'4_2',657,,94540,15,0,6,0,49,,94570,9,0,7,0,19,,94541,15,0,6,0,13,,94568,9,0,5,0,15,,94542,15,0,6,0,58,,94571,15,0,5,0,14,,94555,9,0,7,0,28,,94546,9,0,6,0,81,,94556,15,0,5,0,75,,94547,9,0,6,0,40,,94559,9,0,5,0,76,,94548,9,0,6,0,29,,94560,9,0,5,0,60,,94549,9,0,6,0,35,,94561,9,0,5,0,78,,94543,15,0,6,0,27,,94557,15,0,5,0,70,,94550,9,0,6,0,25,,94562,9,0,5,0,74,,94551,9,0,6,0,20,,94563,9,0,5,0,65,,94552,9,0,6,0,30,,94553,9,0,6,0,20,,94558,15,0,5,0,58,,94554,9,0,6,0,25,,94564,9,0,5,0,59,,94544,15,0,6,0,20,,94565,9,0,5,0,30,,94545,15,0,6,0,75,,94566,9,0,5,0
101,'4_4',657,,94573,15,0,6,0,49,,94603,9,0,7,0,19,,94574,15,0,6,0,13,,94601,9,0,5,0,15,,94575,15,0,6,0,58,,94604,15,0,5,0,14,,94588,9,0,7,0,28,,94579,9,0,6,0,81,,94589,15,0,5,0,75,,94580,9,0,6,0,40,,94592,9,0,5,0,76,,94581,9,0,6,0,29,,94593,9,0,5,0,60,,94582,9,0,6,0,35,,94594,9,0,5,0,78,,94576,15,0,6,0,27,,94590,15,0,5,0,70,,94583,9,0,6,0,25,,94595,9,0,5,0,74,,94584,9,0,6,0,20,,94596,9,0,5,0,65,,94585,9,0,6,0,30,,94586,9,0,6,0,20,,94591,15,0,5,0,58,,94587,9,0,6,0,25,,94597,9,0,5,0,59,,94577,15,0,6,0,20,,94598,9,0,5,0,30,,94578,15,0,6,0,75,,94599,9,0,5,0
101,'4_5',657,,94606,15,0,6,0,49,,94636,9,0,7,0,19,,94607,15,0,6,0,13,,94634,9,0,5,0,15,,94608,15,0,6,0,58,,94637,15,0,5,0,14,,94621,9,0,7,0,28,,94612,9,0,6,0,81,,94622,15,0,5,0,75,,94613,9,0,6,0,40,,94625,9,0,5,0,76,,94614,9,0,6,0,29,,94626,9,0,5,0,60,,94615,9,0,6,0,35,,94627,9,0,5,0,78,,94609,15,0,6,0,27,,94623,15,0,5,0,70,,94616,9,0,6,0,25,,94628,9,0,5,0,74,,94617,9,0,6,0,20,,94629,9,0,5,0,65,,94618,9,0,6,0,30,,94619,9,0,6,0,20,,94624,15,0,5,0,58,,94620,9,0,6,0,25,,94630,9,0,5,0,59,,94610,15,0,6,0,20,,94631,9,0,5,0,30,,94611,15,0,6,0,75,,94632,9,0,5,0
101,'5_7',905,,94639,9,0,6,0,105,,94644,9,0,5,0,105,,94640,9,0,6,0,105,,94645,9,0,5,0,105,,94641,9,0,6,0,90,,94646,9,0,5,0,100,,94642,9,0,6,0,105,,94647,9,0,5,0,105,,94643,9,0,6,0,105,,94648,9,0,5,0
