1100,'0_4',649,,97703,11,,,0,160,,97704,11,,,0,922,,97705,11,,,0,111,,97706,11,,,0
1100,'0_5',649,,97707,11,,,0,160,,97708,11,,,0,922,,97709,11,,,0,111,,97710,11,,,0
1100,'1_3',649,,97711,11,,,0,160,,97712,11,,,0,922,,97713,11,,,0,111,,97714,11,,,0
1100,'2_6',649,,97715,11,,,0,160,,97716,11,,,0,905,,97717,11,,,0,119,,97718,11,,,0
1100,'4_1',649,,97719,11,,,0,160,,97720,11,,,0,922,,97721,11,,,0,111,,97722,11,,,0
1100,'4_2',649,,97723,11,,,0,160,,97724,11,,,0,922,,97725,11,,,0,111,,97726,11,,,0
1100,'4_4',649,,97727,11,,,0,160,,97728,11,,,0,922,,97729,11,,,0,111,,97730,11,,,0
1100,'4_5',649,,97731,11,,,0,160,,97732,11,,,0,922,,97733,11,,,0,111,,97734,11,,,0
1101,'0_4',1702,,97735,14,,,0,112,,97736,14,,,0,103,,97737,14,,,0
1101,'0_5',1702,,97738,14,,,0,112,,97739,14,,,0,103,,97740,14,,,0
1101,'1_3',1702,,97741,14,,,0,112,,97742,14,,,0,103,,97743,14,,,0
1101,'2_6',1645,,97744,13,,,0,159,,97745,13,,,0
1101,'4_1',1702,,97746,14,,,0,112,,97747,14,,,0,103,,97748,14,,,0
1101,'4_2',1702,,97749,14,,,0,112,,97750,14,,,0,103,,97751,14,,,0
1101,'4_4',1702,,97752,14,,,0,112,,97753,14,,,0,103,,97754,14,,,0
1101,'4_5',1702,,97755,14,,,0,112,,97756,14,,,0,103,,97757,14,,,0
