900,'1_3',636,,97244,2,,,0,68,,97245,2,,,0,41,,97249,8,,,0,65,,97251,9,,,0,44,,97246,2,,,0,89,,97252,9,,,0,94,,97253,5,0,50,0,93,,97254,5,,,0,105,,97255,5,,,0,70,,97247,2,,,0,130,,97258,10,,,0,84,,97256,5,,,0,110,,97257,5,,,0,72,,97248,2,,,0,130,,97259,10,,,0,78,,97260,2,0,50,0
900,'2_6',646,,97264,5,,,0,98,,97265,5,,,0,158,,97263,5,0,50,0,156,,97266,5,,,0,176,,97272,6,0,50,0,188,,97267,5,,,0,323,,97268,6,,,0,94,,97269,5,,,0
900,'4_1',636,,97275,2,,,0,68,,97276,2,,,0,41,,97280,8,,,0,65,,97282,9,,,0,44,,97277,2,,,0,89,,97283,9,,,0,94,,97284,5,0,50,0,93,,97285,5,,,0,105,,97286,5,,,0,70,,97278,2,,,0,130,,97289,10,,,0,84,,97287,5,,,0,110,,97288,5,,,0,72,,97279,2,,,0,130,,97290,10,,,0,78,,97291,2,0,50,0
900,'4_2',636,,97294,2,,,0,68,,97295,2,,,0,41,,97299,8,,,0,65,,97301,9,,,0,44,,97296,2,,,0,89,,97302,9,,,0,94,,97303,5,0,50,0,93,,97304,5,,,0,105,,97305,5,,,0,70,,97297,2,,,0,130,,97308,10,,,0,84,,97306,5,,,0,110,,97307,5,,,0,72,,97298,2,,,0,130,,97309,10,,,0,78,,97310,2,0,50,0
900,'4_4',636,,97313,2,,,0,68,,97314,2,,,0,41,,97318,8,,,0,65,,97320,9,,,0,44,,97315,2,,,0,89,,97321,9,,,0,94,,97322,5,0,50,0,93,,97323,5,,,0,105,,97324,5,,,0,70,,97316,2,,,0,130,,97327,10,,,0,84,,97325,5,,,0,110,,97326,5,,,0,72,,97317,2,,,0,130,,97328,10,,,0,78,,97329,2,0,50,0
900,'4_5',636,,97332,2,,,0,68,,97333,2,,,0,41,,97337,8,,,0,65,,97339,9,,,0,44,,97334,2,,,0,89,,97340,9,,,0,94,,97341,5,0,50,0,93,,97342,5,,,0,105,,97343,5,,,0,70,,97335,2,,,0,130,,97346,10,,,0,84,,97344,5,,,0,110,,97345,5,,,0,72,,97336,2,,,0,130,,97347,10,,,0,78,,97348,2,0,50,0
2900900,'1_3',652,,102572,2,,,0,100,,102573,2,,,0
2900900,'4_1',652,,102574,2,,,0,100,,102575,2,,,0
2900900,'4_2',652,,102576,2,,,0,100,,102577,2,,,0
2900900,'4_4',652,,102578,2,,,0,100,,102579,2,,,0
2900900,'4_5',652,,102580,2,,,0,100,,102581,2,,,0
