200,'0_6',805,,63326,36,0,35 37,0,105,,63327,36,0,35 37,0,106,,63328,27,0,35 37,0,106,,63329,36,0,35 37,0,109,,63330,36,0,35 37,0,100,,63331,27,0,35 37,0,102,,63332,36,0,35 37,0,102,,63333,36,0,35 37,0,112,,63334,36,0,35 37,0,102,,63335,36,0,35 37,0,94,,63349,36,0,35 37,0,89,,63336,39,0,35 37,0
200,'5_1',805,,74034,36,0,35 37,0,105,,74035,36,0,35 37,0,106,,74036,27,0,35 37,0,106,,74037,36,0,35 37,0,109,,74038,36,0,35 37,0,100,,74039,27,0,35 37,0,102,,74040,36,0,35 37,0,102,,74041,36,0,35 37,0,112,,74042,36,0,35 37,0,102,,74043,36,0,35 37,0,94,,74057,36,0,35 37,0,89,,74044,39,0,35 37,0
200,'5_2',805,,75094,36,0,35 37,0,105,,75095,36,0,35 37,0,106,,75096,27,0,35 37,0,106,,75097,36,0,35 37,0,109,,75098,36,0,35 37,0,100,,75099,27,0,35 37,0,102,,75100,36,0,35 37,0,102,,75101,36,0,35 37,0,112,,75102,36,0,35 37,0,102,,75103,36,0,35 37,0,94,,75117,36,0,35 37,0,89,,75104,39,0,35 37,0
200,'5_3',805,,75129,36,0,35 37,0,105,,75130,36,0,35 37,0,106,,75131,27,0,35 37,0,106,,75132,36,0,35 37,0,109,,75133,36,0,35 37,0,100,,75134,27,0,35 37,0,102,,75135,36,0,35 37,0,102,,75136,36,0,35 37,0,112,,75137,36,0,35 37,0,102,,75138,36,0,35 37,0,94,,75152,36,0,35 37,0,89,,75139,39,0,35 37,0
200,'7_1',805,,80183,36,0,35 37,0,105,,80184,36,0,35 37,0,106,,80185,27,0,35 37,0,106,,80186,36,0,35 37,0,109,,80187,36,0,35 37,0,100,,80188,27,0,35 37,0,102,,80189,36,0,35 37,0,102,,80190,36,0,35 37,0,112,,80191,36,0,35 37,0,102,,80192,36,0,35 37,0,94,,80206,36,0,35 37,0,89,,80193,39,0,35 37,0
200,'7_2',805,,82119,36,0,35 37,0,105,,82120,36,0,35 37,0,106,,82121,27,0,35 37,0,106,,82122,36,0,35 37,0,109,,82123,36,0,35 37,0,100,,82124,27,0,35 37,0,102,,82125,36,0,35 37,0,102,,82126,36,0,35 37,0,112,,82127,36,0,35 37,0,102,,82128,36,0,35 37,0,94,,82142,36,0,35 37,0,89,,82129,39,0,35 37,0
200,'7_3',805,,82154,36,0,35 37,0,105,,82155,36,0,35 37,0,106,,82156,27,0,35 37,0,106,,82157,36,0,35 37,0,109,,82158,36,0,35 37,0,100,,82159,27,0,35 37,0,102,,82160,36,0,35 37,0,102,,82161,36,0,35 37,0,112,,82162,36,0,35 37,0,102,,82163,36,0,35 37,0,94,,82177,36,0,35 37,0,89,,82164,39,0,35 37,0
200,'7_4',805,,79173,36,0,35 37,0,105,,79174,36,0,35 37,0,106,,79175,27,0,35 37,0,106,,79176,36,0,35 37,0,109,,79177,36,0,35 37,0,100,,79178,27,0,35 37,0,102,,79179,36,0,35 37,0,102,,79180,36,0,35 37,0,112,,79181,36,0,35 37,0,102,,79182,36,0,35 37,0,94,,79196,36,0,35 37,0,89,,79183,39,0,35 37,0
200,'7_5',805,,80218,36,0,35 37,0,105,,80219,36,0,35 37,0,106,,80220,27,0,35 37,0,106,,80221,36,0,35 37,0,109,,80222,36,0,35 37,0,100,,80223,27,0,35 37,0,102,,80224,36,0,35 37,0,102,,80225,36,0,35 37,0,112,,80226,36,0,35 37,0,102,,80227,36,0,35 37,0,94,,80241,36,0,35 37,0,89,,80228,39,0,35 37,0
201,'0_6',703,,63705,8,0,62,0,141,,63706,8,0,20,0,100,,63707,8,0,62,0,110,,63708,8,0,64,0,151,,63709,8,0,20,0,104,,63710,8,0,20,0,105,,63711,8,0,20,0,105,,63712,8,0,20,0,101,,63713,8,0,20,0,103,,63714,8,0,20,0,105,,63715,8,0,62,0,94,,63716,8,0,21,0
201,'5_1',703,,74082,8,0,62,0,141,,74083,8,0,20,0,100,,74084,8,0,62,0,110,,74085,8,0,64,0,151,,74086,8,0,20,0,104,,74087,8,0,20,0,105,,74088,8,0,20,0,105,,74089,8,0,20,0,101,,74090,8,0,20,0,103,,74091,8,0,20,0,105,,74092,8,0,62,0,94,,74093,8,0,21,0
201,'5_2',703,,75212,8,0,62,0,141,,75213,8,0,20,0,100,,75214,8,0,62,0,110,,75215,8,0,64,0,151,,75216,8,0,20,0,104,,75217,8,0,20,0,105,,75218,8,0,20,0,105,,75219,8,0,20,0,101,,75220,8,0,20,0,103,,75221,8,0,20,0,105,,75222,8,0,62,0,94,,75223,8,0,21,0
201,'5_3',703,,75248,8,0,62,0,141,,75249,8,0,20,0,100,,75250,8,0,62,0,110,,75251,8,0,64,0,151,,75252,8,0,20,0,104,,75253,8,0,20,0,105,,75254,8,0,20,0,105,,75255,8,0,20,0,101,,75256,8,0,20,0,103,,75257,8,0,20,0,105,,75258,8,0,62,0,94,,75259,8,0,21,0
201,'7_1',703,,80266,8,0,62,0,141,,80267,8,0,20,0,100,,80268,8,0,62,0,110,,80269,8,0,64,0,151,,80270,8,0,20,0,104,,80271,8,0,20,0,105,,80272,8,0,20,0,105,,80273,8,0,20,0,101,,80274,8,0,20,0,103,,80275,8,0,20,0,105,,80276,8,0,62,0,94,,80277,8,0,21,0
201,'7_2',703,,82202,8,0,62,0,141,,82203,8,0,20,0,100,,82204,8,0,62,0,110,,82205,8,0,64,0,151,,82206,8,0,20,0,104,,82207,8,0,20,0,105,,82208,8,0,20,0,105,,82209,8,0,20,0,101,,82210,8,0,20,0,103,,82211,8,0,20,0,105,,82212,8,0,62,0,94,,82213,8,0,21,0
201,'7_3',703,,82238,8,0,62,0,141,,82239,8,0,20,0,100,,82240,8,0,62,0,110,,82241,8,0,64,0,151,,82242,8,0,20,0,104,,82243,8,0,20,0,105,,82244,8,0,20,0,105,,82245,8,0,20,0,101,,82246,8,0,20,0,103,,82247,8,0,20,0,105,,82248,8,0,62,0,94,,82249,8,0,21,0
201,'7_4',703,,79221,8,0,62,0,141,,79222,8,0,20,0,100,,79223,8,0,62,0,110,,79224,8,0,64,0,151,,79225,8,0,20,0,104,,79226,8,0,20,0,105,,79227,8,0,20,0,105,,79228,8,0,20,0,101,,79229,8,0,20,0,103,,79230,8,0,20,0,105,,79231,8,0,62,0,94,,79232,8,0,21,0
201,'7_5',703,,80302,8,0,62,0,141,,80303,8,0,20,0,100,,80304,8,0,62,0,110,,80305,8,0,64,0,151,,80306,8,0,20,0,104,,80307,8,0,20,0,105,,80308,8,0,20,0,105,,80309,8,0,20,0,101,,80310,8,0,20,0,103,,80311,8,0,20,0,105,,80312,8,0,62,0,94,,80313,8,0,21,0
