901,'S2-0_2',750,,87385,15,0,26,0,66,,87386,15,0,27 63,0,103,,87391,15,0,23 24,0,193,,87392,15,0,23 24,0,106,,87387,15,0,27 63,0,141,,87393,15,0,23 24,0,152,,87394,15,0,23 24,0,109,,87388,15,0,27 63,0,102,,87389,15,0,27 63,0,95,,87390,15,0,27 63,0,126,,87400,15,,,0
901,'S2-0_4',750,,87401,15,0,26,0,66,,87402,15,0,27 63,0,103,,87407,15,0,23 24,0,193,,87408,15,0,23 24,0,106,,87403,15,0,27 63,0,141,,87409,15,0,23 24,0,152,,87410,15,0,23 24,0,109,,87404,15,0,27 63,0,102,,87405,15,0,27 63,0,95,,87406,15,0,27 63,0,126,,87416,15,,,0
901,'S2-0_5',750,,87417,15,0,26,0,66,,87418,15,0,27 63,0,103,,87423,15,0,23 24,0,193,,87424,15,0,23 24,0,106,,87419,15,0,27 63,0,141,,87425,15,0,23 24,0,152,,87426,15,0,23 24,0,109,,87420,15,0,27 63,0,102,,87421,15,0,27 63,0,95,,87422,15,0,27 63,0,126,,87432,15,,,0
901,'S2-1_3',750,,87433,15,0,26,0,66,,87434,15,0,27 63,0,103,,87439,15,0,23 24,0,193,,87440,15,0,23 24,0,106,,87435,15,0,27 63,0,141,,87441,15,0,23 24,0,152,,87442,15,0,23 24,0,109,,87436,15,0,27 63,0,102,,87437,15,0,27 63,0,95,,87438,15,0,27 63,0,126,,87448,15,,,0
901,'S2-2_6',748,,87449,15,0,23 24,0,99,,87461,15,0,25,0,367,,87459,15,0,25,0,319,,87457,15,0,25,0,82,,87450,15,0,23 24,0,105,,87451,15,0,23 24,0,133,,87452,15,0,23 24,0,90,,87453,15,0,23 24,0
901,'S2-4_1',750,,87462,15,0,26,0,66,,87463,15,0,27 63,0,103,,87468,15,0,23 24,0,193,,87469,15,0,23 24,0,106,,87464,15,0,27 63,0,141,,87470,15,0,23 24,0,152,,87471,15,0,23 24,0,109,,87465,15,0,27 63,0,102,,87466,15,0,27 63,0,95,,87467,15,0,27 63,0,126,,87477,15,,,0
901,'S2-4_2',750,,87478,15,0,26,0,66,,87479,15,0,27 63,0,103,,87484,15,0,23 24,0,193,,87485,15,0,23 24,0,106,,87480,15,0,27 63,0,141,,87486,15,0,23 24,0,152,,87487,15,0,23 24,0,109,,87481,15,0,27 63,0,102,,87482,15,0,27 63,0,95,,87483,15,0,27 63,0,126,,87493,15,,,0
901,'S2-4_4',750,,87494,15,0,26,0,66,,87495,15,0,27 63,0,103,,87500,15,0,23 24,0,193,,87501,15,0,23 24,0,106,,87496,15,0,27 63,0,141,,87502,15,0,23 24,0,152,,87503,15,0,23 24,0,109,,87497,15,0,27 63,0,102,,87498,15,0,27 63,0,95,,87499,15,0,27 63,0,126,,87509,15,,,0
1001,'S2-0_2',757,,87628,10,,,0,100,,87630,10,,,0,86,,87631,10,,,0,79,,87635,8,,,0,86,,87632,10,,,0,50,,87636,8,,,0,82,,87637,8,,,0,71,,87638,8,,,0,101,,87629,10,,,0,38,,87639,8,,,0,184,,87640,10,,,0,316,,87634,10,,,0
1001,'S2-0_4',757,,87642,10,,,0,100,,87644,10,,,0,86,,87645,10,,,0,79,,87649,8,,,0,86,,87646,10,,,0,50,,87650,8,,,0,82,,87651,8,,,0,71,,87652,8,,,0,101,,87643,10,,,0,38,,87653,8,,,0,184,,87654,10,,,0,316,,87648,10,,,0
1001,'S2-0_5',757,,87656,10,,,0,100,,87658,10,,,0,86,,87659,10,,,0,79,,87663,8,,,0,86,,87660,10,,,0,50,,87664,8,,,0,82,,87665,8,,,0,71,,87666,8,,,0,101,,87657,10,,,0,38,,87667,8,,,0,184,,87668,10,,,0,316,,87662,10,,,0
1001,'S2-1_3',757,,87670,10,,,0,100,,87672,10,,,0,86,,87673,10,,,0,79,,87677,8,,,0,86,,87674,10,,,0,50,,87678,8,,,0,82,,87679,8,,,0,71,,87680,8,,,0,101,,87671,10,,,0,38,,87681,8,,,0,184,,87682,10,,,0,316,,87676,10,,,0
1001,'S2-2_6',754,,87684,10,,,0,103,,87685,10,,,0,101,,87692,8,,,0,142,,87686,10,,,0,100,,87693,8,,,0,45,,87694,8,,,0,164,,87689,10,,,0,38,,87695,8,,,0,187,,87690,10,,,0,118,,87691,10,,,0,90,,87687,10,,,0,107,,87688,10,,,0
1001,'S2-4_1',757,,87696,10,,,0,100,,87698,10,,,0,86,,87699,10,,,0,79,,87703,8,,,0,86,,87700,10,,,0,50,,87704,8,,,0,82,,87705,8,,,0,71,,87706,8,,,0,101,,87697,10,,,0,38,,87707,8,,,0,184,,87708,10,,,0,316,,87702,10,,,0
1001,'S2-4_2',757,,87710,10,,,0,100,,87712,10,,,0,86,,87713,10,,,0,79,,87717,8,,,0,86,,87714,10,,,0,50,,87718,8,,,0,82,,87719,8,,,0,71,,87720,8,,,0,101,,87711,10,,,0,38,,87721,8,,,0,184,,87722,10,,,0,316,,87716,10,,,0
1001,'S2-4_4',757,,87724,10,,,0,100,,87726,10,,,0,86,,87727,10,,,0,79,,87731,8,,,0,86,,87728,10,,,0,50,,87732,8,,,0,82,,87733,8,,,0,71,,87734,8,,,0,101,,87725,10,,,0,38,,87735,8,,,0,184,,87736,10,,,0,316,,87730,10,,,0
1101,'S2-0_2',1633,,87770,4,,,0,112,,87771,4,,,0,103,,87772,4,,,0
1101,'S2-0_4',1633,,87773,4,,,0,112,,87774,4,,,0,103,,87775,4,,,0
1101,'S2-0_5',1633,,87776,4,,,0,112,,87777,4,,,0,103,,87778,4,,,0
1101,'S2-1_3',1633,,87779,4,,,0,112,,87780,4,,,0,103,,87781,4,,,0
1101,'S2-2_6',1618,,87782,4,,,0,119,,87783,4,,,0
1101,'S2-4_1',1633,,87784,4,,,0,112,,87785,4,,,0,103,,87786,4,,,0
1101,'S2-4_2',1633,,87787,4,,,0,112,,87788,4,,,0,103,,87789,4,,,0
1101,'S2-4_4',1633,,87790,4,,,0,112,,87791,4,,,0,103,,87792,4,,,0
1901,'S2-0_2',1618,,88409,14,,,0,100,,88410,14,,,0,99,,88411,14,,,0
1901,'S2-0_4',1618,,88418,14,,,0,100,,88419,14,,,0,99,,88420,14,,,0
1901,'S2-0_5',1618,,88427,14,,,0,100,,88428,14,,,0,99,,88429,14,,,0
1901,'S2-1_3',1217,,88439,14,,,0,34,,88440,14,,,0
1901,'S2-4_1',1618,,88442,14,,,0,100,,88443,14,,,0,99,,88444,14,,,0
1901,'S2-4_2',1618,,88451,14,,,0,100,,88452,14,,,0,99,,88453,14,,,0
1901,'S2-4_4',1618,,88460,14,,,0,100,,88461,14,,,0,99,,88462,14,,,0
1000001,'S2-0_2',558,,90752,26,,,0,60,,90753,26,,,0,20,,90754,26,,,0,20,,90755,26,,,0,62,,90756,26,,,0,10,,90836,26,,,0,11,,90837,26,,,0,10,,90787,32,,,0,50,,90788,32,,,0,10,,90789,32,,,0,11,,90790,32,,,0,10,,90791,32,,,0,9,,90792,32,,,0,10,,90793,32,,,0,50,,90794,32,,,0,10,,90795,32,,,0,10,,90796,32,,,0,10,,90797,32,,,0,12,,90798,32,,,0,11,,90757,26,,,0,51,,90758,32,,,0,10,,90759,26,,,0,9,,90760,32,,,0,11,,90761,26,,,0,11,,90799,32,,,0,11,,90762,26,,,0,51,,90763,32,,,0,10,,90764,26,,,0,11,,90765,32,,,0,10,,90766,26,,,0,11,,90800,32,,,0,52,,90767,26,,,0,11,,90768,32,,,0,10,,90769,26,,,0,8,,90770,32,,,0,9,,90801,26,,,0,10,,90802,32,,,0,50,,90803,26,,,0,10,,90804,32,,,0,10,,90805,26,,,0,10,,90806,32,,,0,10,,90807,26,,,0,9,,90808,32,,,0,10,,90809,26,,,0,51,,90810,32,,,0,10,,90811,26,,,0,10,,90812,32,,,0,10,,90813,26,,,0,11,,90771,32,,,0,50,,90772,26,,,0,9,,90814,32,,,0,10,,90773,26,,,0,9,,90774,32,,,0,11,,90775,26,,,0,11,,90815,32,,,0,52,,90776,26,,,0,12,,90777,32,,,0,11,,90778,26,,,0,10,,90779,32,,,0,9,,90780,32,,,0,10,,90816,32,,,0,52,,90817,32,,,0,11,,90818,32,,,0,12,,90819,32,,,0,11,,90820,32,,,0,8,,90821,32,,,0,10,,90822,32,,,0,49,,90823,32,,,0,8,,90824,32,,,0,10,,90825,32,,,0,9,,90826,32,,,0,8,,90827,32,,,0,9,,90828,32,,,0,49,,90829,32,,,0,8,,90830,32,,,0,9,,90831,26,,,0,9,,90832,32,,,0,10,,90833,26,,,0,12,,90835,32,,,0,59,,90834,32,,,0,20,,90781,26,,,0,20,,90782,26,,,0,59,,90783,26,,,0,20,,90784,26,,,0,19,,90785,26,,,0,60,,90786,26,,,0
1000001,'S2-0_4',558,,90838,26,,,0,60,,90839,26,,,0,20,,90840,26,,,0,20,,90841,26,,,0,62,,90842,26,,,0,10,,90922,26,,,0,11,,90923,26,,,0,10,,90873,32,,,0,50,,90874,32,,,0,10,,90875,32,,,0,11,,90876,32,,,0,10,,90877,32,,,0,9,,90878,32,,,0,10,,90879,32,,,0,50,,90880,32,,,0,10,,90881,32,,,0,10,,90882,32,,,0,10,,90883,32,,,0,12,,90884,32,,,0,11,,90843,26,,,0,51,,90844,32,,,0,10,,90845,26,,,0,9,,90846,32,,,0,11,,90847,26,,,0,11,,90885,32,,,0,11,,90848,26,,,0,51,,90849,32,,,0,10,,90850,26,,,0,11,,90851,32,,,0,10,,90852,26,,,0,11,,90886,32,,,0,52,,90853,26,,,0,11,,90854,32,,,0,10,,90855,26,,,0,8,,90856,32,,,0,9,,90887,26,,,0,10,,90888,32,,,0,50,,90889,26,,,0,10,,90890,32,,,0,10,,90891,26,,,0,10,,90892,32,,,0,10,,90893,26,,,0,9,,90894,32,,,0,10,,90895,26,,,0,51,,90896,32,,,0,10,,90897,26,,,0,10,,90898,32,,,0,10,,90899,26,,,0,11,,90857,32,,,0,50,,90858,26,,,0,9,,90900,32,,,0,10,,90859,26,,,0,9,,90860,32,,,0,11,,90861,26,,,0,11,,90901,32,,,0,52,,90862,26,,,0,12,,90863,32,,,0,11,,90864,26,,,0,10,,90865,32,,,0,9,,90866,32,,,0,10,,90902,32,,,0,52,,90903,32,,,0,11,,90904,32,,,0,12,,90905,32,,,0,11,,90906,32,,,0,8,,90907,32,,,0,10,,90908,32,,,0,49,,90909,32,,,0,8,,90910,32,,,0,10,,90911,32,,,0,9,,90912,32,,,0,8,,90913,32,,,0,9,,90914,32,,,0,49,,90915,32,,,0,8,,90916,32,,,0,9,,90917,26,,,0,9,,90918,32,,,0,10,,90919,26,,,0,12,,90921,32,,,0,59,,90920,32,,,0,20,,90867,26,,,0,20,,90868,26,,,0,59,,90869,26,,,0,20,,90870,26,,,0,19,,90871,26,,,0,60,,90872,26,,,0
1000001,'S2-0_5',558,,90924,26,,,0,60,,90925,26,,,0,20,,90926,26,,,0,20,,90927,26,,,0,62,,90928,26,,,0,10,,91008,26,,,0,11,,91009,26,,,0,10,,90959,32,,,0,50,,90960,32,,,0,10,,90961,32,,,0,11,,90962,32,,,0,10,,90963,32,,,0,9,,90964,32,,,0,10,,90965,32,,,0,50,,90966,32,,,0,10,,90967,32,,,0,10,,90968,32,,,0,10,,90969,32,,,0,12,,90970,32,,,0,11,,90929,26,,,0,51,,90930,32,,,0,10,,90931,26,,,0,9,,90932,32,,,0,11,,90933,26,,,0,11,,90971,32,,,0,11,,90934,26,,,0,51,,90935,32,,,0,10,,90936,26,,,0,11,,90937,32,,,0,10,,90938,26,,,0,11,,90972,32,,,0,52,,90939,26,,,0,11,,90940,32,,,0,10,,90941,26,,,0,8,,90942,32,,,0,9,,90973,26,,,0,10,,90974,32,,,0,50,,90975,26,,,0,10,,90976,32,,,0,10,,90977,26,,,0,10,,90978,32,,,0,10,,90979,26,,,0,9,,90980,32,,,0,10,,90981,26,,,0,51,,90982,32,,,0,10,,90983,26,,,0,10,,90984,32,,,0,10,,90985,26,,,0,11,,90943,32,,,0,50,,90944,26,,,0,9,,90986,32,,,0,10,,90945,26,,,0,9,,90946,32,,,0,11,,90947,26,,,0,11,,90987,32,,,0,52,,90948,26,,,0,12,,90949,32,,,0,11,,90950,26,,,0,10,,90951,32,,,0,9,,90952,32,,,0,10,,90988,32,,,0,52,,90989,32,,,0,11,,90990,32,,,0,12,,90991,32,,,0,11,,90992,32,,,0,8,,90993,32,,,0,10,,90994,32,,,0,49,,90995,32,,,0,8,,90996,32,,,0,10,,90997,32,,,0,9,,90998,32,,,0,8,,90999,32,,,0,9,,91000,32,,,0,49,,91001,32,,,0,8,,91002,32,,,0,9,,91003,26,,,0,9,,91004,32,,,0,10,,91005,26,,,0,12,,91007,32,,,0,59,,91006,32,,,0,20,,90953,26,,,0,20,,90954,26,,,0,59,,90955,26,,,0,20,,90956,26,,,0,19,,90957,26,,,0,60,,90958,26,,,0
1000001,'S2-1_3',558,,91010,26,,,0,60,,91011,26,,,0,20,,91012,26,,,0,20,,91013,26,,,0,62,,91014,26,,,0,10,,91094,26,,,0,11,,91095,26,,,0,10,,91045,32,,,0,50,,91046,32,,,0,10,,91047,32,,,0,11,,91048,32,,,0,10,,91049,32,,,0,9,,91050,32,,,0,10,,91051,32,,,0,50,,91052,32,,,0,10,,91053,32,,,0,10,,91054,32,,,0,10,,91055,32,,,0,12,,91056,32,,,0,11,,91015,26,,,0,51,,91016,32,,,0,10,,91017,26,,,0,9,,91018,32,,,0,11,,91019,26,,,0,11,,91057,32,,,0,11,,91020,26,,,0,51,,91021,32,,,0,10,,91022,26,,,0,11,,91023,32,,,0,10,,91024,26,,,0,11,,91058,32,,,0,52,,91025,26,,,0,11,,91026,32,,,0,10,,91027,26,,,0,8,,91028,32,,,0,9,,91059,26,,,0,10,,91060,32,,,0,50,,91061,26,,,0,10,,91062,32,,,0,10,,91063,26,,,0,10,,91064,32,,,0,10,,91065,26,,,0,9,,91066,32,,,0,10,,91067,26,,,0,51,,91068,32,,,0,10,,91069,26,,,0,10,,91070,32,,,0,10,,91071,26,,,0,11,,91029,32,,,0,50,,91030,26,,,0,9,,91072,32,,,0,10,,91031,26,,,0,9,,91032,32,,,0,11,,91033,26,,,0,11,,91073,32,,,0,52,,91034,26,,,0,12,,91035,32,,,0,11,,91036,26,,,0,10,,91037,32,,,0,9,,91038,32,,,0,10,,91074,32,,,0,52,,91075,32,,,0,11,,91076,32,,,0,12,,91077,32,,,0,11,,91078,32,,,0,8,,91079,32,,,0,10,,91080,32,,,0,49,,91081,32,,,0,8,,91082,32,,,0,10,,91083,32,,,0,9,,91084,32,,,0,8,,91085,32,,,0,9,,91086,32,,,0,49,,91087,32,,,0,8,,91088,32,,,0,9,,91089,26,,,0,9,,91090,32,,,0,10,,91091,26,,,0,12,,91093,32,,,0,59,,91092,32,,,0,20,,91039,26,,,0,20,,91040,26,,,0,59,,91041,26,,,0,20,,91042,26,,,0,19,,91043,26,,,0,60,,91044,26,,,0
1000001,'S2-2_6',558,,91096,26,,,0,82,,91097,26,,,0,81,,91098,26,,,0,30,,91099,26,,,0,69,,91100,32,,,0,29,,91101,32,,,0,55,,91102,26,,,0,16,,91103,26,,,0,15,,91104,32,,,0,16,,91105,26,,,0,55,,91106,26,,,0,15,,91107,32,,,0,16,,91108,26,,,0,14,,91109,26,,,0,56,,91110,32,,,0,15,,91111,26,,,0,15,,91112,26,,,0,16,,91113,32,,,0,54,,91114,26,,,0,16,,91115,26,,,0,15,,91116,32,,,0,14,,91117,26,,,0,57,,91118,26,,,0,16,,91119,32,,,0,9,,91120,26,,,0,10,,91121,26,,,0,9,,91122,26,,,0,50,,91124,26,,,0,10,,91123,32,,,0,10,,91125,26,,,0,11,,91126,26,,,0,12,,91127,32,,,0,9,,91128,26,,,0,49,,91129,26,,,0,10,,91130,26,,,0,11,,91131,32,,,0,10,,91132,26,,,0,10,,91133,26,,,0,11,,91134,26,,,0,51,,91135,32,,,0,9,,91136,26,,,0,10,,91137,26,,,0,10,,91138,26,,,0,13,,91139,32,,,0,9,,91140,26,,,0,49,,91141,26,,,0,10,,91142,26,,,0,9,,91144,26,,,0,9,,91143,32,,,0,10,,91145,26,,,0,9,,91146,26,,,0,50,,91148,26,,,0,9,,91147,32,,,0,9,,91149,26,,,0,9,,91150,26,,,0,9,,91152,26,,,0,10,,91151,32,,,0,50,,91153,26,,,0,13,,91154,26,,,0,19,,91155,32,,,0,17,,91156,26,,,0,60,,91157,26,,,0,21,,91158,26,,,0,16,,91159,26,,,0,59,,91160,26,,,0,20,,91161,26,,,0,20,,91162,26,,,0,60,,91163,26,,,0
1000001,'S2-3_7',829,,91164,26,,,0,80,,91165,26,,,0,40,,91166,26,,,0,80,,91167,26,,,0,80,,91168,26,,,0,40,,91169,26,,,0,80,,91170,26,,,0,80,,91171,26,,,0,40,,91172,26,,,0,80,,91173,26,,,0,80,,91174,26,,,0,40,,91175,26,,,0,80,,91176,26,,,0,80,,91177,26,,,0,40,,91178,26,,,0,80,,91179,26,,,0,80,,91180,26,,,0,40,,91181,26,,,0
1000001,'S2-4_1',558,,91182,26,,,0,60,,91183,26,,,0,20,,91184,26,,,0,20,,91185,26,,,0,62,,91186,26,,,0,10,,91266,26,,,0,11,,91267,26,,,0,10,,91217,32,,,0,50,,91218,32,,,0,10,,91219,32,,,0,11,,91220,32,,,0,10,,91221,32,,,0,9,,91222,32,,,0,10,,91223,32,,,0,50,,91224,32,,,0,10,,91225,32,,,0,10,,91226,32,,,0,10,,91227,32,,,0,12,,91228,32,,,0,11,,91187,26,,,0,51,,91188,32,,,0,10,,91189,26,,,0,9,,91190,32,,,0,11,,91191,26,,,0,11,,91229,32,,,0,11,,91192,26,,,0,51,,91193,32,,,0,10,,91194,26,,,0,11,,91195,32,,,0,10,,91196,26,,,0,11,,91230,32,,,0,52,,91197,26,,,0,11,,91198,32,,,0,10,,91199,26,,,0,8,,91200,32,,,0,9,,91231,26,,,0,10,,91232,32,,,0,50,,91233,26,,,0,10,,91234,32,,,0,10,,91235,26,,,0,10,,91236,32,,,0,10,,91237,26,,,0,9,,91238,32,,,0,10,,91239,26,,,0,51,,91240,32,,,0,10,,91241,26,,,0,10,,91242,32,,,0,10,,91243,26,,,0,11,,91201,32,,,0,50,,91202,26,,,0,9,,91244,32,,,0,10,,91203,26,,,0,9,,91204,32,,,0,11,,91205,26,,,0,11,,91245,32,,,0,52,,91206,26,,,0,12,,91207,32,,,0,11,,91208,26,,,0,10,,91209,32,,,0,9,,91210,32,,,0,10,,91246,32,,,0,52,,91247,32,,,0,11,,91248,32,,,0,12,,91249,32,,,0,11,,91250,32,,,0,8,,91251,32,,,0,10,,91252,32,,,0,49,,91253,32,,,0,8,,91254,32,,,0,10,,91255,32,,,0,9,,91256,32,,,0,8,,91257,32,,,0,9,,91258,32,,,0,49,,91259,32,,,0,8,,91260,32,,,0,9,,91261,26,,,0,9,,91262,32,,,0,10,,91263,26,,,0,12,,91265,32,,,0,59,,91264,32,,,0,20,,91211,26,,,0,20,,91212,26,,,0,59,,91213,26,,,0,20,,91214,26,,,0,19,,91215,26,,,0,60,,91216,26,,,0
1000001,'S2-4_2',558,,91268,26,,,0,60,,91269,26,,,0,20,,91270,26,,,0,20,,91271,26,,,0,62,,91272,26,,,0,10,,91352,26,,,0,11,,91353,26,,,0,10,,91303,32,,,0,50,,91304,32,,,0,10,,91305,32,,,0,11,,91306,32,,,0,10,,91307,32,,,0,9,,91308,32,,,0,10,,91309,32,,,0,50,,91310,32,,,0,10,,91311,32,,,0,10,,91312,32,,,0,10,,91313,32,,,0,12,,91314,32,,,0,11,,91273,26,,,0,51,,91274,32,,,0,10,,91275,26,,,0,9,,91276,32,,,0,11,,91277,26,,,0,11,,91315,32,,,0,11,,91278,26,,,0,51,,91279,32,,,0,10,,91280,26,,,0,11,,91281,32,,,0,10,,91282,26,,,0,11,,91316,32,,,0,52,,91283,26,,,0,11,,91284,32,,,0,10,,91285,26,,,0,8,,91286,32,,,0,9,,91317,26,,,0,10,,91318,32,,,0,50,,91319,26,,,0,10,,91320,32,,,0,10,,91321,26,,,0,10,,91322,32,,,0,10,,91323,26,,,0,9,,91324,32,,,0,10,,91325,26,,,0,51,,91326,32,,,0,10,,91327,26,,,0,10,,91328,32,,,0,10,,91329,26,,,0,11,,91287,32,,,0,50,,91288,26,,,0,9,,91330,32,,,0,10,,91289,26,,,0,9,,91290,32,,,0,11,,91291,26,,,0,11,,91331,32,,,0,52,,91292,26,,,0,12,,91293,32,,,0,11,,91294,26,,,0,10,,91295,32,,,0,9,,91296,32,,,0,10,,91332,32,,,0,52,,91333,32,,,0,11,,91334,32,,,0,12,,91335,32,,,0,11,,91336,32,,,0,8,,91337,32,,,0,10,,91338,32,,,0,49,,91339,32,,,0,8,,91340,32,,,0,10,,91341,32,,,0,9,,91342,32,,,0,8,,91343,32,,,0,9,,91344,32,,,0,49,,91345,32,,,0,8,,91346,32,,,0,9,,91347,26,,,0,9,,91348,32,,,0,10,,91349,26,,,0,12,,91351,32,,,0,59,,91350,32,,,0,20,,91297,26,,,0,20,,91298,26,,,0,59,,91299,26,,,0,20,,91300,26,,,0,19,,91301,26,,,0,60,,91302,26,,,0
1000001,'S2-4_4',558,,91354,26,,,0,60,,91355,26,,,0,20,,91356,26,,,0,20,,91357,26,,,0,62,,91358,26,,,0,10,,91438,26,,,0,11,,91439,26,,,0,10,,91389,32,,,0,50,,91390,32,,,0,10,,91391,32,,,0,11,,91392,32,,,0,10,,91393,32,,,0,9,,91394,32,,,0,10,,91395,32,,,0,50,,91396,32,,,0,10,,91397,32,,,0,10,,91398,32,,,0,10,,91399,32,,,0,12,,91400,32,,,0,11,,91359,26,,,0,51,,91360,32,,,0,10,,91361,26,,,0,9,,91362,32,,,0,11,,91363,26,,,0,11,,91401,32,,,0,11,,91364,26,,,0,51,,91365,32,,,0,10,,91366,26,,,0,11,,91367,32,,,0,10,,91368,26,,,0,11,,91402,32,,,0,52,,91369,26,,,0,11,,91370,32,,,0,10,,91371,26,,,0,8,,91372,32,,,0,9,,91403,26,,,0,10,,91404,32,,,0,50,,91405,26,,,0,10,,91406,32,,,0,10,,91407,26,,,0,10,,91408,32,,,0,10,,91409,26,,,0,9,,91410,32,,,0,10,,91411,26,,,0,51,,91412,32,,,0,10,,91413,26,,,0,10,,91414,32,,,0,10,,91415,26,,,0,11,,91373,32,,,0,50,,91374,26,,,0,9,,91416,32,,,0,10,,91375,26,,,0,9,,91376,32,,,0,11,,91377,26,,,0,11,,91417,32,,,0,52,,91378,26,,,0,12,,91379,32,,,0,11,,91380,26,,,0,10,,91381,32,,,0,9,,91382,32,,,0,10,,91418,32,,,0,52,,91419,32,,,0,11,,91420,32,,,0,12,,91421,32,,,0,11,,91422,32,,,0,8,,91423,32,,,0,10,,91424,32,,,0,49,,91425,32,,,0,8,,91426,32,,,0,10,,91427,32,,,0,9,,91428,32,,,0,8,,91429,32,,,0,9,,91430,32,,,0,49,,91431,32,,,0,8,,91432,32,,,0,9,,91433,26,,,0,9,,91434,32,,,0,10,,91435,26,,,0,12,,91437,32,,,0,59,,91436,32,,,0,20,,91383,26,,,0,20,,91384,26,,,0,59,,91385,26,,,0,20,,91386,26,,,0,19,,91387,26,,,0,60,,91388,26,,,0
