100,'0_6',718,,62779,25,0,61 8,0,110,,62791,25,0,61 8,0,95,,62780,25,0,61 8,0,31,,62792,25,0,61 8,0,70,,62781,25,0,61 8,0,32,,62793,25,0,61 8,0,70,,62782,25,0,61 8,0,29,,62794,25,0,61 8,0,71,,62783,25,0,61 8,0,28,,62795,25,0,61 8,0,70,,62784,25,0,61 8,0,30,,62796,25,0,61 8,0,70,,62785,25,0,61 8,0,31,,62797,25,0,61 8,0,69,,62786,25,0,61 8,0,31,,62798,25,0,61 8,0,71,,62787,25,0,61 8,0,31,,62799,25,0,61 8,0,73,,62788,25,0,61 8,0,28,,62800,25,0,61 8,0,70,,62789,25,0,61 8,0,31,,62801,25,0,61 8,0,69,,62790,25,0,61 8,0
100,'1_7',923,,62802,25,0,61 8,0,105,,62807,25,0,61 8,0,106,,62803,25,0,61 8,0,104,,62808,25,0,61 8,0,90,,62804,25,0,61 8,0,100,,62809,25,0,61 8,0,105,,62805,25,0,61 8,0,105,,62810,25,0,61 8,0,105,,62806,25,0,61 8,0,105,,62811,25,0,61 8,0
100,'7_1',718,,80072,25,0,61 8,0,30,,80073,25,,,0,75,,80075,25,0,61 8,0,25,,80076,25,0,61 8,0,70,,80074,25,0,61 8,0,30,,80077,25,0,61 8,0,75,,80078,25,0,61 8,0,30,,80081,25,0,61 8,0,71,,80079,25,0,61 8,0,32,,80080,25,0,61 8,0,72,,80083,25,,,0,30,,80082,25,0,61 8,0,70,,80084,25,,,0,30,,80085,25,0,61 8,0,70,,80087,25,0,61 8,0,30,,80086,25,0,61 8,0,70,,80091,25,0,61 8,0,30,,80090,25,0,61 8,0,71,,80092,25,,,0,74,,80088,25,0,61 8,0,30,,80093,25,,,0,70,,80089,25,0,61 8,0,30,,80094,25,,,0,70,,80095,25,0,61 8,0,30,,80096,25,,,0
100,'7_2',718,,82008,25,0,61 8,0,30,,82009,25,,,0,75,,82011,25,0,61 8,0,25,,82012,25,0,61 8,0,70,,82010,25,0,61 8,0,30,,82013,25,0,61 8,0,75,,82014,25,0,61 8,0,30,,82017,25,0,61 8,0,71,,82015,25,0,61 8,0,32,,82016,25,0,61 8,0,72,,82019,25,,,0,30,,82018,25,0,61 8,0,70,,82020,25,,,0,30,,82021,25,0,61 8,0,70,,82023,25,0,61 8,0,30,,82022,25,0,61 8,0,70,,82027,25,0,61 8,0,30,,82026,25,0,61 8,0,71,,82028,25,,,0,74,,82024,25,0,61 8,0,30,,82029,25,,,0,70,,82025,25,0,61 8,0,30,,82030,25,,,0,70,,82031,25,0,61 8,0,30,,82032,25,,,0
100,'7_3',718,,82033,25,0,61 8,0,30,,82034,25,,,0,75,,82036,25,0,61 8,0,25,,82037,25,0,61 8,0,70,,82035,25,0,61 8,0,30,,82038,25,0,61 8,0,75,,82039,25,0,61 8,0,30,,82042,25,0,61 8,0,71,,82040,25,0,61 8,0,32,,82041,25,0,61 8,0,72,,82044,25,,,0,30,,82043,25,0,61 8,0,70,,82045,25,,,0,30,,82046,25,0,61 8,0,70,,82048,25,0,61 8,0,30,,82047,25,0,61 8,0,70,,82052,25,0,61 8,0,30,,82051,25,0,61 8,0,71,,82053,25,,,0,74,,82049,25,0,61 8,0,30,,82054,25,,,0,70,,82050,25,0,61 8,0,30,,82055,25,,,0,70,,82056,25,0,61 8,0,30,,82057,25,,,0
100,'7_4',718,,79112,25,0,61 8,0,30,,79113,25,,,0,75,,79115,25,0,61 8,0,25,,79116,25,0,61 8,0,70,,79114,25,0,61 8,0,30,,79117,25,0,61 8,0,75,,79118,25,0,61 8,0,30,,79121,25,0,61 8,0,71,,79119,25,0,61 8,0,32,,79120,25,0,61 8,0,72,,79123,25,,,0,30,,79122,25,0,61 8,0,70,,79124,25,,,0,30,,79125,25,0,61 8,0,70,,79127,25,0,61 8,0,30,,79126,25,0,61 8,0,70,,79131,25,0,61 8,0,30,,79130,25,0,61 8,0,71,,79132,25,,,0,74,,79128,25,0,61 8,0,30,,79133,25,,,0,70,,79129,25,0,61 8,0,30,,79134,25,,,0,70,,79135,25,0,61 8,0,30,,79136,25,,,0
100,'7_5',718,,80097,25,0,61 8,0,30,,80098,25,,,0,75,,80100,25,0,61 8,0,25,,80101,25,0,61 8,0,70,,80099,25,0,61 8,0,30,,80102,25,0,61 8,0,75,,80103,25,0,61 8,0,30,,80106,25,0,61 8,0,71,,80104,25,0,61 8,0,32,,80105,25,0,61 8,0,72,,80108,25,,,0,30,,80107,25,0,61 8,0,70,,80109,25,,,0,30,,80110,25,0,61 8,0,70,,80112,25,0,61 8,0,30,,80111,25,0,61 8,0,70,,80116,25,0,61 8,0,30,,80115,25,0,61 8,0,71,,80117,25,,,0,74,,80113,25,0,61 8,0,30,,80118,25,,,0,70,,80114,25,0,61 8,0,30,,80119,25,,,0,70,,80120,25,0,61 8,0,30,,80121,25,,,0
100,'8_7',923,,83928,25,0,61 8,0,105,,83933,25,0,61 8,0,106,,83929,25,0,61 8,0,104,,83934,25,0,61 8,0,90,,83930,25,0,61 8,0,100,,83935,25,0,61 8,0,105,,83931,25,0,61 8,0,105,,83936,25,0,61 8,0,105,,83932,25,0,61 8,0,105,,83937,25,0,61 8,0
200,'0_6',714,,63315,24,0,34,0,30,,63326,21,0,35 37,0,60,,63338,12,0,38,0,20,,63316,24,0,34,0,25,,63327,21,0,35 37,0,60,,63339,24,0,38,0,20,,63317,21,0,34,0,24,,63328,12,0,35 37,0,60,,63340,12,0,38,0,20,,63318,24,0,34,0,25,,63329,21,0,35 37,0,63,,63341,12,0,38,0,23,,63319,24,0,34,0,64,,63330,21,0,35 37,0,20,,63342,12,0,38,0,20,,63320,22,0,34,0,60,,63331,12,0,35 37,0,20,,63343,21,0,38,0,20,,63321,24,0,34,0,60,,63332,21,0,35 37,0,21,,63344,12,0,38,0,21,,63322,24,0,34,0,61,,63333,21,0,35 37,0,21,,63345,12,0,38,0,23,,63323,24,0,34,0,67,,63334,21,0,35 37,0,18,,63346,12,0,38,0,19,,63324,24,0,34,0,65,,63335,21,0,35 37,0,18,,63347,12,0,38,0,17,,63325,24,0,34,0,60,,63349,21,0,35 37,0,25,,63348,12,0,38,0,67,,63336,24,0,35 37,0,23,,63337,21,0,34,0
200,'1_7',939,,63350,21,0,38,0,165,,63351,21,0,38,0,125,,63352,21,0,38,0,110,,63353,21,0,38,0,165,,63354,21,0,38,0,125,,63355,21,0,38,0,125,,63356,21,0,38,0,165,,63357,21,0,38,0
200,'7_1',714,,80172,24,0,34,0,30,,80183,21,0,35 37,0,60,,80195,12,0,38,0,20,,80173,24,0,34,0,25,,80184,21,0,35 37,0,60,,80196,24,0,38,0,20,,80174,21,0,34,0,24,,80185,12,0,35 37,0,60,,80197,12,0,38,0,20,,80175,24,0,34,0,25,,80186,21,0,35 37,0,63,,80198,12,0,38,0,23,,80176,24,0,34,0,64,,80187,21,0,35 37,0,20,,80199,12,0,38,0,20,,80177,22,0,34,0,60,,80188,12,0,35 37,0,20,,80200,21,0,38,0,20,,80178,24,0,34,0,60,,80189,21,0,35 37,0,21,,80201,12,0,38,0,21,,80179,24,0,34,0,61,,80190,21,0,35 37,0,21,,80202,12,0,38,0,23,,80180,24,0,34,0,67,,80191,21,0,35 37,0,18,,80203,12,0,38,0,19,,80181,24,0,34,0,65,,80192,21,0,35 37,0,18,,80204,12,0,38,0,17,,80182,24,0,34,0,60,,80206,21,0,35 37,0,25,,80205,12,0,38,0,67,,80193,24,0,35 37,0,23,,80194,21,0,34,0
200,'7_2',714,,82108,24,0,34,0,30,,82119,21,0,35 37,0,60,,82131,12,0,38,0,20,,82109,24,0,34,0,25,,82120,21,0,35 37,0,60,,82132,24,0,38,0,20,,82110,21,0,34,0,24,,82121,12,0,35 37,0,60,,82133,12,0,38,0,20,,82111,24,0,34,0,25,,82122,21,0,35 37,0,63,,82134,12,0,38,0,23,,82112,24,0,34,0,64,,82123,21,0,35 37,0,20,,82135,12,0,38,0,20,,82113,22,0,34,0,60,,82124,12,0,35 37,0,20,,82136,21,0,38,0,20,,82114,24,0,34,0,60,,82125,21,0,35 37,0,21,,82137,12,0,38,0,21,,82115,24,0,34,0,61,,82126,21,0,35 37,0,21,,82138,12,0,38,0,23,,82116,24,0,34,0,67,,82127,21,0,35 37,0,18,,82139,12,0,38,0,19,,82117,24,0,34,0,65,,82128,21,0,35 37,0,18,,82140,12,0,38,0,17,,82118,24,0,34,0,60,,82142,21,0,35 37,0,25,,82141,12,0,38,0,67,,82129,24,0,35 37,0,23,,82130,21,0,34,0
200,'7_3',714,,82143,24,0,34,0,30,,82154,21,0,35 37,0,60,,82166,12,0,38,0,20,,82144,24,0,34,0,25,,82155,21,0,35 37,0,60,,82167,24,0,38,0,20,,82145,21,0,34,0,24,,82156,12,0,35 37,0,60,,82168,12,0,38,0,20,,82146,24,0,34,0,25,,82157,21,0,35 37,0,63,,82169,12,0,38,0,23,,82147,24,0,34,0,64,,82158,21,0,35 37,0,20,,82170,12,0,38,0,20,,82148,22,0,34,0,60,,82159,12,0,35 37,0,20,,82171,21,0,38,0,20,,82149,24,0,34,0,60,,82160,21,0,35 37,0,21,,82172,12,0,38,0,21,,82150,24,0,34,0,61,,82161,21,0,35 37,0,21,,82173,12,0,38,0,23,,82151,24,0,34,0,67,,82162,21,0,35 37,0,18,,82174,12,0,38,0,19,,82152,24,0,34,0,65,,82163,21,0,35 37,0,18,,82175,12,0,38,0,17,,82153,24,0,34,0,60,,82177,21,0,35 37,0,25,,82176,12,0,38,0,67,,82164,24,0,35 37,0,23,,82165,21,0,34,0
200,'7_4',714,,79162,24,0,34,0,30,,79173,21,0,35 37,0,60,,79185,12,0,38,0,20,,79163,24,0,34,0,25,,79174,21,0,35 37,0,60,,79186,24,0,38,0,20,,79164,21,0,34,0,24,,79175,12,0,35 37,0,60,,79187,12,0,38,0,20,,79165,24,0,34,0,25,,79176,21,0,35 37,0,63,,79188,12,0,38,0,23,,79166,24,0,34,0,64,,79177,21,0,35 37,0,20,,79189,12,0,38,0,20,,79167,22,0,34,0,60,,79178,12,0,35 37,0,20,,79190,21,0,38,0,20,,79168,24,0,34,0,60,,79179,21,0,35 37,0,21,,79191,12,0,38,0,21,,79169,24,0,34,0,61,,79180,21,0,35 37,0,21,,79192,12,0,38,0,23,,79170,24,0,34,0,67,,79181,21,0,35 37,0,18,,79193,12,0,38,0,19,,79171,24,0,34,0,65,,79182,21,0,35 37,0,18,,79194,12,0,38,0,17,,79172,24,0,34,0,60,,79196,21,0,35 37,0,25,,79195,12,0,38,0,67,,79183,24,0,35 37,0,23,,79184,21,0,34,0
200,'7_5',714,,80207,24,0,34,0,30,,80218,21,0,35 37,0,60,,80230,12,0,38,0,20,,80208,24,0,34,0,25,,80219,21,0,35 37,0,60,,80231,24,0,38,0,20,,80209,21,0,34,0,24,,80220,12,0,35 37,0,60,,80232,12,0,38,0,20,,80210,24,0,34,0,25,,80221,21,0,35 37,0,63,,80233,12,0,38,0,23,,80211,24,0,34,0,64,,80222,21,0,35 37,0,20,,80234,12,0,38,0,20,,80212,22,0,34,0,60,,80223,12,0,35 37,0,20,,80235,21,0,38,0,20,,80213,24,0,34,0,60,,80224,21,0,35 37,0,21,,80236,12,0,38,0,21,,80214,24,0,34,0,61,,80225,21,0,35 37,0,21,,80237,12,0,38,0,23,,80215,24,0,34,0,67,,80226,21,0,35 37,0,18,,80238,12,0,38,0,19,,80216,24,0,34,0,65,,80227,21,0,35 37,0,18,,80239,12,0,38,0,17,,80217,24,0,34,0,60,,80241,21,0,35 37,0,25,,80240,12,0,38,0,67,,80228,24,0,35 37,0,23,,80229,21,0,34,0
200,'8_7',939,,83948,21,0,38,0,165,,83949,21,0,38,0,125,,83950,21,0,38,0,110,,83951,21,0,38,0,165,,83952,21,0,38,0,125,,83953,21,0,38,0,125,,83954,21,0,38,0,165,,83955,21,0,38,0
300,'0_6',722,,64083,34,,,0,29,,64084,34,,,0,69,,64085,34,,,0,30,,64086,34,,,0,75,,64087,34,,,0,33,,64088,34,,,0,75,,64089,34,,,0,74,,64090,34,,,0,32,,64091,34,,,0,72,,64082,34,,,0,33,,64081,34,,,0,72,,64080,34,,,0,33,,64079,34,,,0,72,,64057,34,,,0,28,,64058,34,,,0,69,,64059,34,,,0,28,,64060,34,,,0,68,,64061,34,,,0,30,,64062,34,,,0,72,,64063,34,,,0,28,,64064,34,,,0,67,,64065,34,,,0,28,,64066,34,,,0,69,,64067,34,,,0,27,,64068,34,,,0,65,,64069,34,,,0,25,,64070,34,,,0,23,,64071,34,,,0,64,,64093,34,,,0,24,,64092,34,,,0,64,,64072,22,,,0,30,,64073,22,,,0,70,,64074,22,,,0,30,,64075,22,,,0,70,,64076,22,,,0,29,,64077,22,,,0,30,,64078,22,,,0
300,'1_7',925,,64116,34,,,0,33,,64117,34,,,0,75,,64118,34,,,0,74,,64119,34,,,0,32,,64110,34,,,0,72,,64115,34,,,0,33,,64114,34,,,0,72,,64113,34,,,0,33,,64112,34,,,0,72,,64094,34,,,0,28,,64095,34,,,0,69,,64096,34,,,0,28,,64097,34,,,0,68,,64098,34,,,0,30,,64099,34,,,0,72,,64100,34,,,0,28,,64101,34,,,0,67,,64102,34,,,0,28,,64103,34,,,0,69,,64104,34,,,0,27,,64105,34,,,0,65,,64106,34,,,0,25,,64107,34,,,0,23,,64108,34,,,0,64,,64111,34,,,0,24,,64109,34,,,0
300,'7_1',722,,80333,34,,,0,29,,80334,34,,,0,69,,80335,34,,,0,30,,80336,34,,,0,75,,80337,34,,,0,33,,80338,34,,,0,75,,80339,34,,,0,74,,80340,34,,,0,32,,80341,34,,,0,72,,80332,34,,,0,33,,80331,34,,,0,72,,80330,34,,,0,33,,80329,34,,,0,72,,80314,34,,,0,28,,80315,34,,,0,69,,80316,34,,,0,28,,80317,34,,,0,68,,80318,34,,,0,30,,80319,34,,,0,72,,80320,34,,,0,28,,80321,34,,,0,67,,80322,34,,,0,28,,80323,34,,,0,69,,80324,34,,,0,27,,80325,34,,,0,65,,80326,34,,,0,25,,80327,34,,,0,23,,80328,34,,,0,64,,80343,34,,,0,24,,80342,34,,,0
300,'7_2',722,,82269,34,,,0,29,,82270,34,,,0,69,,82271,34,,,0,30,,82272,34,,,0,75,,82273,34,,,0,33,,82274,34,,,0,75,,82275,34,,,0,74,,82276,34,,,0,32,,82277,34,,,0,72,,82268,34,,,0,33,,82267,34,,,0,72,,82266,34,,,0,33,,82265,34,,,0,72,,82250,34,,,0,28,,82251,34,,,0,69,,82252,34,,,0,28,,82253,34,,,0,68,,82254,34,,,0,30,,82255,34,,,0,72,,82256,34,,,0,28,,82257,34,,,0,67,,82258,34,,,0,28,,82259,34,,,0,69,,82260,34,,,0,27,,82261,34,,,0,65,,82262,34,,,0,25,,82263,34,,,0,23,,82264,34,,,0,64,,82279,34,,,0,24,,82278,34,,,0
300,'7_3',722,,82299,34,,,0,29,,82300,34,,,0,69,,82301,34,,,0,30,,82302,34,,,0,75,,82303,34,,,0,33,,82304,34,,,0,75,,82305,34,,,0,74,,82306,34,,,0,32,,82307,34,,,0,72,,82298,34,,,0,33,,82297,34,,,0,72,,82296,34,,,0,33,,82295,34,,,0,72,,82280,34,,,0,28,,82281,34,,,0,69,,82282,34,,,0,28,,82283,34,,,0,68,,82284,34,,,0,30,,82285,34,,,0,72,,82286,34,,,0,28,,82287,34,,,0,67,,82288,34,,,0,28,,82289,34,,,0,69,,82290,34,,,0,27,,82291,34,,,0,65,,82292,34,,,0,25,,82293,34,,,0,23,,82294,34,,,0,64,,82309,34,,,0,24,,82308,34,,,0
300,'7_4',722,,79252,34,,,0,29,,79253,34,,,0,69,,79254,34,,,0,30,,79255,34,,,0,75,,79256,34,,,0,33,,79257,34,,,0,75,,79258,34,,,0,74,,79259,34,,,0,32,,79260,34,,,0,72,,79251,34,,,0,33,,79250,34,,,0,72,,79249,34,,,0,33,,79248,34,,,0,72,,79233,34,,,0,28,,79234,34,,,0,69,,79235,34,,,0,28,,79236,34,,,0,68,,79237,34,,,0,30,,79238,34,,,0,72,,79239,34,,,0,28,,79240,34,,,0,67,,79241,34,,,0,28,,79242,34,,,0,69,,79243,34,,,0,27,,79244,34,,,0,65,,79245,34,,,0,25,,79246,34,,,0,23,,79247,34,,,0,64,,79262,34,,,0,24,,79261,34,,,0
300,'7_5',722,,80370,34,,,0,29,,80371,34,,,0,69,,80372,34,,,0,30,,80373,34,,,0,75,,80374,34,,,0,33,,80375,34,,,0,75,,80376,34,,,0,74,,80377,34,,,0,32,,80378,34,,,0,72,,80369,34,,,0,33,,80368,34,,,0,72,,80367,34,,,0,33,,80366,34,,,0,72,,80344,34,,,0,28,,80345,34,,,0,69,,80346,34,,,0,28,,80347,34,,,0,68,,80348,34,,,0,30,,80349,34,,,0,72,,80350,34,,,0,28,,80351,34,,,0,67,,80352,34,,,0,28,,80353,34,,,0,69,,80354,34,,,0,27,,80355,34,,,0,65,,80356,34,,,0,25,,80357,34,,,0,23,,80358,34,,,0,64,,80380,34,,,0,24,,80379,34,,,0,64,,80359,22,,,0,30,,80360,22,,,0,70,,80361,22,,,0,30,,80362,22,,,0,70,,80363,22,,,0,29,,80364,22,,,0,30,,80365,22,,,0
300,'8_7',925,,83986,34,,,0,33,,83987,34,,,0,75,,83988,34,,,0,74,,83989,34,,,0,32,,83980,34,,,0,72,,83985,34,,,0,33,,83984,34,,,0,72,,83983,34,,,0,33,,83982,34,,,0,72,,83964,34,,,0,28,,83965,34,,,0,69,,83966,34,,,0,28,,83967,34,,,0,68,,83968,34,,,0,30,,83969,34,,,0,72,,83970,34,,,0,28,,83971,34,,,0,67,,83972,34,,,0,28,,83973,34,,,0,69,,83974,34,,,0,27,,83975,34,,,0,65,,83976,34,,,0,25,,83977,34,,,0,23,,83978,34,,,0,64,,83981,34,,,0,24,,83979,34,,,0
400,'0_6',728,,64825,16,0,40,0,95,,64817,16,0,40,0,30,,64806,28,0,40,0,70,,64805,16,0,40,0,31,,64804,16,0,40,0,72,,64807,16,0,40,0,31,,64821,28,0,40,0,71,,64808,16,0,40,0,30,,64809,16,0,40,0,71,,64827,16,0,40,0,29,,64824,28,0,40,0,70,,64810,16,0,40,0,30,,64811,16,0,40,0,68,,64812,16,0,40,0,28,,64814,28,0,40,0,71,,64815,16,0,40,0,34,,64813,16,0,40,0,73,,64826,16,0,40,0,24,,64818,28,0,40,0,63,,64822,16,0,40,0,29,,64823,16,0,40,0,76,,64819,16,0,40,0,30,,64820,28,0,40,0,85,,64816,28,0,40,0
400,'1_7',833,,64828,28,0,40,0,125,,64829,28,0,40,0,165,,64830,28,0,40,0,200,,64831,28,0,40,0,126,,64832,28,0,40,0,165,,64833,28,0,40,0,126,,64834,28,0,40,0,165,,64835,28,0,40,0
400,'7_1',713,,80471,16,,,0,35,,80468,16,0,40,0,75,,80462,16,0,40,0,30,,80449,28,0,40,0,70,,80448,16,0,40,0,30,,80447,16,0,40,0,77,,80450,16,0,40,0,28,,80469,28,0,40,0,70,,80451,16,0,40,0,75,,80452,16,0,40,0,32,,80465,16,0,40,0,23,,80463,28,0,40,0,70,,80453,16,0,40,0,30,,80454,16,0,40,0,66,,80455,16,0,40,0,30,,80457,28,0,40,0,71,,80458,16,0,40,0,34,,80456,16,0,40,0,73,,80467,16,,,0,68,,80464,28,0,40,0,28,,80459,16,0,40,0,25,,80460,28,,,0,71,,80466,16,0,40,0,35,,80470,28,0,40,0,86,,80461,28,0,40,0
400,'7_2',713,,82392,16,,,0,35,,82389,16,0,40,0,75,,82383,16,0,40,0,30,,82370,28,0,40,0,70,,82369,16,0,40,0,30,,82368,16,0,40,0,77,,82371,16,0,40,0,28,,82390,28,0,40,0,70,,82372,16,0,40,0,75,,82373,16,0,40,0,32,,82386,16,0,40,0,23,,82384,28,0,40,0,70,,82374,16,0,40,0,30,,82375,16,0,40,0,66,,82376,16,0,40,0,30,,82378,28,0,40,0,71,,82379,16,0,40,0,34,,82377,16,0,40,0,73,,82388,16,,,0,68,,82385,28,0,40,0,28,,82380,16,0,40,0,25,,82381,28,,,0,71,,82387,16,0,40,0,35,,82391,28,0,40,0,86,,82382,28,0,40,0
400,'7_3',713,,82417,16,,,0,35,,82414,16,0,40,0,75,,82408,16,0,40,0,30,,82395,28,0,40,0,70,,82394,16,0,40,0,30,,82393,16,0,40,0,77,,82396,16,0,40,0,28,,82415,28,0,40,0,70,,82397,16,0,40,0,75,,82398,16,0,40,0,32,,82411,16,0,40,0,23,,82409,28,0,40,0,70,,82399,16,0,40,0,30,,82400,16,0,40,0,66,,82401,16,0,40,0,30,,82403,28,0,40,0,71,,82404,16,0,40,0,34,,82402,16,0,40,0,73,,82413,16,,,0,68,,82410,28,0,40,0,28,,82405,16,0,40,0,25,,82406,28,,,0,71,,82412,16,0,40,0,35,,82416,28,0,40,0,86,,82407,28,0,40,0
400,'7_4',713,,79316,16,,,0,35,,79313,16,0,40,0,75,,79307,16,0,40,0,30,,79294,28,0,40,0,70,,79293,16,0,40,0,30,,79292,16,0,40,0,77,,79295,16,0,40,0,28,,79314,28,0,40,0,70,,79296,16,0,40,0,75,,79297,16,0,40,0,32,,79310,16,0,40,0,23,,79308,28,0,40,0,70,,79298,16,0,40,0,30,,79299,16,0,40,0,66,,79300,16,0,40,0,30,,79302,28,0,40,0,71,,79303,16,0,40,0,34,,79301,16,0,40,0,73,,79312,16,,,0,68,,79309,28,0,40,0,28,,79304,16,0,40,0,25,,79305,28,,,0,71,,79311,16,0,40,0,35,,79315,28,0,40,0,86,,79306,28,0,40,0
400,'7_5',713,,80496,16,,,0,35,,80493,16,0,40,0,75,,80487,16,0,40,0,30,,80474,28,0,40,0,70,,80473,16,0,40,0,30,,80472,16,0,40,0,77,,80475,16,0,40,0,28,,80494,28,0,40,0,70,,80476,16,0,40,0,75,,80477,16,0,40,0,32,,80490,16,0,40,0,23,,80488,28,0,40,0,70,,80478,16,0,40,0,30,,80479,16,0,40,0,66,,80480,16,0,40,0,30,,80482,28,0,40,0,71,,80483,16,0,40,0,34,,80481,16,0,40,0,73,,80492,16,,,0,68,,80489,28,0,40,0,28,,80484,16,0,40,0,25,,80485,28,,,0,71,,80491,16,0,40,0,35,,80495,28,0,40,0,86,,80486,28,0,40,0
400,'8_7',833,,84017,28,0,40,0,125,,84018,28,0,40,0,165,,84019,28,0,40,0,200,,84020,28,0,40,0,126,,84021,28,0,40,0,165,,84022,28,0,40,0,126,,84023,28,0,40,0,165,,84024,28,0,40,0
500,'0_6',713,,65341,36,,,0,33,,65342,36,,,0,102,,65343,36,,,0,102,,65344,36,,,0,98,,65345,36,,,0,99,,65346,36,,,0,99,,65347,36,,,0,98,,65348,36,,,0,81,,65349,36,,,0,78,,65350,36,,,0,99,,65351,36,,,0,102,,65352,36,,,0,100,,65353,36,,,0,33,,65354,36,,,0,66,,65355,36,,,0,97,,65356,36,,,0
500,'1_7',1232,,65357,36,,,0,191,,65358,36,,,0,191,,65359,36,,,0,144,,65360,36,,,0,191,,65361,36,,,0
500,'7_1',713,,80549,36,,,0,33,,80550,36,,,0,102,,80551,36,,,0,102,,80552,36,,,0,98,,80553,36,,,0,99,,80554,36,,,0,99,,80555,36,,,0,98,,80556,36,,,0,81,,80557,36,,,0,78,,80558,36,,,0,99,,80559,36,,,0,102,,80560,36,,,0,100,,80561,36,,,0,33,,80562,36,,,0,66,,80563,36,,,0,97,,80564,36,,,0
500,'7_2',713,,82470,36,,,0,33,,82471,36,,,0,102,,82472,36,,,0,102,,82473,36,,,0,98,,82474,36,,,0,99,,82475,36,,,0,99,,82476,36,,,0,98,,82477,36,,,0,81,,82478,36,,,0,78,,82479,36,,,0,99,,82480,36,,,0,102,,82481,36,,,0,100,,82482,36,,,0,33,,82483,36,,,0,66,,82484,36,,,0,97,,82485,36,,,0
500,'7_3',713,,82486,36,,,0,33,,82487,36,,,0,102,,82488,36,,,0,102,,82489,36,,,0,98,,82490,36,,,0,99,,82491,36,,,0,99,,82492,36,,,0,98,,82493,36,,,0,81,,82494,36,,,0,78,,82495,36,,,0,99,,82496,36,,,0,102,,82497,36,,,0,100,,82498,36,,,0,33,,82499,36,,,0,66,,82500,36,,,0,97,,82501,36,,,0
500,'7_4',713,,79343,36,,,0,33,,79344,36,,,0,102,,79345,36,,,0,102,,79346,36,,,0,98,,79347,36,,,0,99,,79348,36,,,0,99,,79349,36,,,0,98,,79350,36,,,0,81,,79351,36,,,0,78,,79352,36,,,0,99,,79353,36,,,0,102,,79354,36,,,0,100,,79355,36,,,0,33,,79356,36,,,0,66,,79357,36,,,0,97,,79358,36,,,0
500,'7_5',713,,80565,36,,,0,33,,80566,36,,,0,102,,80567,36,,,0,102,,80568,36,,,0,98,,80569,36,,,0,99,,80570,36,,,0,99,,80571,36,,,0,98,,80572,36,,,0,81,,80573,36,,,0,78,,80574,36,,,0,99,,80575,36,,,0,102,,80576,36,,,0,100,,80577,36,,,0,33,,80578,36,,,0,66,,80579,36,,,0,97,,80580,36,,,0
500,'8_7',1232,,84032,36,,,0,191,,84033,36,,,0,191,,84034,36,,,0,144,,84035,36,,,0,191,,84036,36,,,0
700,'0_6',717,,66037,9,,,0,110,,66038,9,,,0,110,,66039,9,,,0,110,,66040,9,,,0,110,,66041,9,,,0,150,,66042,9,,,0,110,,66043,9,,,0,110,,66044,9,,,0,110,,66045,9,,,0,110,,66035,9,,,0,110,,66036,9,,,0
700,'7_1',716,,80677,9,,,0,110,,80679,9,,,0,110,,80680,9,,,0,110,,80681,9,,,0,110,,80682,9,,,0,150,,80683,9,,,0,110,,80684,9,,,0,110,,80685,9,,,0,110,,80686,9,,,0,110,,80687,9,,,0,110,,80678,9,,,0
700,'7_2',716,,82598,9,,,0,110,,82600,9,,,0,110,,82601,9,,,0,110,,82602,9,,,0,110,,82603,9,,,0,150,,82604,9,,,0,110,,82605,9,,,0,110,,82606,9,,,0,110,,82607,9,,,0,110,,82608,9,,,0,110,,82599,9,,,0
700,'7_3',716,,82609,9,,,0,110,,82611,9,,,0,110,,82612,9,,,0,110,,82613,9,,,0,110,,82614,9,,,0,150,,82615,9,,,0,110,,82616,9,,,0,110,,82617,9,,,0,110,,82618,9,,,0,110,,82619,9,,,0,110,,82610,9,,,0
700,'7_4',716,,79407,9,,,0,110,,79409,9,,,0,110,,79410,9,,,0,110,,79411,9,,,0,110,,79412,9,,,0,150,,79413,9,,,0,110,,79414,9,,,0,110,,79415,9,,,0,110,,79416,9,,,0,110,,79417,9,,,0,110,,79408,9,,,0
700,'7_5',716,,80688,9,,,0,110,,80690,9,,,0,110,,80691,9,,,0,110,,80692,9,,,0,110,,80693,9,,,0,150,,80694,9,,,0,110,,80695,9,,,0,110,,80696,9,,,0,110,,80697,9,,,0,110,,80698,9,,,0,110,,80689,9,,,0
800,'7_1',719,,80721,23,,,0,33,,80722,23,,,0,67,,80723,23,,,0,30,,80724,23,,,0,80,,80725,23,,,0,110,,80726,23,,,0,117,,80727,23,,,0,151,,80728,23,,,0,111,,80729,23,,,0,112,,80731,23,,,0,110,,80730,23,,,0
800,'7_2',719,,82642,23,,,0,33,,82643,23,,,0,67,,82644,23,,,0,30,,82645,23,,,0,80,,82646,23,,,0,110,,82647,23,,,0,117,,82648,23,,,0,151,,82649,23,,,0,111,,82650,23,,,0,112,,82652,23,,,0,110,,82651,23,,,0
800,'7_3',719,,82653,23,,,0,33,,82654,23,,,0,67,,82655,23,,,0,30,,82656,23,,,0,80,,82657,23,,,0,110,,82658,23,,,0,117,,82659,23,,,0,151,,82660,23,,,0,111,,82661,23,,,0,112,,82663,23,,,0,110,,82662,23,,,0
800,'7_4',719,,79429,23,,,0,33,,79430,23,,,0,67,,79431,23,,,0,30,,79432,23,,,0,80,,79433,23,,,0,110,,79434,23,,,0,117,,79435,23,,,0,151,,79436,23,,,0,111,,79437,23,,,0,112,,79439,23,,,0,110,,79438,23,,,0
800,'7_5',719,,80732,23,,,0,33,,80733,23,,,0,67,,80734,23,,,0,30,,80735,23,,,0,80,,80736,23,,,0,110,,80737,23,,,0,117,,80738,23,,,0,151,,80739,23,,,0,111,,80740,23,,,0,112,,80742,23,,,0,110,,80741,23,,,0
1500,'0_6',725,,67090,2,,,0,21,,67091,2,,,0,155,,67092,2,,,0,117,,67093,2,,,0,116,,67094,2,,,0,80,,67095,2,,,0,37,,67096,2,,,0,95,,67097,2,,,0,158,,67089,2,0,44,0,100,,67098,2,,,0,107,,67099,2,,,0,100,,67100,2,,,0,118,,67101,2,,,0
1500,'7_1',725,,80886,2,,,0,21,,80887,2,,,0,155,,80888,2,,,0,117,,80889,2,,,0,116,,80890,2,,,0,80,,80891,2,,,0,37,,80892,2,,,0,95,,80893,2,,,0,158,,80885,2,0,44,0,100,,80894,2,,,0,107,,80895,2,,,0,100,,80896,2,,,0,118,,80897,2,,,0
1500,'7_2',725,,82807,2,,,0,21,,82808,2,,,0,155,,82809,2,,,0,117,,82810,2,,,0,116,,82811,2,,,0,80,,82812,2,,,0,37,,82813,2,,,0,95,,82814,2,,,0,158,,82806,2,0,44,0,100,,82815,2,,,0,107,,82816,2,,,0,100,,82817,2,,,0,118,,82818,2,,,0
1500,'7_3',725,,82820,2,,,0,21,,82821,2,,,0,155,,82822,2,,,0,117,,82823,2,,,0,116,,82824,2,,,0,80,,82825,2,,,0,37,,82826,2,,,0,95,,82827,2,,,0,158,,82819,2,0,44,0,100,,82828,2,,,0,107,,82829,2,,,0,100,,82830,2,,,0,118,,82831,2,,,0
1500,'7_4',725,,79512,2,,,0,21,,79513,2,,,0,155,,79514,2,,,0,117,,79515,2,,,0,116,,79516,2,,,0,80,,79517,2,,,0,37,,79518,2,,,0,95,,79519,2,,,0,158,,79511,2,0,44,0,100,,79520,2,,,0,107,,79521,2,,,0,100,,79522,2,,,0,118,,79523,2,,,0
1500,'7_5',725,,80899,2,,,0,21,,80900,2,,,0,155,,80901,2,,,0,117,,80902,2,,,0,116,,80903,2,,,0,80,,80904,2,,,0,37,,80905,2,,,0,95,,80906,2,,,0,158,,80898,2,0,44,0,100,,80907,2,,,0,107,,80908,2,,,0,100,,80909,2,,,0,118,,80910,2,,,0
2600,'0_6',728,,67928,15,,,0,85,,67929,15,,,0,45,,67930,15,,,0,85,,67931,15,,,0,84,,67932,15,,,0,90,,67933,15,,,0,84,,67934,15,,,0,42,,67935,15,,,0,85,,67936,15,,,0,85,,67937,15,,,0,43,,67938,15,,,0,85,,67939,15,,,0,90,,67940,15,,,0,86,,67941,15,,,0,83,,67942,15,,,0,45,,67943,15,,,0,83,,67944,15,,,0
2600,'7_1',728,,81048,15,,,0,85,,81049,15,,,0,45,,81050,15,,,0,85,,81051,15,,,0,84,,81052,15,,,0,90,,81053,15,,,0,84,,81054,15,,,0,42,,81055,15,,,0,85,,81056,15,,,0,85,,81057,15,,,0,43,,81058,15,,,0,85,,81059,15,,,0,90,,81060,15,,,0,86,,81061,15,,,0,83,,81062,15,,,0,45,,81063,15,,,0,83,,81064,15,,,0
2600,'7_2',728,,82968,15,,,0,85,,82969,15,,,0,45,,82970,15,,,0,85,,82971,15,,,0,84,,82972,15,,,0,90,,82973,15,,,0,84,,82974,15,,,0,42,,82975,15,,,0,85,,82976,15,,,0,85,,82977,15,,,0,43,,82978,15,,,0,85,,82979,15,,,0,90,,82980,15,,,0,86,,82981,15,,,0,83,,82982,15,,,0,45,,82983,15,,,0,83,,82984,15,,,0
2600,'7_3',728,,82985,15,,,0,85,,82986,15,,,0,45,,82987,15,,,0,85,,82988,15,,,0,84,,82989,15,,,0,90,,82990,15,,,0,84,,82991,15,,,0,42,,82992,15,,,0,85,,82993,15,,,0,85,,82994,15,,,0,43,,82995,15,,,0,85,,82996,15,,,0,90,,82997,15,,,0,86,,82998,15,,,0,83,,82999,15,,,0,45,,83000,15,,,0,83,,83001,15,,,0
2600,'7_4',728,,79592,15,,,0,85,,79593,15,,,0,45,,79594,15,,,0,85,,79595,15,,,0,84,,79596,15,,,0,90,,79597,15,,,0,84,,79598,15,,,0,42,,79599,15,,,0,85,,79600,15,,,0,85,,79601,15,,,0,43,,79602,15,,,0,85,,79603,15,,,0,90,,79604,15,,,0,86,,79605,15,,,0,83,,79606,15,,,0,45,,79607,15,,,0,83,,79608,15,,,0
2600,'7_5',728,,81065,15,,,0,85,,81066,15,,,0,45,,81067,15,,,0,85,,81068,15,,,0,84,,81069,15,,,0,90,,81070,15,,,0,84,,81071,15,,,0,42,,81072,15,,,0,85,,81073,15,,,0,85,,81074,15,,,0,43,,81075,15,,,0,85,,81076,15,,,0,90,,81077,15,,,0,86,,81078,15,,,0,83,,81079,15,,,0,45,,81080,15,,,0,83,,81081,15,,,0
901500,'0_6',856,,68498,10,,,0,60,,68499,10,,,0,20,,68500,10,,,0,20,,68501,10,,,0,60,,68502,10,,,0,20,,68503,10,,,0,20,,68504,10,,,0,60,,68505,10,,,0,20,,68506,10,,,0,20,,68507,10,,,0,60,,68508,10,,,0,20,,68509,10,,,0,20,,68510,10,,,0,60,,68511,10,,,0,20,,68512,10,,,0,20,,68513,10,,,0,60,,68514,10,,,0,20,,68515,10,,,0,20,,68516,10,,,0,80,,68517,10,,,0,20,,68518,10,,,0,60,,68519,10,,,0,20,,68520,10,,,0,20,,68521,10,,,0,60,,68522,10,,,0,20,,68523,10,,,0,20,,68524,10,,,0,60,,68525,10,,,0,20,,68526,10,,,0,20,,68527,10,,,0,60,,68528,10,,,0,20,,68529,10,,,0
901500,'7_1',856,,81148,10,,,0,60,,81149,10,,,0,20,,81150,10,,,0,20,,81151,10,,,0,60,,81152,10,,,0,20,,81153,10,,,0,20,,81154,10,,,0,60,,81155,10,,,0,20,,81156,10,,,0,20,,81157,10,,,0,60,,81158,10,,,0,20,,81159,10,,,0,20,,81160,10,,,0,60,,81161,10,,,0,20,,81162,10,,,0,20,,81163,10,,,0,60,,81164,10,,,0,20,,81165,10,,,0,20,,81166,10,,,0,80,,81167,10,,,0,20,,81168,10,,,0,60,,81169,10,,,0,20,,81170,10,,,0,20,,81171,10,,,0,60,,81172,10,,,0,20,,81173,10,,,0,20,,81174,10,,,0,60,,81175,10,,,0,20,,81176,10,,,0,20,,81177,10,,,0,60,,81178,10,,,0,20,,81179,10,,,0
901500,'7_2',856,,83068,10,,,0,60,,83069,10,,,0,20,,83070,10,,,0,20,,83071,10,,,0,60,,83072,10,,,0,20,,83073,10,,,0,20,,83074,10,,,0,60,,83075,10,,,0,20,,83076,10,,,0,20,,83077,10,,,0,60,,83078,10,,,0,20,,83079,10,,,0,20,,83080,10,,,0,60,,83081,10,,,0,20,,83082,10,,,0,20,,83083,10,,,0,60,,83084,10,,,0,20,,83085,10,,,0,20,,83086,10,,,0,80,,83087,10,,,0,20,,83088,10,,,0,60,,83089,10,,,0,20,,83090,10,,,0,20,,83091,10,,,0,60,,83092,10,,,0,20,,83093,10,,,0,20,,83094,10,,,0,60,,83095,10,,,0,20,,83096,10,,,0,20,,83097,10,,,0,60,,83098,10,,,0,20,,83099,10,,,0
901500,'7_3',856,,83100,10,,,0,60,,83101,10,,,0,20,,83102,10,,,0,20,,83103,10,,,0,60,,83104,10,,,0,20,,83105,10,,,0,20,,83106,10,,,0,60,,83107,10,,,0,20,,83108,10,,,0,20,,83109,10,,,0,60,,83110,10,,,0,20,,83111,10,,,0,20,,83112,10,,,0,60,,83113,10,,,0,20,,83114,10,,,0,20,,83115,10,,,0,60,,83116,10,,,0,20,,83117,10,,,0,20,,83118,10,,,0,80,,83119,10,,,0,20,,83120,10,,,0,60,,83121,10,,,0,20,,83122,10,,,0,20,,83123,10,,,0,60,,83124,10,,,0,20,,83125,10,,,0,20,,83126,10,,,0,60,,83127,10,,,0,20,,83128,10,,,0,20,,83129,10,,,0,60,,83130,10,,,0,20,,83131,10,,,0
901500,'7_4',856,,79642,10,,,0,60,,79643,10,,,0,20,,79644,10,,,0,20,,79645,10,,,0,60,,79646,10,,,0,20,,79647,10,,,0,20,,79648,10,,,0,60,,79649,10,,,0,20,,79650,10,,,0,20,,79651,10,,,0,60,,79652,10,,,0,20,,79653,10,,,0,20,,79654,10,,,0,60,,79655,10,,,0,20,,79656,10,,,0,20,,79657,10,,,0,60,,79658,10,,,0,20,,79659,10,,,0,20,,79660,10,,,0,80,,79661,10,,,0,20,,79662,10,,,0,60,,79663,10,,,0,20,,79664,10,,,0,20,,79665,10,,,0,60,,79666,10,,,0,20,,79667,10,,,0,20,,79668,10,,,0,60,,79669,10,,,0,20,,79670,10,,,0,20,,79671,10,,,0,60,,79672,10,,,0,20,,79673,10,,,0
901500,'7_5',856,,81180,10,,,0,60,,81181,10,,,0,20,,81182,10,,,0,20,,81183,10,,,0,60,,81184,10,,,0,20,,81185,10,,,0,20,,81186,10,,,0,60,,81187,10,,,0,20,,81188,10,,,0,20,,81189,10,,,0,60,,81190,10,,,0,20,,81191,10,,,0,20,,81192,10,,,0,60,,81193,10,,,0,20,,81194,10,,,0,20,,81195,10,,,0,60,,81196,10,,,0,20,,81197,10,,,0,20,,81198,10,,,0,80,,81199,10,,,0,20,,81200,10,,,0,60,,81201,10,,,0,20,,81202,10,,,0,20,,81203,10,,,0,60,,81204,10,,,0,20,,81205,10,,,0,20,,81206,10,,,0,60,,81207,10,,,0,20,,81208,10,,,0,20,,81209,10,,,0,60,,81210,10,,,0,20,,81211,10,,,0
1000000,'0_6',544,,68818,16,0,31 33,0,81,,68819,16,0,31 33,0,81,,68829,16,,,0,42,,68830,16,,,0,56,,68831,16,0,31 33,0,15,,68832,16,0,31 33,0,15,,68833,16,,,0,15,,68834,16,0,31 33,0,55,,68835,16,0,31 33,0,15,,68836,16,,,0,15,,68837,16,0,31 33,0,16,,68873,16,0,31 33,0,56,,68838,16,,,0,16,,68839,16,0,31 33,0,15,,68840,16,,,0,16,,68841,16,0,31 33,0,56,,68842,16,0,31 33,0,16,,68843,16,,,0,16,,68844,16,0,31 33,0,15,,68845,16,0,31 33,0,56,,68846,16,,,0,15,,68847,16,0,31 33,0,15,,68848,16,0,31 33,0,15,,68849,16,,,0,55,,68850,16,0,31 33,0,15,,68851,16,,,0,16,,68852,16,0,31 33,0,15,,68853,16,0,31 33,0,55,,68854,16,,,0,16,,68855,16,0,31 33,0,16,,68856,16,0,31 33,0,56,,68857,16,,,0,16,,68858,16,0,31 33,0,16,,68859,16,0,31 33,0,16,,68860,16,,,0,56,,68861,16,0,31 33,0,16,,68862,16,,,0,16,,68863,16,0,31 33,0,17,,68864,16,0,31 33,0,56,,68865,16,,,0,16,,68866,16,0,31 33,0,16,,68868,16,0,31 33,0,16,,68867,16,,,0,55,,68869,16,0,31 33,0,15,,68870,16,,,0,15,,68871,16,0,31 33,0,15,,68872,16,0,31 33,0,55,,68820,16,0,31 33,0,15,,68821,16,0,31 33,0,15,,68822,16,0,31 33,0,16,,68823,16,0,31 33,0,60,,68824,16,0,31 33,0,20,,68825,16,0,31 33,0,19,,68826,16,0,31 33,0,59,,68827,16,0,31 33,0,19,,68828,16,0,31 33,0
1000000,'1_7',818,,68874,16,0,31 33,0,40,,68875,16,0,31 33,0,80,,68876,16,0,31 33,0,80,,68877,16,0,31 33,0,40,,68878,16,0,31 33,0,80,,68879,16,0,31 33,0,80,,68880,16,0,31 33,0,40,,68881,16,0,31 33,0,80,,68882,16,0,31 33,0,80,,68883,16,0,31 33,0,40,,68884,16,0,31 33,0,80,,68885,16,0,31 33,0,80,,68886,16,0,31 33,0,40,,68887,16,0,31 33,0,80,,68888,16,0,31 33,0,80,,68889,16,0,31 33,0,40,,68890,16,0,31 33,0,80,,68891,16,0,31 33,0
1000000,'7_1',549,,81212,16,0,31 33,0,60,,81213,16,0,31 33,0,20,,81214,16,0,31 33,0,20,,81215,16,,,0,55,,81241,16,,,0,14,,81230,16,,,0,14,,81265,16,,,0,15,,81251,16,,,0,55,,81256,16,,,0,15,,81266,16,,,0,14,,81243,16,,,0,15,,81253,16,0,31 33,0,55,,81258,16,,,0,16,,81226,16,0,31 33,0,15,,81229,16,,,0,16,,81260,16,0,31 33,0,55,,81259,16,,,0,16,,81248,16,0,31 33,0,15,,81218,16,,,0,16,,81244,16,0,31 33,0,56,,81227,16,,,0,16,,81245,16,0,31 33,0,16,,81239,16,,,0,16,,81236,16,0,31 33,0,56,,81234,16,,,0,16,,81250,16,0,31 33,0,15,,81220,16,,,0,15,,81216,16,0,31 33,0,55,,81262,16,,,0,15,,81242,16,0,31 33,0,16,,81219,16,,,0,16,,81237,16,0,31 33,0,55,,81257,16,,,0,14,,81235,16,0,31 33,0,14,,81232,16,,,0,14,,81231,16,0,31 33,0,54,,81240,16,,,0,14,,81249,16,0,31 33,0,14,,81252,16,,,0,14,,81267,16,,,0,54,,81268,16,,,0,14,,81263,16,,,0,14,,81269,16,,,0,16,,81255,16,,,0,55,,81270,16,,,0,15,,81223,16,,,0,15,,81271,16,,,0,15,,81222,16,,,0,55,,81272,16,,,0,14,,81264,16,,,0,14,,81233,16,0,31 33,0,15,,81217,16,0,31 33,0,55,,81228,16,,,0,15,,81224,16,0,31 33,0,19,,81238,16,0,31 33,0,20,,81225,16,0,31 33,0,61,,81221,16,0,31 33,0,20,,81254,16,0,31 33,0,20,,81246,16,0,31 33,0,60,,81247,16,0,31 33,0,20,,81261,16,0,31 33,0
1000000,'7_2',549,,83132,16,0,31 33,0,60,,83133,16,0,31 33,0,20,,83134,16,0,31 33,0,20,,83135,16,,,0,55,,83161,16,,,0,14,,83150,16,,,0,14,,83185,16,,,0,15,,83171,16,,,0,55,,83176,16,,,0,15,,83186,16,,,0,14,,83163,16,,,0,15,,83173,16,0,31 33,0,55,,83178,16,,,0,16,,83146,16,0,31 33,0,15,,83149,16,,,0,16,,83180,16,0,31 33,0,55,,83179,16,,,0,16,,83168,16,0,31 33,0,15,,83138,16,,,0,16,,83164,16,0,31 33,0,56,,83147,16,,,0,16,,83165,16,0,31 33,0,16,,83159,16,,,0,16,,83156,16,0,31 33,0,56,,83154,16,,,0,16,,83170,16,0,31 33,0,15,,83140,16,,,0,15,,83136,16,0,31 33,0,55,,83182,16,,,0,15,,83162,16,0,31 33,0,16,,83139,16,,,0,16,,83157,16,0,31 33,0,55,,83177,16,,,0,14,,83155,16,0,31 33,0,14,,83152,16,,,0,14,,83151,16,0,31 33,0,54,,83160,16,,,0,14,,83169,16,0,31 33,0,14,,83172,16,,,0,14,,83187,16,,,0,54,,83188,16,,,0,14,,83183,16,,,0,14,,83189,16,,,0,16,,83175,16,,,0,55,,83190,16,,,0,15,,83143,16,,,0,15,,83191,16,,,0,15,,83142,16,,,0,55,,83192,16,,,0,14,,83184,16,,,0,14,,83153,16,0,31 33,0,15,,83137,16,0,31 33,0,55,,83148,16,,,0,15,,83144,16,0,31 33,0,19,,83158,16,0,31 33,0,20,,83145,16,0,31 33,0,61,,83141,16,0,31 33,0,20,,83174,16,0,31 33,0,20,,83166,16,0,31 33,0,60,,83167,16,0,31 33,0,20,,83181,16,0,31 33,0
1000000,'7_3',549,,83193,16,0,31 33,0,60,,83194,16,0,31 33,0,20,,83195,16,0,31 33,0,20,,83196,16,,,0,55,,83222,16,,,0,14,,83211,16,,,0,14,,83246,16,,,0,15,,83232,16,,,0,55,,83237,16,,,0,15,,83247,16,,,0,14,,83224,16,,,0,15,,83234,16,0,31 33,0,55,,83239,16,,,0,16,,83207,16,0,31 33,0,15,,83210,16,,,0,16,,83241,16,0,31 33,0,55,,83240,16,,,0,16,,83229,16,0,31 33,0,15,,83199,16,,,0,16,,83225,16,0,31 33,0,56,,83208,16,,,0,16,,83226,16,0,31 33,0,16,,83220,16,,,0,16,,83217,16,0,31 33,0,56,,83215,16,,,0,16,,83231,16,0,31 33,0,15,,83201,16,,,0,15,,83197,16,0,31 33,0,55,,83243,16,,,0,15,,83223,16,0,31 33,0,16,,83200,16,,,0,16,,83218,16,0,31 33,0,55,,83238,16,,,0,14,,83216,16,0,31 33,0,14,,83213,16,,,0,14,,83212,16,0,31 33,0,54,,83221,16,,,0,14,,83230,16,0,31 33,0,14,,83233,16,,,0,14,,83248,16,,,0,54,,83249,16,,,0,14,,83244,16,,,0,14,,83250,16,,,0,16,,83236,16,,,0,55,,83251,16,,,0,15,,83204,16,,,0,15,,83252,16,,,0,15,,83203,16,,,0,55,,83253,16,,,0,14,,83245,16,,,0,14,,83214,16,0,31 33,0,15,,83198,16,0,31 33,0,55,,83209,16,,,0,15,,83205,16,0,31 33,0,19,,83219,16,0,31 33,0,20,,83206,16,0,31 33,0,61,,83202,16,0,31 33,0,20,,83235,16,0,31 33,0,20,,83227,16,0,31 33,0,60,,83228,16,0,31 33,0,20,,83242,16,0,31 33,0
1000000,'7_4',549,,79674,16,0,31 33,0,60,,79675,16,0,31 33,0,20,,79676,16,0,31 33,0,20,,79677,16,,,0,55,,79703,16,,,0,14,,79692,16,,,0,14,,79727,16,,,0,15,,79713,16,,,0,55,,79718,16,,,0,15,,79728,16,,,0,14,,79705,16,,,0,15,,79715,16,0,31 33,0,55,,79720,16,,,0,16,,79688,16,0,31 33,0,15,,79691,16,,,0,16,,79722,16,0,31 33,0,55,,79721,16,,,0,16,,79710,16,0,31 33,0,15,,79680,16,,,0,16,,79706,16,0,31 33,0,56,,79689,16,,,0,16,,79707,16,0,31 33,0,16,,79701,16,,,0,16,,79698,16,0,31 33,0,56,,79696,16,,,0,16,,79712,16,0,31 33,0,15,,79682,16,,,0,15,,79678,16,0,31 33,0,55,,79724,16,,,0,15,,79704,16,0,31 33,0,16,,79681,16,,,0,16,,79699,16,0,31 33,0,55,,79719,16,,,0,14,,79697,16,0,31 33,0,14,,79694,16,,,0,14,,79693,16,0,31 33,0,54,,79702,16,,,0,14,,79711,16,0,31 33,0,14,,79714,16,,,0,14,,79729,16,,,0,54,,79730,16,,,0,14,,79725,16,,,0,14,,79731,16,,,0,16,,79717,16,,,0,55,,79732,16,,,0,15,,79685,16,,,0,15,,79733,16,,,0,15,,79684,16,,,0,55,,79734,16,,,0,14,,79726,16,,,0,14,,79695,16,0,31 33,0,15,,79679,16,0,31 33,0,55,,79690,16,,,0,15,,79686,16,0,31 33,0,19,,79700,16,0,31 33,0,20,,79687,16,0,31 33,0,61,,79683,16,0,31 33,0,20,,79716,16,0,31 33,0,20,,79708,16,0,31 33,0,60,,79709,16,0,31 33,0,20,,79723,16,0,31 33,0
1000000,'7_5',549,,81273,16,0,31 33,0,60,,81274,16,0,31 33,0,20,,81275,16,0,31 33,0,20,,81276,16,,,0,55,,81302,16,,,0,14,,81291,16,,,0,14,,81326,16,,,0,15,,81312,16,,,0,55,,81317,16,,,0,15,,81327,16,,,0,14,,81304,16,,,0,15,,81314,16,0,31 33,0,55,,81319,16,,,0,16,,81287,16,0,31 33,0,15,,81290,16,,,0,16,,81321,16,0,31 33,0,55,,81320,16,,,0,16,,81309,16,0,31 33,0,15,,81279,16,,,0,16,,81305,16,0,31 33,0,56,,81288,16,,,0,16,,81306,16,0,31 33,0,16,,81300,16,,,0,16,,81297,16,0,31 33,0,56,,81295,16,,,0,16,,81311,16,0,31 33,0,15,,81281,16,,,0,15,,81277,16,0,31 33,0,55,,81323,16,,,0,15,,81303,16,0,31 33,0,16,,81280,16,,,0,16,,81298,16,0,31 33,0,55,,81318,16,,,0,14,,81296,16,0,31 33,0,14,,81293,16,,,0,14,,81292,16,0,31 33,0,54,,81301,16,,,0,14,,81310,16,0,31 33,0,14,,81313,16,,,0,14,,81328,16,,,0,54,,81329,16,,,0,14,,81324,16,,,0,14,,81330,16,,,0,16,,81316,16,,,0,55,,81331,16,,,0,15,,81284,16,,,0,15,,81332,16,,,0,15,,81283,16,,,0,55,,81333,16,,,0,14,,81325,16,,,0,14,,81294,16,0,31 33,0,15,,81278,16,0,31 33,0,55,,81289,16,,,0,15,,81285,16,0,31 33,0,19,,81299,16,0,31 33,0,20,,81286,16,0,31 33,0,61,,81282,16,0,31 33,0,20,,81315,16,0,31 33,0,20,,81307,16,0,31 33,0,60,,81308,16,0,31 33,0,20,,81322,16,0,31 33,0
1000000,'8_7',818,,84077,16,0,31 33,0,40,,84078,16,0,31 33,0,80,,84079,16,0,31 33,0,80,,84080,16,0,31 33,0,40,,84081,16,0,31 33,0,80,,84082,16,0,31 33,0,80,,84083,16,0,31 33,0,40,,84084,16,0,31 33,0,80,,84085,16,0,31 33,0,80,,84086,16,0,31 33,0,40,,84087,16,0,31 33,0,80,,84088,16,0,31 33,0,80,,84089,16,0,31 33,0,40,,84090,16,0,31 33,0,80,,84091,16,0,31 33,0,80,,84092,16,0,31 33,0,40,,84093,16,0,31 33,0,80,,84094,16,0,31 33,0
2000000,'0_6',650,,70109,14,,,0,81,,70110,14,,,0,79,,70111,14,,,0,30,,70112,14,,,0,60,,70113,14,,,0,20,,70114,14,,,0,19,,70115,14,,,0,18,,70116,14,,,0,60,,70117,14,,,0,20,,70118,14,,,0,18,,70119,14,,,0,59,,70120,14,,,0,19,,70121,14,,,0,20,,70122,14,,,0,58,,70123,14,,,0,19,,70124,14,,,0,18,,70125,14,,,0,59,,70126,14,,,0,19,,70127,14,,,0,19,,70128,14,,,0,58,,70129,14,,,0,19,,70130,14,,,0,20,,70131,14,,,0,60,,70132,14,,,0,19,,70133,14,,,0,19,,70134,14,,,0,60,,70135,14,,,0,20,,70136,14,,,0,20,,70137,14,,,0,60,,70138,14,,,0,19,,70139,14,,,0,20,,70140,14,,,0,20,,70141,14,,,0,60,,70142,14,,,0,18,,70143,14,,,0,20,,70144,14,,,0,64,,70145,14,,,0,24,,70146,14,,,0,65,,70147,14,,,0,24,,70148,14,,,0,25,,70149,14,,,0
2000000,'1_7',827,,70150,14,,,0,80,,70151,14,,,0,40,,70152,14,,,0,80,,70153,14,,,0,80,,70154,14,,,0,40,,70155,14,,,0,80,,70156,14,,,0,80,,70157,14,,,0,40,,70158,14,,,0,80,,70159,14,,,0,80,,70160,14,,,0,40,,70161,14,,,0,80,,70162,14,,,0,80,,70163,14,,,0,40,,70164,14,,,0,80,,70165,14,,,0,80,,70166,14,,,0,40,,70167,14,,,0
2000000,'7_1',650,,81458,14,,,0,65,,81459,14,,,0,25,,81499,14,,,0,60,,81460,14,,,0,21,,81461,14,,,0,20,,81462,14,,,0,61,,81463,14,,,0,20,,81464,14,,,0,19,,81465,14,,,0,18,,81466,14,,,0,58,,81467,14,,,0,19,,81468,14,,,0,19,,81469,14,,,0,59,,81470,14,,,0,19,,81471,14,,,0,19,,81472,14,,,0,59,,81473,14,,,0,19,,81474,14,,,0,19,,81475,14,,,0,59,,81476,14,,,0,18,,81477,14,,,0,19,,81478,14,,,0,59,,81479,14,,,0,19,,81480,14,,,0,20,,81481,14,,,0,60,,81482,14,,,0,19,,81483,14,,,0,19,,81484,14,,,0,59,,81485,14,,,0,20,,81486,14,,,0,20,,81487,14,,,0,61,,81488,14,,,0,21,,81489,14,,,0,21,,81490,14,,,0,61,,81491,14,,,0,21,,81492,14,,,0,21,,81493,14,,,0,61,,81494,14,,,0,20,,81495,14,,,0,19,,81496,14,,,0,64,,81497,14,,,0,24,,81498,14,,,0,25,,81500,14,,,0
2000000,'7_2',650,,83378,14,,,0,65,,83379,14,,,0,25,,83419,14,,,0,60,,83380,14,,,0,21,,83381,14,,,0,20,,83382,14,,,0,61,,83383,14,,,0,20,,83384,14,,,0,19,,83385,14,,,0,18,,83386,14,,,0,58,,83387,14,,,0,19,,83388,14,,,0,19,,83389,14,,,0,59,,83390,14,,,0,19,,83391,14,,,0,19,,83392,14,,,0,59,,83393,14,,,0,19,,83394,14,,,0,19,,83395,14,,,0,59,,83396,14,,,0,18,,83397,14,,,0,19,,83398,14,,,0,59,,83399,14,,,0,19,,83400,14,,,0,20,,83401,14,,,0,60,,83402,14,,,0,19,,83403,14,,,0,19,,83404,14,,,0,59,,83405,14,,,0,20,,83406,14,,,0,20,,83407,14,,,0,61,,83408,14,,,0,21,,83409,14,,,0,21,,83410,14,,,0,61,,83411,14,,,0,21,,83412,14,,,0,21,,83413,14,,,0,61,,83414,14,,,0,20,,83415,14,,,0,19,,83416,14,,,0,64,,83417,14,,,0,24,,83418,14,,,0,25,,83420,14,,,0
2000000,'7_3',650,,83421,14,,,0,65,,83422,14,,,0,25,,83462,14,,,0,60,,83423,14,,,0,21,,83424,14,,,0,20,,83425,14,,,0,61,,83426,14,,,0,20,,83427,14,,,0,19,,83428,14,,,0,18,,83429,14,,,0,58,,83430,14,,,0,19,,83431,14,,,0,19,,83432,14,,,0,59,,83433,14,,,0,19,,83434,14,,,0,19,,83435,14,,,0,59,,83436,14,,,0,19,,83437,14,,,0,19,,83438,14,,,0,59,,83439,14,,,0,18,,83440,14,,,0,19,,83441,14,,,0,59,,83442,14,,,0,19,,83443,14,,,0,20,,83444,14,,,0,60,,83445,14,,,0,19,,83446,14,,,0,19,,83447,14,,,0,59,,83448,14,,,0,20,,83449,14,,,0,20,,83450,14,,,0,61,,83451,14,,,0,21,,83452,14,,,0,21,,83453,14,,,0,61,,83454,14,,,0,21,,83455,14,,,0,21,,83456,14,,,0,61,,83457,14,,,0,20,,83458,14,,,0,19,,83459,14,,,0,64,,83460,14,,,0,24,,83461,14,,,0,25,,83463,14,,,0
2000000,'7_4',650,,79797,14,,,0,65,,79798,14,,,0,25,,79838,14,,,0,60,,79799,14,,,0,21,,79800,14,,,0,20,,79801,14,,,0,61,,79802,14,,,0,20,,79803,14,,,0,19,,79804,14,,,0,18,,79805,14,,,0,58,,79806,14,,,0,19,,79807,14,,,0,19,,79808,14,,,0,59,,79809,14,,,0,19,,79810,14,,,0,19,,79811,14,,,0,59,,79812,14,,,0,19,,79813,14,,,0,19,,79814,14,,,0,59,,79815,14,,,0,18,,79816,14,,,0,19,,79817,14,,,0,59,,79818,14,,,0,19,,79819,14,,,0,20,,79820,14,,,0,60,,79821,14,,,0,19,,79822,14,,,0,19,,79823,14,,,0,59,,79824,14,,,0,20,,79825,14,,,0,20,,79826,14,,,0,61,,79827,14,,,0,21,,79828,14,,,0,21,,79829,14,,,0,61,,79830,14,,,0,21,,79831,14,,,0,21,,79832,14,,,0,61,,79833,14,,,0,20,,79834,14,,,0,19,,79835,14,,,0,64,,79836,14,,,0,24,,79837,14,,,0,25,,79839,14,,,0
2000000,'7_5',650,,81501,14,,,0,65,,81502,14,,,0,25,,81542,14,,,0,60,,81503,14,,,0,21,,81504,14,,,0,20,,81505,14,,,0,61,,81506,14,,,0,20,,81507,14,,,0,19,,81508,14,,,0,18,,81509,14,,,0,58,,81510,14,,,0,19,,81511,14,,,0,19,,81512,14,,,0,59,,81513,14,,,0,19,,81514,14,,,0,19,,81515,14,,,0,59,,81516,14,,,0,19,,81517,14,,,0,19,,81518,14,,,0,59,,81519,14,,,0,18,,81520,14,,,0,19,,81521,14,,,0,59,,81522,14,,,0,19,,81523,14,,,0,20,,81524,14,,,0,60,,81525,14,,,0,19,,81526,14,,,0,19,,81527,14,,,0,59,,81528,14,,,0,20,,81529,14,,,0,20,,81530,14,,,0,61,,81531,14,,,0,21,,81532,14,,,0,21,,81533,14,,,0,61,,81534,14,,,0,21,,81535,14,,,0,21,,81536,14,,,0,61,,81537,14,,,0,20,,81538,14,,,0,19,,81539,14,,,0,64,,81540,14,,,0,24,,81541,14,,,0,25,,81543,14,,,0
2000000,'8_7',827,,84113,14,,,0,80,,84114,14,,,0,40,,84115,14,,,0,80,,84116,14,,,0,80,,84117,14,,,0,40,,84118,14,,,0,80,,84119,14,,,0,80,,84120,14,,,0,40,,84121,14,,,0,80,,84122,14,,,0,80,,84123,14,,,0,40,,84124,14,,,0,80,,84125,14,,,0,80,,84126,14,,,0,40,,84127,14,,,0,80,,84128,14,,,0,80,,84129,14,,,0,40,,84130,14,,,0
3000000,'0_6',642,,71221,10,,,0,81,,71222,10,,,0,81,,71223,10,,,0,30,,71224,10,,,0,20,,71225,10,,,0,60,,71226,10,,,0,21,,71227,10,,,0,20,,71228,10,,,0,60,,71229,10,,,0,20,,71230,10,,,0,20,,71231,10,,,0,59,,71232,10,,,0,20,,71233,10,,,0,20,,71234,10,,,0,60,,71235,10,,,0,19,,71236,10,,,0,20,,71237,10,,,0,60,,71238,10,,,0,20,,71239,10,,,0,20,,71240,10,,,0,61,,71241,10,,,0,20,,71242,10,,,0,20,,71243,10,,,0,60,,71244,10,,,0,20,,71245,10,,,0,20,,71246,10,,,0,60,,71247,10,,,0,20,,71248,10,,,0,20,,71249,10,,,0,60,,71250,10,,,0,20,,71251,10,,,0,20,,71252,10,,,0,59,,71253,10,,,0,20,,71254,10,,,0,19,,71255,10,,,0,70,,71256,10,,,0,30,,71257,10,,,0,70,,71258,10,,,0,29,,71259,10,,,0
3000000,'1_7',803,,71260,10,,,0,130,,71261,10,,,0,170,,71262,10,,,0,130,,71263,10,,,0,170,,71264,10,,,0,130,,71265,10,,,0,170,,71266,10,,,0,129,,71267,10,,,0,170,,71268,10,,,0
3000000,'7_1',638,,81705,10,,,0,20,,81704,10,,,0,60,,81664,10,,,0,20,,81665,10,,,0,20,,81666,10,,,0,60,,81667,10,,,0,20,,81668,10,,,0,21,,81669,10,,,0,60,,81670,10,,,0,20,,81671,10,,,0,61,,81672,10,,,0,20,,81673,10,,,0,20,,81674,10,,,0,60,,81675,10,,,0,20,,81676,10,,,0,20,,81677,10,,,0,60,,81678,10,,,0,19,,81679,10,,,0,20,,81680,10,,,0,20,,81681,10,,,0,61,,81682,10,,,0,20,,81683,10,,,0,60,,81684,10,,,0,20,,81685,10,,,0,19,,81686,10,,,0,20,,81687,10,,,0,60,,81688,10,,,0,20,,81689,10,,,0,20,,81690,10,,,0,59,,81691,10,,,0,20,,81692,10,,,0,21,,81693,10,,,0,60,,81694,10,,,0,21,,81695,10,,,0,60,,81696,10,,,0,20,,81697,10,,,0,19,,81698,10,,,0,19,,81699,10,,,0,58,,81700,10,,,0,29,,81701,10,,,0,73,,81702,10,,,0,33,,81703,10,,,0
3000000,'7_2',638,,83625,10,,,0,20,,83624,10,,,0,60,,83584,10,,,0,20,,83585,10,,,0,20,,83586,10,,,0,60,,83587,10,,,0,20,,83588,10,,,0,21,,83589,10,,,0,60,,83590,10,,,0,20,,83591,10,,,0,61,,83592,10,,,0,20,,83593,10,,,0,20,,83594,10,,,0,60,,83595,10,,,0,20,,83596,10,,,0,20,,83597,10,,,0,60,,83598,10,,,0,19,,83599,10,,,0,20,,83600,10,,,0,20,,83601,10,,,0,61,,83602,10,,,0,20,,83603,10,,,0,60,,83604,10,,,0,20,,83605,10,,,0,19,,83606,10,,,0,20,,83607,10,,,0,60,,83608,10,,,0,20,,83609,10,,,0,20,,83610,10,,,0,59,,83611,10,,,0,20,,83612,10,,,0,21,,83613,10,,,0,60,,83614,10,,,0,21,,83615,10,,,0,60,,83616,10,,,0,20,,83617,10,,,0,19,,83618,10,,,0,19,,83619,10,,,0,58,,83620,10,,,0,29,,83621,10,,,0,73,,83622,10,,,0,33,,83623,10,,,0
3000000,'7_3',638,,83667,10,,,0,20,,83666,10,,,0,60,,83626,10,,,0,20,,83627,10,,,0,20,,83628,10,,,0,60,,83629,10,,,0,20,,83630,10,,,0,21,,83631,10,,,0,60,,83632,10,,,0,20,,83633,10,,,0,61,,83634,10,,,0,20,,83635,10,,,0,20,,83636,10,,,0,60,,83637,10,,,0,20,,83638,10,,,0,20,,83639,10,,,0,60,,83640,10,,,0,19,,83641,10,,,0,20,,83642,10,,,0,20,,83643,10,,,0,61,,83644,10,,,0,20,,83645,10,,,0,60,,83646,10,,,0,20,,83647,10,,,0,19,,83648,10,,,0,20,,83649,10,,,0,60,,83650,10,,,0,20,,83651,10,,,0,20,,83652,10,,,0,59,,83653,10,,,0,20,,83654,10,,,0,21,,83655,10,,,0,60,,83656,10,,,0,21,,83657,10,,,0,60,,83658,10,,,0,20,,83659,10,,,0,19,,83660,10,,,0,19,,83661,10,,,0,58,,83662,10,,,0,29,,83663,10,,,0,73,,83664,10,,,0,33,,83665,10,,,0
3000000,'7_4',638,,79941,10,,,0,20,,79940,10,,,0,60,,79900,10,,,0,20,,79901,10,,,0,20,,79902,10,,,0,60,,79903,10,,,0,20,,79904,10,,,0,21,,79905,10,,,0,60,,79906,10,,,0,20,,79907,10,,,0,61,,79908,10,,,0,20,,79909,10,,,0,20,,79910,10,,,0,60,,79911,10,,,0,20,,79912,10,,,0,20,,79913,10,,,0,60,,79914,10,,,0,19,,79915,10,,,0,20,,79916,10,,,0,20,,79917,10,,,0,61,,79918,10,,,0,20,,79919,10,,,0,60,,79920,10,,,0,20,,79921,10,,,0,19,,79922,10,,,0,20,,79923,10,,,0,60,,79924,10,,,0,20,,79925,10,,,0,20,,79926,10,,,0,59,,79927,10,,,0,20,,79928,10,,,0,21,,79929,10,,,0,60,,79930,10,,,0,21,,79931,10,,,0,60,,79932,10,,,0,20,,79933,10,,,0,19,,79934,10,,,0,19,,79935,10,,,0,58,,79936,10,,,0,29,,79937,10,,,0,73,,79938,10,,,0,33,,79939,10,,,0
3000000,'7_5',638,,81747,10,,,0,20,,81746,10,,,0,60,,81706,10,,,0,20,,81707,10,,,0,20,,81708,10,,,0,60,,81709,10,,,0,20,,81710,10,,,0,21,,81711,10,,,0,60,,81712,10,,,0,20,,81713,10,,,0,61,,81714,10,,,0,20,,81715,10,,,0,20,,81716,10,,,0,60,,81717,10,,,0,20,,81718,10,,,0,20,,81719,10,,,0,60,,81720,10,,,0,19,,81721,10,,,0,20,,81722,10,,,0,20,,81723,10,,,0,61,,81724,10,,,0,20,,81725,10,,,0,60,,81726,10,,,0,20,,81727,10,,,0,19,,81728,10,,,0,20,,81729,10,,,0,60,,81730,10,,,0,20,,81731,10,,,0,20,,81732,10,,,0,59,,81733,10,,,0,20,,81734,10,,,0,21,,81735,10,,,0,60,,81736,10,,,0,21,,81737,10,,,0,60,,81738,10,,,0,20,,81739,10,,,0,19,,81740,10,,,0,19,,81741,10,,,0,58,,81742,10,,,0,29,,81743,10,,,0,73,,81744,10,,,0,33,,81745,10,,,0
3000000,'8_7',803,,84150,10,,,0,130,,84151,10,,,0,170,,84158,10,,,0,130,,84157,10,,,0,170,,84156,10,,,0,130,,84154,10,,,0,170,,84155,10,,,0,129,,84153,10,,,0,170,,84152,10,,,0
