200,'1_3',727,,94727,26,0,35 37,0,5,,94759,29,0,38,0,21,,94760,29,0,38,0,60,,94754,17,0,34,0,15,,94734,29,0,35 37,0,15,,94761,26,0,38,0,83,,94755,17,0,34,0,16,,94738,26,0,35 37,0,90,,94741,26,0,34,0,69,,94729,29,0,35 37,0,40,,94742,26,0,34,0,74,,94749,17,0,35 37,0,26,,94739,29,0,34,0,60,,94750,26,0,35 37,0,27,,94744,17,0,34,0,25,,94730,26,0,35 37,0,70,,94743,29,0,34,0,30,,94751,26,0,35 37,0,70,,94740,26,0,34,0,25,,94757,29,0,38,0,67,,94752,26,0,35 37,0,18,,94758,26,0,34,0,15,,94762,17,0,38,0,72,,94731,17,0,35 37,0,9,,94763,26,0,38,0,10,,94745,29,0,34,0,14,,94735,26,0,38,0,60,,94753,29,0,35 37,0,14,,94736,26,0,38,0,15,,94746,29,0,34,0,14,,94764,26,0,38,0,60,,94737,29,0,38,0,15,,94732,26,0,35 37,0,10,,94747,29,0,34,0
200,'2_6',720,,94766,29,0,34,0,31,,94777,26,0,35 37,0,60,,94789,17,0,38,0,20,,94767,29,0,34,0,25,,94778,26,0,35 37,0,60,,94790,29,0,38,0,21,,94768,26,0,34,0,64,,94779,17,0,35 37,0,20,,94791,17,0,38,0,21,,94769,29,0,34,0,65,,94780,26,0,35 37,0,22,,94792,17,0,38,0,23,,94770,29,0,34,0,64,,94781,26,0,35 37,0,20,,94793,17,0,38,0,20,,94771,27,0,34,0,60,,94782,17,0,35 37,0,20,,94794,26,0,38,0,20,,94772,29,0,34,0,60,,94783,26,0,35 37,0,21,,94795,17,0,38,0,21,,94773,29,0,34,0,61,,94784,26,0,35 37,0,21,,94796,17,0,38,0,64,,94774,29,0,34,0,27,,94785,26,0,35 37,0,18,,94797,17,0,38,0,59,,94775,29,0,34,0,24,,94786,26,0,35 37,0,18,,94798,17,0,38,0,57,,94776,29,0,34,0,20,,94800,26,0,35 37,0,25,,94799,17,0,38,0,66,,94787,29,0,35 37,0,23,,94788,26,0,34,0
200,'4_1',727,,94809,26,0,35 37,0,5,,94841,29,0,38,0,21,,94842,29,0,38,0,60,,94836,17,0,34,0,15,,94816,29,0,35 37,0,15,,94843,26,0,38,0,83,,94837,17,0,34,0,16,,94820,26,0,35 37,0,90,,94823,26,0,34,0,69,,94811,29,0,35 37,0,40,,94824,26,0,34,0,74,,94831,17,0,35 37,0,26,,94821,29,0,34,0,60,,94832,26,0,35 37,0,27,,94826,17,0,34,0,25,,94812,26,0,35 37,0,70,,94825,29,0,34,0,30,,94833,26,0,35 37,0,70,,94822,26,0,34,0,25,,94839,29,0,38,0,67,,94834,26,0,35 37,0,18,,94840,26,0,34,0,15,,94844,17,0,38,0,72,,94813,17,0,35 37,0,9,,94845,26,0,38,0,10,,94827,29,0,34,0,14,,94817,26,0,38,0,60,,94835,29,0,35 37,0,14,,94818,26,0,38,0,15,,94828,29,0,34,0,14,,94846,26,0,38,0,60,,94819,29,0,38,0,15,,94814,26,0,35 37,0,10,,94829,29,0,34,0
200,'4_2',727,,94848,26,0,35 37,0,5,,94880,29,0,38,0,21,,94881,29,0,38,0,60,,94875,17,0,34,0,15,,94855,29,0,35 37,0,15,,94882,26,0,38,0,83,,94876,17,0,34,0,16,,94859,26,0,35 37,0,90,,94862,26,0,34,0,69,,94850,29,0,35 37,0,40,,94863,26,0,34,0,74,,94870,17,0,35 37,0,26,,94860,29,0,34,0,60,,94871,26,0,35 37,0,27,,94865,17,0,34,0,25,,94851,26,0,35 37,0,70,,94864,29,0,34,0,30,,94872,26,0,35 37,0,70,,94861,26,0,34,0,25,,94878,29,0,38,0,67,,94873,26,0,35 37,0,18,,94879,26,0,34,0,15,,94883,17,0,38,0,72,,94852,17,0,35 37,0,9,,94884,26,0,38,0,10,,94866,29,0,34,0,14,,94856,26,0,38,0,60,,94874,29,0,35 37,0,14,,94857,26,0,38,0,15,,94867,29,0,34,0,14,,94885,26,0,38,0,60,,94858,29,0,38,0,15,,94853,26,0,35 37,0,10,,94868,29,0,34,0
200,'4_4',727,,94887,26,0,35 37,0,5,,94919,29,0,38,0,21,,94920,29,0,38,0,60,,94914,17,0,34,0,15,,94894,29,0,35 37,0,15,,94921,26,0,38,0,83,,94915,17,0,34,0,16,,94898,26,0,35 37,0,90,,94901,26,0,34,0,69,,94889,29,0,35 37,0,40,,94902,26,0,34,0,74,,94909,17,0,35 37,0,26,,94899,29,0,34,0,60,,94910,26,0,35 37,0,27,,94904,17,0,34,0,25,,94890,26,0,35 37,0,70,,94903,29,0,34,0,30,,94911,26,0,35 37,0,70,,94900,26,0,34,0,25,,94917,29,0,38,0,67,,94912,26,0,35 37,0,18,,94918,26,0,34,0,15,,94922,17,0,38,0,72,,94891,17,0,35 37,0,9,,94923,26,0,38,0,10,,94905,29,0,34,0,14,,94895,26,0,38,0,60,,94913,29,0,35 37,0,14,,94896,26,0,38,0,15,,94906,29,0,34,0,14,,94924,26,0,38,0,60,,94897,29,0,38,0,15,,94892,26,0,35 37,0,10,,94907,29,0,34,0
200,'4_5',727,,94926,26,0,35 37,0,5,,94958,29,0,38,0,21,,94959,29,0,38,0,60,,94953,17,0,34,0,15,,94933,29,0,35 37,0,15,,94960,26,0,38,0,83,,94954,17,0,34,0,16,,94937,26,0,35 37,0,90,,94940,26,0,34,0,69,,94928,29,0,35 37,0,40,,94941,26,0,34,0,74,,94948,17,0,35 37,0,26,,94938,29,0,34,0,60,,94949,26,0,35 37,0,27,,94943,17,0,34,0,25,,94929,26,0,35 37,0,70,,94942,29,0,34,0,30,,94950,26,0,35 37,0,70,,94939,26,0,34,0,25,,94956,29,0,38,0,67,,94951,26,0,35 37,0,18,,94957,26,0,34,0,15,,94961,17,0,38,0,72,,94930,17,0,35 37,0,9,,94962,26,0,38,0,10,,94944,29,0,34,0,14,,94934,26,0,38,0,60,,94952,29,0,35 37,0,14,,94935,26,0,38,0,15,,94945,29,0,34,0,14,,94963,26,0,38,0,60,,94936,29,0,38,0,15,,94931,26,0,35 37,0,10,,94946,29,0,34,0
200,'5_7',945,,94965,26,0,38,0,165,,94966,26,0,38,0,125,,94967,26,0,38,0,110,,94968,26,0,38,0,165,,94969,26,0,38,0,125,,94970,26,0,38,0,165,,94971,26,0,38,0,125,,94972,26,0,38,0
2401,'4_1',1625,,98691,6,,,0,104,,98692,6,,,0
2401,'4_2',1625,,98694,6,,,0,104,,98695,6,,,0
2401,'4_4',1625,,98697,6,,,0,104,,98698,6,,,0
2401,'4_5',1625,,98700,6,,,0,104,,98701,6,,,0
