1001,'1_3',906,,97623,13,,,0,46,,97624,13,,,0,79,,97628,11,,,0,86,,97625,13,,,0,90,,97629,11,,,0,42,,97630,11,,,0,71,,97631,11,,,0,139,,97632,11,,,0,500,,97627,13,,,0
1001,'2_6',906,,97636,13,,,0,101,,97643,11,,,0,102,,97637,13,,,0,100,,97644,11,,,0,45,,97645,11,,,0,164,,97640,13,,,0,38,,97646,11,,,0,395,,97638,13,,,0,107,,97639,13,,,0
1001,'4_1',906,,97649,13,,,0,46,,97650,13,,,0,79,,97654,11,,,0,86,,97651,13,,,0,90,,97655,11,,,0,42,,97656,11,,,0,71,,97657,11,,,0,139,,97658,11,,,0,500,,97653,13,,,0
1001,'4_2',906,,97663,13,,,0,46,,97664,13,,,0,79,,97668,11,,,0,86,,97665,13,,,0,90,,97669,11,,,0,42,,97670,11,,,0,71,,97671,11,,,0,139,,97672,11,,,0,500,,97667,13,,,0
1001,'4_4',906,,97677,13,,,0,46,,97678,13,,,0,79,,97682,11,,,0,86,,97679,13,,,0,90,,97683,11,,,0,42,,97684,11,,,0,71,,97685,11,,,0,139,,97686,11,,,0,500,,97681,13,,,0
1001,'4_5',906,,97691,13,,,0,46,,97692,13,,,0,79,,97696,11,,,0,86,,97693,13,,,0,90,,97697,11,,,0,42,,97698,11,,,0,71,,97699,11,,,0,139,,97700,11,,,0,500,,97695,13,,,0
1101,'1_3',1641,,97741,7,,,0,112,,97742,7,,,0,103,,97743,7,,,0
1101,'2_6',1626,,97744,7,,,0,119,,97745,7,,,0
1101,'4_1',1641,,97746,7,,,0,112,,97747,7,,,0,103,,97748,7,,,0
1101,'4_2',1641,,97749,7,,,0,112,,97750,7,,,0,103,,97751,7,,,0
1101,'4_4',1641,,97752,7,,,0,112,,97753,7,,,0,103,,97754,7,,,0
1101,'4_5',1641,,97755,7,,,0,112,,97756,7,,,0,103,,97757,7,,,0
1600,'1_3',912,,97987,2,0,25,0,47,,97991,2,,,0,159,,97988,2,0,25,0,127,,97993,2,,,0,62,,97994,2,0,54 55,0,112,,97989,2,,,0,191,,97990,2,0,25,0,92,,97995,2,,,0,137,,97992,2,,,0
1600,'2_6',912,,97997,2,0,25,0,47,,98001,2,,,0,159,,97998,2,0,25,0,127,,98003,2,,,0,62,,98004,2,0,54 55,0,112,,97999,2,,,0,191,,98000,2,0,25,0,92,,98005,2,,,0,137,,98002,2,,,0
1600,'4_1',912,,98007,2,0,25,0,47,,98011,2,,,0,159,,98008,2,0,25,0,127,,98013,2,,,0,62,,98014,2,0,54 55,0,112,,98009,2,,,0,191,,98010,2,0,25,0,92,,98015,2,,,0,137,,98012,2,,,0
1600,'4_2',912,,98017,2,0,25,0,47,,98021,2,,,0,159,,98018,2,0,25,0,127,,98023,2,,,0,62,,98024,2,0,54 55,0,112,,98019,2,,,0,191,,98020,2,0,25,0,92,,98025,2,,,0,137,,98022,2,,,0
1600,'4_4',912,,98027,2,0,25,0,47,,98031,2,,,0,159,,98028,2,0,25,0,127,,98033,2,,,0,62,,98034,2,0,54 55,0,112,,98029,2,,,0,191,,98030,2,0,25,0,92,,98035,2,,,0,137,,98032,2,,,0
1600,'4_5',912,,98037,2,0,25,0,47,,98041,2,,,0,159,,98038,2,0,25,0,127,,98043,2,,,0,62,,98044,2,0,54 55,0,112,,98039,2,,,0,191,,98040,2,0,25,0,92,,98045,2,,,0,137,,98042,2,,,0
