301,'0_6',650,,64459,7,,,0,72,,64460,7,,,0,33,,64461,7,,,0,72,,64462,7,,,0,32,,64463,7,,,0,72,,64464,7,,,0,72,,64465,7,,,0,32,,64466,7,,,0,73,,64467,7,,,0,33,,64468,7,,,0,73,,64469,7,,,0,33,,64434,7,,,0,67,,64435,7,,,0,27,,64436,7,,,0,66,,64437,7,,,0,28,,64438,7,,,0,67,,64439,7,,,0,29,,64440,7,,,0,28,,64458,7,,,0,66,,64441,7,,,0,32,,64442,7,,,0,74,,64443,7,,,0,69,,64444,7,,,0,28,,64445,7,,,0,25,,64446,7,,,0,66,,64447,7,,,0,27,,64448,7,,,0,67,,64470,7,,,0,25,,64449,7,,,0,18,,64450,7,0,67 68,0,70,,64451,7,0,67 68,0,30,,64452,7,0,67 68,0,70,,64453,7,0,67 68,0,30,,64454,7,0,67 68,0,70,,64455,7,0,67 68,0,30,,64456,7,0,67 68,0,70,,64457,7,0,67 68,0
301,'1_7',755,,64492,7,,,0,72,,64487,7,,,0,32,,64493,7,,,0,72,,64488,7,,,0,72,,64494,7,,,0,32,,64489,7,,,0,73,,64495,7,,,0,33,,64490,7,,,0,73,,64496,7,,,0,33,,64471,7,,,0,67,,64472,7,,,0,27,,64473,7,,,0,66,,64474,7,,,0,28,,64475,7,,,0,67,,64476,7,,,0,29,,64477,7,,,0,28,,64497,7,,,0,66,,64478,7,,,0,32,,64479,7,,,0,74,,64480,7,,,0,69,,64481,7,,,0,28,,64482,7,,,0,25,,64483,7,,,0,66,,64484,7,,,0,27,,64485,7,,,0,67,,64491,7,,,0,25,,64486,7,,,0
301,'5_1',650,,74141,7,,,0,72,,74142,7,,,0,33,,74143,7,,,0,72,,74144,7,,,0,32,,74145,7,,,0,72,,74146,7,,,0,72,,74147,7,,,0,32,,74148,7,,,0,73,,74149,7,,,0,33,,74150,7,,,0,73,,74151,7,,,0,33,,74124,7,,,0,67,,74125,7,,,0,27,,74126,7,,,0,66,,74127,7,,,0,28,,74128,7,,,0,67,,74129,7,,,0,29,,74130,7,,,0,28,,74140,7,,,0,66,,74131,7,,,0,32,,74132,7,,,0,74,,74133,7,,,0,69,,74134,7,,,0,28,,74135,7,,,0,25,,74136,7,,,0,66,,74137,7,,,0,27,,74138,7,,,0,67,,74152,7,,,0,25,,74139,7,,,0
301,'5_2',650,,75403,7,,,0,72,,75404,7,,,0,33,,75405,7,,,0,72,,75406,7,,,0,32,,75407,7,,,0,72,,75408,7,,,0,72,,75409,7,,,0,32,,75410,7,,,0,73,,75411,7,,,0,33,,75412,7,,,0,73,,75413,7,,,0,33,,75386,7,,,0,67,,75387,7,,,0,27,,75388,7,,,0,66,,75389,7,,,0,28,,75390,7,,,0,67,,75391,7,,,0,29,,75392,7,,,0,28,,75402,7,,,0,66,,75393,7,,,0,32,,75394,7,,,0,74,,75395,7,,,0,69,,75396,7,,,0,28,,75397,7,,,0,25,,75398,7,,,0,66,,75399,7,,,0,27,,75400,7,,,0,67,,75414,7,,,0,25,,75401,7,,,0
301,'5_3',650,,75432,7,,,0,72,,75433,7,,,0,33,,75434,7,,,0,72,,75435,7,,,0,32,,75436,7,,,0,72,,75437,7,,,0,72,,75438,7,,,0,32,,75439,7,,,0,73,,75440,7,,,0,33,,75441,7,,,0,73,,75442,7,,,0,33,,75415,7,,,0,67,,75416,7,,,0,27,,75417,7,,,0,66,,75418,7,,,0,28,,75419,7,,,0,67,,75420,7,,,0,29,,75421,7,,,0,28,,75431,7,,,0,66,,75422,7,,,0,32,,75423,7,,,0,74,,75424,7,,,0,69,,75425,7,,,0,28,,75426,7,,,0,25,,75427,7,,,0,66,,75428,7,,,0,27,,75429,7,,,0,67,,75443,7,,,0,25,,75430,7,,,0
301,'7_1',650,,80398,7,,,0,72,,80399,7,,,0,33,,80400,7,,,0,72,,80401,7,,,0,32,,80402,7,,,0,72,,80403,7,,,0,72,,80404,7,,,0,32,,80405,7,,,0,73,,80406,7,,,0,33,,80407,7,,,0,73,,80408,7,,,0,33,,80381,7,,,0,67,,80382,7,,,0,27,,80383,7,,,0,66,,80384,7,,,0,28,,80385,7,,,0,67,,80386,7,,,0,29,,80387,7,,,0,28,,80397,7,,,0,66,,80388,7,,,0,32,,80389,7,,,0,74,,80390,7,,,0,69,,80391,7,,,0,28,,80392,7,,,0,25,,80393,7,,,0,66,,80394,7,,,0,27,,80395,7,,,0,67,,80409,7,,,0,25,,80396,7,,,0
301,'7_2',650,,82327,7,,,0,72,,82328,7,,,0,33,,82329,7,,,0,72,,82330,7,,,0,32,,82331,7,,,0,72,,82332,7,,,0,72,,82333,7,,,0,32,,82334,7,,,0,73,,82335,7,,,0,33,,82336,7,,,0,73,,82337,7,,,0,33,,82310,7,,,0,67,,82311,7,,,0,27,,82312,7,,,0,66,,82313,7,,,0,28,,82314,7,,,0,67,,82315,7,,,0,29,,82316,7,,,0,28,,82326,7,,,0,66,,82317,7,,,0,32,,82318,7,,,0,74,,82319,7,,,0,69,,82320,7,,,0,28,,82321,7,,,0,25,,82322,7,,,0,66,,82323,7,,,0,27,,82324,7,,,0,67,,82338,7,,,0,25,,82325,7,,,0
301,'7_3',650,,82356,7,,,0,72,,82357,7,,,0,33,,82358,7,,,0,72,,82359,7,,,0,32,,82360,7,,,0,72,,82361,7,,,0,72,,82362,7,,,0,32,,82363,7,,,0,73,,82364,7,,,0,33,,82365,7,,,0,73,,82366,7,,,0,33,,82339,7,,,0,67,,82340,7,,,0,27,,82341,7,,,0,66,,82342,7,,,0,28,,82343,7,,,0,67,,82344,7,,,0,29,,82345,7,,,0,28,,82355,7,,,0,66,,82346,7,,,0,32,,82347,7,,,0,74,,82348,7,,,0,69,,82349,7,,,0,28,,82350,7,,,0,25,,82351,7,,,0,66,,82352,7,,,0,27,,82353,7,,,0,67,,82367,7,,,0,25,,82354,7,,,0
301,'7_4',650,,79280,7,,,0,72,,79281,7,,,0,33,,79282,7,,,0,72,,79283,7,,,0,32,,79284,7,,,0,72,,79285,7,,,0,72,,79286,7,,,0,32,,79287,7,,,0,73,,79288,7,,,0,33,,79289,7,,,0,73,,79290,7,,,0,33,,79263,7,,,0,67,,79264,7,,,0,27,,79265,7,,,0,66,,79266,7,,,0,28,,79267,7,,,0,67,,79268,7,,,0,29,,79269,7,,,0,28,,79279,7,,,0,66,,79270,7,,,0,32,,79271,7,,,0,74,,79272,7,,,0,69,,79273,7,,,0,28,,79274,7,,,0,25,,79275,7,,,0,66,,79276,7,,,0,27,,79277,7,,,0,67,,79291,7,,,0,25,,79278,7,,,0
301,'7_5',650,,80435,7,,,0,72,,80436,7,,,0,33,,80437,7,,,0,72,,80438,7,,,0,32,,80439,7,,,0,72,,80440,7,,,0,72,,80441,7,,,0,32,,80442,7,,,0,73,,80443,7,,,0,33,,80444,7,,,0,73,,80445,7,,,0,33,,80410,7,,,0,67,,80411,7,,,0,27,,80412,7,,,0,66,,80413,7,,,0,28,,80414,7,,,0,67,,80415,7,,,0,29,,80416,7,,,0,28,,80434,7,,,0,66,,80417,7,,,0,32,,80418,7,,,0,74,,80419,7,,,0,69,,80420,7,,,0,28,,80421,7,,,0,25,,80422,7,,,0,66,,80423,7,,,0,27,,80424,7,,,0,67,,80446,7,,,0,25,,80425,7,,,0,18,,80426,7,0,67 68,0,70,,80427,7,0,67 68,0,30,,80428,7,0,67 68,0,70,,80429,7,0,67 68,0,30,,80430,7,0,67 68,0,70,,80431,7,0,67 68,0,30,,80432,7,0,67 68,0,70,,80433,7,0,67 68,0
801,'5_1',835,,74307,5,,,0,108,,74308,5,,,0,110,,74309,5,,,0,159,,74301,5,,,0,111,,74310,5,,,0,111,,74311,5,,,0,112,,74312,5,,,0,75,,74302,5,,,0,35,,74303,5,,,0,70,,74304,5,,,0,75,,74305,5,,,0,35,,74306,5,,,0,72,,74313,5,,,0,34,,74314,5,,,0
801,'5_2',835,,75923,5,,,0,108,,75924,5,,,0,110,,75925,5,,,0,159,,75917,5,,,0,111,,75926,5,,,0,111,,75927,5,,,0,112,,75928,5,,,0,75,,75918,5,,,0,35,,75919,5,,,0,70,,75920,5,,,0,75,,75921,5,,,0,35,,75922,5,,,0,72,,75929,5,,,0,34,,75930,5,,,0
801,'5_3',835,,75937,5,,,0,108,,75938,5,,,0,110,,75939,5,,,0,159,,75931,5,,,0,111,,75940,5,,,0,111,,75941,5,,,0,112,,75942,5,,,0,75,,75932,5,,,0,35,,75933,5,,,0,70,,75934,5,,,0,75,,75935,5,,,0,35,,75936,5,,,0,72,,75943,5,,,0,34,,75944,5,,,0
801,'7_1',835,,80749,5,,,0,108,,80750,5,,,0,110,,80751,5,,,0,159,,80743,5,,,0,111,,80752,5,,,0,111,,80753,5,,,0,112,,80754,5,,,0,75,,80744,5,,,0,35,,80745,5,,,0,70,,80746,5,,,0,75,,80747,5,,,0,35,,80748,5,,,0,72,,80755,5,,,0,34,,80756,5,,,0
801,'7_2',835,,82670,5,,,0,108,,82671,5,,,0,110,,82672,5,,,0,159,,82664,5,,,0,111,,82673,5,,,0,111,,82674,5,,,0,112,,82675,5,,,0,75,,82665,5,,,0,35,,82666,5,,,0,70,,82667,5,,,0,75,,82668,5,,,0,35,,82669,5,,,0,72,,82676,5,,,0,34,,82677,5,,,0
801,'7_3',835,,82684,5,,,0,108,,82685,5,,,0,110,,82686,5,,,0,159,,82678,5,,,0,111,,82687,5,,,0,111,,82688,5,,,0,112,,82689,5,,,0,75,,82679,5,,,0,35,,82680,5,,,0,70,,82681,5,,,0,75,,82682,5,,,0,35,,82683,5,,,0,72,,82690,5,,,0,34,,82691,5,,,0
801,'7_4',835,,79446,5,,,0,108,,79447,5,,,0,110,,79448,5,,,0,159,,79440,5,,,0,111,,79449,5,,,0,111,,79450,5,,,0,112,,79451,5,,,0,75,,79441,5,,,0,35,,79442,5,,,0,70,,79443,5,,,0,75,,79444,5,,,0,35,,79445,5,,,0,72,,79452,5,,,0,34,,79453,5,,,0
801,'7_5',835,,80763,5,,,0,108,,80764,5,,,0,110,,80765,5,,,0,159,,80757,5,,,0,111,,80766,5,,,0,111,,80767,5,,,0,112,,80768,5,,,0,75,,80758,5,,,0,35,,80759,5,,,0,70,,80760,5,,,0,75,,80761,5,,,0,35,,80762,5,,,0,72,,80769,5,,,0,34,,80770,5,,,0
