200,'0_4',653,,94649,2,0,35 37,0,52,,94655,2,0,9 10,0,102,,94683,2,0,38,0,15,,94687,2,0,9 10,0,86,,94660,2,0,35 37,0,50,,94663,2,0,34,0,149,,94664,2,0,34,0,121,,94672,2,0,35 37,0,89,,94652,2,0,35 37,0,100,,94673,2,0,35 37,0,30,,94662,2,0,34,0,92,,94674,2,0,35 37,0,18,,94680,2,0,34,0,93,,94685,2,0,38,0,66,,94657,2,0,38,0,36,,94658,2,0,38,0,73,,94686,2,0,38,0,76,,94654,2,0,35 37,0
200,'0_5',653,,94688,2,0,35 37,0,52,,94694,2,0,9 10,0,102,,94722,2,0,38,0,15,,94726,2,0,9 10,0,86,,94699,2,0,35 37,0,50,,94702,2,0,34,0,149,,94703,2,0,34,0,121,,94711,2,0,35 37,0,89,,94691,2,0,35 37,0,100,,94712,2,0,35 37,0,30,,94701,2,0,34,0,92,,94713,2,0,35 37,0,18,,94719,2,0,34,0,93,,94724,2,0,38,0,66,,94696,2,0,38,0,36,,94697,2,0,38,0,73,,94725,2,0,38,0,76,,94693,2,0,35 37,0
200,'1_3',653,,94727,2,0,35 37,0,52,,94733,2,0,9 10,0,102,,94761,2,0,38,0,15,,94765,2,0,9 10,0,86,,94738,2,0,35 37,0,50,,94741,2,0,34,0,149,,94742,2,0,34,0,121,,94750,2,0,35 37,0,89,,94730,2,0,35 37,0,100,,94751,2,0,35 37,0,30,,94740,2,0,34,0,92,,94752,2,0,35 37,0,18,,94758,2,0,34,0,93,,94763,2,0,38,0,66,,94735,2,0,38,0,36,,94736,2,0,38,0,73,,94764,2,0,38,0,76,,94732,2,0,35 37,0
200,'2_6',719,,94777,2,0,35 37,0,104,,94778,2,0,35 37,0,80,,94768,2,0,34,0,131,,94780,2,0,35 37,0,110,,94781,2,0,35 37,0,160,,94794,2,0,38,0,39,,94783,2,0,35 37,0,103,,94784,2,0,35 37,0,111,,94785,2,0,35 37,0,100,,94786,2,0,35 37,0,96,,94800,2,0,35 37,0,158,,94788,2,0,34,0
200,'3_7',917,,94801,2,0,38,0,125,,94802,2,0,38,0,165,,94803,2,0,38,0,110,,94804,2,0,38,0,125,,94805,2,0,38,0,165,,94806,2,0,38,0,125,,94807,2,0,38,0,125,,94808,2,0,38,0
200,'4_1',653,,94809,2,0,35 37,0,52,,94815,2,0,9 10,0,102,,94843,2,0,38,0,15,,94847,2,0,9 10,0,86,,94820,2,0,35 37,0,50,,94823,2,0,34,0,149,,94824,2,0,34,0,121,,94832,2,0,35 37,0,89,,94812,2,0,35 37,0,100,,94833,2,0,35 37,0,30,,94822,2,0,34,0,92,,94834,2,0,35 37,0,18,,94840,2,0,34,0,93,,94845,2,0,38,0,66,,94817,2,0,38,0,36,,94818,2,0,38,0,73,,94846,2,0,38,0,76,,94814,2,0,35 37,0
200,'4_2',653,,94848,2,0,35 37,0,52,,94854,2,0,9 10,0,102,,94882,2,0,38,0,15,,94886,2,0,9 10,0,86,,94859,2,0,35 37,0,50,,94862,2,0,34,0,149,,94863,2,0,34,0,121,,94871,2,0,35 37,0,89,,94851,2,0,35 37,0,100,,94872,2,0,35 37,0,30,,94861,2,0,34,0,92,,94873,2,0,35 37,0,18,,94879,2,0,34,0,93,,94884,2,0,38,0,66,,94856,2,0,38,0,36,,94857,2,0,38,0,73,,94885,2,0,38,0,76,,94853,2,0,35 37,0
200,'4_4',653,,94887,2,0,35 37,0,52,,94893,2,0,9 10,0,102,,94921,2,0,38,0,15,,94925,2,0,9 10,0,86,,94898,2,0,35 37,0,50,,94901,2,0,34,0,149,,94902,2,0,34,0,121,,94910,2,0,35 37,0,89,,94890,2,0,35 37,0,100,,94911,2,0,35 37,0,30,,94900,2,0,34,0,92,,94912,2,0,35 37,0,18,,94918,2,0,34,0,93,,94923,2,0,38,0,66,,94895,2,0,38,0,36,,94896,2,0,38,0,73,,94924,2,0,38,0,76,,94892,2,0,35 37,0
200,'4_5',653,,94926,2,0,35 37,0,52,,94932,2,0,9 10,0,102,,94960,2,0,38,0,15,,94964,2,0,9 10,0,86,,94937,2,0,35 37,0,50,,94940,2,0,34,0,149,,94941,2,0,34,0,121,,94949,2,0,35 37,0,89,,94929,2,0,35 37,0,100,,94950,2,0,35 37,0,30,,94939,2,0,34,0,92,,94951,2,0,35 37,0,18,,94957,2,0,34,0,93,,94962,2,0,38,0,66,,94934,2,0,38,0,36,,94935,2,0,38,0,73,,94963,2,0,38,0,76,,94931,2,0,35 37,0
200,'5_7',917,,94965,2,0,38,0,125,,94966,2,0,38,0,165,,94967,2,0,38,0,110,,94968,2,0,38,0,125,,94969,2,0,38,0,165,,94970,2,0,38,0,125,,94971,2,0,38,0,125,,94972,2,0,38,0
