501,'0_6',727,,65511,10,,,0,98,,65512,10,,,0,98,,65513,10,,,0,101,,65514,10,,,0,99,,65515,10,,,0,99,,65516,10,,,0,80,,65517,10,,,0,38,,65518,10,,,0,97,,65519,10,,,0,102,,65520,10,,,0,100,,65521,10,,,0,72,,65522,10,,,0,29,,65523,10,,,0,99,,65524,10,,,0,98,,65525,10,,,0
501,'1_7',1113,,65526,10,,,0,191,,65527,10,,,0,151,,65528,10,,,0,184,,65529,10,,,0,191,,65530,10,,,0
501,'5_1',727,,74220,10,,,0,98,,74221,10,,,0,98,,74222,10,,,0,101,,74223,10,,,0,99,,74224,10,,,0,99,,74225,10,,,0,80,,74226,10,,,0,38,,74227,10,,,0,97,,74228,10,,,0,102,,74229,10,,,0,100,,74230,10,,,0,72,,74231,10,,,0,29,,74232,10,,,0,99,,74233,10,,,0,98,,74234,10,,,0
501,'5_2',727,,75674,10,,,0,98,,75675,10,,,0,98,,75676,10,,,0,101,,75677,10,,,0,99,,75678,10,,,0,99,,75679,10,,,0,80,,75680,10,,,0,38,,75681,10,,,0,97,,75682,10,,,0,102,,75683,10,,,0,100,,75684,10,,,0,72,,75685,10,,,0,29,,75686,10,,,0,99,,75687,10,,,0,98,,75688,10,,,0
501,'5_3',727,,75689,10,,,0,98,,75690,10,,,0,98,,75691,10,,,0,101,,75692,10,,,0,99,,75693,10,,,0,99,,75694,10,,,0,80,,75695,10,,,0,38,,75696,10,,,0,97,,75697,10,,,0,102,,75698,10,,,0,100,,75699,10,,,0,72,,75700,10,,,0,29,,75701,10,,,0,99,,75702,10,,,0,98,,75703,10,,,0
501,'7_1',727,,80581,10,,,0,98,,80582,10,,,0,98,,80583,10,,,0,101,,80584,10,,,0,99,,80585,10,,,0,99,,80586,10,,,0,80,,80587,10,,,0,38,,80588,10,,,0,97,,80589,10,,,0,102,,80590,10,,,0,100,,80591,10,,,0,72,,80592,10,,,0,29,,80593,10,,,0,99,,80594,10,,,0,98,,80595,10,,,0
501,'7_2',727,,82502,10,,,0,98,,82503,10,,,0,98,,82504,10,,,0,101,,82505,10,,,0,99,,82506,10,,,0,99,,82507,10,,,0,80,,82508,10,,,0,38,,82509,10,,,0,97,,82510,10,,,0,102,,82511,10,,,0,100,,82512,10,,,0,72,,82513,10,,,0,29,,82514,10,,,0,99,,82515,10,,,0,98,,82516,10,,,0
501,'7_3',727,,82517,10,,,0,98,,82518,10,,,0,98,,82519,10,,,0,101,,82520,10,,,0,99,,82521,10,,,0,99,,82522,10,,,0,80,,82523,10,,,0,38,,82524,10,,,0,97,,82525,10,,,0,102,,82526,10,,,0,100,,82527,10,,,0,72,,82528,10,,,0,29,,82529,10,,,0,99,,82530,10,,,0,98,,82531,10,,,0
501,'7_4',727,,79359,10,,,0,98,,79360,10,,,0,98,,79361,10,,,0,101,,79362,10,,,0,99,,79363,10,,,0,99,,79364,10,,,0,80,,79365,10,,,0,38,,79366,10,,,0,97,,79367,10,,,0,102,,79368,10,,,0,100,,79369,10,,,0,72,,79370,10,,,0,29,,79371,10,,,0,99,,79372,10,,,0,98,,79373,10,,,0
501,'7_5',727,,80596,10,,,0,98,,80597,10,,,0,98,,80598,10,,,0,101,,80599,10,,,0,99,,80600,10,,,0,99,,80601,10,,,0,80,,80602,10,,,0,38,,80603,10,,,0,97,,80604,10,,,0,102,,80605,10,,,0,100,,80606,10,,,0,72,,80607,10,,,0,29,,80608,10,,,0,99,,80609,10,,,0,98,,80610,10,,,0
1000001,'0_6',549,,69463,15,,,0,79,,69464,15,,,0,82,,69465,15,,,0,44,,69466,21,,,0,55,,69472,15,,,0,15,,69473,15,,,0,14,,69474,21,,,0,15,,69475,15,,,0,55,,69476,15,,,0,16,,69477,21,,,0,15,,69478,15,,,0,15,,69479,15,,,0,55,,69480,21,,,0,16,,69481,15,,,0,16,,69482,15,,,0,16,,69483,21,,,0,55,,69484,15,,,0,16,,69485,21,,,0,16,,69486,15,,,0,56,,69487,15,,,0,16,,69488,21,,,0,14,,69489,15,,,0,15,,69490,15,,,0,55,,69491,21,,,0,15,,69492,15,,,0,16,,69493,15,,,0,15,,69494,21,,,0,56,,69495,15,,,0,15,,69496,21,,,0,16,,69497,15,,,0,16,,69498,15,,,0,56,,69499,21,,,0,16,,69500,15,,,0,16,,69501,15,,,0,16,,69502,21,,,0,56,,69503,15,,,0,16,,69504,15,,,0,16,,69505,21,,,0,16,,69506,15,,,0,56,,69507,21,,,0,16,,69508,15,,,0,16,,69509,15,,,0,56,,69510,21,,,0,16,,69512,15,,,0,15,,69514,15,,,0,15,,69513,21,,,0,55,,69511,15,,,0,16,,69471,21,,,0,20,,69470,15,,,0,20,,69468,15,,,0,61,,69461,15,,,0,18,,69459,15,,,0,19,,69462,15,,,0,60,,69469,15,,,0,20,,69467,15,,,0,20,,69460,15,,,0
1000001,'1_7',818,,69515,15,,,0,40,,69516,15,,,0,80,,69517,15,,,0,80,,69518,15,,,0,40,,69519,15,,,0,80,,69520,15,,,0,80,,69521,15,,,0,40,,69522,15,,,0,80,,69523,15,,,0,80,,69524,15,,,0,40,,69525,15,,,0,80,,69526,15,,,0,80,,69527,15,,,0,40,,69528,15,,,0,80,,69529,15,,,0,80,,69530,15,,,0,40,,69531,15,,,0,80,,69532,15,,,0
1000001,'5_1',552,,74596,15,,,0,57,,74611,15,,,0,15,,74610,15,,,0,15,,74609,15,,,0,14,,74608,15,,,0,55,,74607,15,,,0,15,,74599,15,,,0,15,,74597,21,,,0,14,,74600,21,,,0,55,,74601,21,,,0,15,,74602,21,,,0,15,,74603,21,,,0,16,,74604,21,,,0,54,,74605,21,,,0,15,,74606,21,,,0,15,,74612,15,,,0,15,,74631,21,,,0,56,,74613,15,,,0,16,,74632,21,,,0,15,,74614,15,,,0,16,,74633,21,,,0,56,,74615,15,,,0,16,,74634,21,,,0,16,,74616,15,,,0,16,,74635,21,,,0,56,,74617,15,,,0,14,,74636,21,,,0,16,,74618,15,,,0,55,,74637,21,,,0,16,,74619,15,,,0,16,,74638,21,,,0,16,,74620,15,,,0,55,,74639,21,,,0,16,,74621,15,,,0,16,,74640,21,,,0,16,,74622,15,,,0,55,,74641,21,,,0,14,,74623,15,,,0,14,,74642,21,,,0,14,,74624,15,,,0,54,,74643,21,,,0,14,,74625,15,,,0,15,,74644,21,,,0,14,,74626,21,,,0,14,,74645,21,,,0,55,,74627,21,,,0,15,,74646,21,,,0,15,,74628,21,,,0,15,,74647,21,,,0,55,,74629,21,,,0,14,,74648,21,,,0,14,,74630,21,,,0,14,,74598,21,,,0,58,,74649,21,,,0,19,,74654,15,,,0,20,,74650,21,,,0,61,,74655,15,,,0,19,,74651,15,,,0,18,,74656,15,,,0,60,,74652,15,,,0,20,,74657,15,,,0,20,,74653,15,,,0
1000001,'5_2',552,,76802,15,,,0,57,,76817,15,,,0,15,,76816,15,,,0,15,,76815,15,,,0,14,,76814,15,,,0,55,,76813,15,,,0,15,,76805,15,,,0,15,,76803,21,,,0,14,,76806,21,,,0,55,,76807,21,,,0,15,,76808,21,,,0,15,,76809,21,,,0,16,,76810,21,,,0,54,,76811,21,,,0,15,,76812,21,,,0,15,,76818,15,,,0,15,,76837,21,,,0,56,,76819,15,,,0,16,,76838,21,,,0,15,,76820,15,,,0,16,,76839,21,,,0,56,,76821,15,,,0,16,,76840,21,,,0,16,,76822,15,,,0,16,,76841,21,,,0,56,,76823,15,,,0,14,,76842,21,,,0,16,,76824,15,,,0,55,,76843,21,,,0,16,,76825,15,,,0,16,,76844,21,,,0,16,,76826,15,,,0,55,,76845,21,,,0,16,,76827,15,,,0,16,,76846,21,,,0,16,,76828,15,,,0,55,,76847,21,,,0,14,,76829,15,,,0,14,,76848,21,,,0,14,,76830,15,,,0,54,,76849,21,,,0,14,,76831,15,,,0,15,,76850,21,,,0,14,,76832,21,,,0,14,,76851,21,,,0,55,,76833,21,,,0,15,,76852,21,,,0,15,,76834,21,,,0,15,,76853,21,,,0,55,,76835,21,,,0,14,,76854,21,,,0,14,,76836,21,,,0,14,,76804,21,,,0,58,,76855,21,,,0,19,,76860,15,,,0,20,,76856,21,,,0,61,,76861,15,,,0,19,,76857,15,,,0,18,,76862,15,,,0,60,,76858,15,,,0,20,,76863,15,,,0,20,,76859,15,,,0
1000001,'5_3',552,,76864,15,,,0,57,,76879,15,,,0,15,,76878,15,,,0,15,,76877,15,,,0,14,,76876,15,,,0,55,,76875,15,,,0,15,,76867,15,,,0,15,,76865,21,,,0,14,,76868,21,,,0,55,,76869,21,,,0,15,,76870,21,,,0,15,,76871,21,,,0,16,,76872,21,,,0,54,,76873,21,,,0,15,,76874,21,,,0,15,,76880,15,,,0,15,,76899,21,,,0,56,,76881,15,,,0,16,,76900,21,,,0,15,,76882,15,,,0,16,,76901,21,,,0,56,,76883,15,,,0,16,,76902,21,,,0,16,,76884,15,,,0,16,,76903,21,,,0,56,,76885,15,,,0,14,,76904,21,,,0,16,,76886,15,,,0,55,,76905,21,,,0,16,,76887,15,,,0,16,,76906,21,,,0,16,,76888,15,,,0,55,,76907,21,,,0,16,,76889,15,,,0,16,,76908,21,,,0,16,,76890,15,,,0,55,,76909,21,,,0,14,,76891,15,,,0,14,,76910,21,,,0,14,,76892,15,,,0,54,,76911,21,,,0,14,,76893,15,,,0,15,,76912,21,,,0,14,,76894,21,,,0,14,,76913,21,,,0,55,,76895,21,,,0,15,,76914,21,,,0,15,,76896,21,,,0,15,,76915,21,,,0,55,,76897,21,,,0,14,,76916,21,,,0,14,,76898,21,,,0,14,,76866,21,,,0,58,,76917,21,,,0,19,,76922,15,,,0,20,,76918,21,,,0,61,,76923,15,,,0,19,,76919,15,,,0,18,,76924,15,,,0,60,,76920,15,,,0,20,,76925,15,,,0,20,,76921,15,,,0
1000001,'7_1',552,,81334,15,,,0,57,,81349,15,,,0,15,,81348,15,,,0,15,,81347,15,,,0,14,,81346,15,,,0,55,,81345,15,,,0,15,,81337,15,,,0,15,,81335,21,,,0,14,,81338,21,,,0,55,,81339,21,,,0,15,,81340,21,,,0,15,,81341,21,,,0,16,,81342,21,,,0,54,,81343,21,,,0,15,,81344,21,,,0,15,,81350,15,,,0,15,,81369,21,,,0,56,,81351,15,,,0,16,,81370,21,,,0,15,,81352,15,,,0,16,,81371,21,,,0,56,,81353,15,,,0,16,,81372,21,,,0,16,,81354,15,,,0,16,,81373,21,,,0,56,,81355,15,,,0,14,,81374,21,,,0,16,,81356,15,,,0,55,,81375,21,,,0,16,,81357,15,,,0,16,,81376,21,,,0,16,,81358,15,,,0,55,,81377,21,,,0,16,,81359,15,,,0,16,,81378,21,,,0,16,,81360,15,,,0,55,,81379,21,,,0,14,,81361,15,,,0,14,,81380,21,,,0,14,,81362,15,,,0,54,,81381,21,,,0,14,,81363,15,,,0,15,,81382,21,,,0,14,,81364,21,,,0,14,,81383,21,,,0,55,,81365,21,,,0,15,,81384,21,,,0,15,,81366,21,,,0,15,,81385,21,,,0,55,,81367,21,,,0,14,,81386,21,,,0,14,,81368,21,,,0,14,,81336,21,,,0,58,,81387,21,,,0,19,,81392,15,,,0,20,,81388,21,,,0,61,,81393,15,,,0,19,,81389,15,,,0,18,,81394,15,,,0,60,,81390,15,,,0,20,,81395,15,,,0,20,,81391,15,,,0
1000001,'7_2',552,,83254,15,,,0,57,,83269,15,,,0,15,,83268,15,,,0,15,,83267,15,,,0,14,,83266,15,,,0,55,,83265,15,,,0,15,,83257,15,,,0,15,,83255,21,,,0,14,,83258,21,,,0,55,,83259,21,,,0,15,,83260,21,,,0,15,,83261,21,,,0,16,,83262,21,,,0,54,,83263,21,,,0,15,,83264,21,,,0,15,,83270,15,,,0,15,,83289,21,,,0,56,,83271,15,,,0,16,,83290,21,,,0,15,,83272,15,,,0,16,,83291,21,,,0,56,,83273,15,,,0,16,,83292,21,,,0,16,,83274,15,,,0,16,,83293,21,,,0,56,,83275,15,,,0,14,,83294,21,,,0,16,,83276,15,,,0,55,,83295,21,,,0,16,,83277,15,,,0,16,,83296,21,,,0,16,,83278,15,,,0,55,,83297,21,,,0,16,,83279,15,,,0,16,,83298,21,,,0,16,,83280,15,,,0,55,,83299,21,,,0,14,,83281,15,,,0,14,,83300,21,,,0,14,,83282,15,,,0,54,,83301,21,,,0,14,,83283,15,,,0,15,,83302,21,,,0,14,,83284,21,,,0,14,,83303,21,,,0,55,,83285,21,,,0,15,,83304,21,,,0,15,,83286,21,,,0,15,,83305,21,,,0,55,,83287,21,,,0,14,,83306,21,,,0,14,,83288,21,,,0,14,,83256,21,,,0,58,,83307,21,,,0,19,,83312,15,,,0,20,,83308,21,,,0,61,,83313,15,,,0,19,,83309,15,,,0,18,,83314,15,,,0,60,,83310,15,,,0,20,,83315,15,,,0,20,,83311,15,,,0
1000001,'7_3',552,,83316,15,,,0,57,,83331,15,,,0,15,,83330,15,,,0,15,,83329,15,,,0,14,,83328,15,,,0,55,,83327,15,,,0,15,,83319,15,,,0,15,,83317,21,,,0,14,,83320,21,,,0,55,,83321,21,,,0,15,,83322,21,,,0,15,,83323,21,,,0,16,,83324,21,,,0,54,,83325,21,,,0,15,,83326,21,,,0,15,,83332,15,,,0,15,,83351,21,,,0,56,,83333,15,,,0,16,,83352,21,,,0,15,,83334,15,,,0,16,,83353,21,,,0,56,,83335,15,,,0,16,,83354,21,,,0,16,,83336,15,,,0,16,,83355,21,,,0,56,,83337,15,,,0,14,,83356,21,,,0,16,,83338,15,,,0,55,,83357,21,,,0,16,,83339,15,,,0,16,,83358,21,,,0,16,,83340,15,,,0,55,,83359,21,,,0,16,,83341,15,,,0,16,,83360,21,,,0,16,,83342,15,,,0,55,,83361,21,,,0,14,,83343,15,,,0,14,,83362,21,,,0,14,,83344,15,,,0,54,,83363,21,,,0,14,,83345,15,,,0,15,,83364,21,,,0,14,,83346,21,,,0,14,,83365,21,,,0,55,,83347,21,,,0,15,,83366,21,,,0,15,,83348,21,,,0,15,,83367,21,,,0,55,,83349,21,,,0,14,,83368,21,,,0,14,,83350,21,,,0,14,,83318,21,,,0,58,,83369,21,,,0,19,,83374,15,,,0,20,,83370,21,,,0,61,,83375,15,,,0,19,,83371,15,,,0,18,,83376,15,,,0,60,,83372,15,,,0,20,,83377,15,,,0,20,,83373,15,,,0
1000001,'7_4',552,,79735,15,,,0,57,,79750,15,,,0,15,,79749,15,,,0,15,,79748,15,,,0,14,,79747,15,,,0,55,,79746,15,,,0,15,,79738,15,,,0,15,,79736,21,,,0,14,,79739,21,,,0,55,,79740,21,,,0,15,,79741,21,,,0,15,,79742,21,,,0,16,,79743,21,,,0,54,,79744,21,,,0,15,,79745,21,,,0,15,,79751,15,,,0,15,,79770,21,,,0,56,,79752,15,,,0,16,,79771,21,,,0,15,,79753,15,,,0,16,,79772,21,,,0,56,,79754,15,,,0,16,,79773,21,,,0,16,,79755,15,,,0,16,,79774,21,,,0,56,,79756,15,,,0,14,,79775,21,,,0,16,,79757,15,,,0,55,,79776,21,,,0,16,,79758,15,,,0,16,,79777,21,,,0,16,,79759,15,,,0,55,,79778,21,,,0,16,,79760,15,,,0,16,,79779,21,,,0,16,,79761,15,,,0,55,,79780,21,,,0,14,,79762,15,,,0,14,,79781,21,,,0,14,,79763,15,,,0,54,,79782,21,,,0,14,,79764,15,,,0,15,,79783,21,,,0,14,,79765,21,,,0,14,,79784,21,,,0,55,,79766,21,,,0,15,,79785,21,,,0,15,,79767,21,,,0,15,,79786,21,,,0,55,,79768,21,,,0,14,,79787,21,,,0,14,,79769,21,,,0,14,,79737,21,,,0,58,,79788,21,,,0,19,,79793,15,,,0,20,,79789,21,,,0,61,,79794,15,,,0,19,,79790,15,,,0,18,,79795,15,,,0,60,,79791,15,,,0,20,,79796,15,,,0,20,,79792,15,,,0
1000001,'7_5',552,,81396,15,,,0,57,,81411,15,,,0,15,,81410,15,,,0,15,,81409,15,,,0,14,,81408,15,,,0,55,,81407,15,,,0,15,,81399,15,,,0,15,,81397,21,,,0,14,,81400,21,,,0,55,,81401,21,,,0,15,,81402,21,,,0,15,,81403,21,,,0,16,,81404,21,,,0,54,,81405,21,,,0,15,,81406,21,,,0,15,,81412,15,,,0,15,,81431,21,,,0,56,,81413,15,,,0,16,,81432,21,,,0,15,,81414,15,,,0,16,,81433,21,,,0,56,,81415,15,,,0,16,,81434,21,,,0,16,,81416,15,,,0,16,,81435,21,,,0,56,,81417,15,,,0,14,,81436,21,,,0,16,,81418,15,,,0,55,,81437,21,,,0,16,,81419,15,,,0,16,,81438,21,,,0,16,,81420,15,,,0,55,,81439,21,,,0,16,,81421,15,,,0,16,,81440,21,,,0,16,,81422,15,,,0,55,,81441,21,,,0,14,,81423,15,,,0,14,,81442,21,,,0,14,,81424,15,,,0,54,,81443,21,,,0,14,,81425,15,,,0,15,,81444,21,,,0,14,,81426,21,,,0,14,,81445,21,,,0,55,,81427,21,,,0,15,,81446,21,,,0,15,,81428,21,,,0,15,,81447,21,,,0,55,,81429,21,,,0,14,,81448,21,,,0,14,,81430,21,,,0,14,,81398,21,,,0,58,,81449,21,,,0,19,,81454,15,,,0,20,,81450,21,,,0,61,,81455,15,,,0,19,,81451,15,,,0,18,,81456,15,,,0,60,,81452,15,,,0,20,,81457,15,,,0,20,,81453,15,,,0
