201,'0_6',714,,63681,19,0,20,0,5,,63705,19,0,62,0,25,,63693,7,0,21,0,69,,63682,19,0,21,0,24,,63694,7,0,62,0,66,,63706,19,0,20,0,25,,63683,19,0,20,0,20,,63695,7,0,21,0,55,,63707,19,0,62,0,31,,63684,19,0,20,0,19,,63696,7,0,21,0,60,,63708,19,0,64,0,25,,63685,19,0,20,0,62,,63697,7,0,62,0,23,,63709,19,0,20,0,25,,63686,19,0,21,0,58,,63698,7,0,62,0,20,,63710,19,0,20,0,25,,63687,19,0,21,0,57,,63699,7,0,62,0,25,,63711,19,0,20,0,25,,63688,19,0,62,0,58,,63700,7,0,21,0,22,,63712,19,0,20,0,62,,63689,19,0,62,0,15,,63701,7,0,21,0,24,,63713,19,0,20,0,64,,63690,19,0,21,0,19,,63702,7,0,62,0,20,,63714,19,0,20,0,64,,63691,19,0,21,0,21,,63703,7,0,20,0,20,,63715,19,0,62,0,60,,63692,19,0,21,0,15,,63704,7,0,62,0,16,,63716,19,0,21,0
201,'1_7',839,,63717,7,0,21,0,165,,63718,7,0,21,0,125,,63719,7,0,21,0,125,,63720,7,0,21,0,150,,63721,7,0,21,0,125,,63722,7,0,21,0,125,,63723,7,0,21,0,165,,63724,7,0,21,0
201,'5_1',714,,74058,19,0,20,0,5,,74082,19,0,62,0,25,,74070,7,0,21,0,69,,74059,19,0,21,0,24,,74071,7,0,62,0,66,,74083,19,0,20,0,25,,74060,19,0,20,0,20,,74072,7,0,21,0,55,,74084,19,0,62,0,31,,74061,19,0,20,0,19,,74073,7,0,21,0,60,,74085,19,0,64,0,25,,74062,19,0,20,0,62,,74074,7,0,62,0,23,,74086,19,0,20,0,25,,74063,19,0,21,0,58,,74075,7,0,62,0,20,,74087,19,0,20,0,25,,74064,19,0,21,0,57,,74076,7,0,62,0,25,,74088,19,0,20,0,25,,74065,19,0,62,0,58,,74077,7,0,21,0,22,,74089,19,0,20,0,62,,74066,19,0,62,0,15,,74078,7,0,21,0,24,,74090,19,0,20,0,64,,74067,19,0,21,0,19,,74079,7,0,62,0,20,,74091,19,0,20,0,64,,74068,19,0,21,0,21,,74080,7,0,20,0,20,,74092,19,0,62,0,60,,74069,19,0,21,0,15,,74081,7,0,62,0,16,,74093,19,0,21,0
201,'5_2',714,,75188,19,0,20,0,5,,75212,19,0,62,0,25,,75200,7,0,21,0,69,,75189,19,0,21,0,24,,75201,7,0,62,0,66,,75213,19,0,20,0,25,,75190,19,0,20,0,20,,75202,7,0,21,0,55,,75214,19,0,62,0,31,,75191,19,0,20,0,19,,75203,7,0,21,0,60,,75215,19,0,64,0,25,,75192,19,0,20,0,62,,75204,7,0,62,0,23,,75216,19,0,20,0,25,,75193,19,0,21,0,58,,75205,7,0,62,0,20,,75217,19,0,20,0,25,,75194,19,0,21,0,57,,75206,7,0,62,0,25,,75218,19,0,20,0,25,,75195,19,0,62,0,58,,75207,7,0,21,0,22,,75219,19,0,20,0,62,,75196,19,0,62,0,15,,75208,7,0,21,0,24,,75220,19,0,20,0,64,,75197,19,0,21,0,19,,75209,7,0,62,0,20,,75221,19,0,20,0,64,,75198,19,0,21,0,21,,75210,7,0,20,0,20,,75222,19,0,62,0,60,,75199,19,0,21,0,15,,75211,7,0,62,0,16,,75223,19,0,21,0
201,'5_3',714,,75224,19,0,20,0,5,,75248,19,0,62,0,25,,75236,7,0,21,0,69,,75225,19,0,21,0,24,,75237,7,0,62,0,66,,75249,19,0,20,0,25,,75226,19,0,20,0,20,,75238,7,0,21,0,55,,75250,19,0,62,0,31,,75227,19,0,20,0,19,,75239,7,0,21,0,60,,75251,19,0,64,0,25,,75228,19,0,20,0,62,,75240,7,0,62,0,23,,75252,19,0,20,0,25,,75229,19,0,21,0,58,,75241,7,0,62,0,20,,75253,19,0,20,0,25,,75230,19,0,21,0,57,,75242,7,0,62,0,25,,75254,19,0,20,0,25,,75231,19,0,62,0,58,,75243,7,0,21,0,22,,75255,19,0,20,0,62,,75232,19,0,62,0,15,,75244,7,0,21,0,24,,75256,19,0,20,0,64,,75233,19,0,21,0,19,,75245,7,0,62,0,20,,75257,19,0,20,0,64,,75234,19,0,21,0,21,,75246,7,0,20,0,20,,75258,19,0,62,0,60,,75235,19,0,21,0,15,,75247,7,0,62,0,16,,75259,19,0,21,0
201,'7_1',714,,80242,19,0,20,0,5,,80266,19,0,62,0,25,,80254,7,0,21,0,69,,80243,19,0,21,0,24,,80255,7,0,62,0,66,,80267,19,0,20,0,25,,80244,19,0,20,0,20,,80256,7,0,21,0,55,,80268,19,0,62,0,31,,80245,19,0,20,0,19,,80257,7,0,21,0,60,,80269,19,0,64,0,25,,80246,19,0,20,0,62,,80258,7,0,62,0,23,,80270,19,0,20,0,25,,80247,19,0,21,0,58,,80259,7,0,62,0,20,,80271,19,0,20,0,25,,80248,19,0,21,0,57,,80260,7,0,62,0,25,,80272,19,0,20,0,25,,80249,19,0,62,0,58,,80261,7,0,21,0,22,,80273,19,0,20,0,62,,80250,19,0,62,0,15,,80262,7,0,21,0,24,,80274,19,0,20,0,64,,80251,19,0,21,0,19,,80263,7,0,62,0,20,,80275,19,0,20,0,64,,80252,19,0,21,0,21,,80264,7,0,20,0,20,,80276,19,0,62,0,60,,80253,19,0,21,0,15,,80265,7,0,62,0,16,,80277,19,0,21,0
201,'7_2',714,,82178,19,0,20,0,5,,82202,19,0,62,0,25,,82190,7,0,21,0,69,,82179,19,0,21,0,24,,82191,7,0,62,0,66,,82203,19,0,20,0,25,,82180,19,0,20,0,20,,82192,7,0,21,0,55,,82204,19,0,62,0,31,,82181,19,0,20,0,19,,82193,7,0,21,0,60,,82205,19,0,64,0,25,,82182,19,0,20,0,62,,82194,7,0,62,0,23,,82206,19,0,20,0,25,,82183,19,0,21,0,58,,82195,7,0,62,0,20,,82207,19,0,20,0,25,,82184,19,0,21,0,57,,82196,7,0,62,0,25,,82208,19,0,20,0,25,,82185,19,0,62,0,58,,82197,7,0,21,0,22,,82209,19,0,20,0,62,,82186,19,0,62,0,15,,82198,7,0,21,0,24,,82210,19,0,20,0,64,,82187,19,0,21,0,19,,82199,7,0,62,0,20,,82211,19,0,20,0,64,,82188,19,0,21,0,21,,82200,7,0,20,0,20,,82212,19,0,62,0,60,,82189,19,0,21,0,15,,82201,7,0,62,0,16,,82213,19,0,21,0
201,'7_3',714,,82214,19,0,20,0,5,,82238,19,0,62,0,25,,82226,7,0,21,0,69,,82215,19,0,21,0,24,,82227,7,0,62,0,66,,82239,19,0,20,0,25,,82216,19,0,20,0,20,,82228,7,0,21,0,55,,82240,19,0,62,0,31,,82217,19,0,20,0,19,,82229,7,0,21,0,60,,82241,19,0,64,0,25,,82218,19,0,20,0,62,,82230,7,0,62,0,23,,82242,19,0,20,0,25,,82219,19,0,21,0,58,,82231,7,0,62,0,20,,82243,19,0,20,0,25,,82220,19,0,21,0,57,,82232,7,0,62,0,25,,82244,19,0,20,0,25,,82221,19,0,62,0,58,,82233,7,0,21,0,22,,82245,19,0,20,0,62,,82222,19,0,62,0,15,,82234,7,0,21,0,24,,82246,19,0,20,0,64,,82223,19,0,21,0,19,,82235,7,0,62,0,20,,82247,19,0,20,0,64,,82224,19,0,21,0,21,,82236,7,0,20,0,20,,82248,19,0,62,0,60,,82225,19,0,21,0,15,,82237,7,0,62,0,16,,82249,19,0,21,0
201,'7_4',714,,79197,19,0,20,0,5,,79221,19,0,62,0,25,,79209,7,0,21,0,69,,79198,19,0,21,0,24,,79210,7,0,62,0,66,,79222,19,0,20,0,25,,79199,19,0,20,0,20,,79211,7,0,21,0,55,,79223,19,0,62,0,31,,79200,19,0,20,0,19,,79212,7,0,21,0,60,,79224,19,0,64,0,25,,79201,19,0,20,0,62,,79213,7,0,62,0,23,,79225,19,0,20,0,25,,79202,19,0,21,0,58,,79214,7,0,62,0,20,,79226,19,0,20,0,25,,79203,19,0,21,0,57,,79215,7,0,62,0,25,,79227,19,0,20,0,25,,79204,19,0,62,0,58,,79216,7,0,21,0,22,,79228,19,0,20,0,62,,79205,19,0,62,0,15,,79217,7,0,21,0,24,,79229,19,0,20,0,64,,79206,19,0,21,0,19,,79218,7,0,62,0,20,,79230,19,0,20,0,64,,79207,19,0,21,0,21,,79219,7,0,20,0,20,,79231,19,0,62,0,60,,79208,19,0,21,0,15,,79220,7,0,62,0,16,,79232,19,0,21,0
201,'7_5',714,,80278,19,0,20,0,5,,80302,19,0,62,0,25,,80290,7,0,21,0,69,,80279,19,0,21,0,24,,80291,7,0,62,0,66,,80303,19,0,20,0,25,,80280,19,0,20,0,20,,80292,7,0,21,0,55,,80304,19,0,62,0,31,,80281,19,0,20,0,19,,80293,7,0,21,0,60,,80305,19,0,64,0,25,,80282,19,0,20,0,62,,80294,7,0,62,0,23,,80306,19,0,20,0,25,,80283,19,0,21,0,58,,80295,7,0,62,0,20,,80307,19,0,20,0,25,,80284,19,0,21,0,57,,80296,7,0,62,0,25,,80308,19,0,20,0,25,,80285,19,0,62,0,58,,80297,7,0,21,0,22,,80309,19,0,20,0,62,,80286,19,0,62,0,15,,80298,7,0,21,0,24,,80310,19,0,20,0,64,,80287,19,0,21,0,19,,80299,7,0,62,0,20,,80311,19,0,20,0,64,,80288,19,0,21,0,21,,80300,7,0,20,0,20,,80312,19,0,62,0,60,,80289,19,0,21,0,15,,80301,7,0,62,0,16,,80313,19,0,21,0
