301,'1_3',737,,95642,26,,,0,21,,95616,26,,,0,74,,95643,26,,,0,73,,95617,26,,,0,30,,95618,26,,,0,71,,95619,26,,,0,32,,95620,26,,,0,72,,95621,26,,,0,33,,95622,26,,,0,73,,95623,26,,,0,32,,95624,26,,,0,71,,95625,26,,,0,33,,95626,26,,,0,72,,95627,26,,,0,31,,95628,26,,,0,70,,95629,26,,,0,27,,95630,26,,,0,68,,95631,26,,,0,31,,95632,26,,,0,70,,95633,26,,,0,30,,95634,26,,,0,70,,95635,26,,,0,24,,95636,26,,,0,62,,95637,26,,,0,23,,95638,26,,,0,29,,95639,26,,,0,68,,95640,26,,,0,30,,95641,26,,,0
301,'2_6',741,,95647,26,,,0,71,,95644,26,,,0,30,,95645,26,,,0,70,,95646,26,,,0,31,,95648,26,,,0,70,,95649,26,,,0,31,,95650,26,,,0,70,,95651,26,,,0,31,,95655,26,,,0,69,,95654,26,,,0,28,,95652,26,,,0,69,,95653,26,,,0,29,,95657,26,,,0,71,,95658,26,,,0,30,,95656,26,,,0,71,,95659,26,,,0,30,,95662,26,,,0,72,,95660,26,,,0,33,,95661,26,,,0,71,,95664,26,,,0,32,,95663,26,,,0,70,,95665,26,,,0,32,,95666,26,,,0,68,,95667,26,,,0,28,,95668,26,,,0,69,,95669,26,,,0,30,,95670,26,,,0,63,,95671,26,,,0
301,'4_1',737,,95725,26,,,0,21,,95699,26,,,0,74,,95726,26,,,0,73,,95700,26,,,0,30,,95701,26,,,0,71,,95702,26,,,0,32,,95703,26,,,0,72,,95704,26,,,0,33,,95705,26,,,0,73,,95706,26,,,0,32,,95707,26,,,0,71,,95708,26,,,0,33,,95709,26,,,0,72,,95710,26,,,0,31,,95711,26,,,0,70,,95712,26,,,0,27,,95713,26,,,0,68,,95714,26,,,0,31,,95715,26,,,0,70,,95716,26,,,0,30,,95717,26,,,0,70,,95718,26,,,0,24,,95719,26,,,0,62,,95720,26,,,0,23,,95721,26,,,0,29,,95722,26,,,0,68,,95723,26,,,0,30,,95724,26,,,0
301,'4_2',737,,95753,26,,,0,21,,95727,26,,,0,74,,95754,26,,,0,73,,95728,26,,,0,30,,95729,26,,,0,71,,95730,26,,,0,32,,95731,26,,,0,72,,95732,26,,,0,33,,95733,26,,,0,73,,95734,26,,,0,32,,95735,26,,,0,71,,95736,26,,,0,33,,95737,26,,,0,72,,95738,26,,,0,31,,95739,26,,,0,70,,95740,26,,,0,27,,95741,26,,,0,68,,95742,26,,,0,31,,95743,26,,,0,70,,95744,26,,,0,30,,95745,26,,,0,70,,95746,26,,,0,24,,95747,26,,,0,62,,95748,26,,,0,23,,95749,26,,,0,29,,95750,26,,,0,68,,95751,26,,,0,30,,95752,26,,,0
301,'4_4',737,,95781,26,,,0,21,,95755,26,,,0,74,,95782,26,,,0,73,,95756,26,,,0,30,,95757,26,,,0,71,,95758,26,,,0,32,,95759,26,,,0,72,,95760,26,,,0,33,,95761,26,,,0,73,,95762,26,,,0,32,,95763,26,,,0,71,,95764,26,,,0,33,,95765,26,,,0,72,,95766,26,,,0,31,,95767,26,,,0,70,,95768,26,,,0,27,,95769,26,,,0,68,,95770,26,,,0,31,,95771,26,,,0,70,,95772,26,,,0,30,,95773,26,,,0,70,,95774,26,,,0,24,,95775,26,,,0,62,,95776,26,,,0,23,,95777,26,,,0,29,,95778,26,,,0,68,,95779,26,,,0,30,,95780,26,,,0
301,'4_5',737,,95809,26,,,0,21,,95783,26,,,0,74,,95810,26,,,0,73,,95784,26,,,0,30,,95785,26,,,0,71,,95786,26,,,0,32,,95787,26,,,0,72,,95788,26,,,0,33,,95789,26,,,0,73,,95790,26,,,0,32,,95791,26,,,0,71,,95792,26,,,0,33,,95793,26,,,0,72,,95794,26,,,0,31,,95795,26,,,0,70,,95796,26,,,0,27,,95797,26,,,0,68,,95798,26,,,0,31,,95799,26,,,0,70,,95800,26,,,0,30,,95801,26,,,0,70,,95802,26,,,0,24,,95803,26,,,0,62,,95804,26,,,0,23,,95805,26,,,0,29,,95806,26,,,0,68,,95807,26,,,0,30,,95808,26,,,0
301,'5_7',934,,95811,26,,,0,100,,95812,26,,,0,100,,95813,26,,,0,100,,95814,26,,,0,100,,95815,26,,,0,100,,95816,26,,,0,100,,95817,26,,,0,100,,95818,26,,,0,100,,95819,26,,,0,100,,95820,26,,,0,100,,95821,26,,,0
2900301,'1_3',1728,,102463,12,,,0,28,,102464,12,,,0,73,,102465,12,,,0,21,,102466,12,,,0
2900301,'4_1',1728,,102467,12,,,0,28,,102468,12,,,0,73,,102469,12,,,0,21,,102470,12,,,0
2900301,'4_2',1728,,102471,12,,,0,28,,102472,12,,,0,73,,102473,12,,,0,21,,102474,12,,,0
2900301,'4_4',1728,,102475,12,,,0,28,,102476,12,,,0,73,,102477,12,,,0,21,,102478,12,,,0
2900301,'4_5',1728,,102479,12,,,0,28,,102480,12,,,0,73,,102481,12,,,0,21,,102482,12,,,0
