201,'0_4',721,,94973,23,0,20,0,17,,95007,2,0,21,0,13,,95011,23,0,21,0,58,,94995,11,0,62,0,12,,94976,23,0,21,0,15,,94974,11,0,20,0,20,,94996,23,0,62,0,67,,94977,23,0,21,0,28,,94987,23,0,20,0,81,,94981,23,0,21,0,26,,94988,23,0,62,0,83,,94982,23,0,21,0,75,,94989,23,0,62,0,20,,95009,2,0,21,0,20,,94978,23,0,20,0,75,,94997,23,0,21,0,20,,95010,23,0,62,0,65,,94990,23,0,21,0,30,,94975,23,0,20,0,65,,94998,23,0,21,0,25,,94979,23,0,62,0,15,,95004,2,0,20,0,60,,94991,23,0,21,0,10,,95006,2,0,62,0,15,,94983,2,0,21,0,15,,95005,23,0,62,0,60,,94999,11,0,21,0,15,,94992,11,0,62,0,12,,95000,23,0,21,0,13,,94980,23,0,62,0,55,,95001,11,0,21,0,15,,95003,11,0,62,0,15,,95002,11,0,21,0,15,,94993,23,0,62,0,60,,94984,23,0,21,0,25,,94994,23,0,62,0,19,,94985,23,0,21,0
201,'0_5',721,,95012,23,0,20,0,17,,95046,2,0,21,0,13,,95050,23,0,21,0,58,,95034,11,0,62,0,12,,95015,23,0,21,0,15,,95013,11,0,20,0,20,,95035,23,0,62,0,67,,95016,23,0,21,0,28,,95026,23,0,20,0,81,,95020,23,0,21,0,26,,95027,23,0,62,0,83,,95021,23,0,21,0,75,,95028,23,0,62,0,20,,95048,2,0,21,0,20,,95017,23,0,20,0,75,,95036,23,0,21,0,20,,95049,23,0,62,0,65,,95029,23,0,21,0,30,,95014,23,0,20,0,65,,95037,23,0,21,0,25,,95018,23,0,62,0,15,,95043,2,0,20,0,60,,95030,23,0,21,0,10,,95045,2,0,62,0,15,,95022,2,0,21,0,15,,95044,23,0,62,0,60,,95038,11,0,21,0,15,,95031,11,0,62,0,12,,95039,23,0,21,0,13,,95019,23,0,62,0,55,,95040,11,0,21,0,15,,95042,11,0,62,0,15,,95041,11,0,21,0,15,,95032,23,0,62,0,60,,95023,23,0,21,0,25,,95033,23,0,62,0,19,,95024,23,0,21,0
201,'1_3',721,,95051,23,0,20,0,17,,95085,2,0,21,0,13,,95090,23,0,21,0,58,,95073,11,0,62,0,12,,95054,23,0,21,0,15,,95052,11,0,20,0,20,,95074,23,0,62,0,67,,95055,23,0,21,0,28,,95065,23,0,20,0,81,,95059,23,0,21,0,26,,95066,23,0,62,0,83,,95060,23,0,21,0,75,,95088,2,0,21,0,20,,95087,2,0,21,0,20,,95056,23,0,20,0,75,,95075,23,0,21,0,20,,95089,23,0,62,0,65,,95068,23,0,21,0,30,,95053,23,0,20,0,65,,95076,23,0,21,0,25,,95057,23,0,62,0,15,,95082,2,0,20,0,60,,95069,23,0,21,0,10,,95084,2,0,62,0,15,,95061,2,0,21,0,15,,95083,23,0,62,0,60,,95077,11,0,21,0,15,,95070,11,0,62,0,12,,95078,23,0,21,0,13,,95058,23,0,62,0,55,,95079,11,0,21,0,15,,95081,11,0,62,0,15,,95080,11,0,21,0,15,,95071,23,0,62,0,60,,95062,23,0,21,0,25,,95072,23,0,62,0,19,,95063,23,0,21,0
201,'2_6',721,,95091,23,0,20,0,5,,95115,23,0,62,0,25,,95103,11,0,21,0,70,,95092,23,0,21,0,25,,95104,11,0,62,0,65,,95116,23,0,20,0,25,,95093,23,0,20,0,20,,95105,11,0,21,0,55,,95117,23,0,62,0,31,,95094,23,0,20,0,59,,95106,11,0,21,0,20,,95118,23,0,64,0,25,,95095,23,0,20,0,60,,95107,11,0,62,0,20,,95119,23,0,21,0,30,,95096,23,0,21,0,58,,95108,11,0,62,0,20,,95120,23,0,20,0,25,,95097,23,0,21,0,57,,95109,11,0,62,0,25,,95121,23,0,20,0,65,,95098,23,0,62,0,18,,95110,11,0,21,0,22,,95122,23,0,20,0,62,,95099,23,0,62,0,16,,95111,11,0,21,0,24,,95123,23,0,20,0,65,,95100,23,0,21,0,18,,95112,11,0,62,0,20,,95124,23,0,20,0,65,,95101,23,0,21,0,20,,95113,11,0,20,0,20,,95125,23,0,62,0,60,,95102,23,0,21,0,15,,95114,11,0,62,0,15,,95126,23,0,21,0
201,'3_7',846,,95127,11,0,21,0,165,,95128,11,0,21,0,125,,95129,11,0,21,0,165,,95130,11,0,21,0,110,,95131,11,0,21,0,125,,95132,11,0,21,0,165,,95133,11,0,21,0,125,,95134,11,0,21,0
201,'4_1',721,,95135,23,0,20,0,17,,95169,2,0,21,0,13,,95173,23,0,21,0,58,,95157,11,0,62,0,12,,95138,23,0,21,0,15,,95136,11,0,20,0,20,,95158,23,0,62,0,67,,95139,23,0,21,0,28,,95149,23,0,20,0,81,,95143,23,0,21,0,26,,95150,23,0,62,0,83,,95144,23,0,21,0,75,,95151,23,0,62,0,20,,95171,2,0,21,0,20,,95140,23,0,20,0,75,,95159,23,0,21,0,20,,95172,23,0,62,0,65,,95152,23,0,21,0,30,,95137,23,0,20,0,65,,95160,23,0,21,0,25,,95141,23,0,62,0,15,,95166,2,0,20,0,60,,95153,23,0,21,0,10,,95168,2,0,62,0,15,,95145,2,0,21,0,15,,95167,23,0,62,0,60,,95161,11,0,21,0,15,,95154,11,0,62,0,12,,95162,23,0,21,0,13,,95142,23,0,62,0,55,,95163,11,0,21,0,15,,95165,11,0,62,0,15,,95164,11,0,21,0,15,,95155,23,0,62,0,60,,95146,23,0,21,0,25,,95156,23,0,62,0,19,,95147,23,0,21,0
201,'4_2',721,,95174,23,0,20,0,17,,95208,2,0,21,0,13,,95212,23,0,21,0,58,,95196,11,0,62,0,12,,95177,23,0,21,0,15,,95175,11,0,20,0,20,,95197,23,0,62,0,67,,95178,23,0,21,0,28,,95188,23,0,20,0,81,,95182,23,0,21,0,26,,95189,23,0,62,0,83,,95183,23,0,21,0,75,,95190,23,0,62,0,20,,95210,2,0,21,0,20,,95179,23,0,20,0,75,,95198,23,0,21,0,20,,95211,23,0,62,0,65,,95191,23,0,21,0,30,,95176,23,0,20,0,65,,95199,23,0,21,0,25,,95180,23,0,62,0,15,,95205,2,0,20,0,60,,95192,23,0,21,0,10,,95207,2,0,62,0,15,,95184,2,0,21,0,15,,95206,23,0,62,0,60,,95200,11,0,21,0,15,,95193,11,0,62,0,12,,95201,23,0,21,0,13,,95181,23,0,62,0,55,,95202,11,0,21,0,15,,95204,11,0,62,0,15,,95203,11,0,21,0,15,,95194,23,0,62,0,60,,95185,23,0,21,0,25,,95195,23,0,62,0,19,,95186,23,0,21,0
201,'4_4',721,,95213,23,0,20,0,17,,95247,2,0,21,0,13,,95251,23,0,21,0,58,,95235,11,0,62,0,12,,95216,23,0,21,0,15,,95214,11,0,20,0,20,,95236,23,0,62,0,67,,95217,23,0,21,0,28,,95227,23,0,20,0,81,,95221,23,0,21,0,26,,95228,23,0,62,0,83,,95222,23,0,21,0,75,,95229,23,0,62,0,20,,95249,2,0,21,0,20,,95218,23,0,20,0,75,,95237,23,0,21,0,20,,95250,23,0,62,0,65,,95230,23,0,21,0,30,,95215,23,0,20,0,65,,95238,23,0,21,0,25,,95219,23,0,62,0,15,,95244,2,0,20,0,60,,95231,23,0,21,0,10,,95246,2,0,62,0,15,,95223,2,0,21,0,15,,95245,23,0,62,0,60,,95239,11,0,21,0,15,,95232,11,0,62,0,12,,95240,23,0,21,0,13,,95220,23,0,62,0,55,,95241,11,0,21,0,15,,95243,11,0,62,0,15,,95242,11,0,21,0,15,,95233,23,0,62,0,60,,95224,23,0,21,0,25,,95234,23,0,62,0,19,,95225,23,0,21,0
201,'4_5',721,,95252,23,0,20,0,17,,95286,2,0,21,0,13,,95290,23,0,21,0,58,,95274,11,0,62,0,12,,95255,23,0,21,0,15,,95253,11,0,20,0,20,,95275,23,0,62,0,67,,95256,23,0,21,0,28,,95266,23,0,20,0,81,,95260,23,0,21,0,26,,95267,23,0,62,0,83,,95261,23,0,21,0,75,,95268,23,0,62,0,20,,95288,2,0,21,0,20,,95257,23,0,20,0,75,,95276,23,0,21,0,20,,95289,23,0,62,0,65,,95269,23,0,21,0,30,,95254,23,0,20,0,65,,95277,23,0,21,0,25,,95258,23,0,62,0,15,,95283,2,0,20,0,60,,95270,23,0,21,0,10,,95285,2,0,62,0,15,,95262,2,0,21,0,15,,95284,23,0,62,0,60,,95278,11,0,21,0,15,,95271,11,0,62,0,12,,95279,23,0,21,0,13,,95259,23,0,62,0,55,,95280,11,0,21,0,15,,95282,11,0,62,0,15,,95281,11,0,21,0,15,,95272,23,0,62,0,60,,95263,23,0,21,0,25,,95273,23,0,62,0,19,,95264,23,0,21,0
201,'5_7',846,,95291,11,0,21,0,165,,95292,11,0,21,0,125,,95293,11,0,21,0,165,,95294,11,0,21,0,110,,95295,11,0,21,0,125,,95296,11,0,21,0,165,,95297,11,0,21,0,125,,95298,11,0,21,0
501,'0_4',921,,96478,6,,,0,104,,96479,6,,,0,100,,96480,6,,,0,86,,96481,6,,,0,95,,96482,6,,,0,98,,96483,6,,,0,102,,96484,6,,,0,100,,96485,6,,,0,25,,96487,6,0,13,0,81,,96486,6,,,0,29,,96488,6,0,13,0,75,,96490,6,,,0,20,,96489,6,0,13,0,110,,96491,6,,,0
501,'0_5',921,,96492,6,,,0,104,,96493,6,,,0,100,,96494,6,,,0,86,,96495,6,,,0,95,,96496,6,,,0,98,,96497,6,,,0,102,,96498,6,,,0,100,,96499,6,,,0,25,,96501,6,0,13,0,81,,96500,6,,,0,29,,96502,6,0,13,0,75,,96504,6,,,0,20,,96503,6,0,13,0,110,,96505,6,,,0
501,'1_3',921,,96506,6,,,0,104,,96507,6,,,0,100,,96508,6,,,0,86,,96509,6,,,0,25,,96515,6,0,13,0,70,,96510,6,,,0,98,,96511,6,,,0,102,,96512,6,,,0,100,,96513,6,,,0,106,,96514,6,,,0,104,,96516,6,,,0,130,,96517,6,,,0
501,'2_6',813,,96518,6,,,0,100,,96519,6,,,0,100,,96520,6,,,0,100,,96521,6,,,0,100,,96522,6,,,0,95,,96523,6,,,0,98,,96524,6,,,0,100,,96525,6,,,0,100,,96526,6,,,0,100,,96527,6,,,0,100,,96528,6,,,0,150,,96529,6,,,0
501,'4_1',921,,96530,6,,,0,104,,96531,6,,,0,100,,96532,6,,,0,86,,96533,6,,,0,95,,96534,6,,,0,98,,96535,6,,,0,102,,96536,6,,,0,100,,96537,6,,,0,25,,96539,6,0,13,0,81,,96538,6,,,0,29,,96540,6,0,13,0,75,,96542,6,,,0,20,,96541,6,0,13,0,110,,96543,6,,,0
501,'4_2',921,,96544,6,,,0,104,,96545,6,,,0,100,,96546,6,,,0,86,,96547,6,,,0,95,,96548,6,,,0,98,,96549,6,,,0,102,,96550,6,,,0,100,,96551,6,,,0,25,,96553,6,0,13,0,81,,96552,6,,,0,29,,96554,6,0,13,0,75,,96556,6,,,0,20,,96555,6,0,13,0,110,,96557,6,,,0
501,'4_4',921,,96558,6,,,0,104,,96559,6,,,0,100,,96560,6,,,0,86,,96561,6,,,0,95,,96562,6,,,0,98,,96563,6,,,0,102,,96564,6,,,0,100,,96565,6,,,0,25,,96567,6,0,13,0,81,,96566,6,,,0,29,,96568,6,0,13,0,75,,96570,6,,,0,20,,96569,6,0,13,0,110,,96571,6,,,0
501,'4_5',921,,96572,6,,,0,104,,96573,6,,,0,100,,96574,6,,,0,86,,96575,6,,,0,95,,96576,6,,,0,98,,96577,6,,,0,102,,96578,6,,,0,100,,96579,6,,,0,25,,96581,6,0,13,0,81,,96580,6,,,0,29,,96582,6,0,13,0,75,,96584,6,,,0,20,,96583,6,0,13,0,110,,96585,6,,,0
1501,'0_4',720,,97863,25,,,0,20,,97864,25,,,0,94,,97865,25,,,0,21,,97866,25,,,0,158,,97867,25,,,0,116,,97868,25,,,0,117,,97869,25,,,0,95,,97870,25,,,0,118,,97871,25,,,0,99,,97862,13,,,0,170,,97872,25,,,0,104,,97873,25,,,0,92,,97874,25,,,0
1501,'0_5',720,,97876,25,,,0,20,,97877,25,,,0,94,,97878,25,,,0,21,,97879,25,,,0,158,,97880,25,,,0,116,,97881,25,,,0,117,,97882,25,,,0,95,,97883,25,,,0,118,,97884,25,,,0,99,,97875,13,,,0,170,,97885,25,,,0,104,,97886,25,,,0,92,,97887,25,,,0
1501,'1_3',720,,97889,25,,,0,20,,97890,25,,,0,94,,97891,25,,,0,21,,97892,25,,,0,158,,97893,25,,,0,116,,97894,25,,,0,117,,97895,25,,,0,95,,97896,25,,,0,118,,97897,25,,,0,99,,97888,13,,,0,170,,97898,25,,,0,104,,97899,25,,,0,92,,97900,25,,,0
1501,'2_6',720,,97902,25,,,0,20,,97903,25,,,0,94,,97904,25,,,0,21,,97905,25,,,0,158,,97906,25,,,0,116,,97907,25,,,0,117,,97908,25,,,0,95,,97909,25,,,0,118,,97910,25,,,0,99,,97901,13,,,0,170,,97911,25,,,0,104,,97912,25,,,0,92,,97913,25,,,0
1501,'4_1',720,,97915,25,,,0,20,,97916,25,,,0,94,,97917,25,,,0,21,,97918,25,,,0,158,,97919,25,,,0,116,,97920,25,,,0,117,,97921,25,,,0,95,,97922,25,,,0,118,,97923,25,,,0,99,,97914,13,,,0,170,,97924,25,,,0,104,,97925,25,,,0,92,,97926,25,,,0
1501,'4_2',720,,97928,25,,,0,20,,97929,25,,,0,94,,97930,25,,,0,21,,97931,25,,,0,158,,97932,25,,,0,116,,97933,25,,,0,117,,97934,25,,,0,95,,97935,25,,,0,118,,97936,25,,,0,99,,97927,13,,,0,170,,97937,25,,,0,104,,97938,25,,,0,92,,97939,25,,,0
1501,'4_4',720,,97941,25,,,0,20,,97942,25,,,0,94,,97943,25,,,0,21,,97944,25,,,0,158,,97945,25,,,0,116,,97946,25,,,0,117,,97947,25,,,0,95,,97948,25,,,0,118,,97949,25,,,0,99,,97940,13,,,0,170,,97950,25,,,0,104,,97951,25,,,0,92,,97952,25,,,0
1501,'4_5',720,,97954,25,,,0,20,,97955,25,,,0,94,,97956,25,,,0,21,,97957,25,,,0,158,,97958,25,,,0,116,,97959,25,,,0,117,,97960,25,,,0,95,,97961,25,,,0,118,,97962,25,,,0,99,,97953,13,,,0,170,,97963,25,,,0,104,,97964,25,,,0,92,,97965,25,,,0
2601,'0_4',723,,99089,10,,,0,33,,99099,10,,,0,65,,99101,10,,,0,25,,99100,10,,,0,79,,99090,10,,,0,99,,99091,10,,,0,100,,99108,10,,,0,100,,99092,10,,,0,27,,99109,10,,,0,62,,99110,10,,,0,92,,99093,10,,,0,54,,99094,10,,,0,153,,99103,10,,,0,47,,99104,10,,,0,68,,99105,10,,,0,90,,99106,10,,,0,25,,99107,10,,,0,94,,99102,10,,,0
2601,'0_5',723,,99113,10,,,0,33,,99123,10,,,0,65,,99125,10,,,0,25,,99124,10,,,0,79,,99114,10,,,0,99,,99115,10,,,0,100,,99132,10,,,0,100,,99116,10,,,0,27,,99133,10,,,0,62,,99134,10,,,0,92,,99117,10,,,0,54,,99118,10,,,0,153,,99127,10,,,0,47,,99128,10,,,0,68,,99129,10,,,0,90,,99130,10,,,0,25,,99131,10,,,0,94,,99126,10,,,0
2601,'1_3',723,,99137,10,,,0,33,,99146,10,,,0,65,,99148,10,,,0,25,,99147,10,,,0,79,,99138,10,,,0,99,,99139,10,,,0,100,,99155,10,,,0,100,,99140,10,,,0,27,,99156,10,,,0,62,,99157,10,,,0,92,,99141,10,,,0,54,,99142,10,,,0,153,,99150,10,,,0,47,,99151,10,,,0,68,,99152,10,,,0,90,,99153,10,,,0,25,,99154,10,,,0,94,,99149,10,,,0
2601,'2_6',726,,99159,10,,,0,85,,99162,10,,,0,45,,99163,10,,,0,86,,99164,10,,,0,90,,99165,10,,,0,84,,99166,10,,,0,43,,99167,10,,,0,85,,99168,10,,,0,82,,99169,10,,,0,85,,99170,10,,,0,46,,99171,10,,,0,90,,99172,10,,,0,85,,99173,10,,,0,81,,99174,10,,,0,46,,99175,10,,,0,84,,99161,10,,,0,83,,99160,10,,,0
2601,'4_1',723,,99176,10,,,0,33,,99186,10,,,0,65,,99188,10,,,0,25,,99187,10,,,0,79,,99177,10,,,0,99,,99178,10,,,0,100,,99195,10,,,0,100,,99179,10,,,0,27,,99196,10,,,0,62,,99197,10,,,0,92,,99180,10,,,0,54,,99181,10,,,0,153,,99190,10,,,0,47,,99191,10,,,0,68,,99192,10,,,0,90,,99193,10,,,0,25,,99194,10,,,0,94,,99189,10,,,0
2601,'4_2',723,,99200,10,,,0,33,,99210,10,,,0,65,,99212,10,,,0,25,,99211,10,,,0,79,,99201,10,,,0,99,,99202,10,,,0,100,,99219,10,,,0,100,,99203,10,,,0,27,,99220,10,,,0,62,,99221,10,,,0,92,,99204,10,,,0,54,,99205,10,,,0,153,,99214,10,,,0,47,,99215,10,,,0,68,,99216,10,,,0,90,,99217,10,,,0,25,,99218,10,,,0,94,,99213,10,,,0
2601,'4_4',723,,99224,10,,,0,33,,99234,10,,,0,65,,99236,10,,,0,25,,99235,10,,,0,79,,99225,10,,,0,99,,99226,10,,,0,100,,99243,10,,,0,100,,99227,10,,,0,27,,99244,10,,,0,62,,99245,10,,,0,92,,99228,10,,,0,54,,99229,10,,,0,153,,99238,10,,,0,47,,99239,10,,,0,68,,99240,10,,,0,90,,99241,10,,,0,25,,99242,10,,,0,94,,99237,10,,,0
2601,'4_5',723,,99248,10,,,0,33,,99258,10,,,0,65,,99260,10,,,0,25,,99259,10,,,0,79,,99249,10,,,0,99,,99250,10,,,0,100,,99267,10,,,0,100,,99251,10,,,0,27,,99268,10,,,0,62,,99269,10,,,0,92,,99252,10,,,0,54,,99253,10,,,0,153,,99262,10,,,0,47,,99263,10,,,0,68,,99264,10,,,0,90,,99265,10,,,0,25,,99266,10,,,0,94,,99261,10,,,0
900501,'4_4',2110,,99637,9,,,0,40,,99638,9,,,0,90,,99639,9,,,0,90,,99640,9,,,0,90,,99641,9,,,0,88,,99642,9,,,0,30,,99643,9,,,0,70,,99644,9,,,0
1000001,'0_4',543,,100735,11,,,0,60,,100736,11,,,0,20,,100737,11,,,0,20,,100738,11,,,0,60,,100739,11,,,0,10,,100819,11,,,0,9,,100820,11,,,0,10,,100770,17,,,0,10,,100771,17,,,0,10,,100772,17,,,0,51,,100773,17,,,0,10,,100774,17,,,0,9,,100775,17,,,0,10,,100776,17,,,0,10,,100777,17,,,0,10,,100778,17,,,0,50,,100779,17,,,0,10,,100780,17,,,0,11,,100781,17,,,0,11,,100740,11,,,0,11,,100741,17,,,0,10,,100742,11,,,0,50,,100743,17,,,0,11,,100744,11,,,0,11,,100782,17,,,0,11,,100745,11,,,0,11,,100746,17,,,0,10,,100747,11,,,0,51,,100748,17,,,0,10,,100749,11,,,0,11,,100783,17,,,0,10,,100750,11,,,0,11,,100751,17,,,0,50,,100752,11,,,0,9,,100753,17,,,0,10,,100784,11,,,0,10,,100785,17,,,0,10,,100786,11,,,0,10,,100787,17,,,0,50,,100788,11,,,0,10,,100789,17,,,0,10,,100790,11,,,0,9,,100791,17,,,0,10,,100792,11,,,0,10,,100793,17,,,0,50,,100794,11,,,0,10,,100795,17,,,0,10,,100796,11,,,0,10,,100754,17,,,0,10,,100755,11,,,0,9,,100797,17,,,0,10,,100756,11,,,0,50,,100757,17,,,0,11,,100758,11,,,0,11,,100798,17,,,0,11,,100759,11,,,0,11,,100760,17,,,0,51,,100761,11,,,0,10,,100762,17,,,0,9,,100763,17,,,0,10,,100799,17,,,0,10,,100800,17,,,0,10,,100801,17,,,0,50,,100802,17,,,0,11,,100803,17,,,0,11,,100804,17,,,0,10,,100805,17,,,0,10,,100806,17,,,0,10,,100807,17,,,0,50,,100808,17,,,0,10,,100809,17,,,0,9,,100810,17,,,0,9,,100811,17,,,0,9,,100812,17,,,0,9,,100813,17,,,0,49,,100814,11,,,0,9,,100815,17,,,0,10,,100816,11,,,0,13,,100818,17,,,0,19,,100817,17,,,0,60,,100764,11,,,0,20,,100765,11,,,0,20,,100766,11,,,0,60,,100767,11,,,0,20,,100768,11,,,0,20,,100769,11,,,0
1000001,'0_5',543,,100821,11,,,0,60,,100822,11,,,0,20,,100823,11,,,0,20,,100824,11,,,0,60,,100825,11,,,0,10,,100905,11,,,0,9,,100906,11,,,0,10,,100856,17,,,0,10,,100857,17,,,0,10,,100858,17,,,0,51,,100859,17,,,0,10,,100860,17,,,0,9,,100861,17,,,0,10,,100862,17,,,0,10,,100863,17,,,0,10,,100864,17,,,0,50,,100865,17,,,0,10,,100866,17,,,0,11,,100867,17,,,0,11,,100826,11,,,0,11,,100827,17,,,0,10,,100828,11,,,0,50,,100829,17,,,0,11,,100830,11,,,0,11,,100868,17,,,0,11,,100831,11,,,0,11,,100832,17,,,0,10,,100833,11,,,0,51,,100834,17,,,0,10,,100835,11,,,0,11,,100869,17,,,0,10,,100836,11,,,0,11,,100837,17,,,0,50,,100838,11,,,0,9,,100839,17,,,0,10,,100870,11,,,0,10,,100871,17,,,0,10,,100872,11,,,0,10,,100873,17,,,0,50,,100874,11,,,0,10,,100875,17,,,0,10,,100876,11,,,0,9,,100877,17,,,0,10,,100878,11,,,0,10,,100879,17,,,0,50,,100880,11,,,0,10,,100881,17,,,0,10,,100882,11,,,0,10,,100840,17,,,0,10,,100841,11,,,0,9,,100883,17,,,0,10,,100842,11,,,0,50,,100843,17,,,0,11,,100844,11,,,0,11,,100884,17,,,0,11,,100845,11,,,0,11,,100846,17,,,0,51,,100847,11,,,0,10,,100848,17,,,0,9,,100849,17,,,0,10,,100885,17,,,0,10,,100886,17,,,0,10,,100887,17,,,0,50,,100888,17,,,0,11,,100889,17,,,0,11,,100890,17,,,0,10,,100891,17,,,0,10,,100892,17,,,0,10,,100893,17,,,0,50,,100894,17,,,0,10,,100895,17,,,0,9,,100896,17,,,0,9,,100897,17,,,0,9,,100898,17,,,0,9,,100899,17,,,0,49,,100900,11,,,0,9,,100901,17,,,0,10,,100902,11,,,0,13,,100904,17,,,0,19,,100903,17,,,0,60,,100850,11,,,0,20,,100851,11,,,0,20,,100852,11,,,0,60,,100853,11,,,0,20,,100854,11,,,0,20,,100855,11,,,0
1000001,'1_3',543,,100907,11,,,0,60,,100908,11,,,0,20,,100909,11,,,0,20,,100910,11,,,0,60,,100911,11,,,0,10,,100991,11,,,0,9,,100992,11,,,0,10,,100942,17,,,0,10,,100943,17,,,0,10,,100944,17,,,0,51,,100945,17,,,0,10,,100946,17,,,0,9,,100947,17,,,0,10,,100948,17,,,0,10,,100949,17,,,0,10,,100950,17,,,0,50,,100951,17,,,0,10,,100952,17,,,0,11,,100953,17,,,0,11,,100912,11,,,0,11,,100913,17,,,0,10,,100914,11,,,0,50,,100915,17,,,0,11,,100916,11,,,0,11,,100954,17,,,0,11,,100917,11,,,0,11,,100918,17,,,0,10,,100919,11,,,0,51,,100920,17,,,0,10,,100921,11,,,0,11,,100955,17,,,0,10,,100922,11,,,0,11,,100923,17,,,0,50,,100924,11,,,0,9,,100925,17,,,0,10,,100956,11,,,0,10,,100957,17,,,0,10,,100958,11,,,0,10,,100959,17,,,0,50,,100960,11,,,0,10,,100961,17,,,0,10,,100962,11,,,0,9,,100963,17,,,0,10,,100964,11,,,0,10,,100965,17,,,0,50,,100966,11,,,0,10,,100967,17,,,0,10,,100968,11,,,0,10,,100926,17,,,0,10,,100927,11,,,0,9,,100969,17,,,0,10,,100928,11,,,0,50,,100929,17,,,0,11,,100930,11,,,0,11,,100970,17,,,0,11,,100931,11,,,0,11,,100932,17,,,0,51,,100933,11,,,0,10,,100934,17,,,0,9,,100935,17,,,0,10,,100971,17,,,0,10,,100972,17,,,0,10,,100973,17,,,0,50,,100974,17,,,0,11,,100975,17,,,0,11,,100976,17,,,0,10,,100977,17,,,0,10,,100978,17,,,0,10,,100979,17,,,0,50,,100980,17,,,0,10,,100981,17,,,0,9,,100982,17,,,0,9,,100983,17,,,0,9,,100984,17,,,0,9,,100985,17,,,0,49,,100986,11,,,0,9,,100987,17,,,0,10,,100988,11,,,0,13,,100990,17,,,0,19,,100989,17,,,0,60,,100936,11,,,0,20,,100937,11,,,0,20,,100938,11,,,0,60,,100939,11,,,0,20,,100940,11,,,0,20,,100941,11,,,0
1000001,'2_6',543,,100993,11,,,0,81,,100994,11,,,0,80,,100995,11,,,0,30,,100996,11,,,0,69,,100997,17,,,0,29,,100998,17,,,0,15,,100999,11,,,0,55,,101000,11,,,0,14,,101001,17,,,0,15,,101002,11,,,0,15,,101003,11,,,0,55,,101004,17,,,0,16,,101005,11,,,0,15,,101006,11,,,0,16,,101007,17,,,0,55,,101008,11,,,0,15,,101009,11,,,0,16,,101010,17,,,0,15,,101011,11,,,0,56,,101012,11,,,0,16,,101013,17,,,0,14,,101014,11,,,0,16,,101015,11,,,0,56,,101016,17,,,0,9,,101017,11,,,0,9,,101018,11,,,0,8,,101019,11,,,0,10,,101021,11,,,0,10,,101020,17,,,0,50,,101022,11,,,0,11,,101023,11,,,0,12,,101024,17,,,0,10,,101025,11,,,0,9,,101026,11,,,0,10,,101027,11,,,0,51,,101028,17,,,0,10,,101029,11,,,0,10,,101030,11,,,0,11,,101031,11,,,0,11,,101032,17,,,0,9,,101033,11,,,0,50,,101034,11,,,0,10,,101035,11,,,0,12,,101036,17,,,0,9,,101037,11,,,0,9,,101038,11,,,0,9,,101039,11,,,0,50,,101041,11,,,0,9,,101040,17,,,0,10,,101042,11,,,0,10,,101043,11,,,0,10,,101045,11,,,0,10,,101044,17,,,0,49,,101046,11,,,0,9,,101047,11,,,0,10,,101049,11,,,0,10,,101048,17,,,0,10,,101050,11,,,0,13,,101051,11,,,0,59,,101052,17,,,0,17,,101053,11,,,0,21,,101054,11,,,0,61,,101055,11,,,0,17,,101056,11,,,0,19,,101057,11,,,0,60,,101058,11,,,0,20,,101059,11,,,0,20,,101060,11,,,0
1000001,'3_7',812,,101061,11,,,0,40,,101062,11,,,0,80,,101063,11,,,0,80,,101064,11,,,0,40,,101065,11,,,0,80,,101066,11,,,0,80,,101067,11,,,0,40,,101068,11,,,0,80,,101069,11,,,0,80,,101070,11,,,0,40,,101071,11,,,0,80,,101072,11,,,0,80,,101073,11,,,0,40,,101074,11,,,0,80,,101075,11,,,0,80,,101076,11,,,0,40,,101077,11,,,0,80,,101078,11,,,0
1000001,'4_1',543,,101079,11,,,0,60,,101080,11,,,0,20,,101081,11,,,0,20,,101082,11,,,0,60,,101083,11,,,0,10,,101163,11,,,0,9,,101164,11,,,0,10,,101114,17,,,0,10,,101115,17,,,0,10,,101116,17,,,0,51,,101117,17,,,0,10,,101118,17,,,0,9,,101119,17,,,0,10,,101120,17,,,0,10,,101121,17,,,0,10,,101122,17,,,0,50,,101123,17,,,0,10,,101124,17,,,0,11,,101125,17,,,0,11,,101084,11,,,0,11,,101085,17,,,0,10,,101086,11,,,0,50,,101087,17,,,0,11,,101088,11,,,0,11,,101126,17,,,0,11,,101089,11,,,0,11,,101090,17,,,0,10,,101091,11,,,0,51,,101092,17,,,0,10,,101093,11,,,0,11,,101127,17,,,0,10,,101094,11,,,0,11,,101095,17,,,0,50,,101096,11,,,0,9,,101097,17,,,0,10,,101128,11,,,0,10,,101129,17,,,0,10,,101130,11,,,0,10,,101131,17,,,0,50,,101132,11,,,0,10,,101133,17,,,0,10,,101134,11,,,0,9,,101135,17,,,0,10,,101136,11,,,0,10,,101137,17,,,0,50,,101138,11,,,0,10,,101139,17,,,0,10,,101140,11,,,0,10,,101098,17,,,0,10,,101099,11,,,0,9,,101141,17,,,0,10,,101100,11,,,0,50,,101101,17,,,0,11,,101102,11,,,0,11,,101142,17,,,0,11,,101103,11,,,0,11,,101104,17,,,0,51,,101105,11,,,0,10,,101106,17,,,0,9,,101107,17,,,0,10,,101143,17,,,0,10,,101144,17,,,0,10,,101145,17,,,0,50,,101146,17,,,0,11,,101147,17,,,0,11,,101148,17,,,0,10,,101149,17,,,0,10,,101150,17,,,0,10,,101151,17,,,0,50,,101152,17,,,0,10,,101153,17,,,0,9,,101154,17,,,0,9,,101155,17,,,0,9,,101156,17,,,0,9,,101157,17,,,0,49,,101158,11,,,0,9,,101159,17,,,0,10,,101160,11,,,0,13,,101162,17,,,0,19,,101161,17,,,0,60,,101108,11,,,0,20,,101109,11,,,0,20,,101110,11,,,0,60,,101111,11,,,0,20,,101112,11,,,0,20,,101113,11,,,0
1000001,'4_2',543,,101165,11,,,0,60,,101166,11,,,0,20,,101167,11,,,0,20,,101168,11,,,0,60,,101169,11,,,0,10,,101249,11,,,0,9,,101250,11,,,0,10,,101200,17,,,0,10,,101201,17,,,0,10,,101202,17,,,0,51,,101203,17,,,0,10,,101204,17,,,0,9,,101205,17,,,0,10,,101206,17,,,0,10,,101207,17,,,0,10,,101208,17,,,0,50,,101209,17,,,0,10,,101210,17,,,0,11,,101211,17,,,0,11,,101170,11,,,0,11,,101171,17,,,0,10,,101172,11,,,0,50,,101173,17,,,0,11,,101174,11,,,0,11,,101212,17,,,0,11,,101175,11,,,0,11,,101176,17,,,0,10,,101177,11,,,0,51,,101178,17,,,0,10,,101179,11,,,0,11,,101213,17,,,0,10,,101180,11,,,0,11,,101181,17,,,0,50,,101182,11,,,0,9,,101183,17,,,0,10,,101214,11,,,0,10,,101215,17,,,0,10,,101216,11,,,0,10,,101217,17,,,0,50,,101218,11,,,0,10,,101219,17,,,0,10,,101220,11,,,0,9,,101221,17,,,0,10,,101222,11,,,0,10,,101223,17,,,0,50,,101224,11,,,0,10,,101225,17,,,0,10,,101226,11,,,0,10,,101184,17,,,0,10,,101185,11,,,0,9,,101227,17,,,0,10,,101186,11,,,0,50,,101187,17,,,0,11,,101188,11,,,0,11,,101228,17,,,0,11,,101189,11,,,0,11,,101190,17,,,0,51,,101191,11,,,0,10,,101192,17,,,0,9,,101193,17,,,0,10,,101229,17,,,0,10,,101230,17,,,0,10,,101231,17,,,0,50,,101232,17,,,0,11,,101233,17,,,0,11,,101234,17,,,0,10,,101235,17,,,0,10,,101236,17,,,0,10,,101237,17,,,0,50,,101238,17,,,0,10,,101239,17,,,0,9,,101240,17,,,0,9,,101241,17,,,0,9,,101242,17,,,0,9,,101243,17,,,0,49,,101244,11,,,0,9,,101245,17,,,0,10,,101246,11,,,0,13,,101248,17,,,0,19,,101247,17,,,0,60,,101194,11,,,0,20,,101195,11,,,0,20,,101196,11,,,0,60,,101197,11,,,0,20,,101198,11,,,0,20,,101199,11,,,0
1000001,'4_4',543,,101251,11,,,0,60,,101252,11,,,0,20,,101253,11,,,0,20,,101254,11,,,0,60,,101255,11,,,0,10,,101335,11,,,0,9,,101336,11,,,0,10,,101286,17,,,0,10,,101287,17,,,0,10,,101288,17,,,0,51,,101289,17,,,0,10,,101290,17,,,0,9,,101291,17,,,0,10,,101292,17,,,0,10,,101293,17,,,0,10,,101294,17,,,0,50,,101295,17,,,0,10,,101296,17,,,0,11,,101297,17,,,0,11,,101256,11,,,0,11,,101257,17,,,0,10,,101258,11,,,0,50,,101259,17,,,0,11,,101260,11,,,0,11,,101298,17,,,0,11,,101261,11,,,0,11,,101262,17,,,0,10,,101263,11,,,0,51,,101264,17,,,0,10,,101265,11,,,0,11,,101299,17,,,0,10,,101266,11,,,0,11,,101267,17,,,0,50,,101268,11,,,0,9,,101269,17,,,0,10,,101300,11,,,0,10,,101301,17,,,0,10,,101302,11,,,0,10,,101303,17,,,0,50,,101304,11,,,0,10,,101305,17,,,0,10,,101306,11,,,0,9,,101307,17,,,0,10,,101308,11,,,0,10,,101309,17,,,0,50,,101310,11,,,0,10,,101311,17,,,0,10,,101312,11,,,0,10,,101270,17,,,0,10,,101271,11,,,0,9,,101313,17,,,0,10,,101272,11,,,0,50,,101273,17,,,0,11,,101274,11,,,0,11,,101314,17,,,0,11,,101275,11,,,0,11,,101276,17,,,0,51,,101277,11,,,0,10,,101278,17,,,0,9,,101279,17,,,0,10,,101315,17,,,0,10,,101316,17,,,0,10,,101317,17,,,0,50,,101318,17,,,0,11,,101319,17,,,0,11,,101320,17,,,0,10,,101321,17,,,0,10,,101322,17,,,0,10,,101323,17,,,0,50,,101324,17,,,0,10,,101325,17,,,0,9,,101326,17,,,0,9,,101327,17,,,0,9,,101328,17,,,0,9,,101329,17,,,0,49,,101330,11,,,0,9,,101331,17,,,0,10,,101332,11,,,0,13,,101334,17,,,0,19,,101333,17,,,0,60,,101280,11,,,0,20,,101281,11,,,0,20,,101282,11,,,0,60,,101283,11,,,0,20,,101284,11,,,0,20,,101285,11,,,0
1000001,'4_5',543,,101337,11,,,0,60,,101338,11,,,0,20,,101339,11,,,0,20,,101340,11,,,0,60,,101341,11,,,0,10,,101421,11,,,0,9,,101422,11,,,0,10,,101372,17,,,0,10,,101373,17,,,0,10,,101374,17,,,0,51,,101375,17,,,0,10,,101376,17,,,0,9,,101377,17,,,0,10,,101378,17,,,0,10,,101379,17,,,0,10,,101380,17,,,0,50,,101381,17,,,0,10,,101382,17,,,0,11,,101383,17,,,0,11,,101342,11,,,0,11,,101343,17,,,0,10,,101344,11,,,0,50,,101345,17,,,0,11,,101346,11,,,0,11,,101384,17,,,0,11,,101347,11,,,0,11,,101348,17,,,0,10,,101349,11,,,0,51,,101350,17,,,0,10,,101351,11,,,0,11,,101385,17,,,0,10,,101352,11,,,0,11,,101353,17,,,0,50,,101354,11,,,0,9,,101355,17,,,0,10,,101386,11,,,0,10,,101387,17,,,0,10,,101388,11,,,0,10,,101389,17,,,0,50,,101390,11,,,0,10,,101391,17,,,0,10,,101392,11,,,0,9,,101393,17,,,0,10,,101394,11,,,0,10,,101395,17,,,0,50,,101396,11,,,0,10,,101397,17,,,0,10,,101398,11,,,0,10,,101356,17,,,0,10,,101357,11,,,0,9,,101399,17,,,0,10,,101358,11,,,0,50,,101359,17,,,0,11,,101360,11,,,0,11,,101400,17,,,0,11,,101361,11,,,0,11,,101362,17,,,0,51,,101363,11,,,0,10,,101364,17,,,0,9,,101365,17,,,0,10,,101401,17,,,0,10,,101402,17,,,0,10,,101403,17,,,0,50,,101404,17,,,0,11,,101405,17,,,0,11,,101406,17,,,0,10,,101407,17,,,0,10,,101408,17,,,0,10,,101409,17,,,0,50,,101410,17,,,0,10,,101411,17,,,0,9,,101412,17,,,0,9,,101413,17,,,0,9,,101414,17,,,0,9,,101415,17,,,0,49,,101416,11,,,0,9,,101417,17,,,0,10,,101418,11,,,0,13,,101420,17,,,0,19,,101419,17,,,0,60,,101366,11,,,0,20,,101367,11,,,0,20,,101368,11,,,0,60,,101369,11,,,0,20,,101370,11,,,0,20,,101371,11,,,0
1000001,'5_7',812,,101423,11,,,0,40,,101424,11,,,0,80,,101425,11,,,0,80,,101426,11,,,0,40,,101427,11,,,0,80,,101428,11,,,0,80,,101429,11,,,0,40,,101430,11,,,0,80,,101431,11,,,0,80,,101432,11,,,0,40,,101433,11,,,0,80,,101434,11,,,0,80,,101435,11,,,0,40,,101436,11,,,0,80,,101437,11,,,0,80,,101438,11,,,0,40,,101439,11,,,0,80,,101440,11,,,0
3000001,'0_4',658,,103064,19,,,0,62,,103023,19,,,0,20,,103024,19,,,0,60,,103025,19,,,0,20,,103026,19,,,0,21,,103027,19,,,0,60,,103028,19,,,0,20,,103029,19,,,0,20,,103030,19,,,0,60,,103031,19,,,0,20,,103032,19,,,0,20,,103033,19,,,0,60,,103034,19,,,0,19,,103035,19,,,0,19,,103036,19,,,0,61,,103037,19,,,0,21,,103038,19,,,0,20,,103039,19,,,0,60,,103040,19,,,0,19,,103041,19,,,0,20,,103042,19,,,0,60,,103043,19,,,0,20,,103044,19,,,0,20,,103045,19,,,0,61,,103046,19,,,0,21,,103047,19,,,0,22,,103048,19,,,0,60,,103049,19,,,0,20,,103050,19,,,0,19,,103051,19,,,0,63,,103052,19,,,0,23,,103053,19,,,0,18,,103054,19,,,0,59,,103055,19,,,0,16,,103056,19,,,0,18,,103057,19,,,0,61,,103058,19,,,0,19,,103059,19,,,0,22,,103060,19,,,0,66,,103061,19,,,0,28,,103062,19,,,0,71,,103063,19,,,0
3000001,'0_5',658,,103113,19,,,0,62,,103072,19,,,0,20,,103073,19,,,0,60,,103074,19,,,0,20,,103075,19,,,0,21,,103076,19,,,0,60,,103077,19,,,0,20,,103078,19,,,0,20,,103079,19,,,0,60,,103080,19,,,0,20,,103081,19,,,0,20,,103082,19,,,0,60,,103083,19,,,0,19,,103084,19,,,0,19,,103085,19,,,0,61,,103086,19,,,0,21,,103087,19,,,0,20,,103088,19,,,0,60,,103089,19,,,0,19,,103090,19,,,0,20,,103091,19,,,0,60,,103092,19,,,0,20,,103093,19,,,0,20,,103094,19,,,0,61,,103095,19,,,0,21,,103096,19,,,0,22,,103097,19,,,0,60,,103098,19,,,0,20,,103099,19,,,0,19,,103100,19,,,0,63,,103101,19,,,0,23,,103102,19,,,0,18,,103103,19,,,0,59,,103104,19,,,0,16,,103105,19,,,0,18,,103106,19,,,0,61,,103107,19,,,0,19,,103108,19,,,0,22,,103109,19,,,0,66,,103110,19,,,0,28,,103111,19,,,0,71,,103112,19,,,0
3000001,'1_3',658,,103162,19,,,0,62,,103121,19,,,0,20,,103122,19,,,0,60,,103123,19,,,0,20,,103124,19,,,0,21,,103125,19,,,0,60,,103126,19,,,0,20,,103127,19,,,0,20,,103128,19,,,0,60,,103129,19,,,0,20,,103130,19,,,0,20,,103131,19,,,0,60,,103132,19,,,0,19,,103133,19,,,0,19,,103134,19,,,0,61,,103135,19,,,0,21,,103136,19,,,0,20,,103137,19,,,0,60,,103138,19,,,0,19,,103139,19,,,0,20,,103140,19,,,0,60,,103141,19,,,0,20,,103142,19,,,0,20,,103143,19,,,0,61,,103144,19,,,0,21,,103145,19,,,0,22,,103146,19,,,0,60,,103147,19,,,0,20,,103148,19,,,0,19,,103149,19,,,0,63,,103150,19,,,0,23,,103151,19,,,0,18,,103152,19,,,0,59,,103153,19,,,0,16,,103154,19,,,0,18,,103155,19,,,0,61,,103156,19,,,0,19,,103157,19,,,0,22,,103158,19,,,0,66,,103159,19,,,0,28,,103160,19,,,0,71,,103161,19,,,0
3000001,'2_6',650,,103170,19,,,0,82,,103171,19,,,0,84,,103172,19,,,0,38,,103173,19,,,0,61,,103174,19,,,0,19,,103175,19,,,0,21,,103176,19,,,0,60,,103177,19,,,0,20,,103178,19,,,0,20,,103179,19,,,0,60,,103180,19,,,0,19,,103181,19,,,0,21,,103182,19,,,0,61,,103183,19,,,0,19,,103184,19,,,0,19,,103185,19,,,0,60,,103186,19,,,0,20,,103187,19,,,0,20,,103188,19,,,0,61,,103189,19,,,0,20,,103190,19,,,0,20,,103191,19,,,0,61,,103192,19,,,0,20,,103193,19,,,0,20,,103194,19,,,0,60,,103195,19,,,0,20,,103196,19,,,0,21,,103197,19,,,0,60,,103198,19,,,0,20,,103199,19,,,0,19,,103200,19,,,0,59,,103201,19,,,0,20,,103202,19,,,0,20,,103203,19,,,0,58,,103204,19,,,0,31,,103206,19,,,0,67,,103207,19,,,0,30,,103205,19,,,0,68,,103208,19,,,0
3000001,'3_7',857,,103209,19,,,0,170,,103217,19,,,0,130,,103216,19,,,0,170,,103215,19,,,0,130,,103212,19,,,0,170,,103213,19,,,0,130,,103214,19,,,0,170,,103211,19,,,0,130,,103210,19,,,0
3000001,'4_1',658,,103259,19,,,0,62,,103218,19,,,0,20,,103219,19,,,0,60,,103220,19,,,0,20,,103221,19,,,0,21,,103222,19,,,0,60,,103223,19,,,0,20,,103224,19,,,0,20,,103225,19,,,0,60,,103226,19,,,0,20,,103227,19,,,0,20,,103228,19,,,0,60,,103229,19,,,0,19,,103230,19,,,0,19,,103231,19,,,0,61,,103232,19,,,0,21,,103233,19,,,0,20,,103234,19,,,0,60,,103235,19,,,0,19,,103236,19,,,0,20,,103237,19,,,0,60,,103238,19,,,0,20,,103239,19,,,0,20,,103240,19,,,0,61,,103241,19,,,0,21,,103242,19,,,0,22,,103243,19,,,0,60,,103244,19,,,0,20,,103245,19,,,0,19,,103246,19,,,0,63,,103247,19,,,0,23,,103248,19,,,0,18,,103249,19,,,0,59,,103250,19,,,0,16,,103251,19,,,0,18,,103252,19,,,0,61,,103253,19,,,0,19,,103254,19,,,0,22,,103255,19,,,0,66,,103256,19,,,0,28,,103257,19,,,0,71,,103258,19,,,0
3000001,'4_2',658,,103308,19,,,0,62,,103267,19,,,0,20,,103268,19,,,0,60,,103269,19,,,0,20,,103270,19,,,0,21,,103271,19,,,0,60,,103272,19,,,0,20,,103273,19,,,0,20,,103274,19,,,0,60,,103275,19,,,0,20,,103276,19,,,0,20,,103277,19,,,0,60,,103278,19,,,0,19,,103279,19,,,0,19,,103280,19,,,0,61,,103281,19,,,0,21,,103282,19,,,0,20,,103283,19,,,0,60,,103284,19,,,0,19,,103285,19,,,0,20,,103286,19,,,0,60,,103287,19,,,0,20,,103288,19,,,0,20,,103289,19,,,0,61,,103290,19,,,0,21,,103291,19,,,0,22,,103292,19,,,0,60,,103293,19,,,0,20,,103294,19,,,0,19,,103295,19,,,0,63,,103296,19,,,0,23,,103297,19,,,0,18,,103298,19,,,0,59,,103299,19,,,0,16,,103300,19,,,0,18,,103301,19,,,0,61,,103302,19,,,0,19,,103303,19,,,0,22,,103304,19,,,0,66,,103305,19,,,0,28,,103306,19,,,0,71,,103307,19,,,0
3000001,'4_4',658,,103357,19,,,0,62,,103316,19,,,0,20,,103317,19,,,0,60,,103318,19,,,0,20,,103319,19,,,0,21,,103320,19,,,0,60,,103321,19,,,0,20,,103322,19,,,0,20,,103323,19,,,0,60,,103324,19,,,0,20,,103325,19,,,0,20,,103326,19,,,0,60,,103327,19,,,0,19,,103328,19,,,0,19,,103329,19,,,0,61,,103330,19,,,0,21,,103331,19,,,0,20,,103332,19,,,0,60,,103333,19,,,0,19,,103334,19,,,0,20,,103335,19,,,0,60,,103336,19,,,0,20,,103337,19,,,0,20,,103338,19,,,0,61,,103339,19,,,0,21,,103340,19,,,0,22,,103341,19,,,0,60,,103342,19,,,0,20,,103343,19,,,0,19,,103344,19,,,0,63,,103345,19,,,0,23,,103346,19,,,0,18,,103347,19,,,0,59,,103348,19,,,0,16,,103349,19,,,0,18,,103350,19,,,0,61,,103351,19,,,0,19,,103352,19,,,0,22,,103353,19,,,0,66,,103354,19,,,0,28,,103355,19,,,0,71,,103356,19,,,0
3000001,'4_5',658,,103406,19,,,0,62,,103365,19,,,0,20,,103366,19,,,0,60,,103367,19,,,0,20,,103368,19,,,0,21,,103369,19,,,0,60,,103370,19,,,0,20,,103371,19,,,0,20,,103372,19,,,0,60,,103373,19,,,0,20,,103374,19,,,0,20,,103375,19,,,0,60,,103376,19,,,0,19,,103377,19,,,0,19,,103378,19,,,0,61,,103379,19,,,0,21,,103380,19,,,0,20,,103381,19,,,0,60,,103382,19,,,0,19,,103383,19,,,0,20,,103384,19,,,0,60,,103385,19,,,0,20,,103386,19,,,0,20,,103387,19,,,0,61,,103388,19,,,0,21,,103389,19,,,0,22,,103390,19,,,0,60,,103391,19,,,0,20,,103392,19,,,0,19,,103393,19,,,0,63,,103394,19,,,0,23,,103395,19,,,0,18,,103396,19,,,0,59,,103397,19,,,0,16,,103398,19,,,0,18,,103399,19,,,0,61,,103400,19,,,0,19,,103401,19,,,0,22,,103402,19,,,0,66,,103403,19,,,0,28,,103404,19,,,0,71,,103405,19,,,0
3000001,'5_7',857,,103414,19,,,0,170,,103422,19,,,0,130,,103421,19,,,0,170,,103420,19,,,0,130,,103417,19,,,0,170,,103418,19,,,0,130,,103419,19,,,0,170,,103416,19,,,0,130,,103415,19,,,0
