100,'0_4',727,,94101,32,0,61 8,0,15,,94098,32,0,61 8,0,15,,94102,32,0,61 8,0,53,,94089,32,,,0,16,,94108,32,0,61 8,0,30,,94103,32,0,61 8,0,67,,94090,32,0,61 8,0,78,,94104,32,0,61 8,0,38,,94091,32,0,61 8,0,80,,94105,32,0,61 8,0,39,,94092,32,0,61 8,0,58,,94109,32,,,0,24,,94110,32,,,0,71,,94093,32,0,61 8,0,25,,94106,32,0,61 8,0,65,,94094,32,0,61 8,0,35,,94107,32,0,61 8,0,80,,94095,32,0,61 8,0,26,,94111,32,,,0,77,,94100,32,0,61 8,0,20,,94112,32,,,0,14,,94117,9,0,61 8,0,64,,94113,32,,,0,11,,94096,32,0,61 8,0,12,,94120,16,,,0,5,,94114,32,,,0,59,,94097,32,0,61 8,0,12,,94115,32,,,0,6,,94121,16,,,0,19,,94087,32,,,0,75,,94116,32,0,61 8,0,34,,94088,32,,,0
100,'0_5',727,,94136,32,0,61 8,0,15,,94133,32,0,61 8,0,15,,94137,32,0,61 8,0,53,,94124,32,,,0,16,,94143,32,0,61 8,0,30,,94138,32,0,61 8,0,67,,94125,32,0,61 8,0,78,,94139,32,0,61 8,0,38,,94126,32,0,61 8,0,80,,94140,32,0,61 8,0,39,,94127,32,0,61 8,0,58,,94144,32,,,0,24,,94145,32,,,0,71,,94128,32,0,61 8,0,25,,94141,32,0,61 8,0,65,,94129,32,0,61 8,0,35,,94142,32,0,61 8,0,80,,94130,32,0,61 8,0,26,,94146,32,,,0,77,,94135,32,0,61 8,0,20,,94147,32,,,0,14,,94152,9,0,61 8,0,64,,94148,32,,,0,11,,94131,32,0,61 8,0,12,,94155,16,,,0,5,,94149,32,,,0,59,,94132,32,0,61 8,0,12,,94150,32,,,0,6,,94156,16,,,0,19,,94122,32,,,0,75,,94151,32,0,61 8,0,34,,94123,32,,,0
100,'1_3',727,,94171,32,0,61 8,0,15,,94168,32,0,61 8,0,15,,94172,32,0,61 8,0,53,,94159,32,,,0,16,,94178,32,0,61 8,0,30,,94173,32,0,61 8,0,67,,94160,32,0,61 8,0,78,,94174,32,0,61 8,0,38,,94161,32,0,61 8,0,80,,94175,32,0,61 8,0,39,,94162,32,0,61 8,0,58,,94179,32,,,0,21,,94190,9,,,0,3,,94180,32,,,0,71,,94163,32,0,61 8,0,25,,94176,32,0,61 8,0,65,,94164,32,0,61 8,0,35,,94177,32,0,61 8,0,80,,94165,32,0,61 8,0,26,,94181,32,,,0,77,,94170,32,0,61 8,0,20,,94182,32,,,0,14,,94187,9,0,61 8,0,64,,94183,32,,,0,11,,94166,32,0,61 8,0,17,,94184,32,,,0,59,,94167,32,0,61 8,0,12,,94185,32,,,0,25,,94157,32,,,0,75,,94186,32,0,61 8,0,34,,94158,32,,,0
100,'2_6',726,,94192,32,0,61 8,0,110,,94204,32,0,61 8,0,95,,94193,32,0,61 8,0,71,,94205,32,0,61 8,0,30,,94194,32,0,61 8,0,72,,94206,32,0,61 8,0,30,,94195,32,0,61 8,0,69,,94207,32,0,61 8,0,31,,94196,32,0,61 8,0,68,,94208,32,0,61 8,0,30,,94197,32,0,61 8,0,70,,94209,32,0,61 8,0,30,,94198,32,0,61 8,0,71,,94210,32,0,61 8,0,29,,94199,32,0,61 8,0,71,,94211,32,0,61 8,0,31,,94200,32,0,61 8,0,71,,94212,32,0,61 8,0,33,,94201,32,0,61 8,0,68,,94213,32,0,61 8,0,29,,94202,32,0,61 8,0,71,,94214,32,0,61 8,0,29,,94203,32,0,61 8,0
100,'3_7',930,,94215,32,0,61 8,0,105,,94220,32,0,61 8,0,106,,94216,32,0,61 8,0,104,,94221,32,0,61 8,0,90,,94217,32,0,61 8,0,100,,94222,32,0,61 8,0,105,,94218,32,0,61 8,0,105,,94223,32,0,61 8,0,105,,94219,32,0,61 8,0,105,,94224,32,0,61 8,0
100,'4_1',727,,94239,32,0,61 8,0,15,,94236,32,0,61 8,0,15,,94240,32,0,61 8,0,53,,94227,32,,,0,16,,94246,32,0,61 8,0,30,,94241,32,0,61 8,0,67,,94228,32,0,61 8,0,78,,94242,32,0,61 8,0,38,,94229,32,0,61 8,0,80,,94243,32,0,61 8,0,39,,94230,32,0,61 8,0,58,,94247,32,,,0,24,,94248,32,,,0,71,,94231,32,0,61 8,0,25,,94244,32,0,61 8,0,65,,94232,32,0,61 8,0,35,,94245,32,0,61 8,0,80,,94233,32,0,61 8,0,26,,94249,32,,,0,77,,94238,32,0,61 8,0,20,,94250,32,,,0,14,,94255,9,0,61 8,0,64,,94251,32,,,0,11,,94234,32,0,61 8,0,12,,94258,16,,,0,5,,94252,32,,,0,59,,94235,32,0,61 8,0,12,,94253,32,,,0,6,,94259,16,,,0,19,,94225,32,,,0,75,,94254,32,0,61 8,0,34,,94226,32,,,0
100,'4_2',727,,94274,32,0,61 8,0,15,,94271,32,0,61 8,0,15,,94275,32,0,61 8,0,53,,94262,32,,,0,16,,94281,32,0,61 8,0,30,,94276,32,0,61 8,0,67,,94263,32,0,61 8,0,78,,94277,32,0,61 8,0,38,,94264,32,0,61 8,0,80,,94278,32,0,61 8,0,39,,94265,32,0,61 8,0,58,,94282,32,,,0,24,,94283,32,,,0,71,,94266,32,0,61 8,0,25,,94279,32,0,61 8,0,65,,94267,32,0,61 8,0,35,,94280,32,0,61 8,0,80,,94268,32,0,61 8,0,26,,94284,32,,,0,77,,94273,32,0,61 8,0,20,,94285,32,,,0,14,,94290,9,0,61 8,0,64,,94286,32,,,0,11,,94269,32,0,61 8,0,12,,94293,16,,,0,5,,94287,32,,,0,59,,94270,32,0,61 8,0,12,,94288,32,,,0,6,,94294,16,,,0,19,,94260,32,,,0,75,,94289,32,0,61 8,0,34,,94261,32,,,0
100,'4_4',727,,94309,32,0,61 8,0,15,,94306,32,0,61 8,0,15,,94310,32,0,61 8,0,53,,94297,32,,,0,16,,94316,32,0,61 8,0,30,,94311,32,0,61 8,0,67,,94298,32,0,61 8,0,78,,94312,32,0,61 8,0,38,,94299,32,0,61 8,0,80,,94313,32,0,61 8,0,39,,94300,32,0,61 8,0,58,,94317,32,,,0,24,,94318,32,,,0,71,,94301,32,0,61 8,0,25,,94314,32,0,61 8,0,65,,94302,32,0,61 8,0,35,,94315,32,0,61 8,0,80,,94303,32,0,61 8,0,26,,94319,32,,,0,77,,94308,32,0,61 8,0,20,,94320,32,,,0,14,,94325,9,0,61 8,0,64,,94321,32,,,0,11,,94304,32,0,61 8,0,12,,94328,16,,,0,5,,94322,32,,,0,59,,94305,32,0,61 8,0,12,,94323,32,,,0,6,,94329,16,,,0,19,,94295,32,,,0,75,,94324,32,0,61 8,0,34,,94296,32,,,0
100,'4_5',727,,94344,32,0,61 8,0,15,,94341,32,0,61 8,0,15,,94345,32,0,61 8,0,53,,94332,32,,,0,16,,94351,32,0,61 8,0,30,,94346,32,0,61 8,0,67,,94333,32,0,61 8,0,78,,94347,32,0,61 8,0,38,,94334,32,0,61 8,0,80,,94348,32,0,61 8,0,39,,94335,32,0,61 8,0,58,,94352,32,,,0,24,,94353,32,,,0,71,,94336,32,0,61 8,0,25,,94349,32,0,61 8,0,65,,94337,32,0,61 8,0,35,,94350,32,0,61 8,0,80,,94338,32,0,61 8,0,26,,94354,32,,,0,77,,94343,32,0,61 8,0,20,,94355,32,,,0,14,,94360,9,0,61 8,0,64,,94356,32,,,0,11,,94339,32,0,61 8,0,12,,94363,16,,,0,5,,94357,32,,,0,59,,94340,32,0,61 8,0,12,,94358,32,,,0,6,,94364,16,,,0,19,,94330,32,,,0,75,,94359,32,0,61 8,0,34,,94331,32,,,0
100,'5_7',930,,94365,32,0,61 8,0,105,,94370,32,0,61 8,0,106,,94366,32,0,61 8,0,104,,94371,32,0,61 8,0,90,,94367,32,0,61 8,0,100,,94372,32,0,61 8,0,105,,94368,32,0,61 8,0,105,,94373,32,0,61 8,0,105,,94369,32,0,61 8,0,105,,94374,32,0,61 8,0
