500,'0_6',708,,65341,32,,,0,33,,65342,32,,,0,101,,65343,32,,,0,101,,65344,32,,,0,98,,65345,32,,,0,99,,65346,32,,,0,99,,65347,32,,,0,98,,65348,32,,,0,81,,65349,32,,,0,38,,65350,32,,,0,99,,65351,32,,,0,102,,65352,32,,,0,100,,65353,32,,,0,74,,65354,32,,,0,26,,65355,32,,,0,97,,65356,32,,,0
500,'1_7',1225,,65357,32,,,0,191,,65358,32,,,0,191,,65359,32,,,0,144,,65360,32,,,0,191,,65361,32,,,0
500,'7_1',708,,80549,32,,,0,33,,80550,32,,,0,101,,80551,32,,,0,101,,80552,32,,,0,98,,80553,32,,,0,99,,80554,32,,,0,99,,80555,32,,,0,98,,80556,32,,,0,81,,80557,32,,,0,38,,80558,32,,,0,99,,80559,32,,,0,102,,80560,32,,,0,100,,80561,32,,,0,74,,80562,32,,,0,26,,80563,32,,,0,97,,80564,32,,,0
500,'7_2',708,,82470,32,,,0,33,,82471,32,,,0,101,,82472,32,,,0,101,,82473,32,,,0,98,,82474,32,,,0,99,,82475,32,,,0,99,,82476,32,,,0,98,,82477,32,,,0,81,,82478,32,,,0,38,,82479,32,,,0,99,,82480,32,,,0,102,,82481,32,,,0,100,,82482,32,,,0,74,,82483,32,,,0,26,,82484,32,,,0,97,,82485,32,,,0
500,'7_3',708,,82486,32,,,0,33,,82487,32,,,0,101,,82488,32,,,0,101,,82489,32,,,0,98,,82490,32,,,0,99,,82491,32,,,0,99,,82492,32,,,0,98,,82493,32,,,0,81,,82494,32,,,0,38,,82495,32,,,0,99,,82496,32,,,0,102,,82497,32,,,0,100,,82498,32,,,0,74,,82499,32,,,0,26,,82500,32,,,0,97,,82501,32,,,0
500,'7_4',708,,79343,32,,,0,33,,79344,32,,,0,101,,79345,32,,,0,101,,79346,32,,,0,98,,79347,32,,,0,99,,79348,32,,,0,99,,79349,32,,,0,98,,79350,32,,,0,81,,79351,32,,,0,38,,79352,32,,,0,99,,79353,32,,,0,102,,79354,32,,,0,100,,79355,32,,,0,74,,79356,32,,,0,26,,79357,32,,,0,97,,79358,32,,,0
500,'7_5',708,,80565,32,,,0,33,,80566,32,,,0,101,,80567,32,,,0,101,,80568,32,,,0,98,,80569,32,,,0,99,,80570,32,,,0,99,,80571,32,,,0,98,,80572,32,,,0,81,,80573,32,,,0,38,,80574,32,,,0,99,,80575,32,,,0,102,,80576,32,,,0,100,,80577,32,,,0,74,,80578,32,,,0,26,,80579,32,,,0,97,,80580,32,,,0
500,'8_7',1225,,84032,32,,,0,191,,84033,32,,,0,191,,84034,32,,,0,144,,84035,32,,,0,191,,84036,32,,,0
1000000,'0_6',537,,68818,12,0,31 33,0,81,,68819,12,0,31 33,0,41,,68829,12,,,0,81,,68830,12,,,0,16,,68831,12,0,31 33,0,55,,68832,12,0,31 33,0,15,,68833,12,,,0,15,,68834,12,0,31 33,0,15,,68835,12,0,31 33,0,54,,68836,12,,,0,15,,68837,12,0,31 33,0,16,,68873,12,0,31 33,0,17,,68838,12,,,0,56,,68839,12,0,31 33,0,15,,68840,12,,,0,16,,68841,12,0,31 33,0,56,,68842,12,0,31 33,0,15,,68843,12,,,0,16,,68844,12,0,31 33,0,15,,68845,12,0,31 33,0,56,,68846,12,,,0,15,,68847,12,0,31 33,0,15,,68848,12,0,31 33,0,16,,68849,12,,,0,55,,68850,12,0,31 33,0,15,,68851,12,,,0,16,,68852,12,0,31 33,0,15,,68853,12,0,31 33,0,55,,68854,12,,,0,16,,68855,12,0,31 33,0,16,,68856,12,0,31 33,0,15,,68857,12,,,0,56,,68858,12,0,31 33,0,16,,68859,12,0,31 33,0,16,,68860,12,,,0,16,,68861,12,0,31 33,0,56,,68862,12,,,0,16,,68863,12,0,31 33,0,17,,68864,12,0,31 33,0,56,,68865,12,,,0,16,,68866,12,0,31 33,0,16,,68868,12,0,31 33,0,16,,68867,12,,,0,56,,68869,12,0,31 33,0,15,,68870,12,,,0,15,,68871,12,0,31 33,0,15,,68872,12,0,31 33,0,55,,68820,12,0,31 33,0,15,,68821,12,0,31 33,0,15,,68822,12,0,31 33,0,16,,68823,12,0,31 33,0,60,,68824,12,0,31 33,0,20,,68825,12,0,31 33,0,20,,68826,12,0,31 33,0,59,,68827,12,0,31 33,0,19,,68828,12,0,31 33,0
1000000,'1_7',810,,68874,12,0,31 33,0,40,,68875,12,0,31 33,0,80,,68876,12,0,31 33,0,80,,68877,12,0,31 33,0,40,,68878,12,0,31 33,0,80,,68879,12,0,31 33,0,80,,68880,12,0,31 33,0,40,,68881,12,0,31 33,0,80,,68882,12,0,31 33,0,80,,68883,12,0,31 33,0,40,,68884,12,0,31 33,0,80,,68885,12,0,31 33,0,80,,68886,12,0,31 33,0,40,,68887,12,0,31 33,0,80,,68888,12,0,31 33,0,80,,68889,12,0,31 33,0,40,,68890,12,0,31 33,0,80,,68891,12,0,31 33,0
1000000,'7_1',542,,81212,12,0,31 33,0,60,,81213,12,0,31 33,0,20,,81214,12,0,31 33,0,20,,81215,12,,,0,15,,81241,12,,,0,54,,81230,12,,,0,14,,81265,12,,,0,14,,81251,12,,,0,15,,81256,12,,,0,55,,81266,12,,,0,14,,81243,12,,,0,15,,81253,12,0,31 33,0,15,,81258,12,,,0,55,,81226,12,0,31 33,0,15,,81229,12,,,0,16,,81260,12,0,31 33,0,16,,81259,12,,,0,56,,81248,12,0,31 33,0,15,,81218,12,,,0,16,,81244,12,0,31 33,0,16,,81227,12,,,0,55,,81245,12,0,31 33,0,16,,81239,12,,,0,16,,81236,12,0,31 33,0,56,,81234,12,,,0,16,,81250,12,0,31 33,0,15,,81220,12,,,0,16,,81216,12,0,31 33,0,55,,81262,12,,,0,15,,81242,12,0,31 33,0,16,,81219,12,,,0,16,,81237,12,0,31 33,0,55,,81257,12,,,0,14,,81235,12,0,31 33,0,14,,81232,12,,,0,13,,81231,12,0,31 33,0,54,,81240,12,,,0,14,,81249,12,0,31 33,0,14,,81252,12,,,0,14,,81267,12,,,0,14,,81268,12,,,0,54,,81263,12,,,0,14,,81269,12,,,0,15,,81255,12,,,0,16,,81270,12,,,0,55,,81223,12,,,0,15,,81271,12,,,0,15,,81222,12,,,0,15,,81272,12,,,0,55,,81264,12,,,0,14,,81233,12,0,31 33,0,15,,81217,12,0,31 33,0,15,,81228,12,,,0,55,,81224,12,0,31 33,0,19,,81238,12,0,31 33,0,20,,81225,12,0,31 33,0,61,,81221,12,0,31 33,0,20,,81254,12,0,31 33,0,21,,81246,12,0,31 33,0,60,,81247,12,0,31 33,0,20,,81261,12,0,31 33,0
1000000,'7_2',542,,83132,12,0,31 33,0,60,,83133,12,0,31 33,0,20,,83134,12,0,31 33,0,20,,83135,12,,,0,15,,83161,12,,,0,54,,83150,12,,,0,14,,83185,12,,,0,14,,83171,12,,,0,15,,83176,12,,,0,55,,83186,12,,,0,14,,83163,12,,,0,15,,83173,12,0,31 33,0,15,,83178,12,,,0,55,,83146,12,0,31 33,0,15,,83149,12,,,0,16,,83180,12,0,31 33,0,16,,83179,12,,,0,56,,83168,12,0,31 33,0,15,,83138,12,,,0,16,,83164,12,0,31 33,0,16,,83147,12,,,0,55,,83165,12,0,31 33,0,16,,83159,12,,,0,16,,83156,12,0,31 33,0,56,,83154,12,,,0,16,,83170,12,0,31 33,0,15,,83140,12,,,0,16,,83136,12,0,31 33,0,55,,83182,12,,,0,15,,83162,12,0,31 33,0,16,,83139,12,,,0,16,,83157,12,0,31 33,0,55,,83177,12,,,0,14,,83155,12,0,31 33,0,14,,83152,12,,,0,13,,83151,12,0,31 33,0,54,,83160,12,,,0,14,,83169,12,0,31 33,0,14,,83172,12,,,0,14,,83187,12,,,0,14,,83188,12,,,0,54,,83183,12,,,0,14,,83189,12,,,0,15,,83175,12,,,0,16,,83190,12,,,0,55,,83143,12,,,0,15,,83191,12,,,0,15,,83142,12,,,0,15,,83192,12,,,0,55,,83184,12,,,0,14,,83153,12,0,31 33,0,15,,83137,12,0,31 33,0,15,,83148,12,,,0,55,,83144,12,0,31 33,0,19,,83158,12,0,31 33,0,20,,83145,12,0,31 33,0,61,,83141,12,0,31 33,0,20,,83174,12,0,31 33,0,21,,83166,12,0,31 33,0,60,,83167,12,0,31 33,0,20,,83181,12,0,31 33,0
1000000,'7_3',542,,83193,12,0,31 33,0,60,,83194,12,0,31 33,0,20,,83195,12,0,31 33,0,20,,83196,12,,,0,15,,83222,12,,,0,54,,83211,12,,,0,14,,83246,12,,,0,14,,83232,12,,,0,15,,83237,12,,,0,55,,83247,12,,,0,14,,83224,12,,,0,15,,83234,12,0,31 33,0,15,,83239,12,,,0,55,,83207,12,0,31 33,0,15,,83210,12,,,0,16,,83241,12,0,31 33,0,16,,83240,12,,,0,56,,83229,12,0,31 33,0,15,,83199,12,,,0,16,,83225,12,0,31 33,0,16,,83208,12,,,0,55,,83226,12,0,31 33,0,16,,83220,12,,,0,16,,83217,12,0,31 33,0,56,,83215,12,,,0,16,,83231,12,0,31 33,0,15,,83201,12,,,0,16,,83197,12,0,31 33,0,55,,83243,12,,,0,15,,83223,12,0,31 33,0,16,,83200,12,,,0,16,,83218,12,0,31 33,0,55,,83238,12,,,0,14,,83216,12,0,31 33,0,14,,83213,12,,,0,13,,83212,12,0,31 33,0,54,,83221,12,,,0,14,,83230,12,0,31 33,0,14,,83233,12,,,0,14,,83248,12,,,0,14,,83249,12,,,0,54,,83244,12,,,0,14,,83250,12,,,0,15,,83236,12,,,0,16,,83251,12,,,0,55,,83204,12,,,0,15,,83252,12,,,0,15,,83203,12,,,0,15,,83253,12,,,0,55,,83245,12,,,0,14,,83214,12,0,31 33,0,15,,83198,12,0,31 33,0,15,,83209,12,,,0,55,,83205,12,0,31 33,0,19,,83219,12,0,31 33,0,20,,83206,12,0,31 33,0,61,,83202,12,0,31 33,0,20,,83235,12,0,31 33,0,21,,83227,12,0,31 33,0,60,,83228,12,0,31 33,0,20,,83242,12,0,31 33,0
1000000,'7_4',542,,79674,12,0,31 33,0,60,,79675,12,0,31 33,0,20,,79676,12,0,31 33,0,20,,79677,12,,,0,15,,79703,12,,,0,54,,79692,12,,,0,14,,79727,12,,,0,14,,79713,12,,,0,15,,79718,12,,,0,55,,79728,12,,,0,14,,79705,12,,,0,15,,79715,12,0,31 33,0,15,,79720,12,,,0,55,,79688,12,0,31 33,0,15,,79691,12,,,0,16,,79722,12,0,31 33,0,16,,79721,12,,,0,56,,79710,12,0,31 33,0,15,,79680,12,,,0,16,,79706,12,0,31 33,0,16,,79689,12,,,0,55,,79707,12,0,31 33,0,16,,79701,12,,,0,16,,79698,12,0,31 33,0,56,,79696,12,,,0,16,,79712,12,0,31 33,0,15,,79682,12,,,0,16,,79678,12,0,31 33,0,55,,79724,12,,,0,15,,79704,12,0,31 33,0,16,,79681,12,,,0,16,,79699,12,0,31 33,0,55,,79719,12,,,0,14,,79697,12,0,31 33,0,14,,79694,12,,,0,13,,79693,12,0,31 33,0,54,,79702,12,,,0,14,,79711,12,0,31 33,0,14,,79714,12,,,0,14,,79729,12,,,0,14,,79730,12,,,0,54,,79725,12,,,0,14,,79731,12,,,0,15,,79717,12,,,0,16,,79732,12,,,0,55,,79685,12,,,0,15,,79733,12,,,0,15,,79684,12,,,0,15,,79734,12,,,0,55,,79726,12,,,0,14,,79695,12,0,31 33,0,15,,79679,12,0,31 33,0,15,,79690,12,,,0,55,,79686,12,0,31 33,0,19,,79700,12,0,31 33,0,20,,79687,12,0,31 33,0,61,,79683,12,0,31 33,0,20,,79716,12,0,31 33,0,21,,79708,12,0,31 33,0,60,,79709,12,0,31 33,0,20,,79723,12,0,31 33,0
1000000,'7_5',542,,81273,12,0,31 33,0,60,,81274,12,0,31 33,0,20,,81275,12,0,31 33,0,20,,81276,12,,,0,15,,81302,12,,,0,54,,81291,12,,,0,14,,81326,12,,,0,14,,81312,12,,,0,15,,81317,12,,,0,55,,81327,12,,,0,14,,81304,12,,,0,15,,81314,12,0,31 33,0,15,,81319,12,,,0,55,,81287,12,0,31 33,0,15,,81290,12,,,0,16,,81321,12,0,31 33,0,16,,81320,12,,,0,56,,81309,12,0,31 33,0,15,,81279,12,,,0,16,,81305,12,0,31 33,0,16,,81288,12,,,0,55,,81306,12,0,31 33,0,16,,81300,12,,,0,16,,81297,12,0,31 33,0,56,,81295,12,,,0,16,,81311,12,0,31 33,0,15,,81281,12,,,0,16,,81277,12,0,31 33,0,55,,81323,12,,,0,15,,81303,12,0,31 33,0,16,,81280,12,,,0,16,,81298,12,0,31 33,0,55,,81318,12,,,0,14,,81296,12,0,31 33,0,14,,81293,12,,,0,13,,81292,12,0,31 33,0,54,,81301,12,,,0,14,,81310,12,0,31 33,0,14,,81313,12,,,0,14,,81328,12,,,0,14,,81329,12,,,0,54,,81324,12,,,0,14,,81330,12,,,0,15,,81316,12,,,0,16,,81331,12,,,0,55,,81284,12,,,0,15,,81332,12,,,0,15,,81283,12,,,0,15,,81333,12,,,0,55,,81325,12,,,0,14,,81294,12,0,31 33,0,15,,81278,12,0,31 33,0,15,,81289,12,,,0,55,,81285,12,0,31 33,0,19,,81299,12,0,31 33,0,20,,81286,12,0,31 33,0,61,,81282,12,0,31 33,0,20,,81315,12,0,31 33,0,21,,81307,12,0,31 33,0,60,,81308,12,0,31 33,0,20,,81322,12,0,31 33,0
1000000,'8_7',810,,84077,12,0,31 33,0,40,,84078,12,0,31 33,0,80,,84079,12,0,31 33,0,80,,84080,12,0,31 33,0,40,,84081,12,0,31 33,0,80,,84082,12,0,31 33,0,80,,84083,12,0,31 33,0,40,,84084,12,0,31 33,0,80,,84085,12,0,31 33,0,80,,84086,12,0,31 33,0,40,,84087,12,0,31 33,0,80,,84088,12,0,31 33,0,80,,84089,12,0,31 33,0,40,,84090,12,0,31 33,0,80,,84091,12,0,31 33,0,80,,84092,12,0,31 33,0,40,,84093,12,0,31 33,0,80,,84094,12,0,31 33,0
