401,'0_4',648,,96130,5,0,52,0,60,,96100,12,0,41,0,8,,96117,12,0,41,0,20,,96101,12,0,41,0,12,,96124,12,,,0,69,,96102,12,0,41,0,11,,96103,12,0,41,0,81,,96104,12,0,41,0,34,,96105,12,0,41,0,73,,96106,12,0,41,0,35,,96126,12,,,0,70,,96107,12,0,41,0,28,,96108,12,0,41,0,56,,96125,12,,,0,31,,96121,12,0,41,0,75,,96127,12,,,0,33,,96099,15,0,41,0,77,,96109,12,0,41,0,28,,96128,12,,,0,72,,96110,12,0,41,0,24,,96111,12,0,41,0,13,,96112,12,0,41,0,53,,96122,12,0,41,0,20,,96118,12,0,41,0,16,,96113,12,0,41,0,11,,96119,12,0,41,0,53,,96123,12,,,0,38,,96114,12,0,41,0,61,,96120,12,0,41,0,43,,96115,12,0,41,0,61,,96129,12,,,0
401,'0_5',648,,96162,5,0,52,0,60,,96132,12,0,41,0,8,,96149,12,0,41,0,20,,96133,12,0,41,0,12,,96156,12,,,0,69,,96134,12,0,41,0,11,,96135,12,0,41,0,81,,96136,12,0,41,0,34,,96137,12,0,41,0,73,,96138,12,0,41,0,35,,96158,12,,,0,70,,96139,12,0,41,0,28,,96140,12,0,41,0,56,,96157,12,,,0,31,,96153,12,0,41,0,75,,96159,12,,,0,33,,96131,15,0,41,0,77,,96141,12,0,41,0,28,,96160,12,,,0,72,,96142,12,0,41,0,24,,96143,12,0,41,0,13,,96144,12,0,41,0,53,,96154,12,0,41,0,20,,96150,12,0,41,0,16,,96145,12,0,41,0,11,,96151,12,0,41,0,53,,96155,12,,,0,38,,96146,12,0,41,0,61,,96152,12,0,41,0,43,,96147,12,0,41,0,61,,96161,12,,,0
401,'1_3',648,,96194,5,0,52,0,60,,96164,12,0,41,0,8,,96181,12,0,41,0,20,,96165,12,0,41,0,12,,96188,12,,,0,69,,96166,12,0,41,0,11,,96167,12,0,41,0,81,,96168,12,0,41,0,34,,96169,12,0,41,0,73,,96170,12,0,41,0,35,,96190,12,,,0,70,,96171,12,0,41,0,28,,96172,12,0,41,0,56,,96189,12,,,0,31,,96185,12,0,41,0,75,,96191,12,,,0,33,,96163,15,0,41,0,77,,96173,12,0,41,0,28,,96192,12,,,0,72,,96174,12,0,41,0,24,,96175,12,0,41,0,13,,96176,12,0,41,0,53,,96186,12,0,41,0,20,,96182,12,0,41,0,16,,96177,12,0,41,0,11,,96183,12,0,41,0,53,,96187,12,,,0,38,,96178,12,0,41,0,61,,96184,12,0,41,0,43,,96179,12,0,41,0,61,,96193,12,,,0
401,'2_6',656,,96195,12,,,0,156,,96202,12,0,41,0,34,,96196,12,,,0,69,,96203,12,0,41,0,32,,96204,12,0,41,0,67,,96205,12,0,41,0,32,,96197,12,,,0,69,,96206,12,0,41,0,31,,96207,12,0,41,0,71,,96208,12,0,41,0,30,,96198,12,,,0,69,,96209,12,0,41,0,29,,96210,12,0,41,0,71,,96211,12,0,41,0,31,,96199,12,,,0,68,,96212,12,0,41,0,32,,96213,12,0,41,0,73,,96214,12,0,41,0,31,,96200,12,,,0,71,,96215,12,0,41,0,33,,96216,12,0,41,0,72,,96217,12,0,41,0,31,,96218,12,0,41,0,70,,96201,12,,,0
401,'3_7',933,,96219,12,,,0,125,,96220,12,,,0,165,,96221,12,,,0,201,,96222,12,,,0,125,,96223,12,,,0,165,,96224,12,,,0,125,,96225,12,,,0
401,'4_1',648,,96257,5,0,52,0,60,,96227,12,0,41,0,8,,96244,12,0,41,0,20,,96228,12,0,41,0,12,,96251,12,,,0,69,,96229,12,0,41,0,11,,96230,12,0,41,0,81,,96231,12,0,41,0,34,,96232,12,0,41,0,73,,96233,12,0,41,0,35,,96253,12,,,0,70,,96234,12,0,41,0,28,,96235,12,0,41,0,56,,96252,12,,,0,31,,96248,12,0,41,0,75,,96254,12,,,0,33,,96226,15,0,41,0,77,,96236,12,0,41,0,28,,96255,12,,,0,72,,96237,12,0,41,0,24,,96238,12,0,41,0,13,,96239,12,0,41,0,53,,96249,12,0,41,0,20,,96245,12,0,41,0,16,,96240,12,0,41,0,11,,96246,12,0,41,0,53,,96250,12,,,0,38,,96241,12,0,41,0,61,,96247,12,0,41,0,43,,96242,12,0,41,0,61,,96256,12,,,0
401,'4_2',648,,96289,5,0,52,0,60,,96259,12,0,41,0,8,,96276,12,0,41,0,20,,96260,12,0,41,0,12,,96283,12,,,0,69,,96261,12,0,41,0,11,,96262,12,0,41,0,81,,96263,12,0,41,0,34,,96264,12,0,41,0,73,,96265,12,0,41,0,35,,96285,12,,,0,70,,96266,12,0,41,0,28,,96267,12,0,41,0,56,,96284,12,,,0,31,,96280,12,0,41,0,75,,96286,12,,,0,33,,96258,15,0,41,0,77,,96268,12,0,41,0,28,,96287,12,,,0,72,,96269,12,0,41,0,24,,96270,12,0,41,0,13,,96271,12,0,41,0,53,,96281,12,0,41,0,20,,96277,12,0,41,0,16,,96272,12,0,41,0,11,,96278,12,0,41,0,53,,96282,12,,,0,38,,96273,12,0,41,0,61,,96279,12,0,41,0,43,,96274,12,0,41,0,61,,96288,12,,,0
401,'4_4',648,,96321,5,0,52,0,60,,96291,12,0,41,0,8,,96308,12,0,41,0,20,,96292,12,0,41,0,12,,96315,12,,,0,69,,96293,12,0,41,0,11,,96294,12,0,41,0,81,,96295,12,0,41,0,34,,96296,12,0,41,0,73,,96297,12,0,41,0,35,,96317,12,,,0,70,,96298,12,0,41,0,28,,96299,12,0,41,0,56,,96316,12,,,0,31,,96312,12,0,41,0,75,,96318,12,,,0,33,,96290,15,0,41,0,77,,96300,12,0,41,0,28,,96319,12,,,0,72,,96301,12,0,41,0,24,,96302,12,0,41,0,13,,96303,12,0,41,0,53,,96313,12,0,41,0,20,,96309,12,0,41,0,16,,96304,12,0,41,0,11,,96310,12,0,41,0,53,,96314,12,,,0,38,,96305,12,0,41,0,61,,96311,12,0,41,0,43,,96306,12,0,41,0,61,,96320,12,,,0
401,'4_5',648,,96353,5,0,52,0,60,,96323,12,0,41,0,8,,96340,12,0,41,0,20,,96324,12,0,41,0,12,,96347,12,,,0,69,,96325,12,0,41,0,11,,96326,12,0,41,0,81,,96327,12,0,41,0,34,,96328,12,0,41,0,73,,96329,12,0,41,0,35,,96349,12,,,0,70,,96330,12,0,41,0,28,,96331,12,0,41,0,56,,96348,12,,,0,31,,96344,12,0,41,0,75,,96350,12,,,0,33,,96322,15,0,41,0,77,,96332,12,0,41,0,28,,96351,12,,,0,72,,96333,12,0,41,0,24,,96334,12,0,41,0,13,,96335,12,0,41,0,53,,96345,12,0,41,0,20,,96341,12,0,41,0,16,,96336,12,0,41,0,11,,96342,12,0,41,0,53,,96346,12,,,0,38,,96337,12,0,41,0,61,,96343,12,0,41,0,43,,96338,12,0,41,0,61,,96352,12,,,0
401,'5_7',933,,96354,12,,,0,125,,96355,12,,,0,165,,96356,12,,,0,201,,96357,12,,,0,125,,96358,12,,,0,165,,96359,12,,,0,125,,96360,12,,,0
2301,'0_4',657,,98638,5,,,0,62,,98637,5,,,0,1,,98636,15,,,0
2301,'0_5',657,,98641,5,,,0,62,,98640,5,,,0,1,,98639,15,,,0
2301,'1_3',657,,98644,5,,,0,62,,98643,5,,,0,1,,98642,15,,,0
2301,'4_1',657,,98647,5,,,0,62,,98646,5,,,0,1,,98645,15,,,0
2301,'4_2',657,,98650,5,,,0,62,,98649,5,,,0,1,,98648,15,,,0
2301,'4_4',657,,98653,5,,,0,62,,98652,5,,,0,1,,98651,15,,,0
2301,'4_5',657,,98656,5,,,0,62,,98655,5,,,0,1,,98654,15,,,0
2900401,'0_4',659,,102497,7,,,0,165,,102498,7,,,0
2900401,'0_5',659,,102499,7,,,0,165,,102500,7,,,0
2900401,'1_3',659,,102501,7,,,0,165,,102502,7,,,0
2900401,'4_1',659,,102503,7,,,0,165,,102504,7,,,0
2900401,'4_2',659,,102505,7,,,0,165,,102506,7,,,0
2900401,'4_4',659,,102507,7,,,0,165,,102508,7,,,0
2900401,'4_5',659,,102509,7,,,0,165,,102510,7,,,0
