901,'0_6',745,,66610,12,,,0,99,,66618,12,0,66,0,264,,66621,12,,,0,95,,66619,12,0,66,0,327,,66622,12,,,0,91,,66611,12,,,0,96,,66612,12,,,0,128,,66613,12,,,0,95,,66614,12,,,0
901,'3_1',745,,66688,12,,,0,99,,66696,12,0,66,0,264,,66699,12,,,0,95,,66697,12,0,66,0,327,,66700,12,,,0,91,,66689,12,,,0,96,,66690,12,,,0,128,,66691,12,,,0,95,,66692,12,,,0
901,'3_2',745,,73368,12,,,0,99,,73376,12,0,66,0,264,,73379,12,,,0,95,,73377,12,0,66,0,327,,73380,12,,,0,91,,73369,12,,,0,96,,73370,12,,,0,128,,73371,12,,,0,95,,73372,12,,,0
901,'3_3',745,,66701,12,,,0,99,,66709,12,0,66,0,264,,66712,12,,,0,95,,66710,12,0,66,0,327,,66713,12,,,0,91,,66702,12,,,0,96,,66703,12,,,0,128,,66704,12,,,0,95,,66705,12,,,0
901,'3_4',745,,66714,12,,,0,99,,66722,12,0,66,0,264,,66725,12,,,0,95,,66723,12,0,66,0,327,,66726,12,,,0,91,,66715,12,,,0,96,,66716,12,,,0,128,,66717,12,,,0,95,,66718,12,,,0
901,'3_5',745,,66727,12,,,0,99,,66735,12,0,66,0,264,,66738,12,,,0,95,,66736,12,0,66,0,327,,66739,12,,,0,91,,66728,12,,,0,96,,66729,12,,,0,128,,66730,12,,,0,95,,66731,12,,,0
901,'5_1',745,,74328,12,,,0,99,,74336,12,0,66,0,264,,74339,12,,,0,95,,74337,12,0,66,0,327,,74340,12,,,0,91,,74329,12,,,0,96,,74330,12,,,0,128,,74331,12,,,0,95,,74332,12,,,0
901,'5_2',745,,75998,12,,,0,99,,76006,12,0,66,0,264,,76009,12,,,0,95,,76007,12,0,66,0,327,,76010,12,,,0,91,,75999,12,,,0,96,,76000,12,,,0,128,,76001,12,,,0,95,,76002,12,,,0
901,'5_3',745,,76011,12,,,0,99,,76019,12,0,66,0,264,,76022,12,,,0,95,,76020,12,0,66,0,327,,76023,12,,,0,91,,76012,12,,,0,96,,76013,12,,,0,128,,76014,12,,,0,95,,76015,12,,,0
901,'5_4',745,,76024,12,,,0,99,,76032,12,0,66,0,264,,76035,12,,,0,95,,76033,12,0,66,0,327,,76036,12,,,0,91,,76025,12,,,0,96,,76026,12,,,0,128,,76027,12,,,0,95,,76028,12,,,0
1001,'0_6',700,,66890,7,0,61 65,0,54,,66900,7,,,0,152,,66891,7,0,61 65,0,105,,66901,7,,,0,143,,66902,7,,,0,87,,66897,7,0,61 65,0,97,,66892,7,0,61 65,0,96,,66903,7,,,0,111,,66893,7,0,61 65,0,95,,66894,7,0,61 65,0,108,,66904,7,,,0,91,,66898,7,0,61 65,0,111,,66899,7,0,61 65,0,90,,66895,7,0,61 65,0,100,,66896,7,0,61 65,0
1001,'1_7',921,,66905,7,,,0,320,,66906,7,,,0,410,,66907,7,,,0,350,,66908,7,0,61 65,0
1001,'3_1',750,,66969,7,,,0,108,,66970,7,0,61 65,0,97,,66976,5,,,0,153,,66971,7,0,61 65,0,101,,66977,5,0,61 65,0,94,,66974,5,,,0,110,,66978,7,0,61 65,0,90,,66975,5,,,0,129,,66979,7,0,61 65,0,121,,66980,7,,,0,93,,66972,7,0,61 65,0,99,,66973,7,0,61 65,0
1001,'3_2',750,,73394,7,,,0,108,,73395,7,0,61 65,0,97,,73401,5,,,0,153,,73396,7,0,61 65,0,101,,73402,5,0,61 65,0,94,,73399,5,,,0,110,,73403,7,0,61 65,0,90,,73400,5,,,0,129,,73404,7,0,61 65,0,121,,73405,7,,,0,93,,73397,7,0,61 65,0,99,,73398,7,0,61 65,0
1001,'3_3',750,,66981,7,,,0,108,,66982,7,0,61 65,0,97,,66988,5,,,0,153,,66983,7,0,61 65,0,101,,66989,5,0,61 65,0,94,,66986,5,,,0,110,,66990,7,0,61 65,0,90,,66987,5,,,0,129,,66991,7,0,61 65,0,121,,66992,7,,,0,93,,66984,7,0,61 65,0,99,,66985,7,0,61 65,0
1001,'3_4',750,,66993,7,,,0,108,,66994,7,0,61 65,0,97,,67000,5,,,0,153,,66995,7,0,61 65,0,101,,67001,5,0,61 65,0,94,,66998,5,,,0,110,,67002,7,0,61 65,0,90,,66999,5,,,0,129,,67003,7,0,61 65,0,121,,67004,7,,,0,93,,66996,7,0,61 65,0,99,,66997,7,0,61 65,0
1001,'3_5',750,,67005,7,,,0,108,,67006,7,0,61 65,0,97,,67012,5,,,0,153,,67007,7,0,61 65,0,101,,67013,5,0,61 65,0,94,,67010,5,,,0,110,,67014,7,0,61 65,0,90,,67011,5,,,0,129,,67015,7,0,61 65,0,121,,67016,7,,,0,93,,67008,7,0,61 65,0,99,,67009,7,0,61 65,0
1001,'5_1',750,,74354,7,,,0,108,,74355,7,0,61 65,0,97,,74361,5,,,0,153,,74356,7,0,61 65,0,101,,74362,5,0,61 65,0,94,,74359,5,,,0,110,,74363,7,0,61 65,0,90,,74360,5,,,0,129,,74364,7,0,61 65,0,121,,74365,7,,,0,93,,74357,7,0,61 65,0,99,,74358,7,0,61 65,0
1001,'5_2',750,,76076,7,,,0,108,,76077,7,0,61 65,0,97,,76083,5,,,0,153,,76078,7,0,61 65,0,101,,76084,5,0,61 65,0,94,,76081,5,,,0,110,,76085,7,0,61 65,0,90,,76082,5,,,0,129,,76086,7,0,61 65,0,121,,76087,7,,,0,93,,76079,7,0,61 65,0,99,,76080,7,0,61 65,0
1001,'5_3',750,,76088,7,,,0,108,,76089,7,0,61 65,0,97,,76095,5,,,0,153,,76090,7,0,61 65,0,101,,76096,5,0,61 65,0,94,,76093,5,,,0,110,,76097,7,0,61 65,0,90,,76094,5,,,0,129,,76098,7,0,61 65,0,121,,76099,7,,,0,93,,76091,7,0,61 65,0,99,,76092,7,0,61 65,0
1001,'5_4',750,,76100,7,,,0,108,,76101,7,0,61 65,0,97,,76107,5,,,0,153,,76102,7,0,61 65,0,101,,76108,5,0,61 65,0,94,,76105,5,,,0,110,,76109,7,0,61 65,0,90,,76106,5,,,0,129,,76110,7,0,61 65,0,121,,76111,7,,,0,93,,76103,7,0,61 65,0,99,,76104,7,0,61 65,0
1000001,'0_6',554,,69463,23,,,0,80,,69464,23,,,0,83,,69465,23,,,0,84,,69466,29,,,0,15,,69472,23,,,0,15,,69473,23,,,0,14,,69474,29,,,0,56,,69475,23,,,0,15,,69476,23,,,0,16,,69477,29,,,0,16,,69478,23,,,0,55,,69479,23,,,0,15,,69480,29,,,0,16,,69481,23,,,0,15,,69482,23,,,0,56,,69483,29,,,0,15,,69484,23,,,0,16,,69485,29,,,0,15,,69486,23,,,0,56,,69487,23,,,0,16,,69488,29,,,0,14,,69489,23,,,0,16,,69490,23,,,0,55,,69491,29,,,0,15,,69492,23,,,0,16,,69493,23,,,0,16,,69494,29,,,0,56,,69495,23,,,0,15,,69496,29,,,0,16,,69497,23,,,0,15,,69498,23,,,0,56,,69499,29,,,0,16,,69500,23,,,0,16,,69501,23,,,0,56,,69502,29,,,0,16,,69503,23,,,0,16,,69504,23,,,0,17,,69505,29,,,0,57,,69506,23,,,0,15,,69507,29,,,0,16,,69508,23,,,0,15,,69509,23,,,0,55,,69510,29,,,0,16,,69512,23,,,0,15,,69514,23,,,0,15,,69513,29,,,0,55,,69511,23,,,0,16,,69471,29,,,0,20,,69470,23,,,0,60,,69468,23,,,0,21,,69461,23,,,0,17,,69459,23,,,0,59,,69462,23,,,0,20,,69469,23,,,0,20,,69467,23,,,0,60,,69460,23,,,0
1000001,'1_7',825,,69515,23,,,0,80,,69516,23,,,0,40,,69517,23,,,0,80,,69518,23,,,0,80,,69519,23,,,0,40,,69520,23,,,0,80,,69521,23,,,0,80,,69522,23,,,0,40,,69523,23,,,0,80,,69524,23,,,0,80,,69525,23,,,0,40,,69526,23,,,0,80,,69527,23,,,0,80,,69528,23,,,0,40,,69529,23,,,0,80,,69530,23,,,0,80,,69531,23,,,0,40,,69532,23,,,0
1000001,'3_1',558,,69843,23,,,0,57,,69858,23,,,0,15,,69857,23,,,0,15,,69856,23,,,0,55,,69855,23,,,0,15,,69854,23,,,0,15,,69846,23,,,0,15,,69844,29,,,0,14,,69847,29,,,0,55,,69848,29,,,0,15,,69849,29,,,0,15,,69850,29,,,0,56,,69851,29,,,0,15,,69852,29,,,0,15,,69853,29,,,0,16,,69859,23,,,0,55,,69878,29,,,0,16,,69860,23,,,0,16,,69879,29,,,0,14,,69861,23,,,0,56,,69880,29,,,0,16,,69862,23,,,0,16,,69881,29,,,0,16,,69863,23,,,0,55,,69882,29,,,0,16,,69864,23,,,0,14,,69883,29,,,0,17,,69865,23,,,0,55,,69884,29,,,0,16,,69866,23,,,0,16,,69885,29,,,0,17,,69867,23,,,0,55,,69886,29,,,0,16,,69868,23,,,0,16,,69887,29,,,0,15,,69869,23,,,0,55,,69888,29,,,0,14,,69870,23,,,0,14,,69889,29,,,0,14,,69871,23,,,0,54,,69890,29,,,0,14,,69872,23,,,0,15,,69891,29,,,0,15,,69873,29,,,0,55,,69892,29,,,0,14,,69874,29,,,0,15,,69893,29,,,0,14,,69875,29,,,0,55,,69894,29,,,0,14,,69876,29,,,0,14,,69895,29,,,0,14,,69877,29,,,0,54,,69845,29,,,0,18,,69896,29,,,0,19,,69901,23,,,0,60,,69897,29,,,0,21,,69902,23,,,0,18,,69898,23,,,0,18,,69903,23,,,0,60,,69899,23,,,0,20,,69904,23,,,0,20,,69900,23,,,0
1000001,'3_2',558,,73636,23,,,0,57,,73651,23,,,0,15,,73650,23,,,0,15,,73649,23,,,0,55,,73648,23,,,0,15,,73647,23,,,0,15,,73639,23,,,0,15,,73637,29,,,0,14,,73640,29,,,0,55,,73641,29,,,0,15,,73642,29,,,0,15,,73643,29,,,0,56,,73644,29,,,0,15,,73645,29,,,0,15,,73646,29,,,0,16,,73652,23,,,0,55,,73671,29,,,0,16,,73653,23,,,0,16,,73672,29,,,0,14,,73654,23,,,0,56,,73673,29,,,0,16,,73655,23,,,0,16,,73674,29,,,0,16,,73656,23,,,0,55,,73675,29,,,0,16,,73657,23,,,0,14,,73676,29,,,0,17,,73658,23,,,0,55,,73677,29,,,0,16,,73659,23,,,0,16,,73678,29,,,0,17,,73660,23,,,0,55,,73679,29,,,0,16,,73661,23,,,0,16,,73680,29,,,0,15,,73662,23,,,0,55,,73681,29,,,0,14,,73663,23,,,0,14,,73682,29,,,0,14,,73664,23,,,0,54,,73683,29,,,0,14,,73665,23,,,0,15,,73684,29,,,0,15,,73666,29,,,0,55,,73685,29,,,0,14,,73667,29,,,0,15,,73686,29,,,0,14,,73668,29,,,0,55,,73687,29,,,0,14,,73669,29,,,0,14,,73688,29,,,0,14,,73670,29,,,0,54,,73638,29,,,0,18,,73689,29,,,0,19,,73694,23,,,0,60,,73690,29,,,0,21,,73695,23,,,0,18,,73691,23,,,0,18,,73696,23,,,0,60,,73692,23,,,0,20,,73697,23,,,0,20,,73693,23,,,0
1000001,'3_3',558,,69905,23,,,0,57,,69920,23,,,0,15,,69919,23,,,0,15,,69918,23,,,0,55,,69917,23,,,0,15,,69916,23,,,0,15,,69908,23,,,0,15,,69906,29,,,0,14,,69909,29,,,0,55,,69910,29,,,0,15,,69911,29,,,0,15,,69912,29,,,0,56,,69913,29,,,0,15,,69914,29,,,0,15,,69915,29,,,0,16,,69921,23,,,0,55,,69940,29,,,0,16,,69922,23,,,0,16,,69941,29,,,0,14,,69923,23,,,0,56,,69942,29,,,0,16,,69924,23,,,0,16,,69943,29,,,0,16,,69925,23,,,0,55,,69944,29,,,0,16,,69926,23,,,0,14,,69945,29,,,0,17,,69927,23,,,0,55,,69946,29,,,0,16,,69928,23,,,0,16,,69947,29,,,0,17,,69929,23,,,0,55,,69948,29,,,0,16,,69930,23,,,0,16,,69949,29,,,0,15,,69931,23,,,0,55,,69950,29,,,0,14,,69932,23,,,0,14,,69951,29,,,0,14,,69933,23,,,0,54,,69952,29,,,0,14,,69934,23,,,0,15,,69953,29,,,0,15,,69935,29,,,0,55,,69954,29,,,0,14,,69936,29,,,0,15,,69955,29,,,0,14,,69937,29,,,0,55,,69956,29,,,0,14,,69938,29,,,0,14,,69957,29,,,0,14,,69939,29,,,0,54,,69907,29,,,0,18,,69958,29,,,0,19,,69963,23,,,0,60,,69959,29,,,0,21,,69964,23,,,0,18,,69960,23,,,0,18,,69965,23,,,0,60,,69961,23,,,0,20,,69966,23,,,0,20,,69962,23,,,0
1000001,'3_4',558,,69967,23,,,0,57,,69982,23,,,0,15,,69981,23,,,0,15,,69980,23,,,0,55,,69979,23,,,0,15,,69978,23,,,0,15,,69970,23,,,0,15,,69968,29,,,0,14,,69971,29,,,0,55,,69972,29,,,0,15,,69973,29,,,0,15,,69974,29,,,0,56,,69975,29,,,0,15,,69976,29,,,0,15,,69977,29,,,0,16,,69983,23,,,0,55,,70002,29,,,0,16,,69984,23,,,0,16,,70003,29,,,0,14,,69985,23,,,0,56,,70004,29,,,0,16,,69986,23,,,0,16,,70005,29,,,0,16,,69987,23,,,0,55,,70006,29,,,0,16,,69988,23,,,0,14,,70007,29,,,0,17,,69989,23,,,0,55,,70008,29,,,0,16,,69990,23,,,0,16,,70009,29,,,0,17,,69991,23,,,0,55,,70010,29,,,0,16,,69992,23,,,0,16,,70011,29,,,0,15,,69993,23,,,0,55,,70012,29,,,0,14,,69994,23,,,0,14,,70013,29,,,0,14,,69995,23,,,0,54,,70014,29,,,0,14,,69996,23,,,0,15,,70015,29,,,0,15,,69997,29,,,0,55,,70016,29,,,0,14,,69998,29,,,0,15,,70017,29,,,0,14,,69999,29,,,0,55,,70018,29,,,0,14,,70000,29,,,0,14,,70019,29,,,0,14,,70001,29,,,0,54,,69969,29,,,0,18,,70020,29,,,0,19,,70025,23,,,0,60,,70021,29,,,0,21,,70026,23,,,0,18,,70022,23,,,0,18,,70027,23,,,0,60,,70023,23,,,0,20,,70028,23,,,0,20,,70024,23,,,0
1000001,'3_5',558,,70029,23,,,0,57,,70044,23,,,0,15,,70043,23,,,0,15,,70042,23,,,0,55,,70041,23,,,0,15,,70040,23,,,0,15,,70032,23,,,0,15,,70030,29,,,0,14,,70033,29,,,0,55,,70034,29,,,0,15,,70035,29,,,0,15,,70036,29,,,0,56,,70037,29,,,0,15,,70038,29,,,0,15,,70039,29,,,0,16,,70045,23,,,0,55,,70064,29,,,0,16,,70046,23,,,0,16,,70065,29,,,0,14,,70047,23,,,0,56,,70066,29,,,0,16,,70048,23,,,0,16,,70067,29,,,0,16,,70049,23,,,0,55,,70068,29,,,0,16,,70050,23,,,0,14,,70069,29,,,0,17,,70051,23,,,0,55,,70070,29,,,0,16,,70052,23,,,0,16,,70071,29,,,0,17,,70053,23,,,0,55,,70072,29,,,0,16,,70054,23,,,0,16,,70073,29,,,0,15,,70055,23,,,0,55,,70074,29,,,0,14,,70056,23,,,0,14,,70075,29,,,0,14,,70057,23,,,0,54,,70076,29,,,0,14,,70058,23,,,0,15,,70077,29,,,0,15,,70059,29,,,0,55,,70078,29,,,0,14,,70060,29,,,0,15,,70079,29,,,0,14,,70061,29,,,0,55,,70080,29,,,0,14,,70062,29,,,0,14,,70081,29,,,0,14,,70063,29,,,0,54,,70031,29,,,0,18,,70082,29,,,0,19,,70087,23,,,0,60,,70083,29,,,0,21,,70088,23,,,0,18,,70084,23,,,0,18,,70089,23,,,0,60,,70085,23,,,0,20,,70090,23,,,0,20,,70086,23,,,0
1000001,'5_1',558,,74596,23,,,0,57,,74611,23,,,0,15,,74610,23,,,0,15,,74609,23,,,0,55,,74608,23,,,0,15,,74607,23,,,0,15,,74599,23,,,0,15,,74597,29,,,0,14,,74600,29,,,0,55,,74601,29,,,0,15,,74602,29,,,0,15,,74603,29,,,0,56,,74604,29,,,0,15,,74605,29,,,0,15,,74606,29,,,0,16,,74612,23,,,0,55,,74631,29,,,0,16,,74613,23,,,0,16,,74632,29,,,0,14,,74614,23,,,0,56,,74633,29,,,0,16,,74615,23,,,0,16,,74634,29,,,0,16,,74616,23,,,0,55,,74635,29,,,0,16,,74617,23,,,0,14,,74636,29,,,0,17,,74618,23,,,0,55,,74637,29,,,0,16,,74619,23,,,0,16,,74638,29,,,0,17,,74620,23,,,0,55,,74639,29,,,0,16,,74621,23,,,0,16,,74640,29,,,0,15,,74622,23,,,0,55,,74641,29,,,0,14,,74623,23,,,0,14,,74642,29,,,0,14,,74624,23,,,0,54,,74643,29,,,0,14,,74625,23,,,0,15,,74644,29,,,0,15,,74626,29,,,0,55,,74645,29,,,0,14,,74627,29,,,0,15,,74646,29,,,0,14,,74628,29,,,0,55,,74647,29,,,0,14,,74629,29,,,0,14,,74648,29,,,0,14,,74630,29,,,0,54,,74598,29,,,0,18,,74649,29,,,0,19,,74654,23,,,0,60,,74650,29,,,0,21,,74655,23,,,0,18,,74651,23,,,0,18,,74656,23,,,0,60,,74652,23,,,0,20,,74657,23,,,0,20,,74653,23,,,0
1000001,'5_2',558,,76802,23,,,0,57,,76817,23,,,0,15,,76816,23,,,0,15,,76815,23,,,0,55,,76814,23,,,0,15,,76813,23,,,0,15,,76805,23,,,0,15,,76803,29,,,0,14,,76806,29,,,0,55,,76807,29,,,0,15,,76808,29,,,0,15,,76809,29,,,0,56,,76810,29,,,0,15,,76811,29,,,0,15,,76812,29,,,0,16,,76818,23,,,0,55,,76837,29,,,0,16,,76819,23,,,0,16,,76838,29,,,0,14,,76820,23,,,0,56,,76839,29,,,0,16,,76821,23,,,0,16,,76840,29,,,0,16,,76822,23,,,0,55,,76841,29,,,0,16,,76823,23,,,0,14,,76842,29,,,0,17,,76824,23,,,0,55,,76843,29,,,0,16,,76825,23,,,0,16,,76844,29,,,0,17,,76826,23,,,0,55,,76845,29,,,0,16,,76827,23,,,0,16,,76846,29,,,0,15,,76828,23,,,0,55,,76847,29,,,0,14,,76829,23,,,0,14,,76848,29,,,0,14,,76830,23,,,0,54,,76849,29,,,0,14,,76831,23,,,0,15,,76850,29,,,0,15,,76832,29,,,0,55,,76851,29,,,0,14,,76833,29,,,0,15,,76852,29,,,0,14,,76834,29,,,0,55,,76853,29,,,0,14,,76835,29,,,0,14,,76854,29,,,0,14,,76836,29,,,0,54,,76804,29,,,0,18,,76855,29,,,0,19,,76860,23,,,0,60,,76856,29,,,0,21,,76861,23,,,0,18,,76857,23,,,0,18,,76862,23,,,0,60,,76858,23,,,0,20,,76863,23,,,0,20,,76859,23,,,0
1000001,'5_3',558,,76864,23,,,0,57,,76879,23,,,0,15,,76878,23,,,0,15,,76877,23,,,0,55,,76876,23,,,0,15,,76875,23,,,0,15,,76867,23,,,0,15,,76865,29,,,0,14,,76868,29,,,0,55,,76869,29,,,0,15,,76870,29,,,0,15,,76871,29,,,0,56,,76872,29,,,0,15,,76873,29,,,0,15,,76874,29,,,0,16,,76880,23,,,0,55,,76899,29,,,0,16,,76881,23,,,0,16,,76900,29,,,0,14,,76882,23,,,0,56,,76901,29,,,0,16,,76883,23,,,0,16,,76902,29,,,0,16,,76884,23,,,0,55,,76903,29,,,0,16,,76885,23,,,0,14,,76904,29,,,0,17,,76886,23,,,0,55,,76905,29,,,0,16,,76887,23,,,0,16,,76906,29,,,0,17,,76888,23,,,0,55,,76907,29,,,0,16,,76889,23,,,0,16,,76908,29,,,0,15,,76890,23,,,0,55,,76909,29,,,0,14,,76891,23,,,0,14,,76910,29,,,0,14,,76892,23,,,0,54,,76911,29,,,0,14,,76893,23,,,0,15,,76912,29,,,0,15,,76894,29,,,0,55,,76913,29,,,0,14,,76895,29,,,0,15,,76914,29,,,0,14,,76896,29,,,0,55,,76915,29,,,0,14,,76897,29,,,0,14,,76916,29,,,0,14,,76898,29,,,0,54,,76866,29,,,0,18,,76917,29,,,0,19,,76922,23,,,0,60,,76918,29,,,0,21,,76923,23,,,0,18,,76919,23,,,0,18,,76924,23,,,0,60,,76920,23,,,0,20,,76925,23,,,0,20,,76921,23,,,0
1000001,'5_4',558,,76926,23,,,0,57,,76941,23,,,0,15,,76940,23,,,0,15,,76939,23,,,0,55,,76938,23,,,0,15,,76937,23,,,0,15,,76929,23,,,0,15,,76927,29,,,0,14,,76930,29,,,0,55,,76931,29,,,0,15,,76932,29,,,0,15,,76933,29,,,0,56,,76934,29,,,0,15,,76935,29,,,0,15,,76936,29,,,0,16,,76942,23,,,0,55,,76961,29,,,0,16,,76943,23,,,0,16,,76962,29,,,0,14,,76944,23,,,0,56,,76963,29,,,0,16,,76945,23,,,0,16,,76964,29,,,0,16,,76946,23,,,0,55,,76965,29,,,0,16,,76947,23,,,0,14,,76966,29,,,0,17,,76948,23,,,0,55,,76967,29,,,0,16,,76949,23,,,0,16,,76968,29,,,0,17,,76950,23,,,0,55,,76969,29,,,0,16,,76951,23,,,0,16,,76970,29,,,0,15,,76952,23,,,0,55,,76971,29,,,0,14,,76953,23,,,0,14,,76972,29,,,0,14,,76954,23,,,0,54,,76973,29,,,0,14,,76955,23,,,0,15,,76974,29,,,0,15,,76956,29,,,0,55,,76975,29,,,0,14,,76957,29,,,0,15,,76976,29,,,0,14,,76958,29,,,0,55,,76977,29,,,0,14,,76959,29,,,0,14,,76978,29,,,0,14,,76960,29,,,0,54,,76928,29,,,0,18,,76979,29,,,0,19,,76984,23,,,0,60,,76980,29,,,0,21,,76985,23,,,0,18,,76981,23,,,0,18,,76986,23,,,0,60,,76982,23,,,0,20,,76987,23,,,0,20,,76983,23,,,0
