101,'0_4',747,,94375,50,0,6,0,9,,94404,44,0,5,0,59,,94376,50,0,6,0,14,,94403,44,0,5,0,15,,94377,50,0,6,0,57,,94406,50,0,5,0,37,,94381,44,0,6,0,82,,94391,50,0,5,0,35,,94382,44,0,6,0,81,,94394,44,0,5,0,73,,94383,44,0,6,0,29,,94395,44,0,5,0,20,,94384,44,0,6,0,75,,94396,44,0,5,0,79,,94378,50,0,6,0,28,,94392,50,0,5,0,69,,94385,44,0,6,0,25,,94397,44,0,5,0,75,,94386,44,0,6,0,22,,94398,44,0,5,0,69,,94387,44,0,6,0,13,,94402,18,0,5,0,21,,94388,44,0,6,0,21,,94393,50,0,5,0,59,,94389,44,0,6,0,21,,94399,44,0,5,0,12,,94379,50,0,6,0,56,,94400,44,0,5,0,28,,94380,50,0,6,0,75,,94401,44,0,5,0
101,'0_5',747,,94408,50,0,6,0,9,,94437,44,0,5,0,59,,94409,50,0,6,0,14,,94436,44,0,5,0,15,,94410,50,0,6,0,57,,94439,50,0,5,0,37,,94414,44,0,6,0,82,,94424,50,0,5,0,35,,94415,44,0,6,0,81,,94427,44,0,5,0,73,,94416,44,0,6,0,29,,94428,44,0,5,0,20,,94417,44,0,6,0,75,,94429,44,0,5,0,79,,94411,50,0,6,0,28,,94425,50,0,5,0,69,,94418,44,0,6,0,25,,94430,44,0,5,0,75,,94419,44,0,6,0,22,,94431,44,0,5,0,69,,94420,44,0,6,0,13,,94435,18,0,5,0,21,,94421,44,0,6,0,21,,94426,50,0,5,0,59,,94422,44,0,6,0,21,,94432,44,0,5,0,12,,94412,50,0,6,0,56,,94433,44,0,5,0,28,,94413,50,0,6,0,75,,94434,44,0,5,0
101,'1_3',747,,94441,50,0,6,0,9,,94470,44,0,5,0,59,,94442,50,0,6,0,14,,94469,44,0,5,0,15,,94443,50,0,6,0,57,,94472,50,0,5,0,37,,94447,44,0,6,0,82,,94457,50,0,5,0,35,,94448,44,0,6,0,81,,94460,44,0,5,0,73,,94449,44,0,6,0,29,,94461,44,0,5,0,20,,94450,44,0,6,0,75,,94462,44,0,5,0,79,,94444,50,0,6,0,28,,94458,50,0,5,0,69,,94451,44,0,6,0,25,,94463,44,0,5,0,75,,94452,44,0,6,0,22,,94464,44,0,5,0,69,,94453,44,0,6,0,13,,94468,18,0,5,0,21,,94454,44,0,6,0,21,,94459,50,0,5,0,59,,94455,44,0,6,0,21,,94465,44,0,5,0,12,,94445,50,0,6,0,56,,94466,44,0,5,0,28,,94446,50,0,6,0,75,,94467,44,0,5,0
101,'2_6',739,,94474,44,0,5,0,118,,94475,44,0,5,0,146,,94476,44,0,5,0,30,,94487,44,0,6,0,69,,94477,44,0,5,0,31,,94488,44,0,6,0,69,,94478,44,0,5,0,29,,94489,44,0,6,0,70,,94479,44,0,5,0,29,,94490,44,0,6,0,71,,94480,44,0,5,0,29,,94491,44,0,6,0,71,,94481,44,0,5,0,30,,94492,44,0,6,0,71,,94482,44,0,5,0,32,,94493,44,0,6,0,72,,94483,44,0,5,0,31,,94494,44,0,6,0,71,,94484,44,0,5,0,29,,94495,44,0,6,0,73,,94485,44,0,5,0,23,,94496,44,0,6,0,25,,94486,44,0,5,0
101,'3_7',944,,94497,44,0,6,0,105,,94502,44,0,5,0,105,,94498,44,0,6,0,105,,94503,44,0,5,0,145,,94499,44,0,6,0,50,,94504,44,0,5,0,100,,94500,44,0,6,0,105,,94505,44,0,5,0,145,,94501,44,0,6,0,105,,94506,44,0,5,0
101,'4_1',747,,94507,50,0,6,0,9,,94536,44,0,5,0,59,,94508,50,0,6,0,14,,94535,44,0,5,0,15,,94509,50,0,6,0,57,,94538,50,0,5,0,37,,94513,44,0,6,0,82,,94523,50,0,5,0,35,,94514,44,0,6,0,81,,94526,44,0,5,0,73,,94515,44,0,6,0,29,,94527,44,0,5,0,20,,94516,44,0,6,0,75,,94528,44,0,5,0,79,,94510,50,0,6,0,28,,94524,50,0,5,0,69,,94517,44,0,6,0,25,,94529,44,0,5,0,75,,94518,44,0,6,0,22,,94530,44,0,5,0,69,,94519,44,0,6,0,13,,94534,18,0,5,0,21,,94520,44,0,6,0,21,,94525,50,0,5,0,59,,94521,44,0,6,0,21,,94531,44,0,5,0,12,,94511,50,0,6,0,56,,94532,44,0,5,0,28,,94512,50,0,6,0,75,,94533,44,0,5,0
101,'4_2',747,,94540,50,0,6,0,9,,94569,44,0,5,0,59,,94541,50,0,6,0,14,,94568,44,0,5,0,15,,94542,50,0,6,0,57,,94571,50,0,5,0,37,,94546,44,0,6,0,82,,94556,50,0,5,0,35,,94547,44,0,6,0,81,,94559,44,0,5,0,73,,94548,44,0,6,0,29,,94560,44,0,5,0,20,,94549,44,0,6,0,75,,94561,44,0,5,0,79,,94543,50,0,6,0,28,,94557,50,0,5,0,69,,94550,44,0,6,0,25,,94562,44,0,5,0,75,,94551,44,0,6,0,22,,94563,44,0,5,0,69,,94552,44,0,6,0,13,,94567,18,0,5,0,21,,94553,44,0,6,0,21,,94558,50,0,5,0,59,,94554,44,0,6,0,21,,94564,44,0,5,0,12,,94544,50,0,6,0,56,,94565,44,0,5,0,28,,94545,50,0,6,0,75,,94566,44,0,5,0
101,'4_4',747,,94573,50,0,6,0,9,,94602,44,0,5,0,59,,94574,50,0,6,0,14,,94601,44,0,5,0,15,,94575,50,0,6,0,57,,94604,50,0,5,0,37,,94579,44,0,6,0,82,,94589,50,0,5,0,35,,94580,44,0,6,0,81,,94592,44,0,5,0,73,,94581,44,0,6,0,29,,94593,44,0,5,0,20,,94582,44,0,6,0,75,,94594,44,0,5,0,79,,94576,50,0,6,0,28,,94590,50,0,5,0,69,,94583,44,0,6,0,25,,94595,44,0,5,0,75,,94584,44,0,6,0,22,,94596,44,0,5,0,69,,94585,44,0,6,0,13,,94600,18,0,5,0,21,,94586,44,0,6,0,21,,94591,50,0,5,0,59,,94587,44,0,6,0,21,,94597,44,0,5,0,12,,94577,50,0,6,0,56,,94598,44,0,5,0,28,,94578,50,0,6,0,75,,94599,44,0,5,0
101,'4_5',747,,94606,50,0,6,0,9,,94635,44,0,5,0,59,,94607,50,0,6,0,14,,94634,44,0,5,0,15,,94608,50,0,6,0,57,,94637,50,0,5,0,37,,94612,44,0,6,0,82,,94622,50,0,5,0,35,,94613,44,0,6,0,81,,94625,44,0,5,0,73,,94614,44,0,6,0,29,,94626,44,0,5,0,20,,94615,44,0,6,0,75,,94627,44,0,5,0,79,,94609,50,0,6,0,28,,94623,50,0,5,0,69,,94616,44,0,6,0,25,,94628,44,0,5,0,75,,94617,44,0,6,0,22,,94629,44,0,5,0,69,,94618,44,0,6,0,13,,94633,18,0,5,0,21,,94619,44,0,6,0,21,,94624,50,0,5,0,59,,94620,44,0,6,0,21,,94630,44,0,5,0,12,,94610,50,0,6,0,56,,94631,44,0,5,0,28,,94611,50,0,6,0,75,,94632,44,0,5,0
101,'5_7',944,,94639,44,0,6,0,105,,94644,44,0,5,0,105,,94640,44,0,6,0,105,,94645,44,0,5,0,145,,94641,44,0,6,0,50,,94646,44,0,5,0,100,,94642,44,0,6,0,105,,94647,44,0,5,0,145,,94643,44,0,6,0,105,,94648,44,0,5,0
