1001,'0_6',730,,66890,23,0,61 65,0,102,,66900,26,,,0,112,,66891,26,0,61 65,0,112,,66901,29,,,0,182,,66902,29,,,0,88,,66897,29,0,61 65,0,91,,66892,26,0,61 65,0,101,,66903,29,,,0,105,,66893,26,0,61 65,0,95,,66894,26,0,61 65,0,108,,66904,26,,,0,96,,66898,29,0,61 65,0,111,,66899,29,0,61 65,0,85,,66895,26,0,61 65,0,100,,66896,26,0,61 65,0
1001,'1_7',958,,66905,26,,,0,361,,66906,26,,,0,408,,66907,26,,,0,310,,66908,26,0,61 65,0
1001,'7_1',828,,80849,26,,,0,113,,80850,29,0,61 65,0,94,,80856,24,,,0,117,,80851,29,0,61 65,0,96,,80857,24,0,61 65,0,99,,80854,27,,,0,105,,80858,26,0,61 65,0,94,,80855,27,,,0,164,,80859,26,0,61 65,0,121,,80860,26,,,0,98,,80852,29,0,61 65,0,99,,80853,29,0,61 65,0
1001,'7_2',828,,82770,26,,,0,113,,82771,29,0,61 65,0,94,,82777,24,,,0,117,,82772,29,0,61 65,0,96,,82778,24,0,61 65,0,99,,82775,27,,,0,105,,82779,26,0,61 65,0,94,,82776,27,,,0,164,,82780,26,0,61 65,0,121,,82781,26,,,0,98,,82773,29,0,61 65,0,99,,82774,29,0,61 65,0
1001,'7_3',828,,82782,26,,,0,113,,82783,29,0,61 65,0,94,,82789,24,,,0,117,,82784,29,0,61 65,0,96,,82790,24,0,61 65,0,99,,82787,27,,,0,105,,82791,26,0,61 65,0,94,,82788,27,,,0,164,,82792,26,0,61 65,0,121,,82793,26,,,0,98,,82785,29,0,61 65,0,99,,82786,29,0,61 65,0
1001,'7_4',828,,79493,26,,,0,113,,79494,29,0,61 65,0,94,,79500,24,,,0,117,,79495,29,0,61 65,0,96,,79501,24,0,61 65,0,99,,79498,27,,,0,105,,79502,26,0,61 65,0,94,,79499,27,,,0,164,,79503,26,0,61 65,0,121,,79504,26,,,0,98,,79496,29,0,61 65,0,99,,79497,29,0,61 65,0
1001,'7_5',828,,80861,26,,,0,113,,80862,29,0,61 65,0,94,,80868,24,,,0,117,,80863,29,0,61 65,0,96,,80869,24,0,61 65,0,99,,80866,27,,,0,105,,80870,26,0,61 65,0,94,,80867,27,,,0,164,,80871,26,0,61 65,0,121,,80872,26,,,0,98,,80864,29,0,61 65,0,99,,80865,29,0,61 65,0
1001,'8_7',958,,84063,26,,,0,361,,84064,26,,,0,408,,84065,26,,,0,310,,84066,26,0,61 65,0
2901001,'0_6',1138,,71124,7,,,0,82,,71117,7,,,0,88,,71120,7,,,0,96,,71121,7,,,0,55,,71118,7,,,0,72,,71122,7,,,0,78,,71123,7,,,0,96,,71119,7,,,0,198,,71125,7,,,0
2901001,'7_1',1041,,81644,7,,,0,261,,81645,7,,,0,54,,81646,7,,,0,247,,81647,7,,,0,139,,81648,7,,,0
2901001,'7_2',1041,,83564,7,,,0,261,,83565,7,,,0,54,,83566,7,,,0,247,,83567,7,,,0,139,,83568,7,,,0
2901001,'7_3',1041,,83569,7,,,0,261,,83570,7,,,0,54,,83571,7,,,0,247,,83572,7,,,0,139,,83573,7,,,0
2901001,'7_4',1041,,79890,7,,,0,261,,79891,7,,,0,54,,79892,7,,,0,247,,79893,7,,,0,139,,79894,7,,,0
2901001,'7_5',1041,,81649,7,,,0,261,,81650,7,,,0,54,,81651,7,,,0,247,,81652,7,,,0,139,,81653,7,,,0
