400,'S2-0_2',916,,85877,2,0,40,0,304,,85898,2,0,40,0,124,,85886,2,0,40,0,104,,85887,2,0,40,0,165,,85888,2,0,40,0,119,,85890,2,0,40,0,124,,85893,2,0,40,0
400,'S2-0_4',916,,85911,2,0,40,0,304,,85932,2,0,40,0,124,,85920,2,0,40,0,104,,85921,2,0,40,0,165,,85922,2,0,40,0,119,,85924,2,0,40,0,124,,85927,2,0,40,0
400,'S2-0_5',916,,85945,2,0,40,0,304,,85966,2,0,40,0,124,,85954,2,0,40,0,104,,85955,2,0,40,0,165,,85956,2,0,40,0,119,,85958,2,0,40,0,124,,85961,2,0,40,0
400,'S2-1_3',916,,85979,2,0,40,0,304,,85999,2,0,40,0,124,,85988,2,0,40,0,104,,85989,2,0,40,0,165,,85990,2,0,40,0,119,,85992,2,0,40,0,124,,85995,2,0,40,0
400,'S2-2_6',819,,86007,2,0,40,0,196,,86008,2,0,40,0,202,,86009,2,0,40,0,201,,86010,2,0,40,0,202,,86011,2,0,40,0,209,,86012,2,0,40,0
400,'S2-3_7',801,,86031,2,0,40,0,125,,86032,2,0,40,0,125,,86033,2,0,40,0,200,,86034,2,0,40,0,165,,86035,2,0,40,0,125,,86036,2,0,40,0,165,,86037,2,0,40,0,125,,86038,2,0,40,0
400,'S2-4_1',916,,86044,2,0,40,0,304,,86065,2,0,40,0,124,,86053,2,0,40,0,104,,86054,2,0,40,0,165,,86055,2,0,40,0,119,,86057,2,0,40,0,124,,86060,2,0,40,0
400,'S2-4_2',916,,86078,2,0,40,0,304,,86099,2,0,40,0,124,,86087,2,0,40,0,104,,86088,2,0,40,0,165,,86089,2,0,40,0,119,,86091,2,0,40,0,124,,86094,2,0,40,0
400,'S2-4_4',916,,86112,2,0,40,0,304,,86133,2,0,40,0,124,,86121,2,0,40,0,104,,86122,2,0,40,0,165,,86123,2,0,40,0,119,,86125,2,0,40,0,124,,86128,2,0,40,0
2901200,'S2-0_2',634,,92560,2,,,0,104,,92559,2,,,0
2901200,'S2-0_4',634,,92562,2,,,0,104,,92561,2,,,0
2901200,'S2-0_5',634,,92564,2,,,0,104,,92563,2,,,0
2901200,'S2-1_3',634,,92566,2,,,0,104,,92565,2,,,0
2901200,'S2-4_1',634,,92568,2,,,0,104,,92567,2,,,0
2901200,'S2-4_2',634,,92570,2,,,0,104,,92569,2,,,0
2901200,'S2-4_4',634,,92572,2,,,0,104,,92571,2,,,0
