100,'0_4',648,,94101,1,0,61 8,0,68,,94102,1,0,61 8,0,31,,94108,1,0,61 8,0,70,,94103,1,0,61 8,0,106,,94104,1,0,61 8,0,117,,94105,1,0,61 8,0,97,,94109,1,,,0,65,,94110,1,,,0,57,,94106,1,0,61 8,0,98,,94107,1,0,61 8,0,144,,94111,1,,,0,55,,94112,1,,,0,71,,94113,1,,,0,27,,94114,1,,,0,81,,94115,1,,,0,105,,94116,1,0,61 8,0
100,'0_5',648,,94136,1,0,61 8,0,68,,94137,1,0,61 8,0,31,,94143,1,0,61 8,0,70,,94138,1,0,61 8,0,106,,94139,1,0,61 8,0,117,,94140,1,0,61 8,0,97,,94144,1,,,0,65,,94145,1,,,0,57,,94141,1,0,61 8,0,98,,94142,1,0,61 8,0,144,,94146,1,,,0,55,,94147,1,,,0,71,,94148,1,,,0,27,,94149,1,,,0,81,,94150,1,,,0,105,,94151,1,0,61 8,0
100,'1_3',648,,94171,1,0,61 8,0,68,,94172,1,0,61 8,0,31,,94178,1,0,61 8,0,70,,94173,1,0,61 8,0,106,,94174,1,0,61 8,0,117,,94175,1,0,61 8,0,97,,94179,1,,,0,65,,94180,1,,,0,57,,94176,1,0,61 8,0,98,,94177,1,0,61 8,0,144,,94181,1,,,0,55,,94182,1,,,0,71,,94183,1,,,0,27,,94184,1,,,0,81,,94185,1,,,0,105,,94186,1,0,61 8,0
100,'2_6',759,,94204,1,0,61 8,0,164,,94205,1,0,61 8,0,102,,94206,1,0,61 8,0,98,,94207,1,0,61 8,0,101,,94208,1,0,61 8,0,100,,94209,1,0,61 8,0,100,,94210,1,0,61 8,0,100,,94211,1,0,61 8,0,101,,94212,1,0,61 8,0,102,,94213,1,0,61 8,0,102,,94214,1,0,61 8,0
100,'3_7',859,,94215,1,0,61 8,0,251,,94216,1,0,61 8,0,194,,94217,1,0,61 8,0,205,,94218,1,0,61 8,0,210,,94219,1,0,61 8,0
100,'4_1',648,,94239,1,0,61 8,0,68,,94240,1,0,61 8,0,31,,94246,1,0,61 8,0,70,,94241,1,0,61 8,0,106,,94242,1,0,61 8,0,117,,94243,1,0,61 8,0,97,,94247,1,,,0,65,,94248,1,,,0,57,,94244,1,0,61 8,0,98,,94245,1,0,61 8,0,144,,94249,1,,,0,55,,94250,1,,,0,71,,94251,1,,,0,27,,94252,1,,,0,81,,94253,1,,,0,105,,94254,1,0,61 8,0
100,'4_2',648,,94274,1,0,61 8,0,68,,94275,1,0,61 8,0,31,,94281,1,0,61 8,0,70,,94276,1,0,61 8,0,106,,94277,1,0,61 8,0,117,,94278,1,0,61 8,0,97,,94282,1,,,0,65,,94283,1,,,0,57,,94279,1,0,61 8,0,98,,94280,1,0,61 8,0,144,,94284,1,,,0,55,,94285,1,,,0,71,,94286,1,,,0,27,,94287,1,,,0,81,,94288,1,,,0,105,,94289,1,0,61 8,0
100,'4_4',648,,94309,1,0,61 8,0,68,,94310,1,0,61 8,0,31,,94316,1,0,61 8,0,70,,94311,1,0,61 8,0,106,,94312,1,0,61 8,0,117,,94313,1,0,61 8,0,97,,94317,1,,,0,65,,94318,1,,,0,57,,94314,1,0,61 8,0,98,,94315,1,0,61 8,0,144,,94319,1,,,0,55,,94320,1,,,0,71,,94321,1,,,0,27,,94322,1,,,0,81,,94323,1,,,0,105,,94324,1,0,61 8,0
100,'4_5',648,,94344,1,0,61 8,0,68,,94345,1,0,61 8,0,31,,94351,1,0,61 8,0,70,,94346,1,0,61 8,0,106,,94347,1,0,61 8,0,117,,94348,1,0,61 8,0,97,,94352,1,,,0,65,,94353,1,,,0,57,,94349,1,0,61 8,0,98,,94350,1,0,61 8,0,144,,94354,1,,,0,55,,94355,1,,,0,71,,94356,1,,,0,27,,94357,1,,,0,81,,94358,1,,,0,105,,94359,1,0,61 8,0
100,'5_7',859,,94365,1,0,61 8,0,251,,94366,1,0,61 8,0,194,,94367,1,0,61 8,0,205,,94368,1,0,61 8,0,210,,94369,1,0,61 8,0
