700,'1_3',733,,96876,23,,,0,110,,96878,23,,,0,111,,96879,23,,,0,150,,96880,23,,,0,110,,96881,23,,,0,110,,96882,23,,,0,110,,96883,23,,,0,110,,96884,23,,,0,113,,96885,23,,,0,150,,96886,23,,,0,105,,96877,23,,,0
700,'2_6',731,,96889,23,,,0,110,,96890,23,,,0,112,,96891,23,,,0,150,,96892,23,,,0,110,,96893,23,,,0,110,,96894,23,,,0,111,,96895,23,,,0,109,,96896,23,,,0,111,,96897,23,,,0,150,,96887,23,,,0,107,,96888,23,,,0
700,'4_1',733,,96898,23,,,0,110,,96900,23,,,0,111,,96901,23,,,0,150,,96902,23,,,0,110,,96903,23,,,0,110,,96904,23,,,0,110,,96905,23,,,0,110,,96906,23,,,0,113,,96907,23,,,0,150,,96908,23,,,0,105,,96899,23,,,0
700,'4_2',733,,96909,23,,,0,110,,96911,23,,,0,111,,96912,23,,,0,150,,96913,23,,,0,110,,96914,23,,,0,110,,96915,23,,,0,110,,96916,23,,,0,110,,96917,23,,,0,113,,96918,23,,,0,150,,96919,23,,,0,105,,96910,23,,,0
700,'4_4',733,,96920,23,,,0,110,,96922,23,,,0,111,,96923,23,,,0,150,,96924,23,,,0,110,,96925,23,,,0,110,,96926,23,,,0,110,,96927,23,,,0,110,,96928,23,,,0,113,,96929,23,,,0,150,,96930,23,,,0,105,,96921,23,,,0
700,'4_5',733,,96931,23,,,0,110,,96933,23,,,0,111,,96934,23,,,0,150,,96935,23,,,0,110,,96936,23,,,0,110,,96937,23,,,0,110,,96938,23,,,0,110,,96939,23,,,0,113,,96940,23,,,0,150,,96941,23,,,0,105,,96932,23,,,0
2400,'1_3',742,,98665,19,,,0,490,,98666,14,,,0
2400,'4_1',742,,98667,19,,,0,868,,98668,14,,,0,104,,98669,14,,,0,94,,98670,14,,,0
2400,'4_2',742,,98671,19,,,0,868,,98672,14,,,0,104,,98673,14,,,0,94,,98674,14,,,0
2400,'4_4',742,,98675,19,,,0,868,,98676,14,,,0,104,,98677,14,,,0,94,,98678,14,,,0
2400,'4_5',742,,98679,19,,,0,868,,98680,14,,,0,104,,98681,14,,,0,94,,98682,14,,,0
