201,'0_4',705,,94973,13,0,20,0,27,,95011,13,0,21,0,17,,94995,1,0,62,0,53,,94976,13,0,21,0,15,,94974,1,0,20,0,20,,94996,13,0,62,0,69,,94977,13,0,21,0,28,,94987,13,0,20,0,81,,94981,13,0,21,0,26,,94988,13,0,62,0,83,,94982,13,0,21,0,35,,94989,13,0,62,0,81,,94978,13,0,20,0,74,,94997,13,0,21,0,20,,95010,13,0,62,0,25,,94990,13,0,21,0,70,,94975,13,0,20,0,25,,94998,13,0,21,0,65,,94979,13,0,62,0,34,,94991,13,0,21,0,77,,95005,13,0,62,0,19,,94999,1,0,21,0,55,,94992,1,0,62,0,13,,95000,13,0,21,0,13,,94980,13,0,62,0,15,,95001,1,0,21,0,56,,95003,1,0,62,0,16,,95002,1,0,21,0,18,,94993,13,0,62,0,21,,94984,13,0,21,0,65,,94994,13,0,62,0,21,,94985,13,0,21,0
201,'0_5',705,,95012,13,0,20,0,27,,95050,13,0,21,0,17,,95034,1,0,62,0,53,,95015,13,0,21,0,15,,95013,1,0,20,0,20,,95035,13,0,62,0,69,,95016,13,0,21,0,28,,95026,13,0,20,0,81,,95020,13,0,21,0,26,,95027,13,0,62,0,83,,95021,13,0,21,0,35,,95028,13,0,62,0,81,,95017,13,0,20,0,74,,95036,13,0,21,0,20,,95049,13,0,62,0,25,,95029,13,0,21,0,70,,95014,13,0,20,0,25,,95037,13,0,21,0,65,,95018,13,0,62,0,34,,95030,13,0,21,0,77,,95044,13,0,62,0,19,,95038,1,0,21,0,55,,95031,1,0,62,0,13,,95039,13,0,21,0,13,,95019,13,0,62,0,15,,95040,1,0,21,0,56,,95042,1,0,62,0,16,,95041,1,0,21,0,18,,95032,13,0,62,0,21,,95023,13,0,21,0,65,,95033,13,0,62,0,21,,95024,13,0,21,0
201,'1_3',705,,95051,13,0,20,0,27,,95090,13,0,21,0,17,,95073,1,0,62,0,53,,95054,13,0,21,0,15,,95052,1,0,20,0,20,,95074,13,0,62,0,69,,95055,13,0,21,0,28,,95065,13,0,20,0,81,,95059,13,0,21,0,26,,95066,13,0,62,0,83,,95060,13,0,21,0,35,,95067,13,0,62,0,81,,95056,13,0,20,0,74,,95075,13,0,21,0,20,,95089,13,0,62,0,25,,95068,13,0,21,0,70,,95053,13,0,20,0,25,,95076,13,0,21,0,65,,95057,13,0,62,0,34,,95069,13,0,21,0,77,,95083,13,0,62,0,19,,95077,1,0,21,0,55,,95070,1,0,62,0,13,,95078,13,0,21,0,13,,95058,13,0,62,0,15,,95079,1,0,21,0,56,,95081,1,0,62,0,16,,95080,1,0,21,0,18,,95071,13,0,62,0,21,,95062,13,0,21,0,65,,95072,13,0,62,0,21,,95063,13,0,21,0
201,'2_6',709,,95091,13,0,20,0,5,,95115,13,0,62,0,25,,95103,1,0,21,0,69,,95092,13,0,21,0,23,,95104,1,0,62,0,25,,95116,13,0,20,0,65,,95093,13,0,20,0,20,,95105,1,0,21,0,15,,95117,13,0,62,0,71,,95094,13,0,20,0,19,,95106,1,0,21,0,60,,95118,13,0,64,0,26,,95095,13,0,20,0,20,,95107,1,0,62,0,60,,95119,13,0,21,0,30,,95096,13,0,21,0,58,,95108,1,0,62,0,20,,95120,13,0,20,0,25,,95097,13,0,21,0,56,,95109,1,0,62,0,25,,95121,13,0,20,0,25,,95098,13,0,62,0,58,,95110,1,0,21,0,22,,95122,13,0,20,0,22,,95099,13,0,62,0,56,,95111,1,0,21,0,24,,95123,13,0,20,0,24,,95100,13,0,21,0,59,,95112,1,0,62,0,20,,95124,13,0,20,0,64,,95101,13,0,21,0,21,,95113,1,0,20,0,19,,95125,13,0,62,0,61,,95102,13,0,21,0,15,,95114,1,0,62,0,17,,95126,13,0,21,0
201,'3_7',833,,95127,1,0,21,0,125,,95128,1,0,21,0,165,,95129,1,0,21,0,125,,95130,1,0,21,0,110,,95131,1,0,21,0,165,,95132,1,0,21,0,125,,95133,1,0,21,0,165,,95134,1,0,21,0
201,'4_1',705,,95135,13,0,20,0,27,,95173,13,0,21,0,17,,95157,1,0,62,0,53,,95138,13,0,21,0,15,,95136,1,0,20,0,20,,95158,13,0,62,0,69,,95139,13,0,21,0,28,,95149,13,0,20,0,81,,95143,13,0,21,0,26,,95150,13,0,62,0,83,,95144,13,0,21,0,35,,95151,13,0,62,0,81,,95140,13,0,20,0,74,,95159,13,0,21,0,20,,95172,13,0,62,0,25,,95152,13,0,21,0,70,,95137,13,0,20,0,25,,95160,13,0,21,0,65,,95141,13,0,62,0,34,,95153,13,0,21,0,77,,95167,13,0,62,0,19,,95161,1,0,21,0,55,,95154,1,0,62,0,13,,95162,13,0,21,0,13,,95142,13,0,62,0,15,,95163,1,0,21,0,56,,95165,1,0,62,0,16,,95164,1,0,21,0,18,,95155,13,0,62,0,21,,95146,13,0,21,0,65,,95156,13,0,62,0,21,,95147,13,0,21,0
201,'4_2',705,,95174,13,0,20,0,27,,95212,13,0,21,0,17,,95196,1,0,62,0,53,,95177,13,0,21,0,15,,95175,1,0,20,0,20,,95197,13,0,62,0,69,,95178,13,0,21,0,28,,95188,13,0,20,0,81,,95182,13,0,21,0,26,,95189,13,0,62,0,83,,95183,13,0,21,0,35,,95190,13,0,62,0,81,,95179,13,0,20,0,74,,95198,13,0,21,0,20,,95211,13,0,62,0,25,,95191,13,0,21,0,70,,95176,13,0,20,0,25,,95199,13,0,21,0,65,,95180,13,0,62,0,34,,95192,13,0,21,0,77,,95206,13,0,62,0,19,,95200,1,0,21,0,55,,95193,1,0,62,0,13,,95201,13,0,21,0,13,,95181,13,0,62,0,15,,95202,1,0,21,0,56,,95204,1,0,62,0,16,,95203,1,0,21,0,18,,95194,13,0,62,0,21,,95185,13,0,21,0,65,,95195,13,0,62,0,21,,95186,13,0,21,0
201,'4_4',705,,95213,13,0,20,0,27,,95251,13,0,21,0,17,,95235,1,0,62,0,53,,95216,13,0,21,0,15,,95214,1,0,20,0,20,,95236,13,0,62,0,69,,95217,13,0,21,0,28,,95227,13,0,20,0,81,,95221,13,0,21,0,26,,95228,13,0,62,0,83,,95222,13,0,21,0,35,,95229,13,0,62,0,81,,95218,13,0,20,0,74,,95237,13,0,21,0,20,,95250,13,0,62,0,25,,95230,13,0,21,0,70,,95215,13,0,20,0,25,,95238,13,0,21,0,65,,95219,13,0,62,0,34,,95231,13,0,21,0,77,,95245,13,0,62,0,19,,95239,1,0,21,0,55,,95232,1,0,62,0,13,,95240,13,0,21,0,13,,95220,13,0,62,0,15,,95241,1,0,21,0,56,,95243,1,0,62,0,16,,95242,1,0,21,0,18,,95233,13,0,62,0,21,,95224,13,0,21,0,65,,95234,13,0,62,0,21,,95225,13,0,21,0
201,'4_5',705,,95252,13,0,20,0,27,,95290,13,0,21,0,17,,95274,1,0,62,0,53,,95255,13,0,21,0,15,,95253,1,0,20,0,20,,95275,13,0,62,0,69,,95256,13,0,21,0,28,,95266,13,0,20,0,81,,95260,13,0,21,0,26,,95267,13,0,62,0,83,,95261,13,0,21,0,35,,95268,13,0,62,0,81,,95257,13,0,20,0,74,,95276,13,0,21,0,20,,95289,13,0,62,0,25,,95269,13,0,21,0,70,,95254,13,0,20,0,25,,95277,13,0,21,0,65,,95258,13,0,62,0,34,,95270,13,0,21,0,77,,95284,13,0,62,0,19,,95278,1,0,21,0,55,,95271,1,0,62,0,13,,95279,13,0,21,0,13,,95259,13,0,62,0,15,,95280,1,0,21,0,56,,95282,1,0,62,0,16,,95281,1,0,21,0,18,,95272,13,0,62,0,21,,95263,13,0,21,0,65,,95273,13,0,62,0,21,,95264,13,0,21,0
201,'5_7',833,,95291,1,0,21,0,125,,95292,1,0,21,0,165,,95293,1,0,21,0,125,,95294,1,0,21,0,110,,95295,1,0,21,0,165,,95296,1,0,21,0,125,,95297,1,0,21,0,165,,95298,1,0,21,0
