2000001,'0_6',654,,70573,17,,,0,81,,70574,17,,,0,79,,70575,17,,,0,32,,70613,17,,,0,61,,70577,17,,,0,20,,70576,17,,,0,21,,70578,17,,,0,60,,70579,17,,,0,19,,70581,17,,,0,18,,70580,17,,,0,60,,70586,17,,,0,19,,70584,17,,,0,18,,70588,17,,,0,59,,70582,17,,,0,19,,70587,17,,,0,20,,70583,17,,,0,16,,70585,17,,,0,58,,70594,17,,,0,18,,70591,17,,,0,20,,70592,17,,,0,61,,70593,17,,,0,18,,70590,17,,,0,17,,70589,17,,,0,59,,70595,17,,,0,23,,70596,17,,,0,20,,70598,17,,,0,59,,70597,17,,,0,19,,70599,17,,,0,20,,70600,17,,,0,61,,70601,17,,,0,20,,70603,17,,,0,19,,70602,17,,,0,58,,70604,17,,,0,19,,70605,17,,,0,19,,70606,17,,,0,59,,70607,17,,,0,17,,70608,17,,,0,18,,70609,17,,,0,62,,70610,17,,,0,24,,70611,17,,,0,23,,70612,17,,,0
2000001,'1_7',827,,70631,17,,,0,80,,70614,17,,,0,40,,70615,17,,,0,80,,70616,17,,,0,80,,70617,17,,,0,40,,70618,17,,,0,80,,70619,17,,,0,80,,70620,17,,,0,40,,70622,17,,,0,80,,70621,17,,,0,80,,70623,17,,,0,40,,70624,17,,,0,80,,70625,17,,,0,80,,70626,17,,,0,40,,70628,17,,,0,80,,70627,17,,,0,80,,70629,17,,,0,40,,70630,17,,,0
2000001,'5_1',656,,74701,17,,,0,68,,74702,17,,,0,19,,74742,17,,,0,60,,74703,17,,,0,21,,74743,17,,,0,21,,74705,17,,,0,62,,74704,17,,,0,21,,74706,17,,,0,22,,74707,17,,,0,60,,74709,17,,,0,19,,74708,17,,,0,18,,74714,17,,,0,58,,74712,17,,,0,18,,74716,17,,,0,19,,74710,17,,,0,59,,74715,17,,,0,19,,74711,17,,,0,19,,74713,17,,,0,17,,74722,17,,,0,58,,74719,17,,,0,19,,74720,17,,,0,20,,74721,17,,,0,60,,74718,17,,,0,18,,74717,17,,,0,18,,74723,17,,,0,59,,74724,17,,,0,23,,74726,17,,,0,20,,74725,17,,,0,59,,74727,17,,,0,19,,74728,17,,,0,19,,74729,17,,,0,61,,74731,17,,,0,20,,74730,17,,,0,20,,74732,17,,,0,60,,74733,17,,,0,19,,74734,17,,,0,21,,74735,17,,,0,60,,74736,17,,,0,19,,74737,17,,,0,20,,74738,17,,,0,58,,74739,17,,,0,19,,74740,17,,,0,22,,74741,17,,,0
2000001,'5_2',656,,77117,17,,,0,68,,77118,17,,,0,19,,77158,17,,,0,60,,77119,17,,,0,21,,77159,17,,,0,21,,77121,17,,,0,62,,77120,17,,,0,21,,77122,17,,,0,22,,77123,17,,,0,60,,77125,17,,,0,19,,77124,17,,,0,18,,77130,17,,,0,58,,77128,17,,,0,18,,77132,17,,,0,19,,77126,17,,,0,59,,77131,17,,,0,19,,77127,17,,,0,19,,77129,17,,,0,17,,77138,17,,,0,58,,77135,17,,,0,19,,77136,17,,,0,20,,77137,17,,,0,60,,77134,17,,,0,18,,77133,17,,,0,18,,77139,17,,,0,59,,77140,17,,,0,23,,77142,17,,,0,20,,77141,17,,,0,59,,77143,17,,,0,19,,77144,17,,,0,19,,77145,17,,,0,61,,77147,17,,,0,20,,77146,17,,,0,20,,77148,17,,,0,60,,77149,17,,,0,19,,77150,17,,,0,21,,77151,17,,,0,60,,77152,17,,,0,19,,77153,17,,,0,20,,77154,17,,,0,58,,77155,17,,,0,19,,77156,17,,,0,22,,77157,17,,,0
2000001,'5_3',656,,77160,17,,,0,68,,77161,17,,,0,19,,77201,17,,,0,60,,77162,17,,,0,21,,77202,17,,,0,21,,77164,17,,,0,62,,77163,17,,,0,21,,77165,17,,,0,22,,77166,17,,,0,60,,77168,17,,,0,19,,77167,17,,,0,18,,77173,17,,,0,58,,77171,17,,,0,18,,77175,17,,,0,19,,77169,17,,,0,59,,77174,17,,,0,19,,77170,17,,,0,19,,77172,17,,,0,17,,77181,17,,,0,58,,77178,17,,,0,19,,77179,17,,,0,20,,77180,17,,,0,60,,77177,17,,,0,18,,77176,17,,,0,18,,77182,17,,,0,59,,77183,17,,,0,23,,77185,17,,,0,20,,77184,17,,,0,59,,77186,17,,,0,19,,77187,17,,,0,19,,77188,17,,,0,61,,77190,17,,,0,20,,77189,17,,,0,20,,77191,17,,,0,60,,77192,17,,,0,19,,77193,17,,,0,21,,77194,17,,,0,60,,77195,17,,,0,19,,77196,17,,,0,20,,77197,17,,,0,58,,77198,17,,,0,19,,77199,17,,,0,22,,77200,17,,,0
2000001,'7_1',656,,81544,17,,,0,68,,81545,17,,,0,19,,81585,17,,,0,60,,81546,17,,,0,21,,81586,17,,,0,21,,81548,17,,,0,62,,81547,17,,,0,21,,81549,17,,,0,22,,81550,17,,,0,60,,81552,17,,,0,19,,81551,17,,,0,18,,81557,17,,,0,58,,81555,17,,,0,18,,81559,17,,,0,19,,81553,17,,,0,59,,81558,17,,,0,19,,81554,17,,,0,19,,81556,17,,,0,17,,81565,17,,,0,58,,81562,17,,,0,19,,81563,17,,,0,20,,81564,17,,,0,60,,81561,17,,,0,18,,81560,17,,,0,18,,81566,17,,,0,59,,81567,17,,,0,23,,81569,17,,,0,20,,81568,17,,,0,59,,81570,17,,,0,19,,81571,17,,,0,19,,81572,17,,,0,61,,81574,17,,,0,20,,81573,17,,,0,20,,81575,17,,,0,60,,81576,17,,,0,19,,81577,17,,,0,21,,81578,17,,,0,60,,81579,17,,,0,19,,81580,17,,,0,20,,81581,17,,,0,58,,81582,17,,,0,19,,81583,17,,,0,22,,81584,17,,,0
2000001,'7_2',656,,83464,17,,,0,68,,83465,17,,,0,19,,83505,17,,,0,60,,83466,17,,,0,21,,83506,17,,,0,21,,83468,17,,,0,62,,83467,17,,,0,21,,83469,17,,,0,22,,83470,17,,,0,60,,83472,17,,,0,19,,83471,17,,,0,18,,83477,17,,,0,58,,83475,17,,,0,18,,83479,17,,,0,19,,83473,17,,,0,59,,83478,17,,,0,19,,83474,17,,,0,19,,83476,17,,,0,17,,83485,17,,,0,58,,83482,17,,,0,19,,83483,17,,,0,20,,83484,17,,,0,60,,83481,17,,,0,18,,83480,17,,,0,18,,83486,17,,,0,59,,83487,17,,,0,23,,83489,17,,,0,20,,83488,17,,,0,59,,83490,17,,,0,19,,83491,17,,,0,19,,83492,17,,,0,61,,83494,17,,,0,20,,83493,17,,,0,20,,83495,17,,,0,60,,83496,17,,,0,19,,83497,17,,,0,21,,83498,17,,,0,60,,83499,17,,,0,19,,83500,17,,,0,20,,83501,17,,,0,58,,83502,17,,,0,19,,83503,17,,,0,22,,83504,17,,,0
2000001,'7_3',656,,83507,17,,,0,68,,83508,17,,,0,19,,83548,17,,,0,60,,83509,17,,,0,21,,83549,17,,,0,21,,83511,17,,,0,62,,83510,17,,,0,21,,83512,17,,,0,22,,83513,17,,,0,60,,83515,17,,,0,19,,83514,17,,,0,18,,83520,17,,,0,58,,83518,17,,,0,18,,83522,17,,,0,19,,83516,17,,,0,59,,83521,17,,,0,19,,83517,17,,,0,19,,83519,17,,,0,17,,83528,17,,,0,58,,83525,17,,,0,19,,83526,17,,,0,20,,83527,17,,,0,60,,83524,17,,,0,18,,83523,17,,,0,18,,83529,17,,,0,59,,83530,17,,,0,23,,83532,17,,,0,20,,83531,17,,,0,59,,83533,17,,,0,19,,83534,17,,,0,19,,83535,17,,,0,61,,83537,17,,,0,20,,83536,17,,,0,20,,83538,17,,,0,60,,83539,17,,,0,19,,83540,17,,,0,21,,83541,17,,,0,60,,83542,17,,,0,19,,83543,17,,,0,20,,83544,17,,,0,58,,83545,17,,,0,19,,83546,17,,,0,22,,83547,17,,,0
2000001,'7_4',656,,79840,17,,,0,68,,79841,17,,,0,19,,79881,17,,,0,60,,79842,17,,,0,21,,79882,17,,,0,21,,79844,17,,,0,62,,79843,17,,,0,21,,79845,17,,,0,22,,79846,17,,,0,60,,79848,17,,,0,19,,79847,17,,,0,18,,79853,17,,,0,58,,79851,17,,,0,18,,79855,17,,,0,19,,79849,17,,,0,59,,79854,17,,,0,19,,79850,17,,,0,19,,79852,17,,,0,17,,79861,17,,,0,58,,79858,17,,,0,19,,79859,17,,,0,20,,79860,17,,,0,60,,79857,17,,,0,18,,79856,17,,,0,18,,79862,17,,,0,59,,79863,17,,,0,23,,79865,17,,,0,20,,79864,17,,,0,59,,79866,17,,,0,19,,79867,17,,,0,19,,79868,17,,,0,61,,79870,17,,,0,20,,79869,17,,,0,20,,79871,17,,,0,60,,79872,17,,,0,19,,79873,17,,,0,21,,79874,17,,,0,60,,79875,17,,,0,19,,79876,17,,,0,20,,79877,17,,,0,58,,79878,17,,,0,19,,79879,17,,,0,22,,79880,17,,,0
2000001,'7_5',656,,81587,17,,,0,68,,81588,17,,,0,19,,81628,17,,,0,60,,81589,17,,,0,21,,81629,17,,,0,21,,81591,17,,,0,62,,81590,17,,,0,21,,81592,17,,,0,22,,81593,17,,,0,60,,81595,17,,,0,19,,81594,17,,,0,18,,81600,17,,,0,58,,81598,17,,,0,18,,81602,17,,,0,19,,81596,17,,,0,59,,81601,17,,,0,19,,81597,17,,,0,19,,81599,17,,,0,17,,81608,17,,,0,58,,81605,17,,,0,19,,81606,17,,,0,20,,81607,17,,,0,60,,81604,17,,,0,18,,81603,17,,,0,18,,81609,17,,,0,59,,81610,17,,,0,23,,81612,17,,,0,20,,81611,17,,,0,59,,81613,17,,,0,19,,81614,17,,,0,19,,81615,17,,,0,61,,81617,17,,,0,20,,81616,17,,,0,20,,81618,17,,,0,60,,81619,17,,,0,19,,81620,17,,,0,21,,81621,17,,,0,60,,81622,17,,,0,19,,81623,17,,,0,20,,81624,17,,,0,58,,81625,17,,,0,19,,81626,17,,,0,22,,81627,17,,,0
