300,'0_4',647,,95299,9,,,0,64,,95300,9,,,0,31,,95301,9,,,0,65,,95302,9,,,0,25,,95303,9,,,0,70,,95304,9,,,0,32,,95305,9,,,0,72,,95306,9,,,0,32,,95307,9,,,0,72,,95308,9,,,0,32,,95309,9,,,0,72,,95310,9,,,0,32,,95311,9,,,0,72,,95312,9,,,0,32,,95313,9,,,0,72,,95314,9,,,0,32,,95315,9,,,0,72,,95316,9,,,0,31,,95318,9,,,0,67,,95319,9,,,0,28,,95320,9,,,0,69,,95321,9,,,0,30,,95322,9,,,0,71,,95326,9,,,0,31,,95323,9,,,0,71,,95324,9,,,0,33,,95325,9,,,0,70,,95317,9,,,0
300,'0_5',647,,95327,9,,,0,64,,95328,9,,,0,31,,95329,9,,,0,65,,95330,9,,,0,25,,95331,9,,,0,70,,95332,9,,,0,32,,95333,9,,,0,72,,95334,9,,,0,32,,95335,9,,,0,72,,95336,9,,,0,32,,95337,9,,,0,72,,95338,9,,,0,32,,95339,9,,,0,72,,95340,9,,,0,32,,95341,9,,,0,72,,95342,9,,,0,32,,95343,9,,,0,72,,95344,9,,,0,31,,95346,9,,,0,67,,95347,9,,,0,28,,95348,9,,,0,69,,95349,9,,,0,30,,95350,9,,,0,71,,95354,9,,,0,31,,95351,9,,,0,71,,95352,9,,,0,33,,95353,9,,,0,70,,95345,9,,,0
300,'1_3',647,,95355,9,,,0,64,,95356,9,,,0,31,,95357,9,,,0,65,,95358,9,,,0,25,,95359,9,,,0,70,,95360,9,,,0,32,,95361,9,,,0,72,,95362,9,,,0,32,,95363,9,,,0,72,,95364,9,,,0,32,,95365,9,,,0,72,,95366,9,,,0,32,,95367,9,,,0,72,,95368,9,,,0,32,,95369,9,,,0,72,,95370,9,,,0,32,,95371,9,,,0,72,,95372,9,,,0,31,,95374,9,,,0,67,,95375,9,,,0,28,,95376,9,,,0,69,,95377,9,,,0,30,,95378,9,,,0,71,,95382,9,,,0,31,,95379,9,,,0,71,,95380,9,,,0,33,,95381,9,,,0,70,,95373,9,,,0
300,'2_6',651,,95383,9,,,0,69,,95385,9,,,0,29,,95386,9,,,0,69,,95384,9,,,0,30,,95388,9,,,0,69,,95389,9,,,0,28,,95387,9,,,0,71,,95390,9,,,0,30,,95391,9,,,0,70,,95394,9,,,0,30,,95393,9,,,0,70,,95392,9,,,0,29,,95396,9,,,0,69,,95395,9,,,0,29,,95397,9,,,0,69,,95398,9,,,0,32,,95399,9,,,0,72,,95400,9,,,0,31,,95401,9,,,0,70,,95402,9,,,0,32,,95403,9,,,0,72,,95404,9,,,0,30,,95405,9,,,0,71,,95410,9,,,0,31,,95406,9,,,0,70,,95407,9,,,0,27,,95408,9,,,0,71,,95409,9,,,0
300,'3_7',852,,95433,9,,,0,72,,95434,9,,,0,35,,95435,9,,,0,74,,95436,9,,,0,72,,95427,9,,,0,34,,95432,9,,,0,73,,95431,9,,,0,33,,95430,9,,,0,72,,95429,9,,,0,32,,95411,9,,,0,68,,95412,9,,,0,28,,95413,9,,,0,68,,95414,9,,,0,28,,95415,9,,,0,67,,95416,9,,,0,30,,95417,9,,,0,68,,95418,9,,,0,27,,95419,9,,,0,68,,95420,9,,,0,29,,95421,9,,,0,27,,95422,9,,,0,66,,95423,9,,,0,26,,95424,9,,,0,65,,95425,9,,,0,24,,95428,9,,,0,67,,95426,9,,,0
300,'4_1',647,,95437,9,,,0,64,,95438,9,,,0,31,,95439,9,,,0,65,,95440,9,,,0,25,,95441,9,,,0,70,,95442,9,,,0,32,,95443,9,,,0,72,,95444,9,,,0,32,,95445,9,,,0,72,,95446,9,,,0,32,,95447,9,,,0,72,,95448,9,,,0,32,,95449,9,,,0,72,,95450,9,,,0,32,,95451,9,,,0,72,,95452,9,,,0,32,,95453,9,,,0,72,,95454,9,,,0,31,,95456,9,,,0,67,,95457,9,,,0,28,,95458,9,,,0,69,,95459,9,,,0,30,,95460,9,,,0,71,,95464,9,,,0,31,,95461,9,,,0,71,,95462,9,,,0,33,,95463,9,,,0,70,,95455,9,,,0
300,'4_2',647,,95465,9,,,0,64,,95466,9,,,0,31,,95467,9,,,0,65,,95468,9,,,0,25,,95469,9,,,0,70,,95470,9,,,0,32,,95471,9,,,0,72,,95472,9,,,0,32,,95473,9,,,0,72,,95474,9,,,0,32,,95475,9,,,0,72,,95476,9,,,0,32,,95477,9,,,0,72,,95478,9,,,0,32,,95479,9,,,0,72,,95480,9,,,0,32,,95481,9,,,0,72,,95482,9,,,0,31,,95484,9,,,0,67,,95485,9,,,0,28,,95486,9,,,0,69,,95487,9,,,0,30,,95488,9,,,0,71,,95492,9,,,0,31,,95489,9,,,0,71,,95490,9,,,0,33,,95491,9,,,0,70,,95483,9,,,0
300,'4_4',647,,95493,9,,,0,64,,95494,9,,,0,31,,95495,9,,,0,65,,95496,9,,,0,25,,95497,9,,,0,70,,95498,9,,,0,32,,95499,9,,,0,72,,95500,9,,,0,32,,95501,9,,,0,72,,95502,9,,,0,32,,95503,9,,,0,72,,95504,9,,,0,32,,95505,9,,,0,72,,95506,9,,,0,32,,95507,9,,,0,72,,95508,9,,,0,32,,95509,9,,,0,72,,95510,9,,,0,31,,95512,9,,,0,67,,95513,9,,,0,28,,95514,9,,,0,69,,95515,9,,,0,30,,95516,9,,,0,71,,95520,9,,,0,31,,95517,9,,,0,71,,95518,9,,,0,33,,95519,9,,,0,70,,95511,9,,,0
300,'4_5',647,,95521,9,,,0,64,,95522,9,,,0,31,,95523,9,,,0,65,,95524,9,,,0,25,,95525,9,,,0,70,,95526,9,,,0,32,,95527,9,,,0,72,,95528,9,,,0,32,,95529,9,,,0,72,,95530,9,,,0,32,,95531,9,,,0,72,,95532,9,,,0,32,,95533,9,,,0,72,,95534,9,,,0,32,,95535,9,,,0,72,,95536,9,,,0,32,,95537,9,,,0,72,,95538,9,,,0,31,,95540,9,,,0,67,,95541,9,,,0,28,,95542,9,,,0,69,,95543,9,,,0,30,,95544,9,,,0,71,,95548,9,,,0,31,,95545,9,,,0,71,,95546,9,,,0,33,,95547,9,,,0,70,,95539,9,,,0
300,'5_7',906,,95549,9,,,0,100,,95550,9,,,0,100,,95551,9,,,0,100,,95552,9,,,0,100,,95553,9,,,0,100,,95554,9,,,0,100,,95555,9,,,0,100,,95556,9,,,0,100,,95557,9,,,0,100,,95558,9,,,0,100,,95559,9,,,0
900600,'0_4',838,,99645,10,,,0,170,,99647,10,,,0,125,,99648,10,,,0,175,,99649,10,,,0,120,,99650,10,,,0,175,,99651,10,,,0,130,,99652,10,,,0,170,,99646,10,,,0
900600,'0_5',838,,99653,10,,,0,170,,99655,10,,,0,125,,99656,10,,,0,175,,99657,10,,,0,120,,99658,10,,,0,175,,99659,10,,,0,130,,99660,10,,,0,170,,99654,10,,,0
900600,'1_3',838,,99661,10,,,0,170,,99663,10,,,0,125,,99664,10,,,0,175,,99665,10,,,0,120,,99666,10,,,0,175,,99667,10,,,0,130,,99668,10,,,0,170,,99662,10,,,0
900600,'2_6',838,,99669,10,,,0,170,,99671,10,,,0,125,,99672,10,,,0,175,,99673,10,,,0,120,,99674,10,,,0,175,,99675,10,,,0,130,,99676,10,,,0,170,,99670,10,,,0
900600,'4_1',838,,99677,10,,,0,170,,99679,10,,,0,125,,99680,10,,,0,175,,99681,10,,,0,120,,99682,10,,,0,175,,99683,10,,,0,130,,99684,10,,,0,170,,99678,10,,,0
900600,'4_2',838,,99685,10,,,0,170,,99687,10,,,0,125,,99688,10,,,0,175,,99689,10,,,0,120,,99690,10,,,0,175,,99691,10,,,0,130,,99692,10,,,0,170,,99686,10,,,0
900600,'4_4',838,,99693,10,,,0,170,,99695,10,,,0,125,,99696,10,,,0,175,,99697,10,,,0,120,,99698,10,,,0,175,,99699,10,,,0,130,,99700,10,,,0,170,,99694,10,,,0
900600,'4_5',838,,99701,10,,,0,170,,99703,10,,,0,125,,99704,10,,,0,175,,99705,10,,,0,120,,99706,10,,,0,175,,99707,10,,,0,130,,99708,10,,,0,170,,99702,10,,,0
2900300,'0_4',702,,102434,1,,,0,29,,102435,1,,,0,70,,102436,1,,,0
2900300,'0_5',702,,102437,1,,,0,29,,102438,1,,,0,70,,102439,1,,,0
2900300,'1_3',702,,102440,1,,,0,29,,102441,1,,,0,70,,102442,1,,,0
2900300,'4_1',702,,102443,1,,,0,29,,102444,1,,,0,70,,102445,1,,,0
2900300,'4_2',702,,102446,1,,,0,29,,102447,1,,,0,70,,102448,1,,,0
2900300,'4_4',702,,102449,1,,,0,29,,102450,1,,,0,70,,102451,1,,,0
2900300,'4_5',702,,102452,1,,,0,29,,102453,1,,,0,70,,102454,1,,,0
