400,'0_4',656,,95845,1,0,43,0,55,,95853,1,0,40,0,17,,95822,1,0,40,0,14,,95823,1,0,40,0,15,,95847,1,0,40,0,55,,95824,1,0,40,0,13,,95825,1,0,40,0,32,,95826,1,0,40,0,80,,95827,13,0,40,0,70,,95828,1,0,40,0,31,,95829,1,0,40,0,76,,95830,1,0,40,0,35,,95831,1,0,40,0,65,,95851,1,,,0,26,,95848,13,0,40,0,68,,95832,1,0,40,0,26,,95833,1,0,40,0,70,,95836,13,0,40,0,34,,95834,1,0,40,0,70,,95837,13,0,40,0,34,,95835,1,0,40,0,66,,95854,1,0,40,0,25,,95838,13,0,40,0,22,,95839,1,0,40,0,55,,95855,1,,,0,15,,95841,1,0,40,0,27,,95840,13,0,40,0,61,,95852,1,,,0,37,,95842,1,0,40,0,66,,95843,13,0,40,0
400,'0_5',656,,95879,1,0,43,0,55,,95887,1,0,40,0,17,,95856,1,0,40,0,14,,95857,1,0,40,0,15,,95881,1,0,40,0,55,,95858,1,0,40,0,13,,95859,1,0,40,0,32,,95860,1,0,40,0,80,,95861,13,0,40,0,70,,95862,1,0,40,0,31,,95863,1,0,40,0,76,,95864,1,0,40,0,35,,95865,1,0,40,0,65,,95885,1,,,0,26,,95882,13,0,40,0,68,,95866,1,0,40,0,26,,95867,1,0,40,0,70,,95870,13,0,40,0,34,,95868,1,0,40,0,70,,95871,13,0,40,0,34,,95869,1,0,40,0,66,,95888,1,0,40,0,25,,95872,13,0,40,0,22,,95873,1,0,40,0,55,,95889,1,,,0,15,,95875,1,0,40,0,27,,95874,13,0,40,0,61,,95886,1,,,0,37,,95876,1,0,40,0,66,,95877,13,0,40,0
400,'1_3',656,,95912,1,0,43,0,55,,95920,1,0,40,0,17,,95890,1,0,40,0,14,,95891,1,0,40,0,15,,95914,1,0,40,0,55,,95892,1,0,40,0,13,,95893,1,0,40,0,32,,95894,1,0,40,0,80,,95895,13,0,40,0,70,,95896,1,0,40,0,31,,95897,1,0,40,0,76,,95898,1,0,40,0,35,,95899,1,0,40,0,65,,95918,1,,,0,26,,95915,13,0,40,0,68,,95900,1,0,40,0,26,,95901,1,0,40,0,70,,95904,13,0,40,0,34,,95902,1,0,40,0,70,,95905,13,0,40,0,34,,95903,1,0,40,0,66,,95921,1,0,40,0,25,,95906,13,0,40,0,22,,95907,1,0,40,0,55,,95922,1,,,0,15,,95909,1,0,40,0,27,,95908,13,0,40,0,61,,95919,1,,,0,37,,95910,1,0,40,0,66,,95911,13,0,40,0
400,'2_6',701,,95929,1,0,40,0,103,,95930,1,0,40,0,35,,95923,13,0,40,0,66,,95931,1,0,40,0,31,,95932,1,0,40,0,71,,95933,1,0,40,0,30,,95924,13,0,40,0,71,,95934,1,0,40,0,29,,95936,1,0,40,0,71,,95935,1,0,40,0,29,,95925,13,0,40,0,70,,95937,1,0,40,0,31,,95938,1,0,40,0,69,,95939,1,0,40,0,31,,95926,13,0,40,0,71,,95940,1,0,40,0,29,,95941,1,0,40,0,70,,95942,1,0,40,0,32,,95927,13,0,40,0,76,,95943,1,0,40,0,31,,95944,1,0,40,0,72,,95945,1,0,40,0,30,,95928,13,0,40,0,71,,95946,1,0,40,0
400,'3_7',817,,95947,13,0,40,0,125,,95948,13,0,40,0,165,,95949,13,0,40,0,200,,95950,13,0,40,0,126,,95951,13,0,40,0,125,,95952,13,0,40,0,166,,95953,13,0,40,0,125,,95954,13,0,40,0
400,'4_1',656,,95978,1,0,43,0,55,,95986,1,0,40,0,17,,95955,1,0,40,0,14,,95956,1,0,40,0,15,,95980,1,0,40,0,55,,95957,1,0,40,0,13,,95958,1,0,40,0,32,,95959,1,0,40,0,80,,95960,13,0,40,0,70,,95961,1,0,40,0,31,,95962,1,0,40,0,76,,95963,1,0,40,0,35,,95964,1,0,40,0,65,,95984,1,,,0,26,,95981,13,0,40,0,68,,95965,1,0,40,0,26,,95966,1,0,40,0,70,,95969,13,0,40,0,34,,95967,1,0,40,0,70,,95970,13,0,40,0,34,,95968,1,0,40,0,66,,95987,1,0,40,0,25,,95971,13,0,40,0,22,,95972,1,0,40,0,55,,95988,1,,,0,15,,95974,1,0,40,0,27,,95973,13,0,40,0,61,,95985,1,,,0,37,,95975,1,0,40,0,66,,95976,13,0,40,0
400,'4_2',656,,96012,1,0,43,0,55,,96020,1,0,40,0,17,,95989,1,0,40,0,14,,95990,1,0,40,0,15,,96014,1,0,40,0,55,,95991,1,0,40,0,13,,95992,1,0,40,0,32,,95993,1,0,40,0,80,,95994,13,0,40,0,70,,95995,1,0,40,0,31,,95996,1,0,40,0,76,,95997,1,0,40,0,35,,95998,1,0,40,0,65,,96018,1,,,0,26,,96015,13,0,40,0,68,,95999,1,0,40,0,26,,96000,1,0,40,0,70,,96003,13,0,40,0,34,,96001,1,0,40,0,70,,96004,13,0,40,0,34,,96002,1,0,40,0,66,,96021,1,0,40,0,25,,96005,13,0,40,0,22,,96006,1,0,40,0,55,,96022,1,,,0,15,,96008,1,0,40,0,27,,96007,13,0,40,0,61,,96019,1,,,0,37,,96009,1,0,40,0,66,,96010,13,0,40,0
400,'4_4',656,,96046,1,0,43,0,55,,96054,1,0,40,0,17,,96023,1,0,40,0,14,,96024,1,0,40,0,15,,96048,1,0,40,0,55,,96025,1,0,40,0,13,,96026,1,0,40,0,32,,96027,1,0,40,0,80,,96028,13,0,40,0,70,,96029,1,0,40,0,31,,96030,1,0,40,0,76,,96031,1,0,40,0,35,,96032,1,0,40,0,65,,96052,1,,,0,26,,96049,13,0,40,0,68,,96033,1,0,40,0,26,,96034,1,0,40,0,70,,96037,13,0,40,0,34,,96035,1,0,40,0,70,,96038,13,0,40,0,34,,96036,1,0,40,0,66,,96055,1,0,40,0,25,,96039,13,0,40,0,22,,96040,1,0,40,0,55,,96056,1,,,0,15,,96042,1,0,40,0,27,,96041,13,0,40,0,61,,96053,1,,,0,37,,96043,1,0,40,0,66,,96044,13,0,40,0
400,'4_5',656,,96080,1,0,43,0,55,,96088,1,0,40,0,17,,96057,1,0,40,0,14,,96058,1,0,40,0,15,,96082,1,0,40,0,55,,96059,1,0,40,0,13,,96060,1,0,40,0,32,,96061,1,0,40,0,80,,96062,13,0,40,0,70,,96063,1,0,40,0,31,,96064,1,0,40,0,76,,96065,1,0,40,0,35,,96066,1,0,40,0,65,,96086,1,,,0,26,,96083,13,0,40,0,68,,96067,1,0,40,0,26,,96068,1,0,40,0,70,,96071,13,0,40,0,34,,96069,1,0,40,0,70,,96072,13,0,40,0,34,,96070,1,0,40,0,66,,96089,1,0,40,0,25,,96073,13,0,40,0,22,,96074,1,0,40,0,55,,96090,1,,,0,15,,96076,1,0,40,0,27,,96075,13,0,40,0,61,,96087,1,,,0,37,,96077,1,0,40,0,66,,96078,13,0,40,0
400,'5_7',817,,96091,13,0,40,0,125,,96092,13,0,40,0,165,,96093,13,0,40,0,200,,96094,13,0,40,0,126,,96095,13,0,40,0,125,,96096,13,0,40,0,166,,96097,13,0,40,0,125,,96098,13,0,40,0
2901200,'0_4',654,,102597,11,,,0,102,,102596,11,,,0
2901200,'0_5',654,,102599,11,,,0,102,,102598,11,,,0
2901200,'1_3',654,,102601,11,,,0,102,,102600,11,,,0
2901200,'4_1',654,,102603,11,,,0,102,,102602,11,,,0
2901200,'4_2',654,,102605,11,,,0,102,,102604,11,,,0
2901200,'4_4',654,,102607,11,,,0,102,,102606,11,,,0
2901200,'4_5',654,,102609,11,,,0,102,,102608,11,,,0
