701,'S2-0_2',658,,86977,1,,,0,153,,86978,1,,,0,109,,86979,1,,,0,110,,86980,1,,,0,111,,86981,1,,,0,110,,86982,1,,,0,108,,86983,1,,,0,148,,86984,1,,,0,110,,86985,1,,,0,110,,86986,1,,,0,114,,86987,1,,,0
701,'S2-0_4',658,,86988,1,,,0,153,,86989,1,,,0,109,,86990,1,,,0,110,,86991,1,,,0,111,,86992,1,,,0,110,,86993,1,,,0,108,,86994,1,,,0,148,,86995,1,,,0,110,,86996,1,,,0,110,,86997,1,,,0,114,,86998,1,,,0
701,'S2-0_5',658,,86999,1,,,0,153,,87000,1,,,0,109,,87001,1,,,0,110,,87002,1,,,0,111,,87003,1,,,0,110,,87004,1,,,0,108,,87005,1,,,0,148,,87006,1,,,0,110,,87007,1,,,0,110,,87008,1,,,0,114,,87009,1,,,0
701,'S2-1_3',658,,87010,1,,,0,153,,87011,1,,,0,109,,87012,1,,,0,110,,87013,1,,,0,111,,87014,1,,,0,110,,87015,1,,,0,108,,87016,1,,,0,148,,87017,1,,,0,110,,87018,1,,,0,110,,87019,1,,,0,114,,87020,1,,,0
701,'S2-2_6',701,,87023,1,,,0,110,,87024,1,,,0,109,,87025,1,,,0,110,,87026,1,,,0,112,,87027,1,,,0,109,,87028,1,,,0,149,,87029,1,,,0,111,,87030,1,,,0,110,,87031,1,,,0,110,,87021,1,,,0,111,,87022,1,,,0
701,'S2-4_1',658,,87032,1,,,0,153,,87033,1,,,0,109,,87034,1,,,0,110,,87035,1,,,0,111,,87036,1,,,0,110,,87037,1,,,0,108,,87038,1,,,0,148,,87039,1,,,0,110,,87040,1,,,0,110,,87041,1,,,0,114,,87042,1,,,0
701,'S2-4_2',658,,87043,1,,,0,153,,87044,1,,,0,109,,87045,1,,,0,110,,87046,1,,,0,111,,87047,1,,,0,110,,87048,1,,,0,108,,87049,1,,,0,148,,87050,1,,,0,110,,87051,1,,,0,110,,87052,1,,,0,114,,87053,1,,,0
701,'S2-4_4',658,,87054,1,,,0,153,,87055,1,,,0,109,,87056,1,,,0,110,,87057,1,,,0,111,,87058,1,,,0,110,,87059,1,,,0,108,,87060,1,,,0,148,,87061,1,,,0,110,,87062,1,,,0,110,,87063,1,,,0,114,,87064,1,,,0
2401,'S2-0_2',722,,88717,5,0,18 19,0
2401,'S2-0_4',722,,88720,5,0,18 19,0
2401,'S2-0_5',722,,88723,5,0,18 19,0
2401,'S2-1_3',722,,88726,5,0,18 19,0
2401,'S2-4_1',722,,88727,5,0,18 19,0
2401,'S2-4_2',722,,88730,5,0,18 19,0
2401,'S2-4_4',722,,88733,5,0,18 19,0
900500,'S2-4_4',2127,,89664,13,,,0,90,,89665,13,,,0,90,,89666,13,,,0,50,,89667,13,,,0,88,,89668,13,,,0
