700,'0_6',725,,66037,16,,,0,110,,66038,16,,,0,110,,66039,16,,,0,110,,66040,16,,,0,150,,66041,16,,,0,110,,66042,16,,,0,110,,66043,16,,,0,110,,66044,16,,,0,110,,66045,16,,,0,110,,66035,16,,,0,150,,66036,16,,,0
700,'7_1',726,,80677,16,,,0,110,,80679,16,,,0,110,,80680,16,,,0,110,,80681,16,,,0,150,,80682,16,,,0,110,,80683,16,,,0,110,,80684,16,,,0,110,,80685,16,,,0,112,,80686,16,,,0,109,,80687,16,,,0,148,,80678,16,,,0
700,'7_2',726,,82598,16,,,0,110,,82600,16,,,0,110,,82601,16,,,0,110,,82602,16,,,0,150,,82603,16,,,0,110,,82604,16,,,0,110,,82605,16,,,0,110,,82606,16,,,0,112,,82607,16,,,0,109,,82608,16,,,0,148,,82599,16,,,0
700,'7_3',726,,82609,16,,,0,110,,82611,16,,,0,110,,82612,16,,,0,110,,82613,16,,,0,150,,82614,16,,,0,110,,82615,16,,,0,110,,82616,16,,,0,110,,82617,16,,,0,112,,82618,16,,,0,109,,82619,16,,,0,148,,82610,16,,,0
700,'7_4',726,,79407,16,,,0,110,,79409,16,,,0,110,,79410,16,,,0,110,,79411,16,,,0,150,,79412,16,,,0,110,,79413,16,,,0,110,,79414,16,,,0,110,,79415,16,,,0,112,,79416,16,,,0,109,,79417,16,,,0,148,,79408,16,,,0
700,'7_5',726,,80688,16,,,0,110,,80690,16,,,0,110,,80691,16,,,0,110,,80692,16,,,0,150,,80693,16,,,0,110,,80694,16,,,0,110,,80695,16,,,0,110,,80696,16,,,0,112,,80697,16,,,0,109,,80698,16,,,0,148,,80689,16,,,0
901500,'0_6',843,,68498,5,,,0,60,,68499,5,,,0,20,,68500,5,,,0,20,,68501,5,,,0,60,,68502,5,,,0,20,,68503,5,,,0,20,,68504,5,,,0,60,,68505,5,,,0,20,,68506,5,,,0,20,,68507,5,,,0,60,,68508,5,,,0,20,,68509,5,,,0,20,,68510,5,,,0,60,,68511,5,,,0,20,,68512,5,,,0,20,,68513,5,,,0,60,,68514,5,,,0,20,,68515,5,,,0,20,,68516,5,,,0,80,,68517,5,,,0,20,,68518,5,,,0,60,,68519,5,,,0,20,,68520,5,,,0,20,,68521,5,,,0,60,,68522,5,,,0,20,,68523,5,,,0,20,,68524,5,,,0,60,,68525,5,,,0,20,,68526,5,,,0,20,,68527,5,,,0,60,,68528,5,,,0,20,,68529,5,,,0
901500,'7_1',843,,81148,5,,,0,60,,81149,5,,,0,20,,81150,5,,,0,20,,81151,5,,,0,60,,81152,5,,,0,20,,81153,5,,,0,20,,81154,5,,,0,60,,81155,5,,,0,20,,81156,5,,,0,20,,81157,5,,,0,60,,81158,5,,,0,20,,81159,5,,,0,20,,81160,5,,,0,60,,81161,5,,,0,20,,81162,5,,,0,20,,81163,5,,,0,60,,81164,5,,,0,20,,81165,5,,,0,20,,81166,5,,,0,80,,81167,5,,,0,20,,81168,5,,,0,60,,81169,5,,,0,20,,81170,5,,,0,20,,81171,5,,,0,60,,81172,5,,,0,20,,81173,5,,,0,20,,81174,5,,,0,60,,81175,5,,,0,20,,81176,5,,,0,20,,81177,5,,,0,60,,81178,5,,,0,20,,81179,5,,,0
901500,'7_2',843,,83068,5,,,0,60,,83069,5,,,0,20,,83070,5,,,0,20,,83071,5,,,0,60,,83072,5,,,0,20,,83073,5,,,0,20,,83074,5,,,0,60,,83075,5,,,0,20,,83076,5,,,0,20,,83077,5,,,0,60,,83078,5,,,0,20,,83079,5,,,0,20,,83080,5,,,0,60,,83081,5,,,0,20,,83082,5,,,0,20,,83083,5,,,0,60,,83084,5,,,0,20,,83085,5,,,0,20,,83086,5,,,0,80,,83087,5,,,0,20,,83088,5,,,0,60,,83089,5,,,0,20,,83090,5,,,0,20,,83091,5,,,0,60,,83092,5,,,0,20,,83093,5,,,0,20,,83094,5,,,0,60,,83095,5,,,0,20,,83096,5,,,0,20,,83097,5,,,0,60,,83098,5,,,0,20,,83099,5,,,0
901500,'7_3',843,,83100,5,,,0,60,,83101,5,,,0,20,,83102,5,,,0,20,,83103,5,,,0,60,,83104,5,,,0,20,,83105,5,,,0,20,,83106,5,,,0,60,,83107,5,,,0,20,,83108,5,,,0,20,,83109,5,,,0,60,,83110,5,,,0,20,,83111,5,,,0,20,,83112,5,,,0,60,,83113,5,,,0,20,,83114,5,,,0,20,,83115,5,,,0,60,,83116,5,,,0,20,,83117,5,,,0,20,,83118,5,,,0,80,,83119,5,,,0,20,,83120,5,,,0,60,,83121,5,,,0,20,,83122,5,,,0,20,,83123,5,,,0,60,,83124,5,,,0,20,,83125,5,,,0,20,,83126,5,,,0,60,,83127,5,,,0,20,,83128,5,,,0,20,,83129,5,,,0,60,,83130,5,,,0,20,,83131,5,,,0
901500,'7_4',843,,79642,5,,,0,60,,79643,5,,,0,20,,79644,5,,,0,20,,79645,5,,,0,60,,79646,5,,,0,20,,79647,5,,,0,20,,79648,5,,,0,60,,79649,5,,,0,20,,79650,5,,,0,20,,79651,5,,,0,60,,79652,5,,,0,20,,79653,5,,,0,20,,79654,5,,,0,60,,79655,5,,,0,20,,79656,5,,,0,20,,79657,5,,,0,60,,79658,5,,,0,20,,79659,5,,,0,20,,79660,5,,,0,80,,79661,5,,,0,20,,79662,5,,,0,60,,79663,5,,,0,20,,79664,5,,,0,20,,79665,5,,,0,60,,79666,5,,,0,20,,79667,5,,,0,20,,79668,5,,,0,60,,79669,5,,,0,20,,79670,5,,,0,20,,79671,5,,,0,60,,79672,5,,,0,20,,79673,5,,,0
901500,'7_5',843,,81180,5,,,0,60,,81181,5,,,0,20,,81182,5,,,0,20,,81183,5,,,0,60,,81184,5,,,0,20,,81185,5,,,0,20,,81186,5,,,0,60,,81187,5,,,0,20,,81188,5,,,0,20,,81189,5,,,0,60,,81190,5,,,0,20,,81191,5,,,0,20,,81192,5,,,0,60,,81193,5,,,0,20,,81194,5,,,0,20,,81195,5,,,0,60,,81196,5,,,0,20,,81197,5,,,0,20,,81198,5,,,0,80,,81199,5,,,0,20,,81200,5,,,0,60,,81201,5,,,0,20,,81202,5,,,0,20,,81203,5,,,0,60,,81204,5,,,0,20,,81205,5,,,0,20,,81206,5,,,0,60,,81207,5,,,0,20,,81208,5,,,0,20,,81209,5,,,0,60,,81210,5,,,0,20,,81211,5,,,0
