401,'S2-0_2',700,,86172,14,0,52,0,14,,86142,18,0,41,0,8,,86159,18,0,41,0,20,,86143,18,0,41,0,12,,86166,18,,,0,69,,86144,18,0,41,0,11,,86145,18,0,41,0,81,,86146,18,0,41,0,33,,86147,18,0,41,0,73,,86148,18,0,41,0,35,,86168,18,,,0,70,,86149,18,0,41,0,28,,86150,18,0,41,0,57,,86167,18,,,0,34,,86163,21,0,41,0,71,,86169,18,,,0,33,,86141,21,0,41,0,77,,86151,18,0,41,0,28,,86170,18,,,0,72,,86152,18,0,41,0,24,,86153,18,0,41,0,54,,86154,18,0,41,0,17,,86164,21,0,41,0,17,,86160,18,0,41,0,16,,86155,18,0,41,0,50,,86161,18,0,41,0,17,,86165,21,,,0,33,,86156,18,0,41,0,61,,86162,18,0,41,0,43,,86157,18,0,41,0,60,,86171,18,,,0
401,'S2-0_4',700,,86204,14,0,52,0,14,,86174,18,0,41,0,8,,86191,18,0,41,0,20,,86175,18,0,41,0,12,,86198,18,,,0,69,,86176,18,0,41,0,11,,86177,18,0,41,0,81,,86178,18,0,41,0,33,,86179,18,0,41,0,73,,86180,18,0,41,0,35,,86200,18,,,0,70,,86181,18,0,41,0,28,,86182,18,0,41,0,57,,86199,18,,,0,34,,86195,21,0,41,0,71,,86201,18,,,0,33,,86173,21,0,41,0,77,,86183,18,0,41,0,28,,86202,18,,,0,72,,86184,18,0,41,0,24,,86185,18,0,41,0,54,,86186,18,0,41,0,17,,86196,21,0,41,0,17,,86192,18,0,41,0,16,,86187,18,0,41,0,50,,86193,18,0,41,0,17,,86197,21,,,0,33,,86188,18,0,41,0,61,,86194,18,0,41,0,43,,86189,18,0,41,0,60,,86203,18,,,0
401,'S2-0_5',700,,86236,14,0,52,0,14,,86206,18,0,41,0,8,,86223,18,0,41,0,20,,86207,18,0,41,0,12,,86230,18,,,0,69,,86208,18,0,41,0,11,,86209,18,0,41,0,81,,86210,18,0,41,0,33,,86211,18,0,41,0,73,,86212,18,0,41,0,35,,86232,18,,,0,70,,86213,18,0,41,0,28,,86214,18,0,41,0,57,,86231,18,,,0,34,,86227,21,0,41,0,71,,86233,18,,,0,33,,86205,21,0,41,0,77,,86215,18,0,41,0,28,,86234,18,,,0,72,,86216,18,0,41,0,24,,86217,18,0,41,0,54,,86218,18,0,41,0,17,,86228,21,0,41,0,17,,86224,18,0,41,0,16,,86219,18,0,41,0,50,,86225,18,0,41,0,17,,86229,21,,,0,33,,86220,18,0,41,0,61,,86226,18,0,41,0,43,,86221,18,0,41,0,60,,86235,18,,,0
401,'S2-1_3',700,,86268,14,0,52,0,14,,86238,18,0,41,0,8,,86255,18,0,41,0,20,,86239,18,0,41,0,12,,86262,18,,,0,69,,86240,18,0,41,0,11,,86241,18,0,41,0,81,,86242,18,0,41,0,33,,86243,18,0,41,0,73,,86244,18,0,41,0,35,,86264,18,,,0,70,,86245,18,0,41,0,28,,86246,18,0,41,0,57,,86263,18,,,0,34,,86259,21,0,41,0,71,,86265,18,,,0,33,,86237,21,0,41,0,77,,86247,18,0,41,0,28,,86266,18,,,0,72,,86248,18,0,41,0,24,,86249,18,0,41,0,54,,86250,18,0,41,0,17,,86260,21,0,41,0,17,,86256,18,0,41,0,16,,86251,18,0,41,0,50,,86257,18,0,41,0,17,,86261,21,,,0,33,,86252,18,0,41,0,61,,86258,18,0,41,0,43,,86253,18,0,41,0,60,,86267,18,,,0
401,'S2-2_6',702,,86269,18,,,0,116,,86276,18,0,41,0,33,,86270,18,,,0,69,,86277,18,0,41,0,32,,86278,18,0,41,0,67,,86279,18,0,41,0,32,,86271,18,,,0,69,,86280,18,0,41,0,31,,86281,18,0,41,0,71,,86282,18,0,41,0,30,,86272,18,,,0,69,,86283,18,0,41,0,29,,86284,18,0,41,0,71,,86285,18,0,41,0,31,,86273,18,,,0,68,,86286,18,0,41,0,32,,86287,18,0,41,0,73,,86288,18,0,41,0,31,,86274,18,,,0,71,,86289,18,0,41,0,73,,86290,18,0,41,0,32,,86291,18,0,41,0,71,,86292,18,0,41,0,30,,86275,18,,,0
401,'S2-3_7',938,,86293,18,,,0,165,,86294,18,,,0,125,,86295,18,,,0,201,,86296,18,,,0,125,,86297,18,,,0,165,,86298,18,,,0,125,,86299,18,,,0
401,'S2-4_1',700,,86331,14,0,52,0,14,,86301,18,0,41,0,8,,86318,18,0,41,0,20,,86302,18,0,41,0,12,,86325,18,,,0,69,,86303,18,0,41,0,11,,86304,18,0,41,0,81,,86305,18,0,41,0,33,,86306,18,0,41,0,73,,86307,18,0,41,0,35,,86327,18,,,0,70,,86308,18,0,41,0,28,,86309,18,0,41,0,57,,86326,18,,,0,34,,86322,21,0,41,0,71,,86328,18,,,0,33,,86300,21,0,41,0,77,,86310,18,0,41,0,28,,86329,18,,,0,72,,86311,18,0,41,0,24,,86312,18,0,41,0,54,,86313,18,0,41,0,17,,86323,21,0,41,0,17,,86319,18,0,41,0,16,,86314,18,0,41,0,50,,86320,18,0,41,0,17,,86324,21,,,0,33,,86315,18,0,41,0,61,,86321,18,0,41,0,43,,86316,18,0,41,0,60,,86330,18,,,0
401,'S2-4_2',700,,86363,14,0,52,0,14,,86333,18,0,41,0,8,,86350,18,0,41,0,20,,86334,18,0,41,0,12,,86357,18,,,0,69,,86335,18,0,41,0,11,,86336,18,0,41,0,81,,86337,18,0,41,0,33,,86338,18,0,41,0,73,,86339,18,0,41,0,35,,86359,18,,,0,70,,86340,18,0,41,0,28,,86341,18,0,41,0,57,,86358,18,,,0,34,,86354,21,0,41,0,71,,86360,18,,,0,33,,86332,21,0,41,0,77,,86342,18,0,41,0,28,,86361,18,,,0,72,,86343,18,0,41,0,24,,86344,18,0,41,0,54,,86345,18,0,41,0,17,,86355,21,0,41,0,17,,86351,18,0,41,0,16,,86346,18,0,41,0,50,,86352,18,0,41,0,17,,86356,21,,,0,33,,86347,18,0,41,0,61,,86353,18,0,41,0,43,,86348,18,0,41,0,60,,86362,18,,,0
401,'S2-4_4',700,,86395,14,0,52,0,14,,86365,18,0,41,0,8,,86382,18,0,41,0,20,,86366,18,0,41,0,12,,86389,18,,,0,69,,86367,18,0,41,0,11,,86368,18,0,41,0,81,,86369,18,0,41,0,33,,86370,18,0,41,0,73,,86371,18,0,41,0,35,,86391,18,,,0,70,,86372,18,0,41,0,28,,86373,18,0,41,0,57,,86390,18,,,0,34,,86386,21,0,41,0,71,,86392,18,,,0,33,,86364,21,0,41,0,77,,86374,18,0,41,0,28,,86393,18,,,0,72,,86375,18,0,41,0,24,,86376,18,0,41,0,54,,86377,18,0,41,0,17,,86387,21,0,41,0,17,,86383,18,0,41,0,16,,86378,18,0,41,0,50,,86384,18,0,41,0,17,,86388,21,,,0,33,,86379,18,0,41,0,61,,86385,18,0,41,0,43,,86380,18,0,41,0,60,,86394,18,,,0
2301,'S2-0_2',703,,88672,11,,,0,22,,88671,11,,,0,1,,88670,21,,,0
2301,'S2-0_4',703,,88675,11,,,0,22,,88674,11,,,0,1,,88673,21,,,0
2301,'S2-0_5',703,,88678,11,,,0,22,,88677,11,,,0,1,,88676,21,,,0
2301,'S2-1_3',703,,88681,11,,,0,22,,88680,11,,,0,1,,88679,21,,,0
2301,'S2-4_1',703,,88684,11,,,0,22,,88683,11,,,0,1,,88682,21,,,0
2301,'S2-4_2',703,,88687,11,,,0,22,,88686,11,,,0,1,,88685,21,,,0
2301,'S2-4_4',703,,88690,11,,,0,22,,88689,11,,,0,1,,88688,21,,,0
