100,'0_6',653,,62779,4,0,61 8,0,202,,62780,4,0,61 8,0,99,,62781,4,0,61 8,0,102,,62782,4,0,61 8,0,100,,62783,4,0,61 8,0,100,,62784,4,0,61 8,0,99,,62785,4,0,61 8,0,100,,62786,4,0,61 8,0,101,,62787,4,0,61 8,0,144,,62788,4,0,61 8,0,59,,62789,4,0,61 8,0,141,,62790,4,0,61 8,0
100,'1_7',1006,,62807,4,0,61 8,0,210,,62808,4,0,61 8,0,190,,62809,4,0,61 8,0,209,,62810,4,0,61 8,0,212,,62811,4,0,61 8,0
100,'5_1',723,,73974,4,,,0,98,,73977,4,0,61 8,0,98,,73978,4,0,61 8,0,105,,73982,4,0,61 8,0,103,,73981,4,0,61 8,0,103,,73983,4,0,61 8,0,100,,73986,4,0,61 8,0,99,,73987,4,0,61 8,0,99,,73991,4,0,61 8,0,105,,73989,4,0,61 8,0,101,,73990,4,0,61 8,0,101,,73996,4,0,61 8,0
100,'5_2',723,,74934,4,,,0,98,,74937,4,0,61 8,0,98,,74938,4,0,61 8,0,105,,74942,4,0,61 8,0,103,,74941,4,0,61 8,0,103,,74943,4,0,61 8,0,100,,74946,4,0,61 8,0,99,,74947,4,0,61 8,0,99,,74951,4,0,61 8,0,105,,74949,4,0,61 8,0,101,,74950,4,0,61 8,0,101,,74956,4,0,61 8,0
100,'5_3',723,,74959,4,,,0,98,,74962,4,0,61 8,0,98,,74963,4,0,61 8,0,105,,74967,4,0,61 8,0,103,,74966,4,0,61 8,0,103,,74968,4,0,61 8,0,100,,74971,4,0,61 8,0,99,,74972,4,0,61 8,0,99,,74976,4,0,61 8,0,105,,74974,4,0,61 8,0,101,,74975,4,0,61 8,0,101,,74981,4,0,61 8,0
100,'7_1',723,,80073,4,,,0,98,,80076,4,0,61 8,0,98,,80077,4,0,61 8,0,105,,80081,4,0,61 8,0,103,,80080,4,0,61 8,0,103,,80082,4,0,61 8,0,100,,80085,4,0,61 8,0,99,,80086,4,0,61 8,0,99,,80090,4,0,61 8,0,105,,80088,4,0,61 8,0,101,,80089,4,0,61 8,0,101,,80095,4,0,61 8,0
100,'7_2',723,,82009,4,,,0,98,,82012,4,0,61 8,0,98,,82013,4,0,61 8,0,105,,82017,4,0,61 8,0,103,,82016,4,0,61 8,0,103,,82018,4,0,61 8,0,100,,82021,4,0,61 8,0,99,,82022,4,0,61 8,0,99,,82026,4,0,61 8,0,105,,82024,4,0,61 8,0,101,,82025,4,0,61 8,0,101,,82031,4,0,61 8,0
100,'7_3',723,,82034,4,,,0,98,,82037,4,0,61 8,0,98,,82038,4,0,61 8,0,105,,82042,4,0,61 8,0,103,,82041,4,0,61 8,0,103,,82043,4,0,61 8,0,100,,82046,4,0,61 8,0,99,,82047,4,0,61 8,0,99,,82051,4,0,61 8,0,105,,82049,4,0,61 8,0,101,,82050,4,0,61 8,0,101,,82056,4,0,61 8,0
100,'7_4',723,,79113,4,,,0,98,,79116,4,0,61 8,0,98,,79117,4,0,61 8,0,105,,79121,4,0,61 8,0,103,,79120,4,0,61 8,0,103,,79122,4,0,61 8,0,100,,79125,4,0,61 8,0,99,,79126,4,0,61 8,0,99,,79130,4,0,61 8,0,105,,79128,4,0,61 8,0,101,,79129,4,0,61 8,0,101,,79135,4,0,61 8,0
100,'7_5',723,,80098,4,,,0,98,,80101,4,0,61 8,0,98,,80102,4,0,61 8,0,105,,80106,4,0,61 8,0,103,,80105,4,0,61 8,0,103,,80107,4,0,61 8,0,100,,80110,4,0,61 8,0,99,,80111,4,0,61 8,0,99,,80115,4,0,61 8,0,105,,80113,4,0,61 8,0,101,,80114,4,0,61 8,0,101,,80120,4,0,61 8,0
2200,'0_6',1021,,67568,11,,,0,120,,67569,11,,,0,171,,67570,11,,,0,216,,67571,11,,,0,183,,67572,11,,,0,127,,67573,11,,,0,165,,67574,11,,,0
2200,'1_7',1351,,67575,11,,,0,160,,67576,11,,,0,120,,67577,11,,,0,120,,67578,11,,,0,159,,67579,11,,,0
2200,'5_1',1021,,74419,11,,,0,120,,74420,11,,,0,171,,74421,11,,,0,216,,74422,11,,,0,183,,74423,11,,,0,127,,74424,11,,,0,165,,74425,11,,,0
2200,'5_2',1021,,76271,11,,,0,120,,76272,11,,,0,171,,76273,11,,,0,216,,76274,11,,,0,183,,76275,11,,,0,127,,76276,11,,,0,165,,76277,11,,,0
2200,'5_3',1021,,76278,11,,,0,120,,76279,11,,,0,171,,76280,11,,,0,216,,76281,11,,,0,183,,76282,11,,,0,127,,76283,11,,,0,165,,76284,11,,,0
2200,'7_1',1021,,80980,11,,,0,120,,80981,11,,,0,171,,80982,11,,,0,216,,80983,11,,,0,183,,80984,11,,,0,127,,80985,11,,,0,165,,80986,11,,,0
2200,'7_2',1021,,82900,11,,,0,120,,82901,11,,,0,171,,82902,11,,,0,216,,82903,11,,,0,183,,82904,11,,,0,127,,82905,11,,,0,165,,82906,11,,,0
2200,'7_3',1021,,82907,11,,,0,120,,82908,11,,,0,171,,82909,11,,,0,216,,82910,11,,,0,183,,82911,11,,,0,127,,82912,11,,,0,165,,82913,11,,,0
2200,'7_4',1021,,79558,11,,,0,120,,79559,11,,,0,171,,79560,11,,,0,216,,79561,11,,,0,183,,79562,11,,,0,127,,79563,11,,,0,165,,79564,11,,,0
2200,'7_5',1021,,80987,11,,,0,120,,80988,11,,,0,171,,80989,11,,,0,216,,80990,11,,,0,183,,80991,11,,,0,127,,80992,11,,,0,165,,80993,11,,,0
