1501,'S2-0_2',703,,87898,15,,,0,18,,87899,15,,,0,95,,87900,15,,,0,21,,87901,15,,,0,118,,87902,15,,,0,156,,87903,15,,,0,118,,87904,15,,,0,94,,87905,15,,,0,118,,87906,15,,,0,99,,87897,3,,,0,163,,87907,15,,,0,110,,87908,15,,,0,95,,87909,15,,,0
1501,'S2-0_4',703,,87911,15,,,0,18,,87912,15,,,0,95,,87913,15,,,0,21,,87914,15,,,0,118,,87915,15,,,0,156,,87916,15,,,0,118,,87917,15,,,0,94,,87918,15,,,0,118,,87919,15,,,0,99,,87910,3,,,0,163,,87920,15,,,0,110,,87921,15,,,0,95,,87922,15,,,0
1501,'S2-0_5',703,,87924,15,,,0,18,,87925,15,,,0,95,,87926,15,,,0,21,,87927,15,,,0,118,,87928,15,,,0,156,,87929,15,,,0,118,,87930,15,,,0,94,,87931,15,,,0,118,,87932,15,,,0,99,,87923,3,,,0,163,,87933,15,,,0,110,,87934,15,,,0,95,,87935,15,,,0
1501,'S2-1_3',703,,87937,15,,,0,18,,87938,15,,,0,95,,87939,15,,,0,21,,87940,15,,,0,118,,87941,15,,,0,156,,87942,15,,,0,118,,87943,15,,,0,94,,87944,15,,,0,118,,87945,15,,,0,99,,87936,3,,,0,163,,87946,15,,,0,110,,87947,15,,,0,95,,87948,15,,,0
1501,'S2-2_6',703,,87950,15,,,0,18,,87951,15,,,0,95,,87952,15,,,0,21,,87953,15,,,0,118,,87954,15,,,0,156,,87955,15,,,0,118,,87956,15,,,0,94,,87957,15,,,0,118,,87958,15,,,0,99,,87949,3,,,0,163,,87959,15,,,0,110,,87960,15,,,0,95,,87961,15,,,0
1501,'S2-4_1',703,,87963,15,,,0,18,,87964,15,,,0,95,,87965,15,,,0,21,,87966,15,,,0,118,,87967,15,,,0,156,,87968,15,,,0,118,,87969,15,,,0,94,,87970,15,,,0,118,,87971,15,,,0,99,,87962,3,,,0,163,,87972,15,,,0,110,,87973,15,,,0,95,,87974,15,,,0
1501,'S2-4_2',703,,87976,15,,,0,18,,87977,15,,,0,95,,87978,15,,,0,21,,87979,15,,,0,118,,87980,15,,,0,156,,87981,15,,,0,118,,87982,15,,,0,94,,87983,15,,,0,118,,87984,15,,,0,99,,87975,3,,,0,163,,87985,15,,,0,110,,87986,15,,,0,95,,87987,15,,,0
1501,'S2-4_4',703,,87989,15,,,0,18,,87990,15,,,0,95,,87991,15,,,0,21,,87992,15,,,0,118,,87993,15,,,0,156,,87994,15,,,0,118,,87995,15,,,0,94,,87996,15,,,0,118,,87997,15,,,0,99,,87988,3,,,0,163,,87998,15,,,0,110,,87999,15,,,0,95,,88000,15,,,0
2001,'S2-0_2',707,,88491,11,,,0,121,,88492,11,,,0,79,,88493,11,,,0,851,,88494,11,,,0
2001,'S2-0_4',707,,88495,11,,,0,121,,88496,11,,,0,79,,88497,11,,,0,851,,88498,11,,,0
2001,'S2-0_5',707,,88499,11,,,0,121,,88500,11,,,0,79,,88501,11,,,0,851,,88502,11,,,0
2001,'S2-1_3',707,,88503,11,,,0,121,,88504,11,,,0,79,,88505,11,,,0,446,,88507,11,,,0,405,,88506,11,,,0
2001,'S2-4_1',707,,88508,11,,,0,121,,88509,11,,,0,79,,88510,11,,,0,851,,88511,11,,,0
2001,'S2-4_2',707,,88512,11,,,0,121,,88513,11,,,0,79,,88514,11,,,0,851,,88515,11,,,0
2001,'S2-4_4',707,,88516,11,,,0,121,,88517,11,,,0,79,,88518,11,,,0,851,,88519,11,,,0
4000000,'S2-0_2',650,,93406,15,0,45,0,58,,93362,15,0,46,0,28,,93384,15,0,45,0,68,,93363,15,0,46,0,15,,93385,15,0,45,0,19,,93364,15,0,46,0,62,,93386,15,0,45,0,21,,93365,15,0,46,0,16,,93387,15,0,45,0,20,,93366,15,0,46,0,59,,93388,15,0,45,0,19,,93367,15,0,46,0,20,,93389,15,0,45,0,61,,93368,15,0,46,0,20,,93390,15,0,45,0,19,,93369,15,0,46,0,65,,93391,15,0,45,0,18,,93370,15,0,46,0,18,,93392,15,0,45,0,58,,93371,15,0,46,0,20,,93393,15,0,45,0,23,,93372,15,0,46,0,61,,93394,15,0,45,0,20,,93373,15,0,46,0,19,,93395,15,0,45,0,61,,93374,15,0,46,0,22,,93396,15,0,45,0,18,,93375,15,0,46,0,62,,93397,15,0,45,0,22,,93376,15,0,46,0,62,,93398,15,0,45,0,30,,93377,15,0,46,0,18,,93399,15,0,45,0,58,,93378,15,0,46,0,16,,93400,15,0,45,0,17,,93379,15,0,46,0,15,,93401,15,0,45,0,55,,93380,15,0,46,0,19,,93402,15,0,45,0,19,,93381,15,0,46,0,60,,93403,15,0,45,0,19,,93382,15,0,46,0
4000000,'S2-0_4',650,,93451,15,0,45,0,58,,93407,15,0,46,0,28,,93429,15,0,45,0,68,,93408,15,0,46,0,15,,93430,15,0,45,0,19,,93409,15,0,46,0,62,,93431,15,0,45,0,21,,93410,15,0,46,0,16,,93432,15,0,45,0,20,,93411,15,0,46,0,59,,93433,15,0,45,0,19,,93412,15,0,46,0,20,,93434,15,0,45,0,61,,93413,15,0,46,0,20,,93435,15,0,45,0,19,,93414,15,0,46,0,65,,93436,15,0,45,0,18,,93415,15,0,46,0,18,,93437,15,0,45,0,58,,93416,15,0,46,0,20,,93438,15,0,45,0,23,,93417,15,0,46,0,61,,93439,15,0,45,0,20,,93418,15,0,46,0,19,,93440,15,0,45,0,61,,93419,15,0,46,0,22,,93441,15,0,45,0,18,,93420,15,0,46,0,62,,93442,15,0,45,0,22,,93421,15,0,46,0,62,,93443,15,0,45,0,30,,93422,15,0,46,0,18,,93444,15,0,45,0,58,,93423,15,0,46,0,16,,93445,15,0,45,0,17,,93424,15,0,46,0,15,,93446,15,0,45,0,55,,93425,15,0,46,0,19,,93447,15,0,45,0,19,,93426,15,0,46,0,60,,93448,15,0,45,0,19,,93427,15,0,46,0
4000000,'S2-0_5',650,,93496,15,0,45,0,58,,93452,15,0,46,0,28,,93474,15,0,45,0,68,,93453,15,0,46,0,15,,93475,15,0,45,0,19,,93454,15,0,46,0,62,,93476,15,0,45,0,21,,93455,15,0,46,0,16,,93477,15,0,45,0,20,,93456,15,0,46,0,59,,93478,15,0,45,0,19,,93457,15,0,46,0,20,,93479,15,0,45,0,61,,93458,15,0,46,0,20,,93480,15,0,45,0,19,,93459,15,0,46,0,65,,93481,15,0,45,0,18,,93460,15,0,46,0,18,,93482,15,0,45,0,58,,93461,15,0,46,0,20,,93483,15,0,45,0,23,,93462,15,0,46,0,61,,93484,15,0,45,0,20,,93463,15,0,46,0,19,,93485,15,0,45,0,61,,93464,15,0,46,0,22,,93486,15,0,45,0,18,,93465,15,0,46,0,62,,93487,15,0,45,0,22,,93466,15,0,46,0,62,,93488,15,0,45,0,30,,93467,15,0,46,0,18,,93489,15,0,45,0,58,,93468,15,0,46,0,16,,93490,15,0,45,0,17,,93469,15,0,46,0,15,,93491,15,0,45,0,55,,93470,15,0,46,0,19,,93492,15,0,45,0,19,,93471,15,0,46,0,60,,93493,15,0,45,0,19,,93472,15,0,46,0
4000000,'S2-1_3',650,,93541,15,0,45,0,58,,93497,15,0,46,0,28,,93519,15,0,45,0,68,,93498,15,0,46,0,15,,93520,15,0,45,0,19,,93499,15,0,46,0,62,,93521,15,0,45,0,21,,93500,15,0,46,0,16,,93522,15,0,45,0,20,,93501,15,0,46,0,59,,93523,15,0,45,0,19,,93502,15,0,46,0,20,,93524,15,0,45,0,61,,93503,15,0,46,0,20,,93525,15,0,45,0,19,,93504,15,0,46,0,65,,93526,15,0,45,0,18,,93505,15,0,46,0,18,,93527,15,0,45,0,58,,93506,15,0,46,0,20,,93528,15,0,45,0,23,,93507,15,0,46,0,61,,93529,15,0,45,0,20,,93508,15,0,46,0,19,,93530,15,0,45,0,61,,93509,15,0,46,0,22,,93531,15,0,45,0,18,,93510,15,0,46,0,62,,93532,15,0,45,0,22,,93511,15,0,46,0,62,,93533,15,0,45,0,30,,93512,15,0,46,0,18,,93534,15,0,45,0,58,,93513,15,0,46,0,16,,93535,15,0,45,0,17,,93514,15,0,46,0,15,,93536,15,0,45,0,55,,93515,15,0,46,0,19,,93537,15,0,45,0,19,,93516,15,0,46,0,60,,93538,15,0,45,0,19,,93517,15,0,46,0
4000000,'S2-2_6',650,,93586,15,0,46,0,58,,93542,15,0,45,0,23,,93564,15,0,46,0,20,,93543,15,0,45,0,60,,93565,15,0,46,0,21,,93544,15,0,45,0,20,,93566,15,0,46,0,60,,93545,15,0,45,0,21,,93567,15,0,46,0,22,,93546,15,0,45,0,59,,93568,15,0,46,0,21,,93547,15,0,45,0,22,,93569,15,0,46,0,61,,93548,15,0,45,0,21,,93570,15,0,46,0,61,,93549,15,0,45,0,22,,93571,15,0,46,0,20,,93550,15,0,45,0,59,,93572,15,0,45,0,21,,93551,15,0,46,0,21,,93573,15,0,45,0,58,,93552,15,0,46,0,19,,93574,15,0,45,0,18,,93553,15,0,46,0,19,,93575,15,0,45,0,60,,93554,15,0,46,0,20,,93576,15,0,45,0,20,,93555,15,0,46,0,60,,93577,15,0,45,0,22,,93556,15,0,46,0,61,,93578,15,0,45,0,21,,93557,15,0,46,0,19,,93579,15,0,45,0,60,,93558,15,0,46,0,18,,93580,15,0,45,0,19,,93559,15,0,46,0,18,,93581,15,0,45,0,58,,93560,15,0,46,0,20,,93582,15,0,45,0,19,,93561,15,0,46,0,60,,93583,15,0,45,0,19,,93562,15,0,46,0
4000000,'S2-3_7',838,,93587,15,0,46,0,110,,93592,15,0,45,0,110,,93588,15,0,46,0,150,,93593,15,0,45,0,110,,93589,15,0,46,0,110,,93594,15,0,45,0,110,,93590,15,0,46,0,110,,93595,15,0,45,0,110,,93591,15,0,46,0,150,,93596,15,0,45,0
4000000,'S2-4_1',650,,93642,15,0,45,0,58,,93598,15,0,46,0,28,,93620,15,0,45,0,68,,93599,15,0,46,0,15,,93621,15,0,45,0,19,,93600,15,0,46,0,62,,93622,15,0,45,0,21,,93601,15,0,46,0,16,,93623,15,0,45,0,20,,93602,15,0,46,0,59,,93624,15,0,45,0,19,,93603,15,0,46,0,20,,93625,15,0,45,0,61,,93604,15,0,46,0,20,,93626,15,0,45,0,19,,93605,15,0,46,0,65,,93627,15,0,45,0,18,,93606,15,0,46,0,18,,93628,15,0,45,0,58,,93607,15,0,46,0,20,,93629,15,0,45,0,23,,93608,15,0,46,0,61,,93630,15,0,45,0,20,,93609,15,0,46,0,19,,93631,15,0,45,0,61,,93610,15,0,46,0,22,,93632,15,0,45,0,18,,93611,15,0,46,0,62,,93633,15,0,45,0,22,,93612,15,0,46,0,62,,93634,15,0,45,0,30,,93613,15,0,46,0,18,,93635,15,0,45,0,58,,93614,15,0,46,0,16,,93636,15,0,45,0,17,,93615,15,0,46,0,15,,93637,15,0,45,0,55,,93616,15,0,46,0,19,,93638,15,0,45,0,19,,93617,15,0,46,0,60,,93639,15,0,45,0,19,,93618,15,0,46,0
4000000,'S2-4_2',650,,93687,15,0,45,0,58,,93643,15,0,46,0,28,,93665,15,0,45,0,68,,93644,15,0,46,0,15,,93666,15,0,45,0,19,,93645,15,0,46,0,62,,93667,15,0,45,0,21,,93646,15,0,46,0,16,,93668,15,0,45,0,20,,93647,15,0,46,0,59,,93669,15,0,45,0,19,,93648,15,0,46,0,20,,93670,15,0,45,0,61,,93649,15,0,46,0,20,,93671,15,0,45,0,19,,93650,15,0,46,0,65,,93672,15,0,45,0,18,,93651,15,0,46,0,18,,93673,15,0,45,0,58,,93652,15,0,46,0,20,,93674,15,0,45,0,23,,93653,15,0,46,0,61,,93675,15,0,45,0,20,,93654,15,0,46,0,19,,93676,15,0,45,0,61,,93655,15,0,46,0,22,,93677,15,0,45,0,18,,93656,15,0,46,0,62,,93678,15,0,45,0,22,,93657,15,0,46,0,62,,93679,15,0,45,0,30,,93658,15,0,46,0,18,,93680,15,0,45,0,58,,93659,15,0,46,0,16,,93681,15,0,45,0,17,,93660,15,0,46,0,15,,93682,15,0,45,0,55,,93661,15,0,46,0,19,,93683,15,0,45,0,19,,93662,15,0,46,0,60,,93684,15,0,45,0,19,,93663,15,0,46,0
4000000,'S2-4_4',650,,93732,15,0,45,0,58,,93688,15,0,46,0,28,,93710,15,0,45,0,68,,93689,15,0,46,0,15,,93711,15,0,45,0,19,,93690,15,0,46,0,62,,93712,15,0,45,0,21,,93691,15,0,46,0,16,,93713,15,0,45,0,20,,93692,15,0,46,0,59,,93714,15,0,45,0,19,,93693,15,0,46,0,20,,93715,15,0,45,0,61,,93694,15,0,46,0,20,,93716,15,0,45,0,19,,93695,15,0,46,0,65,,93717,15,0,45,0,18,,93696,15,0,46,0,18,,93718,15,0,45,0,58,,93697,15,0,46,0,20,,93719,15,0,45,0,23,,93698,15,0,46,0,61,,93720,15,0,45,0,20,,93699,15,0,46,0,19,,93721,15,0,45,0,61,,93700,15,0,46,0,22,,93722,15,0,45,0,18,,93701,15,0,46,0,62,,93723,15,0,45,0,22,,93702,15,0,46,0,62,,93724,15,0,45,0,30,,93703,15,0,46,0,18,,93725,15,0,45,0,58,,93704,15,0,46,0,16,,93726,15,0,45,0,17,,93705,15,0,46,0,15,,93727,15,0,45,0,55,,93706,15,0,46,0,19,,93728,15,0,45,0,19,,93707,15,0,46,0,60,,93729,15,0,45,0,19,,93708,15,0,46,0
