101,'0_6',738,,63047,43,0,5,0,118,,63048,43,0,5,0,146,,63049,43,0,5,0,30,,63060,43,0,6,0,69,,63050,43,0,5,0,31,,63061,43,0,6,0,69,,63051,43,0,5,0,29,,63062,43,0,6,0,70,,63052,43,0,5,0,29,,63063,43,0,6,0,71,,63053,43,0,5,0,29,,63064,43,0,6,0,71,,63054,43,0,5,0,30,,63065,43,0,6,0,71,,63055,43,0,5,0,32,,63066,43,0,6,0,72,,63056,43,0,5,0,31,,63067,43,0,6,0,71,,63057,43,0,5,0,29,,63068,43,0,6,0,73,,63058,43,0,5,0,23,,63069,43,0,6,0,25,,63059,43,0,5,0
101,'1_7',944,,63070,43,0,6,0,105,,63075,43,0,5,0,105,,63071,43,0,6,0,105,,63076,43,0,5,0,145,,63072,43,0,6,0,50,,63077,43,0,5,0,100,,63073,43,0,6,0,105,,63078,43,0,5,0,145,,63074,43,0,6,0,105,,63079,43,0,5,0
101,'7_1',738,,80122,49,0,5,0,73,,80123,43,0,5,0,35,,80124,49,0,6,0,70,,80126,43,0,5,0,36,,80125,49,0,6,0,75,,80127,43,0,5,0,31,,80131,43,0,6,0,72,,80128,43,0,5,0,71,,80129,43,0,6,0,29,,80130,43,0,5,0,70,,80132,43,0,6,0,30,,80133,43,0,5,0,70,,80134,43,0,6,0,28,,80136,49,0,5,0,72,,80135,43,0,6,0,31,,80137,49,0,5,0,71,,80139,43,0,6,0,31,,80143,43,0,5,0,73,,80142,43,0,6,0,34,,80140,43,0,5,0,68,,80141,43,0,6,0,29,,80138,49,0,5,0,64,,80144,43,0,6,0,27,,80145,49,0,5,0,24,,80146,43,0,6,0
101,'7_2',738,,82058,49,0,5,0,73,,82059,43,0,5,0,35,,82060,49,0,6,0,70,,82062,43,0,5,0,36,,82061,49,0,6,0,75,,82063,43,0,5,0,31,,82067,43,0,6,0,72,,82064,43,0,5,0,71,,82065,43,0,6,0,29,,82066,43,0,5,0,70,,82068,43,0,6,0,30,,82069,43,0,5,0,70,,82070,43,0,6,0,28,,82072,49,0,5,0,72,,82071,43,0,6,0,31,,82073,49,0,5,0,71,,82075,43,0,6,0,31,,82079,43,0,5,0,73,,82078,43,0,6,0,34,,82076,43,0,5,0,68,,82077,43,0,6,0,29,,82074,49,0,5,0,64,,82080,43,0,6,0,27,,82081,49,0,5,0,24,,82082,43,0,6,0
101,'7_3',738,,82083,49,0,5,0,73,,82084,43,0,5,0,35,,82085,49,0,6,0,70,,82087,43,0,5,0,36,,82086,49,0,6,0,75,,82088,43,0,5,0,31,,82092,43,0,6,0,72,,82089,43,0,5,0,71,,82090,43,0,6,0,29,,82091,43,0,5,0,70,,82093,43,0,6,0,30,,82094,43,0,5,0,70,,82095,43,0,6,0,28,,82097,49,0,5,0,72,,82096,43,0,6,0,31,,82098,49,0,5,0,71,,82100,43,0,6,0,31,,82104,43,0,5,0,73,,82103,43,0,6,0,34,,82101,43,0,5,0,68,,82102,43,0,6,0,29,,82099,49,0,5,0,64,,82105,43,0,6,0,27,,82106,49,0,5,0,24,,82107,43,0,6,0
101,'7_4',738,,79137,49,0,5,0,73,,79138,43,0,5,0,35,,79139,49,0,6,0,70,,79141,43,0,5,0,36,,79140,49,0,6,0,75,,79142,43,0,5,0,31,,79146,43,0,6,0,72,,79143,43,0,5,0,71,,79144,43,0,6,0,29,,79145,43,0,5,0,70,,79147,43,0,6,0,30,,79148,43,0,5,0,70,,79149,43,0,6,0,28,,79151,49,0,5,0,72,,79150,43,0,6,0,31,,79152,49,0,5,0,71,,79154,43,0,6,0,31,,79158,43,0,5,0,73,,79157,43,0,6,0,34,,79155,43,0,5,0,68,,79156,43,0,6,0,29,,79153,49,0,5,0,64,,79159,43,0,6,0,27,,79160,49,0,5,0,24,,79161,43,0,6,0
101,'7_5',738,,80147,49,0,5,0,73,,80148,43,0,5,0,35,,80149,49,0,6,0,70,,80151,43,0,5,0,36,,80150,49,0,6,0,75,,80152,43,0,5,0,31,,80156,43,0,6,0,72,,80153,43,0,5,0,71,,80154,43,0,6,0,29,,80155,43,0,5,0,70,,80157,43,0,6,0,30,,80158,43,0,5,0,70,,80159,43,0,6,0,28,,80161,49,0,5,0,72,,80160,43,0,6,0,31,,80162,49,0,5,0,71,,80164,43,0,6,0,31,,80168,43,0,5,0,73,,80167,43,0,6,0,34,,80165,43,0,5,0,68,,80166,43,0,6,0,29,,80163,49,0,5,0,64,,80169,43,0,6,0,27,,80170,49,0,5,0,24,,80171,43,0,6,0
101,'8_7',944,,83938,43,0,6,0,105,,83943,43,0,5,0,105,,83939,43,0,6,0,105,,83944,43,0,5,0,145,,83940,43,0,6,0,50,,83945,43,0,5,0,100,,83941,43,0,6,0,105,,83946,43,0,5,0,145,,83942,43,0,6,0,105,,83947,43,0,5,0
2201,'0_6',924,,67648,4,,,0,122,,67649,4,,,0,172,,67650,4,,,0,213,,67651,4,,,0,177,,67652,4,,,0,138,,67653,4,,,0,160,,67654,4,,,0
2201,'1_7',1247,,67655,4,,,0,159,,67656,4,,,0,120,,67657,4,,,0,120,,67658,4,,,0,160,,67659,4,,,0
2201,'7_1',924,,80994,4,,,0,122,,80995,4,,,0,172,,80996,4,,,0,213,,80997,4,,,0,177,,80998,4,,,0,138,,80999,4,,,0,160,,81000,4,,,0
2201,'7_2',924,,82914,4,,,0,122,,82915,4,,,0,172,,82916,4,,,0,213,,82917,4,,,0,177,,82918,4,,,0,138,,82919,4,,,0,160,,82920,4,,,0
2201,'7_3',924,,82921,4,,,0,122,,82922,4,,,0,172,,82923,4,,,0,213,,82924,4,,,0,177,,82925,4,,,0,138,,82926,4,,,0,160,,82927,4,,,0
2201,'7_4',924,,79565,4,,,0,122,,79566,4,,,0,172,,79567,4,,,0,213,,79568,4,,,0,177,,79569,4,,,0,138,,79570,4,,,0,160,,79571,4,,,0
2201,'7_5',924,,81001,4,,,0,122,,81002,4,,,0,172,,81003,4,,,0,213,,81004,4,,,0,177,,81005,4,,,0,138,,81006,4,,,0,160,,81007,4,,,0
2201,'8_7',1247,,84072,4,,,0,159,,84073,4,,,0,120,,84074,4,,,0,120,,84075,4,,,0,160,,84076,4,,,0
