1001,'1_3',906,,97623,12,,,0,46,,97624,12,,,0,79,,97628,10,,,0,86,,97625,12,,,0,90,,97629,10,,,0,42,,97630,10,,,0,71,,97631,10,,,0,139,,97632,10,,,0,500,,97627,12,,,0
1001,'2_6',906,,97636,12,,,0,101,,97643,10,,,0,102,,97637,12,,,0,100,,97644,10,,,0,45,,97645,10,,,0,164,,97640,12,,,0,38,,97646,10,,,0,395,,97638,12,,,0,107,,97639,12,,,0
1001,'4_1',906,,97649,12,,,0,46,,97650,12,,,0,79,,97654,10,,,0,86,,97651,12,,,0,90,,97655,10,,,0,42,,97656,10,,,0,71,,97657,10,,,0,139,,97658,10,,,0,500,,97653,12,,,0
1001,'4_2',906,,97663,12,,,0,46,,97664,12,,,0,79,,97668,10,,,0,86,,97665,12,,,0,90,,97669,10,,,0,42,,97670,10,,,0,71,,97671,10,,,0,139,,97672,10,,,0,500,,97667,12,,,0
1001,'4_4',906,,97677,12,,,0,46,,97678,12,,,0,79,,97682,10,,,0,86,,97679,12,,,0,90,,97683,10,,,0,42,,97684,10,,,0,71,,97685,10,,,0,139,,97686,10,,,0,500,,97681,12,,,0
1001,'4_5',906,,97691,12,,,0,46,,97692,12,,,0,79,,97696,10,,,0,86,,97693,12,,,0,90,,97697,10,,,0,42,,97698,10,,,0,71,,97699,10,,,0,139,,97700,10,,,0,500,,97695,12,,,0
1101,'1_3',1641,,97741,6,,,0,112,,97742,6,,,0,103,,97743,6,,,0
1101,'2_6',1626,,97744,6,,,0,119,,97745,6,,,0
1101,'4_1',1641,,97746,6,,,0,112,,97747,6,,,0,103,,97748,6,,,0
1101,'4_2',1641,,97749,6,,,0,112,,97750,6,,,0,103,,97751,6,,,0
1101,'4_4',1641,,97752,6,,,0,112,,97753,6,,,0,103,,97754,6,,,0
1101,'4_5',1641,,97755,6,,,0,112,,97756,6,,,0,103,,97757,6,,,0
1600,'1_3',912,,97987,1,0,25,0,47,,97991,1,,,0,159,,97988,1,0,25,0,127,,97993,1,,,0,62,,97994,1,0,54 55,0,112,,97989,1,,,0,191,,97990,1,0,25,0,92,,97995,1,,,0,137,,97992,1,,,0
1600,'2_6',912,,97997,1,0,25,0,47,,98001,1,,,0,159,,97998,1,0,25,0,127,,98003,1,,,0,62,,98004,1,0,54 55,0,112,,97999,1,,,0,191,,98000,1,0,25,0,92,,98005,1,,,0,137,,98002,1,,,0
1600,'4_1',912,,98007,1,0,25,0,47,,98011,1,,,0,159,,98008,1,0,25,0,127,,98013,1,,,0,62,,98014,1,0,54 55,0,112,,98009,1,,,0,191,,98010,1,0,25,0,92,,98015,1,,,0,137,,98012,1,,,0
1600,'4_2',912,,98017,1,0,25,0,47,,98021,1,,,0,159,,98018,1,0,25,0,127,,98023,1,,,0,62,,98024,1,0,54 55,0,112,,98019,1,,,0,191,,98020,1,0,25,0,92,,98025,1,,,0,137,,98022,1,,,0
1600,'4_4',912,,98027,1,0,25,0,47,,98031,1,,,0,159,,98028,1,0,25,0,127,,98033,1,,,0,62,,98034,1,0,54 55,0,112,,98029,1,,,0,191,,98030,1,0,25,0,92,,98035,1,,,0,137,,98032,1,,,0
1600,'4_5',912,,98037,1,0,25,0,47,,98041,1,,,0,159,,98038,1,0,25,0,127,,98043,1,,,0,62,,98044,1,0,54 55,0,112,,98039,1,,,0,191,,98040,1,0,25,0,92,,98045,1,,,0,137,,98042,1,,,0
