3000001,'0_6',701,,71656,28,,,0,42,,71657,28,,,0,85,,71658,28,,,0,77,,71659,28,,,0,22,,71660,28,,,0,20,,71661,28,,,0,61,,71662,28,,,0,20,,71663,28,,,0,20,,71664,28,,,0,61,,71665,28,,,0,20,,71666,28,,,0,19,,71667,28,,,0,61,,71668,28,,,0,20,,71669,28,,,0,19,,71670,28,,,0,59,,71671,28,,,0,20,,71672,28,,,0,20,,71673,28,,,0,60,,71674,28,,,0,21,,71675,28,,,0,20,,71676,28,,,0,60,,71677,28,,,0,21,,71678,28,,,0,20,,71679,28,,,0,60,,71680,28,,,0,20,,71681,28,,,0,21,,71682,28,,,0,61,,71683,28,,,0,20,,71684,28,,,0,20,,71685,28,,,0,59,,71686,28,,,0,19,,71687,28,,,0,19,,71688,28,,,0,60,,71689,28,,,0,18,,71690,28,,,0,30,,71692,28,,,0,67,,71693,28,,,0,30,,71691,28,,,0,68,,71694,28,,,0
3000001,'1_7',909,,71695,28,,,0,130,,71697,28,,,0,170,,71698,28,,,0,130,,71699,28,,,0,170,,71700,28,,,0,130,,71701,28,,,0,170,,71702,28,,,0,130,,71703,28,,,0,170,,71696,28,,,0
3000001,'5_1',711,,74844,28,,,0,21,,74803,28,,,0,20,,74804,28,,,0,60,,74805,28,,,0,21,,74806,28,,,0,20,,74807,28,,,0,59,,74808,28,,,0,21,,74809,28,,,0,21,,74810,28,,,0,60,,74811,28,,,0,20,,74812,28,,,0,20,,74813,28,,,0,61,,74814,28,,,0,19,,74815,28,,,0,20,,74816,28,,,0,60,,74817,28,,,0,19,,74818,28,,,0,19,,74819,28,,,0,60,,74820,28,,,0,19,,74821,28,,,0,21,,74822,28,,,0,60,,74823,28,,,0,21,,74824,28,,,0,20,,74825,28,,,0,59,,74826,28,,,0,21,,74827,28,,,0,20,,74828,28,,,0,60,,74829,28,,,0,21,,74830,28,,,0,20,,74831,28,,,0,61,,74832,28,,,0,20,,74833,28,,,0,20,,74834,28,,,0,60,,74835,28,,,0,19,,74836,28,,,0,19,,74837,28,,,0,61,,74838,28,,,0,20,,74839,28,,,0,20,,74840,28,,,0,69,,74841,28,,,0,27,,74842,28,,,0,69,,74843,28,,,0
3000001,'5_2',711,,77464,28,,,0,21,,77423,28,,,0,20,,77424,28,,,0,60,,77425,28,,,0,21,,77426,28,,,0,20,,77427,28,,,0,59,,77428,28,,,0,21,,77429,28,,,0,21,,77430,28,,,0,60,,77431,28,,,0,20,,77432,28,,,0,20,,77433,28,,,0,61,,77434,28,,,0,19,,77435,28,,,0,20,,77436,28,,,0,60,,77437,28,,,0,19,,77438,28,,,0,19,,77439,28,,,0,60,,77440,28,,,0,19,,77441,28,,,0,21,,77442,28,,,0,60,,77443,28,,,0,21,,77444,28,,,0,20,,77445,28,,,0,59,,77446,28,,,0,21,,77447,28,,,0,20,,77448,28,,,0,60,,77449,28,,,0,21,,77450,28,,,0,20,,77451,28,,,0,61,,77452,28,,,0,20,,77453,28,,,0,20,,77454,28,,,0,60,,77455,28,,,0,19,,77456,28,,,0,19,,77457,28,,,0,61,,77458,28,,,0,20,,77459,28,,,0,20,,77460,28,,,0,69,,77461,28,,,0,27,,77462,28,,,0,69,,77463,28,,,0
3000001,'5_3',711,,77506,28,,,0,21,,77465,28,,,0,20,,77466,28,,,0,60,,77467,28,,,0,21,,77468,28,,,0,20,,77469,28,,,0,59,,77470,28,,,0,21,,77471,28,,,0,21,,77472,28,,,0,60,,77473,28,,,0,20,,77474,28,,,0,20,,77475,28,,,0,61,,77476,28,,,0,19,,77477,28,,,0,20,,77478,28,,,0,60,,77479,28,,,0,19,,77480,28,,,0,19,,77481,28,,,0,60,,77482,28,,,0,19,,77483,28,,,0,21,,77484,28,,,0,60,,77485,28,,,0,21,,77486,28,,,0,20,,77487,28,,,0,59,,77488,28,,,0,21,,77489,28,,,0,20,,77490,28,,,0,60,,77491,28,,,0,21,,77492,28,,,0,20,,77493,28,,,0,61,,77494,28,,,0,20,,77495,28,,,0,20,,77496,28,,,0,60,,77497,28,,,0,19,,77498,28,,,0,19,,77499,28,,,0,61,,77500,28,,,0,20,,77501,28,,,0,20,,77502,28,,,0,69,,77503,28,,,0,27,,77504,28,,,0,69,,77505,28,,,0
3000001,'5_4',711,,77548,28,,,0,21,,77507,28,,,0,20,,77508,28,,,0,60,,77509,28,,,0,21,,77510,28,,,0,20,,77511,28,,,0,59,,77512,28,,,0,21,,77513,28,,,0,21,,77514,28,,,0,60,,77515,28,,,0,20,,77516,28,,,0,20,,77517,28,,,0,61,,77518,28,,,0,19,,77519,28,,,0,20,,77520,28,,,0,60,,77521,28,,,0,19,,77522,28,,,0,19,,77523,28,,,0,60,,77524,28,,,0,19,,77525,28,,,0,21,,77526,28,,,0,60,,77527,28,,,0,21,,77528,28,,,0,20,,77529,28,,,0,59,,77530,28,,,0,21,,77531,28,,,0,20,,77532,28,,,0,60,,77533,28,,,0,21,,77534,28,,,0,20,,77535,28,,,0,61,,77536,28,,,0,20,,77537,28,,,0,20,,77538,28,,,0,60,,77539,28,,,0,19,,77540,28,,,0,19,,77541,28,,,0,61,,77542,28,,,0,20,,77543,28,,,0,20,,77544,28,,,0,69,,77545,28,,,0,27,,77546,28,,,0,69,,77547,28,,,0
3000001,'5_5',711,,78700,28,,,0,21,,78659,28,,,0,20,,78660,28,,,0,60,,78661,28,,,0,21,,78662,28,,,0,20,,78663,28,,,0,59,,78664,28,,,0,21,,78665,28,,,0,21,,78666,28,,,0,60,,78667,28,,,0,20,,78668,28,,,0,20,,78669,28,,,0,61,,78670,28,,,0,19,,78671,28,,,0,20,,78672,28,,,0,60,,78673,28,,,0,19,,78674,28,,,0,19,,78675,28,,,0,60,,78676,28,,,0,19,,78677,28,,,0,21,,78678,28,,,0,60,,78679,28,,,0,21,,78680,28,,,0,20,,78681,28,,,0,59,,78682,28,,,0,21,,78683,28,,,0,20,,78684,28,,,0,60,,78685,28,,,0,21,,78686,28,,,0,20,,78687,28,,,0,61,,78688,28,,,0,20,,78689,28,,,0,20,,78690,28,,,0,60,,78691,28,,,0,19,,78692,28,,,0,19,,78693,28,,,0,61,,78694,28,,,0,20,,78695,28,,,0,20,,78696,28,,,0,69,,78697,28,,,0,27,,78698,28,,,0,69,,78699,28,,,0
3000001,'6_7',909,,79082,28,,,0,130,,79084,28,,,0,170,,79085,28,,,0,130,,79086,28,,,0,170,,79087,28,,,0,130,,79088,28,,,0,170,,79089,28,,,0,130,,79090,28,,,0,170,,79083,28,,,0
3000001,'7_1',711,,81789,28,,,0,21,,81748,28,,,0,20,,81749,28,,,0,60,,81750,28,,,0,21,,81751,28,,,0,20,,81752,28,,,0,59,,81753,28,,,0,21,,81754,28,,,0,21,,81755,28,,,0,60,,81756,28,,,0,20,,81757,28,,,0,20,,81758,28,,,0,61,,81759,28,,,0,19,,81760,28,,,0,20,,81761,28,,,0,60,,81762,28,,,0,19,,81763,28,,,0,19,,81764,28,,,0,60,,81765,28,,,0,19,,81766,28,,,0,21,,81767,28,,,0,60,,81768,28,,,0,21,,81769,28,,,0,20,,81770,28,,,0,59,,81771,28,,,0,21,,81772,28,,,0,20,,81773,28,,,0,60,,81774,28,,,0,21,,81775,28,,,0,20,,81776,28,,,0,61,,81777,28,,,0,20,,81778,28,,,0,20,,81779,28,,,0,60,,81780,28,,,0,19,,81781,28,,,0,19,,81782,28,,,0,61,,81783,28,,,0,20,,81784,28,,,0,20,,81785,28,,,0,69,,81786,28,,,0,27,,81787,28,,,0,69,,81788,28,,,0
3000001,'7_4',711,,79983,28,,,0,21,,79942,28,,,0,20,,79943,28,,,0,60,,79944,28,,,0,21,,79945,28,,,0,20,,79946,28,,,0,59,,79947,28,,,0,21,,79948,28,,,0,21,,79949,28,,,0,60,,79950,28,,,0,20,,79951,28,,,0,20,,79952,28,,,0,61,,79953,28,,,0,19,,79954,28,,,0,20,,79955,28,,,0,60,,79956,28,,,0,19,,79957,28,,,0,19,,79958,28,,,0,60,,79959,28,,,0,19,,79960,28,,,0,21,,79961,28,,,0,60,,79962,28,,,0,21,,79963,28,,,0,20,,79964,28,,,0,59,,79965,28,,,0,21,,79966,28,,,0,20,,79967,28,,,0,60,,79968,28,,,0,21,,79969,28,,,0,20,,79970,28,,,0,61,,79971,28,,,0,20,,79972,28,,,0,20,,79973,28,,,0,60,,79974,28,,,0,19,,79975,28,,,0,19,,79976,28,,,0,61,,79977,28,,,0,20,,79978,28,,,0,20,,79979,28,,,0,69,,79980,28,,,0,27,,79981,28,,,0,69,,79982,28,,,0
3000001,'7_5',711,,81831,28,,,0,21,,81790,28,,,0,20,,81791,28,,,0,60,,81792,28,,,0,21,,81793,28,,,0,20,,81794,28,,,0,59,,81795,28,,,0,21,,81796,28,,,0,21,,81797,28,,,0,60,,81798,28,,,0,20,,81799,28,,,0,20,,81800,28,,,0,61,,81801,28,,,0,19,,81802,28,,,0,20,,81803,28,,,0,60,,81804,28,,,0,19,,81805,28,,,0,19,,81806,28,,,0,60,,81807,28,,,0,19,,81808,28,,,0,21,,81809,28,,,0,60,,81810,28,,,0,21,,81811,28,,,0,20,,81812,28,,,0,59,,81813,28,,,0,21,,81814,28,,,0,20,,81815,28,,,0,60,,81816,28,,,0,21,,81817,28,,,0,20,,81818,28,,,0,61,,81819,28,,,0,20,,81820,28,,,0,20,,81821,28,,,0,60,,81822,28,,,0,19,,81823,28,,,0,19,,81824,28,,,0,61,,81825,28,,,0,20,,81826,28,,,0,20,,81827,28,,,0,69,,81828,28,,,0,27,,81829,28,,,0,69,,81830,28,,,0
