600,'0_6',705,,65671,13,,,0,101,,65672,13,,,0,39,,65673,13,,,0,110,,65674,13,,,0,85,,65675,13,,,0,99,,65676,13,,,0,85,,65677,13,,,0,88,,65685,13,,,0,42,,65678,13,,,0,85,,65686,4,,,0,92,,65679,13,,,0,92,,65680,13,,,0,92,,65681,13,,,0,91,,65682,13,,,0,49,,65683,13,,,0,90,,65684,13,,,0
600,'1_7',838,,65687,4,,,0,110,,65688,4,,,0,160,,65689,4,,,0,200,,65690,4,,,0,120,,65691,4,,,0,111,,65692,4,,,0,108,,65693,4,,,0,106,,65694,4,,,0
600,'3_1',705,,65775,13,,,0,101,,65776,13,,,0,39,,65777,13,,,0,110,,65778,13,,,0,85,,65779,13,,,0,99,,65780,13,,,0,85,,65781,13,,,0,88,,65789,13,,,0,42,,65782,13,,,0,85,,65790,4,,,0,92,,65783,13,,,0,92,,65784,13,,,0,92,,65785,13,,,0,91,,65786,13,,,0,49,,65787,13,,,0,90,,65788,13,,,0
600,'3_2',705,,73275,13,,,0,101,,73276,13,,,0,39,,73277,13,,,0,110,,73278,13,,,0,85,,73279,13,,,0,99,,73280,13,,,0,85,,73281,13,,,0,88,,73289,13,,,0,42,,73282,13,,,0,85,,73290,4,,,0,92,,73283,13,,,0,92,,73284,13,,,0,92,,73285,13,,,0,91,,73286,13,,,0,49,,73287,13,,,0,90,,73288,13,,,0
600,'3_3',705,,65791,13,,,0,101,,65792,13,,,0,39,,65793,13,,,0,110,,65794,13,,,0,85,,65795,13,,,0,99,,65796,13,,,0,85,,65797,13,,,0,88,,65805,13,,,0,42,,65798,13,,,0,85,,65806,4,,,0,92,,65799,13,,,0,92,,65800,13,,,0,92,,65801,13,,,0,91,,65802,13,,,0,49,,65803,13,,,0,90,,65804,13,,,0
600,'3_4',705,,65807,13,,,0,101,,65808,13,,,0,39,,65809,13,,,0,110,,65810,13,,,0,85,,65811,13,,,0,99,,65812,13,,,0,85,,65813,13,,,0,88,,65821,13,,,0,42,,65814,13,,,0,85,,65822,4,,,0,92,,65815,13,,,0,92,,65816,13,,,0,92,,65817,13,,,0,91,,65818,13,,,0,49,,65819,13,,,0,90,,65820,13,,,0
600,'3_5',705,,65823,13,,,0,101,,65824,13,,,0,39,,65825,13,,,0,110,,65826,13,,,0,85,,65827,13,,,0,99,,65828,13,,,0,85,,65829,13,,,0,88,,65837,13,,,0,42,,65830,13,,,0,85,,65838,4,,,0,92,,65831,13,,,0,92,,65832,13,,,0,92,,65833,13,,,0,91,,65834,13,,,0,49,,65835,13,,,0,90,,65836,13,,,0
600,'5_1',705,,74235,13,,,0,101,,74236,13,,,0,39,,74237,13,,,0,110,,74238,13,,,0,85,,74239,13,,,0,99,,74240,13,,,0,85,,74241,13,,,0,88,,74249,13,,,0,42,,74242,13,,,0,85,,74250,4,,,0,92,,74243,13,,,0,92,,74244,13,,,0,92,,74245,13,,,0,91,,74246,13,,,0,49,,74247,13,,,0,90,,74248,13,,,0
600,'5_2',705,,75719,13,,,0,101,,75720,13,,,0,39,,75721,13,,,0,110,,75722,13,,,0,85,,75723,13,,,0,99,,75724,13,,,0,85,,75725,13,,,0,88,,75733,13,,,0,42,,75726,13,,,0,85,,75734,4,,,0,92,,75727,13,,,0,92,,75728,13,,,0,92,,75729,13,,,0,91,,75730,13,,,0,49,,75731,13,,,0,90,,75732,13,,,0
600,'5_3',705,,75735,13,,,0,101,,75736,13,,,0,39,,75737,13,,,0,110,,75738,13,,,0,85,,75739,13,,,0,99,,75740,13,,,0,85,,75741,13,,,0,88,,75749,13,,,0,42,,75742,13,,,0,85,,75750,4,,,0,92,,75743,13,,,0,92,,75744,13,,,0,92,,75745,13,,,0,91,,75746,13,,,0,49,,75747,13,,,0,90,,75748,13,,,0
600,'5_4',705,,75751,13,,,0,101,,75752,13,,,0,39,,75753,13,,,0,110,,75754,13,,,0,85,,75755,13,,,0,99,,75756,13,,,0,85,,75757,13,,,0,88,,75765,13,,,0,42,,75758,13,,,0,85,,75766,4,,,0,92,,75759,13,,,0,92,,75760,13,,,0,92,,75761,13,,,0,91,,75762,13,,,0,49,,75763,13,,,0,90,,75764,13,,,0
