601,'0_4',633,,96713,23,,,0,108,,96726,23,,,0,95,,96714,23,,,0,102,,96715,23,,,0,99,,96716,23,,,0,100,,96717,23,,,0,106,,96730,23,,,0,59,,96718,23,,,0,42,,96719,23,,,0,103,,96720,23,,,0,95,,96721,23,,,0,82,,96727,23,,,0,78,,96722,24,,,0,41,,96728,23,,,0,66,,96723,24,,,0,27,,96729,24,,,0,65,,96724,23,,,0,55,,96725,23,,,0
601,'0_5',633,,96731,23,,,0,108,,96744,23,,,0,95,,96732,23,,,0,102,,96733,23,,,0,99,,96734,23,,,0,100,,96735,23,,,0,106,,96748,23,,,0,59,,96736,23,,,0,42,,96737,23,,,0,103,,96738,23,,,0,95,,96739,23,,,0,82,,96745,23,,,0,78,,96740,24,,,0,41,,96746,23,,,0,66,,96741,24,,,0,27,,96747,24,,,0,65,,96742,23,,,0,55,,96743,23,,,0
601,'1_3',633,,96749,23,,,0,108,,96763,23,,,0,95,,96750,23,,,0,102,,96751,23,,,0,99,,96752,23,,,0,100,,96753,23,,,0,106,,96754,24,,,0,59,,96755,23,,,0,42,,96756,23,,,0,103,,96757,23,,,0,95,,96758,23,,,0,82,,96764,23,,,0,78,,96759,24,,,0,41,,96765,23,,,0,66,,96760,24,,,0,27,,96766,24,,,0,65,,96761,23,,,0,55,,96762,23,,,0
601,'2_6',801,,96767,23,,,0,51,,96769,23,,,0,96,,96770,23,,,0,92,,96771,23,,,0,88,,96772,23,,,0,88,,96773,23,,,0,88,,96774,23,,,0,49,,96775,23,,,0,90,,96776,23,,,0,89,,96777,23,,,0,100,,96778,23,,,0,92,,96779,23,,,0,93,,96780,23,,,0,85,,96781,23,,,0,49,,96768,23,,,0
601,'4_1',633,,96782,23,,,0,108,,96795,23,,,0,95,,96783,23,,,0,102,,96784,23,,,0,99,,96785,23,,,0,100,,96786,23,,,0,106,,96799,23,,,0,59,,96787,23,,,0,42,,96788,23,,,0,103,,96789,23,,,0,95,,96790,23,,,0,82,,96796,23,,,0,78,,96791,24,,,0,41,,96797,23,,,0,66,,96792,24,,,0,27,,96798,24,,,0,65,,96793,23,,,0,55,,96794,23,,,0
601,'4_2',633,,96800,23,,,0,108,,96813,23,,,0,95,,96801,23,,,0,102,,96802,23,,,0,99,,96803,23,,,0,100,,96804,23,,,0,106,,96817,23,,,0,59,,96805,23,,,0,42,,96806,23,,,0,103,,96807,23,,,0,95,,96808,23,,,0,82,,96814,23,,,0,78,,96809,24,,,0,41,,96815,23,,,0,66,,96810,24,,,0,27,,96816,24,,,0,65,,96811,23,,,0,55,,96812,23,,,0
601,'4_4',633,,96818,23,,,0,108,,96831,23,,,0,95,,96819,23,,,0,102,,96820,23,,,0,99,,96821,23,,,0,100,,96822,23,,,0,106,,96835,23,,,0,59,,96823,23,,,0,42,,96824,23,,,0,103,,96825,23,,,0,95,,96826,23,,,0,82,,96832,23,,,0,78,,96827,24,,,0,41,,96833,23,,,0,66,,96828,24,,,0,27,,96834,24,,,0,65,,96829,23,,,0,55,,96830,23,,,0
601,'4_5',633,,96836,23,,,0,108,,96849,23,,,0,95,,96837,23,,,0,102,,96838,23,,,0,99,,96839,23,,,0,100,,96840,23,,,0,106,,96853,23,,,0,59,,96841,23,,,0,42,,96842,23,,,0,103,,96843,23,,,0,95,,96844,23,,,0,82,,96850,23,,,0,78,,96845,24,,,0,41,,96851,23,,,0,66,,96846,24,,,0,27,,96852,24,,,0,65,,96847,23,,,0,55,,96848,23,,,0
2900601,'0_4',1752,,102554,5,,,0,99,,102555,5,,,0
2900601,'0_5',1752,,102556,5,,,0,99,,102557,5,,,0
2900601,'1_3',1752,,102558,5,,,0,99,,102559,5,,,0
2900601,'4_1',1752,,102560,5,,,0,99,,102561,5,,,0
2900601,'4_2',1752,,102562,5,,,0,99,,102563,5,,,0
2900601,'4_4',1752,,102564,5,,,0,99,,102565,5,,,0
2900601,'4_5',1752,,102566,5,,,0,99,,102567,5,,,0
