2200,'1_3',740,,98540,13,0,17,0
2200,'4_1',740,,98547,13,0,17,0
2200,'4_2',740,,98554,13,0,17,0
2200,'4_4',740,,98561,13,0,17,0
2200,'4_5',740,,98568,13,0,17,0
2400,'1_3',730,,98665,6,,,0,490,,98666,1,,,0
2400,'4_1',730,,98667,6,,,0,828,,98668,1,,,0,143,,98669,1,,,0,55,,98670,1,,,0
2400,'4_2',730,,98671,6,,,0,828,,98672,1,,,0,143,,98673,1,,,0,55,,98674,1,,,0
2400,'4_4',730,,98675,6,,,0,828,,98676,1,,,0,143,,98677,1,,,0,55,,98678,1,,,0
2400,'4_5',730,,98679,6,,,0,828,,98680,1,,,0,143,,98681,1,,,0,55,,98682,1,,,0
2000000,'1_3',640,,101597,3,,,0,61,,101579,3,,,0,16,,101607,3,,,0,14,,101563,3,,,0,14,,101590,3,,,0,56,,101572,3,,,0,15,,101599,3,,,0,15,,101582,3,,,0,16,,101610,3,,,0,57,,101564,3,,,0,16,,101595,3,,,0,15,,101573,3,,,0,16,,101600,3,,,0,55,,101580,3,,,0,16,,101608,3,,,0,16,,101565,3,,,0,16,,101596,3,,,0,55,,101574,3,,,0,16,,101601,3,,,0,17,,101581,3,,,0,14,,101611,3,,,0,49,,101616,1,0,9 10,0,3,,101560,1,0,9 10,0,2,,101559,1,0,9 10,0,3,,101566,3,,,0,14,,101589,3,,,0,16,,101575,3,,,0,15,,101598,3,,,0,55,,101583,3,,,0,15,,101609,3,,,0,15,,101568,3,,,0,15,,101591,3,,,0,55,,101578,3,,,0,15,,101603,3,,,0,15,,101584,3,,,0,14,,101612,3,,,0,55,,101569,3,,,0,15,,101592,3,,,0,16,,101577,3,,,0,15,,101602,3,,,0,54,,101585,3,,,0,16,,101561,3,,,0,12,,101613,3,,,0,18,,101567,3,,,0,54,,101594,3,,,0,18,,101576,3,,,0,15,,101604,3,,,0,56,,101587,3,,,0,14,,101562,3,,,0,15,,101614,3,,,0,16,,101570,3,,,0,55,,101593,3,,,0,14,,101605,3,,,0,19,,101586,3,,,0,22,,101615,3,,,0,61,,101571,3,,,0,19,,101606,3,,,0,21,,101588,3,,,0
2000000,'2_6',637,,101617,3,,,0,81,,101618,3,,,0,39,,101619,3,,,0,68,,101620,3,,,0,21,,101621,3,,,0,60,,101622,3,,,0,17,,101623,3,,,0,18,,101624,3,,,0,59,,101625,3,,,0,20,,101626,3,,,0,19,,101627,3,,,0,19,,101628,3,,,0,59,,101629,3,,,0,20,,101630,3,,,0,19,,101631,3,,,0,59,,101632,3,,,0,18,,101633,3,,,0,19,,101634,3,,,0,59,,101635,3,,,0,19,,101636,3,,,0,18,,101637,3,,,0,59,,101638,3,,,0,20,,101639,3,,,0,20,,101640,3,,,0,59,,101641,3,,,0,19,,101642,3,,,0,20,,101643,3,,,0,60,,101644,3,,,0,20,,101645,3,,,0,20,,101646,3,,,0,59,,101647,3,,,0,20,,101648,3,,,0,20,,101649,3,,,0,60,,101650,3,,,0,19,,101651,3,,,0,20,,101652,3,,,0,64,,101653,3,,,0,25,,101654,3,,,0,25,,101655,3,,,0,65,,101656,3,,,0,25,,101657,3,,,0
2000000,'4_1',640,,101715,3,,,0,61,,101697,3,,,0,16,,101725,3,,,0,14,,101681,3,,,0,14,,101708,3,,,0,56,,101690,3,,,0,15,,101717,3,,,0,15,,101700,3,,,0,16,,101728,3,,,0,57,,101682,3,,,0,16,,101713,3,,,0,15,,101691,3,,,0,16,,101718,3,,,0,55,,101698,3,,,0,16,,101726,3,,,0,16,,101683,3,,,0,16,,101714,3,,,0,55,,101692,3,,,0,16,,101719,3,,,0,17,,101699,3,,,0,14,,101729,3,,,0,57,,101684,3,,,0,14,,101707,3,,,0,16,,101693,3,,,0,15,,101716,3,,,0,55,,101701,3,,,0,15,,101727,3,,,0,15,,101686,3,,,0,15,,101709,3,,,0,55,,101696,3,,,0,15,,101721,3,,,0,15,,101702,3,,,0,14,,101730,3,,,0,55,,101687,3,,,0,15,,101710,3,,,0,16,,101695,3,,,0,7,,101678,1,0,9 10,0,8,,101720,3,,,0,54,,101703,3,,,0,16,,101679,3,,,0,12,,101731,3,,,0,15,,101677,1,0,9 10,0,3,,101685,3,,,0,54,,101712,3,,,0,18,,101694,3,,,0,15,,101722,3,,,0,10,,101734,1,0,9 10,0,46,,101705,3,,,0,14,,101680,3,,,0,15,,101732,3,,,0,16,,101688,3,,,0,55,,101711,3,,,0,14,,101723,3,,,0,19,,101704,3,,,0,22,,101733,3,,,0,61,,101689,3,,,0,19,,101724,3,,,0,21,,101706,3,,,0
2000000,'4_2',640,,101774,3,,,0,61,,101756,3,,,0,16,,101784,3,,,0,14,,101740,3,,,0,14,,101767,3,,,0,56,,101749,3,,,0,15,,101776,3,,,0,15,,101759,3,,,0,16,,101787,3,,,0,57,,101741,3,,,0,16,,101772,3,,,0,15,,101750,3,,,0,16,,101777,3,,,0,55,,101757,3,,,0,16,,101785,3,,,0,16,,101742,3,,,0,16,,101773,3,,,0,55,,101751,3,,,0,16,,101778,3,,,0,17,,101758,3,,,0,14,,101788,3,,,0,57,,101743,3,,,0,14,,101766,3,,,0,16,,101752,3,,,0,15,,101775,3,,,0,55,,101760,3,,,0,15,,101786,3,,,0,15,,101745,3,,,0,15,,101768,3,,,0,55,,101755,3,,,0,15,,101780,3,,,0,15,,101761,3,,,0,14,,101789,3,,,0,55,,101746,3,,,0,15,,101769,3,,,0,16,,101754,3,,,0,7,,101737,1,0,9 10,0,8,,101779,3,,,0,54,,101762,3,,,0,16,,101738,3,,,0,12,,101790,3,,,0,15,,101736,1,0,9 10,0,3,,101744,3,,,0,54,,101771,3,,,0,18,,101753,3,,,0,15,,101781,3,,,0,10,,101793,1,0,9 10,0,46,,101764,3,,,0,14,,101739,3,,,0,15,,101791,3,,,0,16,,101747,3,,,0,55,,101770,3,,,0,14,,101782,3,,,0,19,,101763,3,,,0,22,,101792,3,,,0,61,,101748,3,,,0,19,,101783,3,,,0,21,,101765,3,,,0
2000000,'4_4',640,,101833,3,,,0,61,,101815,3,,,0,16,,101843,3,,,0,14,,101799,3,,,0,14,,101826,3,,,0,56,,101808,3,,,0,15,,101835,3,,,0,15,,101818,3,,,0,16,,101846,3,,,0,57,,101800,3,,,0,16,,101831,3,,,0,15,,101809,3,,,0,16,,101836,3,,,0,55,,101816,3,,,0,16,,101844,3,,,0,16,,101801,3,,,0,16,,101832,3,,,0,55,,101810,3,,,0,16,,101837,3,,,0,17,,101817,3,,,0,14,,101847,3,,,0,57,,101802,3,,,0,14,,101825,3,,,0,16,,101811,3,,,0,15,,101834,3,,,0,55,,101819,3,,,0,15,,101845,3,,,0,15,,101804,3,,,0,15,,101827,3,,,0,55,,101814,3,,,0,15,,101839,3,,,0,15,,101820,3,,,0,14,,101848,3,,,0,55,,101805,3,,,0,15,,101828,3,,,0,16,,101813,3,,,0,7,,101796,1,0,9 10,0,8,,101838,3,,,0,54,,101821,3,,,0,16,,101797,3,,,0,12,,101849,3,,,0,15,,101795,1,0,9 10,0,3,,101803,3,,,0,54,,101830,3,,,0,18,,101812,3,,,0,15,,101840,3,,,0,10,,101852,1,0,9 10,0,46,,101823,3,,,0,14,,101798,3,,,0,15,,101850,3,,,0,16,,101806,3,,,0,55,,101829,3,,,0,14,,101841,3,,,0,19,,101822,3,,,0,22,,101851,3,,,0,61,,101807,3,,,0,19,,101842,3,,,0,21,,101824,3,,,0
2000000,'4_5',640,,101892,3,,,0,61,,101874,3,,,0,16,,101902,3,,,0,14,,101858,3,,,0,14,,101885,3,,,0,56,,101867,3,,,0,15,,101894,3,,,0,15,,101877,3,,,0,16,,101905,3,,,0,57,,101859,3,,,0,16,,101890,3,,,0,15,,101868,3,,,0,16,,101895,3,,,0,55,,101875,3,,,0,16,,101903,3,,,0,16,,101860,3,,,0,16,,101891,3,,,0,55,,101869,3,,,0,16,,101896,3,,,0,17,,101876,3,,,0,14,,101906,3,,,0,57,,101861,3,,,0,14,,101884,3,,,0,16,,101870,3,,,0,15,,101893,3,,,0,55,,101878,3,,,0,15,,101904,3,,,0,15,,101863,3,,,0,15,,101886,3,,,0,55,,101873,3,,,0,15,,101898,3,,,0,15,,101879,3,,,0,14,,101907,3,,,0,55,,101864,3,,,0,15,,101887,3,,,0,16,,101872,3,,,0,7,,101855,1,0,9 10,0,8,,101897,3,,,0,54,,101880,3,,,0,16,,101856,3,,,0,12,,101908,3,,,0,15,,101854,1,0,9 10,0,3,,101862,3,,,0,54,,101889,3,,,0,18,,101871,3,,,0,15,,101899,3,,,0,10,,101911,1,0,9 10,0,46,,101882,3,,,0,14,,101857,3,,,0,15,,101909,3,,,0,16,,101865,3,,,0,55,,101888,3,,,0,14,,101900,3,,,0,19,,101881,3,,,0,22,,101910,3,,,0,61,,101866,3,,,0,19,,101901,3,,,0,21,,101883,3,,,0
2000000,'5_7',814,,101912,3,,,0,40,,101913,3,,,0,80,,101914,3,,,0,80,,101915,3,,,0,40,,101916,3,,,0,80,,101917,3,,,0,80,,101918,3,,,0,40,,101919,3,,,0,80,,101920,3,,,0,80,,101921,3,,,0,40,,101922,3,,,0,80,,101923,3,,,0,80,,101924,3,,,0,40,,101925,3,,,0,80,,101926,3,,,0,80,,101927,3,,,0,40,,101928,3,,,0,80,,101929,3,,,0
