101,'1_3',752,,94441,55,0,6,0,68,,94442,55,0,6,0,29,,94443,55,0,6,0,95,,94447,49,0,6,0,157,,94448,49,0,6,0,114,,94449,49,0,6,0,89,,94450,49,0,6,0,114,,94444,55,0,6,0,97,,94451,49,0,6,0,100,,94452,49,0,6,0,92,,94453,49,0,6,0,34,,94454,49,0,6,0,80,,94455,49,0,6,0,32,,94445,55,0,6,0,84,,94446,55,0,6,0
101,'2_6',1038,,94487,49,0,6,0,100,,94488,49,0,6,0,98,,94489,49,0,6,0,99,,94490,49,0,6,0,100,,94491,49,0,6,0,101,,94492,49,0,6,0,103,,94493,49,0,6,0,103,,94494,49,0,6,0,100,,94495,49,0,6,0,96,,94496,49,0,6,0
101,'4_1',752,,94507,55,0,6,0,68,,94508,55,0,6,0,29,,94509,55,0,6,0,95,,94513,49,0,6,0,157,,94514,49,0,6,0,114,,94515,49,0,6,0,89,,94516,49,0,6,0,114,,94510,55,0,6,0,97,,94517,49,0,6,0,100,,94518,49,0,6,0,92,,94519,49,0,6,0,34,,94520,49,0,6,0,80,,94521,49,0,6,0,32,,94511,55,0,6,0,84,,94512,55,0,6,0
101,'4_2',752,,94540,55,0,6,0,68,,94541,55,0,6,0,29,,94542,55,0,6,0,95,,94546,49,0,6,0,157,,94547,49,0,6,0,114,,94548,49,0,6,0,89,,94549,49,0,6,0,114,,94543,55,0,6,0,97,,94550,49,0,6,0,100,,94551,49,0,6,0,92,,94552,49,0,6,0,34,,94553,49,0,6,0,80,,94554,49,0,6,0,32,,94544,55,0,6,0,84,,94545,55,0,6,0
101,'4_4',752,,94573,55,0,6,0,68,,94574,55,0,6,0,29,,94575,55,0,6,0,95,,94579,49,0,6,0,157,,94580,49,0,6,0,114,,94581,49,0,6,0,89,,94582,49,0,6,0,114,,94576,55,0,6,0,97,,94583,49,0,6,0,100,,94584,49,0,6,0,92,,94585,49,0,6,0,34,,94586,49,0,6,0,80,,94587,49,0,6,0,32,,94577,55,0,6,0,84,,94578,55,0,6,0
101,'4_5',752,,94606,55,0,6,0,68,,94607,55,0,6,0,29,,94608,55,0,6,0,95,,94612,49,0,6,0,157,,94613,49,0,6,0,114,,94614,49,0,6,0,89,,94615,49,0,6,0,114,,94609,55,0,6,0,97,,94616,49,0,6,0,100,,94617,49,0,6,0,92,,94618,49,0,6,0,34,,94619,49,0,6,0,80,,94620,49,0,6,0,32,,94610,55,0,6,0,84,,94611,55,0,6,0
101,'5_7',948,,94639,49,0,6,0,210,,94640,49,0,6,0,250,,94641,49,0,6,0,150,,94642,49,0,6,0,250,,94643,49,0,6,0
2201,'1_3',1227,,98587,11,,,0,75,,98583,15,,,0,346,,98584,15,,,0,158,,98585,15,,,0,96,,98586,15,,,0
2201,'4_1',1302,,98588,15,,,0,324,,98592,11,,,0,22,,98589,15,,,0,78,,98593,11,,,0,80,,98590,15,,,0,20,,98594,11,,,0,76,,98591,15,,,0
2201,'4_2',1302,,98595,15,,,0,324,,98599,11,,,0,22,,98596,15,,,0,78,,98600,11,,,0,80,,98597,15,,,0,20,,98601,11,,,0,76,,98598,15,,,0
2201,'4_4',1302,,98602,15,,,0,324,,98606,11,,,0,22,,98603,15,,,0,78,,98607,11,,,0,80,,98604,15,,,0,20,,98608,11,,,0,76,,98605,15,,,0
2201,'4_5',1302,,98609,15,,,0,324,,98613,11,,,0,22,,98610,15,,,0,78,,98614,11,,,0,80,,98611,15,,,0,20,,98615,11,,,0,76,,98612,15,,,0
