300,'0_6',703,,64083,18,,,0,29,,64084,18,,,0,68,,64085,18,,,0,30,,64086,18,,,0,75,,64087,18,,,0,32,,64088,18,,,0,75,,64089,18,,,0,34,,64090,18,,,0,72,,64091,18,,,0,33,,64082,18,,,0,73,,64081,18,,,0,33,,64080,18,,,0,72,,64079,18,,,0,71,,64057,18,,,0,28,,64058,18,,,0,29,,64059,18,,,0,68,,64060,18,,,0,28,,64061,18,,,0,68,,64062,18,,,0,32,,64063,18,,,0,68,,64064,18,,,0,27,,64065,18,,,0,68,,64066,18,,,0,29,,64067,18,,,0,67,,64068,18,,,0,26,,64069,18,,,0,66,,64070,18,,,0,24,,64071,18,,,0,24,,64093,18,,,0,66,,64092,18,,,0,24,,64072,6,,,0,70,,64073,6,,,0,30,,64074,6,,,0,70,,64075,6,,,0,30,,64076,6,,,0,70,,64077,6,,,0,30,,64078,6,,,0
300,'1_7',905,,64116,18,,,0,32,,64117,18,,,0,75,,64118,18,,,0,34,,64119,18,,,0,72,,64110,18,,,0,33,,64115,18,,,0,73,,64114,18,,,0,33,,64113,18,,,0,72,,64112,18,,,0,71,,64094,18,,,0,28,,64095,18,,,0,29,,64096,18,,,0,68,,64097,18,,,0,28,,64098,18,,,0,68,,64099,18,,,0,32,,64100,18,,,0,68,,64101,18,,,0,27,,64102,18,,,0,68,,64103,18,,,0,29,,64104,18,,,0,67,,64105,18,,,0,26,,64106,18,,,0,66,,64107,18,,,0,24,,64108,18,,,0,24,,64111,18,,,0,66,,64109,18,,,0
300,'5_1',703,,74113,18,,,0,29,,74114,18,,,0,68,,74115,18,,,0,30,,74116,18,,,0,75,,74117,18,,,0,32,,74118,18,,,0,75,,74119,18,,,0,34,,74120,18,,,0,72,,74121,18,,,0,33,,74112,18,,,0,73,,74111,18,,,0,33,,74110,18,,,0,72,,74109,18,,,0,71,,74094,18,,,0,28,,74095,18,,,0,29,,74096,18,,,0,68,,74097,18,,,0,28,,74098,18,,,0,68,,74099,18,,,0,32,,74100,18,,,0,68,,74101,18,,,0,27,,74102,18,,,0,68,,74103,18,,,0,29,,74104,18,,,0,67,,74105,18,,,0,26,,74106,18,,,0,66,,74107,18,,,0,24,,74108,18,,,0,24,,74123,18,,,0,66,,74122,18,,,0
300,'5_2',703,,75315,18,,,0,29,,75316,18,,,0,68,,75317,18,,,0,30,,75318,18,,,0,75,,75319,18,,,0,32,,75320,18,,,0,75,,75321,18,,,0,34,,75322,18,,,0,72,,75323,18,,,0,33,,75314,18,,,0,73,,75313,18,,,0,33,,75312,18,,,0,72,,75311,18,,,0,71,,75296,18,,,0,28,,75297,18,,,0,29,,75298,18,,,0,68,,75299,18,,,0,28,,75300,18,,,0,68,,75301,18,,,0,32,,75302,18,,,0,68,,75303,18,,,0,27,,75304,18,,,0,68,,75305,18,,,0,29,,75306,18,,,0,67,,75307,18,,,0,26,,75308,18,,,0,66,,75309,18,,,0,24,,75310,18,,,0,24,,75325,18,,,0,66,,75324,18,,,0
300,'5_3',703,,75345,18,,,0,29,,75346,18,,,0,68,,75347,18,,,0,30,,75348,18,,,0,75,,75349,18,,,0,32,,75350,18,,,0,75,,75351,18,,,0,34,,75352,18,,,0,72,,75353,18,,,0,33,,75344,18,,,0,73,,75343,18,,,0,33,,75342,18,,,0,72,,75341,18,,,0,71,,75326,18,,,0,28,,75327,18,,,0,29,,75328,18,,,0,68,,75329,18,,,0,28,,75330,18,,,0,68,,75331,18,,,0,32,,75332,18,,,0,68,,75333,18,,,0,27,,75334,18,,,0,68,,75335,18,,,0,29,,75336,18,,,0,67,,75337,18,,,0,26,,75338,18,,,0,66,,75339,18,,,0,24,,75340,18,,,0,24,,75355,18,,,0,66,,75354,18,,,0
300,'7_1',703,,80333,18,,,0,29,,80334,18,,,0,68,,80335,18,,,0,30,,80336,18,,,0,75,,80337,18,,,0,32,,80338,18,,,0,75,,80339,18,,,0,34,,80340,18,,,0,72,,80341,18,,,0,33,,80332,18,,,0,73,,80331,18,,,0,33,,80330,18,,,0,72,,80329,18,,,0,71,,80314,18,,,0,28,,80315,18,,,0,29,,80316,18,,,0,68,,80317,18,,,0,28,,80318,18,,,0,68,,80319,18,,,0,32,,80320,18,,,0,68,,80321,18,,,0,27,,80322,18,,,0,68,,80323,18,,,0,29,,80324,18,,,0,67,,80325,18,,,0,26,,80326,18,,,0,66,,80327,18,,,0,24,,80328,18,,,0,24,,80343,18,,,0,66,,80342,18,,,0
300,'7_2',703,,82269,18,,,0,29,,82270,18,,,0,68,,82271,18,,,0,30,,82272,18,,,0,75,,82273,18,,,0,32,,82274,18,,,0,75,,82275,18,,,0,34,,82276,18,,,0,72,,82277,18,,,0,33,,82268,18,,,0,73,,82267,18,,,0,33,,82266,18,,,0,72,,82265,18,,,0,71,,82250,18,,,0,28,,82251,18,,,0,29,,82252,18,,,0,68,,82253,18,,,0,28,,82254,18,,,0,68,,82255,18,,,0,32,,82256,18,,,0,68,,82257,18,,,0,27,,82258,18,,,0,68,,82259,18,,,0,29,,82260,18,,,0,67,,82261,18,,,0,26,,82262,18,,,0,66,,82263,18,,,0,24,,82264,18,,,0,24,,82279,18,,,0,66,,82278,18,,,0
300,'7_3',703,,82299,18,,,0,29,,82300,18,,,0,68,,82301,18,,,0,30,,82302,18,,,0,75,,82303,18,,,0,32,,82304,18,,,0,75,,82305,18,,,0,34,,82306,18,,,0,72,,82307,18,,,0,33,,82298,18,,,0,73,,82297,18,,,0,33,,82296,18,,,0,72,,82295,18,,,0,71,,82280,18,,,0,28,,82281,18,,,0,29,,82282,18,,,0,68,,82283,18,,,0,28,,82284,18,,,0,68,,82285,18,,,0,32,,82286,18,,,0,68,,82287,18,,,0,27,,82288,18,,,0,68,,82289,18,,,0,29,,82290,18,,,0,67,,82291,18,,,0,26,,82292,18,,,0,66,,82293,18,,,0,24,,82294,18,,,0,24,,82309,18,,,0,66,,82308,18,,,0
300,'7_4',703,,79252,18,,,0,29,,79253,18,,,0,68,,79254,18,,,0,30,,79255,18,,,0,75,,79256,18,,,0,32,,79257,18,,,0,75,,79258,18,,,0,34,,79259,18,,,0,72,,79260,18,,,0,33,,79251,18,,,0,73,,79250,18,,,0,33,,79249,18,,,0,72,,79248,18,,,0,71,,79233,18,,,0,28,,79234,18,,,0,29,,79235,18,,,0,68,,79236,18,,,0,28,,79237,18,,,0,68,,79238,18,,,0,32,,79239,18,,,0,68,,79240,18,,,0,27,,79241,18,,,0,68,,79242,18,,,0,29,,79243,18,,,0,67,,79244,18,,,0,26,,79245,18,,,0,66,,79246,18,,,0,24,,79247,18,,,0,24,,79262,18,,,0,66,,79261,18,,,0
300,'7_5',703,,80370,18,,,0,29,,80371,18,,,0,68,,80372,18,,,0,30,,80373,18,,,0,75,,80374,18,,,0,32,,80375,18,,,0,75,,80376,18,,,0,34,,80377,18,,,0,72,,80378,18,,,0,33,,80369,18,,,0,73,,80368,18,,,0,33,,80367,18,,,0,72,,80366,18,,,0,71,,80344,18,,,0,28,,80345,18,,,0,29,,80346,18,,,0,68,,80347,18,,,0,28,,80348,18,,,0,68,,80349,18,,,0,32,,80350,18,,,0,68,,80351,18,,,0,27,,80352,18,,,0,68,,80353,18,,,0,29,,80354,18,,,0,67,,80355,18,,,0,26,,80356,18,,,0,66,,80357,18,,,0,24,,80358,18,,,0,24,,80380,18,,,0,66,,80379,18,,,0,24,,80359,6,,,0,70,,80360,6,,,0,30,,80361,6,,,0,70,,80362,6,,,0,30,,80363,6,,,0,70,,80364,6,,,0,30,,80365,6,,,0
900601,'0_6',754,,68348,6,,,0,170,,68349,6,,,0,130,,68350,6,,,0,175,,68351,6,,,0,120,,68352,6,,,0,175,,68353,6,,,0,125,,68354,6,,,0,170,,68355,6,,,0
900601,'5_1',754,,74495,6,,,0,170,,74496,6,,,0,130,,74497,6,,,0,175,,74498,6,,,0,120,,74499,6,,,0,175,,74500,6,,,0,125,,74501,6,,,0,170,,74502,6,,,0
900601,'5_2',754,,76499,6,,,0,170,,76500,6,,,0,130,,76501,6,,,0,175,,76502,6,,,0,120,,76503,6,,,0,175,,76504,6,,,0,125,,76505,6,,,0,170,,76506,6,,,0
900601,'5_3',754,,76507,6,,,0,170,,76508,6,,,0,130,,76509,6,,,0,175,,76510,6,,,0,120,,76511,6,,,0,175,,76512,6,,,0,125,,76513,6,,,0,170,,76514,6,,,0
900601,'7_1',754,,81132,6,,,0,170,,81133,6,,,0,130,,81134,6,,,0,175,,81135,6,,,0,120,,81136,6,,,0,175,,81137,6,,,0,125,,81138,6,,,0,170,,81139,6,,,0
900601,'7_2',754,,83052,6,,,0,170,,83053,6,,,0,130,,83054,6,,,0,175,,83055,6,,,0,120,,83056,6,,,0,175,,83057,6,,,0,125,,83058,6,,,0,170,,83059,6,,,0
900601,'7_3',754,,83060,6,,,0,170,,83061,6,,,0,130,,83062,6,,,0,175,,83063,6,,,0,120,,83064,6,,,0,175,,83065,6,,,0,125,,83066,6,,,0,170,,83067,6,,,0
900601,'7_4',754,,79634,6,,,0,170,,79635,6,,,0,130,,79636,6,,,0,175,,79637,6,,,0,120,,79638,6,,,0,175,,79639,6,,,0,125,,79640,6,,,0,170,,79641,6,,,0
900601,'7_5',754,,81140,6,,,0,170,,81141,6,,,0,130,,81142,6,,,0,175,,81143,6,,,0,120,,81144,6,,,0,175,,81145,6,,,0,125,,81146,6,,,0,170,,81147,6,,,0
