201,'0_4',723,,94973,25,0,20,0,17,,95007,4,0,21,0,13,,95011,25,0,21,0,58,,94995,13,0,62,0,12,,94976,25,0,21,0,15,,94974,13,0,20,0,20,,94996,25,0,62,0,67,,94977,25,0,21,0,28,,94987,25,0,20,0,81,,94981,25,0,21,0,66,,94988,25,0,62,0,43,,94982,25,0,21,0,75,,94989,25,0,62,0,20,,95009,4,0,21,0,20,,94978,25,0,20,0,75,,94997,25,0,21,0,20,,95010,25,0,62,0,65,,94990,25,0,21,0,30,,94975,25,0,20,0,65,,94998,25,0,21,0,25,,94979,25,0,62,0,15,,95004,4,0,20,0,61,,94991,25,0,21,0,10,,95006,4,0,62,0,15,,94983,4,0,21,0,15,,95005,25,0,62,0,61,,94999,13,0,21,0,15,,94992,13,0,62,0,12,,95000,25,0,21,0,13,,94980,25,0,62,0,54,,95001,13,0,21,0,15,,95003,13,0,62,0,14,,95002,13,0,21,0,15,,94993,25,0,62,0,60,,94984,25,0,21,0,25,,94994,25,0,62,0,19,,94985,25,0,21,0
201,'0_5',723,,95012,25,0,20,0,17,,95046,4,0,21,0,13,,95050,25,0,21,0,58,,95034,13,0,62,0,12,,95015,25,0,21,0,15,,95013,13,0,20,0,20,,95035,25,0,62,0,67,,95016,25,0,21,0,28,,95026,25,0,20,0,81,,95020,25,0,21,0,66,,95027,25,0,62,0,43,,95021,25,0,21,0,75,,95028,25,0,62,0,20,,95048,4,0,21,0,20,,95017,25,0,20,0,75,,95036,25,0,21,0,20,,95049,25,0,62,0,65,,95029,25,0,21,0,30,,95014,25,0,20,0,65,,95037,25,0,21,0,25,,95018,25,0,62,0,15,,95043,4,0,20,0,61,,95030,25,0,21,0,10,,95045,4,0,62,0,15,,95022,4,0,21,0,15,,95044,25,0,62,0,61,,95038,13,0,21,0,15,,95031,13,0,62,0,12,,95039,25,0,21,0,13,,95019,25,0,62,0,54,,95040,13,0,21,0,15,,95042,13,0,62,0,14,,95041,13,0,21,0,15,,95032,25,0,62,0,60,,95023,25,0,21,0,25,,95033,25,0,62,0,19,,95024,25,0,21,0
201,'1_3',723,,95051,25,0,20,0,17,,95085,4,0,21,0,13,,95090,25,0,21,0,58,,95073,13,0,62,0,12,,95054,25,0,21,0,15,,95052,13,0,20,0,20,,95074,25,0,62,0,67,,95055,25,0,21,0,28,,95065,25,0,20,0,81,,95059,25,0,21,0,66,,95066,25,0,62,0,43,,95060,25,0,21,0,75,,95088,4,0,21,0,20,,95087,4,0,21,0,20,,95056,25,0,20,0,75,,95075,25,0,21,0,20,,95089,25,0,62,0,65,,95068,25,0,21,0,30,,95053,25,0,20,0,65,,95076,25,0,21,0,25,,95057,25,0,62,0,15,,95082,4,0,20,0,61,,95069,25,0,21,0,10,,95084,4,0,62,0,15,,95061,4,0,21,0,15,,95083,25,0,62,0,61,,95077,13,0,21,0,15,,95070,13,0,62,0,12,,95078,25,0,21,0,13,,95058,25,0,62,0,54,,95079,13,0,21,0,15,,95081,13,0,62,0,14,,95080,13,0,21,0,15,,95071,25,0,62,0,60,,95062,25,0,21,0,25,,95072,25,0,62,0,19,,95063,25,0,21,0
201,'2_6',723,,95091,25,0,20,0,5,,95115,25,0,62,0,25,,95103,13,0,21,0,70,,95092,25,0,21,0,25,,95104,13,0,62,0,65,,95116,25,0,20,0,25,,95093,25,0,20,0,20,,95105,13,0,21,0,55,,95117,25,0,62,0,32,,95094,25,0,20,0,59,,95106,13,0,21,0,20,,95118,25,0,64,0,25,,95095,25,0,20,0,60,,95107,13,0,62,0,19,,95119,25,0,21,0,30,,95096,25,0,21,0,58,,95108,13,0,62,0,20,,95120,25,0,20,0,65,,95097,25,0,21,0,18,,95109,13,0,62,0,25,,95121,25,0,20,0,65,,95098,25,0,62,0,18,,95110,13,0,21,0,22,,95122,25,0,20,0,62,,95099,25,0,62,0,16,,95111,13,0,21,0,24,,95123,25,0,20,0,65,,95100,25,0,21,0,18,,95112,13,0,62,0,20,,95124,25,0,20,0,65,,95101,25,0,21,0,19,,95113,13,0,20,0,20,,95125,25,0,62,0,60,,95102,25,0,21,0,15,,95114,13,0,62,0,15,,95126,25,0,21,0
201,'3_7',848,,95127,13,0,21,0,165,,95128,13,0,21,0,125,,95129,13,0,21,0,165,,95130,13,0,21,0,110,,95131,13,0,21,0,125,,95132,13,0,21,0,165,,95133,13,0,21,0,125,,95134,13,0,21,0
201,'4_1',723,,95135,25,0,20,0,17,,95169,4,0,21,0,13,,95173,25,0,21,0,58,,95157,13,0,62,0,12,,95138,25,0,21,0,15,,95136,13,0,20,0,20,,95158,25,0,62,0,67,,95139,25,0,21,0,28,,95149,25,0,20,0,81,,95143,25,0,21,0,66,,95150,25,0,62,0,43,,95144,25,0,21,0,75,,95151,25,0,62,0,20,,95171,4,0,21,0,20,,95140,25,0,20,0,75,,95159,25,0,21,0,20,,95172,25,0,62,0,65,,95152,25,0,21,0,30,,95137,25,0,20,0,65,,95160,25,0,21,0,25,,95141,25,0,62,0,15,,95166,4,0,20,0,61,,95153,25,0,21,0,10,,95168,4,0,62,0,15,,95145,4,0,21,0,15,,95167,25,0,62,0,61,,95161,13,0,21,0,15,,95154,13,0,62,0,12,,95162,25,0,21,0,13,,95142,25,0,62,0,54,,95163,13,0,21,0,15,,95165,13,0,62,0,14,,95164,13,0,21,0,15,,95155,25,0,62,0,60,,95146,25,0,21,0,25,,95156,25,0,62,0,19,,95147,25,0,21,0
201,'4_2',723,,95174,25,0,20,0,17,,95208,4,0,21,0,13,,95212,25,0,21,0,58,,95196,13,0,62,0,12,,95177,25,0,21,0,15,,95175,13,0,20,0,20,,95197,25,0,62,0,67,,95178,25,0,21,0,28,,95188,25,0,20,0,81,,95182,25,0,21,0,66,,95189,25,0,62,0,43,,95183,25,0,21,0,75,,95190,25,0,62,0,20,,95210,4,0,21,0,20,,95179,25,0,20,0,75,,95198,25,0,21,0,20,,95211,25,0,62,0,65,,95191,25,0,21,0,30,,95176,25,0,20,0,65,,95199,25,0,21,0,25,,95180,25,0,62,0,15,,95205,4,0,20,0,61,,95192,25,0,21,0,10,,95207,4,0,62,0,15,,95184,4,0,21,0,15,,95206,25,0,62,0,61,,95200,13,0,21,0,15,,95193,13,0,62,0,12,,95201,25,0,21,0,13,,95181,25,0,62,0,54,,95202,13,0,21,0,15,,95204,13,0,62,0,14,,95203,13,0,21,0,15,,95194,25,0,62,0,60,,95185,25,0,21,0,25,,95195,25,0,62,0,19,,95186,25,0,21,0
201,'4_4',723,,95213,25,0,20,0,17,,95247,4,0,21,0,13,,95251,25,0,21,0,58,,95235,13,0,62,0,12,,95216,25,0,21,0,15,,95214,13,0,20,0,20,,95236,25,0,62,0,67,,95217,25,0,21,0,28,,95227,25,0,20,0,81,,95221,25,0,21,0,66,,95228,25,0,62,0,43,,95222,25,0,21,0,75,,95229,25,0,62,0,20,,95249,4,0,21,0,20,,95218,25,0,20,0,75,,95237,25,0,21,0,20,,95250,25,0,62,0,65,,95230,25,0,21,0,30,,95215,25,0,20,0,65,,95238,25,0,21,0,25,,95219,25,0,62,0,15,,95244,4,0,20,0,61,,95231,25,0,21,0,10,,95246,4,0,62,0,15,,95223,4,0,21,0,15,,95245,25,0,62,0,61,,95239,13,0,21,0,15,,95232,13,0,62,0,12,,95240,25,0,21,0,13,,95220,25,0,62,0,54,,95241,13,0,21,0,15,,95243,13,0,62,0,14,,95242,13,0,21,0,15,,95233,25,0,62,0,60,,95224,25,0,21,0,25,,95234,25,0,62,0,19,,95225,25,0,21,0
201,'4_5',723,,95252,25,0,20,0,17,,95286,4,0,21,0,13,,95290,25,0,21,0,58,,95274,13,0,62,0,12,,95255,25,0,21,0,15,,95253,13,0,20,0,20,,95275,25,0,62,0,67,,95256,25,0,21,0,28,,95266,25,0,20,0,81,,95260,25,0,21,0,66,,95267,25,0,62,0,43,,95261,25,0,21,0,75,,95268,25,0,62,0,20,,95288,4,0,21,0,20,,95257,25,0,20,0,75,,95276,25,0,21,0,20,,95289,25,0,62,0,65,,95269,25,0,21,0,30,,95254,25,0,20,0,65,,95277,25,0,21,0,25,,95258,25,0,62,0,15,,95283,4,0,20,0,61,,95270,25,0,21,0,10,,95285,4,0,62,0,15,,95262,4,0,21,0,15,,95284,25,0,62,0,61,,95278,13,0,21,0,15,,95271,13,0,62,0,12,,95279,25,0,21,0,13,,95259,25,0,62,0,54,,95280,13,0,21,0,15,,95282,13,0,62,0,14,,95281,13,0,21,0,15,,95272,25,0,62,0,60,,95263,25,0,21,0,25,,95273,25,0,62,0,19,,95264,25,0,21,0
201,'5_7',848,,95291,13,0,21,0,165,,95292,13,0,21,0,125,,95293,13,0,21,0,165,,95294,13,0,21,0,110,,95295,13,0,21,0,125,,95296,13,0,21,0,165,,95297,13,0,21,0,125,,95298,13,0,21,0
