2600,'S2-0_2',720,,88938,23,,,0,17,,88949,23,,,0,79,,88950,23,,,0,18,,88951,23,,,0,83,,88952,23,,,0,29,,88953,23,,,0,95,,88939,23,,,0,99,,88940,23,,,0,97,,88941,23,,,0,67,,88942,23,,,0,30,,88957,23,,,0,95,,88958,23,,,0,112,,88943,23,,,0,86,,88944,23,,,0,26,,88954,23,,,0,73,,88955,23,,,0,20,,88945,23,,,0,67,,88946,23,,,0,29,,88947,23,,,0,68,,88960,23,,,0
2600,'S2-0_4',720,,88963,23,,,0,17,,88974,23,,,0,79,,88975,23,,,0,18,,88976,23,,,0,83,,88977,23,,,0,29,,88978,23,,,0,95,,88964,23,,,0,99,,88965,23,,,0,97,,88966,23,,,0,67,,88967,23,,,0,30,,88982,23,,,0,95,,88983,23,,,0,112,,88968,23,,,0,86,,88969,23,,,0,26,,88979,23,,,0,73,,88980,23,,,0,20,,88970,23,,,0,67,,88971,23,,,0,29,,88972,23,,,0,68,,88985,23,,,0
2600,'S2-0_5',720,,88987,23,,,0,17,,88998,23,,,0,79,,88999,23,,,0,18,,89000,23,,,0,83,,89001,23,,,0,29,,89002,23,,,0,95,,88988,23,,,0,99,,88989,23,,,0,97,,88990,23,,,0,67,,88991,23,,,0,30,,89006,23,,,0,95,,89007,23,,,0,112,,88992,23,,,0,86,,88993,23,,,0,26,,89003,23,,,0,73,,89004,23,,,0,20,,88994,23,,,0,67,,88995,23,,,0,29,,88996,23,,,0,68,,89009,23,,,0
2600,'S2-1_3',720,,89011,23,,,0,17,,89022,23,,,0,79,,89023,23,,,0,18,,89024,23,,,0,83,,89025,23,,,0,29,,89026,23,,,0,95,,89012,23,,,0,99,,89013,23,,,0,97,,89014,23,,,0,67,,89015,23,,,0,30,,89030,23,,,0,95,,89031,23,,,0,112,,89016,23,,,0,86,,89017,23,,,0,26,,89027,23,,,0,73,,89028,23,,,0,20,,89018,23,,,0,67,,89019,23,,,0,29,,89020,23,,,0,68,,89032,23,,,0
2600,'S2-2_6',740,,89034,23,,,0,86,,89035,23,,,0,84,,89036,23,,,0,45,,89037,23,,,0,84,,89038,23,,,0,90,,89039,23,,,0,84,,89040,23,,,0,42,,89041,23,,,0,85,,89042,23,,,0,85,,89043,23,,,0,83,,89044,23,,,0,45,,89045,23,,,0,91,,89046,23,,,0,86,,89047,23,,,0,83,,89048,23,,,0,44,,89049,23,,,0,82,,89050,23,,,0
2600,'S2-4_1',720,,89051,23,,,0,17,,89062,23,,,0,79,,89063,23,,,0,18,,89064,23,,,0,83,,89065,23,,,0,29,,89066,23,,,0,95,,89052,23,,,0,99,,89053,23,,,0,97,,89054,23,,,0,67,,89055,23,,,0,30,,89070,23,,,0,95,,89071,23,,,0,112,,89056,23,,,0,86,,89057,23,,,0,26,,89067,23,,,0,73,,89068,23,,,0,20,,89058,23,,,0,67,,89059,23,,,0,29,,89060,23,,,0,68,,89073,23,,,0
2600,'S2-4_2',720,,89075,23,,,0,17,,89086,23,,,0,79,,89087,23,,,0,18,,89088,23,,,0,83,,89089,23,,,0,29,,89090,23,,,0,95,,89076,23,,,0,99,,89077,23,,,0,97,,89078,23,,,0,67,,89079,23,,,0,30,,89094,23,,,0,95,,89095,23,,,0,112,,89080,23,,,0,86,,89081,23,,,0,26,,89091,23,,,0,73,,89092,23,,,0,20,,89082,23,,,0,67,,89083,23,,,0,29,,89084,23,,,0,68,,89097,23,,,0
2600,'S2-4_4',720,,89100,23,,,0,17,,89111,23,,,0,79,,89112,23,,,0,18,,89113,23,,,0,83,,89114,23,,,0,29,,89115,23,,,0,95,,89101,23,,,0,99,,89102,23,,,0,97,,89103,23,,,0,67,,89104,23,,,0,30,,89119,23,,,0,95,,89120,23,,,0,112,,89105,23,,,0,86,,89106,23,,,0,26,,89116,23,,,0,73,,89117,23,,,0,20,,89107,23,,,0,67,,89108,23,,,0,29,,89109,23,,,0,68,,89122,23,,,0
3000000,'S2-0_2',649,,92636,18,,,0,59,,92635,18,,,0,21,,92640,3,0,14,0,4,,92595,18,,,0,9,,92637,3,0,14,0,12,,92596,18,,,0,47,,92638,3,0,14,0,10,,92597,18,,,0,8,,92639,3,0,14,0,12,,92598,18,,,0,20,,92599,18,,,0,62,,92600,18,,,0,20,,92601,18,,,0,20,,92602,18,,,0,61,,92603,18,,,0,17,,92604,18,,,0,21,,92605,18,,,0,60,,92606,18,,,0,20,,92607,18,,,0,21,,92608,18,,,0,61,,92609,18,,,0,19,,92610,18,,,0,21,,92611,18,,,0,59,,92612,18,,,0,20,,92613,18,,,0,19,,92614,18,,,0,60,,92615,18,,,0,21,,92616,18,,,0,20,,92617,18,,,0,61,,92618,18,,,0,19,,92619,18,,,0,19,,92620,18,,,0,61,,92621,18,,,0,16,,92622,18,,,0,20,,92623,18,,,0,61,,92624,18,,,0,20,,92625,18,,,0,20,,92626,18,,,0,59,,92627,18,,,0,20,,92628,18,,,0,20,,92629,18,,,0,60,,92630,18,,,0,19,,92631,18,,,0,29,,92632,18,,,0,73,,92633,18,,,0,72,,92634,18,,,0
3000000,'S2-0_4',649,,92682,18,,,0,59,,92681,18,,,0,21,,92686,3,0,14,0,4,,92641,18,,,0,9,,92683,3,0,14,0,12,,92642,18,,,0,47,,92684,3,0,14,0,10,,92643,18,,,0,8,,92685,3,0,14,0,12,,92644,18,,,0,20,,92645,18,,,0,62,,92646,18,,,0,20,,92647,18,,,0,20,,92648,18,,,0,61,,92649,18,,,0,17,,92650,18,,,0,21,,92651,18,,,0,60,,92652,18,,,0,20,,92653,18,,,0,21,,92654,18,,,0,61,,92655,18,,,0,19,,92656,18,,,0,21,,92657,18,,,0,59,,92658,18,,,0,20,,92659,18,,,0,19,,92660,18,,,0,60,,92661,18,,,0,21,,92662,18,,,0,20,,92663,18,,,0,61,,92664,18,,,0,19,,92665,18,,,0,19,,92666,18,,,0,61,,92667,18,,,0,16,,92668,18,,,0,20,,92669,18,,,0,61,,92670,18,,,0,20,,92671,18,,,0,20,,92672,18,,,0,59,,92673,18,,,0,20,,92674,18,,,0,20,,92675,18,,,0,60,,92676,18,,,0,19,,92677,18,,,0,29,,92678,18,,,0,73,,92679,18,,,0,72,,92680,18,,,0
3000000,'S2-0_5',649,,92728,18,,,0,59,,92727,18,,,0,21,,92732,3,0,14,0,4,,92687,18,,,0,9,,92729,3,0,14,0,12,,92688,18,,,0,47,,92730,3,0,14,0,10,,92689,18,,,0,8,,92731,3,0,14,0,12,,92690,18,,,0,20,,92691,18,,,0,62,,92692,18,,,0,20,,92693,18,,,0,20,,92694,18,,,0,61,,92695,18,,,0,17,,92696,18,,,0,21,,92697,18,,,0,60,,92698,18,,,0,20,,92699,18,,,0,21,,92700,18,,,0,61,,92701,18,,,0,19,,92702,18,,,0,21,,92703,18,,,0,59,,92704,18,,,0,20,,92705,18,,,0,19,,92706,18,,,0,60,,92707,18,,,0,21,,92708,18,,,0,20,,92709,18,,,0,61,,92710,18,,,0,19,,92711,18,,,0,19,,92712,18,,,0,61,,92713,18,,,0,16,,92714,18,,,0,20,,92715,18,,,0,61,,92716,18,,,0,20,,92717,18,,,0,20,,92718,18,,,0,59,,92719,18,,,0,20,,92720,18,,,0,20,,92721,18,,,0,60,,92722,18,,,0,19,,92723,18,,,0,29,,92724,18,,,0,73,,92725,18,,,0,72,,92726,18,,,0
3000000,'S2-1_3',649,,92774,18,,,0,59,,92773,18,,,0,21,,92778,3,0,14,0,4,,92733,18,,,0,9,,92775,3,0,14,0,12,,92734,18,,,0,47,,92776,3,0,14,0,10,,92735,18,,,0,8,,92777,3,0,14,0,12,,92736,18,,,0,20,,92737,18,,,0,62,,92738,18,,,0,20,,92739,18,,,0,20,,92740,18,,,0,61,,92741,18,,,0,17,,92742,18,,,0,21,,92743,18,,,0,60,,92744,18,,,0,20,,92745,18,,,0,21,,92746,18,,,0,61,,92747,18,,,0,19,,92748,18,,,0,21,,92749,18,,,0,59,,92750,18,,,0,20,,92751,18,,,0,19,,92752,18,,,0,60,,92753,18,,,0,21,,92754,18,,,0,20,,92755,18,,,0,61,,92756,18,,,0,19,,92757,18,,,0,19,,92758,18,,,0,61,,92759,18,,,0,16,,92760,18,,,0,20,,92761,18,,,0,61,,92762,18,,,0,20,,92763,18,,,0,20,,92764,18,,,0,59,,92765,18,,,0,20,,92766,18,,,0,20,,92767,18,,,0,60,,92768,18,,,0,19,,92769,18,,,0,29,,92770,18,,,0,73,,92771,18,,,0,72,,92772,18,,,0
3000000,'S2-2_6',652,,92779,18,,,0,82,,92780,18,,,0,82,,92781,18,,,0,30,,92782,18,,,0,60,,92783,18,,,0,20,,92784,18,,,0,21,,92785,18,,,0,60,,92786,18,,,0,20,,92787,18,,,0,20,,92788,18,,,0,61,,92789,18,,,0,19,,92790,18,,,0,20,,92791,18,,,0,60,,92792,18,,,0,19,,92793,18,,,0,19,,92794,18,,,0,60,,92795,18,,,0,20,,92796,18,,,0,21,,92797,18,,,0,59,,92798,18,,,0,21,,92799,18,,,0,20,,92800,18,,,0,61,,92801,18,,,0,20,,92802,18,,,0,20,,92803,18,,,0,60,,92804,18,,,0,20,,92805,18,,,0,20,,92806,18,,,0,60,,92807,18,,,0,20,,92808,18,,,0,20,,92809,18,,,0,60,,92810,18,,,0,19,,92811,18,,,0,19,,92812,18,,,0,59,,92813,18,,,0,30,,92814,18,,,0,70,,92815,18,,,0,29,,92816,18,,,0,69,,92817,18,,,0
3000000,'S2-3_7',814,,92819,18,,,0,130,,92820,18,,,0,170,,92827,18,,,0,130,,92826,18,,,0,170,,92825,18,,,0,130,,92823,18,,,0,100,,92832,3,0,14,0,70,,92824,18,,,0,30,,92818,3,0,14,0,70,,92828,3,0,14,0,29,,92822,18,,,0,71,,92829,3,0,14,0,30,,92830,3,0,14,0,69,,92821,18,,,0,91,,92831,3,0,14,0
3000000,'S2-4_1',649,,92874,18,,,0,59,,92873,18,,,0,21,,92878,3,0,14,0,4,,92833,18,,,0,9,,92875,3,0,14,0,12,,92834,18,,,0,47,,92876,3,0,14,0,10,,92835,18,,,0,8,,92877,3,0,14,0,12,,92836,18,,,0,20,,92837,18,,,0,62,,92838,18,,,0,20,,92839,18,,,0,20,,92840,18,,,0,61,,92841,18,,,0,17,,92842,18,,,0,21,,92843,18,,,0,60,,92844,18,,,0,20,,92845,18,,,0,21,,92846,18,,,0,61,,92847,18,,,0,19,,92848,18,,,0,21,,92849,18,,,0,59,,92850,18,,,0,20,,92851,18,,,0,19,,92852,18,,,0,60,,92853,18,,,0,21,,92854,18,,,0,20,,92855,18,,,0,61,,92856,18,,,0,19,,92857,18,,,0,19,,92858,18,,,0,61,,92859,18,,,0,16,,92860,18,,,0,20,,92861,18,,,0,61,,92862,18,,,0,20,,92863,18,,,0,20,,92864,18,,,0,59,,92865,18,,,0,20,,92866,18,,,0,20,,92867,18,,,0,60,,92868,18,,,0,19,,92869,18,,,0,29,,92870,18,,,0,73,,92871,18,,,0,72,,92872,18,,,0
3000000,'S2-4_2',649,,92920,18,,,0,59,,92919,18,,,0,21,,92924,3,0,14,0,4,,92879,18,,,0,9,,92921,3,0,14,0,12,,92880,18,,,0,47,,92922,3,0,14,0,10,,92881,18,,,0,8,,92923,3,0,14,0,12,,92882,18,,,0,20,,92883,18,,,0,62,,92884,18,,,0,20,,92885,18,,,0,20,,92886,18,,,0,61,,92887,18,,,0,17,,92888,18,,,0,21,,92889,18,,,0,60,,92890,18,,,0,20,,92891,18,,,0,21,,92892,18,,,0,61,,92893,18,,,0,19,,92894,18,,,0,21,,92895,18,,,0,59,,92896,18,,,0,20,,92897,18,,,0,19,,92898,18,,,0,60,,92899,18,,,0,21,,92900,18,,,0,20,,92901,18,,,0,61,,92902,18,,,0,19,,92903,18,,,0,19,,92904,18,,,0,61,,92905,18,,,0,16,,92906,18,,,0,20,,92907,18,,,0,61,,92908,18,,,0,20,,92909,18,,,0,20,,92910,18,,,0,59,,92911,18,,,0,20,,92912,18,,,0,20,,92913,18,,,0,60,,92914,18,,,0,19,,92915,18,,,0,29,,92916,18,,,0,73,,92917,18,,,0,72,,92918,18,,,0
3000000,'S2-4_4',649,,92966,18,,,0,59,,92965,18,,,0,21,,92970,3,0,14,0,4,,92925,18,,,0,9,,92967,3,0,14,0,12,,92926,18,,,0,47,,92968,3,0,14,0,10,,92927,18,,,0,8,,92969,3,0,14,0,12,,92928,18,,,0,20,,92929,18,,,0,62,,92930,18,,,0,20,,92931,18,,,0,20,,92932,18,,,0,61,,92933,18,,,0,17,,92934,18,,,0,21,,92935,18,,,0,60,,92936,18,,,0,20,,92937,18,,,0,21,,92938,18,,,0,61,,92939,18,,,0,19,,92940,18,,,0,21,,92941,18,,,0,59,,92942,18,,,0,20,,92943,18,,,0,19,,92944,18,,,0,60,,92945,18,,,0,21,,92946,18,,,0,20,,92947,18,,,0,61,,92948,18,,,0,19,,92949,18,,,0,19,,92950,18,,,0,61,,92951,18,,,0,16,,92952,18,,,0,20,,92953,18,,,0,61,,92954,18,,,0,20,,92955,18,,,0,20,,92956,18,,,0,59,,92957,18,,,0,20,,92958,18,,,0,20,,92959,18,,,0,60,,92960,18,,,0,19,,92961,18,,,0,29,,92962,18,,,0,73,,92963,18,,,0,72,,92964,18,,,0
