3000001,'0_6',700,,71656,27,,,0,42,,71657,27,,,0,85,,71658,27,,,0,77,,71659,27,,,0,22,,71660,27,,,0,20,,71661,27,,,0,61,,71662,27,,,0,20,,71663,27,,,0,20,,71664,27,,,0,61,,71665,27,,,0,20,,71666,27,,,0,19,,71667,27,,,0,61,,71668,27,,,0,20,,71669,27,,,0,19,,71670,27,,,0,59,,71671,27,,,0,20,,71672,27,,,0,20,,71673,27,,,0,60,,71674,27,,,0,21,,71675,27,,,0,20,,71676,27,,,0,60,,71677,27,,,0,21,,71678,27,,,0,20,,71679,27,,,0,60,,71680,27,,,0,20,,71681,27,,,0,21,,71682,27,,,0,61,,71683,27,,,0,20,,71684,27,,,0,20,,71685,27,,,0,59,,71686,27,,,0,19,,71687,27,,,0,19,,71688,27,,,0,60,,71689,27,,,0,18,,71690,27,,,0,30,,71692,27,,,0,67,,71693,27,,,0,30,,71691,27,,,0,68,,71694,27,,,0
3000001,'1_7',908,,71695,27,,,0,130,,71697,27,,,0,170,,71698,27,,,0,130,,71699,27,,,0,170,,71700,27,,,0,130,,71701,27,,,0,170,,71702,27,,,0,130,,71703,27,,,0,170,,71696,27,,,0
3000001,'5_1',710,,74844,27,,,0,21,,74803,27,,,0,20,,74804,27,,,0,60,,74805,27,,,0,21,,74806,27,,,0,20,,74807,27,,,0,59,,74808,27,,,0,21,,74809,27,,,0,21,,74810,27,,,0,60,,74811,27,,,0,20,,74812,27,,,0,20,,74813,27,,,0,61,,74814,27,,,0,19,,74815,27,,,0,20,,74816,27,,,0,60,,74817,27,,,0,19,,74818,27,,,0,19,,74819,27,,,0,60,,74820,27,,,0,19,,74821,27,,,0,21,,74822,27,,,0,60,,74823,27,,,0,21,,74824,27,,,0,20,,74825,27,,,0,59,,74826,27,,,0,21,,74827,27,,,0,20,,74828,27,,,0,60,,74829,27,,,0,21,,74830,27,,,0,20,,74831,27,,,0,61,,74832,27,,,0,20,,74833,27,,,0,20,,74834,27,,,0,60,,74835,27,,,0,19,,74836,27,,,0,19,,74837,27,,,0,61,,74838,27,,,0,20,,74839,27,,,0,20,,74840,27,,,0,69,,74841,27,,,0,27,,74842,27,,,0,69,,74843,27,,,0
3000001,'5_2',710,,77464,27,,,0,21,,77423,27,,,0,20,,77424,27,,,0,60,,77425,27,,,0,21,,77426,27,,,0,20,,77427,27,,,0,59,,77428,27,,,0,21,,77429,27,,,0,21,,77430,27,,,0,60,,77431,27,,,0,20,,77432,27,,,0,20,,77433,27,,,0,61,,77434,27,,,0,19,,77435,27,,,0,20,,77436,27,,,0,60,,77437,27,,,0,19,,77438,27,,,0,19,,77439,27,,,0,60,,77440,27,,,0,19,,77441,27,,,0,21,,77442,27,,,0,60,,77443,27,,,0,21,,77444,27,,,0,20,,77445,27,,,0,59,,77446,27,,,0,21,,77447,27,,,0,20,,77448,27,,,0,60,,77449,27,,,0,21,,77450,27,,,0,20,,77451,27,,,0,61,,77452,27,,,0,20,,77453,27,,,0,20,,77454,27,,,0,60,,77455,27,,,0,19,,77456,27,,,0,19,,77457,27,,,0,61,,77458,27,,,0,20,,77459,27,,,0,20,,77460,27,,,0,69,,77461,27,,,0,27,,77462,27,,,0,69,,77463,27,,,0
3000001,'5_3',710,,77506,27,,,0,21,,77465,27,,,0,20,,77466,27,,,0,60,,77467,27,,,0,21,,77468,27,,,0,20,,77469,27,,,0,59,,77470,27,,,0,21,,77471,27,,,0,21,,77472,27,,,0,60,,77473,27,,,0,20,,77474,27,,,0,20,,77475,27,,,0,61,,77476,27,,,0,19,,77477,27,,,0,20,,77478,27,,,0,60,,77479,27,,,0,19,,77480,27,,,0,19,,77481,27,,,0,60,,77482,27,,,0,19,,77483,27,,,0,21,,77484,27,,,0,60,,77485,27,,,0,21,,77486,27,,,0,20,,77487,27,,,0,59,,77488,27,,,0,21,,77489,27,,,0,20,,77490,27,,,0,60,,77491,27,,,0,21,,77492,27,,,0,20,,77493,27,,,0,61,,77494,27,,,0,20,,77495,27,,,0,20,,77496,27,,,0,60,,77497,27,,,0,19,,77498,27,,,0,19,,77499,27,,,0,61,,77500,27,,,0,20,,77501,27,,,0,20,,77502,27,,,0,69,,77503,27,,,0,27,,77504,27,,,0,69,,77505,27,,,0
3000001,'7_1',710,,81789,27,,,0,21,,81748,27,,,0,20,,81749,27,,,0,60,,81750,27,,,0,21,,81751,27,,,0,20,,81752,27,,,0,59,,81753,27,,,0,21,,81754,27,,,0,21,,81755,27,,,0,60,,81756,27,,,0,20,,81757,27,,,0,20,,81758,27,,,0,61,,81759,27,,,0,19,,81760,27,,,0,20,,81761,27,,,0,60,,81762,27,,,0,19,,81763,27,,,0,19,,81764,27,,,0,60,,81765,27,,,0,19,,81766,27,,,0,21,,81767,27,,,0,60,,81768,27,,,0,21,,81769,27,,,0,20,,81770,27,,,0,59,,81771,27,,,0,21,,81772,27,,,0,20,,81773,27,,,0,60,,81774,27,,,0,21,,81775,27,,,0,20,,81776,27,,,0,61,,81777,27,,,0,20,,81778,27,,,0,20,,81779,27,,,0,60,,81780,27,,,0,19,,81781,27,,,0,19,,81782,27,,,0,61,,81783,27,,,0,20,,81784,27,,,0,20,,81785,27,,,0,69,,81786,27,,,0,27,,81787,27,,,0,69,,81788,27,,,0
3000001,'7_2',710,,83709,27,,,0,21,,83668,27,,,0,20,,83669,27,,,0,60,,83670,27,,,0,21,,83671,27,,,0,20,,83672,27,,,0,59,,83673,27,,,0,21,,83674,27,,,0,21,,83675,27,,,0,60,,83676,27,,,0,20,,83677,27,,,0,20,,83678,27,,,0,61,,83679,27,,,0,19,,83680,27,,,0,20,,83681,27,,,0,60,,83682,27,,,0,19,,83683,27,,,0,19,,83684,27,,,0,60,,83685,27,,,0,19,,83686,27,,,0,21,,83687,27,,,0,60,,83688,27,,,0,21,,83689,27,,,0,20,,83690,27,,,0,59,,83691,27,,,0,21,,83692,27,,,0,20,,83693,27,,,0,60,,83694,27,,,0,21,,83695,27,,,0,20,,83696,27,,,0,61,,83697,27,,,0,20,,83698,27,,,0,20,,83699,27,,,0,60,,83700,27,,,0,19,,83701,27,,,0,19,,83702,27,,,0,61,,83703,27,,,0,20,,83704,27,,,0,20,,83705,27,,,0,69,,83706,27,,,0,27,,83707,27,,,0,69,,83708,27,,,0
3000001,'7_3',710,,83751,27,,,0,21,,83710,27,,,0,20,,83711,27,,,0,60,,83712,27,,,0,21,,83713,27,,,0,20,,83714,27,,,0,59,,83715,27,,,0,21,,83716,27,,,0,21,,83717,27,,,0,60,,83718,27,,,0,20,,83719,27,,,0,20,,83720,27,,,0,61,,83721,27,,,0,19,,83722,27,,,0,20,,83723,27,,,0,60,,83724,27,,,0,19,,83725,27,,,0,19,,83726,27,,,0,60,,83727,27,,,0,19,,83728,27,,,0,21,,83729,27,,,0,60,,83730,27,,,0,21,,83731,27,,,0,20,,83732,27,,,0,59,,83733,27,,,0,21,,83734,27,,,0,20,,83735,27,,,0,60,,83736,27,,,0,21,,83737,27,,,0,20,,83738,27,,,0,61,,83739,27,,,0,20,,83740,27,,,0,20,,83741,27,,,0,60,,83742,27,,,0,19,,83743,27,,,0,19,,83744,27,,,0,61,,83745,27,,,0,20,,83746,27,,,0,20,,83747,27,,,0,69,,83748,27,,,0,27,,83749,27,,,0,69,,83750,27,,,0
3000001,'7_4',710,,79983,27,,,0,21,,79942,27,,,0,20,,79943,27,,,0,60,,79944,27,,,0,21,,79945,27,,,0,20,,79946,27,,,0,59,,79947,27,,,0,21,,79948,27,,,0,21,,79949,27,,,0,60,,79950,27,,,0,20,,79951,27,,,0,20,,79952,27,,,0,61,,79953,27,,,0,19,,79954,27,,,0,20,,79955,27,,,0,60,,79956,27,,,0,19,,79957,27,,,0,19,,79958,27,,,0,60,,79959,27,,,0,19,,79960,27,,,0,21,,79961,27,,,0,60,,79962,27,,,0,21,,79963,27,,,0,20,,79964,27,,,0,59,,79965,27,,,0,21,,79966,27,,,0,20,,79967,27,,,0,60,,79968,27,,,0,21,,79969,27,,,0,20,,79970,27,,,0,61,,79971,27,,,0,20,,79972,27,,,0,20,,79973,27,,,0,60,,79974,27,,,0,19,,79975,27,,,0,19,,79976,27,,,0,61,,79977,27,,,0,20,,79978,27,,,0,20,,79979,27,,,0,69,,79980,27,,,0,27,,79981,27,,,0,69,,79982,27,,,0
3000001,'7_5',710,,81831,27,,,0,21,,81790,27,,,0,20,,81791,27,,,0,60,,81792,27,,,0,21,,81793,27,,,0,20,,81794,27,,,0,59,,81795,27,,,0,21,,81796,27,,,0,21,,81797,27,,,0,60,,81798,27,,,0,20,,81799,27,,,0,20,,81800,27,,,0,61,,81801,27,,,0,19,,81802,27,,,0,20,,81803,27,,,0,60,,81804,27,,,0,19,,81805,27,,,0,19,,81806,27,,,0,60,,81807,27,,,0,19,,81808,27,,,0,21,,81809,27,,,0,60,,81810,27,,,0,21,,81811,27,,,0,20,,81812,27,,,0,59,,81813,27,,,0,21,,81814,27,,,0,20,,81815,27,,,0,60,,81816,27,,,0,21,,81817,27,,,0,20,,81818,27,,,0,61,,81819,27,,,0,20,,81820,27,,,0,20,,81821,27,,,0,60,,81822,27,,,0,19,,81823,27,,,0,19,,81824,27,,,0,61,,81825,27,,,0,20,,81826,27,,,0,20,,81827,27,,,0,69,,81828,27,,,0,27,,81829,27,,,0,69,,81830,27,,,0
