400,'0_4',733,,95845,26,0,43,0,15,,95853,26,0,40,0,55,,95822,26,0,40,0,13,,95823,26,0,40,0,14,,95847,26,0,40,0,15,,95824,26,0,40,0,13,,95825,26,0,40,0,71,,95826,26,0,40,0,79,,95827,38,0,40,0,31,,95828,26,0,40,0,71,,95829,26,0,40,0,36,,95830,26,0,40,0,76,,95831,26,0,40,0,23,,95851,26,,,0,65,,95848,38,0,40,0,29,,95832,26,0,40,0,67,,95833,26,0,40,0,30,,95836,38,0,40,0,75,,95834,26,0,40,0,30,,95837,38,0,40,0,76,,95835,26,0,40,0,29,,95854,26,0,40,0,68,,95838,38,0,40,0,5,,95849,10,0,40,0,14,,95839,26,0,40,0,14,,95855,26,,,0,54,,95841,26,0,40,0,25,,95844,10,0,40,0,19,,95852,26,,,0,75,,95842,26,0,40,0,24,,95843,38,0,40,0
400,'0_5',733,,95879,26,0,43,0,15,,95887,26,0,40,0,55,,95856,26,0,40,0,13,,95857,26,0,40,0,14,,95881,26,0,40,0,15,,95858,26,0,40,0,13,,95859,26,0,40,0,71,,95860,26,0,40,0,79,,95861,38,0,40,0,31,,95862,26,0,40,0,71,,95863,26,0,40,0,36,,95864,26,0,40,0,76,,95865,26,0,40,0,23,,95885,26,,,0,65,,95882,38,0,40,0,29,,95866,26,0,40,0,67,,95867,26,0,40,0,30,,95870,38,0,40,0,75,,95868,26,0,40,0,30,,95871,38,0,40,0,76,,95869,26,0,40,0,29,,95888,26,0,40,0,68,,95872,38,0,40,0,5,,95883,10,0,40,0,14,,95873,26,0,40,0,14,,95889,26,,,0,54,,95875,26,0,40,0,25,,95878,10,0,40,0,19,,95886,26,,,0,75,,95876,26,0,40,0,24,,95877,38,0,40,0
400,'1_3',733,,95912,26,0,43,0,15,,95920,26,0,40,0,55,,95890,26,0,40,0,13,,95891,26,0,40,0,14,,95914,26,0,40,0,15,,95892,26,0,40,0,13,,95893,26,0,40,0,71,,95894,26,0,40,0,79,,95895,38,0,40,0,31,,95896,26,0,40,0,71,,95897,26,0,40,0,36,,95898,26,0,40,0,76,,95899,26,0,40,0,23,,95918,26,,,0,65,,95915,38,0,40,0,29,,95900,26,0,40,0,67,,95901,26,0,40,0,30,,95904,38,0,40,0,75,,95902,26,0,40,0,30,,95905,38,0,40,0,76,,95903,26,0,40,0,29,,95921,26,0,40,0,68,,95906,38,0,40,0,5,,95916,10,0,40,0,14,,95907,26,0,40,0,14,,95922,26,,,0,54,,95909,26,0,40,0,25,,95908,38,0,40,0,19,,95919,26,,,0,75,,95910,26,0,40,0,24,,95911,38,0,40,0
400,'2_6',729,,95929,26,0,40,0,105,,95930,26,0,40,0,73,,95923,38,0,40,0,27,,95931,26,0,40,0,72,,95932,26,0,40,0,30,,95933,26,0,40,0,71,,95924,38,0,40,0,31,,95934,26,0,40,0,69,,95936,26,0,40,0,30,,95935,26,0,40,0,69,,95925,38,0,40,0,31,,95937,26,0,40,0,70,,95938,26,0,40,0,29,,95939,26,0,40,0,73,,95926,38,0,40,0,32,,95940,26,0,40,0,69,,95941,26,0,40,0,30,,95942,26,0,40,0,72,,95927,38,0,40,0,35,,95943,26,0,40,0,71,,95944,26,0,40,0,31,,95945,26,0,40,0,69,,95928,38,0,40,0,31,,95946,26,0,40,0
400,'3_7',844,,95947,38,0,40,0,165,,95948,38,0,40,0,125,,95949,38,0,40,0,200,,95950,38,0,40,0,166,,95951,38,0,40,0,125,,95952,38,0,40,0,126,,95953,38,0,40,0,164,,95954,38,0,40,0
400,'4_1',733,,95978,26,0,43,0,15,,95986,26,0,40,0,55,,95955,26,0,40,0,13,,95956,26,0,40,0,14,,95980,26,0,40,0,15,,95957,26,0,40,0,13,,95958,26,0,40,0,71,,95959,26,0,40,0,79,,95960,38,0,40,0,31,,95961,26,0,40,0,71,,95962,26,0,40,0,36,,95963,26,0,40,0,76,,95964,26,0,40,0,23,,95984,26,,,0,65,,95981,38,0,40,0,29,,95965,26,0,40,0,67,,95966,26,0,40,0,30,,95969,38,0,40,0,75,,95967,26,0,40,0,30,,95970,38,0,40,0,76,,95968,26,0,40,0,29,,95987,26,0,40,0,68,,95971,38,0,40,0,5,,95982,10,0,40,0,14,,95972,26,0,40,0,14,,95988,26,,,0,54,,95974,26,0,40,0,25,,95977,10,0,40,0,19,,95985,26,,,0,75,,95975,26,0,40,0,24,,95976,38,0,40,0
400,'4_2',733,,96012,26,0,43,0,15,,96020,26,0,40,0,55,,95989,26,0,40,0,13,,95990,26,0,40,0,14,,96014,26,0,40,0,15,,95991,26,0,40,0,13,,95992,26,0,40,0,71,,95993,26,0,40,0,79,,95994,38,0,40,0,31,,95995,26,0,40,0,71,,95996,26,0,40,0,36,,95997,26,0,40,0,76,,95998,26,0,40,0,23,,96018,26,,,0,65,,96015,38,0,40,0,29,,95999,26,0,40,0,67,,96000,26,0,40,0,30,,96003,38,0,40,0,75,,96001,26,0,40,0,30,,96004,38,0,40,0,76,,96002,26,0,40,0,29,,96021,26,0,40,0,68,,96005,38,0,40,0,5,,96016,10,0,40,0,14,,96006,26,0,40,0,14,,96022,26,,,0,54,,96008,26,0,40,0,25,,96011,10,0,40,0,19,,96019,26,,,0,75,,96009,26,0,40,0,24,,96010,38,0,40,0
400,'4_4',733,,96046,26,0,43,0,15,,96054,26,0,40,0,55,,96023,26,0,40,0,13,,96024,26,0,40,0,14,,96048,26,0,40,0,15,,96025,26,0,40,0,13,,96026,26,0,40,0,71,,96027,26,0,40,0,79,,96028,38,0,40,0,31,,96029,26,0,40,0,71,,96030,26,0,40,0,36,,96031,26,0,40,0,76,,96032,26,0,40,0,23,,96052,26,,,0,65,,96049,38,0,40,0,29,,96033,26,0,40,0,67,,96034,26,0,40,0,30,,96037,38,0,40,0,75,,96035,26,0,40,0,30,,96038,38,0,40,0,76,,96036,26,0,40,0,29,,96055,26,0,40,0,68,,96039,38,0,40,0,5,,96050,10,0,40,0,14,,96040,26,0,40,0,14,,96056,26,,,0,54,,96042,26,0,40,0,25,,96045,10,0,40,0,19,,96053,26,,,0,75,,96043,26,0,40,0,24,,96044,38,0,40,0
400,'4_5',733,,96080,26,0,43,0,15,,96088,26,0,40,0,55,,96057,26,0,40,0,13,,96058,26,0,40,0,14,,96082,26,0,40,0,15,,96059,26,0,40,0,13,,96060,26,0,40,0,71,,96061,26,0,40,0,79,,96062,38,0,40,0,31,,96063,26,0,40,0,71,,96064,26,0,40,0,36,,96065,26,0,40,0,76,,96066,26,0,40,0,23,,96086,26,,,0,65,,96083,38,0,40,0,29,,96067,26,0,40,0,67,,96068,26,0,40,0,30,,96071,38,0,40,0,75,,96069,26,0,40,0,30,,96072,38,0,40,0,76,,96070,26,0,40,0,29,,96089,26,0,40,0,68,,96073,38,0,40,0,5,,96084,10,0,40,0,14,,96074,26,0,40,0,14,,96090,26,,,0,54,,96076,26,0,40,0,25,,96079,10,0,40,0,19,,96087,26,,,0,75,,96077,26,0,40,0,24,,96078,38,0,40,0
400,'5_7',844,,96091,38,0,40,0,165,,96092,38,0,40,0,125,,96093,38,0,40,0,200,,96094,38,0,40,0,166,,96095,38,0,40,0,125,,96096,38,0,40,0,126,,96097,38,0,40,0,164,,96098,38,0,40,0
2300,'0_4',1610,,98616,7,,,0,103,,98617,7,,,0,99,,98618,7,,,0
2300,'0_5',1610,,98619,7,,,0,103,,98620,7,,,0,99,,98621,7,,,0
2300,'1_3',1216,,98623,7,,,0,3,,98622,7,,,0
2300,'4_1',1610,,98624,7,,,0,103,,98625,7,,,0,99,,98626,7,,,0
2300,'4_2',1610,,98627,7,,,0,103,,98628,7,,,0,99,,98629,7,,,0
2300,'4_4',1610,,98630,7,,,0,103,,98631,7,,,0,99,,98632,7,,,0
2300,'4_5',1610,,98633,7,,,0,103,,98634,7,,,0,99,,98635,7,,,0
