800,'S2-0_2',703,,87065,14,,,0,33,,87066,14,,,0,67,,87067,14,,,0,31,,87068,14,,,0,80,,87069,14,,,0,110,,87070,14,,,0,117,,87071,14,,,0,111,,87072,14,,,0,150,,87073,14,,,0,112,,87075,14,,,0,110,,87074,14,,,0
800,'S2-0_4',703,,87076,14,,,0,33,,87077,14,,,0,67,,87078,14,,,0,31,,87079,14,,,0,80,,87080,14,,,0,110,,87081,14,,,0,117,,87082,14,,,0,111,,87083,14,,,0,150,,87084,14,,,0,112,,87086,14,,,0,110,,87085,14,,,0
800,'S2-0_5',703,,87087,14,,,0,33,,87088,14,,,0,67,,87089,14,,,0,31,,87090,14,,,0,80,,87091,14,,,0,110,,87092,14,,,0,117,,87093,14,,,0,111,,87094,14,,,0,150,,87095,14,,,0,112,,87097,14,,,0,110,,87096,14,,,0
800,'S2-1_3',703,,87098,14,,,0,33,,87099,14,,,0,67,,87100,14,,,0,31,,87101,14,,,0,80,,87102,14,,,0,110,,87103,14,,,0,117,,87104,14,,,0,111,,87105,14,,,0,150,,87106,14,,,0,112,,87108,14,,,0,110,,87107,14,,,0
800,'S2-4_1',703,,87109,14,,,0,33,,87110,14,,,0,67,,87111,14,,,0,31,,87112,14,,,0,80,,87113,14,,,0,110,,87114,14,,,0,117,,87115,14,,,0,111,,87116,14,,,0,150,,87117,14,,,0,112,,87119,14,,,0,110,,87118,14,,,0
800,'S2-4_2',703,,87120,14,,,0,33,,87121,14,,,0,67,,87122,14,,,0,31,,87123,14,,,0,80,,87124,14,,,0,110,,87125,14,,,0,117,,87126,14,,,0,111,,87127,14,,,0,150,,87128,14,,,0,112,,87130,14,,,0,110,,87129,14,,,0
800,'S2-4_4',703,,87131,14,,,0,33,,87132,14,,,0,67,,87133,14,,,0,31,,87134,14,,,0,80,,87135,14,,,0,110,,87136,14,,,0,117,,87137,14,,,0,111,,87138,14,,,0,150,,87139,14,,,0,112,,87141,14,,,0,110,,87140,14,,,0
2200,'S2-0_2',708,,88556,10,0,11 15 16,0,20,,88562,10,0,17,0,102,,88557,10,0,11 15 16,0,513,,88559,10,0,42,0,305,,88560,10,0,42,0,63,,88558,10,0,11 15 16,0,37,,88561,10,0,42,0
2200,'S2-0_4',708,,88563,10,0,11 15 16,0,20,,88569,10,0,17,0,102,,88564,10,0,11 15 16,0,513,,88566,10,0,42,0,305,,88567,10,0,42,0,63,,88565,10,0,11 15 16,0,37,,88568,10,0,42,0
2200,'S2-0_5',708,,88570,10,0,11 15 16,0,20,,88576,10,0,17,0,102,,88571,10,0,11 15 16,0,513,,88573,10,0,42,0,305,,88574,10,0,42,0,63,,88572,10,0,11 15 16,0,37,,88575,10,0,42,0
2200,'S2-1_3',708,,88577,10,0,11 15 16,0,20,,88581,10,0,17,0,102,,88578,10,0,11 15 16,0,513,,88580,10,0,42,0,368,,88579,10,0,11 15 16,0
2200,'S2-4_1',708,,88582,10,0,11 15 16,0,20,,88588,10,0,17,0,102,,88583,10,0,11 15 16,0,513,,88585,10,0,42,0,305,,88586,10,0,42,0,63,,88584,10,0,11 15 16,0,37,,88587,10,0,42,0
2200,'S2-4_2',708,,88589,10,0,11 15 16,0,20,,88595,10,0,17,0,102,,88590,10,0,11 15 16,0,513,,88592,10,0,42,0,305,,88593,10,0,42,0,63,,88591,10,0,11 15 16,0,37,,88594,10,0,42,0
2200,'S2-4_4',708,,88596,10,0,11 15 16,0,20,,88602,10,0,17,0,102,,88597,10,0,11 15 16,0,513,,88599,10,0,42,0,305,,88600,10,0,42,0,63,,88598,10,0,11 15 16,0,37,,88601,10,0,42,0
2401,'S2-0_2',1640,,88718,22,,,0,104,,88719,22,,,0
2401,'S2-0_4',1640,,88721,22,,,0,104,,88722,22,,,0
2401,'S2-0_5',1640,,88724,22,,,0,104,,88725,22,,,0
2401,'S2-4_1',1640,,88728,22,,,0,104,,88729,22,,,0
2401,'S2-4_2',1640,,88731,22,,,0,104,,88732,22,,,0
2401,'S2-4_4',1640,,88734,22,,,0,104,,88735,22,,,0
