400,'S2-0_2',924,,85877,8,0,40,0,303,,85898,8,0,40,0,124,,85886,8,0,40,0,104,,85887,8,0,40,0,165,,85888,8,0,40,0,119,,85890,8,0,40,0,164,,85893,8,0,40,0
400,'S2-0_4',924,,85911,8,0,40,0,303,,85932,8,0,40,0,124,,85920,8,0,40,0,104,,85921,8,0,40,0,165,,85922,8,0,40,0,119,,85924,8,0,40,0,164,,85927,8,0,40,0
400,'S2-0_5',924,,85945,8,0,40,0,303,,85966,8,0,40,0,124,,85954,8,0,40,0,104,,85955,8,0,40,0,165,,85956,8,0,40,0,119,,85958,8,0,40,0,164,,85961,8,0,40,0
400,'S2-1_3',924,,85979,8,0,40,0,303,,85999,8,0,40,0,124,,85988,8,0,40,0,104,,85989,8,0,40,0,165,,85990,8,0,40,0,119,,85992,8,0,40,0,164,,85995,8,0,40,0
400,'S2-2_6',826,,86007,8,0,40,0,198,,86008,8,0,40,0,200,,86009,8,0,40,0,201,,86010,8,0,40,0,202,,86011,8,0,40,0,209,,86012,8,0,40,0
400,'S2-3_7',807,,86031,8,0,40,0,125,,86032,8,0,40,0,125,,86033,8,0,40,0,200,,86034,8,0,40,0,165,,86035,8,0,40,0,125,,86036,8,0,40,0,166,,86037,8,0,40,0,125,,86038,8,0,40,0
400,'S2-4_1',924,,86044,8,0,40,0,303,,86065,8,0,40,0,124,,86053,8,0,40,0,104,,86054,8,0,40,0,165,,86055,8,0,40,0,119,,86057,8,0,40,0,164,,86060,8,0,40,0
400,'S2-4_2',924,,86078,8,0,40,0,303,,86099,8,0,40,0,124,,86087,8,0,40,0,104,,86088,8,0,40,0,165,,86089,8,0,40,0,119,,86091,8,0,40,0,164,,86094,8,0,40,0
400,'S2-4_4',924,,86112,8,0,40,0,303,,86133,8,0,40,0,124,,86121,8,0,40,0,104,,86122,8,0,40,0,165,,86123,8,0,40,0,119,,86125,8,0,40,0,164,,86128,8,0,40,0
2901200,'S2-0_2',643,,92560,8,,,0,104,,92559,8,,,0
2901200,'S2-0_4',643,,92562,8,,,0,104,,92561,8,,,0
2901200,'S2-0_5',643,,92564,8,,,0,104,,92563,8,,,0
2901200,'S2-1_3',643,,92566,8,,,0,104,,92565,8,,,0
2901200,'S2-4_1',643,,92568,8,,,0,104,,92567,8,,,0
2901200,'S2-4_2',643,,92570,8,,,0,104,,92569,8,,,0
2901200,'S2-4_4',643,,92572,8,,,0,104,,92571,8,,,0
