601,'0_6',615,,65847,13,,,0,103,,65848,13,,,0,35,,65849,13,,,0,99,,65850,13,,,0,91,,65851,13,,,0,101,,65852,13,,,0,84,,65853,13,,,0,98,,65854,13,,,0,78,,65862,13,,,0,55,,65863,13,0,69,0,83,,65855,13,,,0,87,,65856,13,,,0,94,,65857,13,,,0,91,,65858,13,,,0,91,,65859,13,,,0,50,,65860,13,,,0,86,,65861,13,,,0
601,'1_7',820,,65864,13,0,69,0,105,,65865,13,0,69,0,115,,65866,13,0,69,0,118,,65867,13,0,69,0,197,,65868,13,0,69,0,162,,65869,13,0,69,0,111,,65870,13,0,69,0,106,,65871,13,0,69,0,108,,65872,13,0,69,0
601,'5_1',615,,74251,13,,,0,103,,74252,13,,,0,35,,74253,13,,,0,99,,74254,13,,,0,91,,74255,13,,,0,101,,74256,13,,,0,84,,74257,13,,,0,98,,74258,13,,,0,78,,74266,13,,,0,55,,74267,13,0,69,0,83,,74259,13,,,0,87,,74260,13,,,0,94,,74261,13,,,0,91,,74262,13,,,0,91,,74263,13,,,0,50,,74264,13,,,0,86,,74265,13,,,0
601,'5_2',615,,75767,13,,,0,103,,75768,13,,,0,35,,75769,13,,,0,99,,75770,13,,,0,91,,75771,13,,,0,101,,75772,13,,,0,84,,75773,13,,,0,98,,75774,13,,,0,78,,75782,13,,,0,55,,75783,13,0,69,0,83,,75775,13,,,0,87,,75776,13,,,0,94,,75777,13,,,0,91,,75778,13,,,0,91,,75779,13,,,0,50,,75780,13,,,0,86,,75781,13,,,0
601,'5_3',615,,75784,13,,,0,103,,75785,13,,,0,35,,75786,13,,,0,99,,75787,13,,,0,91,,75788,13,,,0,101,,75789,13,,,0,84,,75790,13,,,0,98,,75791,13,,,0,78,,75799,13,,,0,55,,75800,13,0,69,0,83,,75792,13,,,0,87,,75793,13,,,0,94,,75794,13,,,0,91,,75795,13,,,0,91,,75796,13,,,0,50,,75797,13,,,0,86,,75798,13,,,0
601,'7_1',615,,80643,13,,,0,103,,80644,13,,,0,35,,80645,13,,,0,99,,80646,13,,,0,91,,80647,13,,,0,101,,80648,13,,,0,84,,80649,13,,,0,98,,80650,13,,,0,78,,80658,13,,,0,55,,80659,13,0,69,0,83,,80651,13,,,0,87,,80652,13,,,0,94,,80653,13,,,0,91,,80654,13,,,0,91,,80655,13,,,0,50,,80656,13,,,0,86,,80657,13,,,0
601,'7_2',615,,82564,13,,,0,103,,82565,13,,,0,35,,82566,13,,,0,99,,82567,13,,,0,91,,82568,13,,,0,101,,82569,13,,,0,84,,82570,13,,,0,98,,82571,13,,,0,78,,82579,13,,,0,55,,82580,13,0,69,0,83,,82572,13,,,0,87,,82573,13,,,0,94,,82574,13,,,0,91,,82575,13,,,0,91,,82576,13,,,0,50,,82577,13,,,0,86,,82578,13,,,0
601,'7_3',615,,82581,13,,,0,103,,82582,13,,,0,35,,82583,13,,,0,99,,82584,13,,,0,91,,82585,13,,,0,101,,82586,13,,,0,84,,82587,13,,,0,98,,82588,13,,,0,78,,82596,13,,,0,55,,82597,13,0,69,0,83,,82589,13,,,0,87,,82590,13,,,0,94,,82591,13,,,0,91,,82592,13,,,0,91,,82593,13,,,0,50,,82594,13,,,0,86,,82595,13,,,0
601,'7_4',615,,79390,13,,,0,103,,79391,13,,,0,35,,79392,13,,,0,99,,79393,13,,,0,91,,79394,13,,,0,101,,79395,13,,,0,84,,79396,13,,,0,98,,79397,13,,,0,78,,79405,13,,,0,55,,79406,13,0,69,0,83,,79398,13,,,0,87,,79399,13,,,0,94,,79400,13,,,0,91,,79401,13,,,0,91,,79402,13,,,0,50,,79403,13,,,0,86,,79404,13,,,0
601,'7_5',615,,80660,13,,,0,103,,80661,13,,,0,35,,80662,13,,,0,99,,80663,13,,,0,91,,80664,13,,,0,101,,80665,13,,,0,84,,80666,13,,,0,98,,80667,13,,,0,78,,80675,13,,,0,55,,80676,13,0,69,0,83,,80668,13,,,0,87,,80669,13,,,0,94,,80670,13,,,0,91,,80671,13,,,0,91,,80672,13,,,0,50,,80673,13,,,0,86,,80674,13,,,0
901,'0_6',743,,66610,9,,,0,99,,66618,9,0,66,0,264,,66621,9,,,0,95,,66619,9,0,66,0,327,,66622,9,,,0,91,,66611,9,,,0,95,,66612,9,,,0,129,,66613,9,,,0,95,,66614,9,,,0
901,'5_1',743,,74328,9,,,0,99,,74336,9,0,66,0,264,,74339,9,,,0,95,,74337,9,0,66,0,327,,74340,9,,,0,91,,74329,9,,,0,95,,74330,9,,,0,129,,74331,9,,,0,95,,74332,9,,,0
901,'5_2',743,,75998,9,,,0,99,,76006,9,0,66,0,264,,76009,9,,,0,95,,76007,9,0,66,0,327,,76010,9,,,0,91,,75999,9,,,0,95,,76000,9,,,0,129,,76001,9,,,0,95,,76002,9,,,0
901,'5_3',743,,76011,9,,,0,99,,76019,9,0,66,0,264,,76022,9,,,0,95,,76020,9,0,66,0,327,,76023,9,,,0,91,,76012,9,,,0,95,,76013,9,,,0,129,,76014,9,,,0,95,,76015,9,,,0
901,'7_1',743,,80797,9,,,0,99,,80805,9,0,66,0,264,,80808,9,,,0,95,,80806,9,0,66,0,327,,80809,9,,,0,91,,80798,9,,,0,95,,80799,9,,,0,129,,80800,9,,,0,95,,80801,9,,,0
901,'7_2',743,,82718,9,,,0,99,,82726,9,0,66,0,264,,82729,9,,,0,95,,82727,9,0,66,0,327,,82730,9,,,0,91,,82719,9,,,0,95,,82720,9,,,0,129,,82721,9,,,0,95,,82722,9,,,0
901,'7_3',743,,82731,9,,,0,99,,82739,9,0,66,0,264,,82742,9,,,0,95,,82740,9,0,66,0,327,,82743,9,,,0,91,,82732,9,,,0,95,,82733,9,,,0,129,,82734,9,,,0,95,,82735,9,,,0
901,'7_4',743,,79467,9,,,0,99,,79475,9,0,66,0,264,,79478,9,,,0,95,,79476,9,0,66,0,327,,79479,9,,,0,91,,79468,9,,,0,95,,79469,9,,,0,129,,79470,9,,,0,95,,79471,9,,,0
901,'7_5',743,,80810,9,,,0,99,,80818,9,0,66,0,264,,80821,9,,,0,95,,80819,9,0,66,0,327,,80822,9,,,0,91,,80811,9,,,0,95,,80812,9,,,0,129,,80813,9,,,0,95,,80814,9,,,0
1001,'0_6',658,,66890,4,0,61 65,0,94,,66900,4,,,0,152,,66891,4,0,61 65,0,105,,66901,4,,,0,143,,66902,4,,,0,87,,66897,4,0,61 65,0,97,,66892,4,0,61 65,0,95,,66903,4,,,0,111,,66893,4,0,61 65,0,95,,66894,4,0,61 65,0,108,,66904,4,,,0,92,,66898,4,0,61 65,0,111,,66899,4,0,61 65,0,90,,66895,4,0,61 65,0,100,,66896,4,0,61 65,0
1001,'1_7',919,,66905,4,,,0,320,,66906,4,,,0,410,,66907,4,,,0,310,,66908,4,0,61 65,0
1001,'5_1',748,,74354,4,,,0,108,,74355,4,0,61 65,0,97,,74361,2,,,0,153,,74356,4,0,61 65,0,101,,74362,2,0,61 65,0,94,,74359,2,,,0,109,,74363,4,0,61 65,0,90,,74360,2,,,0,129,,74364,4,0,61 65,0,121,,74365,4,,,0,94,,74357,4,0,61 65,0,99,,74358,4,0,61 65,0
1001,'5_2',748,,76076,4,,,0,108,,76077,4,0,61 65,0,97,,76083,2,,,0,153,,76078,4,0,61 65,0,101,,76084,2,0,61 65,0,94,,76081,2,,,0,109,,76085,4,0,61 65,0,90,,76082,2,,,0,129,,76086,4,0,61 65,0,121,,76087,4,,,0,94,,76079,4,0,61 65,0,99,,76080,4,0,61 65,0
1001,'5_3',748,,76088,4,,,0,108,,76089,4,0,61 65,0,97,,76095,2,,,0,153,,76090,4,0,61 65,0,101,,76096,2,0,61 65,0,94,,76093,2,,,0,109,,76097,4,0,61 65,0,90,,76094,2,,,0,129,,76098,4,0,61 65,0,121,,76099,4,,,0,94,,76091,4,0,61 65,0,99,,76092,4,0,61 65,0
1001,'7_1',748,,80849,4,,,0,108,,80850,4,0,61 65,0,97,,80856,2,,,0,153,,80851,4,0,61 65,0,101,,80857,2,0,61 65,0,94,,80854,2,,,0,109,,80858,4,0,61 65,0,90,,80855,2,,,0,129,,80859,4,0,61 65,0,121,,80860,4,,,0,94,,80852,4,0,61 65,0,99,,80853,4,0,61 65,0
1001,'7_2',748,,82770,4,,,0,108,,82771,4,0,61 65,0,97,,82777,2,,,0,153,,82772,4,0,61 65,0,101,,82778,2,0,61 65,0,94,,82775,2,,,0,109,,82779,4,0,61 65,0,90,,82776,2,,,0,129,,82780,4,0,61 65,0,121,,82781,4,,,0,94,,82773,4,0,61 65,0,99,,82774,4,0,61 65,0
1001,'7_3',748,,82782,4,,,0,108,,82783,4,0,61 65,0,97,,82789,2,,,0,153,,82784,4,0,61 65,0,101,,82790,2,0,61 65,0,94,,82787,2,,,0,109,,82791,4,0,61 65,0,90,,82788,2,,,0,129,,82792,4,0,61 65,0,121,,82793,4,,,0,94,,82785,4,0,61 65,0,99,,82786,4,0,61 65,0
1001,'7_4',748,,79493,4,,,0,108,,79494,4,0,61 65,0,97,,79500,2,,,0,153,,79495,4,0,61 65,0,101,,79501,2,0,61 65,0,94,,79498,2,,,0,109,,79502,4,0,61 65,0,90,,79499,2,,,0,129,,79503,4,0,61 65,0,121,,79504,4,,,0,94,,79496,4,0,61 65,0,99,,79497,4,0,61 65,0
1001,'7_5',748,,80861,4,,,0,108,,80862,4,0,61 65,0,97,,80868,2,,,0,153,,80863,4,0,61 65,0,101,,80869,2,0,61 65,0,94,,80866,2,,,0,109,,80870,4,0,61 65,0,90,,80867,2,,,0,129,,80871,4,0,61 65,0,121,,80872,4,,,0,94,,80864,4,0,61 65,0,99,,80865,4,0,61 65,0
1000001,'0_6',552,,69463,20,,,0,80,,69464,20,,,0,83,,69465,20,,,0,44,,69466,26,,,0,55,,69472,20,,,0,15,,69473,20,,,0,14,,69474,26,,,0,15,,69475,20,,,0,55,,69476,20,,,0,16,,69477,26,,,0,16,,69478,20,,,0,55,,69479,20,,,0,15,,69480,26,,,0,16,,69481,20,,,0,16,,69482,20,,,0,56,,69483,26,,,0,15,,69484,20,,,0,16,,69485,26,,,0,15,,69486,20,,,0,56,,69487,20,,,0,16,,69488,26,,,0,14,,69489,20,,,0,16,,69490,20,,,0,55,,69491,26,,,0,15,,69492,20,,,0,15,,69493,20,,,0,16,,69494,26,,,0,56,,69495,20,,,0,15,,69496,26,,,0,16,,69497,20,,,0,16,,69498,20,,,0,56,,69499,26,,,0,16,,69500,20,,,0,16,,69501,20,,,0,16,,69502,26,,,0,56,,69503,20,,,0,16,,69504,20,,,0,16,,69505,26,,,0,57,,69506,20,,,0,16,,69507,26,,,0,16,,69508,20,,,0,15,,69509,20,,,0,55,,69510,26,,,0,16,,69512,20,,,0,15,,69514,20,,,0,15,,69513,26,,,0,55,,69511,20,,,0,16,,69471,26,,,0,20,,69470,20,,,0,60,,69468,20,,,0,21,,69461,20,,,0,17,,69459,20,,,0,59,,69462,20,,,0,20,,69469,20,,,0,20,,69467,20,,,0,60,,69460,20,,,0
1000001,'1_7',823,,69515,20,,,0,80,,69516,20,,,0,40,,69517,20,,,0,80,,69518,20,,,0,80,,69519,20,,,0,40,,69520,20,,,0,80,,69521,20,,,0,80,,69522,20,,,0,40,,69523,20,,,0,80,,69524,20,,,0,80,,69525,20,,,0,40,,69526,20,,,0,80,,69527,20,,,0,80,,69528,20,,,0,40,,69529,20,,,0,80,,69530,20,,,0,80,,69531,20,,,0,40,,69532,20,,,0
1000001,'5_1',556,,74596,20,,,0,57,,74611,20,,,0,15,,74610,20,,,0,15,,74609,20,,,0,15,,74608,20,,,0,55,,74607,20,,,0,15,,74599,20,,,0,15,,74597,26,,,0,14,,74600,26,,,0,55,,74601,26,,,0,15,,74602,26,,,0,15,,74603,26,,,0,16,,74604,26,,,0,54,,74605,26,,,0,15,,74606,26,,,0,16,,74612,20,,,0,15,,74631,26,,,0,56,,74613,20,,,0,16,,74632,26,,,0,15,,74614,20,,,0,56,,74633,26,,,0,16,,74615,20,,,0,16,,74634,26,,,0,16,,74616,20,,,0,55,,74635,26,,,0,16,,74617,20,,,0,14,,74636,26,,,0,17,,74618,20,,,0,55,,74637,26,,,0,16,,74619,20,,,0,15,,74638,26,,,0,17,,74620,20,,,0,55,,74639,26,,,0,16,,74621,20,,,0,16,,74640,26,,,0,16,,74622,20,,,0,55,,74641,26,,,0,14,,74623,20,,,0,14,,74642,26,,,0,14,,74624,20,,,0,54,,74643,26,,,0,14,,74625,20,,,0,15,,74644,26,,,0,14,,74626,26,,,0,55,,74645,26,,,0,15,,74627,26,,,0,15,,74646,26,,,0,14,,74628,26,,,0,55,,74647,26,,,0,14,,74629,26,,,0,14,,74648,26,,,0,14,,74630,26,,,0,54,,74598,26,,,0,18,,74649,26,,,0,19,,74654,20,,,0,20,,74650,26,,,0,61,,74655,20,,,0,18,,74651,20,,,0,18,,74656,20,,,0,60,,74652,20,,,0,20,,74657,20,,,0,20,,74653,20,,,0
1000001,'5_2',556,,76802,20,,,0,57,,76817,20,,,0,15,,76816,20,,,0,15,,76815,20,,,0,15,,76814,20,,,0,55,,76813,20,,,0,15,,76805,20,,,0,15,,76803,26,,,0,14,,76806,26,,,0,55,,76807,26,,,0,15,,76808,26,,,0,15,,76809,26,,,0,16,,76810,26,,,0,54,,76811,26,,,0,15,,76812,26,,,0,16,,76818,20,,,0,15,,76837,26,,,0,56,,76819,20,,,0,16,,76838,26,,,0,15,,76820,20,,,0,56,,76839,26,,,0,16,,76821,20,,,0,16,,76840,26,,,0,16,,76822,20,,,0,55,,76841,26,,,0,16,,76823,20,,,0,14,,76842,26,,,0,17,,76824,20,,,0,55,,76843,26,,,0,16,,76825,20,,,0,15,,76844,26,,,0,17,,76826,20,,,0,55,,76845,26,,,0,16,,76827,20,,,0,16,,76846,26,,,0,16,,76828,20,,,0,55,,76847,26,,,0,14,,76829,20,,,0,14,,76848,26,,,0,14,,76830,20,,,0,54,,76849,26,,,0,14,,76831,20,,,0,15,,76850,26,,,0,14,,76832,26,,,0,55,,76851,26,,,0,15,,76833,26,,,0,15,,76852,26,,,0,14,,76834,26,,,0,55,,76853,26,,,0,14,,76835,26,,,0,14,,76854,26,,,0,14,,76836,26,,,0,54,,76804,26,,,0,18,,76855,26,,,0,19,,76860,20,,,0,20,,76856,26,,,0,61,,76861,20,,,0,18,,76857,20,,,0,18,,76862,20,,,0,60,,76858,20,,,0,20,,76863,20,,,0,20,,76859,20,,,0
1000001,'5_3',556,,76864,20,,,0,57,,76879,20,,,0,15,,76878,20,,,0,15,,76877,20,,,0,15,,76876,20,,,0,55,,76875,20,,,0,15,,76867,20,,,0,15,,76865,26,,,0,14,,76868,26,,,0,55,,76869,26,,,0,15,,76870,26,,,0,15,,76871,26,,,0,16,,76872,26,,,0,54,,76873,26,,,0,15,,76874,26,,,0,16,,76880,20,,,0,15,,76899,26,,,0,56,,76881,20,,,0,16,,76900,26,,,0,15,,76882,20,,,0,56,,76901,26,,,0,16,,76883,20,,,0,16,,76902,26,,,0,16,,76884,20,,,0,55,,76903,26,,,0,16,,76885,20,,,0,14,,76904,26,,,0,17,,76886,20,,,0,55,,76905,26,,,0,16,,76887,20,,,0,15,,76906,26,,,0,17,,76888,20,,,0,55,,76907,26,,,0,16,,76889,20,,,0,16,,76908,26,,,0,16,,76890,20,,,0,55,,76909,26,,,0,14,,76891,20,,,0,14,,76910,26,,,0,14,,76892,20,,,0,54,,76911,26,,,0,14,,76893,20,,,0,15,,76912,26,,,0,14,,76894,26,,,0,55,,76913,26,,,0,15,,76895,26,,,0,15,,76914,26,,,0,14,,76896,26,,,0,55,,76915,26,,,0,14,,76897,26,,,0,14,,76916,26,,,0,14,,76898,26,,,0,54,,76866,26,,,0,18,,76917,26,,,0,19,,76922,20,,,0,20,,76918,26,,,0,61,,76923,20,,,0,18,,76919,20,,,0,18,,76924,20,,,0,60,,76920,20,,,0,20,,76925,20,,,0,20,,76921,20,,,0
1000001,'7_1',556,,81334,20,,,0,57,,81349,20,,,0,15,,81348,20,,,0,15,,81347,20,,,0,15,,81346,20,,,0,55,,81345,20,,,0,15,,81337,20,,,0,15,,81335,26,,,0,14,,81338,26,,,0,55,,81339,26,,,0,15,,81340,26,,,0,15,,81341,26,,,0,16,,81342,26,,,0,54,,81343,26,,,0,15,,81344,26,,,0,16,,81350,20,,,0,15,,81369,26,,,0,56,,81351,20,,,0,16,,81370,26,,,0,15,,81352,20,,,0,56,,81371,26,,,0,16,,81353,20,,,0,16,,81372,26,,,0,16,,81354,20,,,0,55,,81373,26,,,0,16,,81355,20,,,0,14,,81374,26,,,0,17,,81356,20,,,0,55,,81375,26,,,0,16,,81357,20,,,0,15,,81376,26,,,0,17,,81358,20,,,0,55,,81377,26,,,0,16,,81359,20,,,0,16,,81378,26,,,0,16,,81360,20,,,0,55,,81379,26,,,0,14,,81361,20,,,0,14,,81380,26,,,0,14,,81362,20,,,0,54,,81381,26,,,0,14,,81363,20,,,0,15,,81382,26,,,0,14,,81364,26,,,0,55,,81383,26,,,0,15,,81365,26,,,0,15,,81384,26,,,0,14,,81366,26,,,0,55,,81385,26,,,0,14,,81367,26,,,0,14,,81386,26,,,0,14,,81368,26,,,0,54,,81336,26,,,0,18,,81387,26,,,0,19,,81392,20,,,0,20,,81388,26,,,0,61,,81393,20,,,0,18,,81389,20,,,0,18,,81394,20,,,0,60,,81390,20,,,0,20,,81395,20,,,0,20,,81391,20,,,0
1000001,'7_2',556,,83254,20,,,0,57,,83269,20,,,0,15,,83268,20,,,0,15,,83267,20,,,0,15,,83266,20,,,0,55,,83265,20,,,0,15,,83257,20,,,0,15,,83255,26,,,0,14,,83258,26,,,0,55,,83259,26,,,0,15,,83260,26,,,0,15,,83261,26,,,0,16,,83262,26,,,0,54,,83263,26,,,0,15,,83264,26,,,0,16,,83270,20,,,0,15,,83289,26,,,0,56,,83271,20,,,0,16,,83290,26,,,0,15,,83272,20,,,0,56,,83291,26,,,0,16,,83273,20,,,0,16,,83292,26,,,0,16,,83274,20,,,0,55,,83293,26,,,0,16,,83275,20,,,0,14,,83294,26,,,0,17,,83276,20,,,0,55,,83295,26,,,0,16,,83277,20,,,0,15,,83296,26,,,0,17,,83278,20,,,0,55,,83297,26,,,0,16,,83279,20,,,0,16,,83298,26,,,0,16,,83280,20,,,0,55,,83299,26,,,0,14,,83281,20,,,0,14,,83300,26,,,0,14,,83282,20,,,0,54,,83301,26,,,0,14,,83283,20,,,0,15,,83302,26,,,0,14,,83284,26,,,0,55,,83303,26,,,0,15,,83285,26,,,0,15,,83304,26,,,0,14,,83286,26,,,0,55,,83305,26,,,0,14,,83287,26,,,0,14,,83306,26,,,0,14,,83288,26,,,0,54,,83256,26,,,0,18,,83307,26,,,0,19,,83312,20,,,0,20,,83308,26,,,0,61,,83313,20,,,0,18,,83309,20,,,0,18,,83314,20,,,0,60,,83310,20,,,0,20,,83315,20,,,0,20,,83311,20,,,0
1000001,'7_3',556,,83316,20,,,0,57,,83331,20,,,0,15,,83330,20,,,0,15,,83329,20,,,0,15,,83328,20,,,0,55,,83327,20,,,0,15,,83319,20,,,0,15,,83317,26,,,0,14,,83320,26,,,0,55,,83321,26,,,0,15,,83322,26,,,0,15,,83323,26,,,0,16,,83324,26,,,0,54,,83325,26,,,0,15,,83326,26,,,0,16,,83332,20,,,0,15,,83351,26,,,0,56,,83333,20,,,0,16,,83352,26,,,0,15,,83334,20,,,0,56,,83353,26,,,0,16,,83335,20,,,0,16,,83354,26,,,0,16,,83336,20,,,0,55,,83355,26,,,0,16,,83337,20,,,0,14,,83356,26,,,0,17,,83338,20,,,0,55,,83357,26,,,0,16,,83339,20,,,0,15,,83358,26,,,0,17,,83340,20,,,0,55,,83359,26,,,0,16,,83341,20,,,0,16,,83360,26,,,0,16,,83342,20,,,0,55,,83361,26,,,0,14,,83343,20,,,0,14,,83362,26,,,0,14,,83344,20,,,0,54,,83363,26,,,0,14,,83345,20,,,0,15,,83364,26,,,0,14,,83346,26,,,0,55,,83365,26,,,0,15,,83347,26,,,0,15,,83366,26,,,0,14,,83348,26,,,0,55,,83367,26,,,0,14,,83349,26,,,0,14,,83368,26,,,0,14,,83350,26,,,0,54,,83318,26,,,0,18,,83369,26,,,0,19,,83374,20,,,0,20,,83370,26,,,0,61,,83375,20,,,0,18,,83371,20,,,0,18,,83376,20,,,0,60,,83372,20,,,0,20,,83377,20,,,0,20,,83373,20,,,0
1000001,'7_4',556,,79735,20,,,0,57,,79750,20,,,0,15,,79749,20,,,0,15,,79748,20,,,0,15,,79747,20,,,0,55,,79746,20,,,0,15,,79738,20,,,0,15,,79736,26,,,0,14,,79739,26,,,0,55,,79740,26,,,0,15,,79741,26,,,0,15,,79742,26,,,0,16,,79743,26,,,0,54,,79744,26,,,0,15,,79745,26,,,0,16,,79751,20,,,0,15,,79770,26,,,0,56,,79752,20,,,0,16,,79771,26,,,0,15,,79753,20,,,0,56,,79772,26,,,0,16,,79754,20,,,0,16,,79773,26,,,0,16,,79755,20,,,0,55,,79774,26,,,0,16,,79756,20,,,0,14,,79775,26,,,0,17,,79757,20,,,0,55,,79776,26,,,0,16,,79758,20,,,0,15,,79777,26,,,0,17,,79759,20,,,0,55,,79778,26,,,0,16,,79760,20,,,0,16,,79779,26,,,0,16,,79761,20,,,0,55,,79780,26,,,0,14,,79762,20,,,0,14,,79781,26,,,0,14,,79763,20,,,0,54,,79782,26,,,0,14,,79764,20,,,0,15,,79783,26,,,0,14,,79765,26,,,0,55,,79784,26,,,0,15,,79766,26,,,0,15,,79785,26,,,0,14,,79767,26,,,0,55,,79786,26,,,0,14,,79768,26,,,0,14,,79787,26,,,0,14,,79769,26,,,0,54,,79737,26,,,0,18,,79788,26,,,0,19,,79793,20,,,0,20,,79789,26,,,0,61,,79794,20,,,0,18,,79790,20,,,0,18,,79795,20,,,0,60,,79791,20,,,0,20,,79796,20,,,0,20,,79792,20,,,0
1000001,'7_5',556,,81396,20,,,0,57,,81411,20,,,0,15,,81410,20,,,0,15,,81409,20,,,0,15,,81408,20,,,0,55,,81407,20,,,0,15,,81399,20,,,0,15,,81397,26,,,0,14,,81400,26,,,0,55,,81401,26,,,0,15,,81402,26,,,0,15,,81403,26,,,0,16,,81404,26,,,0,54,,81405,26,,,0,15,,81406,26,,,0,16,,81412,20,,,0,15,,81431,26,,,0,56,,81413,20,,,0,16,,81432,26,,,0,15,,81414,20,,,0,56,,81433,26,,,0,16,,81415,20,,,0,16,,81434,26,,,0,16,,81416,20,,,0,55,,81435,26,,,0,16,,81417,20,,,0,14,,81436,26,,,0,17,,81418,20,,,0,55,,81437,26,,,0,16,,81419,20,,,0,15,,81438,26,,,0,17,,81420,20,,,0,55,,81439,26,,,0,16,,81421,20,,,0,16,,81440,26,,,0,16,,81422,20,,,0,55,,81441,26,,,0,14,,81423,20,,,0,14,,81442,26,,,0,14,,81424,20,,,0,54,,81443,26,,,0,14,,81425,20,,,0,15,,81444,26,,,0,14,,81426,26,,,0,55,,81445,26,,,0,15,,81427,26,,,0,15,,81446,26,,,0,14,,81428,26,,,0,55,,81447,26,,,0,14,,81429,26,,,0,14,,81448,26,,,0,14,,81430,26,,,0,54,,81398,26,,,0,18,,81449,26,,,0,19,,81454,20,,,0,20,,81450,26,,,0,61,,81455,20,,,0,18,,81451,20,,,0,18,,81456,20,,,0,60,,81452,20,,,0,20,,81457,20,,,0,20,,81453,20,,,0
