401,'0_4',1330,,96099,2,0,41,0
401,'0_5',1330,,96131,2,0,41,0
401,'1_3',1330,,96163,2,0,41,0
401,'4_1',1330,,96226,2,0,41,0
401,'4_2',1330,,96258,2,0,41,0
401,'4_4',1330,,96290,2,0,41,0
401,'4_5',1330,,96322,2,0,41,0
2301,'0_4',704,,98636,2,,,0
2301,'0_5',704,,98639,2,,,0
2301,'1_3',704,,98642,2,,,0
2301,'4_1',704,,98645,2,,,0
2301,'4_2',704,,98648,2,,,0
2301,'4_4',704,,98651,2,,,0
2301,'4_5',704,,98654,2,,,0
2900401,'0_4',650,,102497,2,,,0,165,,102498,2,,,0
2900401,'0_5',650,,102499,2,,,0,165,,102500,2,,,0
2900401,'1_3',650,,102501,2,,,0,165,,102502,2,,,0
2900401,'4_1',650,,102503,2,,,0,165,,102504,2,,,0
2900401,'4_2',650,,102505,2,,,0,165,,102506,2,,,0
2900401,'4_4',650,,102507,2,,,0,165,,102508,2,,,0
2900401,'4_5',650,,102509,2,,,0,165,,102510,2,,,0
