800,'S2-0_2',704,,87065,15,,,0,33,,87066,15,,,0,67,,87067,15,,,0,31,,87068,15,,,0,80,,87069,15,,,0,110,,87070,15,,,0,117,,87071,15,,,0,111,,87072,15,,,0,150,,87073,15,,,0,112,,87075,15,,,0,110,,87074,15,,,0
800,'S2-0_4',704,,87076,15,,,0,33,,87077,15,,,0,67,,87078,15,,,0,31,,87079,15,,,0,80,,87080,15,,,0,110,,87081,15,,,0,117,,87082,15,,,0,111,,87083,15,,,0,150,,87084,15,,,0,112,,87086,15,,,0,110,,87085,15,,,0
800,'S2-0_5',704,,87087,15,,,0,33,,87088,15,,,0,67,,87089,15,,,0,31,,87090,15,,,0,80,,87091,15,,,0,110,,87092,15,,,0,117,,87093,15,,,0,111,,87094,15,,,0,150,,87095,15,,,0,112,,87097,15,,,0,110,,87096,15,,,0
800,'S2-1_3',704,,87098,15,,,0,33,,87099,15,,,0,67,,87100,15,,,0,31,,87101,15,,,0,80,,87102,15,,,0,110,,87103,15,,,0,117,,87104,15,,,0,111,,87105,15,,,0,150,,87106,15,,,0,112,,87108,15,,,0,110,,87107,15,,,0
800,'S2-4_1',704,,87109,15,,,0,33,,87110,15,,,0,67,,87111,15,,,0,31,,87112,15,,,0,80,,87113,15,,,0,110,,87114,15,,,0,117,,87115,15,,,0,111,,87116,15,,,0,150,,87117,15,,,0,112,,87119,15,,,0,110,,87118,15,,,0
800,'S2-4_2',704,,87120,15,,,0,33,,87121,15,,,0,67,,87122,15,,,0,31,,87123,15,,,0,80,,87124,15,,,0,110,,87125,15,,,0,117,,87126,15,,,0,111,,87127,15,,,0,150,,87128,15,,,0,112,,87130,15,,,0,110,,87129,15,,,0
800,'S2-4_4',704,,87131,15,,,0,33,,87132,15,,,0,67,,87133,15,,,0,31,,87134,15,,,0,80,,87135,15,,,0,110,,87136,15,,,0,117,,87137,15,,,0,111,,87138,15,,,0,150,,87139,15,,,0,112,,87141,15,,,0,110,,87140,15,,,0
2200,'S2-0_2',709,,88556,11,0,11 15 16,0,20,,88562,11,0,17,0,102,,88557,11,0,11 15 16,0,513,,88559,11,0,42,0,305,,88560,11,0,42,0,63,,88558,11,0,11 15 16,0,37,,88561,11,0,42,0
2200,'S2-0_4',709,,88563,11,0,11 15 16,0,20,,88569,11,0,17,0,102,,88564,11,0,11 15 16,0,513,,88566,11,0,42,0,305,,88567,11,0,42,0,63,,88565,11,0,11 15 16,0,37,,88568,11,0,42,0
2200,'S2-0_5',709,,88570,11,0,11 15 16,0,20,,88576,11,0,17,0,102,,88571,11,0,11 15 16,0,513,,88573,11,0,42,0,305,,88574,11,0,42,0,63,,88572,11,0,11 15 16,0,37,,88575,11,0,42,0
2200,'S2-1_3',709,,88577,11,0,11 15 16,0,20,,88581,11,0,17,0,102,,88578,11,0,11 15 16,0,513,,88580,11,0,42,0,368,,88579,11,0,11 15 16,0
2200,'S2-4_1',709,,88582,11,0,11 15 16,0,20,,88588,11,0,17,0,102,,88583,11,0,11 15 16,0,513,,88585,11,0,42,0,305,,88586,11,0,42,0,63,,88584,11,0,11 15 16,0,37,,88587,11,0,42,0
2200,'S2-4_2',709,,88589,11,0,11 15 16,0,20,,88595,11,0,17,0,102,,88590,11,0,11 15 16,0,513,,88592,11,0,42,0,305,,88593,11,0,42,0,63,,88591,11,0,11 15 16,0,37,,88594,11,0,42,0
2200,'S2-4_4',709,,88596,11,0,11 15 16,0,20,,88602,11,0,17,0,102,,88597,11,0,11 15 16,0,513,,88599,11,0,42,0,305,,88600,11,0,42,0,63,,88598,11,0,11 15 16,0,37,,88601,11,0,42,0
2401,'S2-0_2',1641,,88718,23,,,0,104,,88719,23,,,0
2401,'S2-0_4',1641,,88721,23,,,0,104,,88722,23,,,0
2401,'S2-0_5',1641,,88724,23,,,0,104,,88725,23,,,0
2401,'S2-4_1',1641,,88728,23,,,0,104,,88729,23,,,0
2401,'S2-4_2',1641,,88731,23,,,0,104,,88732,23,,,0
2401,'S2-4_4',1641,,88734,23,,,0,104,,88735,23,,,0
