2500,'0_4',759,,98702,21,4,,0,71,,98703,21,4,,0,81,,98704,21,4,,0,112,,98705,21,4,,0,113,,98706,21,4,,0,170,,98707,21,4,,0,116,,98708,21,4,,0,116,,98709,21,4,,0,86,,98710,21,4,,0,90,,98711,21,4,,0,106,,98712,21,4,,0,81,,98713,21,4,,0,110,,98714,21,4,,0
2500,'0_5',759,,98715,21,4,,0,71,,98716,21,4,,0,81,,98717,21,4,,0,112,,98718,21,4,,0,113,,98719,21,4,,0,170,,98720,21,4,,0,116,,98721,21,4,,0,116,,98722,21,4,,0,86,,98723,21,4,,0,90,,98724,21,4,,0,106,,98725,21,4,,0,81,,98726,21,4,,0,110,,98727,21,4,,0
2500,'1_3',759,,98728,21,4,,0,71,,98729,21,4,,0,81,,98730,21,4,,0,112,,98731,21,4,,0,113,,98732,21,4,,0,170,,98733,21,4,,0,116,,98734,21,4,,0,116,,98735,21,4,,0,86,,98736,21,4,,0,90,,98737,21,4,,0,106,,98738,21,4,,0,81,,98739,21,4,,0,110,,98740,21,4,,0
2500,'2_6',756,,98741,21,4,,0,153,,98742,21,4,,0,127,,98743,21,4,,0,114,,98744,21,4,,0,168,,98745,21,4,,0,113,,98746,21,4,,0,172,,98747,21,4,,0,119,,98748,21,4,,0,120,,98749,21,4,,0,114,,98750,21,4,,0
2500,'4_1',759,,98751,21,4,,0,71,,98752,21,4,,0,81,,98753,21,4,,0,112,,98754,21,4,,0,113,,98755,21,4,,0,170,,98756,21,4,,0,116,,98757,21,4,,0,116,,98758,21,4,,0,86,,98759,21,4,,0,90,,98760,21,4,,0,106,,98761,21,4,,0,81,,98762,21,4,,0,110,,98763,21,4,,0
2500,'4_2',759,,98764,21,4,,0,71,,98765,21,4,,0,81,,98766,21,4,,0,112,,98767,21,4,,0,113,,98768,21,4,,0,170,,98769,21,4,,0,116,,98770,21,4,,0,116,,98771,21,4,,0,86,,98772,21,4,,0,90,,98773,21,4,,0,106,,98774,21,4,,0,81,,98775,21,4,,0,110,,98776,21,4,,0
2500,'4_4',759,,98777,21,4,,0,71,,98778,21,4,,0,81,,98779,21,4,,0,112,,98780,21,4,,0,113,,98781,21,4,,0,170,,98782,21,4,,0,116,,98783,21,4,,0,116,,98784,21,4,,0,86,,98785,21,4,,0,90,,98786,21,4,,0,106,,98787,21,4,,0,81,,98788,21,4,,0,110,,98789,21,4,,0
2500,'4_5',759,,98790,21,4,,0,71,,98791,21,4,,0,81,,98792,21,4,,0,112,,98793,21,4,,0,113,,98794,21,4,,0,170,,98795,21,4,,0,116,,98796,21,4,,0,116,,98797,21,4,,0,86,,98798,21,4,,0,90,,98799,21,4,,0,106,,98800,21,4,,0,81,,98801,21,4,,0,110,,98802,21,4,,0
2501,'0_4',650,,98803,1,,,0,68,,98804,1,,,0,87,,98805,1,,,0,37,,98806,1,,,0,76,,98807,1,,,0,112,,98808,1,,,0,126,,98809,1,,,0,160,,98810,1,,,0,116,,98811,1,,,0,117,,98812,1,,,0,97,,98813,1,,,0,104,,98814,1,,,0,160,,98815,1,,,0
2501,'0_5',650,,98816,1,,,0,68,,98817,1,,,0,87,,98818,1,,,0,37,,98819,1,,,0,76,,98820,1,,,0,112,,98821,1,,,0,126,,98822,1,,,0,160,,98823,1,,,0,116,,98824,1,,,0,117,,98825,1,,,0,97,,98826,1,,,0,104,,98827,1,,,0,160,,98828,1,,,0
2501,'1_3',650,,98829,1,,,0,68,,98830,1,,,0,87,,98831,1,,,0,37,,98832,1,,,0,76,,98833,1,,,0,112,,98834,1,,,0,126,,98835,1,,,0,160,,98836,1,,,0,116,,98837,1,,,0,117,,98838,1,,,0,97,,98839,1,,,0,104,,98840,1,,,0,160,,98841,1,,,0
2501,'2_6',656,,98842,1,,,0,151,,98843,1,,,0,124,,98844,1,,,0,112,,98845,1,,,0,113,,98846,1,,,0,168,,98847,1,,,0,128,,98848,1,,,0,159,,98849,1,,,0,120,,98850,1,,,0,121,,98851,1,,,0
2501,'4_1',650,,98852,1,,,0,68,,98853,1,,,0,87,,98854,1,,,0,37,,98855,1,,,0,76,,98856,1,,,0,112,,98857,1,,,0,126,,98858,1,,,0,160,,98859,1,,,0,116,,98860,1,,,0,117,,98861,1,,,0,97,,98862,1,,,0,104,,98863,1,,,0,160,,98864,1,,,0
2501,'4_2',650,,98865,1,,,0,68,,98866,1,,,0,87,,98867,1,,,0,37,,98868,1,,,0,76,,98869,1,,,0,112,,98870,1,,,0,126,,98871,1,,,0,160,,98872,1,,,0,116,,98873,1,,,0,117,,98874,1,,,0,97,,98875,1,,,0,104,,98876,1,,,0,160,,98877,1,,,0
2501,'4_4',650,,98878,1,,,0,68,,98879,1,,,0,87,,98880,1,,,0,37,,98881,1,,,0,76,,98882,1,,,0,112,,98883,1,,,0,126,,98884,1,,,0,160,,98885,1,,,0,116,,98886,1,,,0,117,,98887,1,,,0,97,,98888,1,,,0,104,,98889,1,,,0,160,,98890,1,,,0
2501,'4_5',650,,98891,1,,,0,68,,98892,1,,,0,87,,98893,1,,,0,37,,98894,1,,,0,76,,98895,1,,,0,112,,98896,1,,,0,126,,98897,1,,,0,160,,98898,1,,,0,116,,98899,1,,,0,117,,98900,1,,,0,97,,98901,1,,,0,104,,98902,1,,,0,160,,98903,1,,,0
