901,'1_3',817,,97382,26,0,26,0,27,,97383,26,4,,0,103,,97388,26,0,23 24,0,95,,97392,11,0,23 24,0,98,,97389,26,0,23 24,0,106,,97384,26,4,,0,55,,97393,12,,,0,126,,97390,26,0,23 24,0,112,,97391,26,0,23 24,0,109,,97396,12,,,0,102,,97386,26,4,,0,9,,97394,4,,,0,86,,97387,26,4,,0,9,,97395,4,,,0,154,,97397,26,,,0
901,'2_6',814,,97398,26,0,23 24,0,188,,97403,11,0,23 24,0,126,,97404,11,0,23 24,0,192,,97405,11,0,23 24,0,326,,97399,26,0,23 24,0,102,,97400,26,0,23 24,0,172,,97401,26,0,23 24,0,89,,97402,26,0,23 24,0
901,'4_1',817,,97411,26,0,26,0,27,,97412,26,4,,0,103,,97417,26,0,23 24,0,95,,97421,11,0,23 24,0,98,,97418,26,0,23 24,0,106,,97413,26,4,,0,55,,97422,12,,,0,126,,97419,26,0,23 24,0,112,,97420,26,0,23 24,0,109,,97425,12,,,0,102,,97415,26,4,,0,9,,97423,4,,,0,86,,97416,26,4,,0,9,,97424,4,,,0,154,,97426,26,,,0
901,'4_2',817,,97427,26,0,26,0,27,,97428,26,4,,0,103,,97433,26,0,23 24,0,95,,97437,11,0,23 24,0,98,,97434,26,0,23 24,0,106,,97429,26,4,,0,55,,97438,12,,,0,126,,97435,26,0,23 24,0,112,,97436,26,0,23 24,0,109,,97441,12,,,0,102,,97431,26,4,,0,9,,97439,4,,,0,86,,97432,26,4,,0,9,,97440,4,,,0,154,,97442,26,,,0
901,'4_4',817,,97443,26,0,26,0,27,,97444,26,4,,0,103,,97449,26,0,23 24,0,95,,97453,11,0,23 24,0,98,,97450,26,0,23 24,0,106,,97445,26,4,,0,55,,97454,12,,,0,126,,97451,26,0,23 24,0,112,,97452,26,0,23 24,0,109,,97457,12,,,0,102,,97447,26,4,,0,9,,97455,4,,,0,86,,97448,26,4,,0,9,,97456,4,,,0,154,,97458,26,,,0
901,'4_5',817,,97459,26,0,26,0,27,,97460,26,4,,0,103,,97465,26,0,23 24,0,95,,97469,11,0,23 24,0,98,,97466,26,0,23 24,0,106,,97461,26,4,,0,55,,97470,12,,,0,126,,97467,26,0,23 24,0,112,,97468,26,0,23 24,0,109,,97473,12,,,0,102,,97463,26,4,,0,9,,97471,4,,,0,86,,97464,26,4,,0,9,,97472,4,,,0,154,,97474,26,,,0
2900901,'1_3',1755,,102586,9,4,,0,145,,102587,9,4,,0
2900901,'4_1',1755,,102588,9,4,,0,145,,102589,9,4,,0
2900901,'4_2',1755,,102590,9,4,,0,145,,102591,9,4,,0
2900901,'4_4',1755,,102592,9,4,,0,145,,102593,9,4,,0
2900901,'4_5',1755,,102594,9,4,,0,145,,102595,9,4,,0
