100,'0_4',702,,94101,15,0,61 8,0,14,,94098,15,0,61 8,0,16,,94102,15,0,61 8,0,16,,94089,15,,,0,55,,94108,15,0,61 8,0,20,,94099,15,0,9 10,0,10,,94103,15,0,61 8,0,67,,94090,15,0,61 8,0,38,,94104,15,0,61 8,0,78,,94091,15,0,61 8,0,39,,94105,15,0,61 8,0,78,,94092,15,0,61 8,0,19,,94109,15,,,0,65,,94110,15,,,0,31,,94093,15,0,61 8,0,65,,94106,15,0,61 8,0,25,,94094,15,0,61 8,0,75,,94107,15,0,61 8,0,40,,94095,15,0,61 8,0,64,,94111,15,,,0,35,,94100,15,0,61 8,0,60,,94112,15,,,0,33,,94113,15,,,0,9,,94096,15,0,61 8,0,58,,94114,15,,,0,26,,94097,15,0,61 8,0,14,,94115,15,,,0,67,,94087,15,,,0,36,,94116,15,0,61 8,0,74,,94088,15,,,0
100,'0_5',702,,94136,15,0,61 8,0,14,,94133,15,0,61 8,0,16,,94137,15,0,61 8,0,16,,94124,15,,,0,55,,94143,15,0,61 8,0,20,,94134,15,0,9 10,0,10,,94138,15,0,61 8,0,67,,94125,15,0,61 8,0,38,,94139,15,0,61 8,0,78,,94126,15,0,61 8,0,39,,94140,15,0,61 8,0,78,,94127,15,0,61 8,0,19,,94144,15,,,0,65,,94145,15,,,0,31,,94128,15,0,61 8,0,65,,94141,15,0,61 8,0,25,,94129,15,0,61 8,0,75,,94142,15,0,61 8,0,40,,94130,15,0,61 8,0,64,,94146,15,,,0,35,,94135,15,0,61 8,0,60,,94147,15,,,0,33,,94148,15,,,0,9,,94131,15,0,61 8,0,58,,94149,15,,,0,26,,94132,15,0,61 8,0,14,,94150,15,,,0,67,,94122,15,,,0,36,,94151,15,0,61 8,0,74,,94123,15,,,0
100,'1_3',702,,94171,15,0,61 8,0,14,,94168,15,0,61 8,0,16,,94172,15,0,61 8,0,16,,94159,15,,,0,55,,94178,15,0,61 8,0,20,,94169,15,0,9 10,0,10,,94173,15,0,61 8,0,67,,94160,15,0,61 8,0,38,,94174,15,0,61 8,0,78,,94161,15,0,61 8,0,39,,94175,15,0,61 8,0,78,,94162,15,0,61 8,0,19,,94179,15,,,0,65,,94180,15,,,0,31,,94163,15,0,61 8,0,65,,94176,15,0,61 8,0,25,,94164,15,0,61 8,0,75,,94177,15,0,61 8,0,40,,94165,15,0,61 8,0,64,,94181,15,,,0,35,,94170,15,0,61 8,0,60,,94182,15,,,0,33,,94183,15,,,0,9,,94166,15,0,61 8,0,58,,94184,15,,,0,26,,94167,15,0,61 8,0,14,,94185,15,,,0,67,,94157,15,,,0,36,,94186,15,0,61 8,0,74,,94158,15,,,0
100,'2_6',706,,94192,15,0,61 8,0,109,,94204,15,0,61 8,0,95,,94193,15,0,61 8,0,30,,94205,15,0,61 8,0,69,,94194,15,0,61 8,0,33,,94206,15,0,61 8,0,69,,94195,15,0,61 8,0,29,,94207,15,0,61 8,0,71,,94196,15,0,61 8,0,29,,94208,15,0,61 8,0,70,,94197,15,0,61 8,0,30,,94209,15,0,61 8,0,70,,94198,15,0,61 8,0,31,,94210,15,0,61 8,0,69,,94199,15,0,61 8,0,31,,94211,15,0,61 8,0,70,,94200,15,0,61 8,0,31,,94212,15,0,61 8,0,73,,94201,15,0,61 8,0,29,,94213,15,0,61 8,0,70,,94202,15,0,61 8,0,32,,94214,15,0,61 8,0,69,,94203,15,0,61 8,0
100,'3_7',910,,94215,15,0,61 8,0,105,,94220,15,0,61 8,0,106,,94216,15,0,61 8,0,104,,94221,15,0,61 8,0,90,,94217,15,0,61 8,0,100,,94222,15,0,61 8,0,105,,94218,15,0,61 8,0,105,,94223,15,0,61 8,0,105,,94219,15,0,61 8,0,105,,94224,15,0,61 8,0
100,'4_1',702,,94239,15,0,61 8,0,14,,94236,15,0,61 8,0,16,,94240,15,0,61 8,0,16,,94227,15,,,0,55,,94246,15,0,61 8,0,20,,94237,15,0,9 10,0,10,,94241,15,0,61 8,0,67,,94228,15,0,61 8,0,38,,94242,15,0,61 8,0,78,,94229,15,0,61 8,0,39,,94243,15,0,61 8,0,78,,94230,15,0,61 8,0,19,,94247,15,,,0,65,,94248,15,,,0,31,,94231,15,0,61 8,0,65,,94244,15,0,61 8,0,25,,94232,15,0,61 8,0,75,,94245,15,0,61 8,0,40,,94233,15,0,61 8,0,64,,94249,15,,,0,35,,94238,15,0,61 8,0,60,,94250,15,,,0,33,,94251,15,,,0,9,,94234,15,0,61 8,0,58,,94252,15,,,0,26,,94235,15,0,61 8,0,14,,94253,15,,,0,67,,94225,15,,,0,36,,94254,15,0,61 8,0,74,,94226,15,,,0
100,'4_2',702,,94274,15,0,61 8,0,14,,94271,15,0,61 8,0,16,,94275,15,0,61 8,0,16,,94262,15,,,0,55,,94281,15,0,61 8,0,20,,94272,15,0,9 10,0,10,,94276,15,0,61 8,0,67,,94263,15,0,61 8,0,38,,94277,15,0,61 8,0,78,,94264,15,0,61 8,0,39,,94278,15,0,61 8,0,78,,94265,15,0,61 8,0,19,,94282,15,,,0,65,,94283,15,,,0,31,,94266,15,0,61 8,0,65,,94279,15,0,61 8,0,25,,94267,15,0,61 8,0,75,,94280,15,0,61 8,0,40,,94268,15,0,61 8,0,64,,94284,15,,,0,35,,94273,15,0,61 8,0,60,,94285,15,,,0,33,,94286,15,,,0,9,,94269,15,0,61 8,0,58,,94287,15,,,0,26,,94270,15,0,61 8,0,14,,94288,15,,,0,67,,94260,15,,,0,36,,94289,15,0,61 8,0,74,,94261,15,,,0
100,'4_4',702,,94309,15,0,61 8,0,14,,94306,15,0,61 8,0,16,,94310,15,0,61 8,0,16,,94297,15,,,0,55,,94316,15,0,61 8,0,20,,94307,15,0,9 10,0,10,,94311,15,0,61 8,0,67,,94298,15,0,61 8,0,38,,94312,15,0,61 8,0,78,,94299,15,0,61 8,0,39,,94313,15,0,61 8,0,78,,94300,15,0,61 8,0,19,,94317,15,,,0,65,,94318,15,,,0,31,,94301,15,0,61 8,0,65,,94314,15,0,61 8,0,25,,94302,15,0,61 8,0,75,,94315,15,0,61 8,0,40,,94303,15,0,61 8,0,64,,94319,15,,,0,35,,94308,15,0,61 8,0,60,,94320,15,,,0,33,,94321,15,,,0,9,,94304,15,0,61 8,0,58,,94322,15,,,0,26,,94305,15,0,61 8,0,14,,94323,15,,,0,67,,94295,15,,,0,36,,94324,15,0,61 8,0,74,,94296,15,,,0
100,'4_5',702,,94344,15,0,61 8,0,14,,94341,15,0,61 8,0,16,,94345,15,0,61 8,0,16,,94332,15,,,0,55,,94351,15,0,61 8,0,20,,94342,15,0,9 10,0,10,,94346,15,0,61 8,0,67,,94333,15,0,61 8,0,38,,94347,15,0,61 8,0,78,,94334,15,0,61 8,0,39,,94348,15,0,61 8,0,78,,94335,15,0,61 8,0,19,,94352,15,,,0,65,,94353,15,,,0,31,,94336,15,0,61 8,0,65,,94349,15,0,61 8,0,25,,94337,15,0,61 8,0,75,,94350,15,0,61 8,0,40,,94338,15,0,61 8,0,64,,94354,15,,,0,35,,94343,15,0,61 8,0,60,,94355,15,,,0,33,,94356,15,,,0,9,,94339,15,0,61 8,0,58,,94357,15,,,0,26,,94340,15,0,61 8,0,14,,94358,15,,,0,67,,94330,15,,,0,36,,94359,15,0,61 8,0,74,,94331,15,,,0
100,'5_7',910,,94365,15,0,61 8,0,105,,94370,15,0,61 8,0,106,,94366,15,0,61 8,0,104,,94371,15,0,61 8,0,90,,94367,15,0,61 8,0,100,,94372,15,0,61 8,0,105,,94368,15,0,61 8,0,105,,94373,15,0,61 8,0,105,,94369,15,0,61 8,0,105,,94374,15,0,61 8,0
