200,'0_6',720,,63315,30,0,34,0,31,,63326,27,0,35 37,0,60,,63338,18,0,38,0,20,,63316,30,0,34,0,25,,63327,27,0,35 37,0,60,,63339,30,0,38,0,21,,63317,27,0,34,0,64,,63328,18,0,35 37,0,20,,63340,18,0,38,0,21,,63318,30,0,34,0,65,,63329,27,0,35 37,0,22,,63341,18,0,38,0,23,,63319,30,0,34,0,64,,63330,27,0,35 37,0,20,,63342,18,0,38,0,20,,63320,28,0,34,0,60,,63331,18,0,35 37,0,20,,63343,27,0,38,0,20,,63321,30,0,34,0,60,,63332,27,0,35 37,0,21,,63344,18,0,38,0,21,,63322,30,0,34,0,61,,63333,27,0,35 37,0,21,,63345,18,0,38,0,64,,63323,30,0,34,0,27,,63334,27,0,35 37,0,18,,63346,18,0,38,0,59,,63324,30,0,34,0,24,,63335,27,0,35 37,0,18,,63347,18,0,38,0,57,,63325,30,0,34,0,20,,63349,27,0,35 37,0,25,,63348,18,0,38,0,66,,63336,30,0,35 37,0,23,,63337,27,0,34,0
200,'1_7',945,,63350,27,0,38,0,165,,63351,27,0,38,0,125,,63352,27,0,38,0,110,,63353,27,0,38,0,165,,63354,27,0,38,0,125,,63355,27,0,38,0,165,,63356,27,0,38,0,125,,63357,27,0,38,0
200,'5_1',720,,74023,30,0,34,0,31,,74034,27,0,35 37,0,60,,74046,18,0,38,0,20,,74024,30,0,34,0,25,,74035,27,0,35 37,0,60,,74047,30,0,38,0,21,,74025,27,0,34,0,64,,74036,18,0,35 37,0,20,,74048,18,0,38,0,21,,74026,30,0,34,0,65,,74037,27,0,35 37,0,22,,74049,18,0,38,0,23,,74027,30,0,34,0,64,,74038,27,0,35 37,0,20,,74050,18,0,38,0,20,,74028,28,0,34,0,60,,74039,18,0,35 37,0,20,,74051,27,0,38,0,20,,74029,30,0,34,0,60,,74040,27,0,35 37,0,21,,74052,18,0,38,0,21,,74030,30,0,34,0,61,,74041,27,0,35 37,0,21,,74053,18,0,38,0,64,,74031,30,0,34,0,27,,74042,27,0,35 37,0,18,,74054,18,0,38,0,59,,74032,30,0,34,0,24,,74043,27,0,35 37,0,18,,74055,18,0,38,0,57,,74033,30,0,34,0,20,,74057,27,0,35 37,0,25,,74056,18,0,38,0,66,,74044,30,0,35 37,0,23,,74045,27,0,34,0
200,'5_2',720,,75083,30,0,34,0,31,,75094,27,0,35 37,0,60,,75106,18,0,38,0,20,,75084,30,0,34,0,25,,75095,27,0,35 37,0,60,,75107,30,0,38,0,21,,75085,27,0,34,0,64,,75096,18,0,35 37,0,20,,75108,18,0,38,0,21,,75086,30,0,34,0,65,,75097,27,0,35 37,0,22,,75109,18,0,38,0,23,,75087,30,0,34,0,64,,75098,27,0,35 37,0,20,,75110,18,0,38,0,20,,75088,28,0,34,0,60,,75099,18,0,35 37,0,20,,75111,27,0,38,0,20,,75089,30,0,34,0,60,,75100,27,0,35 37,0,21,,75112,18,0,38,0,21,,75090,30,0,34,0,61,,75101,27,0,35 37,0,21,,75113,18,0,38,0,64,,75091,30,0,34,0,27,,75102,27,0,35 37,0,18,,75114,18,0,38,0,59,,75092,30,0,34,0,24,,75103,27,0,35 37,0,18,,75115,18,0,38,0,57,,75093,30,0,34,0,20,,75117,27,0,35 37,0,25,,75116,18,0,38,0,66,,75104,30,0,35 37,0,23,,75105,27,0,34,0
200,'5_3',720,,75118,30,0,34,0,31,,75129,27,0,35 37,0,60,,75141,18,0,38,0,20,,75119,30,0,34,0,25,,75130,27,0,35 37,0,60,,75142,30,0,38,0,21,,75120,27,0,34,0,64,,75131,18,0,35 37,0,20,,75143,18,0,38,0,21,,75121,30,0,34,0,65,,75132,27,0,35 37,0,22,,75144,18,0,38,0,23,,75122,30,0,34,0,64,,75133,27,0,35 37,0,20,,75145,18,0,38,0,20,,75123,28,0,34,0,60,,75134,18,0,35 37,0,20,,75146,27,0,38,0,20,,75124,30,0,34,0,60,,75135,27,0,35 37,0,21,,75147,18,0,38,0,21,,75125,30,0,34,0,61,,75136,27,0,35 37,0,21,,75148,18,0,38,0,64,,75126,30,0,34,0,27,,75137,27,0,35 37,0,18,,75149,18,0,38,0,59,,75127,30,0,34,0,24,,75138,27,0,35 37,0,18,,75150,18,0,38,0,57,,75128,30,0,34,0,20,,75152,27,0,35 37,0,25,,75151,18,0,38,0,66,,75139,30,0,35 37,0,23,,75140,27,0,34,0
200,'7_1',720,,80172,30,0,34,0,31,,80183,27,0,35 37,0,60,,80195,18,0,38,0,20,,80173,30,0,34,0,25,,80184,27,0,35 37,0,60,,80196,30,0,38,0,21,,80174,27,0,34,0,64,,80185,18,0,35 37,0,20,,80197,18,0,38,0,21,,80175,30,0,34,0,65,,80186,27,0,35 37,0,22,,80198,18,0,38,0,23,,80176,30,0,34,0,64,,80187,27,0,35 37,0,20,,80199,18,0,38,0,20,,80177,28,0,34,0,60,,80188,18,0,35 37,0,20,,80200,27,0,38,0,20,,80178,30,0,34,0,60,,80189,27,0,35 37,0,21,,80201,18,0,38,0,21,,80179,30,0,34,0,61,,80190,27,0,35 37,0,21,,80202,18,0,38,0,64,,80180,30,0,34,0,27,,80191,27,0,35 37,0,18,,80203,18,0,38,0,59,,80181,30,0,34,0,24,,80192,27,0,35 37,0,18,,80204,18,0,38,0,57,,80182,30,0,34,0,20,,80206,27,0,35 37,0,25,,80205,18,0,38,0,66,,80193,30,0,35 37,0,23,,80194,27,0,34,0
200,'7_2',720,,82108,30,0,34,0,31,,82119,27,0,35 37,0,60,,82131,18,0,38,0,20,,82109,30,0,34,0,25,,82120,27,0,35 37,0,60,,82132,30,0,38,0,21,,82110,27,0,34,0,64,,82121,18,0,35 37,0,20,,82133,18,0,38,0,21,,82111,30,0,34,0,65,,82122,27,0,35 37,0,22,,82134,18,0,38,0,23,,82112,30,0,34,0,64,,82123,27,0,35 37,0,20,,82135,18,0,38,0,20,,82113,28,0,34,0,60,,82124,18,0,35 37,0,20,,82136,27,0,38,0,20,,82114,30,0,34,0,60,,82125,27,0,35 37,0,21,,82137,18,0,38,0,21,,82115,30,0,34,0,61,,82126,27,0,35 37,0,21,,82138,18,0,38,0,64,,82116,30,0,34,0,27,,82127,27,0,35 37,0,18,,82139,18,0,38,0,59,,82117,30,0,34,0,24,,82128,27,0,35 37,0,18,,82140,18,0,38,0,57,,82118,30,0,34,0,20,,82142,27,0,35 37,0,25,,82141,18,0,38,0,66,,82129,30,0,35 37,0,23,,82130,27,0,34,0
200,'7_3',720,,82143,30,0,34,0,31,,82154,27,0,35 37,0,60,,82166,18,0,38,0,20,,82144,30,0,34,0,25,,82155,27,0,35 37,0,60,,82167,30,0,38,0,21,,82145,27,0,34,0,64,,82156,18,0,35 37,0,20,,82168,18,0,38,0,21,,82146,30,0,34,0,65,,82157,27,0,35 37,0,22,,82169,18,0,38,0,23,,82147,30,0,34,0,64,,82158,27,0,35 37,0,20,,82170,18,0,38,0,20,,82148,28,0,34,0,60,,82159,18,0,35 37,0,20,,82171,27,0,38,0,20,,82149,30,0,34,0,60,,82160,27,0,35 37,0,21,,82172,18,0,38,0,21,,82150,30,0,34,0,61,,82161,27,0,35 37,0,21,,82173,18,0,38,0,64,,82151,30,0,34,0,27,,82162,27,0,35 37,0,18,,82174,18,0,38,0,59,,82152,30,0,34,0,24,,82163,27,0,35 37,0,18,,82175,18,0,38,0,57,,82153,30,0,34,0,20,,82177,27,0,35 37,0,25,,82176,18,0,38,0,66,,82164,30,0,35 37,0,23,,82165,27,0,34,0
200,'7_4',720,,79162,30,0,34,0,31,,79173,27,0,35 37,0,60,,79185,18,0,38,0,20,,79163,30,0,34,0,25,,79174,27,0,35 37,0,60,,79186,30,0,38,0,21,,79164,27,0,34,0,64,,79175,18,0,35 37,0,20,,79187,18,0,38,0,21,,79165,30,0,34,0,65,,79176,27,0,35 37,0,22,,79188,18,0,38,0,23,,79166,30,0,34,0,64,,79177,27,0,35 37,0,20,,79189,18,0,38,0,20,,79167,28,0,34,0,60,,79178,18,0,35 37,0,20,,79190,27,0,38,0,20,,79168,30,0,34,0,60,,79179,27,0,35 37,0,21,,79191,18,0,38,0,21,,79169,30,0,34,0,61,,79180,27,0,35 37,0,21,,79192,18,0,38,0,64,,79170,30,0,34,0,27,,79181,27,0,35 37,0,18,,79193,18,0,38,0,59,,79171,30,0,34,0,24,,79182,27,0,35 37,0,18,,79194,18,0,38,0,57,,79172,30,0,34,0,20,,79196,27,0,35 37,0,25,,79195,18,0,38,0,66,,79183,30,0,35 37,0,23,,79184,27,0,34,0
200,'7_5',720,,80207,30,0,34,0,31,,80218,27,0,35 37,0,60,,80230,18,0,38,0,20,,80208,30,0,34,0,25,,80219,27,0,35 37,0,60,,80231,30,0,38,0,21,,80209,27,0,34,0,64,,80220,18,0,35 37,0,20,,80232,18,0,38,0,21,,80210,30,0,34,0,65,,80221,27,0,35 37,0,22,,80233,18,0,38,0,23,,80211,30,0,34,0,64,,80222,27,0,35 37,0,20,,80234,18,0,38,0,20,,80212,28,0,34,0,60,,80223,18,0,35 37,0,20,,80235,27,0,38,0,20,,80213,30,0,34,0,60,,80224,27,0,35 37,0,21,,80236,18,0,38,0,21,,80214,30,0,34,0,61,,80225,27,0,35 37,0,21,,80237,18,0,38,0,64,,80215,30,0,34,0,27,,80226,27,0,35 37,0,18,,80238,18,0,38,0,59,,80216,30,0,34,0,24,,80227,27,0,35 37,0,18,,80239,18,0,38,0,57,,80217,30,0,34,0,20,,80241,27,0,35 37,0,25,,80240,18,0,38,0,66,,80228,30,0,35 37,0,23,,80229,27,0,34,0
