1000,'0_6',556,,66740,4,,,0,103,,66741,4,,,0,94,,66742,4,,,0,100,,66750,4,,,0,83,,66753,5,,,0,117,,66743,4,,,0,148,,66754,5,,,0,57,,66744,4,,,0,95,,66755,5,,,0,96,,66751,4,,,0,98,,66745,4,,,0,73,,66746,5,,,0,116,,66748,4,,,0,92,,66752,4,,,0,103,,66749,5,,,0,102,,66747,4,,,0
1000,'1_7',1046,,66756,5,,,0,360,,66757,5,,,0,410,,66758,5,,,0,307,,66759,4,,,0
1000,'3_1',613,,66825,4,,,0,97,,66826,4,,,0,120,,66827,4,0,18 30,0,88,,66828,5,,,0,102,,66833,4,0,18 30,0,97,,66829,5,0,18 30,0,112,,66834,4,0,18 30,0,105,,66835,4,0,18 30,0,103,,66830,5,,,0,93,,66836,4,,,0,115,,66831,5,,,0,106,,66837,4,,,0,160,,66832,5,0,18 30,0
1000,'3_2',613,,73381,4,,,0,97,,73382,4,,,0,120,,73383,4,0,18 30,0,88,,73384,5,,,0,102,,73389,4,0,18 30,0,97,,73385,5,0,18 30,0,112,,73390,4,0,18 30,0,105,,73391,4,0,18 30,0,103,,73386,5,,,0,93,,73392,4,,,0,115,,73387,5,,,0,106,,73393,4,,,0,160,,73388,5,0,18 30,0
1000,'3_3',613,,66838,4,,,0,97,,66839,4,,,0,120,,66840,4,0,18 30,0,88,,66841,5,,,0,102,,66846,4,0,18 30,0,97,,66842,5,0,18 30,0,112,,66847,4,0,18 30,0,105,,66848,4,0,18 30,0,103,,66843,5,,,0,93,,66849,4,,,0,115,,66844,5,,,0,106,,66850,4,,,0,160,,66845,5,0,18 30,0
1000,'3_4',613,,66851,4,,,0,97,,66852,4,,,0,120,,66853,4,0,18 30,0,88,,66854,5,,,0,102,,66859,4,0,18 30,0,97,,66855,5,0,18 30,0,112,,66860,4,0,18 30,0,105,,66861,4,0,18 30,0,103,,66856,5,,,0,93,,66862,4,,,0,115,,66857,5,,,0,106,,66863,4,,,0,160,,66858,5,0,18 30,0
1000,'3_5',613,,66864,4,,,0,97,,66865,4,,,0,120,,66866,4,0,18 30,0,88,,66867,5,,,0,102,,66872,4,0,18 30,0,97,,66868,5,0,18 30,0,112,,66873,4,0,18 30,0,105,,66874,4,0,18 30,0,103,,66869,5,,,0,93,,66875,4,,,0,115,,66870,5,,,0,106,,66876,4,,,0,160,,66871,5,0,18 30,0
1000,'5_1',613,,74341,4,,,0,97,,74342,4,,,0,120,,74343,4,0,18 30,0,88,,74344,5,,,0,102,,74349,4,0,18 30,0,97,,74345,5,0,18 30,0,112,,74350,4,0,18 30,0,105,,74351,4,0,18 30,0,103,,74346,5,,,0,93,,74352,4,,,0,115,,74347,5,,,0,106,,74353,4,,,0,160,,74348,5,0,18 30,0
1000,'5_2',613,,76037,4,,,0,97,,76038,4,,,0,120,,76039,4,0,18 30,0,88,,76040,5,,,0,102,,76045,4,0,18 30,0,97,,76041,5,0,18 30,0,112,,76046,4,0,18 30,0,105,,76047,4,0,18 30,0,103,,76042,5,,,0,93,,76048,4,,,0,115,,76043,5,,,0,106,,76049,4,,,0,160,,76044,5,0,18 30,0
1000,'5_3',613,,76050,4,,,0,97,,76051,4,,,0,120,,76052,4,0,18 30,0,88,,76053,5,,,0,102,,76058,4,0,18 30,0,97,,76054,5,0,18 30,0,112,,76059,4,0,18 30,0,105,,76060,4,0,18 30,0,103,,76055,5,,,0,93,,76061,4,,,0,115,,76056,5,,,0,106,,76062,4,,,0,160,,76057,5,0,18 30,0
1000,'5_4',613,,76063,4,,,0,97,,76064,4,,,0,120,,76065,4,0,18 30,0,88,,76066,5,,,0,102,,76071,4,0,18 30,0,97,,76067,5,0,18 30,0,112,,76072,4,0,18 30,0,105,,76073,4,0,18 30,0,103,,76068,5,,,0,93,,76074,4,,,0,115,,76069,5,,,0,106,,76075,4,,,0,160,,76070,5,0,18 30,0
2901000,'0_6',753,,71037,4,,,0,100,,71039,4,,,0,200,,71038,4,,,0,175,,71044,4,,,0,30,,71041,4,,,0,95,,71040,4,,,0,96,,71042,4,,,0,98,,71043,4,,,0,157,,71046,4,,,0,99,,71045,4,,,0
2901000,'3_1',834,,71082,4,,,0,298,,71083,4,,,0,208,,71084,4,,,0,94,,71085,4,,,0,192,,71086,4,,,0,199,,71087,4,,,0,183,,71088,4,,,0
2901000,'3_2',834,,73784,4,,,0,298,,73785,4,,,0,208,,73786,4,,,0,94,,73787,4,,,0,192,,73788,4,,,0,199,,73789,4,,,0,183,,73790,4,,,0
2901000,'3_3',834,,71089,4,,,0,298,,71090,4,,,0,208,,71091,4,,,0,94,,71092,4,,,0,192,,71093,4,,,0,199,,71094,4,,,0,183,,71095,4,,,0
2901000,'3_4',834,,71096,4,,,0,298,,71097,4,,,0,208,,71098,4,,,0,94,,71099,4,,,0,192,,71100,4,,,0,199,,71101,4,,,0,183,,71102,4,,,0
2901000,'3_5',834,,71103,4,,,0,298,,71104,4,,,0,208,,71105,4,,,0,94,,71106,4,,,0,192,,71107,4,,,0,199,,71108,4,,,0,183,,71109,4,,,0
2901000,'5_1',834,,74744,4,,,0,298,,74745,4,,,0,208,,74746,4,,,0,94,,74747,4,,,0,192,,74748,4,,,0,199,,74749,4,,,0,183,,74750,4,,,0
2901000,'5_2',834,,77246,4,,,0,298,,77247,4,,,0,208,,77248,4,,,0,94,,77249,4,,,0,192,,77250,4,,,0,199,,77251,4,,,0,183,,77252,4,,,0
2901000,'5_3',834,,77253,4,,,0,298,,77254,4,,,0,208,,77255,4,,,0,94,,77256,4,,,0,192,,77257,4,,,0,199,,77258,4,,,0,183,,77259,4,,,0
2901000,'5_4',834,,77260,4,,,0,298,,77261,4,,,0,208,,77262,4,,,0,94,,77263,4,,,0,192,,77264,4,,,0,199,,77265,4,,,0,183,,77266,4,,,0
