2401,'0_4',739,,98683,18,0,18 19,0,895,,98684,16,,,0,104,,98685,16,,,0
2401,'0_5',739,,98686,18,0,18 19,0,895,,98687,16,,,0,104,,98688,16,,,0
2401,'1_3',739,,98689,18,0,18 19,0
2401,'4_1',739,,98690,18,0,18 19,0,895,,98691,16,,,0,104,,98692,16,,,0
2401,'4_2',739,,98693,18,0,18 19,0,895,,98694,16,,,0,104,,98695,16,,,0
2401,'4_4',739,,98696,18,0,18 19,0,895,,98697,16,,,0,104,,98698,16,,,0
2401,'4_5',739,,98699,18,0,18 19,0,895,,98700,16,,,0,104,,98701,16,,,0
2000001,'0_4',654,,101982,20,,,0,68,,101959,20,,,0,14,,101940,14,,,0,3,,101938,10,0,18 19,0,1,,101942,20,,,0,16,,101967,20,,,0,56,,101950,20,,,0,14,,101985,20,,,0,14,,101932,20,,,0,14,,101960,20,,,0,54,,101944,20,,,0,16,,101968,20,,,0,16,,101952,20,,,0,17,,101976,20,,,0,57,,101933,20,,,0,15,,101966,20,,,0,15,,101943,20,,,0,56,,101969,20,,,0,17,,101951,20,,,0,16,,101978,20,,,0,15,,101934,20,,,0,56,,101964,20,,,0,15,,101949,20,,,0,16,,101970,20,,,0,15,,101958,20,,,0,54,,101977,20,,,0,16,,101936,20,,,0,12,,101961,20,,,0,17,,101945,20,,,0,55,,101972,20,,,0,15,,101953,20,,,0,15,,101981,20,,,0,15,,101937,20,,,0,56,,101962,20,,,0,16,,101946,20,,,0,15,,101971,20,,,0,16,,101954,20,,,0,54,,101980,20,,,0,16,,101935,20,,,0,16,,101963,20,,,0,17,,101947,20,,,0,56,,101973,20,,,0,17,,101955,20,,,0,17,,101931,20,,,0,56,,101979,20,,,0,17,,101986,20,,,0,10,,101965,20,,,0,12,,101948,20,,,0,14,,101974,20,,,0,54,,101956,20,,,0,11,,101930,20,,,0,13,,101983,20,,,0,14,,101939,20,,,0,62,,101975,20,,,0,20,,101957,20,,,0,19,,101984,20,,,0,59,,101941,20,,,0
2000001,'0_5',654,,102039,20,,,0,68,,102016,20,,,0,14,,101997,14,,,0,3,,101995,10,0,18 19,0,1,,101999,20,,,0,16,,102024,20,,,0,56,,102007,20,,,0,14,,102042,20,,,0,14,,101989,20,,,0,14,,102017,20,,,0,54,,102001,20,,,0,16,,102025,20,,,0,16,,102009,20,,,0,17,,102033,20,,,0,57,,101990,20,,,0,15,,102023,20,,,0,15,,102000,20,,,0,56,,102026,20,,,0,17,,102008,20,,,0,16,,102035,20,,,0,15,,101991,20,,,0,56,,102021,20,,,0,15,,102006,20,,,0,16,,102027,20,,,0,15,,102015,20,,,0,54,,102034,20,,,0,16,,101993,20,,,0,12,,102018,20,,,0,17,,102002,20,,,0,55,,102029,20,,,0,15,,102010,20,,,0,15,,102038,20,,,0,15,,101994,20,,,0,56,,102019,20,,,0,16,,102003,20,,,0,15,,102028,20,,,0,16,,102011,20,,,0,54,,102037,20,,,0,16,,101992,20,,,0,16,,102020,20,,,0,17,,102004,20,,,0,56,,102030,20,,,0,17,,102012,20,,,0,17,,101988,20,,,0,56,,102036,20,,,0,17,,102043,20,,,0,10,,102022,20,,,0,12,,102005,20,,,0,14,,102031,20,,,0,54,,102013,20,,,0,11,,101987,20,,,0,13,,102040,20,,,0,14,,101996,20,,,0,62,,102032,20,,,0,20,,102014,20,,,0,19,,102041,20,,,0,59,,101998,20,,,0
2000001,'1_3',654,,102096,20,,,0,68,,102073,20,,,0,14,,102054,14,,,0,3,,102052,10,0,18 19,0,1,,102056,20,,,0,16,,102081,20,,,0,56,,102064,20,,,0,14,,102099,20,,,0,14,,102046,20,,,0,14,,102074,20,,,0,54,,102058,20,,,0,16,,102082,20,,,0,16,,102066,20,,,0,17,,102090,20,,,0,57,,102047,20,,,0,15,,102080,20,,,0,15,,102057,20,,,0,56,,102083,20,,,0,17,,102065,20,,,0,16,,102092,20,,,0,15,,102048,20,,,0,56,,102078,20,,,0,15,,102063,20,,,0,16,,102084,20,,,0,15,,102072,20,,,0,54,,102091,20,,,0,16,,102050,20,,,0,12,,102075,20,,,0,17,,102059,20,,,0,55,,102086,20,,,0,15,,102067,20,,,0,15,,102095,20,,,0,15,,102051,20,,,0,56,,102076,20,,,0,16,,102060,20,,,0,15,,102085,20,,,0,16,,102068,20,,,0,54,,102094,20,,,0,16,,102049,20,,,0,16,,102077,20,,,0,17,,102061,20,,,0,56,,102087,20,,,0,17,,102069,20,,,0,17,,102045,20,,,0,56,,102093,20,,,0,17,,102100,20,,,0,10,,102079,20,,,0,12,,102062,20,,,0,14,,102088,20,,,0,54,,102070,20,,,0,11,,102044,20,,,0,13,,102097,20,,,0,14,,102053,20,,,0,62,,102089,20,,,0,20,,102071,20,,,0,19,,102098,20,,,0,59,,102055,20,,,0
2000001,'2_6',657,,102101,20,,,0,81,,102102,20,,,0,80,,102103,20,,,0,32,,102141,20,,,0,61,,102105,20,,,0,20,,102104,20,,,0,21,,102106,20,,,0,60,,102107,20,,,0,19,,102109,20,,,0,18,,102108,20,,,0,60,,102114,20,,,0,19,,102112,20,,,0,18,,102116,20,,,0,59,,102110,20,,,0,19,,102115,20,,,0,20,,102111,20,,,0,56,,102113,20,,,0,18,,102122,20,,,0,18,,102119,20,,,0,20,,102120,20,,,0,61,,102121,20,,,0,18,,102118,20,,,0,17,,102117,20,,,0,59,,102123,20,,,0,23,,102124,20,,,0,20,,102126,20,,,0,59,,102125,20,,,0,19,,102127,20,,,0,20,,102128,20,,,0,61,,102129,20,,,0,20,,102131,20,,,0,19,,102130,20,,,0,58,,102132,20,,,0,19,,102133,20,,,0,19,,102134,20,,,0,59,,102135,20,,,0,17,,102136,20,,,0,18,,102137,20,,,0,62,,102138,20,,,0,24,,102139,20,,,0,22,,102140,20,,,0
2000001,'3_7',830,,102159,20,,,0,80,,102142,20,,,0,40,,102143,20,,,0,80,,102144,20,,,0,80,,102145,20,,,0,40,,102146,20,,,0,80,,102147,20,,,0,79,,102148,20,,,0,40,,102150,20,,,0,80,,102149,20,,,0,80,,102151,20,,,0,40,,102152,20,,,0,80,,102153,20,,,0,80,,102154,20,,,0,40,,102156,20,,,0,80,,102155,20,,,0,80,,102157,20,,,0,40,,102158,20,,,0
2000001,'4_1',654,,102212,20,,,0,68,,102189,20,,,0,14,,102170,14,,,0,3,,102168,10,0,18 19,0,1,,102172,20,,,0,16,,102197,20,,,0,56,,102180,20,,,0,14,,102215,20,,,0,14,,102162,20,,,0,14,,102190,20,,,0,54,,102174,20,,,0,16,,102198,20,,,0,16,,102182,20,,,0,17,,102206,20,,,0,57,,102163,20,,,0,15,,102196,20,,,0,15,,102173,20,,,0,56,,102199,20,,,0,17,,102181,20,,,0,16,,102208,20,,,0,15,,102164,20,,,0,56,,102194,20,,,0,15,,102179,20,,,0,16,,102200,20,,,0,15,,102188,20,,,0,54,,102207,20,,,0,16,,102166,20,,,0,12,,102191,20,,,0,17,,102175,20,,,0,55,,102202,20,,,0,15,,102183,20,,,0,15,,102211,20,,,0,15,,102167,20,,,0,56,,102192,20,,,0,16,,102176,20,,,0,15,,102201,20,,,0,16,,102184,20,,,0,54,,102210,20,,,0,16,,102165,20,,,0,16,,102193,20,,,0,17,,102177,20,,,0,56,,102203,20,,,0,17,,102185,20,,,0,17,,102161,20,,,0,56,,102209,20,,,0,17,,102216,20,,,0,10,,102195,20,,,0,12,,102178,20,,,0,14,,102204,20,,,0,54,,102186,20,,,0,11,,102160,20,,,0,13,,102213,20,,,0,14,,102169,20,,,0,62,,102205,20,,,0,20,,102187,20,,,0,19,,102214,20,,,0,59,,102171,20,,,0
2000001,'4_2',654,,102269,20,,,0,68,,102246,20,,,0,14,,102227,14,,,0,3,,102225,10,0,18 19,0,1,,102229,20,,,0,16,,102254,20,,,0,56,,102237,20,,,0,14,,102272,20,,,0,14,,102219,20,,,0,14,,102247,20,,,0,54,,102231,20,,,0,16,,102255,20,,,0,16,,102239,20,,,0,17,,102263,20,,,0,57,,102220,20,,,0,15,,102253,20,,,0,15,,102230,20,,,0,56,,102256,20,,,0,17,,102238,20,,,0,16,,102265,20,,,0,15,,102221,20,,,0,56,,102251,20,,,0,15,,102236,20,,,0,16,,102257,20,,,0,15,,102245,20,,,0,54,,102264,20,,,0,16,,102223,20,,,0,12,,102248,20,,,0,17,,102232,20,,,0,55,,102259,20,,,0,15,,102240,20,,,0,15,,102268,20,,,0,15,,102224,20,,,0,56,,102249,20,,,0,16,,102233,20,,,0,15,,102258,20,,,0,16,,102241,20,,,0,54,,102267,20,,,0,16,,102222,20,,,0,16,,102250,20,,,0,17,,102234,20,,,0,56,,102260,20,,,0,17,,102242,20,,,0,17,,102218,20,,,0,56,,102266,20,,,0,17,,102273,20,,,0,10,,102252,20,,,0,12,,102235,20,,,0,14,,102261,20,,,0,54,,102243,20,,,0,11,,102217,20,,,0,13,,102270,20,,,0,14,,102226,20,,,0,62,,102262,20,,,0,20,,102244,20,,,0,19,,102271,20,,,0,59,,102228,20,,,0
2000001,'4_4',654,,102326,20,,,0,68,,102303,20,,,0,14,,102284,14,,,0,3,,102282,10,0,18 19,0,1,,102286,20,,,0,16,,102311,20,,,0,56,,102294,20,,,0,14,,102329,20,,,0,14,,102276,20,,,0,14,,102304,20,,,0,54,,102288,20,,,0,16,,102312,20,,,0,16,,102296,20,,,0,17,,102320,20,,,0,57,,102277,20,,,0,15,,102310,20,,,0,15,,102287,20,,,0,56,,102313,20,,,0,17,,102295,20,,,0,16,,102322,20,,,0,15,,102278,20,,,0,56,,102308,20,,,0,15,,102293,20,,,0,16,,102314,20,,,0,15,,102302,20,,,0,54,,102321,20,,,0,16,,102280,20,,,0,12,,102305,20,,,0,17,,102289,20,,,0,55,,102316,20,,,0,15,,102297,20,,,0,15,,102325,20,,,0,15,,102281,20,,,0,56,,102306,20,,,0,16,,102290,20,,,0,15,,102315,20,,,0,16,,102298,20,,,0,54,,102324,20,,,0,16,,102279,20,,,0,16,,102307,20,,,0,17,,102291,20,,,0,56,,102317,20,,,0,17,,102299,20,,,0,17,,102275,20,,,0,56,,102323,20,,,0,17,,102330,20,,,0,10,,102309,20,,,0,12,,102292,20,,,0,14,,102318,20,,,0,54,,102300,20,,,0,11,,102274,20,,,0,13,,102327,20,,,0,14,,102283,20,,,0,62,,102319,20,,,0,20,,102301,20,,,0,19,,102328,20,,,0,59,,102285,20,,,0
2000001,'4_5',654,,102383,20,,,0,68,,102360,20,,,0,14,,102341,14,,,0,3,,102339,10,0,18 19,0,1,,102343,20,,,0,16,,102368,20,,,0,56,,102351,20,,,0,14,,102386,20,,,0,14,,102333,20,,,0,14,,102361,20,,,0,54,,102345,20,,,0,16,,102369,20,,,0,16,,102353,20,,,0,17,,102377,20,,,0,57,,102334,20,,,0,15,,102367,20,,,0,15,,102344,20,,,0,56,,102370,20,,,0,17,,102352,20,,,0,16,,102379,20,,,0,15,,102335,20,,,0,56,,102365,20,,,0,15,,102350,20,,,0,16,,102371,20,,,0,15,,102359,20,,,0,54,,102378,20,,,0,16,,102337,20,,,0,12,,102362,20,,,0,17,,102346,20,,,0,55,,102373,20,,,0,15,,102354,20,,,0,15,,102382,20,,,0,15,,102338,20,,,0,56,,102363,20,,,0,16,,102347,20,,,0,15,,102372,20,,,0,16,,102355,20,,,0,54,,102381,20,,,0,16,,102336,20,,,0,16,,102364,20,,,0,17,,102348,20,,,0,56,,102374,20,,,0,17,,102356,20,,,0,17,,102332,20,,,0,56,,102380,20,,,0,17,,102387,20,,,0,10,,102366,20,,,0,12,,102349,20,,,0,14,,102375,20,,,0,54,,102357,20,,,0,11,,102331,20,,,0,13,,102384,20,,,0,14,,102340,20,,,0,62,,102376,20,,,0,20,,102358,20,,,0,19,,102385,20,,,0,59,,102342,20,,,0
2000001,'5_7',830,,102405,20,,,0,80,,102388,20,,,0,40,,102389,20,,,0,80,,102390,20,,,0,80,,102391,20,,,0,40,,102392,20,,,0,80,,102393,20,,,0,79,,102394,20,,,0,40,,102396,20,,,0,80,,102395,20,,,0,80,,102397,20,,,0,40,,102398,20,,,0,80,,102399,20,,,0,80,,102400,20,,,0,40,,102402,20,,,0,80,,102401,20,,,0,80,,102403,20,,,0,40,,102404,20,,,0
