600,'0_4',654,,96586,9,,,0,59,,96600,9,0,11 12,0,92,,96587,9,,,0,109,,96588,9,0,11 12,0,101,,96589,9,0,11 12,0,91,,96590,9,0,11 12,0,111,,96591,9,0,11 12,0,106,,96592,9,0,11 12,0,96,,96601,9,0,11 12,0,92,,96593,9,0,11 12,0,94,,96594,9,0,11 12,0,39,,96595,9,0,11 12,0,86,,96596,9,0,11 12,0,77,,96597,9,0,11 12,0,32,,96598,9,0,11 12,0,83,,96599,9,0,11 12,0
600,'0_5',654,,96602,9,,,0,59,,96616,9,0,11 12,0,92,,96603,9,,,0,109,,96604,9,0,11 12,0,101,,96605,9,0,11 12,0,91,,96606,9,0,11 12,0,111,,96607,9,0,11 12,0,106,,96608,9,0,11 12,0,96,,96617,9,0,11 12,0,92,,96609,9,0,11 12,0,94,,96610,9,0,11 12,0,39,,96611,9,0,11 12,0,86,,96612,9,0,11 12,0,77,,96613,9,0,11 12,0,32,,96614,9,0,11 12,0,83,,96615,9,0,11 12,0
600,'1_3',654,,96618,9,,,0,59,,96632,9,0,11 12,0,92,,96619,9,,,0,109,,96620,9,0,11 12,0,101,,96621,9,0,11 12,0,91,,96622,9,0,11 12,0,111,,96623,9,0,11 12,0,106,,96624,9,0,11 12,0,96,,96633,9,0,11 12,0,92,,96625,9,0,11 12,0,94,,96626,9,0,11 12,0,39,,96627,9,0,11 12,0,86,,96628,9,0,11 12,0,77,,96629,9,0,11 12,0,32,,96630,9,0,11 12,0,83,,96631,9,0,11 12,0
600,'2_6',743,,96634,9,0,11 12,0,93,,96636,9,0,11 12,0,91,,96637,9,0,11 12,0,86,,96638,9,0,11 12,0,90,,96639,9,0,11 12,0,51,,96640,9,0,11 12,0,88,,96641,9,0,11 12,0,90,,96642,9,0,11 12,0,87,,96643,9,0,11 12,0,98,,96644,9,0,11 12,0,89,,96645,9,0,11 12,0,50,,96646,9,0,11 12,0,91,,96647,9,0,11 12,0,96,,96648,9,0,11 12,0,82,,96635,9,0,11 12,0
600,'4_1',654,,96649,9,,,0,59,,96663,9,0,11 12,0,92,,96650,9,,,0,109,,96651,9,0,11 12,0,101,,96652,9,0,11 12,0,91,,96653,9,0,11 12,0,111,,96654,9,0,11 12,0,106,,96655,9,0,11 12,0,96,,96664,9,0,11 12,0,92,,96656,9,0,11 12,0,94,,96657,9,0,11 12,0,39,,96658,9,0,11 12,0,86,,96659,9,0,11 12,0,77,,96660,9,0,11 12,0,32,,96661,9,0,11 12,0,83,,96662,9,0,11 12,0
600,'4_2',654,,96665,9,,,0,59,,96679,9,0,11 12,0,92,,96666,9,,,0,109,,96667,9,0,11 12,0,101,,96668,9,0,11 12,0,91,,96669,9,0,11 12,0,111,,96670,9,0,11 12,0,106,,96671,9,0,11 12,0,96,,96680,9,0,11 12,0,92,,96672,9,0,11 12,0,94,,96673,9,0,11 12,0,39,,96674,9,0,11 12,0,86,,96675,9,0,11 12,0,77,,96676,9,0,11 12,0,32,,96677,9,0,11 12,0,83,,96678,9,0,11 12,0
600,'4_4',654,,96681,9,,,0,59,,96695,9,0,11 12,0,92,,96682,9,,,0,109,,96683,9,0,11 12,0,101,,96684,9,0,11 12,0,91,,96685,9,0,11 12,0,111,,96686,9,0,11 12,0,106,,96687,9,0,11 12,0,96,,96696,9,0,11 12,0,92,,96688,9,0,11 12,0,94,,96689,9,0,11 12,0,39,,96690,9,0,11 12,0,86,,96691,9,0,11 12,0,77,,96692,9,0,11 12,0,32,,96693,9,0,11 12,0,83,,96694,9,0,11 12,0
600,'4_5',654,,96697,9,,,0,59,,96711,9,0,11 12,0,92,,96698,9,,,0,109,,96699,9,0,11 12,0,101,,96700,9,0,11 12,0,91,,96701,9,0,11 12,0,111,,96702,9,0,11 12,0,106,,96703,9,0,11 12,0,96,,96712,9,0,11 12,0,92,,96704,9,0,11 12,0,94,,96705,9,0,11 12,0,39,,96706,9,0,11 12,0,86,,96707,9,0,11 12,0,77,,96708,9,0,11 12,0,32,,96709,9,0,11 12,0,83,,96710,9,0,11 12,0
2900600,'0_4',706,,102540,9,,,0,115,,102541,9,,,0
2900600,'0_5',706,,102542,9,,,0,115,,102543,9,,,0
2900600,'1_3',706,,102544,9,,,0,115,,102545,9,,,0
2900600,'4_1',706,,102546,9,,,0,115,,102547,9,,,0
2900600,'4_2',706,,102548,9,,,0,115,,102549,9,,,0
2900600,'4_4',706,,102550,9,,,0,115,,102551,9,,,0
2900600,'4_5',706,,102552,9,,,0,115,,102553,9,,,0
