2400,'S2-0_2',736,,88691,12,,,0,868,,88692,7,,,0,103,,88693,7,,,0,95,,88694,7,,,0
2400,'S2-0_4',736,,88695,12,,,0,868,,88696,7,,,0,103,,88697,7,,,0,95,,88698,7,,,0
2400,'S2-0_5',736,,88699,12,,,0,868,,88700,7,,,0,103,,88701,7,,,0,95,,88702,7,,,0
2400,'S2-1_3',736,,88703,12,,,0,490,,88704,7,,,0
2400,'S2-4_1',736,,88705,12,,,0,868,,88706,7,,,0,103,,88707,7,,,0,95,,88708,7,,,0
2400,'S2-4_2',736,,88709,12,,,0,868,,88710,7,,,0,103,,88711,7,,,0,95,,88712,7,,,0
2400,'S2-4_4',736,,88713,12,,,0,868,,88714,7,,,0,103,,88715,7,,,0,95,,88716,7,,,0
2000000,'S2-0_2',646,,91479,9,,,0,62,,91461,9,,,0,16,,91489,9,,,0,15,,91445,9,,,0,15,,91472,9,,,0,55,,91454,9,,,0,15,,91481,9,,,0,15,,91464,9,,,0,16,,91492,9,,,0,56,,91446,9,,,0,16,,91477,9,,,0,15,,91455,9,,,0,16,,91482,9,,,0,55,,91462,9,,,0,16,,91490,9,,,0,16,,91447,9,,,0,56,,91478,9,,,0,15,,91456,9,,,0,16,,91483,9,,,0,17,,91463,9,,,0,54,,91493,9,,,0,18,,91448,9,,,0,13,,91471,9,,,0,16,,91457,9,,,0,55,,91480,9,,,0,15,,91465,9,,,0,15,,91491,9,,,0,15,,91450,9,,,0,55,,91473,9,,,0,15,,91460,9,,,0,15,,91485,9,,,0,15,,91466,9,,,0,54,,91494,9,,,0,15,,91451,9,,,0,15,,91474,9,,,0,16,,91459,9,,,0,7,,91442,7,0,9 10,0,48,,91484,9,,,0,14,,91467,9,,,0,16,,91443,9,,,0,15,,91495,9,,,0,55,,91441,7,0,9 10,0,3,,91449,9,,,0,14,,91476,9,,,0,16,,91458,9,,,0,15,,91486,9,,,0,50,,91498,7,0,9 10,0,6,,91469,9,,,0,13,,91444,9,,,0,14,,91496,9,,,0,16,,91452,9,,,0,55,,91475,9,,,0,14,,91487,9,,,0,19,,91468,9,,,0,62,,91497,9,,,0,20,,91453,9,,,0,19,,91488,9,,,0,61,,91470,9,,,0
2000000,'S2-0_4',646,,91538,9,,,0,62,,91520,9,,,0,16,,91548,9,,,0,15,,91504,9,,,0,15,,91531,9,,,0,55,,91513,9,,,0,15,,91540,9,,,0,15,,91523,9,,,0,16,,91551,9,,,0,56,,91505,9,,,0,16,,91536,9,,,0,15,,91514,9,,,0,16,,91541,9,,,0,55,,91521,9,,,0,16,,91549,9,,,0,16,,91506,9,,,0,56,,91537,9,,,0,15,,91515,9,,,0,16,,91542,9,,,0,17,,91522,9,,,0,54,,91552,9,,,0,18,,91507,9,,,0,13,,91530,9,,,0,16,,91516,9,,,0,55,,91539,9,,,0,15,,91524,9,,,0,15,,91550,9,,,0,15,,91509,9,,,0,55,,91532,9,,,0,15,,91519,9,,,0,15,,91544,9,,,0,15,,91525,9,,,0,54,,91553,9,,,0,15,,91510,9,,,0,15,,91533,9,,,0,16,,91518,9,,,0,7,,91501,7,0,9 10,0,48,,91543,9,,,0,14,,91526,9,,,0,16,,91502,9,,,0,15,,91554,9,,,0,55,,91500,7,0,9 10,0,3,,91508,9,,,0,14,,91535,9,,,0,16,,91517,9,,,0,15,,91545,9,,,0,50,,91557,7,0,9 10,0,6,,91528,9,,,0,13,,91503,9,,,0,14,,91555,9,,,0,16,,91511,9,,,0,55,,91534,9,,,0,14,,91546,9,,,0,19,,91527,9,,,0,62,,91556,9,,,0,20,,91512,9,,,0,19,,91547,9,,,0,61,,91529,9,,,0
2000000,'S2-0_5',646,,91597,9,,,0,62,,91579,9,,,0,16,,91607,9,,,0,15,,91563,9,,,0,15,,91590,9,,,0,55,,91572,9,,,0,15,,91599,9,,,0,15,,91582,9,,,0,16,,91610,9,,,0,56,,91564,9,,,0,16,,91595,9,,,0,15,,91573,9,,,0,16,,91600,9,,,0,55,,91580,9,,,0,16,,91608,9,,,0,16,,91565,9,,,0,56,,91596,9,,,0,15,,91574,9,,,0,16,,91601,9,,,0,17,,91581,9,,,0,54,,91611,9,,,0,18,,91566,9,,,0,13,,91589,9,,,0,16,,91575,9,,,0,55,,91598,9,,,0,15,,91583,9,,,0,15,,91609,9,,,0,15,,91568,9,,,0,55,,91591,9,,,0,15,,91578,9,,,0,15,,91603,9,,,0,15,,91584,9,,,0,54,,91612,9,,,0,15,,91569,9,,,0,15,,91592,9,,,0,16,,91577,9,,,0,7,,91560,7,0,9 10,0,48,,91602,9,,,0,14,,91585,9,,,0,16,,91561,9,,,0,15,,91613,9,,,0,55,,91559,7,0,9 10,0,3,,91567,9,,,0,14,,91594,9,,,0,16,,91576,9,,,0,15,,91604,9,,,0,50,,91616,7,0,9 10,0,6,,91587,9,,,0,13,,91562,9,,,0,14,,91614,9,,,0,16,,91570,9,,,0,55,,91593,9,,,0,14,,91605,9,,,0,19,,91586,9,,,0,62,,91615,9,,,0,20,,91571,9,,,0,19,,91606,9,,,0,61,,91588,9,,,0
2000000,'S2-1_3',646,,91655,9,,,0,62,,91637,9,,,0,16,,91665,9,,,0,15,,91621,9,,,0,15,,91648,9,,,0,55,,91630,9,,,0,15,,91657,9,,,0,15,,91640,9,,,0,16,,91668,9,,,0,56,,91622,9,,,0,16,,91653,9,,,0,15,,91631,9,,,0,16,,91658,9,,,0,55,,91638,9,,,0,16,,91666,9,,,0,16,,91623,9,,,0,56,,91654,9,,,0,15,,91632,9,,,0,16,,91659,9,,,0,17,,91639,9,,,0,54,,91669,9,,,0,10,,91674,7,0,9 10,0,3,,91618,7,0,9 10,0,2,,91617,7,0,9 10,0,3,,91624,9,,,0,13,,91647,9,,,0,16,,91633,9,,,0,55,,91656,9,,,0,15,,91641,9,,,0,15,,91667,9,,,0,15,,91626,9,,,0,55,,91649,9,,,0,15,,91636,9,,,0,15,,91661,9,,,0,15,,91642,9,,,0,54,,91670,9,,,0,15,,91627,9,,,0,15,,91650,9,,,0,16,,91635,9,,,0,55,,91660,9,,,0,14,,91643,9,,,0,16,,91619,9,,,0,15,,91671,9,,,0,58,,91625,9,,,0,14,,91652,9,,,0,16,,91634,9,,,0,15,,91662,9,,,0,56,,91645,9,,,0,13,,91620,9,,,0,14,,91672,9,,,0,16,,91628,9,,,0,55,,91651,9,,,0,14,,91663,9,,,0,19,,91644,9,,,0,62,,91673,9,,,0,20,,91629,9,,,0,19,,91664,9,,,0,61,,91646,9,,,0
2000000,'S2-2_6',643,,91675,9,,,0,81,,91676,9,,,0,79,,91677,9,,,0,29,,91678,9,,,0,20,,91679,9,,,0,60,,91680,9,,,0,18,,91681,9,,,0,18,,91682,9,,,0,59,,91683,9,,,0,20,,91684,9,,,0,19,,91685,9,,,0,59,,91686,9,,,0,19,,91687,9,,,0,20,,91688,9,,,0,58,,91689,9,,,0,19,,91690,9,,,0,18,,91691,9,,,0,19,,91692,9,,,0,59,,91693,9,,,0,19,,91694,9,,,0,18,,91695,9,,,0,59,,91696,9,,,0,20,,91697,9,,,0,20,,91698,9,,,0,59,,91699,9,,,0,19,,91700,9,,,0,20,,91701,9,,,0,60,,91702,9,,,0,20,,91703,9,,,0,20,,91704,9,,,0,59,,91705,9,,,0,20,,91706,9,,,0,20,,91707,9,,,0,60,,91708,9,,,0,19,,91709,9,,,0,20,,91710,9,,,0,64,,91711,9,,,0,25,,91712,9,,,0,65,,91713,9,,,0,25,,91714,9,,,0,25,,91715,9,,,0
2000000,'S2-3_7',819,,91716,9,,,0,40,,91717,9,,,0,80,,91718,9,,,0,80,,91719,9,,,0,40,,91720,9,,,0,80,,91721,9,,,0,80,,91722,9,,,0,40,,91723,9,,,0,80,,91724,9,,,0,80,,91725,9,,,0,40,,91726,9,,,0,80,,91727,9,,,0,80,,91728,9,,,0,40,,91729,9,,,0,80,,91730,9,,,0,80,,91731,9,,,0,40,,91732,9,,,0,80,,91733,9,,,0
2000000,'S2-4_1',646,,91773,9,,,0,62,,91755,9,,,0,16,,91783,9,,,0,15,,91739,9,,,0,15,,91766,9,,,0,55,,91748,9,,,0,15,,91775,9,,,0,15,,91758,9,,,0,16,,91786,9,,,0,56,,91740,9,,,0,16,,91771,9,,,0,15,,91749,9,,,0,16,,91776,9,,,0,55,,91756,9,,,0,16,,91784,9,,,0,16,,91741,9,,,0,56,,91772,9,,,0,15,,91750,9,,,0,16,,91777,9,,,0,17,,91757,9,,,0,54,,91787,9,,,0,18,,91742,9,,,0,13,,91765,9,,,0,16,,91751,9,,,0,55,,91774,9,,,0,15,,91759,9,,,0,15,,91785,9,,,0,15,,91744,9,,,0,55,,91767,9,,,0,15,,91754,9,,,0,15,,91779,9,,,0,15,,91760,9,,,0,54,,91788,9,,,0,15,,91745,9,,,0,15,,91768,9,,,0,16,,91753,9,,,0,7,,91736,7,0,9 10,0,48,,91778,9,,,0,14,,91761,9,,,0,16,,91737,9,,,0,15,,91789,9,,,0,55,,91735,7,0,9 10,0,3,,91743,9,,,0,14,,91770,9,,,0,16,,91752,9,,,0,15,,91780,9,,,0,50,,91792,7,0,9 10,0,6,,91763,9,,,0,13,,91738,9,,,0,14,,91790,9,,,0,16,,91746,9,,,0,55,,91769,9,,,0,14,,91781,9,,,0,19,,91762,9,,,0,62,,91791,9,,,0,20,,91747,9,,,0,19,,91782,9,,,0,61,,91764,9,,,0
2000000,'S2-4_2',646,,91832,9,,,0,62,,91814,9,,,0,16,,91842,9,,,0,15,,91798,9,,,0,15,,91825,9,,,0,55,,91807,9,,,0,15,,91834,9,,,0,15,,91817,9,,,0,16,,91845,9,,,0,56,,91799,9,,,0,16,,91830,9,,,0,15,,91808,9,,,0,16,,91835,9,,,0,55,,91815,9,,,0,16,,91843,9,,,0,16,,91800,9,,,0,56,,91831,9,,,0,15,,91809,9,,,0,16,,91836,9,,,0,17,,91816,9,,,0,54,,91846,9,,,0,18,,91801,9,,,0,13,,91824,9,,,0,16,,91810,9,,,0,55,,91833,9,,,0,15,,91818,9,,,0,15,,91844,9,,,0,15,,91803,9,,,0,55,,91826,9,,,0,15,,91813,9,,,0,15,,91838,9,,,0,15,,91819,9,,,0,54,,91847,9,,,0,15,,91804,9,,,0,15,,91827,9,,,0,16,,91812,9,,,0,7,,91795,7,0,9 10,0,48,,91837,9,,,0,14,,91820,9,,,0,16,,91796,9,,,0,15,,91848,9,,,0,55,,91794,7,0,9 10,0,3,,91802,9,,,0,14,,91829,9,,,0,16,,91811,9,,,0,15,,91839,9,,,0,50,,91851,7,0,9 10,0,6,,91822,9,,,0,13,,91797,9,,,0,14,,91849,9,,,0,16,,91805,9,,,0,55,,91828,9,,,0,14,,91840,9,,,0,19,,91821,9,,,0,62,,91850,9,,,0,20,,91806,9,,,0,19,,91841,9,,,0,61,,91823,9,,,0
2000000,'S2-4_4',646,,91891,9,,,0,62,,91873,9,,,0,16,,91901,9,,,0,15,,91857,9,,,0,15,,91884,9,,,0,55,,91866,9,,,0,15,,91893,9,,,0,15,,91876,9,,,0,16,,91904,9,,,0,56,,91858,9,,,0,16,,91889,9,,,0,15,,91867,9,,,0,16,,91894,9,,,0,55,,91874,9,,,0,16,,91902,9,,,0,16,,91859,9,,,0,56,,91890,9,,,0,15,,91868,9,,,0,16,,91895,9,,,0,17,,91875,9,,,0,54,,91905,9,,,0,18,,91860,9,,,0,13,,91883,9,,,0,16,,91869,9,,,0,55,,91892,9,,,0,15,,91877,9,,,0,15,,91903,9,,,0,15,,91862,9,,,0,55,,91885,9,,,0,15,,91872,9,,,0,15,,91897,9,,,0,15,,91878,9,,,0,54,,91906,9,,,0,15,,91863,9,,,0,15,,91886,9,,,0,16,,91871,9,,,0,7,,91854,7,0,9 10,0,48,,91896,9,,,0,14,,91879,9,,,0,16,,91855,9,,,0,15,,91907,9,,,0,55,,91853,7,0,9 10,0,3,,91861,9,,,0,14,,91888,9,,,0,16,,91870,9,,,0,15,,91898,9,,,0,50,,91910,7,0,9 10,0,6,,91881,9,,,0,13,,91856,9,,,0,14,,91908,9,,,0,16,,91864,9,,,0,55,,91887,9,,,0,14,,91899,9,,,0,19,,91880,9,,,0,62,,91909,9,,,0,20,,91865,9,,,0,19,,91900,9,,,0,61,,91882,9,,,0
