400,'3_1',739,,64985,41,,,0,517,,64979,40,0,40,0,403,,64981,41,,,0,95,,64973,41,0,40,0,91,,64980,40,0,40,0
400,'3_2',739,,73217,41,,,0,517,,73211,40,0,40,0,403,,73213,41,,,0,95,,73205,41,0,40,0,91,,73212,40,0,40,0
400,'3_3',739,,65010,41,,,0,517,,65004,40,0,40,0,403,,65006,41,,,0,95,,64998,41,0,40,0,91,,65005,40,0,40,0
400,'3_4',739,,65035,41,,,0,517,,65029,40,0,40,0,403,,65031,41,,,0,95,,65023,41,0,40,0,91,,65030,40,0,40,0
400,'3_5',739,,65060,41,,,0,517,,65054,40,0,40,0,403,,65056,41,,,0,95,,65048,41,0,40,0,91,,65055,40,0,40,0
400,'5_1',739,,74177,41,,,0,517,,74171,40,0,40,0,403,,74173,41,,,0,95,,74165,41,0,40,0,91,,74172,40,0,40,0
400,'5_2',739,,75497,41,,,0,517,,75491,40,0,40,0,403,,75493,41,,,0,95,,75485,41,0,40,0,91,,75492,40,0,40,0
400,'5_3',739,,75522,41,,,0,517,,75516,40,0,40,0,403,,75518,41,,,0,95,,75510,41,0,40,0,91,,75517,40,0,40,0
400,'5_4',739,,75547,41,,,0,517,,75541,40,0,40,0,403,,75543,41,,,0,95,,75535,41,0,40,0,91,,75542,40,0,40,0
401,'3_1',655,,65240,20,,,0,645,,65245,17,,,0,313,,65246,17,0,41,0,91,,65243,17,0,41,0
401,'3_2',655,,73228,20,,,0,645,,73233,17,,,0,313,,73234,17,0,41,0,91,,73231,17,0,41,0
401,'3_3',655,,65266,20,,,0,645,,65271,17,,,0,313,,65272,17,0,41,0,91,,65269,17,0,41,0
401,'3_4',655,,65292,20,,,0,645,,65297,17,,,0,313,,65298,17,0,41,0,91,,65295,17,0,41,0
401,'3_5',655,,65318,20,,,0,645,,65323,17,,,0,313,,65324,17,0,41,0,91,,65321,17,0,41,0
401,'5_1',655,,74188,20,,,0,645,,74193,17,,,0,313,,74194,17,0,41,0,91,,74191,17,0,41,0
401,'5_2',655,,75558,20,,,0,645,,75563,17,,,0,313,,75564,17,0,41,0,91,,75561,17,0,41,0
401,'5_3',655,,75584,20,,,0,645,,75589,17,,,0,313,,75590,17,0,41,0,91,,75587,17,0,41,0
401,'5_4',655,,75610,20,,,0,645,,75615,17,,,0,313,,75616,17,0,41,0,91,,75613,17,0,41,0
