201,'0_4',755,,95007,19,0,21,0,53,,95011,40,0,21,0,31,,94976,40,0,21,0,102,,94977,40,0,21,0,110,,94981,40,0,21,0,149,,94982,40,0,21,0,55,,95009,19,0,21,0,95,,94997,40,0,21,0,86,,94990,40,0,21,0,95,,94998,40,0,21,0,101,,94991,40,0,21,0,25,,94983,19,0,21,0,77,,94999,28,0,21,0,67,,95000,40,0,21,0,27,,95001,28,0,21,0,29,,95002,28,0,21,0,73,,94984,40,0,21,0,82,,94985,40,0,21,0
201,'0_5',755,,95046,19,0,21,0,53,,95050,40,0,21,0,31,,95015,40,0,21,0,102,,95016,40,0,21,0,110,,95020,40,0,21,0,149,,95021,40,0,21,0,55,,95048,19,0,21,0,95,,95036,40,0,21,0,86,,95029,40,0,21,0,95,,95037,40,0,21,0,101,,95030,40,0,21,0,25,,95022,19,0,21,0,77,,95038,28,0,21,0,67,,95039,40,0,21,0,27,,95040,28,0,21,0,29,,95041,28,0,21,0,73,,95023,40,0,21,0,82,,95024,40,0,21,0
201,'1_3',755,,95085,19,0,21,0,53,,95090,40,0,21,0,31,,95054,40,0,21,0,102,,95055,40,0,21,0,110,,95059,40,0,21,0,149,,95060,40,0,21,0,35,,95088,19,0,21,0,20,,95087,19,0,21,0,95,,95075,40,0,21,0,86,,95068,40,0,21,0,95,,95076,40,0,21,0,101,,95069,40,0,21,0,25,,95061,19,0,21,0,77,,95077,28,0,21,0,67,,95078,40,0,21,0,27,,95079,28,0,21,0,29,,95080,28,0,21,0,73,,95062,40,0,21,0,82,,95063,40,0,21,0
201,'2_6',810,,95103,28,0,21,0,30,,95092,40,0,21,0,175,,95105,28,0,21,0,106,,95106,28,0,21,0,124,,95119,40,0,21,0,70,,95096,40,0,21,0,102,,95097,40,0,21,0,128,,95110,28,0,21,0,100,,95111,28,0,21,0,90,,95100,40,0,21,0,103,,95101,40,0,21,0,98,,95102,40,0,21,0,68,,95126,40,0,21,0
201,'3_7',903,,95127,28,0,21,0,125,,95128,28,0,21,0,125,,95129,28,0,21,0,165,,95130,28,0,21,0,110,,95131,28,0,21,0,125,,95132,28,0,21,0,165,,95133,28,0,21,0,125,,95134,28,0,21,0
201,'4_1',755,,95169,19,0,21,0,53,,95173,40,0,21,0,31,,95138,40,0,21,0,102,,95139,40,0,21,0,110,,95143,40,0,21,0,149,,95144,40,0,21,0,55,,95171,19,0,21,0,95,,95159,40,0,21,0,86,,95152,40,0,21,0,95,,95160,40,0,21,0,101,,95153,40,0,21,0,25,,95145,19,0,21,0,77,,95161,28,0,21,0,67,,95162,40,0,21,0,27,,95163,28,0,21,0,29,,95164,28,0,21,0,73,,95146,40,0,21,0,82,,95147,40,0,21,0
201,'4_2',755,,95208,19,0,21,0,53,,95212,40,0,21,0,31,,95177,40,0,21,0,102,,95178,40,0,21,0,110,,95182,40,0,21,0,149,,95183,40,0,21,0,55,,95210,19,0,21,0,95,,95198,40,0,21,0,86,,95191,40,0,21,0,95,,95199,40,0,21,0,101,,95192,40,0,21,0,25,,95184,19,0,21,0,77,,95200,28,0,21,0,67,,95201,40,0,21,0,27,,95202,28,0,21,0,29,,95203,28,0,21,0,73,,95185,40,0,21,0,82,,95186,40,0,21,0
201,'4_4',755,,95247,19,0,21,0,53,,95251,40,0,21,0,31,,95216,40,0,21,0,102,,95217,40,0,21,0,110,,95221,40,0,21,0,149,,95222,40,0,21,0,55,,95249,19,0,21,0,95,,95237,40,0,21,0,86,,95230,40,0,21,0,95,,95238,40,0,21,0,101,,95231,40,0,21,0,25,,95223,19,0,21,0,77,,95239,28,0,21,0,67,,95240,40,0,21,0,27,,95241,28,0,21,0,29,,95242,28,0,21,0,73,,95224,40,0,21,0,82,,95225,40,0,21,0
201,'4_5',755,,95286,19,0,21,0,53,,95290,40,0,21,0,31,,95255,40,0,21,0,102,,95256,40,0,21,0,110,,95260,40,0,21,0,149,,95261,40,0,21,0,55,,95288,19,0,21,0,95,,95276,40,0,21,0,86,,95269,40,0,21,0,95,,95277,40,0,21,0,101,,95270,40,0,21,0,25,,95262,19,0,21,0,77,,95278,28,0,21,0,67,,95279,40,0,21,0,27,,95280,28,0,21,0,29,,95281,28,0,21,0,73,,95263,40,0,21,0,82,,95264,40,0,21,0
201,'5_7',903,,95291,28,0,21,0,125,,95292,28,0,21,0,125,,95293,28,0,21,0,165,,95294,28,0,21,0,110,,95295,28,0,21,0,125,,95296,28,0,21,0,165,,95297,28,0,21,0,125,,95298,28,0,21,0
