1600,'0_6',810,,67349,8,,,0,118,,67350,12,0,25,0,87,,67354,12,,,0,119,,67351,12,0,25,0,177,,67356,17,,,0,124,,67352,12,,,0,193,,67353,12,0,25,0,103,,67358,17,,,0,126,,67355,12,,,0
1600,'3_1',810,,67409,8,,,0,118,,67410,12,0,25,0,87,,67414,12,,,0,119,,67411,12,0,25,0,177,,67416,17,,,0,124,,67412,12,,,0,193,,67413,12,0,25,0,103,,67418,17,,,0,126,,67415,12,,,0
1600,'3_2',810,,73438,8,,,0,118,,73439,12,0,25,0,87,,73443,12,,,0,119,,73440,12,0,25,0,177,,73445,17,,,0,124,,73441,12,,,0,193,,73442,12,0,25,0,103,,73447,17,,,0,126,,73444,12,,,0
1600,'3_3',810,,67419,8,,,0,118,,67420,12,0,25,0,87,,67424,12,,,0,119,,67421,12,0,25,0,177,,67426,17,,,0,124,,67422,12,,,0,193,,67423,12,0,25,0,103,,67428,17,,,0,126,,67425,12,,,0
1600,'3_4',810,,67429,8,,,0,118,,67430,12,0,25,0,87,,67434,12,,,0,119,,67431,12,0,25,0,177,,67436,17,,,0,124,,67432,12,,,0,193,,67433,12,0,25,0,103,,67438,17,,,0,126,,67435,12,,,0
1600,'3_5',810,,67439,8,,,0,118,,67440,12,0,25,0,87,,67444,12,,,0,119,,67441,12,0,25,0,177,,67446,17,,,0,124,,67442,12,,,0,193,,67443,12,0,25,0,103,,67448,17,,,0,126,,67445,12,,,0
1600,'5_1',810,,74398,8,,,0,118,,74399,12,0,25,0,87,,74403,12,,,0,119,,74400,12,0,25,0,177,,74405,17,,,0,124,,74401,12,,,0,193,,74402,12,0,25,0,103,,74407,17,,,0,126,,74404,12,,,0
1600,'5_2',810,,76208,8,,,0,118,,76209,12,0,25,0,87,,76213,12,,,0,119,,76210,12,0,25,0,177,,76215,17,,,0,124,,76211,12,,,0,193,,76212,12,0,25,0,103,,76217,17,,,0,126,,76214,12,,,0
1600,'5_3',810,,76218,8,,,0,118,,76219,12,0,25,0,87,,76223,12,,,0,119,,76220,12,0,25,0,177,,76225,17,,,0,124,,76221,12,,,0,193,,76222,12,0,25,0,103,,76227,17,,,0,126,,76224,12,,,0
1600,'5_4',810,,76228,8,,,0,118,,76229,12,0,25,0,87,,76233,12,,,0,119,,76230,12,0,25,0,177,,76235,17,,,0,124,,76231,12,,,0,193,,76232,12,0,25,0,103,,76237,17,,,0,126,,76234,12,,,0
