400,'0_6',738,,64825,25,0,40,0,96,,64817,25,0,40,0,69,,64806,37,0,40,0,30,,64805,25,0,40,0,71,,64804,25,0,40,0,32,,64807,25,0,40,0,72,,64821,37,0,40,0,31,,64808,25,0,40,0,71,,64809,25,0,40,0,29,,64827,25,0,40,0,69,,64824,37,0,40,0,31,,64810,25,0,40,0,69,,64811,25,0,40,0,28,,64812,25,0,40,0,69,,64814,37,0,40,0,31,,64815,25,0,40,0,74,,64813,25,0,40,0,33,,64826,25,0,40,0,64,,64818,37,0,40,0,23,,64822,25,0,40,0,29,,64823,25,0,40,0,76,,64819,25,0,40,0,69,,64820,37,0,40,0,45,,64816,37,0,40,0
400,'1_7',843,,64828,37,0,40,0,165,,64829,37,0,40,0,125,,64830,37,0,40,0,200,,64831,37,0,40,0,126,,64832,37,0,40,0,165,,64833,37,0,40,0,126,,64834,37,0,40,0,164,,64835,37,0,40,0
400,'5_1',723,,74177,25,,,0,35,,74174,25,0,40,0,76,,74168,25,0,40,0,69,,74155,37,0,40,0,30,,74154,25,0,40,0,70,,74153,25,0,40,0,37,,74156,25,0,40,0,69,,74175,37,0,40,0,30,,74157,25,0,40,0,75,,74158,25,0,40,0,31,,74171,25,0,40,0,63,,74169,37,0,40,0,31,,74159,25,0,40,0,69,,74160,25,0,40,0,26,,74161,25,0,40,0,71,,74163,37,0,40,0,31,,74164,25,0,40,0,74,,74162,25,0,40,0,33,,74173,25,,,0,68,,74170,37,0,40,0,28,,74165,25,0,40,0,65,,74166,37,,,0,31,,74172,25,0,40,0,74,,74176,37,0,40,0,46,,74167,37,0,40,0
400,'5_2',723,,75497,25,,,0,35,,75494,25,0,40,0,76,,75488,25,0,40,0,69,,75475,37,0,40,0,30,,75474,25,0,40,0,70,,75473,25,0,40,0,37,,75476,25,0,40,0,69,,75495,37,0,40,0,30,,75477,25,0,40,0,75,,75478,25,0,40,0,31,,75491,25,0,40,0,63,,75489,37,0,40,0,31,,75479,25,0,40,0,69,,75480,25,0,40,0,26,,75481,25,0,40,0,71,,75483,37,0,40,0,31,,75484,25,0,40,0,74,,75482,25,0,40,0,33,,75493,25,,,0,68,,75490,37,0,40,0,28,,75485,25,0,40,0,65,,75486,37,,,0,31,,75492,25,0,40,0,74,,75496,37,0,40,0,46,,75487,37,0,40,0
400,'5_3',723,,75522,25,,,0,35,,75519,25,0,40,0,76,,75513,25,0,40,0,69,,75500,37,0,40,0,30,,75499,25,0,40,0,70,,75498,25,0,40,0,37,,75501,25,0,40,0,69,,75520,37,0,40,0,30,,75502,25,0,40,0,75,,75503,25,0,40,0,31,,75516,25,0,40,0,63,,75514,37,0,40,0,31,,75504,25,0,40,0,69,,75505,25,0,40,0,26,,75506,25,0,40,0,71,,75508,37,0,40,0,31,,75509,25,0,40,0,74,,75507,25,0,40,0,33,,75518,25,,,0,68,,75515,37,0,40,0,28,,75510,25,0,40,0,65,,75511,37,,,0,31,,75517,25,0,40,0,74,,75521,37,0,40,0,46,,75512,37,0,40,0
400,'5_4',723,,75547,25,,,0,35,,75544,25,0,40,0,76,,75538,25,0,40,0,69,,75525,37,0,40,0,30,,75524,25,0,40,0,70,,75523,25,0,40,0,37,,75526,25,0,40,0,69,,75545,37,0,40,0,30,,75527,25,0,40,0,75,,75528,25,0,40,0,31,,75541,25,0,40,0,63,,75539,37,0,40,0,31,,75529,25,0,40,0,69,,75530,25,0,40,0,26,,75531,25,0,40,0,71,,75533,37,0,40,0,31,,75534,25,0,40,0,74,,75532,25,0,40,0,33,,75543,25,,,0,68,,75540,37,0,40,0,28,,75535,25,0,40,0,65,,75536,37,,,0,31,,75542,25,0,40,0,74,,75546,37,0,40,0,46,,75537,37,0,40,0
400,'5_5',723,,78032,25,,,0,35,,78029,25,0,40,0,76,,78023,25,0,40,0,69,,78010,37,0,40,0,30,,78009,25,0,40,0,70,,78008,25,0,40,0,37,,78011,25,0,40,0,69,,78030,37,0,40,0,30,,78012,25,0,40,0,75,,78013,25,0,40,0,31,,78026,25,0,40,0,63,,78024,37,0,40,0,31,,78014,25,0,40,0,69,,78015,25,0,40,0,26,,78016,25,0,40,0,71,,78018,37,0,40,0,31,,78019,25,0,40,0,74,,78017,25,0,40,0,33,,78028,25,,,0,68,,78025,37,0,40,0,28,,78020,25,0,40,0,65,,78021,37,,,0,31,,78027,25,0,40,0,74,,78031,37,0,40,0,46,,78022,37,0,40,0
400,'6_7',843,,78899,37,0,40,0,165,,78900,37,0,40,0,125,,78901,37,0,40,0,200,,78902,37,0,40,0,126,,78903,37,0,40,0,165,,78904,37,0,40,0,126,,78905,37,0,40,0,164,,78906,37,0,40,0
400,'7_1',723,,80471,25,,,0,35,,80468,25,0,40,0,76,,80462,25,0,40,0,69,,80449,37,0,40,0,30,,80448,25,0,40,0,70,,80447,25,0,40,0,37,,80450,25,0,40,0,69,,80469,37,0,40,0,30,,80451,25,0,40,0,75,,80452,25,0,40,0,31,,80465,25,0,40,0,63,,80463,37,0,40,0,31,,80453,25,0,40,0,69,,80454,25,0,40,0,26,,80455,25,0,40,0,71,,80457,37,0,40,0,31,,80458,25,0,40,0,74,,80456,25,0,40,0,33,,80467,25,,,0,68,,80464,37,0,40,0,28,,80459,25,0,40,0,65,,80460,37,,,0,31,,80466,25,0,40,0,74,,80470,37,0,40,0,46,,80461,37,0,40,0
400,'7_4',723,,79316,25,,,0,35,,79313,25,0,40,0,76,,79307,25,0,40,0,69,,79294,37,0,40,0,30,,79293,25,0,40,0,70,,79292,25,0,40,0,37,,79295,25,0,40,0,69,,79314,37,0,40,0,30,,79296,25,0,40,0,75,,79297,25,0,40,0,31,,79310,25,0,40,0,63,,79308,37,0,40,0,31,,79298,25,0,40,0,69,,79299,25,0,40,0,26,,79300,25,0,40,0,71,,79302,37,0,40,0,31,,79303,25,0,40,0,74,,79301,25,0,40,0,33,,79312,25,,,0,68,,79309,37,0,40,0,28,,79304,25,0,40,0,65,,79305,37,,,0,31,,79311,25,0,40,0,74,,79315,37,0,40,0,46,,79306,37,0,40,0
400,'7_5',723,,80496,25,,,0,35,,80493,25,0,40,0,76,,80487,25,0,40,0,69,,80474,37,0,40,0,30,,80473,25,0,40,0,70,,80472,25,0,40,0,37,,80475,25,0,40,0,69,,80494,37,0,40,0,30,,80476,25,0,40,0,75,,80477,25,0,40,0,31,,80490,25,0,40,0,63,,80488,37,0,40,0,31,,80478,25,0,40,0,69,,80479,25,0,40,0,26,,80480,25,0,40,0,71,,80482,37,0,40,0,31,,80483,25,0,40,0,74,,80481,25,0,40,0,33,,80492,25,,,0,68,,80489,37,0,40,0,28,,80484,25,0,40,0,65,,80485,37,,,0,31,,80491,25,0,40,0,74,,80495,37,0,40,0,46,,80486,37,0,40,0
