1601,'S2-0_2',852,,88081,11,,,0,87,,88082,4,,,0,119,,88083,11,,,0,152,,88086,11,,,0,146,,88084,11,,,0,178,,88087,11,,,0,105,,88088,4,,,0,177,,88085,11,,,0
1601,'S2-0_4',852,,88089,11,,,0,87,,88090,4,,,0,119,,88091,11,,,0,152,,88094,11,,,0,146,,88092,11,,,0,178,,88095,11,,,0,105,,88096,4,,,0,177,,88093,11,,,0
1601,'S2-0_5',852,,88097,11,,,0,87,,88098,4,,,0,119,,88099,11,,,0,152,,88102,11,,,0,146,,88100,11,,,0,178,,88103,11,,,0,105,,88104,4,,,0,177,,88101,11,,,0
1601,'S2-1_3',852,,88105,11,,,0,87,,88106,4,,,0,119,,88107,11,,,0,152,,88110,11,,,0,146,,88108,11,,,0,178,,88111,11,,,0,105,,88112,4,,,0,177,,88109,11,,,0
1601,'S2-2_6',852,,88113,11,,,0,87,,88114,4,,,0,119,,88115,11,,,0,152,,88118,11,,,0,146,,88116,11,,,0,178,,88119,11,,,0,105,,88120,4,,,0,177,,88117,11,,,0
1601,'S2-4_1',852,,88121,11,,,0,87,,88122,4,,,0,119,,88123,11,,,0,152,,88126,11,,,0,146,,88124,11,,,0,178,,88127,11,,,0,105,,88128,4,,,0,177,,88125,11,,,0
1601,'S2-4_2',852,,88129,11,,,0,87,,88130,4,,,0,119,,88131,11,,,0,152,,88134,11,,,0,146,,88132,11,,,0,178,,88135,11,,,0,105,,88136,4,,,0,177,,88133,11,,,0
1601,'S2-4_4',852,,88137,11,,,0,87,,88138,4,,,0,119,,88139,11,,,0,152,,88142,11,,,0,146,,88140,11,,,0,178,,88143,11,,,0,105,,88144,4,,,0,177,,88141,11,,,0
1901,'S2-0_2',1613,,88417,6,0,49,0,19,,88409,22,,,0,20,,88414,11,,,0,61,,88413,6,,,0,19,,88410,22,,,0,70,,88415,11,,,0,29,,88411,22,,,0,70,,88416,11,,,0
1901,'S2-0_4',1613,,88426,6,0,49,0,19,,88418,22,,,0,20,,88423,11,,,0,61,,88422,6,,,0,19,,88419,22,,,0,70,,88424,11,,,0,29,,88420,22,,,0,70,,88425,11,,,0
1901,'S2-0_5',1613,,88435,6,0,49,0,19,,88427,22,,,0,20,,88432,11,,,0,61,,88431,6,,,0,19,,88428,22,,,0,70,,88433,11,,,0,29,,88429,22,,,0,70,,88434,11,,,0
1901,'S2-1_3',1231,,88439,22,,,0,20,,88441,6,,,0,63,,88440,26,,,0,338,,88436,11,,,0,150,,88437,11,,,0,99,,88438,11,,,0
1901,'S2-4_1',1613,,88450,6,0,49,0,19,,88442,22,,,0,20,,88447,11,,,0,61,,88446,6,,,0,19,,88443,22,,,0,70,,88448,11,,,0,29,,88444,22,,,0,70,,88449,11,,,0
1901,'S2-4_2',1613,,88459,6,0,49,0,19,,88451,22,,,0,20,,88456,11,,,0,61,,88455,6,,,0,19,,88452,22,,,0,70,,88457,11,,,0,29,,88453,22,,,0,70,,88458,11,,,0
1901,'S2-4_4',1613,,88468,6,0,49,0,19,,88460,22,,,0,20,,88465,11,,,0,61,,88464,6,,,0,19,,88461,22,,,0,70,,88466,11,,,0,29,,88462,22,,,0,70,,88467,11,,,0
