100,'S2-0_2',712,,84209,22,0,61 8,0,14,,84206,22,0,61 8,0,16,,84210,22,0,61 8,0,15,,84197,22,,,0,55,,84216,22,0,61 8,0,20,,84207,22,0,9 10,0,10,,84211,22,0,61 8,0,67,,84198,22,0,61 8,0,38,,84212,22,0,61 8,0,78,,84199,22,0,61 8,0,80,,84213,22,0,61 8,0,38,,84200,22,0,61 8,0,59,,84217,22,,,0,25,,84218,22,,,0,30,,84201,22,0,61 8,0,65,,84214,22,0,61 8,0,25,,84202,22,0,61 8,0,75,,84215,22,0,61 8,0,80,,84203,22,0,61 8,0,24,,84219,22,,,0,76,,84226,6,0,9 10,0,20,,84220,22,,,0,33,,84221,22,,,0,50,,84204,22,0,61 8,0,11,,84227,6,0,9 10,0,2,,84228,6,,,0,7,,84222,22,,,0,22,,84205,22,0,61 8,0,54,,84223,22,,,0,6,,84229,6,,,0,20,,84195,22,,,0,76,,84224,22,0,61 8,0,34,,84196,22,,,0
100,'S2-0_4',712,,84244,22,0,61 8,0,14,,84241,22,0,61 8,0,16,,84245,22,0,61 8,0,15,,84232,22,,,0,55,,84251,22,0,61 8,0,20,,84242,22,0,9 10,0,10,,84246,22,0,61 8,0,67,,84233,22,0,61 8,0,38,,84247,22,0,61 8,0,78,,84234,22,0,61 8,0,80,,84248,22,0,61 8,0,38,,84235,22,0,61 8,0,59,,84252,22,,,0,25,,84253,22,,,0,30,,84236,22,0,61 8,0,65,,84249,22,0,61 8,0,25,,84237,22,0,61 8,0,75,,84250,22,0,61 8,0,80,,84238,22,0,61 8,0,24,,84254,22,,,0,76,,84261,6,0,9 10,0,20,,84255,22,,,0,33,,84256,22,,,0,50,,84239,22,0,61 8,0,11,,84262,6,0,9 10,0,2,,84263,6,,,0,7,,84257,22,,,0,22,,84240,22,0,61 8,0,54,,84258,22,,,0,6,,84264,6,,,0,20,,84230,22,,,0,76,,84259,22,0,61 8,0,34,,84231,22,,,0
100,'S2-0_5',712,,84279,22,0,61 8,0,14,,84276,22,0,61 8,0,16,,84280,22,0,61 8,0,15,,84267,22,,,0,55,,84286,22,0,61 8,0,20,,84277,22,0,9 10,0,10,,84281,22,0,61 8,0,67,,84268,22,0,61 8,0,38,,84282,22,0,61 8,0,78,,84269,22,0,61 8,0,80,,84283,22,0,61 8,0,38,,84270,22,0,61 8,0,59,,84287,22,,,0,25,,84288,22,,,0,30,,84271,22,0,61 8,0,65,,84284,22,0,61 8,0,25,,84272,22,0,61 8,0,75,,84285,22,0,61 8,0,80,,84273,22,0,61 8,0,24,,84289,22,,,0,76,,84296,6,0,9 10,0,20,,84290,22,,,0,33,,84291,22,,,0,50,,84274,22,0,61 8,0,11,,84297,6,0,9 10,0,2,,84298,6,,,0,7,,84292,22,,,0,22,,84275,22,0,61 8,0,54,,84293,22,,,0,6,,84299,6,,,0,20,,84265,22,,,0,76,,84294,22,0,61 8,0,34,,84266,22,,,0
100,'S2-1_3',712,,84314,22,0,61 8,0,14,,84311,22,0,61 8,0,16,,84315,22,0,61 8,0,15,,84302,22,,,0,55,,84321,22,0,61 8,0,20,,84312,22,0,9 10,0,10,,84316,22,0,61 8,0,67,,84303,22,0,61 8,0,38,,84317,22,0,61 8,0,78,,84304,22,0,61 8,0,80,,84318,22,0,61 8,0,38,,84305,22,0,61 8,0,59,,84322,22,,,0,6,,84334,6,0,9 10,0,4,,84331,6,0,9 10,0,5,,84332,6,0,9 10,0,10,,84323,22,,,0,30,,84306,22,0,61 8,0,65,,84319,22,0,61 8,0,25,,84307,22,0,61 8,0,75,,84320,22,0,61 8,0,80,,84308,22,0,61 8,0,24,,84324,22,,,0,76,,84313,22,0,61 8,0,20,,84325,22,,,0,33,,84326,22,,,0,50,,84309,22,0,61 8,0,20,,84327,22,,,0,22,,84310,22,0,61 8,0,54,,84328,22,,,0,26,,84300,22,,,0,76,,84329,22,0,61 8,0,34,,84301,22,,,0
100,'S2-2_6',714,,84335,22,0,61 8,0,110,,84347,22,0,61 8,0,95,,84336,22,0,61 8,0,30,,84348,22,0,61 8,0,69,,84337,22,0,61 8,0,33,,84349,22,0,61 8,0,70,,84338,22,0,61 8,0,29,,84350,22,0,61 8,0,71,,84339,22,0,61 8,0,28,,84351,22,0,61 8,0,70,,84340,22,0,61 8,0,30,,84352,22,0,61 8,0,70,,84341,22,0,61 8,0,31,,84353,22,0,61 8,0,69,,84342,22,0,61 8,0,31,,84354,22,0,61 8,0,71,,84343,22,0,61 8,0,31,,84355,22,0,61 8,0,73,,84344,22,0,61 8,0,28,,84356,22,0,61 8,0,70,,84345,22,0,61 8,0,31,,84357,22,0,61 8,0,69,,84346,22,0,61 8,0
100,'S2-3_7',918,,84358,22,0,61 8,0,105,,84363,22,0,61 8,0,106,,84359,22,0,61 8,0,104,,84364,22,0,61 8,0,90,,84360,22,0,61 8,0,100,,84365,22,0,61 8,0,105,,84361,22,0,61 8,0,105,,84366,22,0,61 8,0,105,,84362,22,0,61 8,0,105,,84367,22,0,61 8,0
100,'S2-4_1',712,,84382,22,0,61 8,0,14,,84379,22,0,61 8,0,16,,84383,22,0,61 8,0,15,,84370,22,,,0,55,,84389,22,0,61 8,0,20,,84380,22,0,9 10,0,10,,84384,22,0,61 8,0,67,,84371,22,0,61 8,0,38,,84385,22,0,61 8,0,78,,84372,22,0,61 8,0,80,,84386,22,0,61 8,0,38,,84373,22,0,61 8,0,59,,84390,22,,,0,25,,84391,22,,,0,30,,84374,22,0,61 8,0,65,,84387,22,0,61 8,0,25,,84375,22,0,61 8,0,75,,84388,22,0,61 8,0,80,,84376,22,0,61 8,0,24,,84392,22,,,0,76,,84399,6,0,9 10,0,20,,84393,22,,,0,33,,84394,22,,,0,50,,84377,22,0,61 8,0,11,,84400,6,0,9 10,0,2,,84401,6,,,0,7,,84395,22,,,0,22,,84378,22,0,61 8,0,54,,84396,22,,,0,6,,84402,6,,,0,20,,84368,22,,,0,76,,84397,22,0,61 8,0,34,,84369,22,,,0
100,'S2-4_2',712,,84417,22,0,61 8,0,14,,84414,22,0,61 8,0,16,,84418,22,0,61 8,0,15,,84405,22,,,0,55,,84424,22,0,61 8,0,20,,84415,22,0,9 10,0,10,,84419,22,0,61 8,0,67,,84406,22,0,61 8,0,38,,84420,22,0,61 8,0,78,,84407,22,0,61 8,0,80,,84421,22,0,61 8,0,38,,84408,22,0,61 8,0,59,,84425,22,,,0,25,,84426,22,,,0,30,,84409,22,0,61 8,0,65,,84422,22,0,61 8,0,25,,84410,22,0,61 8,0,75,,84423,22,0,61 8,0,80,,84411,22,0,61 8,0,24,,84427,22,,,0,76,,84434,6,0,9 10,0,20,,84428,22,,,0,33,,84429,22,,,0,50,,84412,22,0,61 8,0,11,,84435,6,0,9 10,0,2,,84436,6,,,0,7,,84430,22,,,0,22,,84413,22,0,61 8,0,54,,84431,22,,,0,6,,84437,6,,,0,20,,84403,22,,,0,76,,84432,22,0,61 8,0,34,,84404,22,,,0
100,'S2-4_4',712,,84452,22,0,61 8,0,14,,84449,22,0,61 8,0,16,,84453,22,0,61 8,0,15,,84440,22,,,0,55,,84459,22,0,61 8,0,20,,84450,22,0,9 10,0,10,,84454,22,0,61 8,0,67,,84441,22,0,61 8,0,38,,84455,22,0,61 8,0,78,,84442,22,0,61 8,0,80,,84456,22,0,61 8,0,38,,84443,22,0,61 8,0,59,,84460,22,,,0,25,,84461,22,,,0,30,,84444,22,0,61 8,0,65,,84457,22,0,61 8,0,25,,84445,22,0,61 8,0,75,,84458,22,0,61 8,0,80,,84446,22,0,61 8,0,24,,84462,22,,,0,76,,84469,6,0,9 10,0,20,,84463,22,,,0,33,,84464,22,,,0,50,,84447,22,0,61 8,0,11,,84470,6,0,9 10,0,2,,84471,6,,,0,7,,84465,22,,,0,22,,84448,22,0,61 8,0,54,,84466,22,,,0,6,,84472,6,,,0,20,,84438,22,,,0,76,,84467,22,0,61 8,0,34,,84439,22,,,0
300,'S2-0_2',717,,85371,32,,,0,25,,85372,32,,,0,70,,85373,32,,,0,23,,85374,32,,,0,65,,85375,32,,,0,30,,85376,32,,,0,72,,85377,32,,,0,32,,85378,32,,,0,71,,85379,32,,,0,32,,85380,32,,,0,72,,85381,32,,,0,32,,85382,32,,,0,73,,85383,32,,,0,33,,85384,32,,,0,72,,85385,32,,,0,33,,85386,32,,,0,72,,85387,32,,,0,34,,85388,32,,,0,69,,85390,32,,,0,27,,85391,32,,,0,68,,85392,32,,,0,28,,85393,32,,,0,68,,85394,32,,,0,30,,85398,32,,,0,71,,85395,32,,,0,31,,85396,32,,,0,73,,85397,32,,,0,30,,85389,32,,,0
300,'S2-0_4',717,,85399,32,,,0,25,,85400,32,,,0,70,,85401,32,,,0,23,,85402,32,,,0,65,,85403,32,,,0,30,,85404,32,,,0,72,,85405,32,,,0,32,,85406,32,,,0,71,,85407,32,,,0,32,,85408,32,,,0,72,,85409,32,,,0,32,,85410,32,,,0,73,,85411,32,,,0,33,,85412,32,,,0,72,,85413,32,,,0,33,,85414,32,,,0,72,,85415,32,,,0,34,,85416,32,,,0,69,,85418,32,,,0,27,,85419,32,,,0,68,,85420,32,,,0,28,,85421,32,,,0,68,,85422,32,,,0,30,,85426,32,,,0,71,,85423,32,,,0,31,,85424,32,,,0,73,,85425,32,,,0,30,,85417,32,,,0
300,'S2-0_5',717,,85427,32,,,0,25,,85428,32,,,0,70,,85429,32,,,0,23,,85430,32,,,0,65,,85431,32,,,0,30,,85432,32,,,0,72,,85433,32,,,0,32,,85434,32,,,0,71,,85435,32,,,0,32,,85436,32,,,0,72,,85437,32,,,0,32,,85438,32,,,0,73,,85439,32,,,0,33,,85440,32,,,0,72,,85441,32,,,0,33,,85442,32,,,0,72,,85443,32,,,0,34,,85444,32,,,0,69,,85446,32,,,0,27,,85447,32,,,0,68,,85448,32,,,0,28,,85449,32,,,0,68,,85450,32,,,0,30,,85454,32,,,0,71,,85451,32,,,0,31,,85452,32,,,0,73,,85453,32,,,0,30,,85445,32,,,0
300,'S2-1_3',717,,85455,32,,,0,25,,85456,32,,,0,70,,85457,32,,,0,23,,85458,32,,,0,65,,85459,32,,,0,30,,85460,32,,,0,72,,85461,32,,,0,32,,85462,32,,,0,71,,85463,32,,,0,32,,85464,32,,,0,72,,85465,32,,,0,32,,85466,32,,,0,73,,85467,32,,,0,33,,85468,32,,,0,72,,85469,32,,,0,33,,85470,32,,,0,72,,85471,32,,,0,34,,85472,32,,,0,69,,85474,32,,,0,27,,85475,32,,,0,68,,85476,32,,,0,28,,85477,32,,,0,68,,85478,32,,,0,30,,85482,32,,,0,71,,85479,32,,,0,31,,85480,32,,,0,73,,85481,32,,,0,30,,85473,32,,,0
300,'S2-2_6',714,,85483,32,,,0,30,,85485,32,,,0,70,,85486,32,,,0,30,,85484,32,,,0,70,,85488,32,,,0,29,,85489,32,,,0,69,,85487,32,,,0,31,,85490,32,,,0,70,,85491,32,,,0,30,,85494,32,,,0,69,,85493,32,,,0,29,,85492,32,,,0,68,,85496,32,,,0,30,,85495,32,,,0,70,,85497,32,,,0,30,,85498,32,,,0,72,,85499,32,,,0,32,,85500,32,,,0,71,,85501,32,,,0,31,,85502,32,,,0,72,,85503,32,,,0,32,,85504,32,,,0,70,,85505,32,,,0,31,,85510,32,,,0,71,,85506,32,,,0,30,,85507,32,,,0,64,,85508,32,,,0,30,,85509,32,,,0
300,'S2-3_7',920,,85533,32,,,0,33,,85534,32,,,0,75,,85535,32,,,0,74,,85536,32,,,0,32,,85527,32,,,0,72,,85532,32,,,0,33,,85531,32,,,0,72,,85530,32,,,0,33,,85529,32,,,0,72,,85511,32,,,0,28,,85512,32,,,0,69,,85513,32,,,0,28,,85514,32,,,0,68,,85515,32,,,0,30,,85516,32,,,0,72,,85517,32,,,0,28,,85518,32,,,0,67,,85519,32,,,0,28,,85520,32,,,0,69,,85521,32,,,0,27,,85522,32,,,0,26,,85523,32,,,0,65,,85524,32,,,0,23,,85525,32,,,0,64,,85528,32,,,0,24,,85526,32,,,0
300,'S2-4_1',717,,85537,32,,,0,25,,85538,32,,,0,70,,85539,32,,,0,23,,85540,32,,,0,65,,85541,32,,,0,30,,85542,32,,,0,72,,85543,32,,,0,32,,85544,32,,,0,71,,85545,32,,,0,32,,85546,32,,,0,72,,85547,32,,,0,32,,85548,32,,,0,73,,85549,32,,,0,33,,85550,32,,,0,72,,85551,32,,,0,33,,85552,32,,,0,72,,85553,32,,,0,34,,85554,32,,,0,69,,85556,32,,,0,27,,85557,32,,,0,68,,85558,32,,,0,28,,85559,32,,,0,68,,85560,32,,,0,30,,85564,32,,,0,71,,85561,32,,,0,31,,85562,32,,,0,73,,85563,32,,,0,30,,85555,32,,,0
300,'S2-4_2',717,,85565,32,,,0,25,,85566,32,,,0,70,,85567,32,,,0,23,,85568,32,,,0,65,,85569,32,,,0,30,,85570,32,,,0,72,,85571,32,,,0,32,,85572,32,,,0,71,,85573,32,,,0,32,,85574,32,,,0,72,,85575,32,,,0,32,,85576,32,,,0,73,,85577,32,,,0,33,,85578,32,,,0,72,,85579,32,,,0,33,,85580,32,,,0,72,,85581,32,,,0,34,,85582,32,,,0,69,,85584,32,,,0,27,,85585,32,,,0,68,,85586,32,,,0,28,,85587,32,,,0,68,,85588,32,,,0,30,,85592,32,,,0,71,,85589,32,,,0,31,,85590,32,,,0,73,,85591,32,,,0,30,,85583,32,,,0
300,'S2-4_4',717,,85593,32,,,0,25,,85594,32,,,0,70,,85595,32,,,0,23,,85596,32,,,0,65,,85597,32,,,0,30,,85598,32,,,0,72,,85599,32,,,0,32,,85600,32,,,0,71,,85601,32,,,0,32,,85602,32,,,0,72,,85603,32,,,0,32,,85604,32,,,0,73,,85605,32,,,0,33,,85606,32,,,0,72,,85607,32,,,0,33,,85608,32,,,0,72,,85609,32,,,0,34,,85610,32,,,0,69,,85612,32,,,0,27,,85613,32,,,0,68,,85614,32,,,0,28,,85615,32,,,0,68,,85616,32,,,0,30,,85620,32,,,0,71,,85617,32,,,0,31,,85618,32,,,0,73,,85619,32,,,0,30,,85611,32,,,0
700,'S2-0_2',709,,86889,6,,,0,110,,86891,6,,,0,110,,86892,6,,,0,110,,86893,6,,,0,110,,86894,6,,,0,110,,86895,6,,,0,150,,86896,6,,,0,110,,86897,6,,,0,110,,86898,6,,,0,110,,86899,6,,,0,110,,86890,6,,,0
700,'S2-0_4',709,,86900,6,,,0,110,,86902,6,,,0,110,,86903,6,,,0,110,,86904,6,,,0,110,,86905,6,,,0,110,,86906,6,,,0,150,,86907,6,,,0,110,,86908,6,,,0,110,,86909,6,,,0,110,,86910,6,,,0,110,,86901,6,,,0
700,'S2-0_5',709,,86911,6,,,0,110,,86913,6,,,0,110,,86914,6,,,0,110,,86915,6,,,0,110,,86916,6,,,0,110,,86917,6,,,0,150,,86918,6,,,0,110,,86919,6,,,0,110,,86920,6,,,0,110,,86921,6,,,0,110,,86912,6,,,0
700,'S2-1_3',709,,86922,6,,,0,110,,86924,6,,,0,110,,86925,6,,,0,110,,86926,6,,,0,110,,86927,6,,,0,110,,86928,6,,,0,150,,86929,6,,,0,110,,86930,6,,,0,110,,86931,6,,,0,110,,86932,6,,,0,110,,86923,6,,,0
700,'S2-2_6',712,,86935,6,,,0,110,,86936,6,,,0,109,,86937,6,,,0,110,,86938,6,,,0,110,,86939,6,,,0,150,,86940,6,,,0,110,,86941,6,,,0,110,,86942,6,,,0,110,,86943,6,,,0,110,,86933,6,,,0,111,,86934,6,,,0
700,'S2-4_1',709,,86944,6,,,0,110,,86946,6,,,0,110,,86947,6,,,0,110,,86948,6,,,0,110,,86949,6,,,0,110,,86950,6,,,0,150,,86951,6,,,0,110,,86952,6,,,0,110,,86953,6,,,0,110,,86954,6,,,0,110,,86945,6,,,0
700,'S2-4_2',709,,86955,6,,,0,110,,86957,6,,,0,110,,86958,6,,,0,110,,86959,6,,,0,110,,86960,6,,,0,110,,86961,6,,,0,150,,86962,6,,,0,110,,86963,6,,,0,110,,86964,6,,,0,110,,86965,6,,,0,110,,86956,6,,,0
700,'S2-4_4',709,,86966,6,,,0,110,,86968,6,,,0,110,,86969,6,,,0,110,,86970,6,,,0,110,,86971,6,,,0,110,,86972,6,,,0,150,,86973,6,,,0,110,,86974,6,,,0,110,,86975,6,,,0,110,,86976,6,,,0,110,,86967,6,,,0
800,'S2-0_2',712,,87065,20,,,0,33,,87066,20,,,0,67,,87067,20,,,0,30,,87068,20,,,0,80,,87069,20,,,0,110,,87070,20,,,0,117,,87071,20,,,0,151,,87072,20,,,0,111,,87073,20,,,0,112,,87075,20,,,0,110,,87074,20,,,0
800,'S2-0_4',712,,87076,20,,,0,33,,87077,20,,,0,67,,87078,20,,,0,30,,87079,20,,,0,80,,87080,20,,,0,110,,87081,20,,,0,117,,87082,20,,,0,151,,87083,20,,,0,111,,87084,20,,,0,112,,87086,20,,,0,110,,87085,20,,,0
800,'S2-0_5',712,,87087,20,,,0,33,,87088,20,,,0,67,,87089,20,,,0,30,,87090,20,,,0,80,,87091,20,,,0,110,,87092,20,,,0,117,,87093,20,,,0,151,,87094,20,,,0,111,,87095,20,,,0,112,,87097,20,,,0,110,,87096,20,,,0
800,'S2-1_3',712,,87098,20,,,0,33,,87099,20,,,0,67,,87100,20,,,0,30,,87101,20,,,0,80,,87102,20,,,0,110,,87103,20,,,0,117,,87104,20,,,0,151,,87105,20,,,0,111,,87106,20,,,0,112,,87108,20,,,0,110,,87107,20,,,0
800,'S2-4_1',712,,87109,20,,,0,33,,87110,20,,,0,67,,87111,20,,,0,30,,87112,20,,,0,80,,87113,20,,,0,110,,87114,20,,,0,117,,87115,20,,,0,151,,87116,20,,,0,111,,87117,20,,,0,112,,87119,20,,,0,110,,87118,20,,,0
800,'S2-4_2',712,,87120,20,,,0,33,,87121,20,,,0,67,,87122,20,,,0,30,,87123,20,,,0,80,,87124,20,,,0,110,,87125,20,,,0,117,,87126,20,,,0,151,,87127,20,,,0,111,,87128,20,,,0,112,,87130,20,,,0,110,,87129,20,,,0
800,'S2-4_4',712,,87131,20,,,0,33,,87132,20,,,0,67,,87133,20,,,0,30,,87134,20,,,0,80,,87135,20,,,0,110,,87136,20,,,0,117,,87137,20,,,0,151,,87138,20,,,0,111,,87139,20,,,0,112,,87141,20,,,0,110,,87140,20,,,0
2200,'S2-0_2',718,,88556,16,0,11 15 16,0,120,,88557,16,0,11 15 16,0,882,,88558,16,0,11 15 16,0
2200,'S2-0_4',718,,88563,16,0,11 15 16,0,120,,88564,16,0,11 15 16,0,882,,88565,16,0,11 15 16,0
2200,'S2-0_5',718,,88570,16,0,11 15 16,0,120,,88571,16,0,11 15 16,0,882,,88572,16,0,11 15 16,0
2200,'S2-1_3',718,,88577,16,0,11 15 16,0,120,,88578,16,0,11 15 16,0,882,,88579,16,0,11 15 16,0
2200,'S2-4_1',718,,88582,16,0,11 15 16,0,120,,88583,16,0,11 15 16,0,882,,88584,16,0,11 15 16,0
2200,'S2-4_2',718,,88589,16,0,11 15 16,0,120,,88590,16,0,11 15 16,0,882,,88591,16,0,11 15 16,0
2200,'S2-4_4',718,,88596,16,0,11 15 16,0,120,,88597,16,0,11 15 16,0,882,,88598,16,0,11 15 16,0
2000000,'S2-0_2',649,,91479,11,,,0,62,,91461,11,,,0,17,,91489,11,,,0,15,,91445,11,,,0,15,,91472,11,,,0,55,,91454,11,,,0,15,,91481,11,,,0,15,,91464,11,,,0,16,,91492,11,,,0,56,,91446,11,,,0,16,,91477,11,,,0,15,,91455,11,,,0,56,,91482,11,,,0,15,,91462,11,,,0,16,,91490,11,,,0,16,,91447,11,,,0,56,,91478,11,,,0,15,,91456,11,,,0,16,,91483,11,,,0,17,,91463,11,,,0,54,,91493,11,,,0,17,,91448,11,,,0,13,,91471,11,,,0,16,,91457,11,,,0,55,,91480,11,,,0,15,,91465,11,,,0,15,,91491,11,,,0,15,,91450,11,,,0,55,,91473,11,,,0,15,,91460,11,,,0,15,,91485,11,,,0,15,,91466,11,,,0,55,,91494,11,,,0,15,,91451,11,,,0,15,,91474,11,,,0,16,,91459,11,,,0,47,,91442,9,0,9 10,0,8,,91484,11,,,0,14,,91467,11,,,0,16,,91443,11,,,0,15,,91495,11,,,0,55,,91441,9,0,9 10,0,3,,91449,11,,,0,14,,91476,11,,,0,16,,91458,11,,,0,15,,91486,11,,,0,50,,91498,9,0,9 10,0,6,,91469,11,,,0,13,,91444,11,,,0,14,,91496,11,,,0,15,,91452,11,,,0,54,,91475,11,,,0,14,,91487,11,,,0,19,,91468,11,,,0,62,,91497,11,,,0,20,,91453,11,,,0,19,,91488,11,,,0,61,,91470,11,,,0
2000000,'S2-0_4',649,,91538,11,,,0,62,,91520,11,,,0,17,,91548,11,,,0,15,,91504,11,,,0,15,,91531,11,,,0,55,,91513,11,,,0,15,,91540,11,,,0,15,,91523,11,,,0,16,,91551,11,,,0,56,,91505,11,,,0,16,,91536,11,,,0,15,,91514,11,,,0,56,,91541,11,,,0,15,,91521,11,,,0,16,,91549,11,,,0,16,,91506,11,,,0,56,,91537,11,,,0,15,,91515,11,,,0,16,,91542,11,,,0,17,,91522,11,,,0,54,,91552,11,,,0,17,,91507,11,,,0,13,,91530,11,,,0,16,,91516,11,,,0,55,,91539,11,,,0,15,,91524,11,,,0,15,,91550,11,,,0,15,,91509,11,,,0,55,,91532,11,,,0,15,,91519,11,,,0,15,,91544,11,,,0,15,,91525,11,,,0,55,,91553,11,,,0,15,,91510,11,,,0,15,,91533,11,,,0,16,,91518,11,,,0,47,,91501,9,0,9 10,0,8,,91543,11,,,0,14,,91526,11,,,0,16,,91502,11,,,0,15,,91554,11,,,0,55,,91500,9,0,9 10,0,3,,91508,11,,,0,14,,91535,11,,,0,16,,91517,11,,,0,15,,91545,11,,,0,50,,91557,9,0,9 10,0,6,,91528,11,,,0,13,,91503,11,,,0,14,,91555,11,,,0,15,,91511,11,,,0,54,,91534,11,,,0,14,,91546,11,,,0,19,,91527,11,,,0,62,,91556,11,,,0,20,,91512,11,,,0,19,,91547,11,,,0,61,,91529,11,,,0
2000000,'S2-0_5',649,,91597,11,,,0,62,,91579,11,,,0,17,,91607,11,,,0,15,,91563,11,,,0,15,,91590,11,,,0,55,,91572,11,,,0,15,,91599,11,,,0,15,,91582,11,,,0,16,,91610,11,,,0,56,,91564,11,,,0,16,,91595,11,,,0,15,,91573,11,,,0,56,,91600,11,,,0,15,,91580,11,,,0,16,,91608,11,,,0,16,,91565,11,,,0,56,,91596,11,,,0,15,,91574,11,,,0,16,,91601,11,,,0,17,,91581,11,,,0,54,,91611,11,,,0,17,,91566,11,,,0,13,,91589,11,,,0,16,,91575,11,,,0,55,,91598,11,,,0,15,,91583,11,,,0,15,,91609,11,,,0,15,,91568,11,,,0,55,,91591,11,,,0,15,,91578,11,,,0,15,,91603,11,,,0,15,,91584,11,,,0,55,,91612,11,,,0,15,,91569,11,,,0,15,,91592,11,,,0,16,,91577,11,,,0,47,,91560,9,0,9 10,0,8,,91602,11,,,0,14,,91585,11,,,0,16,,91561,11,,,0,15,,91613,11,,,0,55,,91559,9,0,9 10,0,3,,91567,11,,,0,14,,91594,11,,,0,16,,91576,11,,,0,15,,91604,11,,,0,50,,91616,9,0,9 10,0,6,,91587,11,,,0,13,,91562,11,,,0,14,,91614,11,,,0,15,,91570,11,,,0,54,,91593,11,,,0,14,,91605,11,,,0,19,,91586,11,,,0,62,,91615,11,,,0,20,,91571,11,,,0,19,,91606,11,,,0,61,,91588,11,,,0
2000000,'S2-1_3',649,,91655,11,,,0,62,,91637,11,,,0,17,,91665,11,,,0,15,,91621,11,,,0,15,,91648,11,,,0,55,,91630,11,,,0,15,,91657,11,,,0,15,,91640,11,,,0,16,,91668,11,,,0,56,,91622,11,,,0,16,,91653,11,,,0,15,,91631,11,,,0,56,,91658,11,,,0,15,,91638,11,,,0,16,,91666,11,,,0,16,,91623,11,,,0,56,,91654,11,,,0,15,,91632,11,,,0,16,,91659,11,,,0,17,,91639,11,,,0,54,,91669,11,,,0,9,,91674,9,0,9 10,0,3,,91618,9,0,9 10,0,2,,91617,9,0,9 10,0,3,,91624,11,,,0,13,,91647,11,,,0,16,,91633,11,,,0,55,,91656,11,,,0,15,,91641,11,,,0,15,,91667,11,,,0,15,,91626,11,,,0,55,,91649,11,,,0,15,,91636,11,,,0,15,,91661,11,,,0,15,,91642,11,,,0,55,,91670,11,,,0,15,,91627,11,,,0,15,,91650,11,,,0,16,,91635,11,,,0,55,,91660,11,,,0,14,,91643,11,,,0,16,,91619,11,,,0,15,,91671,11,,,0,58,,91625,11,,,0,14,,91652,11,,,0,16,,91634,11,,,0,15,,91662,11,,,0,56,,91645,11,,,0,13,,91620,11,,,0,14,,91672,11,,,0,15,,91628,11,,,0,54,,91651,11,,,0,14,,91663,11,,,0,19,,91644,11,,,0,62,,91673,11,,,0,20,,91629,11,,,0,19,,91664,11,,,0,61,,91646,11,,,0
2000000,'S2-2_6',646,,91675,11,,,0,81,,91676,11,,,0,79,,91677,11,,,0,30,,91678,11,,,0,20,,91679,11,,,0,60,,91680,11,,,0,18,,91681,11,,,0,18,,91682,11,,,0,59,,91683,11,,,0,20,,91684,11,,,0,19,,91685,11,,,0,59,,91686,11,,,0,19,,91687,11,,,0,20,,91688,11,,,0,58,,91689,11,,,0,19,,91690,11,,,0,18,,91691,11,,,0,59,,91692,11,,,0,19,,91693,11,,,0,19,,91694,11,,,0,18,,91695,11,,,0,59,,91696,11,,,0,20,,91697,11,,,0,20,,91698,11,,,0,59,,91699,11,,,0,19,,91700,11,,,0,20,,91701,11,,,0,60,,91702,11,,,0,20,,91703,11,,,0,20,,91704,11,,,0,59,,91705,11,,,0,20,,91706,11,,,0,20,,91707,11,,,0,60,,91708,11,,,0,18,,91709,11,,,0,20,,91710,11,,,0,64,,91711,11,,,0,25,,91712,11,,,0,65,,91713,11,,,0,24,,91714,11,,,0,25,,91715,11,,,0
2000000,'S2-3_7',822,,91716,11,,,0,80,,91717,11,,,0,40,,91718,11,,,0,80,,91719,11,,,0,80,,91720,11,,,0,40,,91721,11,,,0,80,,91722,11,,,0,80,,91723,11,,,0,40,,91724,11,,,0,80,,91725,11,,,0,80,,91726,11,,,0,40,,91727,11,,,0,80,,91728,11,,,0,80,,91729,11,,,0,40,,91730,11,,,0,80,,91731,11,,,0,80,,91732,11,,,0,40,,91733,11,,,0
2000000,'S2-4_1',649,,91773,11,,,0,62,,91755,11,,,0,17,,91783,11,,,0,15,,91739,11,,,0,15,,91766,11,,,0,55,,91748,11,,,0,15,,91775,11,,,0,15,,91758,11,,,0,16,,91786,11,,,0,56,,91740,11,,,0,16,,91771,11,,,0,15,,91749,11,,,0,56,,91776,11,,,0,15,,91756,11,,,0,16,,91784,11,,,0,16,,91741,11,,,0,56,,91772,11,,,0,15,,91750,11,,,0,16,,91777,11,,,0,17,,91757,11,,,0,54,,91787,11,,,0,17,,91742,11,,,0,13,,91765,11,,,0,16,,91751,11,,,0,55,,91774,11,,,0,15,,91759,11,,,0,15,,91785,11,,,0,15,,91744,11,,,0,55,,91767,11,,,0,15,,91754,11,,,0,15,,91779,11,,,0,15,,91760,11,,,0,55,,91788,11,,,0,15,,91745,11,,,0,15,,91768,11,,,0,16,,91753,11,,,0,47,,91736,9,0,9 10,0,8,,91778,11,,,0,14,,91761,11,,,0,16,,91737,11,,,0,15,,91789,11,,,0,55,,91735,9,0,9 10,0,3,,91743,11,,,0,14,,91770,11,,,0,16,,91752,11,,,0,15,,91780,11,,,0,50,,91792,9,0,9 10,0,6,,91763,11,,,0,13,,91738,11,,,0,14,,91790,11,,,0,15,,91746,11,,,0,54,,91769,11,,,0,14,,91781,11,,,0,19,,91762,11,,,0,62,,91791,11,,,0,20,,91747,11,,,0,19,,91782,11,,,0,61,,91764,11,,,0
2000000,'S2-4_2',649,,91832,11,,,0,62,,91814,11,,,0,17,,91842,11,,,0,15,,91798,11,,,0,15,,91825,11,,,0,55,,91807,11,,,0,15,,91834,11,,,0,15,,91817,11,,,0,16,,91845,11,,,0,56,,91799,11,,,0,16,,91830,11,,,0,15,,91808,11,,,0,56,,91835,11,,,0,15,,91815,11,,,0,16,,91843,11,,,0,16,,91800,11,,,0,56,,91831,11,,,0,15,,91809,11,,,0,16,,91836,11,,,0,17,,91816,11,,,0,54,,91846,11,,,0,17,,91801,11,,,0,13,,91824,11,,,0,16,,91810,11,,,0,55,,91833,11,,,0,15,,91818,11,,,0,15,,91844,11,,,0,15,,91803,11,,,0,55,,91826,11,,,0,15,,91813,11,,,0,15,,91838,11,,,0,15,,91819,11,,,0,55,,91847,11,,,0,15,,91804,11,,,0,15,,91827,11,,,0,16,,91812,11,,,0,47,,91795,9,0,9 10,0,8,,91837,11,,,0,14,,91820,11,,,0,16,,91796,11,,,0,15,,91848,11,,,0,55,,91794,9,0,9 10,0,3,,91802,11,,,0,14,,91829,11,,,0,16,,91811,11,,,0,15,,91839,11,,,0,50,,91851,9,0,9 10,0,6,,91822,11,,,0,13,,91797,11,,,0,14,,91849,11,,,0,15,,91805,11,,,0,54,,91828,11,,,0,14,,91840,11,,,0,19,,91821,11,,,0,62,,91850,11,,,0,20,,91806,11,,,0,19,,91841,11,,,0,61,,91823,11,,,0
2000000,'S2-4_4',649,,91891,11,,,0,62,,91873,11,,,0,17,,91901,11,,,0,15,,91857,11,,,0,15,,91884,11,,,0,55,,91866,11,,,0,15,,91893,11,,,0,15,,91876,11,,,0,16,,91904,11,,,0,56,,91858,11,,,0,16,,91889,11,,,0,15,,91867,11,,,0,56,,91894,11,,,0,15,,91874,11,,,0,16,,91902,11,,,0,16,,91859,11,,,0,56,,91890,11,,,0,15,,91868,11,,,0,16,,91895,11,,,0,17,,91875,11,,,0,54,,91905,11,,,0,17,,91860,11,,,0,13,,91883,11,,,0,16,,91869,11,,,0,55,,91892,11,,,0,15,,91877,11,,,0,15,,91903,11,,,0,15,,91862,11,,,0,55,,91885,11,,,0,15,,91872,11,,,0,15,,91897,11,,,0,15,,91878,11,,,0,55,,91906,11,,,0,15,,91863,11,,,0,15,,91886,11,,,0,16,,91871,11,,,0,47,,91854,9,0,9 10,0,8,,91896,11,,,0,14,,91879,11,,,0,16,,91855,11,,,0,15,,91907,11,,,0,55,,91853,9,0,9 10,0,3,,91861,11,,,0,14,,91888,11,,,0,16,,91870,11,,,0,15,,91898,11,,,0,50,,91910,9,0,9 10,0,6,,91881,11,,,0,13,,91856,11,,,0,14,,91908,11,,,0,15,,91864,11,,,0,54,,91887,11,,,0,14,,91899,11,,,0,19,,91880,11,,,0,62,,91909,11,,,0,20,,91865,11,,,0,19,,91900,11,,,0,61,,91882,11,,,0
