300,'0_6',658,,64083,14,,,0,69,,64084,14,,,0,28,,64085,14,,,0,70,,64086,14,,,0,75,,64087,14,,,0,32,,64088,14,,,0,75,,64089,14,,,0,34,,64090,14,,,0,72,,64091,14,,,0,33,,64082,14,,,0,73,,64081,14,,,0,33,,64080,14,,,0,72,,64079,14,,,0,32,,64057,14,,,0,68,,64058,14,,,0,29,,64059,14,,,0,68,,64060,14,,,0,28,,64061,14,,,0,68,,64062,14,,,0,31,,64063,14,,,0,68,,64064,14,,,0,27,,64065,14,,,0,68,,64066,14,,,0,29,,64067,14,,,0,67,,64068,14,,,0,26,,64069,14,,,0,26,,64070,14,,,0,64,,64071,14,,,0,24,,64093,14,,,0,66,,64092,14,,,0,23,,64072,2,,,0,70,,64073,2,,,0,30,,64074,2,,,0,70,,64075,2,,,0,30,,64076,2,,,0,70,,64077,2,,,0,30,,64078,2,,,0
300,'1_7',900,,64116,14,,,0,32,,64117,14,,,0,75,,64118,14,,,0,34,,64119,14,,,0,72,,64110,14,,,0,33,,64115,14,,,0,73,,64114,14,,,0,33,,64113,14,,,0,72,,64112,14,,,0,32,,64094,14,,,0,68,,64095,14,,,0,29,,64096,14,,,0,68,,64097,14,,,0,28,,64098,14,,,0,68,,64099,14,,,0,31,,64100,14,,,0,68,,64101,14,,,0,27,,64102,14,,,0,68,,64103,14,,,0,29,,64104,14,,,0,67,,64105,14,,,0,26,,64106,14,,,0,26,,64107,14,,,0,64,,64108,14,,,0,24,,64111,14,,,0,66,,64109,14,,,0
300,'3_1',658,,64296,14,,,0,69,,64297,14,,,0,28,,64298,14,,,0,70,,64299,14,,,0,75,,64300,14,,,0,32,,64301,14,,,0,75,,64302,14,,,0,34,,64303,14,,,0,72,,64304,14,,,0,33,,64295,14,,,0,73,,64294,14,,,0,33,,64293,14,,,0,72,,64292,14,,,0,32,,64277,14,,,0,68,,64278,14,,,0,29,,64279,14,,,0,68,,64280,14,,,0,28,,64281,14,,,0,68,,64282,14,,,0,31,,64283,14,,,0,68,,64284,14,,,0,27,,64285,14,,,0,68,,64286,14,,,0,29,,64287,14,,,0,67,,64288,14,,,0,26,,64289,14,,,0,26,,64290,14,,,0,64,,64291,14,,,0,24,,64306,14,,,0,66,,64305,14,,,0
300,'3_2',658,,73153,14,,,0,69,,73154,14,,,0,28,,73155,14,,,0,70,,73156,14,,,0,75,,73157,14,,,0,32,,73158,14,,,0,75,,73159,14,,,0,34,,73160,14,,,0,72,,73161,14,,,0,33,,73152,14,,,0,73,,73151,14,,,0,33,,73150,14,,,0,72,,73149,14,,,0,32,,73134,14,,,0,68,,73135,14,,,0,29,,73136,14,,,0,68,,73137,14,,,0,28,,73138,14,,,0,68,,73139,14,,,0,31,,73140,14,,,0,68,,73141,14,,,0,27,,73142,14,,,0,68,,73143,14,,,0,29,,73144,14,,,0,67,,73145,14,,,0,26,,73146,14,,,0,26,,73147,14,,,0,64,,73148,14,,,0,24,,73163,14,,,0,66,,73162,14,,,0
300,'3_3',658,,64326,14,,,0,69,,64327,14,,,0,28,,64328,14,,,0,70,,64329,14,,,0,75,,64330,14,,,0,32,,64331,14,,,0,75,,64332,14,,,0,34,,64333,14,,,0,72,,64334,14,,,0,33,,64325,14,,,0,73,,64324,14,,,0,33,,64323,14,,,0,72,,64322,14,,,0,32,,64307,14,,,0,68,,64308,14,,,0,29,,64309,14,,,0,68,,64310,14,,,0,28,,64311,14,,,0,68,,64312,14,,,0,31,,64313,14,,,0,68,,64314,14,,,0,27,,64315,14,,,0,68,,64316,14,,,0,29,,64317,14,,,0,67,,64318,14,,,0,26,,64319,14,,,0,26,,64320,14,,,0,64,,64321,14,,,0,24,,64336,14,,,0,66,,64335,14,,,0
300,'3_4',658,,64356,14,,,0,69,,64357,14,,,0,28,,64358,14,,,0,70,,64359,14,,,0,75,,64360,14,,,0,32,,64361,14,,,0,75,,64362,14,,,0,34,,64363,14,,,0,72,,64364,14,,,0,33,,64355,14,,,0,73,,64354,14,,,0,33,,64353,14,,,0,72,,64352,14,,,0,32,,64337,14,,,0,68,,64338,14,,,0,29,,64339,14,,,0,68,,64340,14,,,0,28,,64341,14,,,0,68,,64342,14,,,0,31,,64343,14,,,0,68,,64344,14,,,0,27,,64345,14,,,0,68,,64346,14,,,0,29,,64347,14,,,0,67,,64348,14,,,0,26,,64349,14,,,0,26,,64350,14,,,0,64,,64351,14,,,0,24,,64366,14,,,0,66,,64365,14,,,0
300,'3_5',658,,64393,14,,,0,69,,64394,14,,,0,28,,64395,14,,,0,70,,64396,14,,,0,75,,64397,14,,,0,32,,64398,14,,,0,75,,64399,14,,,0,34,,64400,14,,,0,72,,64401,14,,,0,33,,64392,14,,,0,73,,64391,14,,,0,33,,64390,14,,,0,72,,64389,14,,,0,32,,64367,14,,,0,68,,64368,14,,,0,29,,64369,14,,,0,68,,64370,14,,,0,28,,64371,14,,,0,68,,64372,14,,,0,31,,64373,14,,,0,68,,64374,14,,,0,27,,64375,14,,,0,68,,64376,14,,,0,29,,64377,14,,,0,67,,64378,14,,,0,26,,64379,14,,,0,26,,64380,14,,,0,64,,64381,14,,,0,24,,64403,14,,,0,66,,64402,14,,,0,23,,64382,2,,,0,70,,64383,2,,,0,30,,64384,2,,,0,70,,64385,2,,,0,30,,64386,2,,,0,70,,64387,2,,,0,30,,64388,2,,,0
300,'5_1',658,,74113,14,,,0,69,,74114,14,,,0,28,,74115,14,,,0,70,,74116,14,,,0,75,,74117,14,,,0,32,,74118,14,,,0,75,,74119,14,,,0,34,,74120,14,,,0,72,,74121,14,,,0,33,,74112,14,,,0,73,,74111,14,,,0,33,,74110,14,,,0,72,,74109,14,,,0,32,,74094,14,,,0,68,,74095,14,,,0,29,,74096,14,,,0,68,,74097,14,,,0,28,,74098,14,,,0,68,,74099,14,,,0,31,,74100,14,,,0,68,,74101,14,,,0,27,,74102,14,,,0,68,,74103,14,,,0,29,,74104,14,,,0,67,,74105,14,,,0,26,,74106,14,,,0,26,,74107,14,,,0,64,,74108,14,,,0,24,,74123,14,,,0,66,,74122,14,,,0
300,'5_2',658,,75315,14,,,0,69,,75316,14,,,0,28,,75317,14,,,0,70,,75318,14,,,0,75,,75319,14,,,0,32,,75320,14,,,0,75,,75321,14,,,0,34,,75322,14,,,0,72,,75323,14,,,0,33,,75314,14,,,0,73,,75313,14,,,0,33,,75312,14,,,0,72,,75311,14,,,0,32,,75296,14,,,0,68,,75297,14,,,0,29,,75298,14,,,0,68,,75299,14,,,0,28,,75300,14,,,0,68,,75301,14,,,0,31,,75302,14,,,0,68,,75303,14,,,0,27,,75304,14,,,0,68,,75305,14,,,0,29,,75306,14,,,0,67,,75307,14,,,0,26,,75308,14,,,0,26,,75309,14,,,0,64,,75310,14,,,0,24,,75325,14,,,0,66,,75324,14,,,0
300,'5_3',658,,75345,14,,,0,69,,75346,14,,,0,28,,75347,14,,,0,70,,75348,14,,,0,75,,75349,14,,,0,32,,75350,14,,,0,75,,75351,14,,,0,34,,75352,14,,,0,72,,75353,14,,,0,33,,75344,14,,,0,73,,75343,14,,,0,33,,75342,14,,,0,72,,75341,14,,,0,32,,75326,14,,,0,68,,75327,14,,,0,29,,75328,14,,,0,68,,75329,14,,,0,28,,75330,14,,,0,68,,75331,14,,,0,31,,75332,14,,,0,68,,75333,14,,,0,27,,75334,14,,,0,68,,75335,14,,,0,29,,75336,14,,,0,67,,75337,14,,,0,26,,75338,14,,,0,26,,75339,14,,,0,64,,75340,14,,,0,24,,75355,14,,,0,66,,75354,14,,,0
300,'5_4',658,,75375,14,,,0,69,,75376,14,,,0,28,,75377,14,,,0,70,,75378,14,,,0,75,,75379,14,,,0,32,,75380,14,,,0,75,,75381,14,,,0,34,,75382,14,,,0,72,,75383,14,,,0,33,,75374,14,,,0,73,,75373,14,,,0,33,,75372,14,,,0,72,,75371,14,,,0,32,,75356,14,,,0,68,,75357,14,,,0,29,,75358,14,,,0,68,,75359,14,,,0,28,,75360,14,,,0,68,,75361,14,,,0,31,,75362,14,,,0,68,,75363,14,,,0,27,,75364,14,,,0,68,,75365,14,,,0,29,,75366,14,,,0,67,,75367,14,,,0,26,,75368,14,,,0,26,,75369,14,,,0,64,,75370,14,,,0,24,,75385,14,,,0,66,,75384,14,,,0
2200,'0_6',1002,,67568,2,,,0,120,,67569,2,,,0,131,,67570,2,,,0,256,,67571,2,,,0,143,,67572,2,,,0,168,,67573,2,,,0,125,,67574,2,,,0
2200,'1_7',1333,,67575,2,,,0,120,,67576,2,,,0,160,,67577,2,,,0,120,,67578,2,,,0,120,,67579,2,,,0
2200,'3_1',1002,,67615,2,,,0,120,,67616,2,,,0,131,,67617,2,,,0,256,,67618,2,,,0,143,,67619,2,,,0,168,,67620,2,,,0,125,,67621,2,,,0
2200,'3_2',1002,,73459,2,,,0,120,,73460,2,,,0,131,,73461,2,,,0,256,,73462,2,,,0,143,,73463,2,,,0,168,,73464,2,,,0,125,,73465,2,,,0
2200,'3_3',1002,,67622,2,,,0,120,,67623,2,,,0,131,,67624,2,,,0,256,,67625,2,,,0,143,,67626,2,,,0,168,,67627,2,,,0,125,,67628,2,,,0
2200,'3_4',1002,,67629,2,,,0,120,,67630,2,,,0,131,,67631,2,,,0,256,,67632,2,,,0,143,,67633,2,,,0,168,,67634,2,,,0,125,,67635,2,,,0
2200,'3_5',1002,,67636,2,,,0,120,,67637,2,,,0,131,,67638,2,,,0,256,,67639,2,,,0,143,,67640,2,,,0,168,,67641,2,,,0,125,,67642,2,,,0
2200,'5_1',1002,,74419,2,,,0,120,,74420,2,,,0,131,,74421,2,,,0,256,,74422,2,,,0,143,,74423,2,,,0,168,,74424,2,,,0,125,,74425,2,,,0
2200,'5_2',1002,,76271,2,,,0,120,,76272,2,,,0,131,,76273,2,,,0,256,,76274,2,,,0,143,,76275,2,,,0,168,,76276,2,,,0,125,,76277,2,,,0
2200,'5_3',1002,,76278,2,,,0,120,,76279,2,,,0,131,,76280,2,,,0,256,,76281,2,,,0,143,,76282,2,,,0,168,,76283,2,,,0,125,,76284,2,,,0
2200,'5_4',1002,,76285,2,,,0,120,,76286,2,,,0,131,,76287,2,,,0,256,,76288,2,,,0,143,,76289,2,,,0,168,,76290,2,,,0,125,,76291,2,,,0
