2501,'0_6',705,,67828,10,,,0,111,,67829,10,,,0,125,,67830,10,,,0,112,,67831,10,,,0,153,,67832,10,,,0,128,,67833,10,,,0,168,,67834,10,,,0,119,,67835,10,,,0,120,,67836,10,,,0,160,,67837,10,,,0
2501,'3_1',705,,67888,10,,,0,111,,67889,10,,,0,125,,67890,10,,,0,112,,67891,10,,,0,153,,67892,10,,,0,128,,67893,10,,,0,168,,67894,10,,,0,119,,67895,10,,,0,120,,67896,10,,,0,160,,67897,10,,,0
2501,'3_2',705,,73483,10,,,0,111,,73484,10,,,0,125,,73485,10,,,0,112,,73486,10,,,0,153,,73487,10,,,0,128,,73488,10,,,0,168,,73489,10,,,0,119,,73490,10,,,0,120,,73491,10,,,0,160,,73492,10,,,0
2501,'3_3',705,,67898,10,,,0,111,,67899,10,,,0,125,,67900,10,,,0,112,,67901,10,,,0,153,,67902,10,,,0,128,,67903,10,,,0,168,,67904,10,,,0,119,,67905,10,,,0,120,,67906,10,,,0,160,,67907,10,,,0
2501,'3_4',705,,67908,10,,,0,111,,67909,10,,,0,125,,67910,10,,,0,112,,67911,10,,,0,153,,67912,10,,,0,128,,67913,10,,,0,168,,67914,10,,,0,119,,67915,10,,,0,120,,67916,10,,,0,160,,67917,10,,,0
2501,'3_5',705,,67918,10,,,0,111,,67919,10,,,0,125,,67920,10,,,0,112,,67921,10,,,0,153,,67922,10,,,0,128,,67923,10,,,0,168,,67924,10,,,0,119,,67925,10,,,0,120,,67926,10,,,0,160,,67927,10,,,0
2501,'5_1',705,,74443,10,,,0,111,,74444,10,,,0,125,,74445,10,,,0,112,,74446,10,,,0,153,,74447,10,,,0,128,,74448,10,,,0,168,,74449,10,,,0,119,,74450,10,,,0,120,,74451,10,,,0,160,,74452,10,,,0
2501,'5_2',705,,76343,10,,,0,111,,76344,10,,,0,125,,76345,10,,,0,112,,76346,10,,,0,153,,76347,10,,,0,128,,76348,10,,,0,168,,76349,10,,,0,119,,76350,10,,,0,120,,76351,10,,,0,160,,76352,10,,,0
2501,'5_3',705,,76353,10,,,0,111,,76354,10,,,0,125,,76355,10,,,0,112,,76356,10,,,0,153,,76357,10,,,0,128,,76358,10,,,0,168,,76359,10,,,0,119,,76360,10,,,0,120,,76361,10,,,0,160,,76362,10,,,0
2501,'5_4',705,,76363,10,,,0,111,,76364,10,,,0,125,,76365,10,,,0,112,,76366,10,,,0,153,,76367,10,,,0,128,,76368,10,,,0,168,,76369,10,,,0,119,,76370,10,,,0,120,,76371,10,,,0,160,,76372,10,,,0
4000001,'0_6',645,,72563,8,,,0,59,,72584,6,,,0,20,,72564,8,,,0,20,,72585,6,,,0,59,,72565,8,,,0,20,,72586,6,,,0,20,,72566,8,,,0,61,,72587,6,,,0,20,,72567,8,,,0,20,,72588,6,,,0,61,,72568,8,,,0,20,,72589,6,,,0,21,,72569,8,,,0,61,,72590,6,,,0,22,,72570,8,,,0,20,,72591,6,,,0,63,,72571,8,,,0,21,,72592,6,,,0,21,,72572,8,,,0,58,,72593,6,,,0,18,,72573,8,,,0,17,,72594,6,,,0,58,,72574,8,,,0,19,,72595,6,,,0,20,,72575,8,,,0,60,,72596,6,,,0,20,,72576,8,,,0,20,,72597,6,,,0,59,,72577,8,,,0,19,,72598,6,,,0,20,,72578,8,,,0,60,,72599,6,,,0,20,,72579,8,,,0,20,,72600,6,,,0,61,,72580,8,,,0,21,,72601,6,,,0,20,,72581,8,,,0,60,,72602,6,,,0,21,,72582,6,,,0,21,,72603,8,,,0,61,,72605,6,,,0,20,,72583,8,,,0,30,,72604,6,,,0
4000001,'1_7',901,,72607,8,,,0,110,,72612,6,,,0,110,,72608,8,,,0,110,,72613,6,,,0,110,,72609,8,,,0,110,,72614,6,,,0,150,,72610,8,,,0,110,,72615,6,,,0,110,,72611,8,,,0,110,,72606,6,,,0
4000001,'3_1',645,,72831,8,,,0,59,,72852,6,,,0,20,,72832,8,,,0,20,,72853,6,,,0,59,,72833,8,,,0,20,,72854,6,,,0,20,,72834,8,,,0,61,,72855,6,,,0,20,,72835,8,,,0,20,,72856,6,,,0,61,,72836,8,,,0,20,,72857,6,,,0,21,,72837,8,,,0,61,,72858,6,,,0,22,,72838,8,,,0,20,,72859,6,,,0,63,,72839,8,,,0,21,,72860,6,,,0,21,,72840,8,,,0,58,,72861,6,,,0,18,,72841,8,,,0,17,,72862,6,,,0,58,,72842,8,,,0,19,,72863,6,,,0,20,,72843,8,,,0,60,,72864,6,,,0,20,,72844,8,,,0,20,,72865,6,,,0,59,,72845,8,,,0,19,,72866,6,,,0,20,,72846,8,,,0,60,,72867,6,,,0,20,,72847,8,,,0,20,,72868,6,,,0,61,,72848,8,,,0,21,,72869,6,,,0,20,,72849,8,,,0,60,,72870,6,,,0,21,,72850,6,,,0,21,,72871,8,,,0,61,,72872,6,,,0,20,,72851,8,,,0,30,,72873,6,,,0
4000001,'3_2',645,,73930,8,,,0,59,,73951,6,,,0,20,,73931,8,,,0,20,,73952,6,,,0,59,,73932,8,,,0,20,,73953,6,,,0,20,,73933,8,,,0,61,,73954,6,,,0,20,,73934,8,,,0,20,,73955,6,,,0,61,,73935,8,,,0,20,,73956,6,,,0,21,,73936,8,,,0,61,,73957,6,,,0,22,,73937,8,,,0,20,,73958,6,,,0,63,,73938,8,,,0,21,,73959,6,,,0,21,,73939,8,,,0,58,,73960,6,,,0,18,,73940,8,,,0,17,,73961,6,,,0,58,,73941,8,,,0,19,,73962,6,,,0,20,,73942,8,,,0,60,,73963,6,,,0,20,,73943,8,,,0,20,,73964,6,,,0,59,,73944,8,,,0,19,,73965,6,,,0,20,,73945,8,,,0,60,,73966,6,,,0,20,,73946,8,,,0,20,,73967,6,,,0,61,,73947,8,,,0,21,,73968,6,,,0,20,,73948,8,,,0,60,,73969,6,,,0,21,,73949,6,,,0,21,,73970,8,,,0,61,,73971,6,,,0,20,,73950,8,,,0,30,,73972,6,,,0
4000001,'3_3',645,,72874,8,,,0,59,,72895,6,,,0,20,,72875,8,,,0,20,,72896,6,,,0,59,,72876,8,,,0,20,,72897,6,,,0,20,,72877,8,,,0,61,,72898,6,,,0,20,,72878,8,,,0,20,,72899,6,,,0,61,,72879,8,,,0,20,,72900,6,,,0,21,,72880,8,,,0,61,,72901,6,,,0,22,,72881,8,,,0,20,,72902,6,,,0,63,,72882,8,,,0,21,,72903,6,,,0,21,,72883,8,,,0,58,,72904,6,,,0,18,,72884,8,,,0,17,,72905,6,,,0,58,,72885,8,,,0,19,,72906,6,,,0,20,,72886,8,,,0,60,,72907,6,,,0,20,,72887,8,,,0,20,,72908,6,,,0,59,,72888,8,,,0,19,,72909,6,,,0,20,,72889,8,,,0,60,,72910,6,,,0,20,,72890,8,,,0,20,,72911,6,,,0,61,,72891,8,,,0,21,,72912,6,,,0,20,,72892,8,,,0,60,,72913,6,,,0,21,,72893,6,,,0,21,,72914,8,,,0,61,,72915,6,,,0,20,,72894,8,,,0,30,,72916,6,,,0
4000001,'3_4',645,,72917,8,,,0,59,,72938,6,,,0,20,,72918,8,,,0,20,,72939,6,,,0,59,,72919,8,,,0,20,,72940,6,,,0,20,,72920,8,,,0,61,,72941,6,,,0,20,,72921,8,,,0,20,,72942,6,,,0,61,,72922,8,,,0,20,,72943,6,,,0,21,,72923,8,,,0,61,,72944,6,,,0,22,,72924,8,,,0,20,,72945,6,,,0,63,,72925,8,,,0,21,,72946,6,,,0,21,,72926,8,,,0,58,,72947,6,,,0,18,,72927,8,,,0,17,,72948,6,,,0,58,,72928,8,,,0,19,,72949,6,,,0,20,,72929,8,,,0,60,,72950,6,,,0,20,,72930,8,,,0,20,,72951,6,,,0,59,,72931,8,,,0,19,,72952,6,,,0,20,,72932,8,,,0,60,,72953,6,,,0,20,,72933,8,,,0,20,,72954,6,,,0,61,,72934,8,,,0,21,,72955,6,,,0,20,,72935,8,,,0,60,,72956,6,,,0,21,,72936,6,,,0,21,,72957,8,,,0,61,,72958,6,,,0,20,,72937,8,,,0,30,,72959,6,,,0
4000001,'3_5',645,,72960,8,,,0,59,,72981,6,,,0,20,,72961,8,,,0,20,,72982,6,,,0,59,,72962,8,,,0,20,,72983,6,,,0,20,,72963,8,,,0,61,,72984,6,,,0,20,,72964,8,,,0,20,,72985,6,,,0,61,,72965,8,,,0,20,,72986,6,,,0,21,,72966,8,,,0,61,,72987,6,,,0,22,,72967,8,,,0,20,,72988,6,,,0,63,,72968,8,,,0,21,,72989,6,,,0,21,,72969,8,,,0,58,,72990,6,,,0,18,,72970,8,,,0,17,,72991,6,,,0,58,,72971,8,,,0,19,,72992,6,,,0,20,,72972,8,,,0,60,,72993,6,,,0,20,,72973,8,,,0,20,,72994,6,,,0,59,,72974,8,,,0,19,,72995,6,,,0,20,,72975,8,,,0,60,,72996,6,,,0,20,,72976,8,,,0,20,,72997,6,,,0,61,,72977,8,,,0,21,,72998,6,,,0,20,,72978,8,,,0,60,,72999,6,,,0,21,,72979,6,,,0,21,,73000,8,,,0,61,,73001,6,,,0,20,,72980,8,,,0,30,,73002,6,,,0
4000001,'5_1',645,,74890,8,,,0,59,,74911,6,,,0,20,,74891,8,,,0,20,,74912,6,,,0,59,,74892,8,,,0,20,,74913,6,,,0,20,,74893,8,,,0,61,,74914,6,,,0,20,,74894,8,,,0,20,,74915,6,,,0,61,,74895,8,,,0,20,,74916,6,,,0,21,,74896,8,,,0,61,,74917,6,,,0,22,,74897,8,,,0,20,,74918,6,,,0,63,,74898,8,,,0,21,,74919,6,,,0,21,,74899,8,,,0,58,,74920,6,,,0,18,,74900,8,,,0,17,,74921,6,,,0,58,,74901,8,,,0,19,,74922,6,,,0,20,,74902,8,,,0,60,,74923,6,,,0,20,,74903,8,,,0,20,,74924,6,,,0,59,,74904,8,,,0,19,,74925,6,,,0,20,,74905,8,,,0,60,,74926,6,,,0,20,,74906,8,,,0,20,,74927,6,,,0,61,,74907,8,,,0,21,,74928,6,,,0,20,,74908,8,,,0,60,,74929,6,,,0,21,,74909,6,,,0,21,,74930,8,,,0,61,,74931,6,,,0,20,,74910,8,,,0,30,,74932,6,,,0
4000001,'5_2',645,,77684,8,,,0,59,,77705,6,,,0,20,,77685,8,,,0,20,,77706,6,,,0,59,,77686,8,,,0,20,,77707,6,,,0,20,,77687,8,,,0,61,,77708,6,,,0,20,,77688,8,,,0,20,,77709,6,,,0,61,,77689,8,,,0,20,,77710,6,,,0,21,,77690,8,,,0,61,,77711,6,,,0,22,,77691,8,,,0,20,,77712,6,,,0,63,,77692,8,,,0,21,,77713,6,,,0,21,,77693,8,,,0,58,,77714,6,,,0,18,,77694,8,,,0,17,,77715,6,,,0,58,,77695,8,,,0,19,,77716,6,,,0,20,,77696,8,,,0,60,,77717,6,,,0,20,,77697,8,,,0,20,,77718,6,,,0,59,,77698,8,,,0,19,,77719,6,,,0,20,,77699,8,,,0,60,,77720,6,,,0,20,,77700,8,,,0,20,,77721,6,,,0,61,,77701,8,,,0,21,,77722,6,,,0,20,,77702,8,,,0,60,,77723,6,,,0,21,,77703,6,,,0,21,,77724,8,,,0,61,,77725,6,,,0,20,,77704,8,,,0,30,,77726,6,,,0
4000001,'5_3',645,,77727,8,,,0,59,,77748,6,,,0,20,,77728,8,,,0,20,,77749,6,,,0,59,,77729,8,,,0,20,,77750,6,,,0,20,,77730,8,,,0,61,,77751,6,,,0,20,,77731,8,,,0,20,,77752,6,,,0,61,,77732,8,,,0,20,,77753,6,,,0,21,,77733,8,,,0,61,,77754,6,,,0,22,,77734,8,,,0,20,,77755,6,,,0,63,,77735,8,,,0,21,,77756,6,,,0,21,,77736,8,,,0,58,,77757,6,,,0,18,,77737,8,,,0,17,,77758,6,,,0,58,,77738,8,,,0,19,,77759,6,,,0,20,,77739,8,,,0,60,,77760,6,,,0,20,,77740,8,,,0,20,,77761,6,,,0,59,,77741,8,,,0,19,,77762,6,,,0,20,,77742,8,,,0,60,,77763,6,,,0,20,,77743,8,,,0,20,,77764,6,,,0,61,,77744,8,,,0,21,,77765,6,,,0,20,,77745,8,,,0,60,,77766,6,,,0,21,,77746,6,,,0,21,,77767,8,,,0,61,,77768,6,,,0,20,,77747,8,,,0,30,,77769,6,,,0
4000001,'5_4',645,,77770,8,,,0,59,,77791,6,,,0,20,,77771,8,,,0,20,,77792,6,,,0,59,,77772,8,,,0,20,,77793,6,,,0,20,,77773,8,,,0,61,,77794,6,,,0,20,,77774,8,,,0,20,,77795,6,,,0,61,,77775,8,,,0,20,,77796,6,,,0,21,,77776,8,,,0,61,,77797,6,,,0,22,,77777,8,,,0,20,,77798,6,,,0,63,,77778,8,,,0,21,,77799,6,,,0,21,,77779,8,,,0,58,,77800,6,,,0,18,,77780,8,,,0,17,,77801,6,,,0,58,,77781,8,,,0,19,,77802,6,,,0,20,,77782,8,,,0,60,,77803,6,,,0,20,,77783,8,,,0,20,,77804,6,,,0,59,,77784,8,,,0,19,,77805,6,,,0,20,,77785,8,,,0,60,,77806,6,,,0,20,,77786,8,,,0,20,,77807,6,,,0,61,,77787,8,,,0,21,,77808,6,,,0,20,,77788,8,,,0,60,,77809,6,,,0,21,,77789,6,,,0,21,,77810,8,,,0,61,,77811,6,,,0,20,,77790,8,,,0,30,,77812,6,,,0
