301,'1_3',733,,95642,23,,,0,21,,95616,23,,,0,74,,95643,23,,,0,73,,95617,23,,,0,30,,95618,23,,,0,71,,95619,23,,,0,32,,95620,23,,,0,72,,95621,23,,,0,33,,95622,23,,,0,73,,95623,23,,,0,32,,95624,23,,,0,71,,95625,23,,,0,33,,95626,23,,,0,72,,95627,23,,,0,31,,95628,23,,,0,70,,95629,23,,,0,27,,95630,23,,,0,68,,95631,23,,,0,31,,95632,23,,,0,70,,95633,23,,,0,30,,95634,23,,,0,70,,95635,23,,,0,24,,95636,23,,,0,63,,95637,23,,,0,24,,95638,23,,,0,29,,95639,23,,,0,68,,95640,23,,,0,30,,95641,23,,,0
301,'2_6',738,,95647,23,,,0,71,,95644,23,,,0,30,,95645,23,,,0,70,,95646,23,,,0,31,,95648,23,,,0,70,,95649,23,,,0,31,,95650,23,,,0,70,,95651,23,,,0,31,,95655,23,,,0,69,,95654,23,,,0,28,,95652,23,,,0,69,,95653,23,,,0,29,,95657,23,,,0,71,,95658,23,,,0,30,,95656,23,,,0,71,,95659,23,,,0,30,,95662,23,,,0,72,,95660,23,,,0,33,,95661,23,,,0,71,,95664,23,,,0,32,,95663,23,,,0,70,,95665,23,,,0,32,,95666,23,,,0,68,,95667,23,,,0,29,,95668,23,,,0,69,,95669,23,,,0,30,,95670,23,,,0,63,,95671,23,,,0
301,'4_1',733,,95725,23,,,0,21,,95699,23,,,0,74,,95726,23,,,0,73,,95700,23,,,0,30,,95701,23,,,0,71,,95702,23,,,0,32,,95703,23,,,0,72,,95704,23,,,0,33,,95705,23,,,0,73,,95706,23,,,0,32,,95707,23,,,0,71,,95708,23,,,0,33,,95709,23,,,0,72,,95710,23,,,0,31,,95711,23,,,0,70,,95712,23,,,0,27,,95713,23,,,0,68,,95714,23,,,0,31,,95715,23,,,0,70,,95716,23,,,0,30,,95717,23,,,0,70,,95718,23,,,0,24,,95719,23,,,0,63,,95720,23,,,0,24,,95721,23,,,0,29,,95722,23,,,0,68,,95723,23,,,0,30,,95724,23,,,0
301,'4_2',733,,95753,23,,,0,21,,95727,23,,,0,74,,95754,23,,,0,73,,95728,23,,,0,30,,95729,23,,,0,71,,95730,23,,,0,32,,95731,23,,,0,72,,95732,23,,,0,33,,95733,23,,,0,73,,95734,23,,,0,32,,95735,23,,,0,71,,95736,23,,,0,33,,95737,23,,,0,72,,95738,23,,,0,31,,95739,23,,,0,70,,95740,23,,,0,27,,95741,23,,,0,68,,95742,23,,,0,31,,95743,23,,,0,70,,95744,23,,,0,30,,95745,23,,,0,70,,95746,23,,,0,24,,95747,23,,,0,63,,95748,23,,,0,24,,95749,23,,,0,29,,95750,23,,,0,68,,95751,23,,,0,30,,95752,23,,,0
301,'4_4',733,,95781,23,,,0,21,,95755,23,,,0,74,,95782,23,,,0,73,,95756,23,,,0,30,,95757,23,,,0,71,,95758,23,,,0,32,,95759,23,,,0,72,,95760,23,,,0,33,,95761,23,,,0,73,,95762,23,,,0,32,,95763,23,,,0,71,,95764,23,,,0,33,,95765,23,,,0,72,,95766,23,,,0,31,,95767,23,,,0,70,,95768,23,,,0,27,,95769,23,,,0,68,,95770,23,,,0,31,,95771,23,,,0,70,,95772,23,,,0,30,,95773,23,,,0,70,,95774,23,,,0,24,,95775,23,,,0,63,,95776,23,,,0,24,,95777,23,,,0,29,,95778,23,,,0,68,,95779,23,,,0,30,,95780,23,,,0
301,'4_5',733,,95809,23,,,0,21,,95783,23,,,0,74,,95810,23,,,0,73,,95784,23,,,0,30,,95785,23,,,0,71,,95786,23,,,0,32,,95787,23,,,0,72,,95788,23,,,0,33,,95789,23,,,0,73,,95790,23,,,0,32,,95791,23,,,0,71,,95792,23,,,0,33,,95793,23,,,0,72,,95794,23,,,0,31,,95795,23,,,0,70,,95796,23,,,0,27,,95797,23,,,0,68,,95798,23,,,0,31,,95799,23,,,0,70,,95800,23,,,0,30,,95801,23,,,0,70,,95802,23,,,0,24,,95803,23,,,0,63,,95804,23,,,0,24,,95805,23,,,0,29,,95806,23,,,0,68,,95807,23,,,0,30,,95808,23,,,0
301,'5_7',932,,95811,23,,,0,100,,95812,23,,,0,100,,95813,23,,,0,100,,95814,23,,,0,100,,95815,23,,,0,100,,95816,23,,,0,100,,95817,23,,,0,100,,95818,23,,,0,100,,95819,23,,,0,100,,95820,23,,,0,100,,95821,23,,,0
2900301,'1_3',1724,,102463,9,,,0,28,,102464,9,,,0,73,,102465,9,,,0,21,,102466,9,,,0
2900301,'4_1',1724,,102467,9,,,0,28,,102468,9,,,0,73,,102469,9,,,0,21,,102470,9,,,0
2900301,'4_2',1724,,102471,9,,,0,28,,102472,9,,,0,73,,102473,9,,,0,21,,102474,9,,,0
2900301,'4_4',1724,,102475,9,,,0,28,,102476,9,,,0,73,,102477,9,,,0,21,,102478,9,,,0
2900301,'4_5',1724,,102479,9,,,0,28,,102480,9,,,0,73,,102481,9,,,0,21,,102482,9,,,0
