4000000,'0_6',651,,72135,16,0,46,0,58,,72091,16,0,45,0,23,,72113,16,0,46,0,20,,72092,16,0,45,0,60,,72114,16,0,46,0,21,,72093,16,0,45,0,20,,72115,16,0,46,0,60,,72094,16,0,45,0,21,,72116,16,0,46,0,22,,72095,16,0,45,0,59,,72117,16,0,46,0,21,,72096,16,0,45,0,22,,72118,16,0,46,0,61,,72097,16,0,45,0,21,,72119,16,0,46,0,61,,72098,16,0,45,0,22,,72120,16,0,46,0,20,,72099,16,0,45,0,59,,72121,16,0,45,0,21,,72100,16,0,46,0,21,,72122,16,0,45,0,58,,72101,16,0,46,0,19,,72123,16,0,45,0,18,,72102,16,0,46,0,19,,72124,16,0,45,0,60,,72103,16,0,46,0,20,,72125,16,0,45,0,20,,72104,16,0,46,0,60,,72126,16,0,45,0,22,,72105,16,0,46,0,61,,72127,16,0,45,0,21,,72106,16,0,46,0,19,,72128,16,0,45,0,60,,72107,16,0,46,0,18,,72129,16,0,45,0,19,,72108,16,0,46,0,18,,72130,16,0,45,0,58,,72109,16,0,46,0,20,,72131,16,0,45,0,19,,72110,16,0,46,0,60,,72132,16,0,45,0,19,,72111,16,0,46,0
4000000,'1_7',839,,72136,16,0,46,0,110,,72141,16,0,45,0,110,,72137,16,0,46,0,150,,72142,16,0,45,0,110,,72138,16,0,46,0,110,,72143,16,0,45,0,110,,72139,16,0,46,0,110,,72144,16,0,45,0,110,,72140,16,0,46,0,150,,72145,16,0,45,0
4000000,'5_1',651,,74889,16,0,46,0,58,,74845,16,0,45,0,23,,74867,16,0,46,0,20,,74846,16,0,45,0,60,,74868,16,0,46,0,21,,74847,16,0,45,0,20,,74869,16,0,46,0,60,,74848,16,0,45,0,21,,74870,16,0,46,0,22,,74849,16,0,45,0,59,,74871,16,0,46,0,21,,74850,16,0,45,0,22,,74872,16,0,46,0,61,,74851,16,0,45,0,21,,74873,16,0,46,0,61,,74852,16,0,45,0,22,,74874,16,0,46,0,20,,74853,16,0,45,0,59,,74875,16,0,45,0,21,,74854,16,0,46,0,21,,74876,16,0,45,0,58,,74855,16,0,46,0,19,,74877,16,0,45,0,18,,74856,16,0,46,0,19,,74878,16,0,45,0,60,,74857,16,0,46,0,20,,74879,16,0,45,0,20,,74858,16,0,46,0,60,,74880,16,0,45,0,22,,74859,16,0,46,0,61,,74881,16,0,45,0,21,,74860,16,0,46,0,19,,74882,16,0,45,0,60,,74861,16,0,46,0,18,,74883,16,0,45,0,19,,74862,16,0,46,0,18,,74884,16,0,45,0,58,,74863,16,0,46,0,20,,74885,16,0,45,0,19,,74864,16,0,46,0,60,,74886,16,0,45,0,19,,74865,16,0,46,0
4000000,'5_2',651,,77593,16,0,46,0,58,,77549,16,0,45,0,23,,77571,16,0,46,0,20,,77550,16,0,45,0,60,,77572,16,0,46,0,21,,77551,16,0,45,0,20,,77573,16,0,46,0,60,,77552,16,0,45,0,21,,77574,16,0,46,0,22,,77553,16,0,45,0,59,,77575,16,0,46,0,21,,77554,16,0,45,0,22,,77576,16,0,46,0,61,,77555,16,0,45,0,21,,77577,16,0,46,0,61,,77556,16,0,45,0,22,,77578,16,0,46,0,20,,77557,16,0,45,0,59,,77579,16,0,45,0,21,,77558,16,0,46,0,21,,77580,16,0,45,0,58,,77559,16,0,46,0,19,,77581,16,0,45,0,18,,77560,16,0,46,0,19,,77582,16,0,45,0,60,,77561,16,0,46,0,20,,77583,16,0,45,0,20,,77562,16,0,46,0,60,,77584,16,0,45,0,22,,77563,16,0,46,0,61,,77585,16,0,45,0,21,,77564,16,0,46,0,19,,77586,16,0,45,0,60,,77565,16,0,46,0,18,,77587,16,0,45,0,19,,77566,16,0,46,0,18,,77588,16,0,45,0,58,,77567,16,0,46,0,20,,77589,16,0,45,0,19,,77568,16,0,46,0,60,,77590,16,0,45,0,19,,77569,16,0,46,0
4000000,'5_3',651,,77638,16,0,46,0,58,,77594,16,0,45,0,23,,77616,16,0,46,0,20,,77595,16,0,45,0,60,,77617,16,0,46,0,21,,77596,16,0,45,0,20,,77618,16,0,46,0,60,,77597,16,0,45,0,21,,77619,16,0,46,0,22,,77598,16,0,45,0,59,,77620,16,0,46,0,21,,77599,16,0,45,0,22,,77621,16,0,46,0,61,,77600,16,0,45,0,21,,77622,16,0,46,0,61,,77601,16,0,45,0,22,,77623,16,0,46,0,20,,77602,16,0,45,0,59,,77624,16,0,45,0,21,,77603,16,0,46,0,21,,77625,16,0,45,0,58,,77604,16,0,46,0,19,,77626,16,0,45,0,18,,77605,16,0,46,0,19,,77627,16,0,45,0,60,,77606,16,0,46,0,20,,77628,16,0,45,0,20,,77607,16,0,46,0,60,,77629,16,0,45,0,22,,77608,16,0,46,0,61,,77630,16,0,45,0,21,,77609,16,0,46,0,19,,77631,16,0,45,0,60,,77610,16,0,46,0,18,,77632,16,0,45,0,19,,77611,16,0,46,0,18,,77633,16,0,45,0,58,,77612,16,0,46,0,20,,77634,16,0,45,0,19,,77613,16,0,46,0,60,,77635,16,0,45,0,19,,77614,16,0,46,0
4000000,'7_1',651,,81876,16,0,46,0,58,,81832,16,0,45,0,23,,81854,16,0,46,0,20,,81833,16,0,45,0,60,,81855,16,0,46,0,21,,81834,16,0,45,0,20,,81856,16,0,46,0,60,,81835,16,0,45,0,21,,81857,16,0,46,0,22,,81836,16,0,45,0,59,,81858,16,0,46,0,21,,81837,16,0,45,0,22,,81859,16,0,46,0,61,,81838,16,0,45,0,21,,81860,16,0,46,0,61,,81839,16,0,45,0,22,,81861,16,0,46,0,20,,81840,16,0,45,0,59,,81862,16,0,45,0,21,,81841,16,0,46,0,21,,81863,16,0,45,0,58,,81842,16,0,46,0,19,,81864,16,0,45,0,18,,81843,16,0,46,0,19,,81865,16,0,45,0,60,,81844,16,0,46,0,20,,81866,16,0,45,0,20,,81845,16,0,46,0,60,,81867,16,0,45,0,22,,81846,16,0,46,0,61,,81868,16,0,45,0,21,,81847,16,0,46,0,19,,81869,16,0,45,0,60,,81848,16,0,46,0,18,,81870,16,0,45,0,19,,81849,16,0,46,0,18,,81871,16,0,45,0,58,,81850,16,0,46,0,20,,81872,16,0,45,0,19,,81851,16,0,46,0,60,,81873,16,0,45,0,19,,81852,16,0,46,0
4000000,'7_2',651,,83796,16,0,46,0,58,,83752,16,0,45,0,23,,83774,16,0,46,0,20,,83753,16,0,45,0,60,,83775,16,0,46,0,21,,83754,16,0,45,0,20,,83776,16,0,46,0,60,,83755,16,0,45,0,21,,83777,16,0,46,0,22,,83756,16,0,45,0,59,,83778,16,0,46,0,21,,83757,16,0,45,0,22,,83779,16,0,46,0,61,,83758,16,0,45,0,21,,83780,16,0,46,0,61,,83759,16,0,45,0,22,,83781,16,0,46,0,20,,83760,16,0,45,0,59,,83782,16,0,45,0,21,,83761,16,0,46,0,21,,83783,16,0,45,0,58,,83762,16,0,46,0,19,,83784,16,0,45,0,18,,83763,16,0,46,0,19,,83785,16,0,45,0,60,,83764,16,0,46,0,20,,83786,16,0,45,0,20,,83765,16,0,46,0,60,,83787,16,0,45,0,22,,83766,16,0,46,0,61,,83788,16,0,45,0,21,,83767,16,0,46,0,19,,83789,16,0,45,0,60,,83768,16,0,46,0,18,,83790,16,0,45,0,19,,83769,16,0,46,0,18,,83791,16,0,45,0,58,,83770,16,0,46,0,20,,83792,16,0,45,0,19,,83771,16,0,46,0,60,,83793,16,0,45,0,19,,83772,16,0,46,0
4000000,'7_3',651,,83841,16,0,46,0,58,,83797,16,0,45,0,23,,83819,16,0,46,0,20,,83798,16,0,45,0,60,,83820,16,0,46,0,21,,83799,16,0,45,0,20,,83821,16,0,46,0,60,,83800,16,0,45,0,21,,83822,16,0,46,0,22,,83801,16,0,45,0,59,,83823,16,0,46,0,21,,83802,16,0,45,0,22,,83824,16,0,46,0,61,,83803,16,0,45,0,21,,83825,16,0,46,0,61,,83804,16,0,45,0,22,,83826,16,0,46,0,20,,83805,16,0,45,0,59,,83827,16,0,45,0,21,,83806,16,0,46,0,21,,83828,16,0,45,0,58,,83807,16,0,46,0,19,,83829,16,0,45,0,18,,83808,16,0,46,0,19,,83830,16,0,45,0,60,,83809,16,0,46,0,20,,83831,16,0,45,0,20,,83810,16,0,46,0,60,,83832,16,0,45,0,22,,83811,16,0,46,0,61,,83833,16,0,45,0,21,,83812,16,0,46,0,19,,83834,16,0,45,0,60,,83813,16,0,46,0,18,,83835,16,0,45,0,19,,83814,16,0,46,0,18,,83836,16,0,45,0,58,,83815,16,0,46,0,20,,83837,16,0,45,0,19,,83816,16,0,46,0,60,,83838,16,0,45,0,19,,83817,16,0,46,0
4000000,'7_4',651,,80028,16,0,46,0,58,,79984,16,0,45,0,23,,80006,16,0,46,0,20,,79985,16,0,45,0,60,,80007,16,0,46,0,21,,79986,16,0,45,0,20,,80008,16,0,46,0,60,,79987,16,0,45,0,21,,80009,16,0,46,0,22,,79988,16,0,45,0,59,,80010,16,0,46,0,21,,79989,16,0,45,0,22,,80011,16,0,46,0,61,,79990,16,0,45,0,21,,80012,16,0,46,0,61,,79991,16,0,45,0,22,,80013,16,0,46,0,20,,79992,16,0,45,0,59,,80014,16,0,45,0,21,,79993,16,0,46,0,21,,80015,16,0,45,0,58,,79994,16,0,46,0,19,,80016,16,0,45,0,18,,79995,16,0,46,0,19,,80017,16,0,45,0,60,,79996,16,0,46,0,20,,80018,16,0,45,0,20,,79997,16,0,46,0,60,,80019,16,0,45,0,22,,79998,16,0,46,0,61,,80020,16,0,45,0,21,,79999,16,0,46,0,19,,80021,16,0,45,0,60,,80000,16,0,46,0,18,,80022,16,0,45,0,19,,80001,16,0,46,0,18,,80023,16,0,45,0,58,,80002,16,0,46,0,20,,80024,16,0,45,0,19,,80003,16,0,46,0,60,,80025,16,0,45,0,19,,80004,16,0,46,0
4000000,'7_5',651,,81921,16,0,46,0,58,,81877,16,0,45,0,23,,81899,16,0,46,0,20,,81878,16,0,45,0,60,,81900,16,0,46,0,21,,81879,16,0,45,0,20,,81901,16,0,46,0,60,,81880,16,0,45,0,21,,81902,16,0,46,0,22,,81881,16,0,45,0,59,,81903,16,0,46,0,21,,81882,16,0,45,0,22,,81904,16,0,46,0,61,,81883,16,0,45,0,21,,81905,16,0,46,0,61,,81884,16,0,45,0,22,,81906,16,0,46,0,20,,81885,16,0,45,0,59,,81907,16,0,45,0,21,,81886,16,0,46,0,21,,81908,16,0,45,0,58,,81887,16,0,46,0,19,,81909,16,0,45,0,18,,81888,16,0,46,0,19,,81910,16,0,45,0,60,,81889,16,0,46,0,20,,81911,16,0,45,0,20,,81890,16,0,46,0,60,,81912,16,0,45,0,22,,81891,16,0,46,0,61,,81913,16,0,45,0,21,,81892,16,0,46,0,19,,81914,16,0,45,0,60,,81893,16,0,46,0,18,,81915,16,0,45,0,19,,81894,16,0,46,0,18,,81916,16,0,45,0,58,,81895,16,0,46,0,20,,81917,16,0,45,0,19,,81896,16,0,46,0,60,,81918,16,0,45,0,19,,81897,16,0,46,0
