900,'0_6',1220,,66489,3,,,0,337,,66490,1,,,0
900,'7_1',1220,,80780,3,,,0,337,,80781,1,,,0
900,'7_2',1220,,82701,3,,,0,337,,82702,1,,,0
900,'7_3',1220,,82714,3,,,0,337,,82715,1,,,0
900,'7_4',1220,,79463,3,,,0,337,,79464,1,,,0
900,'7_5',1220,,80793,3,,,0,337,,80794,1,,,0
901,'0_6',923,,66618,28,4,,0,320,,66619,28,4,,0
901,'7_1',923,,80805,28,4,,0,320,,80806,28,4,,0
901,'7_2',923,,82726,28,4,,0,320,,82727,28,4,,0
901,'7_3',923,,82739,28,4,,0,320,,82740,28,4,,0
901,'7_4',923,,79475,28,4,,0,320,,79476,28,4,,0
901,'7_5',923,,80818,28,4,,0,320,,80819,28,4,,0
