301,'0_6',720,,64459,36,,,0,34,,64460,36,,,0,73,,64461,36,,,0,73,,64462,36,,,0,32,,64463,36,,,0,74,,64464,36,,,0,33,,64465,36,,,0,72,,64466,36,,,0,33,,64467,36,,,0,72,,64468,36,,,0,32,,64469,36,,,0,74,,64434,36,,,0,27,,64435,36,,,0,70,,64436,36,,,0,26,,64437,36,,,0,68,,64438,36,,,0,27,,64439,36,,,0,69,,64440,36,,,0,28,,64458,36,,,0,64,,64441,36,,,0,32,,64442,36,,,0,74,,64443,36,,,0,28,,64444,36,,,0,67,,64445,36,,,0,25,,64446,36,,,0,25,,64447,36,,,0,65,,64448,36,,,0,27,,64470,36,,,0,64,,64449,36,,,0
301,'1_7',827,,64492,36,,,0,73,,64487,36,,,0,32,,64493,36,,,0,74,,64488,36,,,0,33,,64494,36,,,0,72,,64489,36,,,0,33,,64495,36,,,0,72,,64490,36,,,0,32,,64496,36,,,0,74,,64471,36,,,0,27,,64472,36,,,0,70,,64473,36,,,0,26,,64474,36,,,0,68,,64475,36,,,0,27,,64476,36,,,0,69,,64477,36,,,0,28,,64497,36,,,0,64,,64478,36,,,0,32,,64479,36,,,0,74,,64480,36,,,0,28,,64481,36,,,0,67,,64482,36,,,0,25,,64483,36,,,0,25,,64484,36,,,0,65,,64485,36,,,0,27,,64491,36,,,0,64,,64486,36,,,0
301,'7_1',720,,80398,36,,,0,34,,80399,36,,,0,73,,80400,36,,,0,73,,80401,36,,,0,32,,80402,36,,,0,74,,80403,36,,,0,33,,80404,36,,,0,72,,80405,36,,,0,33,,80406,36,,,0,72,,80407,36,,,0,32,,80408,36,,,0,74,,80381,36,,,0,27,,80382,36,,,0,70,,80383,36,,,0,26,,80384,36,,,0,68,,80385,36,,,0,27,,80386,36,,,0,69,,80387,36,,,0,28,,80397,36,,,0,64,,80388,36,,,0,32,,80389,36,,,0,74,,80390,36,,,0,28,,80391,36,,,0,67,,80392,36,,,0,25,,80393,36,,,0,25,,80394,36,,,0,65,,80395,36,,,0,27,,80409,36,,,0,64,,80396,36,,,0
301,'7_2',720,,82327,36,,,0,34,,82328,36,,,0,73,,82329,36,,,0,73,,82330,36,,,0,32,,82331,36,,,0,74,,82332,36,,,0,33,,82333,36,,,0,72,,82334,36,,,0,33,,82335,36,,,0,72,,82336,36,,,0,32,,82337,36,,,0,74,,82310,36,,,0,27,,82311,36,,,0,70,,82312,36,,,0,26,,82313,36,,,0,68,,82314,36,,,0,27,,82315,36,,,0,69,,82316,36,,,0,28,,82326,36,,,0,64,,82317,36,,,0,32,,82318,36,,,0,74,,82319,36,,,0,28,,82320,36,,,0,67,,82321,36,,,0,25,,82322,36,,,0,25,,82323,36,,,0,65,,82324,36,,,0,27,,82338,36,,,0,64,,82325,36,,,0
301,'7_3',720,,82356,36,,,0,34,,82357,36,,,0,73,,82358,36,,,0,73,,82359,36,,,0,32,,82360,36,,,0,74,,82361,36,,,0,33,,82362,36,,,0,72,,82363,36,,,0,33,,82364,36,,,0,72,,82365,36,,,0,32,,82366,36,,,0,74,,82339,36,,,0,27,,82340,36,,,0,70,,82341,36,,,0,26,,82342,36,,,0,68,,82343,36,,,0,27,,82344,36,,,0,69,,82345,36,,,0,28,,82355,36,,,0,64,,82346,36,,,0,32,,82347,36,,,0,74,,82348,36,,,0,28,,82349,36,,,0,67,,82350,36,,,0,25,,82351,36,,,0,25,,82352,36,,,0,65,,82353,36,,,0,27,,82367,36,,,0,64,,82354,36,,,0
301,'7_4',720,,79280,36,,,0,34,,79281,36,,,0,73,,79282,36,,,0,73,,79283,36,,,0,32,,79284,36,,,0,74,,79285,36,,,0,33,,79286,36,,,0,72,,79287,36,,,0,33,,79288,36,,,0,72,,79289,36,,,0,32,,79290,36,,,0,74,,79263,36,,,0,27,,79264,36,,,0,70,,79265,36,,,0,26,,79266,36,,,0,68,,79267,36,,,0,27,,79268,36,,,0,69,,79269,36,,,0,28,,79279,36,,,0,64,,79270,36,,,0,32,,79271,36,,,0,74,,79272,36,,,0,28,,79273,36,,,0,67,,79274,36,,,0,25,,79275,36,,,0,25,,79276,36,,,0,65,,79277,36,,,0,27,,79291,36,,,0,64,,79278,36,,,0
301,'7_5',720,,80435,36,,,0,34,,80436,36,,,0,73,,80437,36,,,0,73,,80438,36,,,0,32,,80439,36,,,0,74,,80440,36,,,0,33,,80441,36,,,0,72,,80442,36,,,0,33,,80443,36,,,0,72,,80444,36,,,0,32,,80445,36,,,0,74,,80410,36,,,0,27,,80411,36,,,0,70,,80412,36,,,0,26,,80413,36,,,0,68,,80414,36,,,0,27,,80415,36,,,0,69,,80416,36,,,0,28,,80434,36,,,0,64,,80417,36,,,0,32,,80418,36,,,0,74,,80419,36,,,0,28,,80420,36,,,0,67,,80421,36,,,0,25,,80422,36,,,0,25,,80423,36,,,0,65,,80424,36,,,0,27,,80446,36,,,0,64,,80425,36,,,0
301,'8_7',827,,84011,36,,,0,73,,84006,36,,,0,32,,84012,36,,,0,74,,84007,36,,,0,33,,84013,36,,,0,72,,84008,36,,,0,33,,84014,36,,,0,72,,84009,36,,,0,32,,84015,36,,,0,74,,83990,36,,,0,27,,83991,36,,,0,70,,83992,36,,,0,26,,83993,36,,,0,68,,83994,36,,,0,27,,83995,36,,,0,69,,83996,36,,,0,28,,84016,36,,,0,64,,83997,36,,,0,32,,83998,36,,,0,74,,83999,36,,,0,28,,84000,36,,,0,67,,84001,36,,,0,25,,84002,36,,,0,25,,84003,36,,,0,65,,84004,36,,,0,27,,84010,36,,,0,64,,84005,36,,,0
900601,'0_6',818,,68348,29,,,0,130,,68349,29,,,0,170,,68350,29,,,0,135,,68351,29,,,0,160,,68352,29,,,0,135,,68353,29,,,0,165,,68354,29,,,0,130,,68355,29,,,0
900601,'7_1',818,,81132,29,,,0,130,,81133,29,,,0,170,,81134,29,,,0,135,,81135,29,,,0,160,,81136,29,,,0,135,,81137,29,,,0,165,,81138,29,,,0,130,,81139,29,,,0
900601,'7_2',818,,83052,29,,,0,130,,83053,29,,,0,170,,83054,29,,,0,135,,83055,29,,,0,160,,83056,29,,,0,135,,83057,29,,,0,165,,83058,29,,,0,130,,83059,29,,,0
900601,'7_3',818,,83060,29,,,0,130,,83061,29,,,0,170,,83062,29,,,0,135,,83063,29,,,0,160,,83064,29,,,0,135,,83065,29,,,0,165,,83066,29,,,0,130,,83067,29,,,0
900601,'7_4',818,,79634,29,,,0,130,,79635,29,,,0,170,,79636,29,,,0,135,,79637,29,,,0,160,,79638,29,,,0,135,,79639,29,,,0,165,,79640,29,,,0,130,,79641,29,,,0
900601,'7_5',818,,81140,29,,,0,130,,81141,29,,,0,170,,81142,29,,,0,135,,81143,29,,,0,160,,81144,29,,,0,135,,81145,29,,,0,165,,81146,29,,,0,130,,81147,29,,,0
