401,'0_4',649,,96130,6,0,52,0,60,,96100,13,0,41,0,8,,96117,13,0,41,0,20,,96101,13,0,41,0,12,,96124,13,,,0,69,,96102,13,0,41,0,11,,96103,13,0,41,0,81,,96104,13,0,41,0,34,,96105,13,0,41,0,73,,96106,13,0,41,0,35,,96126,13,,,0,70,,96107,13,0,41,0,28,,96108,13,0,41,0,56,,96125,13,,,0,31,,96121,13,0,41,0,75,,96127,13,,,0,33,,96099,16,0,41,0,77,,96109,13,0,41,0,28,,96128,13,,,0,72,,96110,13,0,41,0,24,,96111,13,0,41,0,13,,96112,13,0,41,0,53,,96122,13,0,41,0,20,,96118,13,0,41,0,16,,96113,13,0,41,0,11,,96119,13,0,41,0,53,,96123,13,,,0,38,,96114,13,0,41,0,61,,96120,13,0,41,0,43,,96115,13,0,41,0,61,,96129,13,,,0
401,'0_5',649,,96162,6,0,52,0,60,,96132,13,0,41,0,8,,96149,13,0,41,0,20,,96133,13,0,41,0,12,,96156,13,,,0,69,,96134,13,0,41,0,11,,96135,13,0,41,0,81,,96136,13,0,41,0,34,,96137,13,0,41,0,73,,96138,13,0,41,0,35,,96158,13,,,0,70,,96139,13,0,41,0,28,,96140,13,0,41,0,56,,96157,13,,,0,31,,96153,13,0,41,0,75,,96159,13,,,0,33,,96131,16,0,41,0,77,,96141,13,0,41,0,28,,96160,13,,,0,72,,96142,13,0,41,0,24,,96143,13,0,41,0,13,,96144,13,0,41,0,53,,96154,13,0,41,0,20,,96150,13,0,41,0,16,,96145,13,0,41,0,11,,96151,13,0,41,0,53,,96155,13,,,0,38,,96146,13,0,41,0,61,,96152,13,0,41,0,43,,96147,13,0,41,0,61,,96161,13,,,0
401,'1_3',649,,96194,6,0,52,0,60,,96164,13,0,41,0,8,,96181,13,0,41,0,20,,96165,13,0,41,0,12,,96188,13,,,0,69,,96166,13,0,41,0,11,,96167,13,0,41,0,81,,96168,13,0,41,0,34,,96169,13,0,41,0,73,,96170,13,0,41,0,35,,96190,13,,,0,70,,96171,13,0,41,0,28,,96172,13,0,41,0,56,,96189,13,,,0,31,,96185,13,0,41,0,75,,96191,13,,,0,33,,96163,16,0,41,0,77,,96173,13,0,41,0,28,,96192,13,,,0,72,,96174,13,0,41,0,24,,96175,13,0,41,0,13,,96176,13,0,41,0,53,,96186,13,0,41,0,20,,96182,13,0,41,0,16,,96177,13,0,41,0,11,,96183,13,0,41,0,53,,96187,13,,,0,38,,96178,13,0,41,0,61,,96184,13,0,41,0,43,,96179,13,0,41,0,61,,96193,13,,,0
401,'2_6',657,,96195,13,,,0,156,,96202,13,0,41,0,34,,96196,13,,,0,69,,96203,13,0,41,0,32,,96204,13,0,41,0,67,,96205,13,0,41,0,32,,96197,13,,,0,69,,96206,13,0,41,0,31,,96207,13,0,41,0,71,,96208,13,0,41,0,30,,96198,13,,,0,69,,96209,13,0,41,0,29,,96210,13,0,41,0,71,,96211,13,0,41,0,31,,96199,13,,,0,68,,96212,13,0,41,0,32,,96213,13,0,41,0,73,,96214,13,0,41,0,31,,96200,13,,,0,71,,96215,13,0,41,0,33,,96216,13,0,41,0,72,,96217,13,0,41,0,31,,96218,13,0,41,0,70,,96201,13,,,0
401,'3_7',934,,96219,13,,,0,125,,96220,13,,,0,165,,96221,13,,,0,201,,96222,13,,,0,125,,96223,13,,,0,165,,96224,13,,,0,125,,96225,13,,,0
401,'4_1',649,,96257,6,0,52,0,60,,96227,13,0,41,0,8,,96244,13,0,41,0,20,,96228,13,0,41,0,12,,96251,13,,,0,69,,96229,13,0,41,0,11,,96230,13,0,41,0,81,,96231,13,0,41,0,34,,96232,13,0,41,0,73,,96233,13,0,41,0,35,,96253,13,,,0,70,,96234,13,0,41,0,28,,96235,13,0,41,0,56,,96252,13,,,0,31,,96248,13,0,41,0,75,,96254,13,,,0,33,,96226,16,0,41,0,77,,96236,13,0,41,0,28,,96255,13,,,0,72,,96237,13,0,41,0,24,,96238,13,0,41,0,13,,96239,13,0,41,0,53,,96249,13,0,41,0,20,,96245,13,0,41,0,16,,96240,13,0,41,0,11,,96246,13,0,41,0,53,,96250,13,,,0,38,,96241,13,0,41,0,61,,96247,13,0,41,0,43,,96242,13,0,41,0,61,,96256,13,,,0
401,'4_2',649,,96289,6,0,52,0,60,,96259,13,0,41,0,8,,96276,13,0,41,0,20,,96260,13,0,41,0,12,,96283,13,,,0,69,,96261,13,0,41,0,11,,96262,13,0,41,0,81,,96263,13,0,41,0,34,,96264,13,0,41,0,73,,96265,13,0,41,0,35,,96285,13,,,0,70,,96266,13,0,41,0,28,,96267,13,0,41,0,56,,96284,13,,,0,31,,96280,13,0,41,0,75,,96286,13,,,0,33,,96258,16,0,41,0,77,,96268,13,0,41,0,28,,96287,13,,,0,72,,96269,13,0,41,0,24,,96270,13,0,41,0,13,,96271,13,0,41,0,53,,96281,13,0,41,0,20,,96277,13,0,41,0,16,,96272,13,0,41,0,11,,96278,13,0,41,0,53,,96282,13,,,0,38,,96273,13,0,41,0,61,,96279,13,0,41,0,43,,96274,13,0,41,0,61,,96288,13,,,0
401,'4_4',649,,96321,6,0,52,0,60,,96291,13,0,41,0,8,,96308,13,0,41,0,20,,96292,13,0,41,0,12,,96315,13,,,0,69,,96293,13,0,41,0,11,,96294,13,0,41,0,81,,96295,13,0,41,0,34,,96296,13,0,41,0,73,,96297,13,0,41,0,35,,96317,13,,,0,70,,96298,13,0,41,0,28,,96299,13,0,41,0,56,,96316,13,,,0,31,,96312,13,0,41,0,75,,96318,13,,,0,33,,96290,16,0,41,0,77,,96300,13,0,41,0,28,,96319,13,,,0,72,,96301,13,0,41,0,24,,96302,13,0,41,0,13,,96303,13,0,41,0,53,,96313,13,0,41,0,20,,96309,13,0,41,0,16,,96304,13,0,41,0,11,,96310,13,0,41,0,53,,96314,13,,,0,38,,96305,13,0,41,0,61,,96311,13,0,41,0,43,,96306,13,0,41,0,61,,96320,13,,,0
401,'4_5',649,,96353,6,0,52,0,60,,96323,13,0,41,0,8,,96340,13,0,41,0,20,,96324,13,0,41,0,12,,96347,13,,,0,69,,96325,13,0,41,0,11,,96326,13,0,41,0,81,,96327,13,0,41,0,34,,96328,13,0,41,0,73,,96329,13,0,41,0,35,,96349,13,,,0,70,,96330,13,0,41,0,28,,96331,13,0,41,0,56,,96348,13,,,0,31,,96344,13,0,41,0,75,,96350,13,,,0,33,,96322,16,0,41,0,77,,96332,13,0,41,0,28,,96351,13,,,0,72,,96333,13,0,41,0,24,,96334,13,0,41,0,13,,96335,13,0,41,0,53,,96345,13,0,41,0,20,,96341,13,0,41,0,16,,96336,13,0,41,0,11,,96342,13,0,41,0,53,,96346,13,,,0,38,,96337,13,0,41,0,61,,96343,13,0,41,0,43,,96338,13,0,41,0,61,,96352,13,,,0
401,'5_7',934,,96354,13,,,0,125,,96355,13,,,0,165,,96356,13,,,0,201,,96357,13,,,0,125,,96358,13,,,0,165,,96359,13,,,0,125,,96360,13,,,0
2301,'0_4',658,,98638,6,,,0,62,,98637,6,,,0,1,,98636,16,,,0
2301,'0_5',658,,98641,6,,,0,62,,98640,6,,,0,1,,98639,16,,,0
2301,'1_3',658,,98644,6,,,0,62,,98643,6,,,0,1,,98642,16,,,0
2301,'4_1',658,,98647,6,,,0,62,,98646,6,,,0,1,,98645,16,,,0
2301,'4_2',658,,98650,6,,,0,62,,98649,6,,,0,1,,98648,16,,,0
2301,'4_4',658,,98653,6,,,0,62,,98652,6,,,0,1,,98651,16,,,0
2301,'4_5',658,,98656,6,,,0,62,,98655,6,,,0,1,,98654,16,,,0
2900401,'0_4',700,,102497,8,,,0,125,,102498,8,,,0
2900401,'0_5',700,,102499,8,,,0,125,,102500,8,,,0
2900401,'1_3',700,,102501,8,,,0,125,,102502,8,,,0
2900401,'4_1',700,,102503,8,,,0,125,,102504,8,,,0
2900401,'4_2',700,,102505,8,,,0,125,,102506,8,,,0
2900401,'4_4',700,,102507,8,,,0,125,,102508,8,,,0
2900401,'4_5',700,,102509,8,,,0,125,,102510,8,,,0
