901,'S2-0_2',814,,87385,24,0,26,0,27,,87386,24,0,27 63,0,103,,87391,24,0,23 24,0,95,,87395,9,0,23 24,0,98,,87392,24,0,23 24,0,106,,87387,24,0,27 63,0,15,,87396,10,,,0,166,,87393,24,0,23 24,0,112,,87394,24,0,23 24,0,109,,87388,24,0,27 63,0,0,,87399,10,,,0,102,,87389,24,0,27 63,0,10,,87397,2,,,0,85,,87390,24,0,27 63,0,10,,87398,2,,,0,153,,87400,24,,,0
901,'S2-0_4',814,,87401,24,0,26,0,27,,87402,24,0,27 63,0,103,,87407,24,0,23 24,0,95,,87411,9,0,23 24,0,98,,87408,24,0,23 24,0,106,,87403,24,0,27 63,0,15,,87412,10,,,0,166,,87409,24,0,23 24,0,112,,87410,24,0,23 24,0,109,,87404,24,0,27 63,0,0,,87415,10,,,0,102,,87405,24,0,27 63,0,10,,87413,2,,,0,85,,87406,24,0,27 63,0,10,,87414,2,,,0,153,,87416,24,,,0
901,'S2-0_5',814,,87417,24,0,26,0,27,,87418,24,0,27 63,0,103,,87423,24,0,23 24,0,95,,87427,9,0,23 24,0,98,,87424,24,0,23 24,0,106,,87419,24,0,27 63,0,15,,87428,10,,,0,166,,87425,24,0,23 24,0,112,,87426,24,0,23 24,0,109,,87420,24,0,27 63,0,0,,87431,10,,,0,102,,87421,24,0,27 63,0,10,,87429,2,,,0,85,,87422,24,0,27 63,0,10,,87430,2,,,0,153,,87432,24,,,0
901,'S2-1_3',814,,87433,24,0,26,0,27,,87434,24,0,27 63,0,103,,87439,24,0,23 24,0,95,,87443,9,0,23 24,0,98,,87440,24,0,23 24,0,106,,87435,24,0,27 63,0,15,,87444,10,,,0,166,,87441,24,0,23 24,0,112,,87442,24,0,23 24,0,109,,87436,24,0,27 63,0,0,,87447,10,,,0,102,,87437,24,0,27 63,0,10,,87445,2,,,0,85,,87438,24,0,27 63,0,10,,87446,2,,,0,153,,87448,24,,,0
901,'S2-2_6',811,,87449,24,0,23 24,0,148,,87454,9,0,23 24,0,166,,87455,9,0,23 24,0,192,,87456,9,0,23 24,0,326,,87450,24,0,23 24,0,102,,87451,24,0,23 24,0,172,,87452,24,0,23 24,0,89,,87453,24,0,23 24,0
901,'S2-4_1',814,,87462,24,0,26,0,27,,87463,24,0,27 63,0,103,,87468,24,0,23 24,0,95,,87472,9,0,23 24,0,98,,87469,24,0,23 24,0,106,,87464,24,0,27 63,0,15,,87473,10,,,0,166,,87470,24,0,23 24,0,112,,87471,24,0,23 24,0,109,,87465,24,0,27 63,0,0,,87476,10,,,0,102,,87466,24,0,27 63,0,10,,87474,2,,,0,85,,87467,24,0,27 63,0,10,,87475,2,,,0,153,,87477,24,,,0
901,'S2-4_2',814,,87478,24,0,26,0,27,,87479,24,0,27 63,0,103,,87484,24,0,23 24,0,95,,87488,9,0,23 24,0,98,,87485,24,0,23 24,0,106,,87480,24,0,27 63,0,15,,87489,10,,,0,166,,87486,24,0,23 24,0,112,,87487,24,0,23 24,0,109,,87481,24,0,27 63,0,0,,87492,10,,,0,102,,87482,24,0,27 63,0,10,,87490,2,,,0,85,,87483,24,0,27 63,0,10,,87491,2,,,0,153,,87493,24,,,0
901,'S2-4_4',814,,87494,24,0,26,0,27,,87495,24,0,27 63,0,103,,87500,24,0,23 24,0,95,,87504,9,0,23 24,0,98,,87501,24,0,23 24,0,106,,87496,24,0,27 63,0,15,,87505,10,,,0,166,,87502,24,0,23 24,0,112,,87503,24,0,23 24,0,109,,87497,24,0,27 63,0,0,,87508,10,,,0,102,,87498,24,0,27 63,0,10,,87506,2,,,0,85,,87499,24,0,27 63,0,10,,87507,2,,,0,153,,87509,24,,,0
2900901,'S2-0_2',1752,,92545,7,,,0,105,,92546,7,,,0
2900901,'S2-0_4',1752,,92547,7,,,0,105,,92548,7,,,0
2900901,'S2-0_5',1752,,92549,7,,,0,105,,92550,7,,,0
2900901,'S2-1_3',1752,,92551,7,,,0,105,,92552,7,,,0
2900901,'S2-4_1',1752,,92553,7,,,0,105,,92554,7,,,0
2900901,'S2-4_2',1752,,92555,7,,,0,105,,92556,7,,,0
2900901,'S2-4_4',1752,,92557,7,,,0,105,,92558,7,,,0
