2000000,'0_6',638,,70109,4,,,0,81,,70110,4,,,0,39,,70111,4,,,0,68,,70112,4,,,0,21,,70113,4,,,0,60,,70114,4,,,0,17,,70115,4,,,0,18,,70116,4,,,0,59,,70117,4,,,0,20,,70118,4,,,0,19,,70119,4,,,0,19,,70120,4,,,0,59,,70121,4,,,0,20,,70122,4,,,0,19,,70123,4,,,0,59,,70124,4,,,0,18,,70125,4,,,0,19,,70126,4,,,0,59,,70127,4,,,0,19,,70128,4,,,0,18,,70129,4,,,0,59,,70130,4,,,0,20,,70131,4,,,0,20,,70132,4,,,0,59,,70133,4,,,0,19,,70134,4,,,0,20,,70135,4,,,0,60,,70136,4,,,0,20,,70137,4,,,0,20,,70138,4,,,0,59,,70139,4,,,0,20,,70140,4,,,0,20,,70141,4,,,0,60,,70142,4,,,0,18,,70143,4,,,0,20,,70144,4,,,0,64,,70145,4,,,0,25,,70146,4,,,0,25,,70147,4,,,0,65,,70148,4,,,0,25,,70149,4,,,0
2000000,'1_7',814,,70150,4,,,0,40,,70151,4,,,0,80,,70152,4,,,0,80,,70153,4,,,0,40,,70154,4,,,0,80,,70155,4,,,0,80,,70156,4,,,0,40,,70157,4,,,0,80,,70158,4,,,0,80,,70159,4,,,0,40,,70160,4,,,0,80,,70161,4,,,0,80,,70162,4,,,0,40,,70163,4,,,0,80,,70164,4,,,0,80,,70165,4,,,0,40,,70166,4,,,0,80,,70167,4,,,0
2000000,'3_1',638,,70383,4,,,0,65,,70384,4,,,0,25,,70424,4,,,0,20,,70385,4,,,0,60,,70386,4,,,0,19,,70387,4,,,0,22,,70388,4,,,0,60,,70389,4,,,0,17,,70390,4,,,0,18,,70391,4,,,0,57,,70392,4,,,0,19,,70393,4,,,0,20,,70394,4,,,0,19,,70395,4,,,0,59,,70396,4,,,0,19,,70397,4,,,0,20,,70398,4,,,0,59,,70399,4,,,0,19,,70400,4,,,0,19,,70401,4,,,0,58,,70402,4,,,0,19,,70403,4,,,0,19,,70404,4,,,0,59,,70405,4,,,0,20,,70406,4,,,0,20,,70407,4,,,0,59,,70408,4,,,0,19,,70409,4,,,0,19,,70410,4,,,0,60,,70411,4,,,0,20,,70412,4,,,0,21,,70413,4,,,0,61,,70414,4,,,0,21,,70415,4,,,0,21,,70416,4,,,0,61,,70417,4,,,0,21,,70418,4,,,0,21,,70419,4,,,0,60,,70420,4,,,0,20,,70421,4,,,0,24,,70422,4,,,0,65,,70423,4,,,0,25,,70425,4,,,0
2000000,'3_2',638,,73698,4,,,0,65,,73699,4,,,0,25,,73739,4,,,0,20,,73700,4,,,0,60,,73701,4,,,0,19,,73702,4,,,0,22,,73703,4,,,0,60,,73704,4,,,0,17,,73705,4,,,0,18,,73706,4,,,0,57,,73707,4,,,0,19,,73708,4,,,0,20,,73709,4,,,0,19,,73710,4,,,0,59,,73711,4,,,0,19,,73712,4,,,0,20,,73713,4,,,0,59,,73714,4,,,0,19,,73715,4,,,0,19,,73716,4,,,0,58,,73717,4,,,0,19,,73718,4,,,0,19,,73719,4,,,0,59,,73720,4,,,0,20,,73721,4,,,0,20,,73722,4,,,0,59,,73723,4,,,0,19,,73724,4,,,0,19,,73725,4,,,0,60,,73726,4,,,0,20,,73727,4,,,0,21,,73728,4,,,0,61,,73729,4,,,0,21,,73730,4,,,0,21,,73731,4,,,0,61,,73732,4,,,0,21,,73733,4,,,0,21,,73734,4,,,0,60,,73735,4,,,0,20,,73736,4,,,0,24,,73737,4,,,0,65,,73738,4,,,0,25,,73740,4,,,0
2000000,'3_3',638,,70426,4,,,0,65,,70427,4,,,0,25,,70467,4,,,0,20,,70428,4,,,0,60,,70429,4,,,0,19,,70430,4,,,0,22,,70431,4,,,0,60,,70432,4,,,0,17,,70433,4,,,0,18,,70434,4,,,0,57,,70435,4,,,0,19,,70436,4,,,0,20,,70437,4,,,0,19,,70438,4,,,0,59,,70439,4,,,0,19,,70440,4,,,0,20,,70441,4,,,0,59,,70442,4,,,0,19,,70443,4,,,0,19,,70444,4,,,0,58,,70445,4,,,0,19,,70446,4,,,0,19,,70447,4,,,0,59,,70448,4,,,0,20,,70449,4,,,0,20,,70450,4,,,0,59,,70451,4,,,0,19,,70452,4,,,0,19,,70453,4,,,0,60,,70454,4,,,0,20,,70455,4,,,0,21,,70456,4,,,0,61,,70457,4,,,0,21,,70458,4,,,0,21,,70459,4,,,0,61,,70460,4,,,0,21,,70461,4,,,0,21,,70462,4,,,0,60,,70463,4,,,0,20,,70464,4,,,0,24,,70465,4,,,0,65,,70466,4,,,0,25,,70468,4,,,0
2000000,'3_4',638,,70469,4,,,0,65,,70470,4,,,0,25,,70510,4,,,0,20,,70471,4,,,0,60,,70472,4,,,0,19,,70473,4,,,0,22,,70474,4,,,0,60,,70475,4,,,0,17,,70476,4,,,0,18,,70477,4,,,0,57,,70478,4,,,0,19,,70479,4,,,0,20,,70480,4,,,0,19,,70481,4,,,0,59,,70482,4,,,0,19,,70483,4,,,0,20,,70484,4,,,0,59,,70485,4,,,0,19,,70486,4,,,0,19,,70487,4,,,0,58,,70488,4,,,0,19,,70489,4,,,0,19,,70490,4,,,0,59,,70491,4,,,0,20,,70492,4,,,0,20,,70493,4,,,0,59,,70494,4,,,0,19,,70495,4,,,0,19,,70496,4,,,0,60,,70497,4,,,0,20,,70498,4,,,0,21,,70499,4,,,0,61,,70500,4,,,0,21,,70501,4,,,0,21,,70502,4,,,0,61,,70503,4,,,0,21,,70504,4,,,0,21,,70505,4,,,0,60,,70506,4,,,0,20,,70507,4,,,0,24,,70508,4,,,0,65,,70509,4,,,0,25,,70511,4,,,0
2000000,'3_5',638,,70512,4,,,0,65,,70513,4,,,0,25,,70553,4,,,0,20,,70514,4,,,0,60,,70515,4,,,0,19,,70516,4,,,0,22,,70517,4,,,0,60,,70518,4,,,0,17,,70519,4,,,0,18,,70520,4,,,0,57,,70521,4,,,0,19,,70522,4,,,0,20,,70523,4,,,0,19,,70524,4,,,0,59,,70525,4,,,0,19,,70526,4,,,0,20,,70527,4,,,0,59,,70528,4,,,0,19,,70529,4,,,0,19,,70530,4,,,0,58,,70531,4,,,0,19,,70532,4,,,0,19,,70533,4,,,0,59,,70534,4,,,0,20,,70535,4,,,0,20,,70536,4,,,0,59,,70537,4,,,0,19,,70538,4,,,0,19,,70539,4,,,0,60,,70540,4,,,0,20,,70541,4,,,0,21,,70542,4,,,0,61,,70543,4,,,0,21,,70544,4,,,0,21,,70545,4,,,0,61,,70546,4,,,0,21,,70547,4,,,0,21,,70548,4,,,0,60,,70549,4,,,0,20,,70550,4,,,0,24,,70551,4,,,0,65,,70552,4,,,0,25,,70554,4,,,0
2000000,'5_1',638,,74658,4,,,0,65,,74659,4,,,0,25,,74699,4,,,0,20,,74660,4,,,0,60,,74661,4,,,0,19,,74662,4,,,0,22,,74663,4,,,0,60,,74664,4,,,0,17,,74665,4,,,0,18,,74666,4,,,0,57,,74667,4,,,0,19,,74668,4,,,0,20,,74669,4,,,0,19,,74670,4,,,0,59,,74671,4,,,0,19,,74672,4,,,0,20,,74673,4,,,0,59,,74674,4,,,0,19,,74675,4,,,0,19,,74676,4,,,0,58,,74677,4,,,0,19,,74678,4,,,0,19,,74679,4,,,0,59,,74680,4,,,0,20,,74681,4,,,0,20,,74682,4,,,0,59,,74683,4,,,0,19,,74684,4,,,0,19,,74685,4,,,0,60,,74686,4,,,0,20,,74687,4,,,0,21,,74688,4,,,0,61,,74689,4,,,0,21,,74690,4,,,0,21,,74691,4,,,0,61,,74692,4,,,0,21,,74693,4,,,0,21,,74694,4,,,0,60,,74695,4,,,0,20,,74696,4,,,0,24,,74697,4,,,0,65,,74698,4,,,0,25,,74700,4,,,0
2000000,'5_2',638,,76988,4,,,0,65,,76989,4,,,0,25,,77029,4,,,0,20,,76990,4,,,0,60,,76991,4,,,0,19,,76992,4,,,0,22,,76993,4,,,0,60,,76994,4,,,0,17,,76995,4,,,0,18,,76996,4,,,0,57,,76997,4,,,0,19,,76998,4,,,0,20,,76999,4,,,0,19,,77000,4,,,0,59,,77001,4,,,0,19,,77002,4,,,0,20,,77003,4,,,0,59,,77004,4,,,0,19,,77005,4,,,0,19,,77006,4,,,0,58,,77007,4,,,0,19,,77008,4,,,0,19,,77009,4,,,0,59,,77010,4,,,0,20,,77011,4,,,0,20,,77012,4,,,0,59,,77013,4,,,0,19,,77014,4,,,0,19,,77015,4,,,0,60,,77016,4,,,0,20,,77017,4,,,0,21,,77018,4,,,0,61,,77019,4,,,0,21,,77020,4,,,0,21,,77021,4,,,0,61,,77022,4,,,0,21,,77023,4,,,0,21,,77024,4,,,0,60,,77025,4,,,0,20,,77026,4,,,0,24,,77027,4,,,0,65,,77028,4,,,0,25,,77030,4,,,0
2000000,'5_3',638,,77031,4,,,0,65,,77032,4,,,0,25,,77072,4,,,0,20,,77033,4,,,0,60,,77034,4,,,0,19,,77035,4,,,0,22,,77036,4,,,0,60,,77037,4,,,0,17,,77038,4,,,0,18,,77039,4,,,0,57,,77040,4,,,0,19,,77041,4,,,0,20,,77042,4,,,0,19,,77043,4,,,0,59,,77044,4,,,0,19,,77045,4,,,0,20,,77046,4,,,0,59,,77047,4,,,0,19,,77048,4,,,0,19,,77049,4,,,0,58,,77050,4,,,0,19,,77051,4,,,0,19,,77052,4,,,0,59,,77053,4,,,0,20,,77054,4,,,0,20,,77055,4,,,0,59,,77056,4,,,0,19,,77057,4,,,0,19,,77058,4,,,0,60,,77059,4,,,0,20,,77060,4,,,0,21,,77061,4,,,0,61,,77062,4,,,0,21,,77063,4,,,0,21,,77064,4,,,0,61,,77065,4,,,0,21,,77066,4,,,0,21,,77067,4,,,0,60,,77068,4,,,0,20,,77069,4,,,0,24,,77070,4,,,0,65,,77071,4,,,0,25,,77073,4,,,0
2000000,'5_4',638,,77074,4,,,0,65,,77075,4,,,0,25,,77115,4,,,0,20,,77076,4,,,0,60,,77077,4,,,0,19,,77078,4,,,0,22,,77079,4,,,0,60,,77080,4,,,0,17,,77081,4,,,0,18,,77082,4,,,0,57,,77083,4,,,0,19,,77084,4,,,0,20,,77085,4,,,0,19,,77086,4,,,0,59,,77087,4,,,0,19,,77088,4,,,0,20,,77089,4,,,0,59,,77090,4,,,0,19,,77091,4,,,0,19,,77092,4,,,0,58,,77093,4,,,0,19,,77094,4,,,0,19,,77095,4,,,0,59,,77096,4,,,0,20,,77097,4,,,0,20,,77098,4,,,0,59,,77099,4,,,0,19,,77100,4,,,0,19,,77101,4,,,0,60,,77102,4,,,0,20,,77103,4,,,0,21,,77104,4,,,0,61,,77105,4,,,0,21,,77106,4,,,0,21,,77107,4,,,0,61,,77108,4,,,0,21,,77109,4,,,0,21,,77110,4,,,0,60,,77111,4,,,0,20,,77112,4,,,0,24,,77113,4,,,0,65,,77114,4,,,0,25,,77116,4,,,0
