3000000,'0_4',629,,102673,5,,,0,19,,102672,5,,,0,59,,102632,5,,,0,21,,102633,5,,,0,21,,102634,5,,,0,59,,102635,5,,,0,20,,102636,5,,,0,22,,102637,5,,,0,60,,102638,5,,,0,20,,102639,5,,,0,21,,102640,5,,,0,58,,102641,5,,,0,21,,102642,5,,,0,20,,102643,5,,,0,59,,102644,5,,,0,20,,102645,5,,,0,21,,102646,5,,,0,60,,102647,5,,,0,22,,102648,5,,,0,19,,102649,5,,,0,60,,102650,5,,,0,18,,102651,5,,,0,20,,102652,5,,,0,61,,102653,5,,,0,20,,102654,5,,,0,20,,102655,5,,,0,60,,102656,5,,,0,19,,102657,5,,,0,19,,102658,5,,,0,57,,102659,5,,,0,19,,102660,5,,,0,18,,102661,5,,,0,60,,102662,5,,,0,20,,102663,5,,,0,23,,102664,5,,,0,61,,102665,5,,,0,21,,102666,5,,,0,21,,102667,5,,,0,60,,102668,5,,,0,30,,102669,5,,,0,73,,102670,5,,,0,34,,102671,5,,,0
3000000,'0_5',629,,102719,5,,,0,19,,102718,5,,,0,59,,102678,5,,,0,21,,102679,5,,,0,21,,102680,5,,,0,59,,102681,5,,,0,20,,102682,5,,,0,22,,102683,5,,,0,60,,102684,5,,,0,20,,102685,5,,,0,21,,102686,5,,,0,58,,102687,5,,,0,21,,102688,5,,,0,20,,102689,5,,,0,59,,102690,5,,,0,20,,102691,5,,,0,21,,102692,5,,,0,60,,102693,5,,,0,22,,102694,5,,,0,19,,102695,5,,,0,60,,102696,5,,,0,18,,102697,5,,,0,20,,102698,5,,,0,61,,102699,5,,,0,20,,102700,5,,,0,20,,102701,5,,,0,60,,102702,5,,,0,19,,102703,5,,,0,19,,102704,5,,,0,57,,102705,5,,,0,19,,102706,5,,,0,18,,102707,5,,,0,60,,102708,5,,,0,20,,102709,5,,,0,23,,102710,5,,,0,61,,102711,5,,,0,21,,102712,5,,,0,21,,102713,5,,,0,60,,102714,5,,,0,30,,102715,5,,,0,73,,102716,5,,,0,34,,102717,5,,,0
3000000,'1_3',629,,102765,5,,,0,19,,102764,5,,,0,59,,102724,5,,,0,21,,102725,5,,,0,21,,102726,5,,,0,59,,102727,5,,,0,20,,102728,5,,,0,22,,102729,5,,,0,60,,102730,5,,,0,20,,102731,5,,,0,21,,102732,5,,,0,58,,102733,5,,,0,21,,102734,5,,,0,20,,102735,5,,,0,59,,102736,5,,,0,20,,102737,5,,,0,21,,102738,5,,,0,60,,102739,5,,,0,22,,102740,5,,,0,19,,102741,5,,,0,60,,102742,5,,,0,18,,102743,5,,,0,20,,102744,5,,,0,61,,102745,5,,,0,20,,102746,5,,,0,20,,102747,5,,,0,60,,102748,5,,,0,19,,102749,5,,,0,19,,102750,5,,,0,57,,102751,5,,,0,19,,102752,5,,,0,18,,102753,5,,,0,60,,102754,5,,,0,20,,102755,5,,,0,23,,102756,5,,,0,61,,102757,5,,,0,21,,102758,5,,,0,21,,102759,5,,,0,60,,102760,5,,,0,30,,102761,5,,,0,73,,102762,5,,,0,34,,102763,5,,,0
3000000,'2_6',634,,102770,5,,,0,81,,102771,5,,,0,41,,102772,5,,,0,69,,102773,5,,,0,20,,102774,5,,,0,60,,102775,5,,,0,20,,102776,5,,,0,20,,102777,5,,,0,60,,102778,5,,,0,20,,102779,5,,,0,20,,102780,5,,,0,60,,102781,5,,,0,20,,102782,5,,,0,20,,102783,5,,,0,60,,102784,5,,,0,19,,102785,5,,,0,20,,102786,5,,,0,60,,102787,5,,,0,20,,102788,5,,,0,20,,102789,5,,,0,61,,102790,5,,,0,20,,102791,5,,,0,20,,102792,5,,,0,60,,102793,5,,,0,20,,102794,5,,,0,20,,102795,5,,,0,60,,102796,5,,,0,20,,102797,5,,,0,20,,102798,5,,,0,60,,102799,5,,,0,20,,102800,5,,,0,20,,102801,5,,,0,60,,102802,5,,,0,20,,102803,5,,,0,19,,102804,5,,,0,70,,102805,5,,,0,30,,102806,5,,,0,70,,102807,5,,,0,30,,102808,5,,,0
3000000,'3_7',754,,102810,5,,,0,170,,102811,5,,,0,130,,102818,5,,,0,170,,102817,5,,,0,130,,102816,5,,,0,170,,102814,5,,,0,130,,102815,5,,,0,169,,102813,5,,,0,130,,102812,5,,,0
3000000,'4_1',629,,102865,5,,,0,19,,102864,5,,,0,59,,102824,5,,,0,21,,102825,5,,,0,21,,102826,5,,,0,59,,102827,5,,,0,20,,102828,5,,,0,22,,102829,5,,,0,60,,102830,5,,,0,20,,102831,5,,,0,21,,102832,5,,,0,58,,102833,5,,,0,21,,102834,5,,,0,20,,102835,5,,,0,59,,102836,5,,,0,20,,102837,5,,,0,21,,102838,5,,,0,60,,102839,5,,,0,22,,102840,5,,,0,19,,102841,5,,,0,60,,102842,5,,,0,18,,102843,5,,,0,20,,102844,5,,,0,61,,102845,5,,,0,20,,102846,5,,,0,20,,102847,5,,,0,60,,102848,5,,,0,19,,102849,5,,,0,19,,102850,5,,,0,57,,102851,5,,,0,19,,102852,5,,,0,18,,102853,5,,,0,60,,102854,5,,,0,20,,102855,5,,,0,23,,102856,5,,,0,61,,102857,5,,,0,21,,102858,5,,,0,21,,102859,5,,,0,60,,102860,5,,,0,30,,102861,5,,,0,73,,102862,5,,,0,34,,102863,5,,,0
3000000,'4_2',629,,102911,5,,,0,19,,102910,5,,,0,59,,102870,5,,,0,21,,102871,5,,,0,21,,102872,5,,,0,59,,102873,5,,,0,20,,102874,5,,,0,22,,102875,5,,,0,60,,102876,5,,,0,20,,102877,5,,,0,21,,102878,5,,,0,58,,102879,5,,,0,21,,102880,5,,,0,20,,102881,5,,,0,59,,102882,5,,,0,20,,102883,5,,,0,21,,102884,5,,,0,60,,102885,5,,,0,22,,102886,5,,,0,19,,102887,5,,,0,60,,102888,5,,,0,18,,102889,5,,,0,20,,102890,5,,,0,61,,102891,5,,,0,20,,102892,5,,,0,20,,102893,5,,,0,60,,102894,5,,,0,19,,102895,5,,,0,19,,102896,5,,,0,57,,102897,5,,,0,19,,102898,5,,,0,18,,102899,5,,,0,60,,102900,5,,,0,20,,102901,5,,,0,23,,102902,5,,,0,61,,102903,5,,,0,21,,102904,5,,,0,21,,102905,5,,,0,60,,102906,5,,,0,30,,102907,5,,,0,73,,102908,5,,,0,34,,102909,5,,,0
3000000,'4_4',629,,102957,5,,,0,19,,102956,5,,,0,59,,102916,5,,,0,21,,102917,5,,,0,21,,102918,5,,,0,59,,102919,5,,,0,20,,102920,5,,,0,22,,102921,5,,,0,60,,102922,5,,,0,20,,102923,5,,,0,21,,102924,5,,,0,58,,102925,5,,,0,21,,102926,5,,,0,20,,102927,5,,,0,59,,102928,5,,,0,20,,102929,5,,,0,21,,102930,5,,,0,60,,102931,5,,,0,22,,102932,5,,,0,19,,102933,5,,,0,60,,102934,5,,,0,18,,102935,5,,,0,20,,102936,5,,,0,61,,102937,5,,,0,20,,102938,5,,,0,20,,102939,5,,,0,60,,102940,5,,,0,19,,102941,5,,,0,19,,102942,5,,,0,57,,102943,5,,,0,19,,102944,5,,,0,18,,102945,5,,,0,60,,102946,5,,,0,20,,102947,5,,,0,23,,102948,5,,,0,61,,102949,5,,,0,21,,102950,5,,,0,21,,102951,5,,,0,60,,102952,5,,,0,30,,102953,5,,,0,73,,102954,5,,,0,34,,102955,5,,,0
3000000,'4_5',629,,103003,5,,,0,19,,103002,5,,,0,59,,102962,5,,,0,21,,102963,5,,,0,21,,102964,5,,,0,59,,102965,5,,,0,20,,102966,5,,,0,22,,102967,5,,,0,60,,102968,5,,,0,20,,102969,5,,,0,21,,102970,5,,,0,58,,102971,5,,,0,21,,102972,5,,,0,20,,102973,5,,,0,59,,102974,5,,,0,20,,102975,5,,,0,21,,102976,5,,,0,60,,102977,5,,,0,22,,102978,5,,,0,19,,102979,5,,,0,60,,102980,5,,,0,18,,102981,5,,,0,20,,102982,5,,,0,61,,102983,5,,,0,20,,102984,5,,,0,20,,102985,5,,,0,60,,102986,5,,,0,19,,102987,5,,,0,19,,102988,5,,,0,57,,102989,5,,,0,19,,102990,5,,,0,18,,102991,5,,,0,60,,102992,5,,,0,20,,102993,5,,,0,23,,102994,5,,,0,61,,102995,5,,,0,21,,102996,5,,,0,21,,102997,5,,,0,60,,102998,5,,,0,30,,102999,5,,,0,73,,103000,5,,,0,34,,103001,5,,,0
3000000,'5_7',754,,103009,5,,,0,170,,103010,5,,,0,130,,103017,5,,,0,170,,103016,5,,,0,130,,103015,5,,,0,170,,103013,5,,,0,130,,103014,5,,,0,169,,103012,5,,,0,130,,103011,5,,,0
