2401,'0_4',738,,98683,17,0,18 19,0,895,,98684,15,,,0,104,,98685,15,,,0
2401,'0_5',738,,98686,17,0,18 19,0,895,,98687,15,,,0,104,,98688,15,,,0
2401,'1_3',738,,98689,17,0,18 19,0
2401,'4_1',738,,98690,17,0,18 19,0,895,,98691,15,,,0,104,,98692,15,,,0
2401,'4_2',738,,98693,17,0,18 19,0,895,,98694,15,,,0,104,,98695,15,,,0
2401,'4_4',738,,98696,17,0,18 19,0,895,,98697,15,,,0,104,,98698,15,,,0
2401,'4_5',738,,98699,17,0,18 19,0,895,,98700,15,,,0,104,,98701,15,,,0
2000001,'0_4',653,,101982,19,,,0,68,,101959,19,,,0,14,,101940,13,,,0,3,,101938,9,0,18 19,0,1,,101942,19,,,0,16,,101967,19,,,0,56,,101950,19,,,0,14,,101985,19,,,0,14,,101932,19,,,0,14,,101960,19,,,0,55,,101944,19,,,0,16,,101968,19,,,0,16,,101952,19,,,0,17,,101976,19,,,0,57,,101933,19,,,0,15,,101966,19,,,0,15,,101943,19,,,0,56,,101969,19,,,0,16,,101951,19,,,0,16,,101978,19,,,0,15,,101934,19,,,0,56,,101964,19,,,0,15,,101949,19,,,0,17,,101970,19,,,0,15,,101958,19,,,0,54,,101977,19,,,0,16,,101936,19,,,0,12,,101961,19,,,0,17,,101945,19,,,0,55,,101972,19,,,0,15,,101953,19,,,0,15,,101981,19,,,0,15,,101937,19,,,0,56,,101962,19,,,0,16,,101946,19,,,0,15,,101971,19,,,0,16,,101954,19,,,0,54,,101980,19,,,0,15,,101935,19,,,0,17,,101963,19,,,0,17,,101947,19,,,0,56,,101973,19,,,0,17,,101955,19,,,0,17,,101931,19,,,0,56,,101979,19,,,0,16,,101986,19,,,0,11,,101965,19,,,0,12,,101948,19,,,0,13,,101974,19,,,0,54,,101956,19,,,0,11,,101930,19,,,0,13,,101983,19,,,0,14,,101939,19,,,0,62,,101975,19,,,0,20,,101957,19,,,0,19,,101984,19,,,0,59,,101941,19,,,0
2000001,'0_5',653,,102039,19,,,0,68,,102016,19,,,0,14,,101997,13,,,0,3,,101995,9,0,18 19,0,1,,101999,19,,,0,16,,102024,19,,,0,56,,102007,19,,,0,14,,102042,19,,,0,14,,101989,19,,,0,14,,102017,19,,,0,55,,102001,19,,,0,16,,102025,19,,,0,16,,102009,19,,,0,17,,102033,19,,,0,57,,101990,19,,,0,15,,102023,19,,,0,15,,102000,19,,,0,56,,102026,19,,,0,16,,102008,19,,,0,16,,102035,19,,,0,15,,101991,19,,,0,56,,102021,19,,,0,15,,102006,19,,,0,17,,102027,19,,,0,15,,102015,19,,,0,54,,102034,19,,,0,16,,101993,19,,,0,12,,102018,19,,,0,17,,102002,19,,,0,55,,102029,19,,,0,15,,102010,19,,,0,15,,102038,19,,,0,15,,101994,19,,,0,56,,102019,19,,,0,16,,102003,19,,,0,15,,102028,19,,,0,16,,102011,19,,,0,54,,102037,19,,,0,15,,101992,19,,,0,17,,102020,19,,,0,17,,102004,19,,,0,56,,102030,19,,,0,17,,102012,19,,,0,17,,101988,19,,,0,56,,102036,19,,,0,16,,102043,19,,,0,11,,102022,19,,,0,12,,102005,19,,,0,13,,102031,19,,,0,54,,102013,19,,,0,11,,101987,19,,,0,13,,102040,19,,,0,14,,101996,19,,,0,62,,102032,19,,,0,20,,102014,19,,,0,19,,102041,19,,,0,59,,101998,19,,,0
2000001,'1_3',653,,102096,19,,,0,68,,102073,19,,,0,14,,102054,13,,,0,3,,102052,9,0,18 19,0,1,,102056,19,,,0,16,,102081,19,,,0,56,,102064,19,,,0,14,,102099,19,,,0,14,,102046,19,,,0,14,,102074,19,,,0,55,,102058,19,,,0,16,,102082,19,,,0,16,,102066,19,,,0,17,,102090,19,,,0,57,,102047,19,,,0,15,,102080,19,,,0,15,,102057,19,,,0,56,,102083,19,,,0,16,,102065,19,,,0,16,,102092,19,,,0,15,,102048,19,,,0,56,,102078,19,,,0,15,,102063,19,,,0,17,,102084,19,,,0,15,,102072,19,,,0,54,,102091,19,,,0,16,,102050,19,,,0,12,,102075,19,,,0,17,,102059,19,,,0,55,,102086,19,,,0,15,,102067,19,,,0,15,,102095,19,,,0,15,,102051,19,,,0,56,,102076,19,,,0,16,,102060,19,,,0,15,,102085,19,,,0,16,,102068,19,,,0,54,,102094,19,,,0,15,,102049,19,,,0,17,,102077,19,,,0,17,,102061,19,,,0,56,,102087,19,,,0,17,,102069,19,,,0,17,,102045,19,,,0,56,,102093,19,,,0,16,,102100,19,,,0,11,,102079,19,,,0,12,,102062,19,,,0,13,,102088,19,,,0,54,,102070,19,,,0,11,,102044,19,,,0,13,,102097,19,,,0,14,,102053,19,,,0,62,,102089,19,,,0,20,,102071,19,,,0,19,,102098,19,,,0,59,,102055,19,,,0
2000001,'2_6',656,,102101,19,,,0,81,,102102,19,,,0,80,,102103,19,,,0,32,,102141,19,,,0,61,,102105,19,,,0,20,,102104,19,,,0,21,,102106,19,,,0,60,,102107,19,,,0,19,,102109,19,,,0,18,,102108,19,,,0,60,,102114,19,,,0,19,,102112,19,,,0,18,,102116,19,,,0,59,,102110,19,,,0,19,,102115,19,,,0,20,,102111,19,,,0,57,,102113,19,,,0,18,,102122,19,,,0,18,,102119,19,,,0,20,,102120,19,,,0,61,,102121,19,,,0,18,,102118,19,,,0,17,,102117,19,,,0,59,,102123,19,,,0,22,,102124,19,,,0,20,,102126,19,,,0,59,,102125,19,,,0,20,,102127,19,,,0,20,,102128,19,,,0,61,,102129,19,,,0,20,,102131,19,,,0,19,,102130,19,,,0,58,,102132,19,,,0,19,,102133,19,,,0,19,,102134,19,,,0,58,,102135,19,,,0,17,,102136,19,,,0,18,,102137,19,,,0,62,,102138,19,,,0,24,,102139,19,,,0,22,,102140,19,,,0
2000001,'3_7',829,,102159,19,,,0,80,,102142,19,,,0,40,,102143,19,,,0,80,,102144,19,,,0,80,,102145,19,,,0,40,,102146,19,,,0,80,,102147,19,,,0,80,,102148,19,,,0,40,,102150,19,,,0,80,,102149,19,,,0,80,,102151,19,,,0,40,,102152,19,,,0,80,,102153,19,,,0,80,,102154,19,,,0,40,,102156,19,,,0,80,,102155,19,,,0,80,,102157,19,,,0,40,,102158,19,,,0
2000001,'4_1',653,,102212,19,,,0,68,,102189,19,,,0,14,,102170,13,,,0,3,,102168,9,0,18 19,0,1,,102172,19,,,0,16,,102197,19,,,0,56,,102180,19,,,0,14,,102215,19,,,0,14,,102162,19,,,0,14,,102190,19,,,0,55,,102174,19,,,0,16,,102198,19,,,0,16,,102182,19,,,0,17,,102206,19,,,0,57,,102163,19,,,0,15,,102196,19,,,0,15,,102173,19,,,0,56,,102199,19,,,0,16,,102181,19,,,0,16,,102208,19,,,0,15,,102164,19,,,0,56,,102194,19,,,0,15,,102179,19,,,0,17,,102200,19,,,0,15,,102188,19,,,0,54,,102207,19,,,0,16,,102166,19,,,0,12,,102191,19,,,0,17,,102175,19,,,0,55,,102202,19,,,0,15,,102183,19,,,0,15,,102211,19,,,0,15,,102167,19,,,0,56,,102192,19,,,0,16,,102176,19,,,0,15,,102201,19,,,0,16,,102184,19,,,0,54,,102210,19,,,0,15,,102165,19,,,0,17,,102193,19,,,0,17,,102177,19,,,0,56,,102203,19,,,0,17,,102185,19,,,0,17,,102161,19,,,0,56,,102209,19,,,0,16,,102216,19,,,0,11,,102195,19,,,0,12,,102178,19,,,0,13,,102204,19,,,0,54,,102186,19,,,0,11,,102160,19,,,0,13,,102213,19,,,0,14,,102169,19,,,0,62,,102205,19,,,0,20,,102187,19,,,0,19,,102214,19,,,0,59,,102171,19,,,0
2000001,'4_2',653,,102269,19,,,0,68,,102246,19,,,0,14,,102227,13,,,0,3,,102225,9,0,18 19,0,1,,102229,19,,,0,16,,102254,19,,,0,56,,102237,19,,,0,14,,102272,19,,,0,14,,102219,19,,,0,14,,102247,19,,,0,55,,102231,19,,,0,16,,102255,19,,,0,16,,102239,19,,,0,17,,102263,19,,,0,57,,102220,19,,,0,15,,102253,19,,,0,15,,102230,19,,,0,56,,102256,19,,,0,16,,102238,19,,,0,16,,102265,19,,,0,15,,102221,19,,,0,56,,102251,19,,,0,15,,102236,19,,,0,17,,102257,19,,,0,15,,102245,19,,,0,54,,102264,19,,,0,16,,102223,19,,,0,12,,102248,19,,,0,17,,102232,19,,,0,55,,102259,19,,,0,15,,102240,19,,,0,15,,102268,19,,,0,15,,102224,19,,,0,56,,102249,19,,,0,16,,102233,19,,,0,15,,102258,19,,,0,16,,102241,19,,,0,54,,102267,19,,,0,15,,102222,19,,,0,17,,102250,19,,,0,17,,102234,19,,,0,56,,102260,19,,,0,17,,102242,19,,,0,17,,102218,19,,,0,56,,102266,19,,,0,16,,102273,19,,,0,11,,102252,19,,,0,12,,102235,19,,,0,13,,102261,19,,,0,54,,102243,19,,,0,11,,102217,19,,,0,13,,102270,19,,,0,14,,102226,19,,,0,62,,102262,19,,,0,20,,102244,19,,,0,19,,102271,19,,,0,59,,102228,19,,,0
2000001,'4_4',653,,102326,19,,,0,68,,102303,19,,,0,14,,102284,13,,,0,3,,102282,9,0,18 19,0,1,,102286,19,,,0,16,,102311,19,,,0,56,,102294,19,,,0,14,,102329,19,,,0,14,,102276,19,,,0,14,,102304,19,,,0,55,,102288,19,,,0,16,,102312,19,,,0,16,,102296,19,,,0,17,,102320,19,,,0,57,,102277,19,,,0,15,,102310,19,,,0,15,,102287,19,,,0,56,,102313,19,,,0,16,,102295,19,,,0,16,,102322,19,,,0,15,,102278,19,,,0,56,,102308,19,,,0,15,,102293,19,,,0,17,,102314,19,,,0,15,,102302,19,,,0,54,,102321,19,,,0,16,,102280,19,,,0,12,,102305,19,,,0,17,,102289,19,,,0,55,,102316,19,,,0,15,,102297,19,,,0,15,,102325,19,,,0,15,,102281,19,,,0,56,,102306,19,,,0,16,,102290,19,,,0,15,,102315,19,,,0,16,,102298,19,,,0,54,,102324,19,,,0,15,,102279,19,,,0,17,,102307,19,,,0,17,,102291,19,,,0,56,,102317,19,,,0,17,,102299,19,,,0,17,,102275,19,,,0,56,,102323,19,,,0,16,,102330,19,,,0,11,,102309,19,,,0,12,,102292,19,,,0,13,,102318,19,,,0,54,,102300,19,,,0,11,,102274,19,,,0,13,,102327,19,,,0,14,,102283,19,,,0,62,,102319,19,,,0,20,,102301,19,,,0,19,,102328,19,,,0,59,,102285,19,,,0
2000001,'4_5',653,,102383,19,,,0,68,,102360,19,,,0,14,,102341,13,,,0,3,,102339,9,0,18 19,0,1,,102343,19,,,0,16,,102368,19,,,0,56,,102351,19,,,0,14,,102386,19,,,0,14,,102333,19,,,0,14,,102361,19,,,0,55,,102345,19,,,0,16,,102369,19,,,0,16,,102353,19,,,0,17,,102377,19,,,0,57,,102334,19,,,0,15,,102367,19,,,0,15,,102344,19,,,0,56,,102370,19,,,0,16,,102352,19,,,0,16,,102379,19,,,0,15,,102335,19,,,0,56,,102365,19,,,0,15,,102350,19,,,0,17,,102371,19,,,0,15,,102359,19,,,0,54,,102378,19,,,0,16,,102337,19,,,0,12,,102362,19,,,0,17,,102346,19,,,0,55,,102373,19,,,0,15,,102354,19,,,0,15,,102382,19,,,0,15,,102338,19,,,0,56,,102363,19,,,0,16,,102347,19,,,0,15,,102372,19,,,0,16,,102355,19,,,0,54,,102381,19,,,0,15,,102336,19,,,0,17,,102364,19,,,0,17,,102348,19,,,0,56,,102374,19,,,0,17,,102356,19,,,0,17,,102332,19,,,0,56,,102380,19,,,0,16,,102387,19,,,0,11,,102366,19,,,0,12,,102349,19,,,0,13,,102375,19,,,0,54,,102357,19,,,0,11,,102331,19,,,0,13,,102384,19,,,0,14,,102340,19,,,0,62,,102376,19,,,0,20,,102358,19,,,0,19,,102385,19,,,0,59,,102342,19,,,0
2000001,'5_7',829,,102405,19,,,0,80,,102388,19,,,0,40,,102389,19,,,0,80,,102390,19,,,0,80,,102391,19,,,0,40,,102392,19,,,0,80,,102393,19,,,0,80,,102394,19,,,0,40,,102396,19,,,0,80,,102395,19,,,0,80,,102397,19,,,0,40,,102398,19,,,0,80,,102399,19,,,0,80,,102400,19,,,0,40,,102402,19,,,0,80,,102401,19,,,0,80,,102403,19,,,0,40,,102404,19,,,0
