900,'S2-0_2',643,,87241,4,,,0,68,,87242,4,,,0,41,,87246,10,,,0,61,,87247,1,,,0,4,,87248,11,,,0,84,,87243,4,,,0,49,,87249,11,,,0,94,,87250,7,0,50,0,93,,87251,7,,,0,105,,87252,7,,,0,70,,87244,4,,,0,130,,87255,12,,,0,84,,87253,7,,,0,110,,87254,7,,,0,72,,87245,4,,,0,130,,87256,12,,,0,78,,87257,4,0,50,0
900,'S2-0_4',643,,87260,4,,,0,68,,87261,4,,,0,41,,87265,10,,,0,61,,87266,1,,,0,4,,87267,11,,,0,84,,87262,4,,,0,49,,87268,11,,,0,94,,87269,7,0,50,0,93,,87270,7,,,0,105,,87271,7,,,0,70,,87263,4,,,0,130,,87274,12,,,0,84,,87272,7,,,0,110,,87273,7,,,0,72,,87264,4,,,0,130,,87275,12,,,0,78,,87276,4,0,50,0
900,'S2-0_5',643,,87279,4,,,0,68,,87280,4,,,0,41,,87284,10,,,0,61,,87285,1,,,0,4,,87286,11,,,0,84,,87281,4,,,0,49,,87287,11,,,0,94,,87288,7,0,50,0,93,,87289,7,,,0,105,,87290,7,,,0,70,,87282,4,,,0,130,,87293,12,,,0,84,,87291,7,,,0,110,,87292,7,,,0,72,,87283,4,,,0,130,,87294,12,,,0,78,,87295,4,0,50,0
900,'S2-1_3',643,,87298,4,,,0,68,,87299,4,,,0,41,,87303,10,,,0,61,,87304,1,,,0,4,,87305,11,,,0,84,,87300,4,,,0,49,,87306,11,,,0,94,,87307,7,0,50,0,93,,87308,7,,,0,105,,87309,7,,,0,70,,87301,4,,,0,130,,87312,12,,,0,84,,87310,7,,,0,110,,87311,7,,,0,72,,87302,4,,,0,130,,87313,12,,,0,78,,87314,4,0,50,0
900,'S2-2_6',653,,87318,7,,,0,99,,87319,7,,,0,158,,87317,7,0,50,0,127,,87324,1,0,50,0,69,,87320,7,,,0,136,,87326,8,0,50,0,98,,87325,1,0,50,0,89,,87321,7,,,0,90,,87316,1,,,0,98,,87327,1,,,0,135,,87322,8,,,0,94,,87323,7,,,0
900,'S2-4_1',643,,87329,4,,,0,68,,87330,4,,,0,41,,87334,10,,,0,61,,87335,1,,,0,4,,87336,11,,,0,84,,87331,4,,,0,49,,87337,11,,,0,94,,87338,7,0,50,0,93,,87339,7,,,0,105,,87340,7,,,0,70,,87332,4,,,0,130,,87343,12,,,0,84,,87341,7,,,0,110,,87342,7,,,0,72,,87333,4,,,0,130,,87344,12,,,0,78,,87345,4,0,50,0
900,'S2-4_2',643,,87348,4,,,0,68,,87349,4,,,0,41,,87353,10,,,0,61,,87354,1,,,0,4,,87355,11,,,0,84,,87350,4,,,0,49,,87356,11,,,0,94,,87357,7,0,50,0,93,,87358,7,,,0,105,,87359,7,,,0,70,,87351,4,,,0,130,,87362,12,,,0,84,,87360,7,,,0,110,,87361,7,,,0,72,,87352,4,,,0,130,,87363,12,,,0,78,,87364,4,0,50,0
900,'S2-4_4',643,,87367,4,,,0,68,,87368,4,,,0,41,,87372,10,,,0,61,,87373,1,,,0,4,,87374,11,,,0,84,,87369,4,,,0,49,,87375,11,,,0,94,,87376,7,0,50,0,93,,87377,7,,,0,105,,87378,7,,,0,70,,87370,4,,,0,130,,87381,12,,,0,84,,87379,7,,,0,110,,87380,7,,,0,72,,87371,4,,,0,130,,87382,12,,,0,78,,87383,4,0,50,0
901,'S2-0_2',809,,87385,23,0,26,0,26,,87386,23,0,27 63,0,103,,87391,23,0,23 24,0,95,,87395,8,0,23 24,0,98,,87392,23,0,23 24,0,106,,87387,23,0,27 63,0,181,,87393,23,0,23 24,0,112,,87394,23,0,23 24,0,109,,87388,23,0,27 63,0,102,,87389,23,0,27 63,0,95,,87390,23,0,27 63,0,164,,87400,23,,,0
901,'S2-0_4',809,,87401,23,0,26,0,26,,87402,23,0,27 63,0,103,,87407,23,0,23 24,0,95,,87411,8,0,23 24,0,98,,87408,23,0,23 24,0,106,,87403,23,0,27 63,0,181,,87409,23,0,23 24,0,112,,87410,23,0,23 24,0,109,,87404,23,0,27 63,0,102,,87405,23,0,27 63,0,95,,87406,23,0,27 63,0,164,,87416,23,,,0
901,'S2-0_5',809,,87417,23,0,26,0,26,,87418,23,0,27 63,0,103,,87423,23,0,23 24,0,95,,87427,8,0,23 24,0,98,,87424,23,0,23 24,0,106,,87419,23,0,27 63,0,181,,87425,23,0,23 24,0,112,,87426,23,0,23 24,0,109,,87420,23,0,27 63,0,102,,87421,23,0,27 63,0,95,,87422,23,0,27 63,0,164,,87432,23,,,0
901,'S2-1_3',809,,87433,23,0,26,0,26,,87434,23,0,27 63,0,103,,87439,23,0,23 24,0,95,,87443,8,0,23 24,0,98,,87440,23,0,23 24,0,106,,87435,23,0,27 63,0,181,,87441,23,0,23 24,0,112,,87442,23,0,23 24,0,109,,87436,23,0,27 63,0,102,,87437,23,0,27 63,0,95,,87438,23,0,27 63,0,164,,87448,23,,,0
901,'S2-2_6',806,,87449,23,0,23 24,0,99,,87461,23,4,,0,49,,87454,8,0,23 24,0,166,,87455,8,0,23 24,0,113,,87459,23,4,,0,79,,87456,8,0,23 24,0,107,,87458,8,4,,0,90,,87460,8,4,,0,45,,87457,23,4,,0,83,,87450,23,0,23 24,0,103,,87451,23,0,23 24,0,172,,87452,23,0,23 24,0,89,,87453,23,0,23 24,0
901,'S2-4_1',809,,87462,23,0,26,0,26,,87463,23,0,27 63,0,103,,87468,23,0,23 24,0,95,,87472,8,0,23 24,0,98,,87469,23,0,23 24,0,106,,87464,23,0,27 63,0,181,,87470,23,0,23 24,0,112,,87471,23,0,23 24,0,109,,87465,23,0,27 63,0,102,,87466,23,0,27 63,0,95,,87467,23,0,27 63,0,164,,87477,23,,,0
901,'S2-4_2',809,,87478,23,0,26,0,26,,87479,23,0,27 63,0,103,,87484,23,0,23 24,0,95,,87488,8,0,23 24,0,98,,87485,23,0,23 24,0,106,,87480,23,0,27 63,0,181,,87486,23,0,23 24,0,112,,87487,23,0,23 24,0,109,,87481,23,0,27 63,0,102,,87482,23,0,27 63,0,95,,87483,23,0,27 63,0,164,,87493,23,,,0
901,'S2-4_4',809,,87494,23,0,26,0,26,,87495,23,0,27 63,0,103,,87500,23,0,23 24,0,95,,87504,8,0,23 24,0,98,,87501,23,0,23 24,0,106,,87496,23,0,27 63,0,181,,87502,23,0,23 24,0,112,,87503,23,0,23 24,0,109,,87497,23,0,27 63,0,102,,87498,23,0,27 63,0,95,,87499,23,0,27 63,0,164,,87509,23,,,0
1600,'S2-0_2',812,,88001,9,,,0,119,,88002,13,4,,0,87,,88006,13,,,0,118,,88003,13,4,,0,178,,88008,18,,,0,123,,88004,13,,,0,194,,88005,13,4,,0,103,,88010,18,,,0,125,,88007,13,,,0
1600,'S2-0_4',812,,88011,9,,,0,119,,88012,13,4,,0,87,,88016,13,,,0,118,,88013,13,4,,0,178,,88018,18,,,0,123,,88014,13,,,0,194,,88015,13,4,,0,103,,88020,18,,,0,125,,88017,13,,,0
1600,'S2-0_5',812,,88021,9,,,0,119,,88022,13,4,,0,87,,88026,13,,,0,118,,88023,13,4,,0,178,,88028,18,,,0,123,,88024,13,,,0,194,,88025,13,4,,0,103,,88030,18,,,0,125,,88027,13,,,0
1600,'S2-1_3',812,,88031,9,,,0,119,,88032,13,4,,0,87,,88036,13,,,0,118,,88033,13,4,,0,178,,88038,18,,,0,123,,88034,13,,,0,194,,88035,13,4,,0,103,,88040,18,,,0,125,,88037,13,,,0
1600,'S2-2_6',812,,88041,9,,,0,119,,88042,13,4,,0,87,,88046,13,,,0,118,,88043,13,4,,0,178,,88048,18,,,0,123,,88044,13,,,0,194,,88045,13,4,,0,103,,88050,18,,,0,125,,88047,13,,,0
1600,'S2-4_1',812,,88051,9,,,0,119,,88052,13,4,,0,87,,88056,13,,,0,118,,88053,13,4,,0,178,,88058,18,,,0,123,,88054,13,,,0,194,,88055,13,4,,0,103,,88060,18,,,0,125,,88057,13,,,0
1600,'S2-4_2',812,,88061,9,,,0,119,,88062,13,4,,0,87,,88066,13,,,0,118,,88063,13,4,,0,178,,88068,18,,,0,123,,88064,13,,,0,194,,88065,13,4,,0,103,,88070,18,,,0,125,,88067,13,,,0
1600,'S2-4_4',812,,88071,9,,,0,119,,88072,13,4,,0,87,,88076,13,,,0,118,,88073,13,4,,0,178,,88078,18,,,0,123,,88074,13,,,0,194,,88075,13,4,,0,103,,88080,18,,,0,125,,88077,13,,,0
1601,'S2-0_2',849,,88081,8,,,0,87,,88082,1,,,0,119,,88083,8,,,0,152,,88086,8,,,0,146,,88084,8,,,0,178,,88087,8,,,0,105,,88088,1,,,0,177,,88085,8,,,0
1601,'S2-0_4',849,,88089,8,,,0,87,,88090,1,,,0,119,,88091,8,,,0,152,,88094,8,,,0,146,,88092,8,,,0,178,,88095,8,,,0,105,,88096,1,,,0,177,,88093,8,,,0
1601,'S2-0_5',849,,88097,8,,,0,87,,88098,1,,,0,119,,88099,8,,,0,152,,88102,8,,,0,146,,88100,8,,,0,178,,88103,8,,,0,105,,88104,1,,,0,177,,88101,8,,,0
1601,'S2-1_3',849,,88105,8,,,0,87,,88106,1,,,0,119,,88107,8,,,0,152,,88110,8,,,0,146,,88108,8,,,0,178,,88111,8,,,0,105,,88112,1,,,0,177,,88109,8,,,0
1601,'S2-2_6',849,,88113,8,,,0,87,,88114,1,,,0,119,,88115,8,,,0,152,,88118,8,,,0,146,,88116,8,,,0,178,,88119,8,,,0,105,,88120,1,,,0,177,,88117,8,,,0
1601,'S2-4_1',849,,88121,8,,,0,87,,88122,1,,,0,119,,88123,8,,,0,152,,88126,8,,,0,146,,88124,8,,,0,178,,88127,8,,,0,105,,88128,1,,,0,177,,88125,8,,,0
1601,'S2-4_2',849,,88129,8,,,0,87,,88130,1,,,0,119,,88131,8,,,0,152,,88134,8,,,0,146,,88132,8,,,0,178,,88135,8,,,0,105,,88136,1,,,0,177,,88133,8,,,0
1601,'S2-4_4',849,,88137,8,,,0,87,,88138,1,,,0,119,,88139,8,,,0,152,,88142,8,,,0,146,,88140,8,,,0,178,,88143,8,,,0,105,,88144,1,,,0,177,,88141,8,,,0
1900,'S2-0_2',701,,88353,10,,,0,16,,88354,10,,,0,84,,88359,10,,,0,7,,88352,6,0,23 53,0,14,,88358,10,,,0,934,,88355,10,,,0,150,,88357,10,4,,0
1900,'S2-0_4',701,,88361,10,,,0,16,,88362,10,,,0,84,,88367,10,,,0,7,,88360,6,0,23 53,0,14,,88366,10,,,0,934,,88363,10,,,0,150,,88365,10,4,,0
1900,'S2-0_5',701,,88369,10,,,0,16,,88370,10,,,0,84,,88375,10,,,0,7,,88368,6,0,23 53,0,14,,88374,10,,,0,934,,88371,10,,,0,150,,88373,10,4,,0
1900,'S2-1_3',701,,88377,10,,,0,16,,88378,10,,,0,84,,88384,10,,,0,7,,88376,6,0,23 53,0,14,,88383,10,,,0,582,,88382,10,,,0,352,,88379,10,,,0,150,,88381,10,4,,0
1900,'S2-4_1',701,,88386,10,,,0,16,,88387,10,,,0,84,,88392,10,,,0,7,,88385,6,0,23 53,0,14,,88391,10,,,0,934,,88388,10,,,0,150,,88390,10,4,,0
1900,'S2-4_2',701,,88394,10,,,0,16,,88395,10,,,0,84,,88400,10,,,0,7,,88393,6,0,23 53,0,14,,88399,10,,,0,934,,88396,10,,,0,150,,88398,10,4,,0
1900,'S2-4_4',701,,88402,10,,,0,16,,88403,10,,,0,84,,88408,10,,,0,7,,88401,6,0,23 53,0,14,,88407,10,,,0,934,,88404,10,,,0,150,,88406,10,4,,0
1901,'S2-0_2',1610,,88417,3,0,49,0,19,,88409,19,,,0,20,,88414,8,,,0,61,,88413,3,,,0,19,,88410,19,,,0,30,,88415,8,,,0,69,,88411,19,,,0,30,,88416,8,,,0
1901,'S2-0_4',1610,,88426,3,0,49,0,19,,88418,19,,,0,20,,88423,8,,,0,61,,88422,3,,,0,19,,88419,19,,,0,30,,88424,8,,,0,69,,88420,19,,,0,30,,88425,8,,,0
1901,'S2-0_5',1610,,88435,3,0,49,0,19,,88427,19,,,0,20,,88432,8,,,0,61,,88431,3,,,0,19,,88428,19,,,0,30,,88433,8,,,0,69,,88429,19,,,0,30,,88434,8,,,0
1901,'S2-1_3',1228,,88439,19,,,0,20,,88441,3,,,0,63,,88440,23,,,0,338,,88436,8,,,0,110,,88437,8,,,0,99,,88438,8,,,0
1901,'S2-4_1',1610,,88450,3,0,49,0,19,,88442,19,,,0,20,,88447,8,,,0,61,,88446,3,,,0,19,,88443,19,,,0,30,,88448,8,,,0,69,,88444,19,,,0,30,,88449,8,,,0
1901,'S2-4_2',1610,,88459,3,0,49,0,19,,88451,19,,,0,20,,88456,8,,,0,61,,88455,3,,,0,19,,88452,19,,,0,30,,88457,8,,,0,69,,88453,19,,,0,30,,88458,8,,,0
1901,'S2-4_4',1610,,88468,3,0,49,0,19,,88460,19,,,0,20,,88465,8,,,0,61,,88464,3,,,0,19,,88461,19,,,0,30,,88466,8,,,0,69,,88462,19,,,0,30,,88467,8,,,0
2900900,'S2-0_2',659,,92531,4,,,0,100,,92532,4,,,0
2900900,'S2-0_4',659,,92533,4,,,0,100,,92534,4,,,0
2900900,'S2-0_5',659,,92535,4,,,0,100,,92536,4,,,0
2900900,'S2-1_3',659,,92537,4,,,0,100,,92538,4,,,0
2900900,'S2-4_1',659,,92539,4,,,0,100,,92540,4,,,0
2900900,'S2-4_2',659,,92541,4,,,0,100,,92542,4,,,0
2900900,'S2-4_4',659,,92543,4,,,0,100,,92544,4,,,0
2900901,'S2-0_2',1746,,92545,6,,,0,105,,92546,6,,,0
2900901,'S2-0_4',1746,,92547,6,,,0,105,,92548,6,,,0
2900901,'S2-0_5',1746,,92549,6,,,0,105,,92550,6,,,0
2900901,'S2-1_3',1746,,92551,6,,,0,105,,92552,6,,,0
2900901,'S2-4_1',1746,,92553,6,,,0,105,,92554,6,,,0
2900901,'S2-4_2',1746,,92555,6,,,0,105,,92556,6,,,0
2900901,'S2-4_4',1746,,92557,6,,,0,105,,92558,6,,,0
