400,'0_4',734,,95845,28,0,43,0,15,,95853,28,0,40,0,55,,95822,28,0,40,0,13,,95823,28,0,40,0,14,,95847,28,0,40,0,15,,95824,28,0,40,0,13,,95825,28,0,40,0,71,,95826,28,0,40,0,79,,95827,40,0,40,0,31,,95828,28,0,40,0,71,,95829,28,0,40,0,36,,95830,28,0,40,0,76,,95831,28,0,40,0,22,,95851,28,,,0,65,,95848,40,0,40,0,30,,95832,28,0,40,0,67,,95833,28,0,40,0,30,,95836,40,0,40,0,75,,95834,28,0,40,0,30,,95837,40,0,40,0,76,,95835,28,0,40,0,29,,95854,28,0,40,0,69,,95838,40,0,40,0,5,,95849,12,0,40,0,14,,95839,28,0,40,0,13,,95855,28,,,0,54,,95841,28,0,40,0,25,,95844,12,0,40,0,19,,95852,28,,,0,75,,95842,28,0,40,0,23,,95843,40,0,40,0
400,'0_5',734,,95879,28,0,43,0,15,,95887,28,0,40,0,55,,95856,28,0,40,0,13,,95857,28,0,40,0,14,,95881,28,0,40,0,15,,95858,28,0,40,0,13,,95859,28,0,40,0,71,,95860,28,0,40,0,79,,95861,40,0,40,0,31,,95862,28,0,40,0,71,,95863,28,0,40,0,36,,95864,28,0,40,0,76,,95865,28,0,40,0,22,,95885,28,,,0,65,,95882,40,0,40,0,30,,95866,28,0,40,0,67,,95867,28,0,40,0,30,,95870,40,0,40,0,75,,95868,28,0,40,0,30,,95871,40,0,40,0,76,,95869,28,0,40,0,29,,95888,28,0,40,0,69,,95872,40,0,40,0,5,,95883,12,0,40,0,14,,95873,28,0,40,0,13,,95889,28,,,0,54,,95875,28,0,40,0,25,,95878,12,0,40,0,19,,95886,28,,,0,75,,95876,28,0,40,0,23,,95877,40,0,40,0
400,'1_3',734,,95912,28,0,43,0,15,,95920,28,0,40,0,55,,95890,28,0,40,0,13,,95891,28,0,40,0,14,,95914,28,0,40,0,15,,95892,28,0,40,0,13,,95893,28,0,40,0,71,,95894,28,0,40,0,79,,95895,40,0,40,0,31,,95896,28,0,40,0,71,,95897,28,0,40,0,36,,95898,28,0,40,0,76,,95899,28,0,40,0,22,,95918,28,,,0,65,,95915,40,0,40,0,30,,95900,28,0,40,0,67,,95901,28,0,40,0,30,,95904,40,0,40,0,75,,95902,28,0,40,0,30,,95905,40,0,40,0,76,,95903,28,0,40,0,29,,95921,28,0,40,0,69,,95906,40,0,40,0,5,,95916,12,0,40,0,14,,95907,28,0,40,0,13,,95922,28,,,0,54,,95909,28,0,40,0,25,,95908,40,0,40,0,19,,95919,28,,,0,75,,95910,28,0,40,0,23,,95911,40,0,40,0
400,'2_6',730,,95929,28,0,40,0,105,,95930,28,0,40,0,73,,95923,40,0,40,0,27,,95931,28,0,40,0,72,,95932,28,0,40,0,30,,95933,28,0,40,0,71,,95924,40,0,40,0,31,,95934,28,0,40,0,69,,95936,28,0,40,0,30,,95935,28,0,40,0,69,,95925,40,0,40,0,31,,95937,28,0,40,0,70,,95938,28,0,40,0,29,,95939,28,0,40,0,73,,95926,40,0,40,0,32,,95940,28,0,40,0,69,,95941,28,0,40,0,30,,95942,28,0,40,0,72,,95927,40,0,40,0,35,,95943,28,0,40,0,70,,95944,28,0,40,0,31,,95945,28,0,40,0,69,,95928,40,0,40,0,31,,95946,28,0,40,0
400,'3_7',844,,95947,40,0,40,0,165,,95948,40,0,40,0,125,,95949,40,0,40,0,200,,95950,40,0,40,0,166,,95951,40,0,40,0,125,,95952,40,0,40,0,126,,95953,40,0,40,0,164,,95954,40,0,40,0
400,'4_1',734,,95978,28,0,43,0,15,,95986,28,0,40,0,55,,95955,28,0,40,0,13,,95956,28,0,40,0,14,,95980,28,0,40,0,15,,95957,28,0,40,0,13,,95958,28,0,40,0,71,,95959,28,0,40,0,79,,95960,40,0,40,0,31,,95961,28,0,40,0,71,,95962,28,0,40,0,36,,95963,28,0,40,0,76,,95964,28,0,40,0,22,,95984,28,,,0,65,,95981,40,0,40,0,30,,95965,28,0,40,0,67,,95966,28,0,40,0,30,,95969,40,0,40,0,75,,95967,28,0,40,0,30,,95970,40,0,40,0,76,,95968,28,0,40,0,29,,95987,28,0,40,0,69,,95971,40,0,40,0,5,,95982,12,0,40,0,14,,95972,28,0,40,0,13,,95988,28,,,0,54,,95974,28,0,40,0,25,,95977,12,0,40,0,19,,95985,28,,,0,75,,95975,28,0,40,0,23,,95976,40,0,40,0
400,'4_2',734,,96012,28,0,43,0,15,,96020,28,0,40,0,55,,95989,28,0,40,0,13,,95990,28,0,40,0,14,,96014,28,0,40,0,15,,95991,28,0,40,0,13,,95992,28,0,40,0,71,,95993,28,0,40,0,79,,95994,40,0,40,0,31,,95995,28,0,40,0,71,,95996,28,0,40,0,36,,95997,28,0,40,0,76,,95998,28,0,40,0,22,,96018,28,,,0,65,,96015,40,0,40,0,30,,95999,28,0,40,0,67,,96000,28,0,40,0,30,,96003,40,0,40,0,75,,96001,28,0,40,0,30,,96004,40,0,40,0,76,,96002,28,0,40,0,29,,96021,28,0,40,0,69,,96005,40,0,40,0,5,,96016,12,0,40,0,14,,96006,28,0,40,0,13,,96022,28,,,0,54,,96008,28,0,40,0,25,,96011,12,0,40,0,19,,96019,28,,,0,75,,96009,28,0,40,0,23,,96010,40,0,40,0
400,'4_4',734,,96046,28,0,43,0,15,,96054,28,0,40,0,55,,96023,28,0,40,0,13,,96024,28,0,40,0,14,,96048,28,0,40,0,15,,96025,28,0,40,0,13,,96026,28,0,40,0,71,,96027,28,0,40,0,79,,96028,40,0,40,0,31,,96029,28,0,40,0,71,,96030,28,0,40,0,36,,96031,28,0,40,0,76,,96032,28,0,40,0,22,,96052,28,,,0,65,,96049,40,0,40,0,30,,96033,28,0,40,0,67,,96034,28,0,40,0,30,,96037,40,0,40,0,75,,96035,28,0,40,0,30,,96038,40,0,40,0,76,,96036,28,0,40,0,29,,96055,28,0,40,0,69,,96039,40,0,40,0,5,,96050,12,0,40,0,14,,96040,28,0,40,0,13,,96056,28,,,0,54,,96042,28,0,40,0,25,,96045,12,0,40,0,19,,96053,28,,,0,75,,96043,28,0,40,0,23,,96044,40,0,40,0
400,'4_5',734,,96080,28,0,43,0,15,,96088,28,0,40,0,55,,96057,28,0,40,0,13,,96058,28,0,40,0,14,,96082,28,0,40,0,15,,96059,28,0,40,0,13,,96060,28,0,40,0,71,,96061,28,0,40,0,79,,96062,40,0,40,0,31,,96063,28,0,40,0,71,,96064,28,0,40,0,36,,96065,28,0,40,0,76,,96066,28,0,40,0,22,,96086,28,,,0,65,,96083,40,0,40,0,30,,96067,28,0,40,0,67,,96068,28,0,40,0,30,,96071,40,0,40,0,75,,96069,28,0,40,0,30,,96072,40,0,40,0,76,,96070,28,0,40,0,29,,96089,28,0,40,0,69,,96073,40,0,40,0,5,,96084,12,0,40,0,14,,96074,28,0,40,0,13,,96090,28,,,0,54,,96076,28,0,40,0,25,,96079,12,0,40,0,19,,96087,28,,,0,75,,96077,28,0,40,0,23,,96078,40,0,40,0
400,'5_7',844,,96091,40,0,40,0,165,,96092,40,0,40,0,125,,96093,40,0,40,0,200,,96094,40,0,40,0,166,,96095,40,0,40,0,125,,96096,40,0,40,0,126,,96097,40,0,40,0,164,,96098,40,0,40,0
2300,'0_4',1611,,98616,9,,,0,103,,98617,9,,,0,98,,98618,9,,,0
2300,'0_5',1611,,98619,9,,,0,103,,98620,9,,,0,98,,98621,9,,,0
2300,'1_3',1217,,98623,9,,,0,3,,98622,9,,,0
2300,'4_1',1611,,98624,9,,,0,103,,98625,9,,,0,98,,98626,9,,,0
2300,'4_2',1611,,98627,9,,,0,103,,98628,9,,,0,98,,98629,9,,,0
2300,'4_4',1611,,98630,9,,,0,103,,98631,9,,,0,98,,98632,9,,,0
2300,'4_5',1611,,98633,9,,,0,103,,98634,9,,,0,98,,98635,9,,,0
