100,'0_6',703,,62779,12,0,61 8,0,108,,62791,12,0,61 8,0,95,,62780,12,0,61 8,0,30,,62792,12,0,61 8,0,69,,62781,12,0,61 8,0,33,,62793,12,0,61 8,0,69,,62782,12,0,61 8,0,29,,62794,12,0,61 8,0,71,,62783,12,0,61 8,0,30,,62795,12,0,61 8,0,70,,62784,12,0,61 8,0,30,,62796,12,0,61 8,0,69,,62785,12,0,61 8,0,31,,62797,12,0,61 8,0,69,,62786,12,0,61 8,0,31,,62798,12,0,61 8,0,70,,62787,12,0,61 8,0,31,,62799,12,0,61 8,0,73,,62788,12,0,61 8,0,29,,62800,12,0,61 8,0,70,,62789,12,0,61 8,0,32,,62801,12,0,61 8,0,69,,62790,12,0,61 8,0
100,'1_7',908,,62802,12,0,61 8,0,105,,62807,12,0,61 8,0,106,,62803,12,0,61 8,0,104,,62808,12,0,61 8,0,90,,62804,12,0,61 8,0,100,,62809,12,0,61 8,0,105,,62805,12,0,61 8,0,105,,62810,12,0,61 8,0,105,,62806,12,0,61 8,0,105,,62811,12,0,61 8,0
100,'5_1',703,,73973,12,0,61 8,0,30,,73974,12,,,0,73,,73976,12,0,61 8,0,25,,73977,12,0,61 8,0,70,,73975,12,0,61 8,0,29,,73978,12,0,61 8,0,74,,73979,12,0,61 8,0,31,,73982,12,0,61 8,0,70,,73980,12,0,61 8,0,33,,73981,12,0,61 8,0,71,,73984,12,,,0,32,,73983,12,0,61 8,0,70,,73985,12,,,0,30,,73986,12,0,61 8,0,69,,73988,12,0,61 8,0,30,,73987,12,0,61 8,0,70,,73992,12,0,61 8,0,29,,73991,12,0,61 8,0,71,,73993,12,,,0,34,,73989,12,0,61 8,0,70,,73994,12,,,0,31,,73990,12,0,61 8,0,70,,73995,12,,,0,31,,73996,12,0,61 8,0,70,,73997,12,,,0
100,'5_2',703,,74933,12,0,61 8,0,30,,74934,12,,,0,73,,74936,12,0,61 8,0,25,,74937,12,0,61 8,0,70,,74935,12,0,61 8,0,29,,74938,12,0,61 8,0,74,,74939,12,0,61 8,0,31,,74942,12,0,61 8,0,70,,74940,12,0,61 8,0,33,,74941,12,0,61 8,0,71,,74944,12,,,0,32,,74943,12,0,61 8,0,70,,74945,12,,,0,30,,74946,12,0,61 8,0,69,,74948,12,0,61 8,0,30,,74947,12,0,61 8,0,70,,74952,12,0,61 8,0,29,,74951,12,0,61 8,0,71,,74953,12,,,0,34,,74949,12,0,61 8,0,70,,74954,12,,,0,31,,74950,12,0,61 8,0,70,,74955,12,,,0,31,,74956,12,0,61 8,0,70,,74957,12,,,0
100,'5_3',703,,74958,12,0,61 8,0,30,,74959,12,,,0,73,,74961,12,0,61 8,0,25,,74962,12,0,61 8,0,70,,74960,12,0,61 8,0,29,,74963,12,0,61 8,0,74,,74964,12,0,61 8,0,31,,74967,12,0,61 8,0,70,,74965,12,0,61 8,0,33,,74966,12,0,61 8,0,71,,74969,12,,,0,32,,74968,12,0,61 8,0,70,,74970,12,,,0,30,,74971,12,0,61 8,0,69,,74973,12,0,61 8,0,30,,74972,12,0,61 8,0,70,,74977,12,0,61 8,0,29,,74976,12,0,61 8,0,71,,74978,12,,,0,34,,74974,12,0,61 8,0,70,,74979,12,,,0,31,,74975,12,0,61 8,0,70,,74980,12,,,0,31,,74981,12,0,61 8,0,70,,74982,12,,,0
100,'7_1',703,,80072,12,0,61 8,0,30,,80073,12,,,0,73,,80075,12,0,61 8,0,25,,80076,12,0,61 8,0,70,,80074,12,0,61 8,0,29,,80077,12,0,61 8,0,74,,80078,12,0,61 8,0,31,,80081,12,0,61 8,0,70,,80079,12,0,61 8,0,33,,80080,12,0,61 8,0,71,,80083,12,,,0,32,,80082,12,0,61 8,0,70,,80084,12,,,0,30,,80085,12,0,61 8,0,69,,80087,12,0,61 8,0,30,,80086,12,0,61 8,0,70,,80091,12,0,61 8,0,29,,80090,12,0,61 8,0,71,,80092,12,,,0,34,,80088,12,0,61 8,0,70,,80093,12,,,0,31,,80089,12,0,61 8,0,70,,80094,12,,,0,31,,80095,12,0,61 8,0,70,,80096,12,,,0
100,'7_2',703,,82008,12,0,61 8,0,30,,82009,12,,,0,73,,82011,12,0,61 8,0,25,,82012,12,0,61 8,0,70,,82010,12,0,61 8,0,29,,82013,12,0,61 8,0,74,,82014,12,0,61 8,0,31,,82017,12,0,61 8,0,70,,82015,12,0,61 8,0,33,,82016,12,0,61 8,0,71,,82019,12,,,0,32,,82018,12,0,61 8,0,70,,82020,12,,,0,30,,82021,12,0,61 8,0,69,,82023,12,0,61 8,0,30,,82022,12,0,61 8,0,70,,82027,12,0,61 8,0,29,,82026,12,0,61 8,0,71,,82028,12,,,0,34,,82024,12,0,61 8,0,70,,82029,12,,,0,31,,82025,12,0,61 8,0,70,,82030,12,,,0,31,,82031,12,0,61 8,0,70,,82032,12,,,0
100,'7_3',703,,82033,12,0,61 8,0,30,,82034,12,,,0,73,,82036,12,0,61 8,0,25,,82037,12,0,61 8,0,70,,82035,12,0,61 8,0,29,,82038,12,0,61 8,0,74,,82039,12,0,61 8,0,31,,82042,12,0,61 8,0,70,,82040,12,0,61 8,0,33,,82041,12,0,61 8,0,71,,82044,12,,,0,32,,82043,12,0,61 8,0,70,,82045,12,,,0,30,,82046,12,0,61 8,0,69,,82048,12,0,61 8,0,30,,82047,12,0,61 8,0,70,,82052,12,0,61 8,0,29,,82051,12,0,61 8,0,71,,82053,12,,,0,34,,82049,12,0,61 8,0,70,,82054,12,,,0,31,,82050,12,0,61 8,0,70,,82055,12,,,0,31,,82056,12,0,61 8,0,70,,82057,12,,,0
100,'7_4',703,,79112,12,0,61 8,0,30,,79113,12,,,0,73,,79115,12,0,61 8,0,25,,79116,12,0,61 8,0,70,,79114,12,0,61 8,0,29,,79117,12,0,61 8,0,74,,79118,12,0,61 8,0,31,,79121,12,0,61 8,0,70,,79119,12,0,61 8,0,33,,79120,12,0,61 8,0,71,,79123,12,,,0,32,,79122,12,0,61 8,0,70,,79124,12,,,0,30,,79125,12,0,61 8,0,69,,79127,12,0,61 8,0,30,,79126,12,0,61 8,0,70,,79131,12,0,61 8,0,29,,79130,12,0,61 8,0,71,,79132,12,,,0,34,,79128,12,0,61 8,0,70,,79133,12,,,0,31,,79129,12,0,61 8,0,70,,79134,12,,,0,31,,79135,12,0,61 8,0,70,,79136,12,,,0
100,'7_5',703,,80097,12,0,61 8,0,30,,80098,12,,,0,73,,80100,12,0,61 8,0,25,,80101,12,0,61 8,0,70,,80099,12,0,61 8,0,29,,80102,12,0,61 8,0,74,,80103,12,0,61 8,0,31,,80106,12,0,61 8,0,70,,80104,12,0,61 8,0,33,,80105,12,0,61 8,0,71,,80108,12,,,0,32,,80107,12,0,61 8,0,70,,80109,12,,,0,30,,80110,12,0,61 8,0,69,,80112,12,0,61 8,0,30,,80111,12,0,61 8,0,70,,80116,12,0,61 8,0,29,,80115,12,0,61 8,0,71,,80117,12,,,0,34,,80113,12,0,61 8,0,70,,80118,12,,,0,31,,80114,12,0,61 8,0,70,,80119,12,,,0,31,,80120,12,0,61 8,0,70,,80121,12,,,0
