401,'1_3',854,,96188,60,,,0,297,,96190,58,,,0,157,,96189,60,,,0,101,,96191,58,,,0,140,,96192,58,,,0,275,,96187,61,,,0,185,,96193,58,,,0
401,'2_6',753,,96195,58,,,0,189,,96196,58,,,0,202,,96197,58,,,0,201,,96198,58,,,0,199,,96199,58,,,0,206,,96200,58,,,0,272,,96201,58,,,0
401,'4_1',854,,96251,60,,,0,297,,96253,58,,,0,157,,96252,60,,,0,101,,96254,58,,,0,140,,96255,58,,,0,275,,96250,61,,,0,185,,96256,58,,,0
401,'4_2',854,,96283,60,,,0,297,,96285,58,,,0,157,,96284,60,,,0,101,,96286,58,,,0,140,,96287,58,,,0,275,,96282,61,,,0,185,,96288,58,,,0
401,'4_4',854,,96315,60,,,0,297,,96317,58,,,0,157,,96316,60,,,0,101,,96318,58,,,0,140,,96319,58,,,0,275,,96314,61,,,0,185,,96320,58,,,0
401,'4_5',854,,96347,60,,,0,297,,96349,58,,,0,157,,96348,60,,,0,101,,96350,58,,,0,140,,96351,58,,,0,275,,96346,61,,,0,185,,96352,58,,,0
401,'5_7',1024,,96354,58,,,0,125,,96355,58,,,0,166,,96356,58,,,0,200,,96357,58,,,0,125,,96358,58,,,0,165,,96359,58,,,0,125,,96360,58,,,0
2901201,'1_3',1311,,102617,12,,,0,395,,102618,12,,,0,105,,102619,12,,,0,100,,102616,12,,,0
2901201,'4_1',1706,,102621,12,,,0,105,,102622,12,,,0,100,,102620,12,,,0
2901201,'4_2',1706,,102624,12,,,0,105,,102625,12,,,0,100,,102623,12,,,0
2901201,'4_4',1706,,102627,12,,,0,105,,102628,12,,,0,100,,102626,12,,,0
2901201,'4_5',1706,,102630,12,,,0,105,,102631,12,,,0,100,,102629,12,,,0
