500,'S2-0_2',703,,86408,10,,,0,118,,86396,10,,,0,105,,86397,10,,,0,99,,86398,10,,,0,105,,86399,10,,,0,101,,86400,10,,,0,84,,86401,10,,,0,94,,86402,10,,,0,100,,86403,10,,,0,102,,86404,10,,,0,106,,86405,10,,,0,103,,86410,10,,,0,100,,86406,10,,,0
500,'S2-0_4',703,,86423,10,,,0,118,,86411,10,,,0,105,,86412,10,,,0,99,,86413,10,,,0,105,,86414,10,,,0,101,,86415,10,,,0,84,,86416,10,,,0,94,,86417,10,,,0,100,,86418,10,,,0,102,,86419,10,,,0,106,,86420,10,,,0,103,,86425,10,,,0,100,,86421,10,,,0
500,'S2-0_5',703,,86438,10,,,0,118,,86426,10,,,0,105,,86427,10,,,0,99,,86428,10,,,0,105,,86429,10,,,0,101,,86430,10,,,0,84,,86431,10,,,0,94,,86432,10,,,0,100,,86433,10,,,0,102,,86434,10,,,0,106,,86435,10,,,0,103,,86440,10,,,0,100,,86436,10,,,0
500,'S2-1_3',703,,86453,10,,,0,118,,86441,10,,,0,105,,86442,10,,,0,99,,86443,10,,,0,105,,86444,10,,,0,101,,86445,10,,,0,84,,86446,10,,,0,94,,86447,10,,,0,100,,86448,10,,,0,102,,86449,10,,,0,106,,86450,10,,,0,103,,86455,10,,,0,100,,86451,10,,,0
500,'S2-2_6',721,,86467,10,,,0,98,,86456,10,,,0,99,,86457,10,,,0,101,,86458,10,,,0,100,,86459,10,,,0,96,,86460,10,,,0,98,,86461,10,,,0,100,,86462,10,,,0,99,,86463,10,,,0,101,,86464,10,,,0,100,,86465,10,,,0,193,,86466,10,,,0
500,'S2-4_1',703,,86480,10,,,0,118,,86468,10,,,0,105,,86469,10,,,0,99,,86470,10,,,0,105,,86471,10,,,0,101,,86472,10,,,0,84,,86473,10,,,0,94,,86474,10,,,0,100,,86475,10,,,0,102,,86476,10,,,0,106,,86477,10,,,0,103,,86482,10,,,0,100,,86478,10,,,0
500,'S2-4_2',703,,86495,10,,,0,118,,86483,10,,,0,105,,86484,10,,,0,99,,86485,10,,,0,105,,86486,10,,,0,101,,86487,10,,,0,84,,86488,10,,,0,94,,86489,10,,,0,100,,86490,10,,,0,102,,86491,10,,,0,106,,86492,10,,,0,103,,86497,10,,,0,100,,86493,10,,,0
500,'S2-4_4',703,,86510,10,,,0,118,,86498,10,,,0,105,,86499,10,,,0,99,,86500,10,,,0,105,,86501,10,,,0,101,,86502,10,,,0,84,,86503,10,,,0,94,,86504,10,,,0,100,,86505,10,,,0,102,,86506,10,,,0,106,,86507,10,,,0,103,,86512,10,,,0,100,,86508,10,,,0
2900500,'S2-0_2',656,,92474,10,,,0,145,,92475,10,,,0
2900500,'S2-0_4',656,,92476,10,,,0,145,,92477,10,,,0
2900500,'S2-0_5',656,,92478,10,,,0,145,,92479,10,,,0
2900500,'S2-1_3',656,,92480,10,,,0,145,,92481,10,,,0
2900500,'S2-4_1',656,,92482,10,,,0,145,,92483,10,,,0
2900500,'S2-4_2',656,,92484,10,,,0,145,,92485,10,,,0
2900500,'S2-4_4',656,,92486,10,,,0,145,,92487,10,,,0
