501,'S2-0_2',928,,86513,13,,,0,105,,86514,13,,,0,101,,86515,13,,,0,86,,86516,13,,,0,94,,86517,13,,,0,98,,86518,13,,,0,102,,86519,13,,,0,101,,86520,13,,,0,26,,86522,13,0,13,0,81,,86521,13,,,0,29,,86523,13,0,13,0,75,,86525,13,,,0,18,,86524,13,0,13,0,109,,86526,13,,,0
501,'S2-0_4',928,,86527,13,,,0,105,,86528,13,,,0,101,,86529,13,,,0,86,,86530,13,,,0,94,,86531,13,,,0,98,,86532,13,,,0,102,,86533,13,,,0,101,,86534,13,,,0,26,,86536,13,0,13,0,81,,86535,13,,,0,29,,86537,13,0,13,0,75,,86539,13,,,0,18,,86538,13,0,13,0,109,,86540,13,,,0
501,'S2-0_5',928,,86541,13,,,0,105,,86542,13,,,0,101,,86543,13,,,0,86,,86544,13,,,0,94,,86545,13,,,0,98,,86546,13,,,0,102,,86547,13,,,0,101,,86548,13,,,0,26,,86550,13,0,13,0,81,,86549,13,,,0,29,,86551,13,0,13,0,75,,86553,13,,,0,18,,86552,13,0,13,0,109,,86554,13,,,0
501,'S2-1_3',928,,86555,13,,,0,105,,86556,13,,,0,101,,86557,13,,,0,86,,86558,13,,,0,24,,86564,13,0,13,0,70,,86559,13,,,0,98,,86560,13,,,0,102,,86561,13,,,0,101,,86562,13,,,0,107,,86563,13,,,0,104,,86565,13,,,0,127,,86566,13,,,0
501,'S2-2_6',820,,86567,13,,,0,101,,86568,13,,,0,100,,86569,13,,,0,100,,86570,13,,,0,100,,86571,13,,,0,94,,86572,13,,,0,99,,86573,13,,,0,100,,86574,13,,,0,100,,86575,13,,,0,101,,86576,13,,,0,99,,86577,13,,,0,189,,86578,13,,,0
501,'S2-4_1',928,,86579,13,,,0,105,,86580,13,,,0,101,,86581,13,,,0,86,,86582,13,,,0,94,,86583,13,,,0,98,,86584,13,,,0,102,,86585,13,,,0,101,,86586,13,,,0,26,,86588,13,0,13,0,81,,86587,13,,,0,29,,86589,13,0,13,0,75,,86591,13,,,0,18,,86590,13,0,13,0,109,,86592,13,,,0
501,'S2-4_2',928,,86593,13,,,0,105,,86594,13,,,0,101,,86595,13,,,0,86,,86596,13,,,0,94,,86597,13,,,0,98,,86598,13,,,0,102,,86599,13,,,0,101,,86600,13,,,0,26,,86602,13,0,13,0,81,,86601,13,,,0,29,,86603,13,0,13,0,75,,86605,13,,,0,18,,86604,13,0,13,0,109,,86606,13,,,0
501,'S2-4_4',928,,86607,13,,,0,105,,86608,13,,,0,101,,86609,13,,,0,86,,86610,13,,,0,94,,86611,13,,,0,98,,86612,13,,,0,102,,86613,13,,,0,101,,86614,13,,,0,26,,86616,13,0,13,0,81,,86615,13,,,0,29,,86617,13,0,13,0,75,,86619,13,,,0,18,,86618,13,0,13,0,109,,86620,13,,,0
1000001,'S2-0_2',551,,90752,18,,,0,60,,90753,18,,,0,20,,90754,18,,,0,20,,90755,18,,,0,60,,90756,18,,,0,10,,90836,18,,,0,11,,90837,18,,,0,10,,90787,24,,,0,10,,90788,24,,,0,50,,90789,24,,,0,11,,90790,24,,,0,10,,90791,24,,,0,9,,90792,24,,,0,10,,90793,24,,,0,10,,90794,24,,,0,50,,90795,24,,,0,10,,90796,24,,,0,10,,90797,24,,,0,11,,90798,24,,,0,11,,90757,18,,,0,11,,90758,24,,,0,50,,90759,18,,,0,10,,90760,24,,,0,11,,90761,18,,,0,11,,90799,24,,,0,11,,90762,18,,,0,11,,90763,24,,,0,50,,90764,18,,,0,11,,90765,24,,,0,10,,90766,18,,,0,11,,90800,24,,,0,11,,90767,18,,,0,51,,90768,24,,,0,10,,90769,18,,,0,9,,90770,24,,,0,9,,90801,18,,,0,10,,90802,24,,,0,10,,90803,18,,,0,50,,90804,24,,,0,10,,90805,18,,,0,10,,90806,24,,,0,10,,90807,18,,,0,9,,90808,24,,,0,10,,90809,18,,,0,51,,90810,24,,,0,10,,90811,18,,,0,10,,90812,24,,,0,10,,90813,18,,,0,10,,90771,24,,,0,10,,90772,18,,,0,49,,90814,24,,,0,10,,90773,18,,,0,9,,90774,24,,,0,11,,90775,18,,,0,11,,90815,24,,,0,12,,90776,18,,,0,51,,90777,24,,,0,11,,90778,18,,,0,10,,90779,24,,,0,9,,90780,24,,,0,10,,90816,24,,,0,10,,90817,24,,,0,50,,90818,24,,,0,11,,90819,24,,,0,11,,90820,24,,,0,11,,90821,24,,,0,10,,90822,24,,,0,10,,90823,24,,,0,49,,90824,24,,,0,10,,90825,24,,,0,10,,90826,24,,,0,8,,90827,24,,,0,9,,90828,24,,,0,9,,90829,24,,,0,48,,90830,24,,,0,9,,90831,18,,,0,9,,90832,24,,,0,10,,90833,18,,,0,12,,90835,24,,,0,19,,90834,24,,,0,60,,90781,18,,,0,20,,90782,18,,,0,20,,90783,18,,,0,60,,90784,18,,,0,20,,90785,18,,,0,20,,90786,18,,,0
1000001,'S2-0_4',551,,90838,18,,,0,60,,90839,18,,,0,20,,90840,18,,,0,20,,90841,18,,,0,60,,90842,18,,,0,10,,90922,18,,,0,11,,90923,18,,,0,10,,90873,24,,,0,10,,90874,24,,,0,50,,90875,24,,,0,11,,90876,24,,,0,10,,90877,24,,,0,9,,90878,24,,,0,10,,90879,24,,,0,10,,90880,24,,,0,50,,90881,24,,,0,10,,90882,24,,,0,10,,90883,24,,,0,11,,90884,24,,,0,11,,90843,18,,,0,11,,90844,24,,,0,50,,90845,18,,,0,10,,90846,24,,,0,11,,90847,18,,,0,11,,90885,24,,,0,11,,90848,18,,,0,11,,90849,24,,,0,50,,90850,18,,,0,11,,90851,24,,,0,10,,90852,18,,,0,11,,90886,24,,,0,11,,90853,18,,,0,51,,90854,24,,,0,10,,90855,18,,,0,9,,90856,24,,,0,9,,90887,18,,,0,10,,90888,24,,,0,10,,90889,18,,,0,50,,90890,24,,,0,10,,90891,18,,,0,10,,90892,24,,,0,10,,90893,18,,,0,9,,90894,24,,,0,10,,90895,18,,,0,51,,90896,24,,,0,10,,90897,18,,,0,10,,90898,24,,,0,10,,90899,18,,,0,10,,90857,24,,,0,10,,90858,18,,,0,49,,90900,24,,,0,10,,90859,18,,,0,9,,90860,24,,,0,11,,90861,18,,,0,11,,90901,24,,,0,12,,90862,18,,,0,51,,90863,24,,,0,11,,90864,18,,,0,10,,90865,24,,,0,9,,90866,24,,,0,10,,90902,24,,,0,10,,90903,24,,,0,50,,90904,24,,,0,11,,90905,24,,,0,11,,90906,24,,,0,11,,90907,24,,,0,10,,90908,24,,,0,10,,90909,24,,,0,49,,90910,24,,,0,10,,90911,24,,,0,10,,90912,24,,,0,8,,90913,24,,,0,9,,90914,24,,,0,9,,90915,24,,,0,48,,90916,24,,,0,9,,90917,18,,,0,9,,90918,24,,,0,10,,90919,18,,,0,12,,90921,24,,,0,19,,90920,24,,,0,60,,90867,18,,,0,20,,90868,18,,,0,20,,90869,18,,,0,60,,90870,18,,,0,20,,90871,18,,,0,20,,90872,18,,,0
1000001,'S2-0_5',551,,90924,18,,,0,60,,90925,18,,,0,20,,90926,18,,,0,20,,90927,18,,,0,60,,90928,18,,,0,10,,91008,18,,,0,11,,91009,18,,,0,10,,90959,24,,,0,10,,90960,24,,,0,50,,90961,24,,,0,11,,90962,24,,,0,10,,90963,24,,,0,9,,90964,24,,,0,10,,90965,24,,,0,10,,90966,24,,,0,50,,90967,24,,,0,10,,90968,24,,,0,10,,90969,24,,,0,11,,90970,24,,,0,11,,90929,18,,,0,11,,90930,24,,,0,50,,90931,18,,,0,10,,90932,24,,,0,11,,90933,18,,,0,11,,90971,24,,,0,11,,90934,18,,,0,11,,90935,24,,,0,50,,90936,18,,,0,11,,90937,24,,,0,10,,90938,18,,,0,11,,90972,24,,,0,11,,90939,18,,,0,51,,90940,24,,,0,10,,90941,18,,,0,9,,90942,24,,,0,9,,90973,18,,,0,10,,90974,24,,,0,10,,90975,18,,,0,50,,90976,24,,,0,10,,90977,18,,,0,10,,90978,24,,,0,10,,90979,18,,,0,9,,90980,24,,,0,10,,90981,18,,,0,51,,90982,24,,,0,10,,90983,18,,,0,10,,90984,24,,,0,10,,90985,18,,,0,10,,90943,24,,,0,10,,90944,18,,,0,49,,90986,24,,,0,10,,90945,18,,,0,9,,90946,24,,,0,11,,90947,18,,,0,11,,90987,24,,,0,12,,90948,18,,,0,51,,90949,24,,,0,11,,90950,18,,,0,10,,90951,24,,,0,9,,90952,24,,,0,10,,90988,24,,,0,10,,90989,24,,,0,50,,90990,24,,,0,11,,90991,24,,,0,11,,90992,24,,,0,11,,90993,24,,,0,10,,90994,24,,,0,10,,90995,24,,,0,49,,90996,24,,,0,10,,90997,24,,,0,10,,90998,24,,,0,8,,90999,24,,,0,9,,91000,24,,,0,9,,91001,24,,,0,48,,91002,24,,,0,9,,91003,18,,,0,9,,91004,24,,,0,10,,91005,18,,,0,12,,91007,24,,,0,19,,91006,24,,,0,60,,90953,18,,,0,20,,90954,18,,,0,20,,90955,18,,,0,60,,90956,18,,,0,20,,90957,18,,,0,20,,90958,18,,,0
1000001,'S2-1_3',551,,91010,18,,,0,60,,91011,18,,,0,20,,91012,18,,,0,20,,91013,18,,,0,60,,91014,18,,,0,10,,91094,18,,,0,11,,91095,18,,,0,10,,91045,24,,,0,10,,91046,24,,,0,50,,91047,24,,,0,11,,91048,24,,,0,10,,91049,24,,,0,9,,91050,24,,,0,10,,91051,24,,,0,10,,91052,24,,,0,50,,91053,24,,,0,10,,91054,24,,,0,10,,91055,24,,,0,11,,91056,24,,,0,11,,91015,18,,,0,11,,91016,24,,,0,50,,91017,18,,,0,10,,91018,24,,,0,11,,91019,18,,,0,11,,91057,24,,,0,11,,91020,18,,,0,11,,91021,24,,,0,50,,91022,18,,,0,11,,91023,24,,,0,10,,91024,18,,,0,11,,91058,24,,,0,11,,91025,18,,,0,51,,91026,24,,,0,10,,91027,18,,,0,9,,91028,24,,,0,9,,91059,18,,,0,10,,91060,24,,,0,10,,91061,18,,,0,50,,91062,24,,,0,10,,91063,18,,,0,10,,91064,24,,,0,10,,91065,18,,,0,9,,91066,24,,,0,10,,91067,18,,,0,51,,91068,24,,,0,10,,91069,18,,,0,10,,91070,24,,,0,10,,91071,18,,,0,10,,91029,24,,,0,10,,91030,18,,,0,49,,91072,24,,,0,10,,91031,18,,,0,9,,91032,24,,,0,11,,91033,18,,,0,11,,91073,24,,,0,12,,91034,18,,,0,51,,91035,24,,,0,11,,91036,18,,,0,10,,91037,24,,,0,9,,91038,24,,,0,10,,91074,24,,,0,10,,91075,24,,,0,50,,91076,24,,,0,11,,91077,24,,,0,11,,91078,24,,,0,11,,91079,24,,,0,10,,91080,24,,,0,10,,91081,24,,,0,49,,91082,24,,,0,10,,91083,24,,,0,10,,91084,24,,,0,8,,91085,24,,,0,9,,91086,24,,,0,9,,91087,24,,,0,48,,91088,24,,,0,9,,91089,18,,,0,9,,91090,24,,,0,10,,91091,18,,,0,12,,91093,24,,,0,19,,91092,24,,,0,60,,91039,18,,,0,20,,91040,18,,,0,20,,91041,18,,,0,60,,91042,18,,,0,20,,91043,18,,,0,20,,91044,18,,,0
1000001,'S2-2_6',551,,91096,18,,,0,81,,91097,18,,,0,80,,91098,18,,,0,30,,91099,18,,,0,69,,91100,24,,,0,29,,91101,24,,,0,15,,91102,18,,,0,55,,91103,18,,,0,15,,91104,24,,,0,16,,91105,18,,,0,15,,91106,18,,,0,55,,91107,24,,,0,16,,91108,18,,,0,15,,91109,18,,,0,16,,91110,24,,,0,55,,91111,18,,,0,15,,91112,18,,,0,16,,91113,24,,,0,14,,91114,18,,,0,56,,91115,18,,,0,15,,91116,24,,,0,14,,91117,18,,,0,57,,91118,18,,,0,16,,91119,24,,,0,9,,91120,18,,,0,9,,91121,18,,,0,9,,91122,18,,,0,10,,91124,18,,,0,50,,91123,24,,,0,10,,91125,18,,,0,11,,91126,18,,,0,12,,91127,24,,,0,10,,91128,18,,,0,9,,91129,18,,,0,50,,91130,18,,,0,11,,91131,24,,,0,10,,91132,18,,,0,10,,91133,18,,,0,11,,91134,18,,,0,11,,91135,24,,,0,49,,91136,18,,,0,10,,91137,18,,,0,10,,91138,18,,,0,12,,91139,24,,,0,9,,91140,18,,,0,9,,91141,18,,,0,50,,91142,18,,,0,10,,91144,18,,,0,9,,91143,24,,,0,10,,91145,18,,,0,9,,91146,18,,,0,10,,91148,18,,,0,49,,91147,24,,,0,9,,91149,18,,,0,9,,91150,18,,,0,9,,91152,18,,,0,10,,91151,24,,,0,10,,91153,18,,,0,53,,91154,18,,,0,19,,91155,24,,,0,17,,91156,18,,,0,61,,91157,18,,,0,21,,91158,18,,,0,17,,91159,18,,,0,19,,91160,18,,,0,60,,91161,18,,,0,20,,91162,18,,,0,20,,91163,18,,,0
1000001,'S2-3_7',820,,91164,18,,,0,80,,91165,18,,,0,40,,91166,18,,,0,80,,91167,18,,,0,80,,91168,18,,,0,40,,91169,18,,,0,80,,91170,18,,,0,80,,91171,18,,,0,40,,91172,18,,,0,80,,91173,18,,,0,80,,91174,18,,,0,40,,91175,18,,,0,80,,91176,18,,,0,80,,91177,18,,,0,40,,91178,18,,,0,80,,91179,18,,,0,80,,91180,18,,,0,40,,91181,18,,,0
1000001,'S2-4_1',551,,91182,18,,,0,60,,91183,18,,,0,20,,91184,18,,,0,20,,91185,18,,,0,60,,91186,18,,,0,10,,91266,18,,,0,11,,91267,18,,,0,10,,91217,24,,,0,10,,91218,24,,,0,50,,91219,24,,,0,11,,91220,24,,,0,10,,91221,24,,,0,9,,91222,24,,,0,10,,91223,24,,,0,10,,91224,24,,,0,50,,91225,24,,,0,10,,91226,24,,,0,10,,91227,24,,,0,11,,91228,24,,,0,11,,91187,18,,,0,11,,91188,24,,,0,50,,91189,18,,,0,10,,91190,24,,,0,11,,91191,18,,,0,11,,91229,24,,,0,11,,91192,18,,,0,11,,91193,24,,,0,50,,91194,18,,,0,11,,91195,24,,,0,10,,91196,18,,,0,11,,91230,24,,,0,11,,91197,18,,,0,51,,91198,24,,,0,10,,91199,18,,,0,9,,91200,24,,,0,9,,91231,18,,,0,10,,91232,24,,,0,10,,91233,18,,,0,50,,91234,24,,,0,10,,91235,18,,,0,10,,91236,24,,,0,10,,91237,18,,,0,9,,91238,24,,,0,10,,91239,18,,,0,51,,91240,24,,,0,10,,91241,18,,,0,10,,91242,24,,,0,10,,91243,18,,,0,10,,91201,24,,,0,10,,91202,18,,,0,49,,91244,24,,,0,10,,91203,18,,,0,9,,91204,24,,,0,11,,91205,18,,,0,11,,91245,24,,,0,12,,91206,18,,,0,51,,91207,24,,,0,11,,91208,18,,,0,10,,91209,24,,,0,9,,91210,24,,,0,10,,91246,24,,,0,10,,91247,24,,,0,50,,91248,24,,,0,11,,91249,24,,,0,11,,91250,24,,,0,11,,91251,24,,,0,10,,91252,24,,,0,10,,91253,24,,,0,49,,91254,24,,,0,10,,91255,24,,,0,10,,91256,24,,,0,8,,91257,24,,,0,9,,91258,24,,,0,9,,91259,24,,,0,48,,91260,24,,,0,9,,91261,18,,,0,9,,91262,24,,,0,10,,91263,18,,,0,12,,91265,24,,,0,19,,91264,24,,,0,60,,91211,18,,,0,20,,91212,18,,,0,20,,91213,18,,,0,60,,91214,18,,,0,20,,91215,18,,,0,20,,91216,18,,,0
1000001,'S2-4_2',551,,91268,18,,,0,60,,91269,18,,,0,20,,91270,18,,,0,20,,91271,18,,,0,60,,91272,18,,,0,10,,91352,18,,,0,11,,91353,18,,,0,10,,91303,24,,,0,10,,91304,24,,,0,50,,91305,24,,,0,11,,91306,24,,,0,10,,91307,24,,,0,9,,91308,24,,,0,10,,91309,24,,,0,10,,91310,24,,,0,50,,91311,24,,,0,10,,91312,24,,,0,10,,91313,24,,,0,11,,91314,24,,,0,11,,91273,18,,,0,11,,91274,24,,,0,50,,91275,18,,,0,10,,91276,24,,,0,11,,91277,18,,,0,11,,91315,24,,,0,11,,91278,18,,,0,11,,91279,24,,,0,50,,91280,18,,,0,11,,91281,24,,,0,10,,91282,18,,,0,11,,91316,24,,,0,11,,91283,18,,,0,51,,91284,24,,,0,10,,91285,18,,,0,9,,91286,24,,,0,9,,91317,18,,,0,10,,91318,24,,,0,10,,91319,18,,,0,50,,91320,24,,,0,10,,91321,18,,,0,10,,91322,24,,,0,10,,91323,18,,,0,9,,91324,24,,,0,10,,91325,18,,,0,51,,91326,24,,,0,10,,91327,18,,,0,10,,91328,24,,,0,10,,91329,18,,,0,10,,91287,24,,,0,10,,91288,18,,,0,49,,91330,24,,,0,10,,91289,18,,,0,9,,91290,24,,,0,11,,91291,18,,,0,11,,91331,24,,,0,12,,91292,18,,,0,51,,91293,24,,,0,11,,91294,18,,,0,10,,91295,24,,,0,9,,91296,24,,,0,10,,91332,24,,,0,10,,91333,24,,,0,50,,91334,24,,,0,11,,91335,24,,,0,11,,91336,24,,,0,11,,91337,24,,,0,10,,91338,24,,,0,10,,91339,24,,,0,49,,91340,24,,,0,10,,91341,24,,,0,10,,91342,24,,,0,8,,91343,24,,,0,9,,91344,24,,,0,9,,91345,24,,,0,48,,91346,24,,,0,9,,91347,18,,,0,9,,91348,24,,,0,10,,91349,18,,,0,12,,91351,24,,,0,19,,91350,24,,,0,60,,91297,18,,,0,20,,91298,18,,,0,20,,91299,18,,,0,60,,91300,18,,,0,20,,91301,18,,,0,20,,91302,18,,,0
1000001,'S2-4_4',551,,91354,18,,,0,60,,91355,18,,,0,20,,91356,18,,,0,20,,91357,18,,,0,60,,91358,18,,,0,10,,91438,18,,,0,11,,91439,18,,,0,10,,91389,24,,,0,10,,91390,24,,,0,50,,91391,24,,,0,11,,91392,24,,,0,10,,91393,24,,,0,9,,91394,24,,,0,10,,91395,24,,,0,10,,91396,24,,,0,50,,91397,24,,,0,10,,91398,24,,,0,10,,91399,24,,,0,11,,91400,24,,,0,11,,91359,18,,,0,11,,91360,24,,,0,50,,91361,18,,,0,10,,91362,24,,,0,11,,91363,18,,,0,11,,91401,24,,,0,11,,91364,18,,,0,11,,91365,24,,,0,50,,91366,18,,,0,11,,91367,24,,,0,10,,91368,18,,,0,11,,91402,24,,,0,11,,91369,18,,,0,51,,91370,24,,,0,10,,91371,18,,,0,9,,91372,24,,,0,9,,91403,18,,,0,10,,91404,24,,,0,10,,91405,18,,,0,50,,91406,24,,,0,10,,91407,18,,,0,10,,91408,24,,,0,10,,91409,18,,,0,9,,91410,24,,,0,10,,91411,18,,,0,51,,91412,24,,,0,10,,91413,18,,,0,10,,91414,24,,,0,10,,91415,18,,,0,10,,91373,24,,,0,10,,91374,18,,,0,49,,91416,24,,,0,10,,91375,18,,,0,9,,91376,24,,,0,11,,91377,18,,,0,11,,91417,24,,,0,12,,91378,18,,,0,51,,91379,24,,,0,11,,91380,18,,,0,10,,91381,24,,,0,9,,91382,24,,,0,10,,91418,24,,,0,10,,91419,24,,,0,50,,91420,24,,,0,11,,91421,24,,,0,11,,91422,24,,,0,11,,91423,24,,,0,10,,91424,24,,,0,10,,91425,24,,,0,49,,91426,24,,,0,10,,91427,24,,,0,10,,91428,24,,,0,8,,91429,24,,,0,9,,91430,24,,,0,9,,91431,24,,,0,48,,91432,24,,,0,9,,91433,18,,,0,9,,91434,24,,,0,10,,91435,18,,,0,12,,91437,24,,,0,19,,91436,24,,,0,60,,91383,18,,,0,20,,91384,18,,,0,20,,91385,18,,,0,60,,91386,18,,,0,20,,91387,18,,,0,20,,91388,18,,,0
