101,'0_4',650,,94375,8,0,6,0,8,,94405,2,0,7,0,59,,94376,8,0,6,0,12,,94403,2,0,5,0,15,,94377,8,0,6,0,58,,94406,8,0,5,0,14,,94390,2,0,7,0,28,,94381,2,0,6,0,82,,94391,8,0,5,0,76,,94382,2,0,6,0,40,,94394,2,0,5,0,76,,94383,2,0,6,0,28,,94395,2,0,5,0,61,,94384,2,0,6,0,35,,94396,2,0,5,0,78,,94378,8,0,6,0,27,,94392,8,0,5,0,70,,94385,2,0,6,0,25,,94397,2,0,5,0,74,,94386,2,0,6,0,20,,94398,2,0,5,0,65,,94387,2,0,6,0,30,,94388,2,0,6,0,20,,94393,8,0,5,0,56,,94389,2,0,6,0,26,,94399,2,0,5,0,20,,94379,8,0,6,0,61,,94400,2,0,5,0,30,,94380,8,0,6,0,75,,94401,2,0,5,0
101,'0_5',650,,94408,8,0,6,0,8,,94438,2,0,7,0,59,,94409,8,0,6,0,12,,94436,2,0,5,0,15,,94410,8,0,6,0,58,,94439,8,0,5,0,14,,94423,2,0,7,0,28,,94414,2,0,6,0,82,,94424,8,0,5,0,76,,94415,2,0,6,0,40,,94427,2,0,5,0,76,,94416,2,0,6,0,28,,94428,2,0,5,0,61,,94417,2,0,6,0,35,,94429,2,0,5,0,78,,94411,8,0,6,0,27,,94425,8,0,5,0,70,,94418,2,0,6,0,25,,94430,2,0,5,0,74,,94419,2,0,6,0,20,,94431,2,0,5,0,65,,94420,2,0,6,0,30,,94421,2,0,6,0,20,,94426,8,0,5,0,56,,94422,2,0,6,0,26,,94432,2,0,5,0,20,,94412,8,0,6,0,61,,94433,2,0,5,0,30,,94413,8,0,6,0,75,,94434,2,0,5,0
101,'1_3',650,,94441,8,0,6,0,8,,94471,2,0,7,0,59,,94442,8,0,6,0,12,,94469,2,0,5,0,15,,94443,8,0,6,0,58,,94472,8,0,5,0,14,,94456,2,0,7,0,28,,94447,2,0,6,0,82,,94457,8,0,5,0,76,,94448,2,0,6,0,40,,94460,2,0,5,0,76,,94449,2,0,6,0,28,,94461,2,0,5,0,61,,94450,2,0,6,0,35,,94462,2,0,5,0,78,,94444,8,0,6,0,27,,94458,8,0,5,0,70,,94451,2,0,6,0,25,,94463,2,0,5,0,74,,94452,2,0,6,0,20,,94464,2,0,5,0,65,,94453,2,0,6,0,30,,94454,2,0,6,0,20,,94459,8,0,5,0,56,,94455,2,0,6,0,26,,94465,2,0,5,0,20,,94445,8,0,6,0,61,,94466,2,0,5,0,30,,94446,8,0,6,0,75,,94467,2,0,5,0
101,'2_6',653,,94474,2,0,5,0,150,,94475,2,0,5,0,109,,94476,2,0,5,0,29,,94487,2,0,6,0,69,,94477,2,0,5,0,31,,94488,2,0,6,0,70,,94478,2,0,5,0,31,,94489,2,0,6,0,70,,94479,2,0,5,0,30,,94490,2,0,6,0,70,,94480,2,0,5,0,29,,94491,2,0,6,0,68,,94481,2,0,5,0,31,,94492,2,0,6,0,70,,94482,2,0,5,0,32,,94493,2,0,6,0,70,,94483,2,0,5,0,29,,94494,2,0,6,0,72,,94484,2,0,5,0,31,,94495,2,0,6,0,79,,94485,2,0,5,0,25,,94496,2,0,6,0,67,,94486,2,0,5,0
101,'3_7',859,,94497,2,0,6,0,145,,94502,2,0,5,0,105,,94498,2,0,6,0,105,,94503,2,0,5,0,105,,94499,2,0,6,0,90,,94504,2,0,5,0,100,,94500,2,0,6,0,105,,94505,2,0,5,0,105,,94501,2,0,6,0,105,,94506,2,0,5,0
101,'4_1',650,,94507,8,0,6,0,8,,94537,2,0,7,0,59,,94508,8,0,6,0,12,,94535,2,0,5,0,15,,94509,8,0,6,0,58,,94538,8,0,5,0,14,,94522,2,0,7,0,28,,94513,2,0,6,0,82,,94523,8,0,5,0,76,,94514,2,0,6,0,40,,94526,2,0,5,0,76,,94515,2,0,6,0,28,,94527,2,0,5,0,61,,94516,2,0,6,0,35,,94528,2,0,5,0,78,,94510,8,0,6,0,27,,94524,8,0,5,0,70,,94517,2,0,6,0,25,,94529,2,0,5,0,74,,94518,2,0,6,0,20,,94530,2,0,5,0,65,,94519,2,0,6,0,30,,94520,2,0,6,0,20,,94525,8,0,5,0,56,,94521,2,0,6,0,26,,94531,2,0,5,0,20,,94511,8,0,6,0,61,,94532,2,0,5,0,30,,94512,8,0,6,0,75,,94533,2,0,5,0
101,'4_2',650,,94540,8,0,6,0,8,,94570,2,0,7,0,59,,94541,8,0,6,0,12,,94568,2,0,5,0,15,,94542,8,0,6,0,58,,94571,8,0,5,0,14,,94555,2,0,7,0,28,,94546,2,0,6,0,82,,94556,8,0,5,0,76,,94547,2,0,6,0,40,,94559,2,0,5,0,76,,94548,2,0,6,0,28,,94560,2,0,5,0,61,,94549,2,0,6,0,35,,94561,2,0,5,0,78,,94543,8,0,6,0,27,,94557,8,0,5,0,70,,94550,2,0,6,0,25,,94562,2,0,5,0,74,,94551,2,0,6,0,20,,94563,2,0,5,0,65,,94552,2,0,6,0,30,,94553,2,0,6,0,20,,94558,8,0,5,0,56,,94554,2,0,6,0,26,,94564,2,0,5,0,20,,94544,8,0,6,0,61,,94565,2,0,5,0,30,,94545,8,0,6,0,75,,94566,2,0,5,0
101,'4_4',650,,94573,8,0,6,0,8,,94603,2,0,7,0,59,,94574,8,0,6,0,12,,94601,2,0,5,0,15,,94575,8,0,6,0,58,,94604,8,0,5,0,14,,94588,2,0,7,0,28,,94579,2,0,6,0,82,,94589,8,0,5,0,76,,94580,2,0,6,0,40,,94592,2,0,5,0,76,,94581,2,0,6,0,28,,94593,2,0,5,0,61,,94582,2,0,6,0,35,,94594,2,0,5,0,78,,94576,8,0,6,0,27,,94590,8,0,5,0,70,,94583,2,0,6,0,25,,94595,2,0,5,0,74,,94584,2,0,6,0,20,,94596,2,0,5,0,65,,94585,2,0,6,0,30,,94586,2,0,6,0,20,,94591,8,0,5,0,56,,94587,2,0,6,0,26,,94597,2,0,5,0,20,,94577,8,0,6,0,61,,94598,2,0,5,0,30,,94578,8,0,6,0,75,,94599,2,0,5,0
101,'4_5',650,,94606,8,0,6,0,8,,94636,2,0,7,0,59,,94607,8,0,6,0,12,,94634,2,0,5,0,15,,94608,8,0,6,0,58,,94637,8,0,5,0,14,,94621,2,0,7,0,28,,94612,2,0,6,0,82,,94622,8,0,5,0,76,,94613,2,0,6,0,40,,94625,2,0,5,0,76,,94614,2,0,6,0,28,,94626,2,0,5,0,61,,94615,2,0,6,0,35,,94627,2,0,5,0,78,,94609,8,0,6,0,27,,94623,8,0,5,0,70,,94616,2,0,6,0,25,,94628,2,0,5,0,74,,94617,2,0,6,0,20,,94629,2,0,5,0,65,,94618,2,0,6,0,30,,94619,2,0,6,0,20,,94624,8,0,5,0,56,,94620,2,0,6,0,26,,94630,2,0,5,0,20,,94610,8,0,6,0,61,,94631,2,0,5,0,30,,94611,8,0,6,0,75,,94632,2,0,5,0
101,'5_7',859,,94639,2,0,6,0,145,,94644,2,0,5,0,105,,94640,2,0,6,0,105,,94645,2,0,5,0,105,,94641,2,0,6,0,90,,94646,2,0,5,0,100,,94642,2,0,6,0,105,,94647,2,0,5,0,105,,94643,2,0,6,0,105,,94648,2,0,5,0
