400,'1_3',749,,95913,40,0,40,0,58,,95917,9,0,23 51,0,2,,95920,43,0,40,0,6,,95890,39,0,40,0,17,,95891,40,0,40,0,10,,95914,39,0,40,0,14,,95892,39,0,40,0,53,,95893,39,0,40,0,30,,95894,39,0,40,0,79,,95895,51,0,40,0,31,,95896,39,0,40,0,71,,95897,39,0,40,0,36,,95898,39,0,40,0,77,,95899,39,0,40,0,25,,95918,42,,,0,66,,95915,52,0,40,0,25,,95900,39,0,40,0,66,,95901,39,0,40,0,30,,95904,51,0,40,0,76,,95902,39,0,40,0,30,,95905,51,0,40,0,79,,95903,39,0,40,0,80,,95921,43,0,40,0,22,,95906,51,0,40,0,8,,95916,24,0,40,0,8,,95907,39,0,40,0,61,,95922,43,,,0,5,,95909,39,0,40,0,24,,95908,51,0,40,0,21,,95919,42,,,0,70,,95910,39,0,40,0,23,,95911,51,0,40,0
400,'2_6',739,,95929,39,0,40,0,105,,95930,39,0,40,0,72,,95923,51,0,40,0,27,,95931,39,0,40,0,72,,95932,39,0,40,0,30,,95933,39,0,40,0,71,,95924,51,0,40,0,31,,95934,39,0,40,0,70,,95936,39,0,40,0,29,,95935,39,0,40,0,69,,95925,51,0,40,0,31,,95937,39,0,40,0,70,,95938,39,0,40,0,29,,95939,39,0,40,0,73,,95926,51,0,40,0,33,,95940,39,0,40,0,70,,95941,39,0,40,0,30,,95942,39,0,40,0,73,,95927,51,0,40,0,33,,95943,39,0,40,0,70,,95944,39,0,40,0,31,,95945,39,0,40,0,69,,95928,51,0,40,0,31,,95946,39,0,40,0
400,'3_7',853,,95947,51,0,40,0,165,,95948,51,0,40,0,125,,95949,51,0,40,0,200,,95950,51,0,40,0,166,,95951,51,0,40,0,125,,95952,51,0,40,0,166,,95953,51,0,40,0,124,,95954,51,0,40,0
400,'4_1',749,,95979,40,0,40,0,58,,95983,9,0,23 51,0,2,,95986,43,0,40,0,6,,95955,39,0,40,0,17,,95956,40,0,40,0,10,,95980,39,0,40,0,14,,95957,39,0,40,0,53,,95958,39,0,40,0,30,,95959,39,0,40,0,79,,95960,51,0,40,0,31,,95961,39,0,40,0,71,,95962,39,0,40,0,36,,95963,39,0,40,0,77,,95964,39,0,40,0,25,,95984,42,,,0,66,,95981,52,0,40,0,25,,95965,39,0,40,0,66,,95966,39,0,40,0,30,,95969,51,0,40,0,76,,95967,39,0,40,0,30,,95970,51,0,40,0,79,,95968,39,0,40,0,80,,95987,43,0,40,0,22,,95971,51,0,40,0,8,,95982,24,0,40,0,8,,95972,39,0,40,0,61,,95988,43,,,0,5,,95974,39,0,40,0,24,,95977,23,0,40,0,21,,95985,42,,,0,70,,95975,39,0,40,0,23,,95976,51,0,40,0
400,'4_2',749,,96013,40,0,40,0,58,,96017,9,0,23 51,0,2,,96020,43,0,40,0,6,,95989,39,0,40,0,17,,95990,40,0,40,0,10,,96014,39,0,40,0,14,,95991,39,0,40,0,53,,95992,39,0,40,0,30,,95993,39,0,40,0,79,,95994,51,0,40,0,31,,95995,39,0,40,0,71,,95996,39,0,40,0,36,,95997,39,0,40,0,77,,95998,39,0,40,0,25,,96018,42,,,0,66,,96015,52,0,40,0,25,,95999,39,0,40,0,66,,96000,39,0,40,0,30,,96003,51,0,40,0,76,,96001,39,0,40,0,30,,96004,51,0,40,0,79,,96002,39,0,40,0,80,,96021,43,0,40,0,22,,96005,51,0,40,0,8,,96016,24,0,40,0,8,,96006,39,0,40,0,61,,96022,43,,,0,5,,96008,39,0,40,0,24,,96011,23,0,40,0,21,,96019,42,,,0,70,,96009,39,0,40,0,23,,96010,51,0,40,0
400,'4_4',749,,96047,40,0,40,0,58,,96051,9,0,23 51,0,2,,96054,43,0,40,0,6,,96023,39,0,40,0,17,,96024,40,0,40,0,10,,96048,39,0,40,0,14,,96025,39,0,40,0,53,,96026,39,0,40,0,30,,96027,39,0,40,0,79,,96028,51,0,40,0,31,,96029,39,0,40,0,71,,96030,39,0,40,0,36,,96031,39,0,40,0,77,,96032,39,0,40,0,25,,96052,42,,,0,66,,96049,52,0,40,0,25,,96033,39,0,40,0,66,,96034,39,0,40,0,30,,96037,51,0,40,0,76,,96035,39,0,40,0,30,,96038,51,0,40,0,79,,96036,39,0,40,0,80,,96055,43,0,40,0,22,,96039,51,0,40,0,8,,96050,24,0,40,0,8,,96040,39,0,40,0,61,,96056,43,,,0,5,,96042,39,0,40,0,24,,96045,23,0,40,0,21,,96053,42,,,0,70,,96043,39,0,40,0,23,,96044,51,0,40,0
400,'4_5',749,,96081,40,0,40,0,58,,96085,9,0,23 51,0,2,,96088,43,0,40,0,6,,96057,39,0,40,0,17,,96058,40,0,40,0,10,,96082,39,0,40,0,14,,96059,39,0,40,0,53,,96060,39,0,40,0,30,,96061,39,0,40,0,79,,96062,51,0,40,0,31,,96063,39,0,40,0,71,,96064,39,0,40,0,36,,96065,39,0,40,0,77,,96066,39,0,40,0,25,,96086,42,,,0,66,,96083,52,0,40,0,25,,96067,39,0,40,0,66,,96068,39,0,40,0,30,,96071,51,0,40,0,76,,96069,39,0,40,0,30,,96072,51,0,40,0,79,,96070,39,0,40,0,80,,96089,43,0,40,0,22,,96073,51,0,40,0,8,,96084,24,0,40,0,8,,96074,39,0,40,0,61,,96090,43,,,0,5,,96076,39,0,40,0,24,,96079,23,0,40,0,21,,96087,42,,,0,70,,96077,39,0,40,0,23,,96078,51,0,40,0
400,'5_7',853,,96091,51,0,40,0,165,,96092,51,0,40,0,125,,96093,51,0,40,0,200,,96094,51,0,40,0,166,,96095,51,0,40,0,125,,96096,51,0,40,0,166,,96097,51,0,40,0,124,,96098,51,0,40,0
2300,'1_3',1226,,98623,20,,,0,3,,98622,20,,,0
2300,'4_1',1621,,98624,20,,,0,104,,98625,20,,,0,96,,98626,20,,,0
2300,'4_2',1621,,98627,20,,,0,104,,98628,20,,,0,96,,98629,20,,,0
2300,'4_4',1621,,98630,20,,,0,104,,98631,20,,,0,96,,98632,20,,,0
2300,'4_5',1621,,98633,20,,,0,104,,98634,20,,,0,96,,98635,20,,,0
2900400,'1_3',1701,,102487,5,,,0,100,,102488,5,,,0
2900400,'4_1',1701,,102489,5,,,0,100,,102490,5,,,0
2900400,'4_2',1701,,102491,5,,,0,100,,102492,5,,,0
2900400,'4_4',1701,,102493,5,,,0,100,,102494,5,,,0
2900400,'4_5',1701,,102495,5,,,0,100,,102496,5,,,0
