300,'S2-0_2',649,,85371,11,,,0,64,,85372,11,,,0,31,,85373,11,,,0,65,,85374,11,,,0,25,,85375,11,,,0,70,,85376,11,,,0,32,,85377,11,,,0,72,,85378,11,,,0,32,,85379,11,,,0,72,,85380,11,,,0,32,,85381,11,,,0,72,,85382,11,,,0,32,,85383,11,,,0,72,,85384,11,,,0,32,,85385,11,,,0,72,,85386,11,,,0,32,,85387,11,,,0,72,,85388,11,,,0,31,,85390,11,,,0,67,,85391,11,,,0,28,,85392,11,,,0,69,,85393,11,,,0,30,,85394,11,,,0,71,,85398,11,,,0,31,,85395,11,,,0,71,,85396,11,,,0,33,,85397,11,,,0,70,,85389,11,,,0
300,'S2-0_4',649,,85399,11,,,0,64,,85400,11,,,0,31,,85401,11,,,0,65,,85402,11,,,0,25,,85403,11,,,0,70,,85404,11,,,0,32,,85405,11,,,0,72,,85406,11,,,0,32,,85407,11,,,0,72,,85408,11,,,0,32,,85409,11,,,0,72,,85410,11,,,0,32,,85411,11,,,0,72,,85412,11,,,0,32,,85413,11,,,0,72,,85414,11,,,0,32,,85415,11,,,0,72,,85416,11,,,0,31,,85418,11,,,0,67,,85419,11,,,0,28,,85420,11,,,0,69,,85421,11,,,0,30,,85422,11,,,0,71,,85426,11,,,0,31,,85423,11,,,0,71,,85424,11,,,0,33,,85425,11,,,0,70,,85417,11,,,0
300,'S2-0_5',649,,85427,11,,,0,64,,85428,11,,,0,31,,85429,11,,,0,65,,85430,11,,,0,25,,85431,11,,,0,70,,85432,11,,,0,32,,85433,11,,,0,72,,85434,11,,,0,32,,85435,11,,,0,72,,85436,11,,,0,32,,85437,11,,,0,72,,85438,11,,,0,32,,85439,11,,,0,72,,85440,11,,,0,32,,85441,11,,,0,72,,85442,11,,,0,32,,85443,11,,,0,72,,85444,11,,,0,31,,85446,11,,,0,67,,85447,11,,,0,28,,85448,11,,,0,69,,85449,11,,,0,30,,85450,11,,,0,71,,85454,11,,,0,31,,85451,11,,,0,71,,85452,11,,,0,33,,85453,11,,,0,70,,85445,11,,,0
300,'S2-1_3',649,,85455,11,,,0,64,,85456,11,,,0,31,,85457,11,,,0,65,,85458,11,,,0,25,,85459,11,,,0,70,,85460,11,,,0,32,,85461,11,,,0,72,,85462,11,,,0,32,,85463,11,,,0,72,,85464,11,,,0,32,,85465,11,,,0,72,,85466,11,,,0,32,,85467,11,,,0,72,,85468,11,,,0,32,,85469,11,,,0,72,,85470,11,,,0,32,,85471,11,,,0,72,,85472,11,,,0,31,,85474,11,,,0,67,,85475,11,,,0,28,,85476,11,,,0,69,,85477,11,,,0,30,,85478,11,,,0,71,,85482,11,,,0,31,,85479,11,,,0,71,,85480,11,,,0,33,,85481,11,,,0,70,,85473,11,,,0
300,'S2-2_6',653,,85483,11,,,0,69,,85485,11,,,0,29,,85486,11,,,0,69,,85484,11,,,0,30,,85488,11,,,0,69,,85489,11,,,0,28,,85487,11,,,0,71,,85490,11,,,0,30,,85491,11,,,0,70,,85494,11,,,0,30,,85493,11,,,0,70,,85492,11,,,0,29,,85496,11,,,0,69,,85495,11,,,0,29,,85497,11,,,0,69,,85498,11,,,0,32,,85499,11,,,0,72,,85500,11,,,0,31,,85501,11,,,0,70,,85502,11,,,0,32,,85503,11,,,0,72,,85504,11,,,0,30,,85505,11,,,0,71,,85510,11,,,0,31,,85506,11,,,0,70,,85507,11,,,0,27,,85508,11,,,0,71,,85509,11,,,0
300,'S2-3_7',854,,85533,11,,,0,72,,85534,11,,,0,75,,85535,11,,,0,34,,85536,11,,,0,72,,85527,11,,,0,34,,85532,11,,,0,73,,85531,11,,,0,33,,85530,11,,,0,72,,85529,11,,,0,32,,85511,11,,,0,68,,85512,11,,,0,28,,85513,11,,,0,68,,85514,11,,,0,28,,85515,11,,,0,68,,85516,11,,,0,30,,85517,11,,,0,68,,85518,11,,,0,27,,85519,11,,,0,68,,85520,11,,,0,29,,85521,11,,,0,67,,85522,11,,,0,26,,85523,11,,,0,26,,85524,11,,,0,65,,85525,11,,,0,24,,85528,11,,,0,66,,85526,11,,,0
300,'S2-4_1',649,,85537,11,,,0,64,,85538,11,,,0,31,,85539,11,,,0,65,,85540,11,,,0,25,,85541,11,,,0,70,,85542,11,,,0,32,,85543,11,,,0,72,,85544,11,,,0,32,,85545,11,,,0,72,,85546,11,,,0,32,,85547,11,,,0,72,,85548,11,,,0,32,,85549,11,,,0,72,,85550,11,,,0,32,,85551,11,,,0,72,,85552,11,,,0,32,,85553,11,,,0,72,,85554,11,,,0,31,,85556,11,,,0,67,,85557,11,,,0,28,,85558,11,,,0,69,,85559,11,,,0,30,,85560,11,,,0,71,,85564,11,,,0,31,,85561,11,,,0,71,,85562,11,,,0,33,,85563,11,,,0,70,,85555,11,,,0
300,'S2-4_2',649,,85565,11,,,0,64,,85566,11,,,0,31,,85567,11,,,0,65,,85568,11,,,0,25,,85569,11,,,0,70,,85570,11,,,0,32,,85571,11,,,0,72,,85572,11,,,0,32,,85573,11,,,0,72,,85574,11,,,0,32,,85575,11,,,0,72,,85576,11,,,0,32,,85577,11,,,0,72,,85578,11,,,0,32,,85579,11,,,0,72,,85580,11,,,0,32,,85581,11,,,0,72,,85582,11,,,0,31,,85584,11,,,0,67,,85585,11,,,0,28,,85586,11,,,0,69,,85587,11,,,0,30,,85588,11,,,0,71,,85592,11,,,0,31,,85589,11,,,0,71,,85590,11,,,0,33,,85591,11,,,0,70,,85583,11,,,0
300,'S2-4_4',649,,85593,11,,,0,64,,85594,11,,,0,31,,85595,11,,,0,65,,85596,11,,,0,25,,85597,11,,,0,70,,85598,11,,,0,32,,85599,11,,,0,72,,85600,11,,,0,32,,85601,11,,,0,72,,85602,11,,,0,32,,85603,11,,,0,72,,85604,11,,,0,32,,85605,11,,,0,72,,85606,11,,,0,32,,85607,11,,,0,72,,85608,11,,,0,32,,85609,11,,,0,72,,85610,11,,,0,31,,85612,11,,,0,67,,85613,11,,,0,28,,85614,11,,,0,69,,85615,11,,,0,30,,85616,11,,,0,71,,85620,11,,,0,31,,85617,11,,,0,71,,85618,11,,,0,33,,85619,11,,,0,70,,85611,11,,,0
900601,'S2-0_2',804,,89744,17,,,0,130,,89745,17,,,0,170,,89746,17,,,0,135,,89747,17,,,0,120,,89748,17,,,0,175,,89749,17,,,0,125,,89750,17,,,0,170,,89751,17,,,0
900601,'S2-0_4',804,,89752,17,,,0,130,,89753,17,,,0,170,,89754,17,,,0,135,,89755,17,,,0,120,,89756,17,,,0,175,,89757,17,,,0,125,,89758,17,,,0,170,,89759,17,,,0
900601,'S2-0_5',804,,89760,17,,,0,130,,89761,17,,,0,170,,89762,17,,,0,135,,89763,17,,,0,120,,89764,17,,,0,175,,89765,17,,,0,125,,89766,17,,,0,170,,89767,17,,,0
900601,'S2-1_3',804,,89768,17,,,0,130,,89769,17,,,0,170,,89770,17,,,0,135,,89771,17,,,0,120,,89772,17,,,0,175,,89773,17,,,0,125,,89774,17,,,0,170,,89775,17,,,0
900601,'S2-2_6',804,,89776,17,,,0,130,,89777,17,,,0,170,,89778,17,,,0,135,,89779,17,,,0,120,,89780,17,,,0,175,,89781,17,,,0,125,,89782,17,,,0,170,,89783,17,,,0
900601,'S2-4_1',804,,89784,17,,,0,130,,89785,17,,,0,170,,89786,17,,,0,135,,89787,17,,,0,120,,89788,17,,,0,175,,89789,17,,,0,125,,89790,17,,,0,170,,89791,17,,,0
900601,'S2-4_2',804,,89792,17,,,0,130,,89793,17,,,0,170,,89794,17,,,0,135,,89795,17,,,0,120,,89796,17,,,0,175,,89797,17,,,0,125,,89798,17,,,0,170,,89799,17,,,0
900601,'S2-4_4',804,,89800,17,,,0,130,,89801,17,,,0,170,,89802,17,,,0,135,,89803,17,,,0,120,,89804,17,,,0,175,,89805,17,,,0,125,,89806,17,,,0,170,,89807,17,,,0
2900300,'S2-0_2',704,,92397,3,,,0,29,,92398,3,,,0,70,,92399,3,,,0
2900300,'S2-0_4',704,,92400,3,,,0,29,,92401,3,,,0,70,,92402,3,,,0
2900300,'S2-0_5',704,,92403,3,,,0,29,,92404,3,,,0,70,,92405,3,,,0
2900300,'S2-1_3',704,,92406,3,,,0,29,,92407,3,,,0,70,,92408,3,,,0
2900300,'S2-4_1',704,,92409,3,,,0,29,,92410,3,,,0,70,,92411,3,,,0
2900300,'S2-4_2',704,,92412,3,,,0,29,,92413,3,,,0,70,,92414,3,,,0
2900300,'S2-4_4',704,,92415,3,,,0,29,,92416,3,,,0,70,,92417,3,,,0
