2601,'S2-0_2',729,,89133,4,,,0,2,,89146,4,,,0,1,,89131,4,,,0,2,,89124,17,,,0,73,,89134,17,,,0,24,,89136,17,,,0,9,,89132,5,,,0,15,,89135,17,,,0,79,,89125,17,,,0,100,,89126,17,,,0,100,,89143,17,,,0,100,,89127,17,,,0,67,,89144,17,,,0,22,,89145,17,,,0,5,,89147,4,,,0,87,,89128,17,,,0,95,,89129,17,,,0,114,,89138,17,,,0,88,,89139,17,,,0,28,,89140,17,,,0,89,,89141,17,,,0,23,,89142,17,,,0,93,,89137,17,,,0
2601,'S2-0_4',729,,89157,4,,,0,2,,89170,4,,,0,1,,89155,4,,,0,2,,89148,17,,,0,73,,89158,17,,,0,24,,89160,17,,,0,9,,89156,5,,,0,15,,89159,17,,,0,79,,89149,17,,,0,100,,89150,17,,,0,100,,89167,17,,,0,100,,89151,17,,,0,67,,89168,17,,,0,22,,89169,17,,,0,5,,89171,4,,,0,87,,89152,17,,,0,95,,89153,17,,,0,114,,89162,17,,,0,88,,89163,17,,,0,28,,89164,17,,,0,89,,89165,17,,,0,23,,89166,17,,,0,93,,89161,17,,,0
2601,'S2-0_5',729,,89181,4,,,0,2,,89194,4,,,0,1,,89179,4,,,0,2,,89172,17,,,0,73,,89182,17,,,0,24,,89184,17,,,0,9,,89180,5,,,0,15,,89183,17,,,0,79,,89173,17,,,0,100,,89174,17,,,0,100,,89191,17,,,0,100,,89175,17,,,0,67,,89192,17,,,0,22,,89193,17,,,0,5,,89195,4,,,0,87,,89176,17,,,0,95,,89177,17,,,0,114,,89186,17,,,0,88,,89187,17,,,0,28,,89188,17,,,0,89,,89189,17,,,0,23,,89190,17,,,0,93,,89185,17,,,0
2601,'S2-1_3',729,,89204,4,,,0,2,,89217,4,,,0,1,,89202,4,,,0,2,,89196,17,,,0,73,,89205,17,,,0,24,,89207,17,,,0,9,,89203,5,,,0,15,,89206,17,,,0,79,,89197,17,,,0,100,,89198,17,,,0,100,,89214,17,,,0,100,,89199,17,,,0,67,,89215,17,,,0,22,,89216,17,,,0,92,,89200,17,,,0,95,,89201,17,,,0,114,,89209,17,,,0,88,,89210,17,,,0,28,,89211,17,,,0,89,,89212,17,,,0,23,,89213,17,,,0,93,,89208,17,,,0
2601,'S2-2_6',735,,89218,17,,,0,86,,89221,17,,,0,85,,89222,17,,,0,47,,89223,17,,,0,90,,89224,17,,,0,84,,89225,17,,,0,83,,89226,17,,,0,45,,89227,17,,,0,82,,89228,17,,,0,85,,89229,17,,,0,86,,89230,17,,,0,50,,89231,17,,,0,86,,89232,17,,,0,81,,89233,17,,,0,86,,89234,17,,,0,43,,89220,17,,,0,81,,89219,17,,,0
2601,'S2-4_1',729,,89244,4,,,0,2,,89257,4,,,0,1,,89242,4,,,0,2,,89235,17,,,0,73,,89245,17,,,0,24,,89247,17,,,0,9,,89243,5,,,0,15,,89246,17,,,0,79,,89236,17,,,0,100,,89237,17,,,0,100,,89254,17,,,0,100,,89238,17,,,0,67,,89255,17,,,0,22,,89256,17,,,0,5,,89258,4,,,0,87,,89239,17,,,0,95,,89240,17,,,0,114,,89249,17,,,0,88,,89250,17,,,0,28,,89251,17,,,0,89,,89252,17,,,0,23,,89253,17,,,0,93,,89248,17,,,0
2601,'S2-4_2',729,,89268,4,,,0,2,,89281,4,,,0,1,,89266,4,,,0,2,,89259,17,,,0,73,,89269,17,,,0,24,,89271,17,,,0,9,,89267,5,,,0,15,,89270,17,,,0,79,,89260,17,,,0,100,,89261,17,,,0,100,,89278,17,,,0,100,,89262,17,,,0,67,,89279,17,,,0,22,,89280,17,,,0,5,,89282,4,,,0,87,,89263,17,,,0,95,,89264,17,,,0,114,,89273,17,,,0,88,,89274,17,,,0,28,,89275,17,,,0,89,,89276,17,,,0,23,,89277,17,,,0,93,,89272,17,,,0
2601,'S2-4_4',729,,89292,4,,,0,2,,89305,4,,,0,1,,89290,4,,,0,2,,89283,17,,,0,73,,89293,17,,,0,24,,89295,17,,,0,9,,89291,5,,,0,15,,89294,17,,,0,79,,89284,17,,,0,100,,89285,17,,,0,100,,89302,17,,,0,100,,89286,17,,,0,67,,89303,17,,,0,22,,89304,17,,,0,5,,89306,4,,,0,87,,89287,17,,,0,95,,89288,17,,,0,114,,89297,17,,,0,88,,89298,17,,,0,28,,89299,17,,,0,89,,89300,17,,,0,23,,89301,17,,,0,93,,89296,17,,,0
4000000,'S2-0_2',629,,93406,3,0,45,0,18,,93362,3,0,46,0,65,,93384,3,0,45,0,22,,93363,3,0,46,0,18,,93385,3,0,45,0,59,,93364,3,0,46,0,21,,93386,3,0,45,0,21,,93365,3,0,46,0,59,,93387,3,0,45,0,19,,93366,3,0,46,0,20,,93388,3,0,45,0,60,,93367,3,0,46,0,20,,93389,3,0,45,0,20,,93368,3,0,46,0,60,,93390,3,0,45,0,20,,93369,3,0,46,0,20,,93391,3,0,45,0,60,,93370,3,0,46,0,20,,93392,3,0,45,0,19,,93371,3,0,46,0,59,,93393,3,0,45,0,22,,93372,3,0,46,0,20,,93394,3,0,45,0,60,,93373,3,0,46,0,20,,93395,3,0,45,0,20,,93374,3,0,46,0,60,,93396,3,0,45,0,19,,93375,3,0,46,0,20,,93397,3,0,45,0,62,,93376,3,0,46,0,20,,93398,3,0,45,0,22,,93377,3,0,46,0,61,,93399,3,0,45,0,22,,93378,3,0,46,0,17,,93400,3,0,45,0,60,,93379,3,0,46,0,18,,93401,3,0,45,0,17,,93380,3,0,46,0,60,,93402,3,0,45,0,20,,93381,3,0,46,0,20,,93403,3,0,45,0,60,,93382,3,0,46,0,20,,93383,3,4,,0,20,,93404,3,4,,0,70,,93405,3,4,,0
4000000,'S2-0_4',629,,93451,3,0,45,0,18,,93407,3,0,46,0,65,,93429,3,0,45,0,22,,93408,3,0,46,0,18,,93430,3,0,45,0,59,,93409,3,0,46,0,21,,93431,3,0,45,0,21,,93410,3,0,46,0,59,,93432,3,0,45,0,19,,93411,3,0,46,0,20,,93433,3,0,45,0,60,,93412,3,0,46,0,20,,93434,3,0,45,0,20,,93413,3,0,46,0,60,,93435,3,0,45,0,20,,93414,3,0,46,0,20,,93436,3,0,45,0,60,,93415,3,0,46,0,20,,93437,3,0,45,0,19,,93416,3,0,46,0,59,,93438,3,0,45,0,22,,93417,3,0,46,0,20,,93439,3,0,45,0,60,,93418,3,0,46,0,20,,93440,3,0,45,0,20,,93419,3,0,46,0,60,,93441,3,0,45,0,19,,93420,3,0,46,0,20,,93442,3,0,45,0,62,,93421,3,0,46,0,20,,93443,3,0,45,0,22,,93422,3,0,46,0,61,,93444,3,0,45,0,22,,93423,3,0,46,0,17,,93445,3,0,45,0,60,,93424,3,0,46,0,18,,93446,3,0,45,0,17,,93425,3,0,46,0,60,,93447,3,0,45,0,20,,93426,3,0,46,0,20,,93448,3,0,45,0,60,,93427,3,0,46,0,20,,93428,3,4,,0,20,,93449,3,4,,0,70,,93450,3,4,,0
4000000,'S2-0_5',629,,93496,3,0,45,0,18,,93452,3,0,46,0,65,,93474,3,0,45,0,22,,93453,3,0,46,0,18,,93475,3,0,45,0,59,,93454,3,0,46,0,21,,93476,3,0,45,0,21,,93455,3,0,46,0,59,,93477,3,0,45,0,19,,93456,3,0,46,0,20,,93478,3,0,45,0,60,,93457,3,0,46,0,20,,93479,3,0,45,0,20,,93458,3,0,46,0,60,,93480,3,0,45,0,20,,93459,3,0,46,0,20,,93481,3,0,45,0,60,,93460,3,0,46,0,20,,93482,3,0,45,0,19,,93461,3,0,46,0,59,,93483,3,0,45,0,22,,93462,3,0,46,0,20,,93484,3,0,45,0,60,,93463,3,0,46,0,20,,93485,3,0,45,0,20,,93464,3,0,46,0,60,,93486,3,0,45,0,19,,93465,3,0,46,0,20,,93487,3,0,45,0,62,,93466,3,0,46,0,20,,93488,3,0,45,0,22,,93467,3,0,46,0,61,,93489,3,0,45,0,22,,93468,3,0,46,0,17,,93490,3,0,45,0,60,,93469,3,0,46,0,18,,93491,3,0,45,0,17,,93470,3,0,46,0,60,,93492,3,0,45,0,20,,93471,3,0,46,0,20,,93493,3,0,45,0,60,,93472,3,0,46,0,20,,93473,3,4,,0,20,,93494,3,4,,0,70,,93495,3,4,,0
4000000,'S2-1_3',629,,93541,3,0,45,0,18,,93497,3,0,46,0,65,,93519,3,0,45,0,22,,93498,3,0,46,0,18,,93520,3,0,45,0,59,,93499,3,0,46,0,21,,93521,3,0,45,0,21,,93500,3,0,46,0,59,,93522,3,0,45,0,19,,93501,3,0,46,0,20,,93523,3,0,45,0,60,,93502,3,0,46,0,20,,93524,3,0,45,0,20,,93503,3,0,46,0,60,,93525,3,0,45,0,20,,93504,3,0,46,0,20,,93526,3,0,45,0,60,,93505,3,0,46,0,20,,93527,3,0,45,0,19,,93506,3,0,46,0,59,,93528,3,0,45,0,22,,93507,3,0,46,0,20,,93529,3,0,45,0,60,,93508,3,0,46,0,20,,93530,3,0,45,0,20,,93509,3,0,46,0,60,,93531,3,0,45,0,19,,93510,3,0,46,0,20,,93532,3,0,45,0,62,,93511,3,0,46,0,20,,93533,3,0,45,0,22,,93512,3,0,46,0,61,,93534,3,0,45,0,22,,93513,3,0,46,0,17,,93535,3,0,45,0,60,,93514,3,0,46,0,18,,93536,3,0,45,0,17,,93515,3,0,46,0,60,,93537,3,0,45,0,20,,93516,3,0,46,0,20,,93538,3,0,45,0,60,,93517,3,0,46,0,20,,93518,3,4,,0,20,,93539,3,4,,0,70,,93540,3,4,,0
4000000,'S2-2_6',629,,93586,3,0,46,0,18,,93542,3,0,45,0,62,,93564,3,0,46,0,20,,93543,3,0,45,0,20,,93565,3,0,46,0,61,,93544,3,0,45,0,20,,93566,3,0,46,0,20,,93545,3,0,45,0,60,,93567,3,0,46,0,21,,93546,3,0,45,0,20,,93568,3,0,46,0,61,,93547,3,0,45,0,21,,93569,3,0,46,0,21,,93548,3,0,45,0,61,,93570,3,0,46,0,21,,93549,3,0,45,0,22,,93571,3,0,46,0,60,,93550,3,0,45,0,21,,93572,3,0,45,0,61,,93551,3,0,46,0,21,,93573,3,0,45,0,18,,93552,3,0,46,0,18,,93574,3,0,45,0,58,,93553,3,0,46,0,18,,93575,3,0,45,0,19,,93554,3,0,46,0,60,,93576,3,0,45,0,20,,93555,3,0,46,0,20,,93577,3,0,45,0,60,,93556,3,0,46,0,20,,93578,3,0,45,0,20,,93557,3,0,46,0,60,,93579,3,0,45,0,20,,93558,3,0,46,0,20,,93580,3,0,45,0,60,,93559,3,0,46,0,20,,93581,3,0,45,0,19,,93560,3,0,46,0,60,,93582,3,0,45,0,19,,93561,3,0,46,0,20,,93583,3,0,45,0,60,,93562,3,0,46,0,20,,93584,3,4,,0,20,,93563,3,4,,0,70,,93585,3,4,,0
4000000,'S2-3_7',817,,93587,3,0,46,0,110,,93592,3,0,45,0,110,,93588,3,0,46,0,110,,93593,3,0,45,0,110,,93589,3,0,46,0,150,,93594,3,0,45,0,110,,93590,3,0,46,0,110,,93595,3,0,45,0,110,,93591,3,0,46,0,110,,93596,3,0,45,0,109,,93597,3,4,,0
4000000,'S2-4_1',629,,93642,3,0,45,0,18,,93598,3,0,46,0,65,,93620,3,0,45,0,22,,93599,3,0,46,0,18,,93621,3,0,45,0,59,,93600,3,0,46,0,21,,93622,3,0,45,0,21,,93601,3,0,46,0,59,,93623,3,0,45,0,19,,93602,3,0,46,0,20,,93624,3,0,45,0,60,,93603,3,0,46,0,20,,93625,3,0,45,0,20,,93604,3,0,46,0,60,,93626,3,0,45,0,20,,93605,3,0,46,0,20,,93627,3,0,45,0,60,,93606,3,0,46,0,20,,93628,3,0,45,0,19,,93607,3,0,46,0,59,,93629,3,0,45,0,22,,93608,3,0,46,0,20,,93630,3,0,45,0,60,,93609,3,0,46,0,20,,93631,3,0,45,0,20,,93610,3,0,46,0,60,,93632,3,0,45,0,19,,93611,3,0,46,0,20,,93633,3,0,45,0,62,,93612,3,0,46,0,20,,93634,3,0,45,0,22,,93613,3,0,46,0,61,,93635,3,0,45,0,22,,93614,3,0,46,0,17,,93636,3,0,45,0,60,,93615,3,0,46,0,18,,93637,3,0,45,0,17,,93616,3,0,46,0,60,,93638,3,0,45,0,20,,93617,3,0,46,0,20,,93639,3,0,45,0,60,,93618,3,0,46,0,20,,93619,3,4,,0,20,,93640,3,4,,0,70,,93641,3,4,,0
4000000,'S2-4_2',629,,93687,3,0,45,0,18,,93643,3,0,46,0,65,,93665,3,0,45,0,22,,93644,3,0,46,0,18,,93666,3,0,45,0,59,,93645,3,0,46,0,21,,93667,3,0,45,0,21,,93646,3,0,46,0,59,,93668,3,0,45,0,19,,93647,3,0,46,0,20,,93669,3,0,45,0,60,,93648,3,0,46,0,20,,93670,3,0,45,0,20,,93649,3,0,46,0,60,,93671,3,0,45,0,20,,93650,3,0,46,0,20,,93672,3,0,45,0,60,,93651,3,0,46,0,20,,93673,3,0,45,0,19,,93652,3,0,46,0,59,,93674,3,0,45,0,22,,93653,3,0,46,0,20,,93675,3,0,45,0,60,,93654,3,0,46,0,20,,93676,3,0,45,0,20,,93655,3,0,46,0,60,,93677,3,0,45,0,19,,93656,3,0,46,0,20,,93678,3,0,45,0,62,,93657,3,0,46,0,20,,93679,3,0,45,0,22,,93658,3,0,46,0,61,,93680,3,0,45,0,22,,93659,3,0,46,0,17,,93681,3,0,45,0,60,,93660,3,0,46,0,18,,93682,3,0,45,0,17,,93661,3,0,46,0,60,,93683,3,0,45,0,20,,93662,3,0,46,0,20,,93684,3,0,45,0,60,,93663,3,0,46,0,20,,93664,3,4,,0,20,,93685,3,4,,0,70,,93686,3,4,,0
4000000,'S2-4_4',629,,93732,3,0,45,0,18,,93688,3,0,46,0,65,,93710,3,0,45,0,22,,93689,3,0,46,0,18,,93711,3,0,45,0,59,,93690,3,0,46,0,21,,93712,3,0,45,0,21,,93691,3,0,46,0,59,,93713,3,0,45,0,19,,93692,3,0,46,0,20,,93714,3,0,45,0,60,,93693,3,0,46,0,20,,93715,3,0,45,0,20,,93694,3,0,46,0,60,,93716,3,0,45,0,20,,93695,3,0,46,0,20,,93717,3,0,45,0,60,,93696,3,0,46,0,20,,93718,3,0,45,0,19,,93697,3,0,46,0,59,,93719,3,0,45,0,22,,93698,3,0,46,0,20,,93720,3,0,45,0,60,,93699,3,0,46,0,20,,93721,3,0,45,0,20,,93700,3,0,46,0,60,,93722,3,0,45,0,19,,93701,3,0,46,0,20,,93723,3,0,45,0,62,,93702,3,0,46,0,20,,93724,3,0,45,0,22,,93703,3,0,46,0,61,,93725,3,0,45,0,22,,93704,3,0,46,0,17,,93726,3,0,45,0,60,,93705,3,0,46,0,18,,93727,3,0,45,0,17,,93706,3,0,46,0,60,,93728,3,0,45,0,20,,93707,3,0,46,0,20,,93729,3,0,45,0,60,,93708,3,0,46,0,20,,93709,3,4,,0,20,,93730,3,4,,0,70,,93731,3,4,,0
