1700,'1_3',615,,98120,1,,,0,102,,98122,1,,,0,83,,98123,1,0,23 24,0,40,,98124,1,,,0,507,,98125,1,,,0,498,,98121,1,,,0
1700,'4_1',615,,98126,1,,,0,102,,98128,1,,,0,83,,98129,1,0,23 24,0,40,,98130,1,,,0,1005,,98127,1,,,0
1700,'4_2',615,,98131,1,,,0,102,,98133,1,,,0,83,,98134,1,0,23 24,0,40,,98135,1,,,0,1005,,98132,1,,,0
1700,'4_4',615,,98136,1,,,0,102,,98138,1,,,0,83,,98139,1,0,23 24,0,40,,98140,1,,,0,1005,,98137,1,,,0
1700,'4_5',615,,98141,1,,,0,102,,98143,1,,,0,83,,98144,1,0,23 24,0,40,,98145,1,,,0,1005,,98142,1,,,0
1701,'1_3',713,,98158,5,4,,0,45,,98163,3,4,,0,442,,98161,5,4,,0,145,,98162,5,4,,0,494,,98159,5,4,,0,95,,98160,5,4,,0
1701,'4_1',713,,98164,5,4,,0,45,,98169,3,4,,0,872,,98167,5,4,,0,105,,98168,5,4,,0,104,,98165,5,4,,0,95,,98166,5,4,,0
1701,'4_2',713,,98170,5,4,,0,45,,98175,3,4,,0,872,,98173,5,4,,0,105,,98174,5,4,,0,104,,98171,5,4,,0,95,,98172,5,4,,0
1701,'4_4',713,,98176,5,4,,0,45,,98181,3,4,,0,872,,98179,5,4,,0,105,,98180,5,4,,0,104,,98177,5,4,,0,95,,98178,5,4,,0
1701,'4_5',713,,98182,5,4,,0,45,,98187,3,4,,0,872,,98185,5,4,,0,105,,98186,5,4,,0,104,,98183,5,4,,0,95,,98184,5,4,,0
