2601,'0_6',734,,68098,15,,,0,86,,68101,15,,,0,85,,68102,15,,,0,46,,68103,15,,,0,90,,68104,15,,,0,84,,68105,15,,,0,83,,68106,15,,,0,45,,68107,15,,,0,82,,68108,15,,,0,85,,68109,15,,,0,86,,68110,15,,,0,50,,68111,15,,,0,86,,68112,15,,,0,81,,68113,15,,,0,86,,68114,15,,,0,43,,68100,15,,,0,82,,68099,15,,,0
2601,'7_1',734,,81082,15,,,0,86,,81083,15,,,0,85,,81084,15,,,0,46,,81085,15,,,0,90,,81086,15,,,0,84,,81087,15,,,0,83,,81088,15,,,0,45,,81089,15,,,0,82,,81090,15,,,0,85,,81091,15,,,0,86,,81092,15,,,0,50,,81093,15,,,0,86,,81094,15,,,0,81,,81095,15,,,0,86,,81096,15,,,0,43,,81097,15,,,0,82,,81098,15,,,0
2601,'7_2',734,,83002,15,,,0,86,,83003,15,,,0,85,,83004,15,,,0,46,,83005,15,,,0,90,,83006,15,,,0,84,,83007,15,,,0,83,,83008,15,,,0,45,,83009,15,,,0,82,,83010,15,,,0,85,,83011,15,,,0,86,,83012,15,,,0,50,,83013,15,,,0,86,,83014,15,,,0,81,,83015,15,,,0,86,,83016,15,,,0,43,,83017,15,,,0,82,,83018,15,,,0
2601,'7_3',734,,83019,15,,,0,86,,83020,15,,,0,85,,83021,15,,,0,46,,83022,15,,,0,90,,83023,15,,,0,84,,83024,15,,,0,83,,83025,15,,,0,45,,83026,15,,,0,82,,83027,15,,,0,85,,83028,15,,,0,86,,83029,15,,,0,50,,83030,15,,,0,86,,83031,15,,,0,81,,83032,15,,,0,86,,83033,15,,,0,43,,83034,15,,,0,82,,83035,15,,,0
2601,'7_4',734,,79609,15,,,0,86,,79610,15,,,0,85,,79611,15,,,0,46,,79612,15,,,0,90,,79613,15,,,0,84,,79614,15,,,0,83,,79615,15,,,0,45,,79616,15,,,0,82,,79617,15,,,0,85,,79618,15,,,0,86,,79619,15,,,0,50,,79620,15,,,0,86,,79621,15,,,0,81,,79622,15,,,0,86,,79623,15,,,0,43,,79624,15,,,0,82,,79625,15,,,0
2601,'7_5',734,,81099,15,,,0,86,,81100,15,,,0,85,,81101,15,,,0,46,,81102,15,,,0,90,,81103,15,,,0,84,,81104,15,,,0,83,,81105,15,,,0,45,,81106,15,,,0,82,,81107,15,,,0,85,,81108,15,,,0,86,,81109,15,,,0,50,,81110,15,,,0,86,,81111,15,,,0,81,,81112,15,,,0,86,,81113,15,,,0,43,,81114,15,,,0,82,,81115,15,,,0
4000000,'0_6',627,,72135,1,0,46,0,18,,72091,1,0,45,0,62,,72113,1,0,46,0,20,,72092,1,0,45,0,20,,72114,1,0,46,0,60,,72093,1,0,45,0,20,,72115,1,0,46,0,20,,72094,1,0,45,0,60,,72116,1,0,46,0,21,,72095,1,0,45,0,20,,72117,1,0,46,0,61,,72096,1,0,45,0,21,,72118,1,0,46,0,21,,72097,1,0,45,0,61,,72119,1,0,46,0,21,,72098,1,0,45,0,22,,72120,1,0,46,0,60,,72099,1,0,45,0,21,,72121,1,0,45,0,21,,72100,1,0,46,0,61,,72122,1,0,45,0,18,,72101,1,0,46,0,18,,72123,1,0,45,0,58,,72102,1,0,46,0,18,,72124,1,0,45,0,19,,72103,1,0,46,0,60,,72125,1,0,45,0,20,,72104,1,0,46,0,20,,72126,1,0,45,0,60,,72105,1,0,46,0,20,,72127,1,0,45,0,20,,72106,1,0,46,0,60,,72128,1,0,45,0,20,,72107,1,0,46,0,20,,72129,1,0,45,0,60,,72108,1,0,46,0,20,,72130,1,0,45,0,20,,72109,1,0,46,0,60,,72131,1,0,45,0,19,,72110,1,0,46,0,20,,72132,1,0,45,0,60,,72111,1,0,46,0,19,,72133,1,0,58 59 60,0,20,,72112,1,0,58 59 60,0,70,,72134,1,0,58 59 60,0
4000000,'1_7',815,,72136,1,0,46,0,110,,72141,1,0,45,0,110,,72137,1,0,46,0,110,,72142,1,0,45,0,110,,72138,1,0,46,0,150,,72143,1,0,45,0,110,,72139,1,0,46,0,110,,72144,1,0,45,0,110,,72140,1,0,46,0,110,,72145,1,0,45,0,109,,72146,1,0,58 59 60,0
4000000,'7_1',627,,81876,1,0,46,0,18,,81832,1,0,45,0,62,,81854,1,0,46,0,20,,81833,1,0,45,0,20,,81855,1,0,46,0,60,,81834,1,0,45,0,20,,81856,1,0,46,0,20,,81835,1,0,45,0,60,,81857,1,0,46,0,21,,81836,1,0,45,0,20,,81858,1,0,46,0,61,,81837,1,0,45,0,21,,81859,1,0,46,0,21,,81838,1,0,45,0,61,,81860,1,0,46,0,21,,81839,1,0,45,0,22,,81861,1,0,46,0,60,,81840,1,0,45,0,21,,81862,1,0,45,0,21,,81841,1,0,46,0,61,,81863,1,0,45,0,18,,81842,1,0,46,0,18,,81864,1,0,45,0,58,,81843,1,0,46,0,18,,81865,1,0,45,0,19,,81844,1,0,46,0,60,,81866,1,0,45,0,20,,81845,1,0,46,0,20,,81867,1,0,45,0,60,,81846,1,0,46,0,20,,81868,1,0,45,0,20,,81847,1,0,46,0,60,,81869,1,0,45,0,20,,81848,1,0,46,0,20,,81870,1,0,45,0,60,,81849,1,0,46,0,20,,81871,1,0,45,0,20,,81850,1,0,46,0,60,,81872,1,0,45,0,19,,81851,1,0,46,0,20,,81873,1,0,45,0,60,,81852,1,0,46,0,19,,81874,1,0,58 59 60,0,20,,81853,1,0,58 59 60,0,70,,81875,1,0,58 59 60,0
4000000,'7_2',627,,83796,1,0,46,0,18,,83752,1,0,45,0,62,,83774,1,0,46,0,20,,83753,1,0,45,0,20,,83775,1,0,46,0,60,,83754,1,0,45,0,20,,83776,1,0,46,0,20,,83755,1,0,45,0,60,,83777,1,0,46,0,21,,83756,1,0,45,0,20,,83778,1,0,46,0,61,,83757,1,0,45,0,21,,83779,1,0,46,0,21,,83758,1,0,45,0,61,,83780,1,0,46,0,21,,83759,1,0,45,0,22,,83781,1,0,46,0,60,,83760,1,0,45,0,21,,83782,1,0,45,0,21,,83761,1,0,46,0,61,,83783,1,0,45,0,18,,83762,1,0,46,0,18,,83784,1,0,45,0,58,,83763,1,0,46,0,18,,83785,1,0,45,0,19,,83764,1,0,46,0,60,,83786,1,0,45,0,20,,83765,1,0,46,0,20,,83787,1,0,45,0,60,,83766,1,0,46,0,20,,83788,1,0,45,0,20,,83767,1,0,46,0,60,,83789,1,0,45,0,20,,83768,1,0,46,0,20,,83790,1,0,45,0,60,,83769,1,0,46,0,20,,83791,1,0,45,0,20,,83770,1,0,46,0,60,,83792,1,0,45,0,19,,83771,1,0,46,0,20,,83793,1,0,45,0,60,,83772,1,0,46,0,19,,83794,1,0,58 59 60,0,20,,83773,1,0,58 59 60,0,70,,83795,1,0,58 59 60,0
4000000,'7_3',627,,83841,1,0,46,0,18,,83797,1,0,45,0,62,,83819,1,0,46,0,20,,83798,1,0,45,0,20,,83820,1,0,46,0,60,,83799,1,0,45,0,20,,83821,1,0,46,0,20,,83800,1,0,45,0,60,,83822,1,0,46,0,21,,83801,1,0,45,0,20,,83823,1,0,46,0,61,,83802,1,0,45,0,21,,83824,1,0,46,0,21,,83803,1,0,45,0,61,,83825,1,0,46,0,21,,83804,1,0,45,0,22,,83826,1,0,46,0,60,,83805,1,0,45,0,21,,83827,1,0,45,0,21,,83806,1,0,46,0,61,,83828,1,0,45,0,18,,83807,1,0,46,0,18,,83829,1,0,45,0,58,,83808,1,0,46,0,18,,83830,1,0,45,0,19,,83809,1,0,46,0,60,,83831,1,0,45,0,20,,83810,1,0,46,0,20,,83832,1,0,45,0,60,,83811,1,0,46,0,20,,83833,1,0,45,0,20,,83812,1,0,46,0,60,,83834,1,0,45,0,20,,83813,1,0,46,0,20,,83835,1,0,45,0,60,,83814,1,0,46,0,20,,83836,1,0,45,0,20,,83815,1,0,46,0,60,,83837,1,0,45,0,19,,83816,1,0,46,0,20,,83838,1,0,45,0,60,,83817,1,0,46,0,19,,83839,1,0,58 59 60,0,20,,83818,1,0,58 59 60,0,70,,83840,1,0,58 59 60,0
4000000,'7_4',627,,80028,1,0,46,0,18,,79984,1,0,45,0,62,,80006,1,0,46,0,20,,79985,1,0,45,0,20,,80007,1,0,46,0,60,,79986,1,0,45,0,20,,80008,1,0,46,0,20,,79987,1,0,45,0,60,,80009,1,0,46,0,21,,79988,1,0,45,0,20,,80010,1,0,46,0,61,,79989,1,0,45,0,21,,80011,1,0,46,0,21,,79990,1,0,45,0,61,,80012,1,0,46,0,21,,79991,1,0,45,0,22,,80013,1,0,46,0,60,,79992,1,0,45,0,21,,80014,1,0,45,0,21,,79993,1,0,46,0,61,,80015,1,0,45,0,18,,79994,1,0,46,0,18,,80016,1,0,45,0,58,,79995,1,0,46,0,18,,80017,1,0,45,0,19,,79996,1,0,46,0,60,,80018,1,0,45,0,20,,79997,1,0,46,0,20,,80019,1,0,45,0,60,,79998,1,0,46,0,20,,80020,1,0,45,0,20,,79999,1,0,46,0,60,,80021,1,0,45,0,20,,80000,1,0,46,0,20,,80022,1,0,45,0,60,,80001,1,0,46,0,20,,80023,1,0,45,0,20,,80002,1,0,46,0,60,,80024,1,0,45,0,19,,80003,1,0,46,0,20,,80025,1,0,45,0,60,,80004,1,0,46,0,19,,80026,1,0,58 59 60,0,20,,80005,1,0,58 59 60,0,70,,80027,1,0,58 59 60,0
4000000,'7_5',627,,81921,1,0,46,0,18,,81877,1,0,45,0,62,,81899,1,0,46,0,20,,81878,1,0,45,0,20,,81900,1,0,46,0,60,,81879,1,0,45,0,20,,81901,1,0,46,0,20,,81880,1,0,45,0,60,,81902,1,0,46,0,21,,81881,1,0,45,0,20,,81903,1,0,46,0,61,,81882,1,0,45,0,21,,81904,1,0,46,0,21,,81883,1,0,45,0,61,,81905,1,0,46,0,21,,81884,1,0,45,0,22,,81906,1,0,46,0,60,,81885,1,0,45,0,21,,81907,1,0,45,0,21,,81886,1,0,46,0,61,,81908,1,0,45,0,18,,81887,1,0,46,0,18,,81909,1,0,45,0,58,,81888,1,0,46,0,18,,81910,1,0,45,0,19,,81889,1,0,46,0,60,,81911,1,0,45,0,20,,81890,1,0,46,0,20,,81912,1,0,45,0,60,,81891,1,0,46,0,20,,81913,1,0,45,0,20,,81892,1,0,46,0,60,,81914,1,0,45,0,20,,81893,1,0,46,0,20,,81915,1,0,45,0,60,,81894,1,0,46,0,20,,81916,1,0,45,0,20,,81895,1,0,46,0,60,,81917,1,0,45,0,19,,81896,1,0,46,0,20,,81918,1,0,45,0,60,,81897,1,0,46,0,19,,81919,1,0,58 59 60,0,20,,81898,1,0,58 59 60,0,70,,81920,1,0,58 59 60,0
4000000,'8_7',815,,84174,1,0,46,0,110,,84179,1,0,45,0,110,,84175,1,0,46,0,110,,84180,1,0,45,0,110,,84176,1,0,46,0,150,,84181,1,0,45,0,110,,84177,1,0,46,0,110,,84182,1,0,45,0,110,,84178,1,0,46,0,110,,84183,1,0,45,0,109,,84184,1,0,58 59 60,0
4000001,'0_6',706,,72563,21,4,,0,20,,72584,19,4,,0,20,,72564,21,4,,0,60,,72585,19,4,,0,20,,72565,21,4,,0,20,,72586,19,4,,0,60,,72566,21,4,,0,21,,72587,19,4,,0,20,,72567,21,4,,0,61,,72588,19,4,,0,21,,72568,21,4,,0,21,,72589,19,4,,0,61,,72569,21,4,,0,21,,72590,19,4,,0,22,,72570,21,4,,0,60,,72591,19,4,,0,21,,72571,21,4,,0,21,,72592,19,4,,0,61,,72572,21,4,,0,18,,72593,19,4,,0,18,,72573,21,4,,0,58,,72594,19,4,,0,18,,72574,21,4,,0,19,,72595,19,4,,0,60,,72575,21,4,,0,20,,72596,19,4,,0,20,,72576,21,4,,0,60,,72597,19,4,,0,20,,72577,21,4,,0,20,,72598,19,4,,0,60,,72578,21,4,,0,20,,72599,19,4,,0,20,,72579,21,4,,0,60,,72600,19,4,,0,20,,72580,21,4,,0,20,,72601,19,4,,0,60,,72581,21,4,,0,19,,72602,19,4,,0,20,,72582,19,4,,0,60,,72603,21,4,,0,20,,72605,19,4,,0,20,,72583,21,4,,0,70,,72604,19,4,,0
4000001,'1_7',924,,72607,21,4,,0,110,,72612,19,4,,0,110,,72608,21,4,,0,110,,72613,19,4,,0,150,,72609,21,4,,0,110,,72614,19,4,,0,110,,72610,21,4,,0,110,,72615,19,4,,0,110,,72611,21,4,,0,110,,72606,19,4,,0
4000001,'7_1',706,,81922,21,4,,0,20,,81943,19,4,,0,20,,81923,21,4,,0,60,,81944,19,4,,0,20,,81924,21,4,,0,20,,81945,19,4,,0,60,,81925,21,4,,0,21,,81946,19,4,,0,20,,81926,21,4,,0,61,,81947,19,4,,0,21,,81927,21,4,,0,21,,81948,19,4,,0,61,,81928,21,4,,0,21,,81949,19,4,,0,22,,81929,21,4,,0,60,,81950,19,4,,0,21,,81930,21,4,,0,21,,81951,19,4,,0,61,,81931,21,4,,0,18,,81952,19,4,,0,18,,81932,21,4,,0,58,,81953,19,4,,0,18,,81933,21,4,,0,19,,81954,19,4,,0,60,,81934,21,4,,0,20,,81955,19,4,,0,20,,81935,21,4,,0,60,,81956,19,4,,0,20,,81936,21,4,,0,20,,81957,19,4,,0,60,,81937,21,4,,0,20,,81958,19,4,,0,20,,81938,21,4,,0,60,,81959,19,4,,0,20,,81939,21,4,,0,20,,81960,19,4,,0,60,,81940,21,4,,0,19,,81961,19,4,,0,20,,81941,19,4,,0,60,,81962,21,4,,0,20,,81963,19,4,,0,20,,81942,21,4,,0,70,,81964,19,4,,0
4000001,'7_2',706,,83842,21,4,,0,20,,83863,19,4,,0,20,,83843,21,4,,0,60,,83864,19,4,,0,20,,83844,21,4,,0,20,,83865,19,4,,0,60,,83845,21,4,,0,21,,83866,19,4,,0,20,,83846,21,4,,0,61,,83867,19,4,,0,21,,83847,21,4,,0,21,,83868,19,4,,0,61,,83848,21,4,,0,21,,83869,19,4,,0,22,,83849,21,4,,0,60,,83870,19,4,,0,21,,83850,21,4,,0,21,,83871,19,4,,0,61,,83851,21,4,,0,18,,83872,19,4,,0,18,,83852,21,4,,0,58,,83873,19,4,,0,18,,83853,21,4,,0,19,,83874,19,4,,0,60,,83854,21,4,,0,20,,83875,19,4,,0,20,,83855,21,4,,0,60,,83876,19,4,,0,20,,83856,21,4,,0,20,,83877,19,4,,0,60,,83857,21,4,,0,20,,83878,19,4,,0,20,,83858,21,4,,0,60,,83879,19,4,,0,20,,83859,21,4,,0,20,,83880,19,4,,0,60,,83860,21,4,,0,19,,83881,19,4,,0,20,,83861,19,4,,0,60,,83882,21,4,,0,20,,83883,19,4,,0,20,,83862,21,4,,0,70,,83884,19,4,,0
4000001,'7_3',706,,83885,21,4,,0,20,,83906,19,4,,0,20,,83886,21,4,,0,60,,83907,19,4,,0,20,,83887,21,4,,0,20,,83908,19,4,,0,60,,83888,21,4,,0,21,,83909,19,4,,0,20,,83889,21,4,,0,61,,83910,19,4,,0,21,,83890,21,4,,0,21,,83911,19,4,,0,61,,83891,21,4,,0,21,,83912,19,4,,0,22,,83892,21,4,,0,60,,83913,19,4,,0,21,,83893,21,4,,0,21,,83914,19,4,,0,61,,83894,21,4,,0,18,,83915,19,4,,0,18,,83895,21,4,,0,58,,83916,19,4,,0,18,,83896,21,4,,0,19,,83917,19,4,,0,60,,83897,21,4,,0,20,,83918,19,4,,0,20,,83898,21,4,,0,60,,83919,19,4,,0,20,,83899,21,4,,0,20,,83920,19,4,,0,60,,83900,21,4,,0,20,,83921,19,4,,0,20,,83901,21,4,,0,60,,83922,19,4,,0,20,,83902,21,4,,0,20,,83923,19,4,,0,60,,83903,21,4,,0,19,,83924,19,4,,0,20,,83904,19,4,,0,60,,83925,21,4,,0,20,,83926,19,4,,0,20,,83905,21,4,,0,70,,83927,19,4,,0
4000001,'7_4',706,,80029,21,4,,0,20,,80050,19,4,,0,20,,80030,21,4,,0,60,,80051,19,4,,0,20,,80031,21,4,,0,20,,80052,19,4,,0,60,,80032,21,4,,0,21,,80053,19,4,,0,20,,80033,21,4,,0,61,,80054,19,4,,0,21,,80034,21,4,,0,21,,80055,19,4,,0,61,,80035,21,4,,0,21,,80056,19,4,,0,22,,80036,21,4,,0,60,,80057,19,4,,0,21,,80037,21,4,,0,21,,80058,19,4,,0,61,,80038,21,4,,0,18,,80059,19,4,,0,18,,80039,21,4,,0,58,,80060,19,4,,0,18,,80040,21,4,,0,19,,80061,19,4,,0,60,,80041,21,4,,0,20,,80062,19,4,,0,20,,80042,21,4,,0,60,,80063,19,4,,0,20,,80043,21,4,,0,20,,80064,19,4,,0,60,,80044,21,4,,0,20,,80065,19,4,,0,20,,80045,21,4,,0,60,,80066,19,4,,0,20,,80046,21,4,,0,20,,80067,19,4,,0,60,,80047,21,4,,0,19,,80068,19,4,,0,20,,80048,19,4,,0,60,,80069,21,4,,0,20,,80070,19,4,,0,20,,80049,21,4,,0,70,,80071,19,4,,0
4000001,'7_5',706,,81965,21,4,,0,20,,81986,19,4,,0,20,,81966,21,4,,0,60,,81987,19,4,,0,20,,81967,21,4,,0,20,,81988,19,4,,0,60,,81968,21,4,,0,21,,81989,19,4,,0,20,,81969,21,4,,0,61,,81990,19,4,,0,21,,81970,21,4,,0,21,,81991,19,4,,0,61,,81971,21,4,,0,21,,81992,19,4,,0,22,,81972,21,4,,0,60,,81993,19,4,,0,21,,81973,21,4,,0,21,,81994,19,4,,0,61,,81974,21,4,,0,18,,81995,19,4,,0,18,,81975,21,4,,0,58,,81996,19,4,,0,18,,81976,21,4,,0,19,,81997,19,4,,0,60,,81977,21,4,,0,20,,81998,19,4,,0,20,,81978,21,4,,0,60,,81999,19,4,,0,20,,81979,21,4,,0,20,,82000,19,4,,0,60,,81980,21,4,,0,20,,82001,19,4,,0,20,,81981,21,4,,0,60,,82002,19,4,,0,20,,81982,21,4,,0,20,,82003,19,4,,0,60,,81983,21,4,,0,19,,82004,19,4,,0,20,,81984,19,4,,0,60,,82005,21,4,,0,20,,82006,19,4,,0,20,,81985,21,4,,0,70,,82007,19,4,,0
4000001,'8_7',924,,84186,21,4,,0,110,,84191,19,4,,0,110,,84187,21,4,,0,110,,84192,19,4,,0,150,,84188,21,4,,0,110,,84193,19,4,,0,110,,84189,21,4,,0,110,,84194,19,4,,0,110,,84190,21,4,,0,110,,84185,19,4,,0
