700,'S2-0_2',728,,86889,19,,,0,110,,86891,19,,,0,111,,86892,19,,,0,110,,86893,19,,,0,150,,86894,19,,,0,110,,86895,19,,,0,110,,86896,19,,,0,110,,86897,19,,,0,113,,86898,19,,,0,149,,86899,19,,,0,106,,86890,19,,,0
700,'S2-0_4',728,,86900,19,,,0,110,,86902,19,,,0,111,,86903,19,,,0,110,,86904,19,,,0,150,,86905,19,,,0,110,,86906,19,,,0,110,,86907,19,,,0,110,,86908,19,,,0,113,,86909,19,,,0,149,,86910,19,,,0,106,,86901,19,,,0
700,'S2-0_5',728,,86911,19,,,0,110,,86913,19,,,0,111,,86914,19,,,0,110,,86915,19,,,0,150,,86916,19,,,0,110,,86917,19,,,0,110,,86918,19,,,0,110,,86919,19,,,0,113,,86920,19,,,0,149,,86921,19,,,0,106,,86912,19,,,0
700,'S2-1_3',728,,86922,19,,,0,110,,86924,19,,,0,111,,86925,19,,,0,110,,86926,19,,,0,150,,86927,19,,,0,110,,86928,19,,,0,110,,86929,19,,,0,110,,86930,19,,,0,113,,86931,19,,,0,149,,86932,19,,,0,106,,86923,19,,,0
700,'S2-2_6',727,,86935,19,,,0,110,,86936,19,,,0,111,,86937,19,,,0,110,,86938,19,,,0,150,,86939,19,,,0,110,,86940,19,,,0,110,,86941,19,,,0,110,,86942,19,,,0,110,,86943,19,,,0,110,,86933,19,,,0,149,,86934,19,,,0
700,'S2-4_1',728,,86944,19,,,0,110,,86946,19,,,0,111,,86947,19,,,0,110,,86948,19,,,0,150,,86949,19,,,0,110,,86950,19,,,0,110,,86951,19,,,0,110,,86952,19,,,0,113,,86953,19,,,0,149,,86954,19,,,0,106,,86945,19,,,0
700,'S2-4_2',728,,86955,19,,,0,110,,86957,19,,,0,111,,86958,19,,,0,110,,86959,19,,,0,150,,86960,19,,,0,110,,86961,19,,,0,110,,86962,19,,,0,110,,86963,19,,,0,113,,86964,19,,,0,149,,86965,19,,,0,106,,86956,19,,,0
700,'S2-4_4',728,,86966,19,,,0,110,,86968,19,,,0,111,,86969,19,,,0,110,,86970,19,,,0,150,,86971,19,,,0,110,,86972,19,,,0,110,,86973,19,,,0,110,,86974,19,,,0,113,,86975,19,,,0,149,,86976,19,,,0,106,,86967,19,,,0
2400,'S2-0_2',739,,88691,15,,,0,868,,88692,10,,,0,103,,88693,10,,,0,95,,88694,10,,,0
2400,'S2-0_4',739,,88695,15,,,0,868,,88696,10,,,0,103,,88697,10,,,0,95,,88698,10,,,0
2400,'S2-0_5',739,,88699,15,,,0,868,,88700,10,,,0,103,,88701,10,,,0,95,,88702,10,,,0
2400,'S2-1_3',739,,88703,15,,,0,490,,88704,10,,,0
2400,'S2-4_1',739,,88705,15,,,0,868,,88706,10,,,0,103,,88707,10,,,0,95,,88708,10,,,0
2400,'S2-4_2',739,,88709,15,,,0,868,,88710,10,,,0,103,,88711,10,,,0,95,,88712,10,,,0
2400,'S2-4_4',739,,88713,15,,,0,868,,88714,10,,,0,103,,88715,10,,,0,95,,88716,10,,,0
