1000,'0_4',922,,97489,32,0,18 30,0,186,,97480,32,0,18 30,0,47,,97481,32,0,18 30,0,77,,97482,32,0,18 30,0,80,,97483,32,0,18 30,0,99,,97484,32,0,18 30,0,39,,97486,32,,,0,70,,97487,32,,,0,96,,97488,32,,,0,335,,97485,32,0,18 30,0
1000,'0_5',922,,97504,32,0,18 30,0,186,,97495,32,0,18 30,0,47,,97496,32,0,18 30,0,77,,97497,32,0,18 30,0,80,,97498,32,0,18 30,0,99,,97499,32,0,18 30,0,39,,97501,32,,,0,70,,97502,32,,,0,96,,97503,32,,,0,335,,97500,32,0,18 30,0
1000,'1_3',922,,97519,32,0,18 30,0,186,,97510,32,0,18 30,0,47,,97511,32,0,18 30,0,77,,97512,32,0,18 30,0,80,,97513,32,0,18 30,0,99,,97514,32,0,18 30,0,39,,97516,32,,,0,70,,97517,32,,,0,96,,97518,32,,,0,335,,97515,32,0,18 30,0
1000,'2_6',919,,97527,32,0,18 30,0,184,,97528,32,0,18 30,0,101,,97529,32,0,18 30,0,101,,97530,32,0,18 30,0,101,,97531,32,0,18 30,0,52,,97525,32,,,0,155,,97526,32,,,0,337,,97532,32,0,18 30,0
1000,'4_1',922,,97547,32,0,18 30,0,186,,97538,32,0,18 30,0,47,,97539,32,0,18 30,0,77,,97540,32,0,18 30,0,80,,97541,32,0,18 30,0,99,,97542,32,0,18 30,0,39,,97544,32,,,0,70,,97545,32,,,0,96,,97546,32,,,0,335,,97543,32,0,18 30,0
1000,'4_2',922,,97562,32,0,18 30,0,186,,97553,32,0,18 30,0,47,,97554,32,0,18 30,0,77,,97555,32,0,18 30,0,80,,97556,32,0,18 30,0,99,,97557,32,0,18 30,0,39,,97559,32,,,0,70,,97560,32,,,0,96,,97561,32,,,0,335,,97558,32,0,18 30,0
1000,'4_4',922,,97577,32,0,18 30,0,186,,97568,32,0,18 30,0,47,,97569,32,0,18 30,0,77,,97570,32,0,18 30,0,80,,97571,32,0,18 30,0,99,,97572,32,0,18 30,0,39,,97574,32,,,0,70,,97575,32,,,0,96,,97576,32,,,0,335,,97573,32,0,18 30,0
1000,'4_5',922,,97592,32,0,18 30,0,186,,97583,32,0,18 30,0,47,,97584,32,0,18 30,0,77,,97585,32,0,18 30,0,80,,97586,32,0,18 30,0,99,,97587,32,0,18 30,0,39,,97589,32,,,0,70,,97590,32,,,0,96,,97591,32,,,0,335,,97588,32,0,18 30,0
1100,'0_4',828,,97704,18,,,0,922,,97705,18,,,0,151,,97706,18,,,0
1100,'0_5',828,,97708,18,,,0,922,,97709,18,,,0,151,,97710,18,,,0
1100,'1_3',828,,97712,18,,,0,922,,97713,18,,,0,151,,97714,18,,,0
1100,'2_6',828,,97716,18,,,0,905,,97717,18,,,0,119,,97718,18,,,0
1100,'4_1',828,,97720,18,,,0,922,,97721,18,,,0,151,,97722,18,,,0
1100,'4_2',828,,97724,18,,,0,922,,97725,18,,,0,151,,97726,18,,,0
1100,'4_4',828,,97728,18,,,0,922,,97729,18,,,0,151,,97730,18,,,0
1100,'4_5',828,,97732,18,,,0,922,,97733,18,,,0,151,,97734,18,,,0
1601,'0_4',907,,98046,19,4,,0,47,,98047,12,4,,0,159,,98048,19,4,,0,125,,98051,24,4,,0,174,,98049,19,4,,0,138,,98052,19,4,,0,107,,98053,12,4,,0,175,,98050,19,4,,0
1601,'0_5',907,,98054,19,4,,0,47,,98055,12,4,,0,159,,98056,19,4,,0,125,,98059,24,4,,0,174,,98057,19,4,,0,138,,98060,19,4,,0,107,,98061,12,4,,0,175,,98058,19,4,,0
1601,'1_3',907,,98062,19,4,,0,47,,98063,12,4,,0,159,,98064,19,4,,0,125,,98067,24,4,,0,174,,98065,19,4,,0,138,,98068,19,4,,0,107,,98069,12,4,,0,175,,98066,19,4,,0
1601,'2_6',907,,98070,19,4,,0,47,,98071,12,4,,0,159,,98072,19,4,,0,125,,98075,24,4,,0,174,,98073,19,4,,0,138,,98076,19,4,,0,107,,98077,12,4,,0,175,,98074,19,4,,0
1601,'4_1',907,,98078,19,4,,0,47,,98079,12,4,,0,159,,98080,19,4,,0,125,,98083,24,4,,0,174,,98081,19,4,,0,138,,98084,19,4,,0,107,,98085,12,4,,0,175,,98082,19,4,,0
1601,'4_2',907,,98086,19,4,,0,47,,98087,12,4,,0,159,,98088,19,4,,0,125,,98091,24,4,,0,174,,98089,19,4,,0,138,,98092,19,4,,0,107,,98093,12,4,,0,175,,98090,19,4,,0
1601,'4_4',907,,98094,19,4,,0,47,,98095,12,4,,0,159,,98096,19,4,,0,125,,98099,24,4,,0,174,,98097,19,4,,0,138,,98100,19,4,,0,107,,98101,12,4,,0,175,,98098,19,4,,0
1601,'4_5',907,,98102,19,4,,0,47,,98103,12,4,,0,159,,98104,19,4,,0,125,,98107,24,4,,0,174,,98105,19,4,,0,138,,98108,19,4,,0,107,,98109,12,4,,0,175,,98106,19,4,,0
