900,'S2-0_2',704,,87241,17,,,0,28,,87242,17,,,0,81,,87246,23,,,0,21,,87247,14,,,0,4,,87248,24,,,0,84,,87243,17,,,0,89,,87249,24,,,0,148,,87251,20,,,0,144,,87252,20,,,0,31,,87244,17,,,0,171,,87255,25,,,0,44,,87253,20,,,0,151,,87254,20,,,0,31,,87245,17,,,0,128,,87256,25,,,0
900,'S2-0_4',704,,87260,17,,,0,28,,87261,17,,,0,81,,87265,23,,,0,21,,87266,14,,,0,4,,87267,24,,,0,84,,87262,17,,,0,89,,87268,24,,,0,148,,87270,20,,,0,144,,87271,20,,,0,31,,87263,17,,,0,171,,87274,25,,,0,44,,87272,20,,,0,151,,87273,20,,,0,31,,87264,17,,,0,128,,87275,25,,,0
900,'S2-0_5',704,,87279,17,,,0,28,,87280,17,,,0,81,,87284,23,,,0,21,,87285,14,,,0,4,,87286,24,,,0,84,,87281,17,,,0,89,,87287,24,,,0,148,,87289,20,,,0,144,,87290,20,,,0,31,,87282,17,,,0,171,,87293,25,,,0,44,,87291,20,,,0,151,,87292,20,,,0,31,,87283,17,,,0,128,,87294,25,,,0
900,'S2-1_3',704,,87298,17,,,0,28,,87299,17,,,0,81,,87303,23,,,0,21,,87304,14,,,0,4,,87305,24,,,0,84,,87300,17,,,0,89,,87306,24,,,0,148,,87308,20,,,0,144,,87309,20,,,0,31,,87301,17,,,0,171,,87312,25,,,0,44,,87310,20,,,0,151,,87311,20,,,0,31,,87302,17,,,0,128,,87313,25,,,0
900,'S2-2_6',712,,87318,20,,,0,100,,87319,20,,,0,315,,87320,20,,,0,325,,87321,20,,,0,89,,87316,14,,,0,98,,87327,14,,,0,174,,87322,21,,,0,93,,87323,20,,,0
900,'S2-4_1',704,,87329,17,,,0,28,,87330,17,,,0,81,,87334,23,,,0,21,,87335,14,,,0,4,,87336,24,,,0,84,,87331,17,,,0,89,,87337,24,,,0,148,,87339,20,,,0,144,,87340,20,,,0,31,,87332,17,,,0,171,,87343,25,,,0,44,,87341,20,,,0,151,,87342,20,,,0,31,,87333,17,,,0,128,,87344,25,,,0
900,'S2-4_2',704,,87348,17,,,0,28,,87349,17,,,0,81,,87353,23,,,0,21,,87354,14,,,0,4,,87355,24,,,0,84,,87350,17,,,0,89,,87356,24,,,0,148,,87358,20,,,0,144,,87359,20,,,0,31,,87351,17,,,0,171,,87362,25,,,0,44,,87360,20,,,0,151,,87361,20,,,0,31,,87352,17,,,0,128,,87363,25,,,0
900,'S2-4_4',704,,87367,17,,,0,28,,87368,17,,,0,81,,87372,23,,,0,21,,87373,14,,,0,4,,87374,24,,,0,84,,87369,17,,,0,89,,87375,24,,,0,148,,87377,20,,,0,144,,87378,20,,,0,31,,87370,17,,,0,171,,87381,25,,,0,44,,87379,20,,,0,151,,87380,20,,,0,31,,87371,17,,,0,128,,87382,25,,,0
1000,'S2-0_2',936,,87524,39,0,18 30,0,65,,87512,33,,,0,122,,87515,39,0,18 30,0,87,,87516,39,0,18 30,0,35,,87517,39,0,18 30,0,82,,87518,39,0,18 30,0,99,,87519,39,0,18 30,0,80,,87521,39,,,0,30,,87522,39,,,0,96,,87523,39,,,0,24,,87513,33,,,0,185,,87514,33,,,0,163,,87520,39,0,18 30,0
1000,'S2-0_4',936,,87539,39,0,18 30,0,65,,87527,33,,,0,122,,87530,39,0,18 30,0,87,,87531,39,0,18 30,0,35,,87532,39,0,18 30,0,82,,87533,39,0,18 30,0,99,,87534,39,0,18 30,0,80,,87536,39,,,0,30,,87537,39,,,0,96,,87538,39,,,0,24,,87528,33,,,0,185,,87529,33,,,0,163,,87535,39,0,18 30,0
1000,'S2-0_5',936,,87554,39,0,18 30,0,65,,87542,33,,,0,122,,87545,39,0,18 30,0,87,,87546,39,0,18 30,0,35,,87547,39,0,18 30,0,82,,87548,39,0,18 30,0,99,,87549,39,0,18 30,0,80,,87551,39,,,0,30,,87552,39,,,0,96,,87553,39,,,0,24,,87543,33,,,0,185,,87544,33,,,0,163,,87550,39,0,18 30,0
1000,'S2-1_3',936,,87569,39,0,18 30,0,65,,87557,33,,,0,122,,87560,39,0,18 30,0,87,,87561,39,0,18 30,0,35,,87562,39,0,18 30,0,82,,87563,39,0,18 30,0,99,,87564,39,0,18 30,0,80,,87566,39,,,0,30,,87567,39,,,0,96,,87568,39,,,0,24,,87558,33,,,0,185,,87559,33,,,0,163,,87565,39,0,18 30,0
1000,'S2-2_6',706,,87570,33,,,0,96,,87571,33,,,0,132,,87577,39,0,18 30,0,67,,87572,33,,,0,118,,87578,39,0,18 30,0,101,,87579,39,0,18 30,0,100,,87580,39,0,18 30,0,102,,87581,39,0,18 30,0,92,,87575,39,,,0,115,,87576,39,,,0,29,,87573,33,,,0,185,,87574,33,,,0,160,,87582,39,0,18 30,0
1000,'S2-4_1',936,,87597,39,0,18 30,0,65,,87585,33,,,0,122,,87588,39,0,18 30,0,87,,87589,39,0,18 30,0,35,,87590,39,0,18 30,0,82,,87591,39,0,18 30,0,99,,87592,39,0,18 30,0,80,,87594,39,,,0,30,,87595,39,,,0,96,,87596,39,,,0,24,,87586,33,,,0,185,,87587,33,,,0,163,,87593,39,0,18 30,0
1000,'S2-4_2',936,,87612,39,0,18 30,0,65,,87600,33,,,0,122,,87603,39,0,18 30,0,87,,87604,39,0,18 30,0,35,,87605,39,0,18 30,0,82,,87606,39,0,18 30,0,99,,87607,39,0,18 30,0,80,,87609,39,,,0,30,,87610,39,,,0,96,,87611,39,,,0,24,,87601,33,,,0,185,,87602,33,,,0,163,,87608,39,0,18 30,0
1000,'S2-4_4',936,,87627,39,0,18 30,0,65,,87615,33,,,0,122,,87618,39,0,18 30,0,87,,87619,39,0,18 30,0,35,,87620,39,0,18 30,0,82,,87621,39,0,18 30,0,99,,87622,39,0,18 30,0,80,,87624,39,,,0,30,,87625,39,,,0,96,,87626,39,,,0,24,,87616,33,,,0,185,,87617,33,,,0,163,,87623,39,0,18 30,0
1900,'S2-0_2',733,,88354,19,,,0,105,,88358,19,,,0,974,,88355,19,,,0
1900,'S2-0_4',733,,88362,19,,,0,105,,88366,19,,,0,974,,88363,19,,,0
1900,'S2-0_5',733,,88370,19,,,0,105,,88374,19,,,0,974,,88371,19,,,0
1900,'S2-1_3',733,,88378,19,,,0,105,,88383,19,,,0,582,,88382,19,,,0,392,,88379,19,,,0
1900,'S2-4_1',733,,88387,19,,,0,105,,88391,19,,,0,974,,88388,19,,,0
1900,'S2-4_2',733,,88395,19,,,0,105,,88399,19,,,0,974,,88396,19,,,0
1900,'S2-4_4',733,,88403,19,,,0,105,,88407,19,,,0,974,,88404,19,,,0
1000000,'S2-0_2',537,,90064,8,0,31 33,0,20,,90065,8,0,31 33,0,60,,90146,8,0,31 33,0,18,,90147,8,,,0,14,,90149,8,,,0,10,,90145,8,,,0,49,,90098,8,,,0,8,,90099,8,,,0,11,,90100,8,,,0,11,,90101,8,,,0,10,,90102,8,,,0,11,,90103,8,,,0,50,,90104,8,,,0,10,,90105,8,,,0,9,,90148,8,,,0,9,,90066,8,0,31 33,0,9,,90067,8,,,0,10,,90068,8,0,31 33,0,50,,90069,8,,,0,11,,90070,8,0,31 33,0,9,,90106,8,,,0,11,,90071,8,0,31 33,0,11,,90072,8,,,0,11,,90073,8,0,31 33,0,51,,90074,8,,,0,11,,90075,8,0,31 33,0,10,,90076,8,,,0,11,,90078,8,0,31 33,0,10,,90077,8,,,0,51,,90108,8,0,31 33,0,12,,90107,8,,,0,11,,90109,8,0,31 33,0,11,,90110,8,,,0,10,,90111,8,0,31 33,0,10,,90112,8,,,0,50,,90113,8,0,31 33,0,11,,90114,8,,,0,11,,90115,8,0,31 33,0,10,,90116,8,,,0,10,,90117,8,0,31 33,0,10,,90118,8,,,0,49,,90119,8,0,31 33,0,10,,90120,8,,,0,10,,90079,8,0,31 33,0,11,,90080,8,,,0,9,,90121,8,0,31 33,0,10,,90081,8,,,0,49,,90082,8,0,31 33,0,11,,90083,8,,,0,10,,90122,8,0,31 33,0,11,,90084,8,,,0,10,,90085,8,0,31 33,0,10,,90086,8,,,0,50,,90087,8,0,31 33,0,11,,90123,8,,,0,11,,90124,8,,,0,10,,90125,8,,,0,10,,90126,8,,,0,49,,90127,8,,,0,11,,90128,8,,,0,10,,90129,8,,,0,11,,90130,8,,,0,9,,90131,8,,,0,9,,90132,8,,,0,50,,90133,8,,,0,10,,90134,8,,,0,9,,90135,8,,,0,10,,90136,8,,,0,9,,90137,8,,,0,10,,90138,8,,,0,10,,90139,8,0,31 33,0,50,,90140,8,,,0,9,,90144,8,0,31 33,0,10,,90088,8,0,31 33,0,11,,90141,8,,,0,10,,90089,8,0,31 33,0,10,,90142,8,,,0,49,,90090,8,0,31 33,0,19,,90091,8,0,31 33,0,19,,90092,8,0,31 33,0,58,,90093,8,0,31 33,0,21,,90094,8,0,31 33,0,21,,90095,8,0,31 33,0,61,,90096,8,0,31 33,0,20,,90097,8,0,31 33,0
1000000,'S2-0_4',537,,90150,8,0,31 33,0,20,,90151,8,0,31 33,0,60,,90232,8,0,31 33,0,18,,90233,8,,,0,14,,90235,8,,,0,10,,90231,8,,,0,49,,90184,8,,,0,8,,90185,8,,,0,11,,90186,8,,,0,11,,90187,8,,,0,10,,90188,8,,,0,11,,90189,8,,,0,50,,90190,8,,,0,10,,90191,8,,,0,9,,90234,8,,,0,9,,90152,8,0,31 33,0,9,,90153,8,,,0,10,,90154,8,0,31 33,0,50,,90155,8,,,0,11,,90156,8,0,31 33,0,9,,90192,8,,,0,11,,90157,8,0,31 33,0,11,,90158,8,,,0,11,,90159,8,0,31 33,0,51,,90160,8,,,0,11,,90161,8,0,31 33,0,10,,90162,8,,,0,11,,90164,8,0,31 33,0,10,,90163,8,,,0,51,,90194,8,0,31 33,0,12,,90193,8,,,0,11,,90195,8,0,31 33,0,11,,90196,8,,,0,10,,90197,8,0,31 33,0,10,,90198,8,,,0,50,,90199,8,0,31 33,0,11,,90200,8,,,0,11,,90201,8,0,31 33,0,10,,90202,8,,,0,10,,90203,8,0,31 33,0,10,,90204,8,,,0,49,,90205,8,0,31 33,0,10,,90206,8,,,0,10,,90165,8,0,31 33,0,11,,90166,8,,,0,9,,90207,8,0,31 33,0,10,,90167,8,,,0,49,,90168,8,0,31 33,0,11,,90169,8,,,0,10,,90208,8,0,31 33,0,11,,90170,8,,,0,10,,90171,8,0,31 33,0,10,,90172,8,,,0,50,,90173,8,0,31 33,0,11,,90209,8,,,0,11,,90210,8,,,0,10,,90211,8,,,0,10,,90212,8,,,0,49,,90213,8,,,0,11,,90214,8,,,0,10,,90215,8,,,0,11,,90216,8,,,0,9,,90217,8,,,0,9,,90218,8,,,0,50,,90219,8,,,0,10,,90220,8,,,0,9,,90221,8,,,0,10,,90222,8,,,0,9,,90223,8,,,0,10,,90224,8,,,0,10,,90225,8,0,31 33,0,50,,90226,8,,,0,9,,90230,8,0,31 33,0,10,,90174,8,0,31 33,0,11,,90227,8,,,0,10,,90175,8,0,31 33,0,10,,90228,8,,,0,49,,90176,8,0,31 33,0,19,,90177,8,0,31 33,0,19,,90178,8,0,31 33,0,58,,90179,8,0,31 33,0,21,,90180,8,0,31 33,0,21,,90181,8,0,31 33,0,61,,90182,8,0,31 33,0,20,,90183,8,0,31 33,0
1000000,'S2-0_5',537,,90236,8,0,31 33,0,20,,90237,8,0,31 33,0,60,,90318,8,0,31 33,0,18,,90319,8,,,0,14,,90321,8,,,0,10,,90317,8,,,0,49,,90270,8,,,0,8,,90271,8,,,0,11,,90272,8,,,0,11,,90273,8,,,0,10,,90274,8,,,0,11,,90275,8,,,0,50,,90276,8,,,0,10,,90277,8,,,0,9,,90320,8,,,0,9,,90238,8,0,31 33,0,9,,90239,8,,,0,10,,90240,8,0,31 33,0,50,,90241,8,,,0,11,,90242,8,0,31 33,0,9,,90278,8,,,0,11,,90243,8,0,31 33,0,11,,90244,8,,,0,11,,90245,8,0,31 33,0,51,,90246,8,,,0,11,,90247,8,0,31 33,0,10,,90248,8,,,0,11,,90250,8,0,31 33,0,10,,90249,8,,,0,51,,90280,8,0,31 33,0,12,,90279,8,,,0,11,,90281,8,0,31 33,0,11,,90282,8,,,0,10,,90283,8,0,31 33,0,10,,90284,8,,,0,50,,90285,8,0,31 33,0,11,,90286,8,,,0,11,,90287,8,0,31 33,0,10,,90288,8,,,0,10,,90289,8,0,31 33,0,10,,90290,8,,,0,49,,90291,8,0,31 33,0,10,,90292,8,,,0,10,,90251,8,0,31 33,0,11,,90252,8,,,0,9,,90293,8,0,31 33,0,10,,90253,8,,,0,49,,90254,8,0,31 33,0,11,,90255,8,,,0,10,,90294,8,0,31 33,0,11,,90256,8,,,0,10,,90257,8,0,31 33,0,10,,90258,8,,,0,50,,90259,8,0,31 33,0,11,,90295,8,,,0,11,,90296,8,,,0,10,,90297,8,,,0,10,,90298,8,,,0,49,,90299,8,,,0,11,,90300,8,,,0,10,,90301,8,,,0,11,,90302,8,,,0,9,,90303,8,,,0,9,,90304,8,,,0,50,,90305,8,,,0,10,,90306,8,,,0,9,,90307,8,,,0,10,,90308,8,,,0,9,,90309,8,,,0,10,,90310,8,,,0,10,,90311,8,0,31 33,0,50,,90312,8,,,0,9,,90316,8,0,31 33,0,10,,90260,8,0,31 33,0,11,,90313,8,,,0,10,,90261,8,0,31 33,0,10,,90314,8,,,0,49,,90262,8,0,31 33,0,19,,90263,8,0,31 33,0,19,,90264,8,0,31 33,0,58,,90265,8,0,31 33,0,21,,90266,8,0,31 33,0,21,,90267,8,0,31 33,0,61,,90268,8,0,31 33,0,20,,90269,8,0,31 33,0
1000000,'S2-1_3',537,,90322,8,0,31 33,0,20,,90323,8,0,31 33,0,60,,90404,8,0,31 33,0,18,,90405,8,,,0,14,,90407,8,,,0,10,,90403,8,,,0,49,,90356,8,,,0,8,,90357,8,,,0,11,,90358,8,,,0,11,,90359,8,,,0,10,,90360,8,,,0,11,,90361,8,,,0,50,,90362,8,,,0,10,,90363,8,,,0,9,,90406,8,,,0,9,,90324,8,0,31 33,0,9,,90325,8,,,0,10,,90326,8,0,31 33,0,50,,90327,8,,,0,11,,90328,8,0,31 33,0,9,,90364,8,,,0,11,,90329,8,0,31 33,0,11,,90330,8,,,0,11,,90331,8,0,31 33,0,51,,90332,8,,,0,11,,90333,8,0,31 33,0,10,,90334,8,,,0,11,,90336,8,0,31 33,0,10,,90335,8,,,0,51,,90366,8,0,31 33,0,12,,90365,8,,,0,11,,90367,8,0,31 33,0,11,,90368,8,,,0,10,,90369,8,0,31 33,0,10,,90370,8,,,0,50,,90371,8,0,31 33,0,11,,90372,8,,,0,11,,90373,8,0,31 33,0,10,,90374,8,,,0,10,,90375,8,0,31 33,0,10,,90376,8,,,0,49,,90377,8,0,31 33,0,10,,90378,8,,,0,10,,90337,8,0,31 33,0,11,,90338,8,,,0,9,,90379,8,0,31 33,0,10,,90339,8,,,0,49,,90340,8,0,31 33,0,11,,90341,8,,,0,10,,90380,8,0,31 33,0,11,,90342,8,,,0,10,,90343,8,0,31 33,0,10,,90344,8,,,0,50,,90345,8,0,31 33,0,11,,90381,8,,,0,11,,90382,8,,,0,10,,90383,8,,,0,10,,90384,8,,,0,49,,90385,8,,,0,11,,90386,8,,,0,10,,90387,8,,,0,11,,90388,8,,,0,9,,90389,8,,,0,9,,90390,8,,,0,50,,90391,8,,,0,10,,90392,8,,,0,9,,90393,8,,,0,10,,90394,8,,,0,9,,90395,8,,,0,10,,90396,8,,,0,10,,90397,8,0,31 33,0,50,,90398,8,,,0,9,,90402,8,0,31 33,0,10,,90346,8,0,31 33,0,11,,90399,8,,,0,10,,90347,8,0,31 33,0,10,,90400,8,,,0,49,,90348,8,0,31 33,0,19,,90349,8,0,31 33,0,19,,90350,8,0,31 33,0,58,,90351,8,0,31 33,0,21,,90352,8,0,31 33,0,21,,90353,8,0,31 33,0,61,,90354,8,0,31 33,0,20,,90355,8,0,31 33,0
1000000,'S2-2_6',534,,90408,8,0,31 33,0,80,,90409,8,0,31 33,0,41,,90410,8,,,0,80,,90411,8,,,0,70,,90412,8,0,31 33,0,15,,90413,8,,,0,16,,90414,8,0,31 33,0,15,,90415,8,0,31 33,0,53,,90416,8,,,0,15,,90417,8,0,31 33,0,15,,90475,8,0,31 33,0,16,,90418,8,,,0,56,,90419,8,0,31 33,0,16,,90420,8,0,31 33,0,14,,90421,8,,,0,16,,90422,8,0,31 33,0,56,,90423,8,0,31 33,0,16,,90424,8,,,0,15,,90425,8,0,31 33,0,15,,90426,8,0,31 33,0,56,,90427,8,,,0,14,,90428,8,0,31 33,0,15,,90429,8,0,31 33,0,15,,90430,8,,,0,54,,90431,8,0,31 33,0,9,,90432,8,0,31 33,0,11,,90433,8,,,0,12,,90434,8,0,31 33,0,10,,90435,8,0,31 33,0,9,,90436,8,0,31 33,0,49,,90437,8,,,0,10,,90438,8,0,31 33,0,11,,90439,8,0,31 33,0,11,,90440,8,0,31 33,0,10,,90441,8,,,0,52,,90442,8,0,31 33,0,9,,90443,8,0,31 33,0,9,,90444,8,0,31 33,0,10,,90445,8,,,0,11,,90446,8,0,31 33,0,10,,90447,8,0,31 33,0,50,,90448,8,0,31 33,0,11,,90449,8,,,0,11,,90450,8,0,31 33,0,9,,90451,8,0,31 33,0,10,,90452,8,0,31 33,0,11,,90453,8,,,0,53,,90454,8,0,31 33,0,9,,90455,8,0,31 33,0,9,,90456,8,0,31 33,0,10,,90457,8,,,0,8,,90458,8,0,31 33,0,9,,90459,8,0,31 33,0,50,,90460,8,0,31 33,0,9,,90462,8,0,31 33,0,10,,90461,8,,,0,9,,90463,8,0,31 33,0,9,,90464,8,0,31 33,0,9,,90466,8,0,31 33,0,10,,90465,8,0,31 33,0,51,,90467,8,0,31 33,0,21,,90468,8,0,31 33,0,17,,90469,8,0,31 33,0,60,,90470,8,0,31 33,0,20,,90471,8,0,31 33,0,20,,90472,8,0,31 33,0,60,,90473,8,0,31 33,0,19,,90474,8,0,31 33,0
1000000,'S2-3_7',805,,90476,8,0,31 33,0,40,,90477,8,0,31 33,0,80,,90478,8,0,31 33,0,80,,90479,8,0,31 33,0,40,,90480,8,0,31 33,0,80,,90481,8,0,31 33,0,80,,90482,8,0,31 33,0,40,,90483,8,0,31 33,0,80,,90484,8,0,31 33,0,80,,90485,8,0,31 33,0,40,,90486,8,0,31 33,0,80,,90487,8,0,31 33,0,80,,90488,8,0,31 33,0,40,,90489,8,0,31 33,0,80,,90490,8,0,31 33,0,80,,90491,8,0,31 33,0,40,,90492,8,0,31 33,0,80,,90493,8,0,31 33,0
1000000,'S2-4_1',537,,90494,8,0,31 33,0,20,,90495,8,0,31 33,0,60,,90576,8,0,31 33,0,18,,90577,8,,,0,14,,90579,8,,,0,10,,90575,8,,,0,49,,90528,8,,,0,8,,90529,8,,,0,11,,90530,8,,,0,11,,90531,8,,,0,10,,90532,8,,,0,11,,90533,8,,,0,50,,90534,8,,,0,10,,90535,8,,,0,9,,90578,8,,,0,9,,90496,8,0,31 33,0,9,,90497,8,,,0,10,,90498,8,0,31 33,0,50,,90499,8,,,0,11,,90500,8,0,31 33,0,9,,90536,8,,,0,11,,90501,8,0,31 33,0,11,,90502,8,,,0,11,,90503,8,0,31 33,0,51,,90504,8,,,0,11,,90505,8,0,31 33,0,10,,90506,8,,,0,11,,90508,8,0,31 33,0,10,,90507,8,,,0,51,,90538,8,0,31 33,0,12,,90537,8,,,0,11,,90539,8,0,31 33,0,11,,90540,8,,,0,10,,90541,8,0,31 33,0,10,,90542,8,,,0,50,,90543,8,0,31 33,0,11,,90544,8,,,0,11,,90545,8,0,31 33,0,10,,90546,8,,,0,10,,90547,8,0,31 33,0,10,,90548,8,,,0,49,,90549,8,0,31 33,0,10,,90550,8,,,0,10,,90509,8,0,31 33,0,11,,90510,8,,,0,9,,90551,8,0,31 33,0,10,,90511,8,,,0,49,,90512,8,0,31 33,0,11,,90513,8,,,0,10,,90552,8,0,31 33,0,11,,90514,8,,,0,10,,90515,8,0,31 33,0,10,,90516,8,,,0,50,,90517,8,0,31 33,0,11,,90553,8,,,0,11,,90554,8,,,0,10,,90555,8,,,0,10,,90556,8,,,0,49,,90557,8,,,0,11,,90558,8,,,0,10,,90559,8,,,0,11,,90560,8,,,0,9,,90561,8,,,0,9,,90562,8,,,0,50,,90563,8,,,0,10,,90564,8,,,0,9,,90565,8,,,0,10,,90566,8,,,0,9,,90567,8,,,0,10,,90568,8,,,0,10,,90569,8,0,31 33,0,50,,90570,8,,,0,9,,90574,8,0,31 33,0,10,,90518,8,0,31 33,0,11,,90571,8,,,0,10,,90519,8,0,31 33,0,10,,90572,8,,,0,49,,90520,8,0,31 33,0,19,,90521,8,0,31 33,0,19,,90522,8,0,31 33,0,58,,90523,8,0,31 33,0,21,,90524,8,0,31 33,0,21,,90525,8,0,31 33,0,61,,90526,8,0,31 33,0,20,,90527,8,0,31 33,0
1000000,'S2-4_2',537,,90580,8,0,31 33,0,20,,90581,8,0,31 33,0,60,,90662,8,0,31 33,0,18,,90663,8,,,0,14,,90665,8,,,0,10,,90661,8,,,0,49,,90614,8,,,0,8,,90615,8,,,0,11,,90616,8,,,0,11,,90617,8,,,0,10,,90618,8,,,0,11,,90619,8,,,0,50,,90620,8,,,0,10,,90621,8,,,0,9,,90664,8,,,0,9,,90582,8,0,31 33,0,9,,90583,8,,,0,10,,90584,8,0,31 33,0,50,,90585,8,,,0,11,,90586,8,0,31 33,0,9,,90622,8,,,0,11,,90587,8,0,31 33,0,11,,90588,8,,,0,11,,90589,8,0,31 33,0,51,,90590,8,,,0,11,,90591,8,0,31 33,0,10,,90592,8,,,0,11,,90594,8,0,31 33,0,10,,90593,8,,,0,51,,90624,8,0,31 33,0,12,,90623,8,,,0,11,,90625,8,0,31 33,0,11,,90626,8,,,0,10,,90627,8,0,31 33,0,10,,90628,8,,,0,50,,90629,8,0,31 33,0,11,,90630,8,,,0,11,,90631,8,0,31 33,0,10,,90632,8,,,0,10,,90633,8,0,31 33,0,10,,90634,8,,,0,49,,90635,8,0,31 33,0,10,,90636,8,,,0,10,,90595,8,0,31 33,0,11,,90596,8,,,0,9,,90637,8,0,31 33,0,10,,90597,8,,,0,49,,90598,8,0,31 33,0,11,,90599,8,,,0,10,,90638,8,0,31 33,0,11,,90600,8,,,0,10,,90601,8,0,31 33,0,10,,90602,8,,,0,50,,90603,8,0,31 33,0,11,,90639,8,,,0,11,,90640,8,,,0,10,,90641,8,,,0,10,,90642,8,,,0,49,,90643,8,,,0,11,,90644,8,,,0,10,,90645,8,,,0,11,,90646,8,,,0,9,,90647,8,,,0,9,,90648,8,,,0,50,,90649,8,,,0,10,,90650,8,,,0,9,,90651,8,,,0,10,,90652,8,,,0,9,,90653,8,,,0,10,,90654,8,,,0,10,,90655,8,0,31 33,0,50,,90656,8,,,0,9,,90660,8,0,31 33,0,10,,90604,8,0,31 33,0,11,,90657,8,,,0,10,,90605,8,0,31 33,0,10,,90658,8,,,0,49,,90606,8,0,31 33,0,19,,90607,8,0,31 33,0,19,,90608,8,0,31 33,0,58,,90609,8,0,31 33,0,21,,90610,8,0,31 33,0,21,,90611,8,0,31 33,0,61,,90612,8,0,31 33,0,20,,90613,8,0,31 33,0
1000000,'S2-4_4',537,,90666,8,0,31 33,0,20,,90667,8,0,31 33,0,60,,90748,8,0,31 33,0,18,,90749,8,,,0,14,,90751,8,,,0,10,,90747,8,,,0,49,,90700,8,,,0,8,,90701,8,,,0,11,,90702,8,,,0,11,,90703,8,,,0,10,,90704,8,,,0,11,,90705,8,,,0,50,,90706,8,,,0,10,,90707,8,,,0,9,,90750,8,,,0,9,,90668,8,0,31 33,0,9,,90669,8,,,0,10,,90670,8,0,31 33,0,50,,90671,8,,,0,11,,90672,8,0,31 33,0,9,,90708,8,,,0,11,,90673,8,0,31 33,0,11,,90674,8,,,0,11,,90675,8,0,31 33,0,51,,90676,8,,,0,11,,90677,8,0,31 33,0,10,,90678,8,,,0,11,,90680,8,0,31 33,0,10,,90679,8,,,0,51,,90710,8,0,31 33,0,12,,90709,8,,,0,11,,90711,8,0,31 33,0,11,,90712,8,,,0,10,,90713,8,0,31 33,0,10,,90714,8,,,0,50,,90715,8,0,31 33,0,11,,90716,8,,,0,11,,90717,8,0,31 33,0,10,,90718,8,,,0,10,,90719,8,0,31 33,0,10,,90720,8,,,0,49,,90721,8,0,31 33,0,10,,90722,8,,,0,10,,90681,8,0,31 33,0,11,,90682,8,,,0,9,,90723,8,0,31 33,0,10,,90683,8,,,0,49,,90684,8,0,31 33,0,11,,90685,8,,,0,10,,90724,8,0,31 33,0,11,,90686,8,,,0,10,,90687,8,0,31 33,0,10,,90688,8,,,0,50,,90689,8,0,31 33,0,11,,90725,8,,,0,11,,90726,8,,,0,10,,90727,8,,,0,10,,90728,8,,,0,49,,90729,8,,,0,11,,90730,8,,,0,10,,90731,8,,,0,11,,90732,8,,,0,9,,90733,8,,,0,9,,90734,8,,,0,50,,90735,8,,,0,10,,90736,8,,,0,9,,90737,8,,,0,10,,90738,8,,,0,9,,90739,8,,,0,10,,90740,8,,,0,10,,90741,8,0,31 33,0,50,,90742,8,,,0,9,,90746,8,0,31 33,0,10,,90690,8,0,31 33,0,11,,90743,8,,,0,10,,90691,8,0,31 33,0,10,,90744,8,,,0,49,,90692,8,0,31 33,0,19,,90693,8,0,31 33,0,19,,90694,8,0,31 33,0,58,,90695,8,0,31 33,0,21,,90696,8,0,31 33,0,21,,90697,8,0,31 33,0,61,,90698,8,0,31 33,0,20,,90699,8,0,31 33,0
