200,'0_6',716,,63315,26,0,34,0,30,,63326,23,0,35 37,0,60,,63338,14,0,38,0,20,,63316,26,0,34,0,25,,63327,23,0,35 37,0,60,,63339,26,0,38,0,20,,63317,23,0,34,0,25,,63328,14,0,35 37,0,60,,63340,14,0,38,0,20,,63318,26,0,34,0,65,,63329,23,0,35 37,0,23,,63341,14,0,38,0,23,,63319,26,0,34,0,64,,63330,23,0,35 37,0,20,,63342,14,0,38,0,20,,63320,24,0,34,0,60,,63331,14,0,35 37,0,20,,63343,23,0,38,0,20,,63321,26,0,34,0,60,,63332,23,0,35 37,0,21,,63344,14,0,38,0,21,,63322,26,0,34,0,61,,63333,23,0,35 37,0,21,,63345,14,0,38,0,23,,63323,26,0,34,0,67,,63334,23,0,35 37,0,18,,63346,14,0,38,0,59,,63324,26,0,34,0,25,,63335,23,0,35 37,0,18,,63347,14,0,38,0,57,,63325,26,0,34,0,20,,63349,23,0,35 37,0,25,,63348,14,0,38,0,66,,63336,26,0,35 37,0,23,,63337,23,0,34,0
200,'1_7',941,,63350,23,0,38,0,165,,63351,23,0,38,0,125,,63352,23,0,38,0,110,,63353,23,0,38,0,165,,63354,23,0,38,0,125,,63355,23,0,38,0,125,,63356,23,0,38,0,165,,63357,23,0,38,0
200,'3_1',716,,63533,26,0,34,0,30,,63544,23,0,35 37,0,60,,63556,14,0,38,0,20,,63534,26,0,34,0,25,,63545,23,0,35 37,0,60,,63557,26,0,38,0,20,,63535,23,0,34,0,25,,63546,14,0,35 37,0,60,,63558,14,0,38,0,20,,63536,26,0,34,0,65,,63547,23,0,35 37,0,23,,63559,14,0,38,0,23,,63537,26,0,34,0,64,,63548,23,0,35 37,0,20,,63560,14,0,38,0,20,,63538,24,0,34,0,60,,63549,14,0,35 37,0,20,,63561,23,0,38,0,20,,63539,26,0,34,0,60,,63550,23,0,35 37,0,21,,63562,14,0,38,0,21,,63540,26,0,34,0,61,,63551,23,0,35 37,0,21,,63563,14,0,38,0,23,,63541,26,0,34,0,67,,63552,23,0,35 37,0,18,,63564,14,0,38,0,59,,63542,26,0,34,0,25,,63553,23,0,35 37,0,18,,63565,14,0,38,0,57,,63543,26,0,34,0,20,,63567,23,0,35 37,0,25,,63566,14,0,38,0,66,,63554,26,0,35 37,0,23,,63555,23,0,34,0
200,'3_2',716,,73063,26,0,34,0,30,,73074,23,0,35 37,0,60,,73086,14,0,38,0,20,,73064,26,0,34,0,25,,73075,23,0,35 37,0,60,,73087,26,0,38,0,20,,73065,23,0,34,0,25,,73076,14,0,35 37,0,60,,73088,14,0,38,0,20,,73066,26,0,34,0,65,,73077,23,0,35 37,0,23,,73089,14,0,38,0,23,,73067,26,0,34,0,64,,73078,23,0,35 37,0,20,,73090,14,0,38,0,20,,73068,24,0,34,0,60,,73079,14,0,35 37,0,20,,73091,23,0,38,0,20,,73069,26,0,34,0,60,,73080,23,0,35 37,0,21,,73092,14,0,38,0,21,,73070,26,0,34,0,61,,73081,23,0,35 37,0,21,,73093,14,0,38,0,23,,73071,26,0,34,0,67,,73082,23,0,35 37,0,18,,73094,14,0,38,0,59,,73072,26,0,34,0,25,,73083,23,0,35 37,0,18,,73095,14,0,38,0,57,,73073,26,0,34,0,20,,73097,23,0,35 37,0,25,,73096,14,0,38,0,66,,73084,26,0,35 37,0,23,,73085,23,0,34,0
200,'3_3',716,,63568,26,0,34,0,30,,63579,23,0,35 37,0,60,,63591,14,0,38,0,20,,63569,26,0,34,0,25,,63580,23,0,35 37,0,60,,63592,26,0,38,0,20,,63570,23,0,34,0,25,,63581,14,0,35 37,0,60,,63593,14,0,38,0,20,,63571,26,0,34,0,65,,63582,23,0,35 37,0,23,,63594,14,0,38,0,23,,63572,26,0,34,0,64,,63583,23,0,35 37,0,20,,63595,14,0,38,0,20,,63573,24,0,34,0,60,,63584,14,0,35 37,0,20,,63596,23,0,38,0,20,,63574,26,0,34,0,60,,63585,23,0,35 37,0,21,,63597,14,0,38,0,21,,63575,26,0,34,0,61,,63586,23,0,35 37,0,21,,63598,14,0,38,0,23,,63576,26,0,34,0,67,,63587,23,0,35 37,0,18,,63599,14,0,38,0,59,,63577,26,0,34,0,25,,63588,23,0,35 37,0,18,,63600,14,0,38,0,57,,63578,26,0,34,0,20,,63602,23,0,35 37,0,25,,63601,14,0,38,0,66,,63589,26,0,35 37,0,23,,63590,23,0,34,0
200,'3_4',716,,63603,26,0,34,0,30,,63614,23,0,35 37,0,60,,63626,14,0,38,0,20,,63604,26,0,34,0,25,,63615,23,0,35 37,0,60,,63627,26,0,38,0,20,,63605,23,0,34,0,25,,63616,14,0,35 37,0,60,,63628,14,0,38,0,20,,63606,26,0,34,0,65,,63617,23,0,35 37,0,23,,63629,14,0,38,0,23,,63607,26,0,34,0,64,,63618,23,0,35 37,0,20,,63630,14,0,38,0,20,,63608,24,0,34,0,60,,63619,14,0,35 37,0,20,,63631,23,0,38,0,20,,63609,26,0,34,0,60,,63620,23,0,35 37,0,21,,63632,14,0,38,0,21,,63610,26,0,34,0,61,,63621,23,0,35 37,0,21,,63633,14,0,38,0,23,,63611,26,0,34,0,67,,63622,23,0,35 37,0,18,,63634,14,0,38,0,59,,63612,26,0,34,0,25,,63623,23,0,35 37,0,18,,63635,14,0,38,0,57,,63613,26,0,34,0,20,,63637,23,0,35 37,0,25,,63636,14,0,38,0,66,,63624,26,0,35 37,0,23,,63625,23,0,34,0
200,'3_5',716,,63638,26,0,34,0,30,,63649,23,0,35 37,0,60,,63661,14,0,38,0,20,,63639,26,0,34,0,25,,63650,23,0,35 37,0,60,,63662,26,0,38,0,20,,63640,23,0,34,0,25,,63651,14,0,35 37,0,60,,63663,14,0,38,0,20,,63641,26,0,34,0,65,,63652,23,0,35 37,0,23,,63664,14,0,38,0,23,,63642,26,0,34,0,64,,63653,23,0,35 37,0,20,,63665,14,0,38,0,20,,63643,24,0,34,0,60,,63654,14,0,35 37,0,20,,63666,23,0,38,0,20,,63644,26,0,34,0,60,,63655,23,0,35 37,0,21,,63667,14,0,38,0,21,,63645,26,0,34,0,61,,63656,23,0,35 37,0,21,,63668,14,0,38,0,23,,63646,26,0,34,0,67,,63657,23,0,35 37,0,18,,63669,14,0,38,0,59,,63647,26,0,34,0,25,,63658,23,0,35 37,0,18,,63670,14,0,38,0,57,,63648,26,0,34,0,20,,63672,23,0,35 37,0,25,,63671,14,0,38,0,66,,63659,26,0,35 37,0,23,,63660,23,0,34,0
200,'5_1',716,,74023,26,0,34,0,30,,74034,23,0,35 37,0,60,,74046,14,0,38,0,20,,74024,26,0,34,0,25,,74035,23,0,35 37,0,60,,74047,26,0,38,0,20,,74025,23,0,34,0,25,,74036,14,0,35 37,0,60,,74048,14,0,38,0,20,,74026,26,0,34,0,65,,74037,23,0,35 37,0,23,,74049,14,0,38,0,23,,74027,26,0,34,0,64,,74038,23,0,35 37,0,20,,74050,14,0,38,0,20,,74028,24,0,34,0,60,,74039,14,0,35 37,0,20,,74051,23,0,38,0,20,,74029,26,0,34,0,60,,74040,23,0,35 37,0,21,,74052,14,0,38,0,21,,74030,26,0,34,0,61,,74041,23,0,35 37,0,21,,74053,14,0,38,0,23,,74031,26,0,34,0,67,,74042,23,0,35 37,0,18,,74054,14,0,38,0,59,,74032,26,0,34,0,25,,74043,23,0,35 37,0,18,,74055,14,0,38,0,57,,74033,26,0,34,0,20,,74057,23,0,35 37,0,25,,74056,14,0,38,0,66,,74044,26,0,35 37,0,23,,74045,23,0,34,0
200,'5_2',716,,75083,26,0,34,0,30,,75094,23,0,35 37,0,60,,75106,14,0,38,0,20,,75084,26,0,34,0,25,,75095,23,0,35 37,0,60,,75107,26,0,38,0,20,,75085,23,0,34,0,25,,75096,14,0,35 37,0,60,,75108,14,0,38,0,20,,75086,26,0,34,0,65,,75097,23,0,35 37,0,23,,75109,14,0,38,0,23,,75087,26,0,34,0,64,,75098,23,0,35 37,0,20,,75110,14,0,38,0,20,,75088,24,0,34,0,60,,75099,14,0,35 37,0,20,,75111,23,0,38,0,20,,75089,26,0,34,0,60,,75100,23,0,35 37,0,21,,75112,14,0,38,0,21,,75090,26,0,34,0,61,,75101,23,0,35 37,0,21,,75113,14,0,38,0,23,,75091,26,0,34,0,67,,75102,23,0,35 37,0,18,,75114,14,0,38,0,59,,75092,26,0,34,0,25,,75103,23,0,35 37,0,18,,75115,14,0,38,0,57,,75093,26,0,34,0,20,,75117,23,0,35 37,0,25,,75116,14,0,38,0,66,,75104,26,0,35 37,0,23,,75105,23,0,34,0
200,'5_3',716,,75118,26,0,34,0,30,,75129,23,0,35 37,0,60,,75141,14,0,38,0,20,,75119,26,0,34,0,25,,75130,23,0,35 37,0,60,,75142,26,0,38,0,20,,75120,23,0,34,0,25,,75131,14,0,35 37,0,60,,75143,14,0,38,0,20,,75121,26,0,34,0,65,,75132,23,0,35 37,0,23,,75144,14,0,38,0,23,,75122,26,0,34,0,64,,75133,23,0,35 37,0,20,,75145,14,0,38,0,20,,75123,24,0,34,0,60,,75134,14,0,35 37,0,20,,75146,23,0,38,0,20,,75124,26,0,34,0,60,,75135,23,0,35 37,0,21,,75147,14,0,38,0,21,,75125,26,0,34,0,61,,75136,23,0,35 37,0,21,,75148,14,0,38,0,23,,75126,26,0,34,0,67,,75137,23,0,35 37,0,18,,75149,14,0,38,0,59,,75127,26,0,34,0,25,,75138,23,0,35 37,0,18,,75150,14,0,38,0,57,,75128,26,0,34,0,20,,75152,23,0,35 37,0,25,,75151,14,0,38,0,66,,75139,26,0,35 37,0,23,,75140,23,0,34,0
200,'5_4',716,,75153,26,0,34,0,30,,75164,23,0,35 37,0,60,,75176,14,0,38,0,20,,75154,26,0,34,0,25,,75165,23,0,35 37,0,60,,75177,26,0,38,0,20,,75155,23,0,34,0,25,,75166,14,0,35 37,0,60,,75178,14,0,38,0,20,,75156,26,0,34,0,65,,75167,23,0,35 37,0,23,,75179,14,0,38,0,23,,75157,26,0,34,0,64,,75168,23,0,35 37,0,20,,75180,14,0,38,0,20,,75158,24,0,34,0,60,,75169,14,0,35 37,0,20,,75181,23,0,38,0,20,,75159,26,0,34,0,60,,75170,23,0,35 37,0,21,,75182,14,0,38,0,21,,75160,26,0,34,0,61,,75171,23,0,35 37,0,21,,75183,14,0,38,0,23,,75161,26,0,34,0,67,,75172,23,0,35 37,0,18,,75184,14,0,38,0,59,,75162,26,0,34,0,25,,75173,23,0,35 37,0,18,,75185,14,0,38,0,57,,75163,26,0,34,0,20,,75187,23,0,35 37,0,25,,75186,14,0,38,0,66,,75174,26,0,35 37,0,23,,75175,23,0,34,0
1500,'0_6',727,,67090,4,,,0,21,,67091,4,,,0,155,,67092,4,,,0,117,,67093,4,,,0,116,,67094,4,,,0,80,,67095,4,,,0,37,,67096,4,,,0,95,,67097,4,,,0,158,,67089,4,0,44,0,100,,67098,4,,,0,107,,67099,4,,,0,100,,67100,4,,,0,118,,67101,4,,,0
1500,'3_1',727,,67168,4,,,0,21,,67169,4,,,0,155,,67170,4,,,0,117,,67171,4,,,0,116,,67172,4,,,0,80,,67173,4,,,0,37,,67174,4,,,0,95,,67175,4,,,0,158,,67167,4,0,44,0,100,,67176,4,,,0,107,,67177,4,,,0,100,,67178,4,,,0,118,,67179,4,,,0
1500,'3_2',727,,73413,4,,,0,21,,73414,4,,,0,155,,73415,4,,,0,117,,73416,4,,,0,116,,73417,4,,,0,80,,73418,4,,,0,37,,73419,4,,,0,95,,73420,4,,,0,158,,73412,4,0,44,0,100,,73421,4,,,0,107,,73422,4,,,0,100,,73423,4,,,0,118,,73424,4,,,0
1500,'3_3',727,,67181,4,,,0,21,,67182,4,,,0,155,,67183,4,,,0,117,,67184,4,,,0,116,,67185,4,,,0,80,,67186,4,,,0,37,,67187,4,,,0,95,,67188,4,,,0,158,,67180,4,0,44,0,100,,67189,4,,,0,107,,67190,4,,,0,100,,67191,4,,,0,118,,67192,4,,,0
1500,'3_4',727,,67194,4,,,0,21,,67195,4,,,0,155,,67196,4,,,0,117,,67197,4,,,0,116,,67198,4,,,0,80,,67199,4,,,0,37,,67200,4,,,0,95,,67201,4,,,0,158,,67193,4,0,44,0,100,,67202,4,,,0,107,,67203,4,,,0,100,,67204,4,,,0,118,,67205,4,,,0
1500,'3_5',727,,67207,4,,,0,21,,67208,4,,,0,155,,67209,4,,,0,117,,67210,4,,,0,116,,67211,4,,,0,80,,67212,4,,,0,37,,67213,4,,,0,95,,67214,4,,,0,158,,67206,4,0,44,0,100,,67215,4,,,0,107,,67216,4,,,0,100,,67217,4,,,0,118,,67218,4,,,0
1500,'5_1',727,,74373,4,,,0,21,,74374,4,,,0,155,,74375,4,,,0,117,,74376,4,,,0,116,,74377,4,,,0,80,,74378,4,,,0,37,,74379,4,,,0,95,,74380,4,,,0,158,,74372,4,0,44,0,100,,74381,4,,,0,107,,74382,4,,,0,100,,74383,4,,,0,118,,74384,4,,,0
1500,'5_2',727,,76131,4,,,0,21,,76132,4,,,0,155,,76133,4,,,0,117,,76134,4,,,0,116,,76135,4,,,0,80,,76136,4,,,0,37,,76137,4,,,0,95,,76138,4,,,0,158,,76130,4,0,44,0,100,,76139,4,,,0,107,,76140,4,,,0,100,,76141,4,,,0,118,,76142,4,,,0
1500,'5_3',727,,76144,4,,,0,21,,76145,4,,,0,155,,76146,4,,,0,117,,76147,4,,,0,116,,76148,4,,,0,80,,76149,4,,,0,37,,76150,4,,,0,95,,76151,4,,,0,158,,76143,4,0,44,0,100,,76152,4,,,0,107,,76153,4,,,0,100,,76154,4,,,0,118,,76155,4,,,0
1500,'5_4',727,,76157,4,,,0,21,,76158,4,,,0,155,,76159,4,,,0,117,,76160,4,,,0,116,,76161,4,,,0,80,,76162,4,,,0,37,,76163,4,,,0,95,,76164,4,,,0,158,,76156,4,0,44,0,100,,76165,4,,,0,107,,76166,4,,,0,100,,76167,4,,,0,118,,76168,4,,,0
1000000,'0_6',546,,68818,18,0,31 33,0,81,,68819,18,0,31 33,0,81,,68829,18,,,0,42,,68830,18,,,0,56,,68831,18,0,31 33,0,15,,68832,18,0,31 33,0,15,,68833,18,,,0,15,,68834,18,0,31 33,0,55,,68835,18,0,31 33,0,15,,68836,18,,,0,16,,68837,18,0,31 33,0,16,,68873,18,0,31 33,0,56,,68838,18,,,0,16,,68839,18,0,31 33,0,15,,68840,18,,,0,16,,68841,18,0,31 33,0,56,,68842,18,0,31 33,0,16,,68843,18,,,0,16,,68844,18,0,31 33,0,15,,68845,18,0,31 33,0,56,,68846,18,,,0,15,,68847,18,0,31 33,0,15,,68848,18,0,31 33,0,55,,68849,18,,,0,15,,68850,18,0,31 33,0,15,,68851,18,,,0,16,,68852,18,0,31 33,0,55,,68853,18,0,31 33,0,15,,68854,18,,,0,16,,68855,18,0,31 33,0,16,,68856,18,0,31 33,0,56,,68857,18,,,0,16,,68858,18,0,31 33,0,16,,68859,18,0,31 33,0,16,,68860,18,,,0,56,,68861,18,0,31 33,0,16,,68862,18,,,0,16,,68863,18,0,31 33,0,17,,68864,18,0,31 33,0,56,,68865,18,,,0,16,,68866,18,0,31 33,0,16,,68868,18,0,31 33,0,56,,68867,18,,,0,15,,68869,18,0,31 33,0,15,,68870,18,,,0,15,,68871,18,0,31 33,0,54,,68872,18,0,31 33,0,15,,68820,18,0,31 33,0,15,,68821,18,0,31 33,0,15,,68822,18,0,31 33,0,56,,68823,18,0,31 33,0,20,,68824,18,0,31 33,0,20,,68825,18,0,31 33,0,59,,68826,18,0,31 33,0,19,,68827,18,0,31 33,0,19,,68828,18,0,31 33,0
1000000,'1_7',820,,68874,18,0,31 33,0,80,,68875,18,0,31 33,0,40,,68876,18,0,31 33,0,80,,68877,18,0,31 33,0,80,,68878,18,0,31 33,0,40,,68879,18,0,31 33,0,80,,68880,18,0,31 33,0,80,,68881,18,0,31 33,0,40,,68882,18,0,31 33,0,80,,68883,18,0,31 33,0,80,,68884,18,0,31 33,0,40,,68885,18,0,31 33,0,80,,68886,18,0,31 33,0,80,,68887,18,0,31 33,0,40,,68888,18,0,31 33,0,80,,68889,18,0,31 33,0,80,,68890,18,0,31 33,0,40,,68891,18,0,31 33,0
1000000,'3_1',551,,69197,18,0,31 33,0,60,,69198,18,0,31 33,0,20,,69199,18,0,31 33,0,20,,69200,18,,,0,55,,69226,18,,,0,14,,69215,18,,,0,14,,69250,18,,,0,15,,69236,18,,,0,55,,69241,18,,,0,15,,69251,18,,,0,14,,69228,18,,,0,15,,69238,18,0,31 33,0,55,,69243,18,,,0,16,,69211,18,0,31 33,0,16,,69214,18,,,0,16,,69245,18,0,31 33,0,55,,69244,18,,,0,16,,69233,18,0,31 33,0,15,,69203,18,,,0,16,,69229,18,0,31 33,0,56,,69212,18,,,0,16,,69230,18,0,31 33,0,16,,69224,18,,,0,16,,69221,18,0,31 33,0,56,,69219,18,,,0,16,,69235,18,0,31 33,0,15,,69205,18,,,0,15,,69201,18,0,31 33,0,55,,69247,18,,,0,15,,69227,18,0,31 33,0,16,,69204,18,,,0,56,,69222,18,0,31 33,0,15,,69242,18,,,0,14,,69220,18,0,31 33,0,14,,69217,18,,,0,14,,69216,18,0,31 33,0,54,,69225,18,,,0,14,,69234,18,0,31 33,0,14,,69237,18,,,0,14,,69252,18,,,0,54,,69253,18,,,0,14,,69248,18,,,0,14,,69254,18,,,0,16,,69240,18,,,0,55,,69255,18,,,0,15,,69208,18,,,0,15,,69256,18,,,0,15,,69207,18,,,0,55,,69257,18,,,0,14,,69249,18,,,0,14,,69218,18,0,31 33,0,15,,69202,18,0,31 33,0,54,,69213,18,,,0,15,,69209,18,0,31 33,0,19,,69223,18,0,31 33,0,20,,69210,18,0,31 33,0,61,,69206,18,0,31 33,0,20,,69239,18,0,31 33,0,20,,69231,18,0,31 33,0,60,,69232,18,0,31 33,0,20,,69246,18,0,31 33,0
1000000,'3_2',551,,73575,18,0,31 33,0,60,,73576,18,0,31 33,0,20,,73577,18,0,31 33,0,20,,73578,18,,,0,55,,73604,18,,,0,14,,73593,18,,,0,14,,73628,18,,,0,15,,73614,18,,,0,55,,73619,18,,,0,15,,73629,18,,,0,14,,73606,18,,,0,15,,73616,18,0,31 33,0,55,,73621,18,,,0,16,,73589,18,0,31 33,0,16,,73592,18,,,0,16,,73623,18,0,31 33,0,55,,73622,18,,,0,16,,73611,18,0,31 33,0,15,,73581,18,,,0,16,,73607,18,0,31 33,0,56,,73590,18,,,0,16,,73608,18,0,31 33,0,16,,73602,18,,,0,16,,73599,18,0,31 33,0,56,,73597,18,,,0,16,,73613,18,0,31 33,0,15,,73583,18,,,0,15,,73579,18,0,31 33,0,55,,73625,18,,,0,15,,73605,18,0,31 33,0,16,,73582,18,,,0,56,,73600,18,0,31 33,0,15,,73620,18,,,0,14,,73598,18,0,31 33,0,14,,73595,18,,,0,14,,73594,18,0,31 33,0,54,,73603,18,,,0,14,,73612,18,0,31 33,0,14,,73615,18,,,0,14,,73630,18,,,0,54,,73631,18,,,0,14,,73626,18,,,0,14,,73632,18,,,0,16,,73618,18,,,0,55,,73633,18,,,0,15,,73586,18,,,0,15,,73634,18,,,0,15,,73585,18,,,0,55,,73635,18,,,0,14,,73627,18,,,0,14,,73596,18,0,31 33,0,15,,73580,18,0,31 33,0,54,,73591,18,,,0,15,,73587,18,0,31 33,0,19,,73601,18,0,31 33,0,20,,73588,18,0,31 33,0,61,,73584,18,0,31 33,0,20,,73617,18,0,31 33,0,20,,73609,18,0,31 33,0,60,,73610,18,0,31 33,0,20,,73624,18,0,31 33,0
1000000,'3_3',551,,69258,18,0,31 33,0,60,,69259,18,0,31 33,0,20,,69260,18,0,31 33,0,20,,69261,18,,,0,55,,69287,18,,,0,14,,69276,18,,,0,14,,69311,18,,,0,15,,69297,18,,,0,55,,69302,18,,,0,15,,69312,18,,,0,14,,69289,18,,,0,15,,69299,18,0,31 33,0,55,,69304,18,,,0,16,,69272,18,0,31 33,0,16,,69275,18,,,0,16,,69306,18,0,31 33,0,55,,69305,18,,,0,16,,69294,18,0,31 33,0,15,,69264,18,,,0,16,,69290,18,0,31 33,0,56,,69273,18,,,0,16,,69291,18,0,31 33,0,16,,69285,18,,,0,16,,69282,18,0,31 33,0,56,,69280,18,,,0,16,,69296,18,0,31 33,0,15,,69266,18,,,0,15,,69262,18,0,31 33,0,55,,69308,18,,,0,15,,69288,18,0,31 33,0,16,,69265,18,,,0,56,,69283,18,0,31 33,0,15,,69303,18,,,0,14,,69281,18,0,31 33,0,14,,69278,18,,,0,14,,69277,18,0,31 33,0,54,,69286,18,,,0,14,,69295,18,0,31 33,0,14,,69298,18,,,0,14,,69313,18,,,0,54,,69314,18,,,0,14,,69309,18,,,0,14,,69315,18,,,0,16,,69301,18,,,0,55,,69316,18,,,0,15,,69269,18,,,0,15,,69317,18,,,0,15,,69268,18,,,0,55,,69318,18,,,0,14,,69310,18,,,0,14,,69279,18,0,31 33,0,15,,69263,18,0,31 33,0,54,,69274,18,,,0,15,,69270,18,0,31 33,0,19,,69284,18,0,31 33,0,20,,69271,18,0,31 33,0,61,,69267,18,0,31 33,0,20,,69300,18,0,31 33,0,20,,69292,18,0,31 33,0,60,,69293,18,0,31 33,0,20,,69307,18,0,31 33,0
1000000,'3_4',551,,69319,18,0,31 33,0,60,,69320,18,0,31 33,0,20,,69321,18,0,31 33,0,20,,69322,18,,,0,55,,69348,18,,,0,14,,69337,18,,,0,14,,69372,18,,,0,15,,69358,18,,,0,55,,69363,18,,,0,15,,69373,18,,,0,14,,69350,18,,,0,15,,69360,18,0,31 33,0,55,,69365,18,,,0,16,,69333,18,0,31 33,0,16,,69336,18,,,0,16,,69367,18,0,31 33,0,55,,69366,18,,,0,16,,69355,18,0,31 33,0,15,,69325,18,,,0,16,,69351,18,0,31 33,0,56,,69334,18,,,0,16,,69352,18,0,31 33,0,16,,69346,18,,,0,16,,69343,18,0,31 33,0,56,,69341,18,,,0,16,,69357,18,0,31 33,0,15,,69327,18,,,0,15,,69323,18,0,31 33,0,55,,69369,18,,,0,15,,69349,18,0,31 33,0,16,,69326,18,,,0,56,,69344,18,0,31 33,0,15,,69364,18,,,0,14,,69342,18,0,31 33,0,14,,69339,18,,,0,14,,69338,18,0,31 33,0,54,,69347,18,,,0,14,,69356,18,0,31 33,0,14,,69359,18,,,0,14,,69374,18,,,0,54,,69375,18,,,0,14,,69370,18,,,0,14,,69376,18,,,0,16,,69362,18,,,0,55,,69377,18,,,0,15,,69330,18,,,0,15,,69378,18,,,0,15,,69329,18,,,0,55,,69379,18,,,0,14,,69371,18,,,0,14,,69340,18,0,31 33,0,15,,69324,18,0,31 33,0,54,,69335,18,,,0,15,,69331,18,0,31 33,0,19,,69345,18,0,31 33,0,20,,69332,18,0,31 33,0,61,,69328,18,0,31 33,0,20,,69361,18,0,31 33,0,20,,69353,18,0,31 33,0,60,,69354,18,0,31 33,0,20,,69368,18,0,31 33,0
1000000,'3_5',551,,69380,18,0,31 33,0,60,,69381,18,0,31 33,0,20,,69382,18,0,31 33,0,20,,69383,18,,,0,55,,69409,18,,,0,14,,69398,18,,,0,14,,69433,18,,,0,15,,69419,18,,,0,55,,69424,18,,,0,15,,69434,18,,,0,14,,69411,18,,,0,15,,69421,18,0,31 33,0,55,,69426,18,,,0,16,,69394,18,0,31 33,0,16,,69397,18,,,0,16,,69428,18,0,31 33,0,55,,69427,18,,,0,16,,69416,18,0,31 33,0,15,,69386,18,,,0,16,,69412,18,0,31 33,0,56,,69395,18,,,0,16,,69413,18,0,31 33,0,16,,69407,18,,,0,16,,69404,18,0,31 33,0,56,,69402,18,,,0,16,,69418,18,0,31 33,0,15,,69388,18,,,0,15,,69384,18,0,31 33,0,55,,69430,18,,,0,15,,69410,18,0,31 33,0,16,,69387,18,,,0,56,,69405,18,0,31 33,0,15,,69425,18,,,0,14,,69403,18,0,31 33,0,14,,69400,18,,,0,14,,69399,18,0,31 33,0,54,,69408,18,,,0,14,,69417,18,0,31 33,0,14,,69420,18,,,0,14,,69435,18,,,0,54,,69436,18,,,0,14,,69431,18,,,0,14,,69437,18,,,0,16,,69423,18,,,0,55,,69438,18,,,0,15,,69391,18,,,0,15,,69439,18,,,0,15,,69390,18,,,0,55,,69440,18,,,0,14,,69432,18,,,0,14,,69401,18,0,31 33,0,15,,69385,18,0,31 33,0,54,,69396,18,,,0,15,,69392,18,0,31 33,0,19,,69406,18,0,31 33,0,20,,69393,18,0,31 33,0,61,,69389,18,0,31 33,0,20,,69422,18,0,31 33,0,20,,69414,18,0,31 33,0,60,,69415,18,0,31 33,0,20,,69429,18,0,31 33,0
1000000,'5_1',551,,74535,18,0,31 33,0,60,,74536,18,0,31 33,0,20,,74537,18,0,31 33,0,20,,74538,18,,,0,55,,74564,18,,,0,14,,74553,18,,,0,14,,74588,18,,,0,15,,74574,18,,,0,55,,74579,18,,,0,15,,74589,18,,,0,14,,74566,18,,,0,15,,74576,18,0,31 33,0,55,,74581,18,,,0,16,,74549,18,0,31 33,0,16,,74552,18,,,0,16,,74583,18,0,31 33,0,55,,74582,18,,,0,16,,74571,18,0,31 33,0,15,,74541,18,,,0,16,,74567,18,0,31 33,0,56,,74550,18,,,0,16,,74568,18,0,31 33,0,16,,74562,18,,,0,16,,74559,18,0,31 33,0,56,,74557,18,,,0,16,,74573,18,0,31 33,0,15,,74543,18,,,0,15,,74539,18,0,31 33,0,55,,74585,18,,,0,15,,74565,18,0,31 33,0,16,,74542,18,,,0,56,,74560,18,0,31 33,0,15,,74580,18,,,0,14,,74558,18,0,31 33,0,14,,74555,18,,,0,14,,74554,18,0,31 33,0,54,,74563,18,,,0,14,,74572,18,0,31 33,0,14,,74575,18,,,0,14,,74590,18,,,0,54,,74591,18,,,0,14,,74586,18,,,0,14,,74592,18,,,0,16,,74578,18,,,0,55,,74593,18,,,0,15,,74546,18,,,0,15,,74594,18,,,0,15,,74545,18,,,0,55,,74595,18,,,0,14,,74587,18,,,0,14,,74556,18,0,31 33,0,15,,74540,18,0,31 33,0,54,,74551,18,,,0,15,,74547,18,0,31 33,0,19,,74561,18,0,31 33,0,20,,74548,18,0,31 33,0,61,,74544,18,0,31 33,0,20,,74577,18,0,31 33,0,20,,74569,18,0,31 33,0,60,,74570,18,0,31 33,0,20,,74584,18,0,31 33,0
1000000,'5_2',551,,76619,18,0,31 33,0,60,,76620,18,0,31 33,0,20,,76621,18,0,31 33,0,20,,76622,18,,,0,55,,76648,18,,,0,14,,76637,18,,,0,14,,76672,18,,,0,15,,76658,18,,,0,55,,76663,18,,,0,15,,76673,18,,,0,14,,76650,18,,,0,15,,76660,18,0,31 33,0,55,,76665,18,,,0,16,,76633,18,0,31 33,0,16,,76636,18,,,0,16,,76667,18,0,31 33,0,55,,76666,18,,,0,16,,76655,18,0,31 33,0,15,,76625,18,,,0,16,,76651,18,0,31 33,0,56,,76634,18,,,0,16,,76652,18,0,31 33,0,16,,76646,18,,,0,16,,76643,18,0,31 33,0,56,,76641,18,,,0,16,,76657,18,0,31 33,0,15,,76627,18,,,0,15,,76623,18,0,31 33,0,55,,76669,18,,,0,15,,76649,18,0,31 33,0,16,,76626,18,,,0,56,,76644,18,0,31 33,0,15,,76664,18,,,0,14,,76642,18,0,31 33,0,14,,76639,18,,,0,14,,76638,18,0,31 33,0,54,,76647,18,,,0,14,,76656,18,0,31 33,0,14,,76659,18,,,0,14,,76674,18,,,0,54,,76675,18,,,0,14,,76670,18,,,0,14,,76676,18,,,0,16,,76662,18,,,0,55,,76677,18,,,0,15,,76630,18,,,0,15,,76678,18,,,0,15,,76629,18,,,0,55,,76679,18,,,0,14,,76671,18,,,0,14,,76640,18,0,31 33,0,15,,76624,18,0,31 33,0,54,,76635,18,,,0,15,,76631,18,0,31 33,0,19,,76645,18,0,31 33,0,20,,76632,18,0,31 33,0,61,,76628,18,0,31 33,0,20,,76661,18,0,31 33,0,20,,76653,18,0,31 33,0,60,,76654,18,0,31 33,0,20,,76668,18,0,31 33,0
1000000,'5_3',551,,76680,18,0,31 33,0,60,,76681,18,0,31 33,0,20,,76682,18,0,31 33,0,20,,76683,18,,,0,55,,76709,18,,,0,14,,76698,18,,,0,14,,76733,18,,,0,15,,76719,18,,,0,55,,76724,18,,,0,15,,76734,18,,,0,14,,76711,18,,,0,15,,76721,18,0,31 33,0,55,,76726,18,,,0,16,,76694,18,0,31 33,0,16,,76697,18,,,0,16,,76728,18,0,31 33,0,55,,76727,18,,,0,16,,76716,18,0,31 33,0,15,,76686,18,,,0,16,,76712,18,0,31 33,0,56,,76695,18,,,0,16,,76713,18,0,31 33,0,16,,76707,18,,,0,16,,76704,18,0,31 33,0,56,,76702,18,,,0,16,,76718,18,0,31 33,0,15,,76688,18,,,0,15,,76684,18,0,31 33,0,55,,76730,18,,,0,15,,76710,18,0,31 33,0,16,,76687,18,,,0,56,,76705,18,0,31 33,0,15,,76725,18,,,0,14,,76703,18,0,31 33,0,14,,76700,18,,,0,14,,76699,18,0,31 33,0,54,,76708,18,,,0,14,,76717,18,0,31 33,0,14,,76720,18,,,0,14,,76735,18,,,0,54,,76736,18,,,0,14,,76731,18,,,0,14,,76737,18,,,0,16,,76723,18,,,0,55,,76738,18,,,0,15,,76691,18,,,0,15,,76739,18,,,0,15,,76690,18,,,0,55,,76740,18,,,0,14,,76732,18,,,0,14,,76701,18,0,31 33,0,15,,76685,18,0,31 33,0,54,,76696,18,,,0,15,,76692,18,0,31 33,0,19,,76706,18,0,31 33,0,20,,76693,18,0,31 33,0,61,,76689,18,0,31 33,0,20,,76722,18,0,31 33,0,20,,76714,18,0,31 33,0,60,,76715,18,0,31 33,0,20,,76729,18,0,31 33,0
1000000,'5_4',551,,76741,18,0,31 33,0,60,,76742,18,0,31 33,0,20,,76743,18,0,31 33,0,20,,76744,18,,,0,55,,76770,18,,,0,14,,76759,18,,,0,14,,76794,18,,,0,15,,76780,18,,,0,55,,76785,18,,,0,15,,76795,18,,,0,14,,76772,18,,,0,15,,76782,18,0,31 33,0,55,,76787,18,,,0,16,,76755,18,0,31 33,0,16,,76758,18,,,0,16,,76789,18,0,31 33,0,55,,76788,18,,,0,16,,76777,18,0,31 33,0,15,,76747,18,,,0,16,,76773,18,0,31 33,0,56,,76756,18,,,0,16,,76774,18,0,31 33,0,16,,76768,18,,,0,16,,76765,18,0,31 33,0,56,,76763,18,,,0,16,,76779,18,0,31 33,0,15,,76749,18,,,0,15,,76745,18,0,31 33,0,55,,76791,18,,,0,15,,76771,18,0,31 33,0,16,,76748,18,,,0,56,,76766,18,0,31 33,0,15,,76786,18,,,0,14,,76764,18,0,31 33,0,14,,76761,18,,,0,14,,76760,18,0,31 33,0,54,,76769,18,,,0,14,,76778,18,0,31 33,0,14,,76781,18,,,0,14,,76796,18,,,0,54,,76797,18,,,0,14,,76792,18,,,0,14,,76798,18,,,0,16,,76784,18,,,0,55,,76799,18,,,0,15,,76752,18,,,0,15,,76800,18,,,0,15,,76751,18,,,0,55,,76801,18,,,0,14,,76793,18,,,0,14,,76762,18,0,31 33,0,15,,76746,18,0,31 33,0,54,,76757,18,,,0,15,,76753,18,0,31 33,0,19,,76767,18,0,31 33,0,20,,76754,18,0,31 33,0,61,,76750,18,0,31 33,0,20,,76783,18,0,31 33,0,20,,76775,18,0,31 33,0,60,,76776,18,0,31 33,0,20,,76790,18,0,31 33,0
