601,'0_6',611,,65847,8,,,0,102,,65848,8,,,0,35,,65849,8,,,0,99,,65850,8,,,0,92,,65851,8,,,0,101,,65852,8,,,0,84,,65853,8,,,0,98,,65854,8,,,0,78,,65862,8,,,0,54,,65863,8,0,69,0,84,,65855,8,,,0,87,,65856,8,,,0,94,,65857,8,,,0,90,,65858,8,,,0,91,,65859,8,,,0,51,,65860,8,,,0,86,,65861,8,,,0
601,'1_7',815,,65864,8,0,69,0,105,,65865,8,0,69,0,115,,65866,8,0,69,0,118,,65867,8,0,69,0,197,,65868,8,0,69,0,162,,65869,8,0,69,0,111,,65870,8,0,69,0,106,,65871,8,0,69,0,108,,65872,8,0,69,0
601,'7_1',611,,80643,8,,,0,102,,80644,8,,,0,35,,80645,8,,,0,99,,80646,8,,,0,92,,80647,8,,,0,101,,80648,8,,,0,84,,80649,8,,,0,98,,80650,8,,,0,78,,80658,8,,,0,54,,80659,8,0,69,0,84,,80651,8,,,0,87,,80652,8,,,0,94,,80653,8,,,0,90,,80654,8,,,0,91,,80655,8,,,0,51,,80656,8,,,0,86,,80657,8,,,0
601,'7_2',611,,82564,8,,,0,102,,82565,8,,,0,35,,82566,8,,,0,99,,82567,8,,,0,92,,82568,8,,,0,101,,82569,8,,,0,84,,82570,8,,,0,98,,82571,8,,,0,78,,82579,8,,,0,54,,82580,8,0,69,0,84,,82572,8,,,0,87,,82573,8,,,0,94,,82574,8,,,0,90,,82575,8,,,0,91,,82576,8,,,0,51,,82577,8,,,0,86,,82578,8,,,0
601,'7_3',611,,82581,8,,,0,102,,82582,8,,,0,35,,82583,8,,,0,99,,82584,8,,,0,92,,82585,8,,,0,101,,82586,8,,,0,84,,82587,8,,,0,98,,82588,8,,,0,78,,82596,8,,,0,54,,82597,8,0,69,0,84,,82589,8,,,0,87,,82590,8,,,0,94,,82591,8,,,0,90,,82592,8,,,0,91,,82593,8,,,0,51,,82594,8,,,0,86,,82595,8,,,0
601,'7_4',611,,79390,8,,,0,102,,79391,8,,,0,35,,79392,8,,,0,99,,79393,8,,,0,92,,79394,8,,,0,101,,79395,8,,,0,84,,79396,8,,,0,98,,79397,8,,,0,78,,79405,8,,,0,54,,79406,8,0,69,0,84,,79398,8,,,0,87,,79399,8,,,0,94,,79400,8,,,0,90,,79401,8,,,0,91,,79402,8,,,0,51,,79403,8,,,0,86,,79404,8,,,0
601,'7_5',611,,80660,8,,,0,102,,80661,8,,,0,35,,80662,8,,,0,99,,80663,8,,,0,92,,80664,8,,,0,101,,80665,8,,,0,84,,80666,8,,,0,98,,80667,8,,,0,78,,80675,8,,,0,54,,80676,8,0,69,0,84,,80668,8,,,0,87,,80669,8,,,0,94,,80670,8,,,0,90,,80671,8,,,0,91,,80672,8,,,0,51,,80673,8,,,0,86,,80674,8,,,0
601,'8_7',815,,84050,8,0,69,0,105,,84051,8,0,69,0,115,,84052,8,0,69,0,118,,84053,8,0,69,0,197,,84054,8,0,69,0,162,,84055,8,0,69,0,111,,84056,8,0,69,0,106,,84057,8,0,69,0,108,,84058,8,0,69,0
901,'0_6',738,,66610,4,,,0,99,,66618,4,0,66,0,264,,66621,4,,,0,56,,66619,4,0,66,0,366,,66622,4,,,0,91,,66611,4,,,0,95,,66612,4,,,0,129,,66613,4,,,0,95,,66614,4,,,0
901,'7_1',738,,80797,4,,,0,99,,80805,4,0,66,0,264,,80808,4,,,0,56,,80806,4,0,66,0,366,,80809,4,,,0,91,,80798,4,,,0,95,,80799,4,,,0,129,,80800,4,,,0,95,,80801,4,,,0
901,'7_2',738,,82718,4,,,0,99,,82726,4,0,66,0,264,,82729,4,,,0,56,,82727,4,0,66,0,366,,82730,4,,,0,91,,82719,4,,,0,95,,82720,4,,,0,129,,82721,4,,,0,95,,82722,4,,,0
901,'7_3',738,,82731,4,,,0,99,,82739,4,0,66,0,264,,82742,4,,,0,56,,82740,4,0,66,0,366,,82743,4,,,0,91,,82732,4,,,0,95,,82733,4,,,0,129,,82734,4,,,0,95,,82735,4,,,0
901,'7_4',738,,79467,4,,,0,99,,79475,4,0,66,0,264,,79478,4,,,0,56,,79476,4,0,66,0,366,,79479,4,,,0,91,,79468,4,,,0,95,,79469,4,,,0,129,,79470,4,,,0,95,,79471,4,,,0
901,'7_5',738,,80810,4,,,0,99,,80818,4,0,66,0,264,,80821,4,,,0,56,,80819,4,0,66,0,366,,80822,4,,,0,91,,80811,4,,,0,95,,80812,4,,,0,129,,80813,4,,,0,95,,80814,4,,,0
2601,'0_6',739,,68098,20,,,0,86,,68101,20,,,0,85,,68102,20,,,0,47,,68103,20,,,0,90,,68104,20,,,0,84,,68105,20,,,0,83,,68106,20,,,0,45,,68107,20,,,0,82,,68108,20,,,0,85,,68109,20,,,0,86,,68110,20,,,0,90,,68111,20,,,0,46,,68112,20,,,0,81,,68113,20,,,0,86,,68114,20,,,0,43,,68100,20,,,0,81,,68099,20,,,0
2601,'7_1',739,,81082,20,,,0,86,,81083,20,,,0,85,,81084,20,,,0,47,,81085,20,,,0,90,,81086,20,,,0,84,,81087,20,,,0,83,,81088,20,,,0,45,,81089,20,,,0,82,,81090,20,,,0,85,,81091,20,,,0,86,,81092,20,,,0,90,,81093,20,,,0,46,,81094,20,,,0,81,,81095,20,,,0,86,,81096,20,,,0,43,,81097,20,,,0,81,,81098,20,,,0
2601,'7_2',739,,83002,20,,,0,86,,83003,20,,,0,85,,83004,20,,,0,47,,83005,20,,,0,90,,83006,20,,,0,84,,83007,20,,,0,83,,83008,20,,,0,45,,83009,20,,,0,82,,83010,20,,,0,85,,83011,20,,,0,86,,83012,20,,,0,90,,83013,20,,,0,46,,83014,20,,,0,81,,83015,20,,,0,86,,83016,20,,,0,43,,83017,20,,,0,81,,83018,20,,,0
2601,'7_3',739,,83019,20,,,0,86,,83020,20,,,0,85,,83021,20,,,0,47,,83022,20,,,0,90,,83023,20,,,0,84,,83024,20,,,0,83,,83025,20,,,0,45,,83026,20,,,0,82,,83027,20,,,0,85,,83028,20,,,0,86,,83029,20,,,0,90,,83030,20,,,0,46,,83031,20,,,0,81,,83032,20,,,0,86,,83033,20,,,0,43,,83034,20,,,0,81,,83035,20,,,0
2601,'7_4',739,,79609,20,,,0,86,,79610,20,,,0,85,,79611,20,,,0,47,,79612,20,,,0,90,,79613,20,,,0,84,,79614,20,,,0,83,,79615,20,,,0,45,,79616,20,,,0,82,,79617,20,,,0,85,,79618,20,,,0,86,,79619,20,,,0,90,,79620,20,,,0,46,,79621,20,,,0,81,,79622,20,,,0,86,,79623,20,,,0,43,,79624,20,,,0,81,,79625,20,,,0
2601,'7_5',739,,81099,20,,,0,86,,81100,20,,,0,85,,81101,20,,,0,47,,81102,20,,,0,90,,81103,20,,,0,84,,81104,20,,,0,83,,81105,20,,,0,45,,81106,20,,,0,82,,81107,20,,,0,85,,81108,20,,,0,86,,81109,20,,,0,90,,81110,20,,,0,46,,81111,20,,,0,81,,81112,20,,,0,86,,81113,20,,,0,43,,81114,20,,,0,81,,81115,20,,,0
