1000001,'0_4',559,,100735,27,4,,0,60,,100736,27,4,,0,20,,100737,27,4,,0,61,,100738,27,4,,0,22,,100739,27,4,,0,10,,100819,27,4,,0,10,,100820,27,4,,0,11,,100770,33,4,,0,50,,100771,33,4,,0,9,,100772,33,4,,0,11,,100773,33,4,,0,10,,100774,33,4,,0,10,,100775,33,4,,0,10,,100776,33,4,,0,50,,100777,33,4,,0,10,,100778,33,4,,0,9,,100779,33,4,,0,10,,100780,33,4,,0,12,,100781,33,4,,0,12,,100740,27,4,,0,51,,100741,33,4,,0,10,,100742,27,4,,0,9,,100743,33,4,,0,11,,100744,27,4,,0,11,,100782,33,4,,0,11,,100745,27,4,,0,51,,100746,33,4,,0,10,,100747,27,4,,0,11,,100748,33,4,,0,10,,100749,27,4,,0,11,,100783,33,4,,0,52,,100750,27,4,,0,11,,100751,33,4,,0,10,,100752,27,4,,0,8,,100753,33,4,,0,9,,100784,27,4,,0,10,,100785,33,4,,0,50,,100786,27,4,,0,10,,100787,33,4,,0,10,,100788,27,4,,0,10,,100789,33,4,,0,10,,100790,27,4,,0,9,,100791,33,4,,0,50,,100792,27,4,,0,11,,100793,33,4,,0,10,,100794,27,4,,0,10,,100795,33,4,,0,10,,100796,27,4,,0,11,,100754,33,4,,0,50,,100755,27,4,,0,9,,100797,33,4,,0,10,,100756,27,4,,0,9,,100757,33,4,,0,11,,100758,27,4,,0,11,,100798,33,4,,0,52,,100759,27,4,,0,12,,100760,33,4,,0,11,,100761,27,4,,0,10,,100762,33,4,,0,9,,100763,33,4,,0,10,,100799,33,4,,0,52,,100800,33,4,,0,11,,100801,33,4,,0,12,,100802,33,4,,0,11,,100803,33,4,,0,8,,100804,33,4,,0,49,,100805,33,4,,0,9,,100806,33,4,,0,8,,100807,33,4,,0,10,,100808,33,4,,0,9,,100809,33,4,,0,8,,100810,33,4,,0,9,,100811,33,4,,0,49,,100812,33,4,,0,8,,100813,33,4,,0,9,,100814,27,4,,0,9,,100815,33,4,,0,10,,100816,27,4,,0,12,,100818,33,4,,0,59,,100817,33,4,,0,20,,100764,27,4,,0,20,,100765,27,4,,0,59,,100766,27,4,,0,20,,100767,27,4,,0,19,,100768,27,4,,0,60,,100769,27,4,,0
1000001,'0_5',559,,100821,27,4,,0,60,,100822,27,4,,0,20,,100823,27,4,,0,61,,100824,27,4,,0,22,,100825,27,4,,0,10,,100905,27,4,,0,10,,100906,27,4,,0,11,,100856,33,4,,0,50,,100857,33,4,,0,9,,100858,33,4,,0,11,,100859,33,4,,0,10,,100860,33,4,,0,10,,100861,33,4,,0,10,,100862,33,4,,0,50,,100863,33,4,,0,10,,100864,33,4,,0,9,,100865,33,4,,0,10,,100866,33,4,,0,12,,100867,33,4,,0,12,,100826,27,4,,0,51,,100827,33,4,,0,10,,100828,27,4,,0,9,,100829,33,4,,0,11,,100830,27,4,,0,11,,100868,33,4,,0,11,,100831,27,4,,0,51,,100832,33,4,,0,10,,100833,27,4,,0,11,,100834,33,4,,0,10,,100835,27,4,,0,11,,100869,33,4,,0,52,,100836,27,4,,0,11,,100837,33,4,,0,10,,100838,27,4,,0,8,,100839,33,4,,0,9,,100870,27,4,,0,10,,100871,33,4,,0,50,,100872,27,4,,0,10,,100873,33,4,,0,10,,100874,27,4,,0,10,,100875,33,4,,0,10,,100876,27,4,,0,9,,100877,33,4,,0,50,,100878,27,4,,0,11,,100879,33,4,,0,10,,100880,27,4,,0,10,,100881,33,4,,0,10,,100882,27,4,,0,11,,100840,33,4,,0,50,,100841,27,4,,0,9,,100883,33,4,,0,10,,100842,27,4,,0,9,,100843,33,4,,0,11,,100844,27,4,,0,11,,100884,33,4,,0,52,,100845,27,4,,0,12,,100846,33,4,,0,11,,100847,27,4,,0,10,,100848,33,4,,0,9,,100849,33,4,,0,10,,100885,33,4,,0,52,,100886,33,4,,0,11,,100887,33,4,,0,12,,100888,33,4,,0,11,,100889,33,4,,0,8,,100890,33,4,,0,49,,100891,33,4,,0,9,,100892,33,4,,0,8,,100893,33,4,,0,10,,100894,33,4,,0,9,,100895,33,4,,0,8,,100896,33,4,,0,9,,100897,33,4,,0,49,,100898,33,4,,0,8,,100899,33,4,,0,9,,100900,27,4,,0,9,,100901,33,4,,0,10,,100902,27,4,,0,12,,100904,33,4,,0,59,,100903,33,4,,0,20,,100850,27,4,,0,20,,100851,27,4,,0,59,,100852,27,4,,0,20,,100853,27,4,,0,19,,100854,27,4,,0,60,,100855,27,4,,0
1000001,'1_3',559,,100907,27,4,,0,60,,100908,27,4,,0,20,,100909,27,4,,0,61,,100910,27,4,,0,22,,100911,27,4,,0,10,,100991,27,4,,0,10,,100992,27,4,,0,11,,100942,33,4,,0,50,,100943,33,4,,0,9,,100944,33,4,,0,11,,100945,33,4,,0,10,,100946,33,4,,0,10,,100947,33,4,,0,10,,100948,33,4,,0,50,,100949,33,4,,0,10,,100950,33,4,,0,9,,100951,33,4,,0,10,,100952,33,4,,0,12,,100953,33,4,,0,12,,100912,27,4,,0,51,,100913,33,4,,0,10,,100914,27,4,,0,9,,100915,33,4,,0,11,,100916,27,4,,0,11,,100954,33,4,,0,11,,100917,27,4,,0,51,,100918,33,4,,0,10,,100919,27,4,,0,11,,100920,33,4,,0,10,,100921,27,4,,0,11,,100955,33,4,,0,52,,100922,27,4,,0,11,,100923,33,4,,0,10,,100924,27,4,,0,8,,100925,33,4,,0,9,,100956,27,4,,0,10,,100957,33,4,,0,50,,100958,27,4,,0,10,,100959,33,4,,0,10,,100960,27,4,,0,10,,100961,33,4,,0,10,,100962,27,4,,0,9,,100963,33,4,,0,50,,100964,27,4,,0,11,,100965,33,4,,0,10,,100966,27,4,,0,10,,100967,33,4,,0,10,,100968,27,4,,0,11,,100926,33,4,,0,50,,100927,27,4,,0,9,,100969,33,4,,0,10,,100928,27,4,,0,9,,100929,33,4,,0,11,,100930,27,4,,0,11,,100970,33,4,,0,52,,100931,27,4,,0,12,,100932,33,4,,0,11,,100933,27,4,,0,10,,100934,33,4,,0,9,,100935,33,4,,0,10,,100971,33,4,,0,52,,100972,33,4,,0,11,,100973,33,4,,0,12,,100974,33,4,,0,11,,100975,33,4,,0,8,,100976,33,4,,0,49,,100977,33,4,,0,9,,100978,33,4,,0,8,,100979,33,4,,0,10,,100980,33,4,,0,9,,100981,33,4,,0,8,,100982,33,4,,0,9,,100983,33,4,,0,49,,100984,33,4,,0,8,,100985,33,4,,0,9,,100986,27,4,,0,9,,100987,33,4,,0,10,,100988,27,4,,0,12,,100990,33,4,,0,59,,100989,33,4,,0,20,,100936,27,4,,0,20,,100937,27,4,,0,59,,100938,27,4,,0,20,,100939,27,4,,0,19,,100940,27,4,,0,60,,100941,27,4,,0
1000001,'2_6',559,,100993,27,4,,0,82,,100994,27,4,,0,81,,100995,27,4,,0,30,,100996,27,4,,0,70,,100997,33,4,,0,29,,100998,33,4,,0,54,,100999,27,4,,0,16,,101000,27,4,,0,15,,101001,33,4,,0,16,,101002,27,4,,0,55,,101003,27,4,,0,15,,101004,33,4,,0,16,,101005,27,4,,0,15,,101006,27,4,,0,56,,101007,33,4,,0,15,,101008,27,4,,0,15,,101009,27,4,,0,16,,101010,33,4,,0,54,,101011,27,4,,0,16,,101012,27,4,,0,15,,101013,33,4,,0,14,,101014,27,4,,0,57,,101015,27,4,,0,16,,101016,33,4,,0,9,,101017,27,4,,0,9,,101018,27,4,,0,9,,101019,27,4,,0,50,,101021,27,4,,0,10,,101020,33,4,,0,10,,101022,27,4,,0,11,,101023,27,4,,0,12,,101024,33,4,,0,9,,101025,27,4,,0,49,,101026,27,4,,0,10,,101027,27,4,,0,11,,101028,33,4,,0,10,,101029,27,4,,0,10,,101030,27,4,,0,11,,101031,27,4,,0,51,,101032,33,4,,0,9,,101033,27,4,,0,10,,101034,27,4,,0,11,,101035,27,4,,0,13,,101036,33,4,,0,49,,101037,27,4,,0,9,,101038,27,4,,0,10,,101039,27,4,,0,9,,101041,27,4,,0,9,,101040,33,4,,0,10,,101042,27,4,,0,9,,101043,27,4,,0,50,,101045,27,4,,0,9,,101044,33,4,,0,9,,101046,27,4,,0,9,,101047,27,4,,0,9,,101049,27,4,,0,10,,101048,33,4,,0,50,,101050,27,4,,0,13,,101051,27,4,,0,18,,101052,33,4,,0,17,,101053,27,4,,0,60,,101054,27,4,,0,21,,101055,27,4,,0,16,,101056,27,4,,0,59,,101057,27,4,,0,20,,101058,27,4,,0,20,,101059,27,4,,0,60,,101060,27,4,,0
1000001,'3_7',830,,101061,27,4,,0,80,,101062,27,4,,0,40,,101063,27,4,,0,80,,101064,27,4,,0,80,,101065,27,4,,0,40,,101066,27,4,,0,80,,101067,27,4,,0,80,,101068,27,4,,0,40,,101069,27,4,,0,80,,101070,27,4,,0,80,,101071,27,4,,0,40,,101072,27,4,,0,80,,101073,27,4,,0,80,,101074,27,4,,0,40,,101075,27,4,,0,80,,101076,27,4,,0,80,,101077,27,4,,0,40,,101078,27,4,,0
1000001,'4_1',559,,101079,27,4,,0,60,,101080,27,4,,0,20,,101081,27,4,,0,61,,101082,27,4,,0,22,,101083,27,4,,0,10,,101163,27,4,,0,10,,101164,27,4,,0,11,,101114,33,4,,0,50,,101115,33,4,,0,9,,101116,33,4,,0,11,,101117,33,4,,0,10,,101118,33,4,,0,10,,101119,33,4,,0,10,,101120,33,4,,0,50,,101121,33,4,,0,10,,101122,33,4,,0,9,,101123,33,4,,0,10,,101124,33,4,,0,12,,101125,33,4,,0,12,,101084,27,4,,0,51,,101085,33,4,,0,10,,101086,27,4,,0,9,,101087,33,4,,0,11,,101088,27,4,,0,11,,101126,33,4,,0,11,,101089,27,4,,0,51,,101090,33,4,,0,10,,101091,27,4,,0,11,,101092,33,4,,0,10,,101093,27,4,,0,11,,101127,33,4,,0,52,,101094,27,4,,0,11,,101095,33,4,,0,10,,101096,27,4,,0,8,,101097,33,4,,0,9,,101128,27,4,,0,10,,101129,33,4,,0,50,,101130,27,4,,0,10,,101131,33,4,,0,10,,101132,27,4,,0,10,,101133,33,4,,0,10,,101134,27,4,,0,9,,101135,33,4,,0,50,,101136,27,4,,0,11,,101137,33,4,,0,10,,101138,27,4,,0,10,,101139,33,4,,0,10,,101140,27,4,,0,11,,101098,33,4,,0,50,,101099,27,4,,0,9,,101141,33,4,,0,10,,101100,27,4,,0,9,,101101,33,4,,0,11,,101102,27,4,,0,11,,101142,33,4,,0,52,,101103,27,4,,0,12,,101104,33,4,,0,11,,101105,27,4,,0,10,,101106,33,4,,0,9,,101107,33,4,,0,10,,101143,33,4,,0,52,,101144,33,4,,0,11,,101145,33,4,,0,12,,101146,33,4,,0,11,,101147,33,4,,0,8,,101148,33,4,,0,49,,101149,33,4,,0,9,,101150,33,4,,0,8,,101151,33,4,,0,10,,101152,33,4,,0,9,,101153,33,4,,0,8,,101154,33,4,,0,9,,101155,33,4,,0,49,,101156,33,4,,0,8,,101157,33,4,,0,9,,101158,27,4,,0,9,,101159,33,4,,0,10,,101160,27,4,,0,12,,101162,33,4,,0,59,,101161,33,4,,0,20,,101108,27,4,,0,20,,101109,27,4,,0,59,,101110,27,4,,0,20,,101111,27,4,,0,19,,101112,27,4,,0,60,,101113,27,4,,0
1000001,'4_2',559,,101165,27,4,,0,60,,101166,27,4,,0,20,,101167,27,4,,0,61,,101168,27,4,,0,22,,101169,27,4,,0,10,,101249,27,4,,0,10,,101250,27,4,,0,11,,101200,33,4,,0,50,,101201,33,4,,0,9,,101202,33,4,,0,11,,101203,33,4,,0,10,,101204,33,4,,0,10,,101205,33,4,,0,10,,101206,33,4,,0,50,,101207,33,4,,0,10,,101208,33,4,,0,9,,101209,33,4,,0,10,,101210,33,4,,0,12,,101211,33,4,,0,12,,101170,27,4,,0,51,,101171,33,4,,0,10,,101172,27,4,,0,9,,101173,33,4,,0,11,,101174,27,4,,0,11,,101212,33,4,,0,11,,101175,27,4,,0,51,,101176,33,4,,0,10,,101177,27,4,,0,11,,101178,33,4,,0,10,,101179,27,4,,0,11,,101213,33,4,,0,52,,101180,27,4,,0,11,,101181,33,4,,0,10,,101182,27,4,,0,8,,101183,33,4,,0,9,,101214,27,4,,0,10,,101215,33,4,,0,50,,101216,27,4,,0,10,,101217,33,4,,0,10,,101218,27,4,,0,10,,101219,33,4,,0,10,,101220,27,4,,0,9,,101221,33,4,,0,50,,101222,27,4,,0,11,,101223,33,4,,0,10,,101224,27,4,,0,10,,101225,33,4,,0,10,,101226,27,4,,0,11,,101184,33,4,,0,50,,101185,27,4,,0,9,,101227,33,4,,0,10,,101186,27,4,,0,9,,101187,33,4,,0,11,,101188,27,4,,0,11,,101228,33,4,,0,52,,101189,27,4,,0,12,,101190,33,4,,0,11,,101191,27,4,,0,10,,101192,33,4,,0,9,,101193,33,4,,0,10,,101229,33,4,,0,52,,101230,33,4,,0,11,,101231,33,4,,0,12,,101232,33,4,,0,11,,101233,33,4,,0,8,,101234,33,4,,0,49,,101235,33,4,,0,9,,101236,33,4,,0,8,,101237,33,4,,0,10,,101238,33,4,,0,9,,101239,33,4,,0,8,,101240,33,4,,0,9,,101241,33,4,,0,49,,101242,33,4,,0,8,,101243,33,4,,0,9,,101244,27,4,,0,9,,101245,33,4,,0,10,,101246,27,4,,0,12,,101248,33,4,,0,59,,101247,33,4,,0,20,,101194,27,4,,0,20,,101195,27,4,,0,59,,101196,27,4,,0,20,,101197,27,4,,0,19,,101198,27,4,,0,60,,101199,27,4,,0
1000001,'4_4',559,,101251,27,4,,0,60,,101252,27,4,,0,20,,101253,27,4,,0,61,,101254,27,4,,0,22,,101255,27,4,,0,10,,101335,27,4,,0,10,,101336,27,4,,0,11,,101286,33,4,,0,50,,101287,33,4,,0,9,,101288,33,4,,0,11,,101289,33,4,,0,10,,101290,33,4,,0,10,,101291,33,4,,0,10,,101292,33,4,,0,50,,101293,33,4,,0,10,,101294,33,4,,0,9,,101295,33,4,,0,10,,101296,33,4,,0,12,,101297,33,4,,0,12,,101256,27,4,,0,51,,101257,33,4,,0,10,,101258,27,4,,0,9,,101259,33,4,,0,11,,101260,27,4,,0,11,,101298,33,4,,0,11,,101261,27,4,,0,51,,101262,33,4,,0,10,,101263,27,4,,0,11,,101264,33,4,,0,10,,101265,27,4,,0,11,,101299,33,4,,0,52,,101266,27,4,,0,11,,101267,33,4,,0,10,,101268,27,4,,0,8,,101269,33,4,,0,9,,101300,27,4,,0,10,,101301,33,4,,0,50,,101302,27,4,,0,10,,101303,33,4,,0,10,,101304,27,4,,0,10,,101305,33,4,,0,10,,101306,27,4,,0,9,,101307,33,4,,0,50,,101308,27,4,,0,11,,101309,33,4,,0,10,,101310,27,4,,0,10,,101311,33,4,,0,10,,101312,27,4,,0,11,,101270,33,4,,0,50,,101271,27,4,,0,9,,101313,33,4,,0,10,,101272,27,4,,0,9,,101273,33,4,,0,11,,101274,27,4,,0,11,,101314,33,4,,0,52,,101275,27,4,,0,12,,101276,33,4,,0,11,,101277,27,4,,0,10,,101278,33,4,,0,9,,101279,33,4,,0,10,,101315,33,4,,0,52,,101316,33,4,,0,11,,101317,33,4,,0,12,,101318,33,4,,0,11,,101319,33,4,,0,8,,101320,33,4,,0,49,,101321,33,4,,0,9,,101322,33,4,,0,8,,101323,33,4,,0,10,,101324,33,4,,0,9,,101325,33,4,,0,8,,101326,33,4,,0,9,,101327,33,4,,0,49,,101328,33,4,,0,8,,101329,33,4,,0,9,,101330,27,4,,0,9,,101331,33,4,,0,10,,101332,27,4,,0,12,,101334,33,4,,0,59,,101333,33,4,,0,20,,101280,27,4,,0,20,,101281,27,4,,0,59,,101282,27,4,,0,20,,101283,27,4,,0,19,,101284,27,4,,0,60,,101285,27,4,,0
1000001,'4_5',559,,101337,27,4,,0,60,,101338,27,4,,0,20,,101339,27,4,,0,61,,101340,27,4,,0,22,,101341,27,4,,0,10,,101421,27,4,,0,10,,101422,27,4,,0,11,,101372,33,4,,0,50,,101373,33,4,,0,9,,101374,33,4,,0,11,,101375,33,4,,0,10,,101376,33,4,,0,10,,101377,33,4,,0,10,,101378,33,4,,0,50,,101379,33,4,,0,10,,101380,33,4,,0,9,,101381,33,4,,0,10,,101382,33,4,,0,12,,101383,33,4,,0,12,,101342,27,4,,0,51,,101343,33,4,,0,10,,101344,27,4,,0,9,,101345,33,4,,0,11,,101346,27,4,,0,11,,101384,33,4,,0,11,,101347,27,4,,0,51,,101348,33,4,,0,10,,101349,27,4,,0,11,,101350,33,4,,0,10,,101351,27,4,,0,11,,101385,33,4,,0,52,,101352,27,4,,0,11,,101353,33,4,,0,10,,101354,27,4,,0,8,,101355,33,4,,0,9,,101386,27,4,,0,10,,101387,33,4,,0,50,,101388,27,4,,0,10,,101389,33,4,,0,10,,101390,27,4,,0,10,,101391,33,4,,0,10,,101392,27,4,,0,9,,101393,33,4,,0,50,,101394,27,4,,0,11,,101395,33,4,,0,10,,101396,27,4,,0,10,,101397,33,4,,0,10,,101398,27,4,,0,11,,101356,33,4,,0,50,,101357,27,4,,0,9,,101399,33,4,,0,10,,101358,27,4,,0,9,,101359,33,4,,0,11,,101360,27,4,,0,11,,101400,33,4,,0,52,,101361,27,4,,0,12,,101362,33,4,,0,11,,101363,27,4,,0,10,,101364,33,4,,0,9,,101365,33,4,,0,10,,101401,33,4,,0,52,,101402,33,4,,0,11,,101403,33,4,,0,12,,101404,33,4,,0,11,,101405,33,4,,0,8,,101406,33,4,,0,49,,101407,33,4,,0,9,,101408,33,4,,0,8,,101409,33,4,,0,10,,101410,33,4,,0,9,,101411,33,4,,0,8,,101412,33,4,,0,9,,101413,33,4,,0,49,,101414,33,4,,0,8,,101415,33,4,,0,9,,101416,27,4,,0,9,,101417,33,4,,0,10,,101418,27,4,,0,12,,101420,33,4,,0,59,,101419,33,4,,0,20,,101366,27,4,,0,20,,101367,27,4,,0,59,,101368,27,4,,0,20,,101369,27,4,,0,19,,101370,27,4,,0,60,,101371,27,4,,0
1000001,'5_7',830,,101423,27,4,,0,80,,101424,27,4,,0,40,,101425,27,4,,0,80,,101426,27,4,,0,80,,101427,27,4,,0,40,,101428,27,4,,0,80,,101429,27,4,,0,80,,101430,27,4,,0,40,,101431,27,4,,0,80,,101432,27,4,,0,80,,101433,27,4,,0,40,,101434,27,4,,0,80,,101435,27,4,,0,80,,101436,27,4,,0,40,,101437,27,4,,0,80,,101438,27,4,,0,80,,101439,27,4,,0,40,,101440,27,4,,0
