100,'0_6',802,,62791,5,0,61 8,0,124,,62792,5,0,61 8,0,102,,62793,5,0,61 8,0,98,,62794,5,0,61 8,0,101,,62795,5,0,61 8,0,100,,62796,5,0,61 8,0,100,,62797,5,0,61 8,0,100,,62798,5,0,61 8,0,101,,62799,5,0,61 8,0,102,,62800,5,0,61 8,0,102,,62801,5,0,61 8,0
100,'1_7',902,,62802,5,0,61 8,0,211,,62803,5,0,61 8,0,194,,62804,5,0,61 8,0,205,,62805,5,0,61 8,0,210,,62806,5,0,61 8,0
100,'5_1',654,,73973,5,0,61 8,0,103,,73976,5,0,61 8,0,94,,73975,5,0,61 8,0,103,,73979,5,0,61 8,0,101,,73980,5,0,61 8,0,104,,73984,5,,,0,142,,73985,5,,,0,99,,73988,5,0,61 8,0,100,,73992,5,0,61 8,0,100,,73993,5,,,0,104,,73994,5,,,0,101,,73995,5,,,0,101,,73997,5,,,0
100,'5_2',654,,74933,5,0,61 8,0,103,,74936,5,0,61 8,0,94,,74935,5,0,61 8,0,103,,74939,5,0,61 8,0,101,,74940,5,0,61 8,0,104,,74944,5,,,0,142,,74945,5,,,0,99,,74948,5,0,61 8,0,100,,74952,5,0,61 8,0,100,,74953,5,,,0,104,,74954,5,,,0,101,,74955,5,,,0,101,,74957,5,,,0
100,'5_3',654,,74958,5,0,61 8,0,103,,74961,5,0,61 8,0,94,,74960,5,0,61 8,0,103,,74964,5,0,61 8,0,101,,74965,5,0,61 8,0,104,,74969,5,,,0,142,,74970,5,,,0,99,,74973,5,0,61 8,0,100,,74977,5,0,61 8,0,100,,74978,5,,,0,104,,74979,5,,,0,101,,74980,5,,,0,101,,74982,5,,,0
100,'7_1',654,,80072,5,0,61 8,0,103,,80075,5,0,61 8,0,94,,80074,5,0,61 8,0,103,,80078,5,0,61 8,0,101,,80079,5,0,61 8,0,104,,80083,5,,,0,142,,80084,5,,,0,99,,80087,5,0,61 8,0,100,,80091,5,0,61 8,0,100,,80092,5,,,0,104,,80093,5,,,0,101,,80094,5,,,0,101,,80096,5,,,0
100,'7_2',654,,82008,5,0,61 8,0,103,,82011,5,0,61 8,0,94,,82010,5,0,61 8,0,103,,82014,5,0,61 8,0,101,,82015,5,0,61 8,0,104,,82019,5,,,0,142,,82020,5,,,0,99,,82023,5,0,61 8,0,100,,82027,5,0,61 8,0,100,,82028,5,,,0,104,,82029,5,,,0,101,,82030,5,,,0,101,,82032,5,,,0
100,'7_3',654,,82033,5,0,61 8,0,103,,82036,5,0,61 8,0,94,,82035,5,0,61 8,0,103,,82039,5,0,61 8,0,101,,82040,5,0,61 8,0,104,,82044,5,,,0,142,,82045,5,,,0,99,,82048,5,0,61 8,0,100,,82052,5,0,61 8,0,100,,82053,5,,,0,104,,82054,5,,,0,101,,82055,5,,,0,101,,82057,5,,,0
100,'7_4',654,,79112,5,0,61 8,0,103,,79115,5,0,61 8,0,94,,79114,5,0,61 8,0,103,,79118,5,0,61 8,0,101,,79119,5,0,61 8,0,104,,79123,5,,,0,142,,79124,5,,,0,99,,79127,5,0,61 8,0,100,,79131,5,0,61 8,0,100,,79132,5,,,0,104,,79133,5,,,0,101,,79134,5,,,0,101,,79136,5,,,0
100,'7_5',654,,80097,5,0,61 8,0,103,,80100,5,0,61 8,0,94,,80099,5,0,61 8,0,103,,80103,5,0,61 8,0,101,,80104,5,0,61 8,0,104,,80108,5,,,0,142,,80109,5,,,0,99,,80112,5,0,61 8,0,100,,80116,5,0,61 8,0,100,,80117,5,,,0,104,,80118,5,,,0,101,,80119,5,,,0,101,,80121,5,,,0
