4000001,'0_6',658,,72584,1,,,0,80,,72585,1,,,0,78,,72586,1,,,0,41,,72587,1,,,0,80,,72588,1,,,0,81,,72589,1,,,0,82,,72590,1,,,0,42,,72591,1,,,0,84,,72592,1,,,0,79,,72593,1,,,0,35,,72594,1,,,0,76,,72595,1,,,0,40,,72596,1,,,0,80,,72597,1,,,0,78,,72598,1,,,0,40,,72599,1,,,0,80,,72600,1,,,0,83,,72601,1,,,0,40,,72602,1,,,0,61,,72582,1,,,0,82,,72605,1,,,0,50,,72604,1,,,0
4000001,'1_7',1005,,72612,1,,,0,220,,72613,1,,,0,220,,72614,1,,,0,260,,72615,1,,,0,220,,72606,1,,,0
4000001,'3_1',658,,72852,1,,,0,80,,72853,1,,,0,78,,72854,1,,,0,41,,72855,1,,,0,80,,72856,1,,,0,81,,72857,1,,,0,82,,72858,1,,,0,42,,72859,1,,,0,84,,72860,1,,,0,79,,72861,1,,,0,35,,72862,1,,,0,76,,72863,1,,,0,40,,72864,1,,,0,80,,72865,1,,,0,78,,72866,1,,,0,40,,72867,1,,,0,80,,72868,1,,,0,83,,72869,1,,,0,40,,72870,1,,,0,61,,72850,1,,,0,82,,72872,1,,,0,50,,72873,1,,,0
4000001,'3_2',658,,73951,1,,,0,80,,73952,1,,,0,78,,73953,1,,,0,41,,73954,1,,,0,80,,73955,1,,,0,81,,73956,1,,,0,82,,73957,1,,,0,42,,73958,1,,,0,84,,73959,1,,,0,79,,73960,1,,,0,35,,73961,1,,,0,76,,73962,1,,,0,40,,73963,1,,,0,80,,73964,1,,,0,78,,73965,1,,,0,40,,73966,1,,,0,80,,73967,1,,,0,83,,73968,1,,,0,40,,73969,1,,,0,61,,73949,1,,,0,82,,73971,1,,,0,50,,73972,1,,,0
4000001,'3_3',658,,72895,1,,,0,80,,72896,1,,,0,78,,72897,1,,,0,41,,72898,1,,,0,80,,72899,1,,,0,81,,72900,1,,,0,82,,72901,1,,,0,42,,72902,1,,,0,84,,72903,1,,,0,79,,72904,1,,,0,35,,72905,1,,,0,76,,72906,1,,,0,40,,72907,1,,,0,80,,72908,1,,,0,78,,72909,1,,,0,40,,72910,1,,,0,80,,72911,1,,,0,83,,72912,1,,,0,40,,72913,1,,,0,61,,72893,1,,,0,82,,72915,1,,,0,50,,72916,1,,,0
4000001,'3_4',658,,72938,1,,,0,80,,72939,1,,,0,78,,72940,1,,,0,41,,72941,1,,,0,80,,72942,1,,,0,81,,72943,1,,,0,82,,72944,1,,,0,42,,72945,1,,,0,84,,72946,1,,,0,79,,72947,1,,,0,35,,72948,1,,,0,76,,72949,1,,,0,40,,72950,1,,,0,80,,72951,1,,,0,78,,72952,1,,,0,40,,72953,1,,,0,80,,72954,1,,,0,83,,72955,1,,,0,40,,72956,1,,,0,61,,72936,1,,,0,82,,72958,1,,,0,50,,72959,1,,,0
4000001,'3_5',658,,72981,1,,,0,80,,72982,1,,,0,78,,72983,1,,,0,41,,72984,1,,,0,80,,72985,1,,,0,81,,72986,1,,,0,82,,72987,1,,,0,42,,72988,1,,,0,84,,72989,1,,,0,79,,72990,1,,,0,35,,72991,1,,,0,76,,72992,1,,,0,40,,72993,1,,,0,80,,72994,1,,,0,78,,72995,1,,,0,40,,72996,1,,,0,80,,72997,1,,,0,83,,72998,1,,,0,40,,72999,1,,,0,61,,72979,1,,,0,82,,73001,1,,,0,50,,73002,1,,,0
4000001,'5_1',658,,74911,1,,,0,80,,74912,1,,,0,78,,74913,1,,,0,41,,74914,1,,,0,80,,74915,1,,,0,81,,74916,1,,,0,82,,74917,1,,,0,42,,74918,1,,,0,84,,74919,1,,,0,79,,74920,1,,,0,35,,74921,1,,,0,76,,74922,1,,,0,40,,74923,1,,,0,80,,74924,1,,,0,78,,74925,1,,,0,40,,74926,1,,,0,80,,74927,1,,,0,83,,74928,1,,,0,40,,74929,1,,,0,61,,74909,1,,,0,82,,74931,1,,,0,50,,74932,1,,,0
4000001,'5_2',658,,77705,1,,,0,80,,77706,1,,,0,78,,77707,1,,,0,41,,77708,1,,,0,80,,77709,1,,,0,81,,77710,1,,,0,82,,77711,1,,,0,42,,77712,1,,,0,84,,77713,1,,,0,79,,77714,1,,,0,35,,77715,1,,,0,76,,77716,1,,,0,40,,77717,1,,,0,80,,77718,1,,,0,78,,77719,1,,,0,40,,77720,1,,,0,80,,77721,1,,,0,83,,77722,1,,,0,40,,77723,1,,,0,61,,77703,1,,,0,82,,77725,1,,,0,50,,77726,1,,,0
4000001,'5_3',658,,77748,1,,,0,80,,77749,1,,,0,78,,77750,1,,,0,41,,77751,1,,,0,80,,77752,1,,,0,81,,77753,1,,,0,82,,77754,1,,,0,42,,77755,1,,,0,84,,77756,1,,,0,79,,77757,1,,,0,35,,77758,1,,,0,76,,77759,1,,,0,40,,77760,1,,,0,80,,77761,1,,,0,78,,77762,1,,,0,40,,77763,1,,,0,80,,77764,1,,,0,83,,77765,1,,,0,40,,77766,1,,,0,61,,77746,1,,,0,82,,77768,1,,,0,50,,77769,1,,,0
4000001,'5_4',658,,77791,1,,,0,80,,77792,1,,,0,78,,77793,1,,,0,41,,77794,1,,,0,80,,77795,1,,,0,81,,77796,1,,,0,82,,77797,1,,,0,42,,77798,1,,,0,84,,77799,1,,,0,79,,77800,1,,,0,35,,77801,1,,,0,76,,77802,1,,,0,40,,77803,1,,,0,80,,77804,1,,,0,78,,77805,1,,,0,40,,77806,1,,,0,80,,77807,1,,,0,83,,77808,1,,,0,40,,77809,1,,,0,61,,77789,1,,,0,82,,77811,1,,,0,50,,77812,1,,,0
