200,'0_6',814,,63326,42,0,35 37,0,105,,63327,42,0,35 37,0,106,,63328,33,0,35 37,0,106,,63329,42,0,35 37,0,109,,63330,42,0,35 37,0,100,,63331,33,0,35 37,0,102,,63332,42,0,35 37,0,102,,63333,42,0,35 37,0,112,,63334,42,0,35 37,0,102,,63335,42,0,35 37,0,94,,63349,42,0,35 37,0,89,,63336,45,0,35 37,0
200,'3_1',814,,63544,42,0,35 37,0,105,,63545,42,0,35 37,0,106,,63546,33,0,35 37,0,106,,63547,42,0,35 37,0,109,,63548,42,0,35 37,0,100,,63549,33,0,35 37,0,102,,63550,42,0,35 37,0,102,,63551,42,0,35 37,0,112,,63552,42,0,35 37,0,102,,63553,42,0,35 37,0,94,,63567,42,0,35 37,0,89,,63554,45,0,35 37,0
200,'3_2',814,,73074,42,0,35 37,0,105,,73075,42,0,35 37,0,106,,73076,33,0,35 37,0,106,,73077,42,0,35 37,0,109,,73078,42,0,35 37,0,100,,73079,33,0,35 37,0,102,,73080,42,0,35 37,0,102,,73081,42,0,35 37,0,112,,73082,42,0,35 37,0,102,,73083,42,0,35 37,0,94,,73097,42,0,35 37,0,89,,73084,45,0,35 37,0
200,'3_3',814,,63579,42,0,35 37,0,105,,63580,42,0,35 37,0,106,,63581,33,0,35 37,0,106,,63582,42,0,35 37,0,109,,63583,42,0,35 37,0,100,,63584,33,0,35 37,0,102,,63585,42,0,35 37,0,102,,63586,42,0,35 37,0,112,,63587,42,0,35 37,0,102,,63588,42,0,35 37,0,94,,63602,42,0,35 37,0,89,,63589,45,0,35 37,0
200,'3_4',814,,63614,42,0,35 37,0,105,,63615,42,0,35 37,0,106,,63616,33,0,35 37,0,106,,63617,42,0,35 37,0,109,,63618,42,0,35 37,0,100,,63619,33,0,35 37,0,102,,63620,42,0,35 37,0,102,,63621,42,0,35 37,0,112,,63622,42,0,35 37,0,102,,63623,42,0,35 37,0,94,,63637,42,0,35 37,0,89,,63624,45,0,35 37,0
200,'3_5',814,,63649,42,0,35 37,0,105,,63650,42,0,35 37,0,106,,63651,33,0,35 37,0,106,,63652,42,0,35 37,0,109,,63653,42,0,35 37,0,100,,63654,33,0,35 37,0,102,,63655,42,0,35 37,0,102,,63656,42,0,35 37,0,112,,63657,42,0,35 37,0,102,,63658,42,0,35 37,0,94,,63672,42,0,35 37,0,89,,63659,45,0,35 37,0
200,'5_1',814,,74034,42,0,35 37,0,105,,74035,42,0,35 37,0,106,,74036,33,0,35 37,0,106,,74037,42,0,35 37,0,109,,74038,42,0,35 37,0,100,,74039,33,0,35 37,0,102,,74040,42,0,35 37,0,102,,74041,42,0,35 37,0,112,,74042,42,0,35 37,0,102,,74043,42,0,35 37,0,94,,74057,42,0,35 37,0,89,,74044,45,0,35 37,0
200,'5_2',814,,75094,42,0,35 37,0,105,,75095,42,0,35 37,0,106,,75096,33,0,35 37,0,106,,75097,42,0,35 37,0,109,,75098,42,0,35 37,0,100,,75099,33,0,35 37,0,102,,75100,42,0,35 37,0,102,,75101,42,0,35 37,0,112,,75102,42,0,35 37,0,102,,75103,42,0,35 37,0,94,,75117,42,0,35 37,0,89,,75104,45,0,35 37,0
200,'5_3',814,,75129,42,0,35 37,0,105,,75130,42,0,35 37,0,106,,75131,33,0,35 37,0,106,,75132,42,0,35 37,0,109,,75133,42,0,35 37,0,100,,75134,33,0,35 37,0,102,,75135,42,0,35 37,0,102,,75136,42,0,35 37,0,112,,75137,42,0,35 37,0,102,,75138,42,0,35 37,0,94,,75152,42,0,35 37,0,89,,75139,45,0,35 37,0
200,'5_4',814,,75164,42,0,35 37,0,105,,75165,42,0,35 37,0,106,,75166,33,0,35 37,0,106,,75167,42,0,35 37,0,109,,75168,42,0,35 37,0,100,,75169,33,0,35 37,0,102,,75170,42,0,35 37,0,102,,75171,42,0,35 37,0,112,,75172,42,0,35 37,0,102,,75173,42,0,35 37,0,94,,75187,42,0,35 37,0,89,,75174,45,0,35 37,0
