200,'S2-0_2',640,,84769,2,0,38,0,61,,84770,2,0,38,0,33,,84744,2,0,35 37,0,82,,84738,2,0,9 10,0,96,,84758,2,0,9 10,0,99,,84739,2,0,35 37,0,142,,84749,2,0,34,0,179,,84753,2,0,34,0,125,,84767,2,0,38,0,187,,84755,2,0,34,0,78,,84763,2,0,35 37,0,30,,84756,2,0,34,0,77,,84747,2,0,38,0,26,,84757,2,0,34,0
200,'S2-0_4',640,,84808,2,0,38,0,61,,84809,2,0,38,0,33,,84783,2,0,35 37,0,82,,84777,2,0,9 10,0,96,,84797,2,0,9 10,0,99,,84778,2,0,35 37,0,142,,84788,2,0,34,0,179,,84792,2,0,34,0,125,,84806,2,0,38,0,187,,84794,2,0,34,0,78,,84802,2,0,35 37,0,30,,84795,2,0,34,0,77,,84786,2,0,38,0,26,,84796,2,0,34,0
200,'S2-0_5',640,,84847,2,0,38,0,61,,84848,2,0,38,0,33,,84822,2,0,35 37,0,82,,84816,2,0,9 10,0,96,,84836,2,0,9 10,0,99,,84817,2,0,35 37,0,142,,84827,2,0,34,0,179,,84831,2,0,34,0,125,,84845,2,0,38,0,187,,84833,2,0,34,0,78,,84841,2,0,35 37,0,30,,84834,2,0,34,0,77,,84825,2,0,38,0,26,,84835,2,0,34,0
200,'S2-1_3',640,,84886,2,0,38,0,61,,84887,2,0,38,0,33,,84861,2,0,35 37,0,82,,84855,2,0,9 10,0,96,,84875,2,0,9 10,0,99,,84856,2,0,35 37,0,142,,84866,2,0,34,0,179,,84870,2,0,34,0,125,,84884,2,0,38,0,187,,84872,2,0,34,0,78,,84880,2,0,35 37,0,30,,84873,2,0,34,0,77,,84864,2,0,38,0,26,,84874,2,0,34,0
200,'S2-2_6',633,,84893,2,0,34,0,108,,84894,2,0,34,0,85,,84917,2,0,38,0,127,,84896,2,0,34,0,151,,84897,2,0,34,0,203,,84899,2,0,34,0,102,,84900,2,0,34,0,105,,84901,2,0,34,0,103,,84902,2,0,34,0,101,,84903,2,0,34,0,113,,84914,2,0,35 37,0
200,'S2-4_1',640,,84968,2,0,38,0,61,,84969,2,0,38,0,33,,84943,2,0,35 37,0,82,,84937,2,0,9 10,0,96,,84957,2,0,9 10,0,99,,84938,2,0,35 37,0,142,,84948,2,0,34,0,179,,84952,2,0,34,0,125,,84966,2,0,38,0,187,,84954,2,0,34,0,78,,84962,2,0,35 37,0,30,,84955,2,0,34,0,77,,84946,2,0,38,0,26,,84956,2,0,34,0
200,'S2-4_2',640,,85007,2,0,38,0,61,,85008,2,0,38,0,33,,84982,2,0,35 37,0,82,,84976,2,0,9 10,0,96,,84996,2,0,9 10,0,99,,84977,2,0,35 37,0,142,,84987,2,0,34,0,179,,84991,2,0,34,0,125,,85005,2,0,38,0,187,,84993,2,0,34,0,78,,85001,2,0,35 37,0,30,,84994,2,0,34,0,77,,84985,2,0,38,0,26,,84995,2,0,34,0
200,'S2-4_4',640,,85046,2,0,38,0,61,,85047,2,0,38,0,33,,85021,2,0,35 37,0,82,,85015,2,0,9 10,0,96,,85035,2,0,9 10,0,99,,85016,2,0,35 37,0,142,,85026,2,0,34,0,179,,85030,2,0,34,0,125,,85044,2,0,38,0,187,,85032,2,0,34,0,78,,85040,2,0,35 37,0,30,,85033,2,0,34,0,77,,85024,2,0,38,0,26,,85034,2,0,34,0
2900200,'S2-0_2',652,,92369,2,,,0,99,,92370,2,,,0
2900200,'S2-0_4',652,,92371,2,,,0,99,,92372,2,,,0
2900200,'S2-0_5',652,,92373,2,,,0,99,,92374,2,,,0
2900200,'S2-1_3',652,,92375,2,,,0,99,,92376,2,,,0
2900200,'S2-4_1',652,,92377,2,,,0,99,,92378,2,,,0
2900200,'S2-4_2',652,,92379,2,,,0,99,,92380,2,,,0
2900200,'S2-4_4',652,,92381,2,,,0,99,,92382,2,,,0
