300,'0_4',701,,95299,22,,,0,25,,95300,22,,,0,31,,95301,22,,,0,64,,95302,22,,,0,25,,95303,22,,,0,70,,95304,22,,,0,32,,95305,22,,,0,72,,95306,22,,,0,32,,95307,22,,,0,72,,95308,22,,,0,32,,95309,22,,,0,72,,95310,22,,,0,72,,95311,22,,,0,32,,95312,22,,,0,72,,95313,22,,,0,33,,95314,22,,,0,72,,95315,22,,,0,33,,95316,22,,,0,70,,95318,22,,,0,27,,95319,22,,,0,68,,95320,22,,,0,28,,95321,22,,,0,70,,95322,22,,,0,30,,95326,22,,,0,71,,95323,22,,,0,31,,95324,22,,,0,73,,95325,22,,,0,30,,95317,22,,,0
300,'0_5',701,,95327,22,,,0,25,,95328,22,,,0,31,,95329,22,,,0,64,,95330,22,,,0,25,,95331,22,,,0,70,,95332,22,,,0,32,,95333,22,,,0,72,,95334,22,,,0,32,,95335,22,,,0,72,,95336,22,,,0,32,,95337,22,,,0,72,,95338,22,,,0,72,,95339,22,,,0,32,,95340,22,,,0,72,,95341,22,,,0,33,,95342,22,,,0,72,,95343,22,,,0,33,,95344,22,,,0,70,,95346,22,,,0,27,,95347,22,,,0,68,,95348,22,,,0,28,,95349,22,,,0,70,,95350,22,,,0,30,,95354,22,,,0,71,,95351,22,,,0,31,,95352,22,,,0,73,,95353,22,,,0,30,,95345,22,,,0
300,'1_3',701,,95355,22,,,0,25,,95356,22,,,0,31,,95357,22,,,0,64,,95358,22,,,0,25,,95359,22,,,0,70,,95360,22,,,0,32,,95361,22,,,0,72,,95362,22,,,0,32,,95363,22,,,0,72,,95364,22,,,0,32,,95365,22,,,0,72,,95366,22,,,0,72,,95367,22,,,0,32,,95368,22,,,0,72,,95369,22,,,0,33,,95370,22,,,0,72,,95371,22,,,0,33,,95372,22,,,0,70,,95374,22,,,0,27,,95375,22,,,0,68,,95376,22,,,0,28,,95377,22,,,0,70,,95378,22,,,0,30,,95382,22,,,0,71,,95379,22,,,0,31,,95380,22,,,0,73,,95381,22,,,0,30,,95373,22,,,0
300,'2_6',703,,95383,22,,,0,30,,95385,22,,,0,69,,95386,22,,,0,30,,95384,22,,,0,70,,95388,22,,,0,29,,95389,22,,,0,69,,95387,22,,,0,31,,95390,22,,,0,70,,95391,22,,,0,30,,95394,22,,,0,69,,95393,22,,,0,29,,95392,22,,,0,28,,95396,22,,,0,70,,95395,22,,,0,30,,95397,22,,,0,69,,95398,22,,,0,32,,95399,22,,,0,72,,95400,22,,,0,71,,95401,22,,,0,31,,95402,22,,,0,72,,95403,22,,,0,32,,95404,22,,,0,70,,95405,22,,,0,31,,95410,22,,,0,71,,95406,22,,,0,30,,95407,22,,,0,65,,95408,22,,,0,30,,95409,22,,,0
300,'3_7',907,,95433,22,,,0,32,,95434,22,,,0,75,,95435,22,,,0,34,,95436,22,,,0,72,,95427,22,,,0,33,,95432,22,,,0,73,,95431,22,,,0,33,,95430,22,,,0,72,,95429,22,,,0,71,,95411,22,,,0,28,,95412,22,,,0,29,,95413,22,,,0,68,,95414,22,,,0,28,,95415,22,,,0,69,,95416,22,,,0,32,,95417,22,,,0,68,,95418,22,,,0,27,,95419,22,,,0,68,,95420,22,,,0,29,,95421,22,,,0,67,,95422,22,,,0,26,,95423,22,,,0,65,,95424,22,,,0,24,,95425,22,,,0,24,,95428,22,,,0,66,,95426,22,,,0
300,'4_1',701,,95437,22,,,0,25,,95438,22,,,0,31,,95439,22,,,0,64,,95440,22,,,0,25,,95441,22,,,0,70,,95442,22,,,0,32,,95443,22,,,0,72,,95444,22,,,0,32,,95445,22,,,0,72,,95446,22,,,0,32,,95447,22,,,0,72,,95448,22,,,0,72,,95449,22,,,0,32,,95450,22,,,0,72,,95451,22,,,0,33,,95452,22,,,0,72,,95453,22,,,0,33,,95454,22,,,0,70,,95456,22,,,0,27,,95457,22,,,0,68,,95458,22,,,0,28,,95459,22,,,0,70,,95460,22,,,0,30,,95464,22,,,0,71,,95461,22,,,0,31,,95462,22,,,0,73,,95463,22,,,0,30,,95455,22,,,0
300,'4_2',701,,95465,22,,,0,25,,95466,22,,,0,31,,95467,22,,,0,64,,95468,22,,,0,25,,95469,22,,,0,70,,95470,22,,,0,32,,95471,22,,,0,72,,95472,22,,,0,32,,95473,22,,,0,72,,95474,22,,,0,32,,95475,22,,,0,72,,95476,22,,,0,72,,95477,22,,,0,32,,95478,22,,,0,72,,95479,22,,,0,33,,95480,22,,,0,72,,95481,22,,,0,33,,95482,22,,,0,70,,95484,22,,,0,27,,95485,22,,,0,68,,95486,22,,,0,28,,95487,22,,,0,70,,95488,22,,,0,30,,95492,22,,,0,71,,95489,22,,,0,31,,95490,22,,,0,73,,95491,22,,,0,30,,95483,22,,,0
300,'4_4',701,,95493,22,,,0,25,,95494,22,,,0,31,,95495,22,,,0,64,,95496,22,,,0,25,,95497,22,,,0,70,,95498,22,,,0,32,,95499,22,,,0,72,,95500,22,,,0,32,,95501,22,,,0,72,,95502,22,,,0,32,,95503,22,,,0,72,,95504,22,,,0,72,,95505,22,,,0,32,,95506,22,,,0,72,,95507,22,,,0,33,,95508,22,,,0,72,,95509,22,,,0,33,,95510,22,,,0,70,,95512,22,,,0,27,,95513,22,,,0,68,,95514,22,,,0,28,,95515,22,,,0,70,,95516,22,,,0,30,,95520,22,,,0,71,,95517,22,,,0,31,,95518,22,,,0,73,,95519,22,,,0,30,,95511,22,,,0
300,'4_5',701,,95521,22,,,0,25,,95522,22,,,0,31,,95523,22,,,0,64,,95524,22,,,0,25,,95525,22,,,0,70,,95526,22,,,0,32,,95527,22,,,0,72,,95528,22,,,0,32,,95529,22,,,0,72,,95530,22,,,0,32,,95531,22,,,0,72,,95532,22,,,0,72,,95533,22,,,0,32,,95534,22,,,0,72,,95535,22,,,0,33,,95536,22,,,0,72,,95537,22,,,0,33,,95538,22,,,0,70,,95540,22,,,0,27,,95541,22,,,0,68,,95542,22,,,0,28,,95543,22,,,0,70,,95544,22,,,0,30,,95548,22,,,0,71,,95545,22,,,0,31,,95546,22,,,0,73,,95547,22,,,0,30,,95539,22,,,0
300,'5_7',921,,95549,22,,,0,100,,95550,22,,,0,100,,95551,22,,,0,100,,95552,22,,,0,100,,95553,22,,,0,100,,95554,22,,,0,100,,95555,22,,,0,100,,95556,22,,,0,100,,95557,22,,,0,100,,95558,22,,,0,100,,95559,22,,,0
2900300,'0_4',717,,102434,14,,,0,30,,102435,14,,,0,69,,102436,14,,,0
2900300,'0_5',717,,102437,14,,,0,30,,102438,14,,,0,69,,102439,14,,,0
2900300,'1_3',717,,102440,14,,,0,30,,102441,14,,,0,69,,102442,14,,,0
2900300,'4_1',717,,102443,14,,,0,30,,102444,14,,,0,69,,102445,14,,,0
2900300,'4_2',717,,102446,14,,,0,30,,102447,14,,,0,69,,102448,14,,,0
2900300,'4_4',717,,102449,14,,,0,30,,102450,14,,,0,69,,102451,14,,,0
2900300,'4_5',717,,102452,14,,,0,30,,102453,14,,,0,69,,102454,14,,,0
