100,'0_6',707,,62779,16,0,61 8,0,108,,62791,16,0,61 8,0,95,,62780,16,0,61 8,0,30,,62792,16,0,61 8,0,69,,62781,16,0,61 8,0,33,,62793,16,0,61 8,0,69,,62782,16,0,61 8,0,29,,62794,16,0,61 8,0,71,,62783,16,0,61 8,0,30,,62795,16,0,61 8,0,70,,62784,16,0,61 8,0,30,,62796,16,0,61 8,0,69,,62785,16,0,61 8,0,31,,62797,16,0,61 8,0,69,,62786,16,0,61 8,0,31,,62798,16,0,61 8,0,70,,62787,16,0,61 8,0,31,,62799,16,0,61 8,0,73,,62788,16,0,61 8,0,29,,62800,16,0,61 8,0,70,,62789,16,0,61 8,0,32,,62801,16,0,61 8,0,69,,62790,16,0,61 8,0
100,'1_7',911,,62802,16,0,61 8,0,105,,62807,16,0,61 8,0,106,,62803,16,0,61 8,0,104,,62808,16,0,61 8,0,90,,62804,16,0,61 8,0,100,,62809,16,0,61 8,0,105,,62805,16,0,61 8,0,105,,62810,16,0,61 8,0,105,,62806,16,0,61 8,0,105,,62811,16,0,61 8,0
100,'5_1',707,,73973,16,0,61 8,0,30,,73974,16,,,0,73,,73976,16,0,61 8,0,25,,73977,16,0,61 8,0,70,,73975,16,0,61 8,0,29,,73978,16,0,61 8,0,74,,73979,16,0,61 8,0,31,,73982,16,0,61 8,0,70,,73980,16,0,61 8,0,33,,73981,16,0,61 8,0,71,,73984,16,,,0,32,,73983,16,0,61 8,0,70,,73985,16,,,0,30,,73986,16,0,61 8,0,69,,73988,16,0,61 8,0,30,,73987,16,0,61 8,0,70,,73992,16,0,61 8,0,29,,73991,16,0,61 8,0,71,,73993,16,,,0,34,,73989,16,0,61 8,0,70,,73994,16,,,0,31,,73990,16,0,61 8,0,70,,73995,16,,,0,31,,73996,16,0,61 8,0,70,,73997,16,,,0
100,'5_2',707,,74933,16,0,61 8,0,30,,74934,16,,,0,73,,74936,16,0,61 8,0,25,,74937,16,0,61 8,0,70,,74935,16,0,61 8,0,29,,74938,16,0,61 8,0,74,,74939,16,0,61 8,0,31,,74942,16,0,61 8,0,70,,74940,16,0,61 8,0,33,,74941,16,0,61 8,0,71,,74944,16,,,0,32,,74943,16,0,61 8,0,70,,74945,16,,,0,30,,74946,16,0,61 8,0,69,,74948,16,0,61 8,0,30,,74947,16,0,61 8,0,70,,74952,16,0,61 8,0,29,,74951,16,0,61 8,0,71,,74953,16,,,0,34,,74949,16,0,61 8,0,70,,74954,16,,,0,31,,74950,16,0,61 8,0,70,,74955,16,,,0,31,,74956,16,0,61 8,0,70,,74957,16,,,0
100,'5_3',707,,74958,16,0,61 8,0,30,,74959,16,,,0,73,,74961,16,0,61 8,0,25,,74962,16,0,61 8,0,70,,74960,16,0,61 8,0,29,,74963,16,0,61 8,0,74,,74964,16,0,61 8,0,31,,74967,16,0,61 8,0,70,,74965,16,0,61 8,0,33,,74966,16,0,61 8,0,71,,74969,16,,,0,32,,74968,16,0,61 8,0,70,,74970,16,,,0,30,,74971,16,0,61 8,0,69,,74973,16,0,61 8,0,30,,74972,16,0,61 8,0,70,,74977,16,0,61 8,0,29,,74976,16,0,61 8,0,71,,74978,16,,,0,34,,74974,16,0,61 8,0,70,,74979,16,,,0,31,,74975,16,0,61 8,0,70,,74980,16,,,0,31,,74981,16,0,61 8,0,70,,74982,16,,,0
100,'7_1',707,,80072,16,0,61 8,0,30,,80073,16,,,0,73,,80075,16,0,61 8,0,25,,80076,16,0,61 8,0,70,,80074,16,0,61 8,0,29,,80077,16,0,61 8,0,74,,80078,16,0,61 8,0,31,,80081,16,0,61 8,0,70,,80079,16,0,61 8,0,33,,80080,16,0,61 8,0,71,,80083,16,,,0,32,,80082,16,0,61 8,0,70,,80084,16,,,0,30,,80085,16,0,61 8,0,69,,80087,16,0,61 8,0,30,,80086,16,0,61 8,0,70,,80091,16,0,61 8,0,29,,80090,16,0,61 8,0,71,,80092,16,,,0,34,,80088,16,0,61 8,0,70,,80093,16,,,0,31,,80089,16,0,61 8,0,70,,80094,16,,,0,31,,80095,16,0,61 8,0,70,,80096,16,,,0
100,'7_2',707,,82008,16,0,61 8,0,30,,82009,16,,,0,73,,82011,16,0,61 8,0,25,,82012,16,0,61 8,0,70,,82010,16,0,61 8,0,29,,82013,16,0,61 8,0,74,,82014,16,0,61 8,0,31,,82017,16,0,61 8,0,70,,82015,16,0,61 8,0,33,,82016,16,0,61 8,0,71,,82019,16,,,0,32,,82018,16,0,61 8,0,70,,82020,16,,,0,30,,82021,16,0,61 8,0,69,,82023,16,0,61 8,0,30,,82022,16,0,61 8,0,70,,82027,16,0,61 8,0,29,,82026,16,0,61 8,0,71,,82028,16,,,0,34,,82024,16,0,61 8,0,70,,82029,16,,,0,31,,82025,16,0,61 8,0,70,,82030,16,,,0,31,,82031,16,0,61 8,0,70,,82032,16,,,0
100,'7_3',707,,82033,16,0,61 8,0,30,,82034,16,,,0,73,,82036,16,0,61 8,0,25,,82037,16,0,61 8,0,70,,82035,16,0,61 8,0,29,,82038,16,0,61 8,0,74,,82039,16,0,61 8,0,31,,82042,16,0,61 8,0,70,,82040,16,0,61 8,0,33,,82041,16,0,61 8,0,71,,82044,16,,,0,32,,82043,16,0,61 8,0,70,,82045,16,,,0,30,,82046,16,0,61 8,0,69,,82048,16,0,61 8,0,30,,82047,16,0,61 8,0,70,,82052,16,0,61 8,0,29,,82051,16,0,61 8,0,71,,82053,16,,,0,34,,82049,16,0,61 8,0,70,,82054,16,,,0,31,,82050,16,0,61 8,0,70,,82055,16,,,0,31,,82056,16,0,61 8,0,70,,82057,16,,,0
100,'7_4',707,,79112,16,0,61 8,0,30,,79113,16,,,0,73,,79115,16,0,61 8,0,25,,79116,16,0,61 8,0,70,,79114,16,0,61 8,0,29,,79117,16,0,61 8,0,74,,79118,16,0,61 8,0,31,,79121,16,0,61 8,0,70,,79119,16,0,61 8,0,33,,79120,16,0,61 8,0,71,,79123,16,,,0,32,,79122,16,0,61 8,0,70,,79124,16,,,0,30,,79125,16,0,61 8,0,69,,79127,16,0,61 8,0,30,,79126,16,0,61 8,0,70,,79131,16,0,61 8,0,29,,79130,16,0,61 8,0,71,,79132,16,,,0,34,,79128,16,0,61 8,0,70,,79133,16,,,0,31,,79129,16,0,61 8,0,70,,79134,16,,,0,31,,79135,16,0,61 8,0,70,,79136,16,,,0
100,'7_5',707,,80097,16,0,61 8,0,30,,80098,16,,,0,73,,80100,16,0,61 8,0,25,,80101,16,0,61 8,0,70,,80099,16,0,61 8,0,29,,80102,16,0,61 8,0,74,,80103,16,0,61 8,0,31,,80106,16,0,61 8,0,70,,80104,16,0,61 8,0,33,,80105,16,0,61 8,0,71,,80108,16,,,0,32,,80107,16,0,61 8,0,70,,80109,16,,,0,30,,80110,16,0,61 8,0,69,,80112,16,0,61 8,0,30,,80111,16,0,61 8,0,70,,80116,16,0,61 8,0,29,,80115,16,0,61 8,0,71,,80117,16,,,0,34,,80113,16,0,61 8,0,70,,80118,16,,,0,31,,80114,16,0,61 8,0,70,,80119,16,,,0,31,,80120,16,0,61 8,0,70,,80121,16,,,0
