101,'0_4',652,,94375,10,0,6,0,49,,94405,4,0,7,0,19,,94376,10,0,6,0,12,,94403,4,0,5,0,15,,94377,10,0,6,0,58,,94406,10,0,5,0,14,,94390,4,0,7,0,28,,94381,4,0,6,0,82,,94391,10,0,5,0,75,,94382,4,0,6,0,40,,94394,4,0,5,0,76,,94383,4,0,6,0,29,,94395,4,0,5,0,60,,94384,4,0,6,0,35,,94396,4,0,5,0,78,,94378,10,0,6,0,27,,94392,10,0,5,0,70,,94385,4,0,6,0,25,,94397,4,0,5,0,74,,94386,4,0,6,0,20,,94398,4,0,5,0,65,,94387,4,0,6,0,30,,94388,4,0,6,0,20,,94393,10,0,5,0,57,,94389,4,0,6,0,26,,94399,4,0,5,0,19,,94379,10,0,6,0,61,,94400,4,0,5,0,30,,94380,10,0,6,0,75,,94401,4,0,5,0
101,'0_5',652,,94408,10,0,6,0,49,,94438,4,0,7,0,19,,94409,10,0,6,0,12,,94436,4,0,5,0,15,,94410,10,0,6,0,58,,94439,10,0,5,0,14,,94423,4,0,7,0,28,,94414,4,0,6,0,82,,94424,10,0,5,0,75,,94415,4,0,6,0,40,,94427,4,0,5,0,76,,94416,4,0,6,0,29,,94428,4,0,5,0,60,,94417,4,0,6,0,35,,94429,4,0,5,0,78,,94411,10,0,6,0,27,,94425,10,0,5,0,70,,94418,4,0,6,0,25,,94430,4,0,5,0,74,,94419,4,0,6,0,20,,94431,4,0,5,0,65,,94420,4,0,6,0,30,,94421,4,0,6,0,20,,94426,10,0,5,0,57,,94422,4,0,6,0,26,,94432,4,0,5,0,19,,94412,10,0,6,0,61,,94433,4,0,5,0,30,,94413,10,0,6,0,75,,94434,4,0,5,0
101,'1_3',652,,94441,10,0,6,0,49,,94471,4,0,7,0,19,,94442,10,0,6,0,12,,94469,4,0,5,0,15,,94443,10,0,6,0,58,,94472,10,0,5,0,14,,94456,4,0,7,0,28,,94447,4,0,6,0,82,,94457,10,0,5,0,75,,94448,4,0,6,0,40,,94460,4,0,5,0,76,,94449,4,0,6,0,29,,94461,4,0,5,0,60,,94450,4,0,6,0,35,,94462,4,0,5,0,78,,94444,10,0,6,0,27,,94458,10,0,5,0,70,,94451,4,0,6,0,25,,94463,4,0,5,0,74,,94452,4,0,6,0,20,,94464,4,0,5,0,65,,94453,4,0,6,0,30,,94454,4,0,6,0,20,,94459,10,0,5,0,57,,94455,4,0,6,0,26,,94465,4,0,5,0,19,,94445,10,0,6,0,61,,94466,4,0,5,0,30,,94446,10,0,6,0,75,,94467,4,0,5,0
101,'2_6',655,,94474,4,0,5,0,150,,94475,4,0,5,0,109,,94476,4,0,5,0,29,,94487,4,0,6,0,69,,94477,4,0,5,0,31,,94488,4,0,6,0,70,,94478,4,0,5,0,31,,94489,4,0,6,0,70,,94479,4,0,5,0,30,,94490,4,0,6,0,70,,94480,4,0,5,0,29,,94491,4,0,6,0,68,,94481,4,0,5,0,31,,94492,4,0,6,0,70,,94482,4,0,5,0,32,,94493,4,0,6,0,70,,94483,4,0,5,0,29,,94494,4,0,6,0,72,,94484,4,0,5,0,31,,94495,4,0,6,0,79,,94485,4,0,5,0,25,,94496,4,0,6,0,67,,94486,4,0,5,0
101,'3_7',901,,94497,4,0,6,0,105,,94502,4,0,5,0,105,,94498,4,0,6,0,105,,94503,4,0,5,0,105,,94499,4,0,6,0,90,,94504,4,0,5,0,100,,94500,4,0,6,0,105,,94505,4,0,5,0,105,,94501,4,0,6,0,105,,94506,4,0,5,0
101,'4_1',652,,94507,10,0,6,0,49,,94537,4,0,7,0,19,,94508,10,0,6,0,12,,94535,4,0,5,0,15,,94509,10,0,6,0,58,,94538,10,0,5,0,14,,94522,4,0,7,0,28,,94513,4,0,6,0,82,,94523,10,0,5,0,75,,94514,4,0,6,0,40,,94526,4,0,5,0,76,,94515,4,0,6,0,29,,94527,4,0,5,0,60,,94516,4,0,6,0,35,,94528,4,0,5,0,78,,94510,10,0,6,0,27,,94524,10,0,5,0,70,,94517,4,0,6,0,25,,94529,4,0,5,0,74,,94518,4,0,6,0,20,,94530,4,0,5,0,65,,94519,4,0,6,0,30,,94520,4,0,6,0,20,,94525,10,0,5,0,57,,94521,4,0,6,0,26,,94531,4,0,5,0,19,,94511,10,0,6,0,61,,94532,4,0,5,0,30,,94512,10,0,6,0,75,,94533,4,0,5,0
101,'4_2',652,,94540,10,0,6,0,49,,94570,4,0,7,0,19,,94541,10,0,6,0,12,,94568,4,0,5,0,15,,94542,10,0,6,0,58,,94571,10,0,5,0,14,,94555,4,0,7,0,28,,94546,4,0,6,0,82,,94556,10,0,5,0,75,,94547,4,0,6,0,40,,94559,4,0,5,0,76,,94548,4,0,6,0,29,,94560,4,0,5,0,60,,94549,4,0,6,0,35,,94561,4,0,5,0,78,,94543,10,0,6,0,27,,94557,10,0,5,0,70,,94550,4,0,6,0,25,,94562,4,0,5,0,74,,94551,4,0,6,0,20,,94563,4,0,5,0,65,,94552,4,0,6,0,30,,94553,4,0,6,0,20,,94558,10,0,5,0,57,,94554,4,0,6,0,26,,94564,4,0,5,0,19,,94544,10,0,6,0,61,,94565,4,0,5,0,30,,94545,10,0,6,0,75,,94566,4,0,5,0
101,'4_4',652,,94573,10,0,6,0,49,,94603,4,0,7,0,19,,94574,10,0,6,0,12,,94601,4,0,5,0,15,,94575,10,0,6,0,58,,94604,10,0,5,0,14,,94588,4,0,7,0,28,,94579,4,0,6,0,82,,94589,10,0,5,0,75,,94580,4,0,6,0,40,,94592,4,0,5,0,76,,94581,4,0,6,0,29,,94593,4,0,5,0,60,,94582,4,0,6,0,35,,94594,4,0,5,0,78,,94576,10,0,6,0,27,,94590,10,0,5,0,70,,94583,4,0,6,0,25,,94595,4,0,5,0,74,,94584,4,0,6,0,20,,94596,4,0,5,0,65,,94585,4,0,6,0,30,,94586,4,0,6,0,20,,94591,10,0,5,0,57,,94587,4,0,6,0,26,,94597,4,0,5,0,19,,94577,10,0,6,0,61,,94598,4,0,5,0,30,,94578,10,0,6,0,75,,94599,4,0,5,0
101,'4_5',652,,94606,10,0,6,0,49,,94636,4,0,7,0,19,,94607,10,0,6,0,12,,94634,4,0,5,0,15,,94608,10,0,6,0,58,,94637,10,0,5,0,14,,94621,4,0,7,0,28,,94612,4,0,6,0,82,,94622,10,0,5,0,75,,94613,4,0,6,0,40,,94625,4,0,5,0,76,,94614,4,0,6,0,29,,94626,4,0,5,0,60,,94615,4,0,6,0,35,,94627,4,0,5,0,78,,94609,10,0,6,0,27,,94623,10,0,5,0,70,,94616,4,0,6,0,25,,94628,4,0,5,0,74,,94617,4,0,6,0,20,,94629,4,0,5,0,65,,94618,4,0,6,0,30,,94619,4,0,6,0,20,,94624,10,0,5,0,57,,94620,4,0,6,0,26,,94630,4,0,5,0,19,,94610,10,0,6,0,61,,94631,4,0,5,0,30,,94611,10,0,6,0,75,,94632,4,0,5,0
101,'5_7',901,,94639,4,0,6,0,105,,94644,4,0,5,0,105,,94640,4,0,6,0,105,,94645,4,0,5,0,105,,94641,4,0,6,0,90,,94646,4,0,5,0,100,,94642,4,0,6,0,105,,94647,4,0,5,0,105,,94643,4,0,6,0,105,,94648,4,0,5,0
