4000001,'0_6',656,,72563,17,,,0,60,,72584,15,,,0,20,,72564,17,,,0,20,,72585,15,,,0,60,,72565,17,,,0,20,,72586,15,,,0,20,,72566,17,,,0,61,,72587,15,,,0,20,,72567,17,,,0,21,,72588,15,,,0,61,,72568,17,,,0,20,,72589,15,,,0,61,,72569,17,,,0,21,,72590,15,,,0,22,,72570,17,,,0,60,,72591,15,,,0,22,,72571,17,,,0,21,,72592,15,,,0,61,,72572,17,,,0,18,,72593,15,,,0,18,,72573,17,,,0,58,,72594,15,,,0,18,,72574,17,,,0,19,,72595,15,,,0,20,,72575,17,,,0,60,,72596,15,,,0,20,,72576,17,,,0,20,,72597,15,,,0,59,,72577,17,,,0,19,,72598,15,,,0,20,,72578,17,,,0,60,,72599,15,,,0,20,,72579,17,,,0,20,,72600,15,,,0,61,,72580,17,,,0,21,,72601,15,,,0,20,,72581,17,,,0,60,,72602,15,,,0,20,,72582,15,,,0,20,,72603,17,,,0,60,,72605,15,,,0,20,,72583,17,,,0,70,,72604,15,,,0
4000001,'1_7',912,,72607,17,,,0,110,,72612,15,,,0,110,,72608,17,,,0,110,,72613,15,,,0,110,,72609,17,,,0,150,,72614,15,,,0,110,,72610,17,,,0,110,,72615,15,,,0,110,,72611,17,,,0,110,,72606,15,,,0
4000001,'3_1',656,,72831,17,,,0,60,,72852,15,,,0,20,,72832,17,,,0,20,,72853,15,,,0,60,,72833,17,,,0,20,,72854,15,,,0,20,,72834,17,,,0,61,,72855,15,,,0,20,,72835,17,,,0,21,,72856,15,,,0,61,,72836,17,,,0,20,,72857,15,,,0,61,,72837,17,,,0,21,,72858,15,,,0,22,,72838,17,,,0,60,,72859,15,,,0,22,,72839,17,,,0,21,,72860,15,,,0,61,,72840,17,,,0,18,,72861,15,,,0,18,,72841,17,,,0,58,,72862,15,,,0,18,,72842,17,,,0,19,,72863,15,,,0,20,,72843,17,,,0,60,,72864,15,,,0,20,,72844,17,,,0,20,,72865,15,,,0,59,,72845,17,,,0,19,,72866,15,,,0,20,,72846,17,,,0,60,,72867,15,,,0,20,,72847,17,,,0,20,,72868,15,,,0,61,,72848,17,,,0,21,,72869,15,,,0,20,,72849,17,,,0,60,,72870,15,,,0,20,,72850,15,,,0,20,,72871,17,,,0,60,,72872,15,,,0,20,,72851,17,,,0,70,,72873,15,,,0
4000001,'3_2',656,,73930,17,,,0,60,,73951,15,,,0,20,,73931,17,,,0,20,,73952,15,,,0,60,,73932,17,,,0,20,,73953,15,,,0,20,,73933,17,,,0,61,,73954,15,,,0,20,,73934,17,,,0,21,,73955,15,,,0,61,,73935,17,,,0,20,,73956,15,,,0,61,,73936,17,,,0,21,,73957,15,,,0,22,,73937,17,,,0,60,,73958,15,,,0,22,,73938,17,,,0,21,,73959,15,,,0,61,,73939,17,,,0,18,,73960,15,,,0,18,,73940,17,,,0,58,,73961,15,,,0,18,,73941,17,,,0,19,,73962,15,,,0,20,,73942,17,,,0,60,,73963,15,,,0,20,,73943,17,,,0,20,,73964,15,,,0,59,,73944,17,,,0,19,,73965,15,,,0,20,,73945,17,,,0,60,,73966,15,,,0,20,,73946,17,,,0,20,,73967,15,,,0,61,,73947,17,,,0,21,,73968,15,,,0,20,,73948,17,,,0,60,,73969,15,,,0,20,,73949,15,,,0,20,,73970,17,,,0,60,,73971,15,,,0,20,,73950,17,,,0,70,,73972,15,,,0
4000001,'3_3',656,,72874,17,,,0,60,,72895,15,,,0,20,,72875,17,,,0,20,,72896,15,,,0,60,,72876,17,,,0,20,,72897,15,,,0,20,,72877,17,,,0,61,,72898,15,,,0,20,,72878,17,,,0,21,,72899,15,,,0,61,,72879,17,,,0,20,,72900,15,,,0,61,,72880,17,,,0,21,,72901,15,,,0,22,,72881,17,,,0,60,,72902,15,,,0,22,,72882,17,,,0,21,,72903,15,,,0,61,,72883,17,,,0,18,,72904,15,,,0,18,,72884,17,,,0,58,,72905,15,,,0,18,,72885,17,,,0,19,,72906,15,,,0,20,,72886,17,,,0,60,,72907,15,,,0,20,,72887,17,,,0,20,,72908,15,,,0,59,,72888,17,,,0,19,,72909,15,,,0,20,,72889,17,,,0,60,,72910,15,,,0,20,,72890,17,,,0,20,,72911,15,,,0,61,,72891,17,,,0,21,,72912,15,,,0,20,,72892,17,,,0,60,,72913,15,,,0,20,,72893,15,,,0,20,,72914,17,,,0,60,,72915,15,,,0,20,,72894,17,,,0,70,,72916,15,,,0
4000001,'3_4',656,,72917,17,,,0,60,,72938,15,,,0,20,,72918,17,,,0,20,,72939,15,,,0,60,,72919,17,,,0,20,,72940,15,,,0,20,,72920,17,,,0,61,,72941,15,,,0,20,,72921,17,,,0,21,,72942,15,,,0,61,,72922,17,,,0,20,,72943,15,,,0,61,,72923,17,,,0,21,,72944,15,,,0,22,,72924,17,,,0,60,,72945,15,,,0,22,,72925,17,,,0,21,,72946,15,,,0,61,,72926,17,,,0,18,,72947,15,,,0,18,,72927,17,,,0,58,,72948,15,,,0,18,,72928,17,,,0,19,,72949,15,,,0,20,,72929,17,,,0,60,,72950,15,,,0,20,,72930,17,,,0,20,,72951,15,,,0,59,,72931,17,,,0,19,,72952,15,,,0,20,,72932,17,,,0,60,,72953,15,,,0,20,,72933,17,,,0,20,,72954,15,,,0,61,,72934,17,,,0,21,,72955,15,,,0,20,,72935,17,,,0,60,,72956,15,,,0,20,,72936,15,,,0,20,,72957,17,,,0,60,,72958,15,,,0,20,,72937,17,,,0,70,,72959,15,,,0
4000001,'3_5',656,,72960,17,,,0,60,,72981,15,,,0,20,,72961,17,,,0,20,,72982,15,,,0,60,,72962,17,,,0,20,,72983,15,,,0,20,,72963,17,,,0,61,,72984,15,,,0,20,,72964,17,,,0,21,,72985,15,,,0,61,,72965,17,,,0,20,,72986,15,,,0,61,,72966,17,,,0,21,,72987,15,,,0,22,,72967,17,,,0,60,,72988,15,,,0,22,,72968,17,,,0,21,,72989,15,,,0,61,,72969,17,,,0,18,,72990,15,,,0,18,,72970,17,,,0,58,,72991,15,,,0,18,,72971,17,,,0,19,,72992,15,,,0,20,,72972,17,,,0,60,,72993,15,,,0,20,,72973,17,,,0,20,,72994,15,,,0,59,,72974,17,,,0,19,,72995,15,,,0,20,,72975,17,,,0,60,,72996,15,,,0,20,,72976,17,,,0,20,,72997,15,,,0,61,,72977,17,,,0,21,,72998,15,,,0,20,,72978,17,,,0,60,,72999,15,,,0,20,,72979,15,,,0,20,,73000,17,,,0,60,,73001,15,,,0,20,,72980,17,,,0,70,,73002,15,,,0
4000001,'5_1',656,,74890,17,,,0,60,,74911,15,,,0,20,,74891,17,,,0,20,,74912,15,,,0,60,,74892,17,,,0,20,,74913,15,,,0,20,,74893,17,,,0,61,,74914,15,,,0,20,,74894,17,,,0,21,,74915,15,,,0,61,,74895,17,,,0,20,,74916,15,,,0,61,,74896,17,,,0,21,,74917,15,,,0,22,,74897,17,,,0,60,,74918,15,,,0,22,,74898,17,,,0,21,,74919,15,,,0,61,,74899,17,,,0,18,,74920,15,,,0,18,,74900,17,,,0,58,,74921,15,,,0,18,,74901,17,,,0,19,,74922,15,,,0,20,,74902,17,,,0,60,,74923,15,,,0,20,,74903,17,,,0,20,,74924,15,,,0,59,,74904,17,,,0,19,,74925,15,,,0,20,,74905,17,,,0,60,,74926,15,,,0,20,,74906,17,,,0,20,,74927,15,,,0,61,,74907,17,,,0,21,,74928,15,,,0,20,,74908,17,,,0,60,,74929,15,,,0,20,,74909,15,,,0,20,,74930,17,,,0,60,,74931,15,,,0,20,,74910,17,,,0,70,,74932,15,,,0
4000001,'5_2',656,,77684,17,,,0,60,,77705,15,,,0,20,,77685,17,,,0,20,,77706,15,,,0,60,,77686,17,,,0,20,,77707,15,,,0,20,,77687,17,,,0,61,,77708,15,,,0,20,,77688,17,,,0,21,,77709,15,,,0,61,,77689,17,,,0,20,,77710,15,,,0,61,,77690,17,,,0,21,,77711,15,,,0,22,,77691,17,,,0,60,,77712,15,,,0,22,,77692,17,,,0,21,,77713,15,,,0,61,,77693,17,,,0,18,,77714,15,,,0,18,,77694,17,,,0,58,,77715,15,,,0,18,,77695,17,,,0,19,,77716,15,,,0,20,,77696,17,,,0,60,,77717,15,,,0,20,,77697,17,,,0,20,,77718,15,,,0,59,,77698,17,,,0,19,,77719,15,,,0,20,,77699,17,,,0,60,,77720,15,,,0,20,,77700,17,,,0,20,,77721,15,,,0,61,,77701,17,,,0,21,,77722,15,,,0,20,,77702,17,,,0,60,,77723,15,,,0,20,,77703,15,,,0,20,,77724,17,,,0,60,,77725,15,,,0,20,,77704,17,,,0,70,,77726,15,,,0
4000001,'5_3',656,,77727,17,,,0,60,,77748,15,,,0,20,,77728,17,,,0,20,,77749,15,,,0,60,,77729,17,,,0,20,,77750,15,,,0,20,,77730,17,,,0,61,,77751,15,,,0,20,,77731,17,,,0,21,,77752,15,,,0,61,,77732,17,,,0,20,,77753,15,,,0,61,,77733,17,,,0,21,,77754,15,,,0,22,,77734,17,,,0,60,,77755,15,,,0,22,,77735,17,,,0,21,,77756,15,,,0,61,,77736,17,,,0,18,,77757,15,,,0,18,,77737,17,,,0,58,,77758,15,,,0,18,,77738,17,,,0,19,,77759,15,,,0,20,,77739,17,,,0,60,,77760,15,,,0,20,,77740,17,,,0,20,,77761,15,,,0,59,,77741,17,,,0,19,,77762,15,,,0,20,,77742,17,,,0,60,,77763,15,,,0,20,,77743,17,,,0,20,,77764,15,,,0,61,,77744,17,,,0,21,,77765,15,,,0,20,,77745,17,,,0,60,,77766,15,,,0,20,,77746,15,,,0,20,,77767,17,,,0,60,,77768,15,,,0,20,,77747,17,,,0,70,,77769,15,,,0
4000001,'5_4',656,,77770,17,,,0,60,,77791,15,,,0,20,,77771,17,,,0,20,,77792,15,,,0,60,,77772,17,,,0,20,,77793,15,,,0,20,,77773,17,,,0,61,,77794,15,,,0,20,,77774,17,,,0,21,,77795,15,,,0,61,,77775,17,,,0,20,,77796,15,,,0,61,,77776,17,,,0,21,,77797,15,,,0,22,,77777,17,,,0,60,,77798,15,,,0,22,,77778,17,,,0,21,,77799,15,,,0,61,,77779,17,,,0,18,,77800,15,,,0,18,,77780,17,,,0,58,,77801,15,,,0,18,,77781,17,,,0,19,,77802,15,,,0,20,,77782,17,,,0,60,,77803,15,,,0,20,,77783,17,,,0,20,,77804,15,,,0,59,,77784,17,,,0,19,,77805,15,,,0,20,,77785,17,,,0,60,,77806,15,,,0,20,,77786,17,,,0,20,,77807,15,,,0,61,,77787,17,,,0,21,,77808,15,,,0,20,,77788,17,,,0,60,,77809,15,,,0,20,,77789,15,,,0,20,,77810,17,,,0,60,,77811,15,,,0,20,,77790,17,,,0,70,,77812,15,,,0
