300,'0_4',703,,95299,24,,,0,24,,95300,24,,,0,32,,95301,24,,,0,64,,95302,24,,,0,25,,95303,24,,,0,70,,95304,24,,,0,32,,95305,24,,,0,72,,95306,24,,,0,32,,95307,24,,,0,72,,95308,24,,,0,32,,95309,24,,,0,72,,95310,24,,,0,72,,95311,24,,,0,32,,95312,24,,,0,72,,95313,24,,,0,32,,95314,24,,,0,72,,95315,24,,,0,33,,95316,24,,,0,70,,95318,24,,,0,27,,95319,24,,,0,68,,95320,24,,,0,29,,95321,24,,,0,70,,95322,24,,,0,30,,95326,24,,,0,71,,95323,24,,,0,31,,95324,24,,,0,73,,95325,24,,,0,30,,95317,24,,,0
300,'0_5',703,,95327,24,,,0,24,,95328,24,,,0,32,,95329,24,,,0,64,,95330,24,,,0,25,,95331,24,,,0,70,,95332,24,,,0,32,,95333,24,,,0,72,,95334,24,,,0,32,,95335,24,,,0,72,,95336,24,,,0,32,,95337,24,,,0,72,,95338,24,,,0,72,,95339,24,,,0,32,,95340,24,,,0,72,,95341,24,,,0,32,,95342,24,,,0,72,,95343,24,,,0,33,,95344,24,,,0,70,,95346,24,,,0,27,,95347,24,,,0,68,,95348,24,,,0,29,,95349,24,,,0,70,,95350,24,,,0,30,,95354,24,,,0,71,,95351,24,,,0,31,,95352,24,,,0,73,,95353,24,,,0,30,,95345,24,,,0
300,'1_3',703,,95355,24,,,0,24,,95356,24,,,0,32,,95357,24,,,0,64,,95358,24,,,0,25,,95359,24,,,0,70,,95360,24,,,0,32,,95361,24,,,0,72,,95362,24,,,0,32,,95363,24,,,0,72,,95364,24,,,0,32,,95365,24,,,0,72,,95366,24,,,0,72,,95367,24,,,0,32,,95368,24,,,0,72,,95369,24,,,0,32,,95370,24,,,0,72,,95371,24,,,0,33,,95372,24,,,0,70,,95374,24,,,0,27,,95375,24,,,0,68,,95376,24,,,0,29,,95377,24,,,0,70,,95378,24,,,0,30,,95382,24,,,0,71,,95379,24,,,0,31,,95380,24,,,0,73,,95381,24,,,0,30,,95373,24,,,0
300,'2_6',704,,95383,24,,,0,30,,95385,24,,,0,70,,95386,24,,,0,30,,95384,24,,,0,70,,95388,24,,,0,29,,95389,24,,,0,69,,95387,24,,,0,31,,95390,24,,,0,70,,95391,24,,,0,30,,95394,24,,,0,69,,95393,24,,,0,29,,95392,24,,,0,28,,95396,24,,,0,70,,95395,24,,,0,30,,95397,24,,,0,69,,95398,24,,,0,72,,95399,24,,,0,32,,95400,24,,,0,71,,95401,24,,,0,31,,95402,24,,,0,72,,95403,24,,,0,32,,95404,24,,,0,70,,95405,24,,,0,31,,95410,24,,,0,71,,95406,24,,,0,30,,95407,24,,,0,64,,95408,24,,,0,30,,95409,24,,,0
300,'3_7',909,,95433,24,,,0,32,,95434,24,,,0,75,,95435,24,,,0,34,,95436,24,,,0,72,,95427,24,,,0,33,,95432,24,,,0,73,,95431,24,,,0,73,,95430,24,,,0,32,,95429,24,,,0,71,,95411,24,,,0,28,,95412,24,,,0,69,,95413,24,,,0,28,,95414,24,,,0,28,,95415,24,,,0,68,,95416,24,,,0,32,,95417,24,,,0,68,,95418,24,,,0,27,,95419,24,,,0,68,,95420,24,,,0,29,,95421,24,,,0,67,,95422,24,,,0,26,,95423,24,,,0,66,,95424,24,,,0,24,,95425,24,,,0,24,,95428,24,,,0,65,,95426,24,,,0
300,'4_1',703,,95437,24,,,0,24,,95438,24,,,0,32,,95439,24,,,0,64,,95440,24,,,0,25,,95441,24,,,0,70,,95442,24,,,0,32,,95443,24,,,0,72,,95444,24,,,0,32,,95445,24,,,0,72,,95446,24,,,0,32,,95447,24,,,0,72,,95448,24,,,0,72,,95449,24,,,0,32,,95450,24,,,0,72,,95451,24,,,0,32,,95452,24,,,0,72,,95453,24,,,0,33,,95454,24,,,0,70,,95456,24,,,0,27,,95457,24,,,0,68,,95458,24,,,0,29,,95459,24,,,0,70,,95460,24,,,0,30,,95464,24,,,0,71,,95461,24,,,0,31,,95462,24,,,0,73,,95463,24,,,0,30,,95455,24,,,0
300,'4_2',703,,95465,24,,,0,24,,95466,24,,,0,32,,95467,24,,,0,64,,95468,24,,,0,25,,95469,24,,,0,70,,95470,24,,,0,32,,95471,24,,,0,72,,95472,24,,,0,32,,95473,24,,,0,72,,95474,24,,,0,32,,95475,24,,,0,72,,95476,24,,,0,72,,95477,24,,,0,32,,95478,24,,,0,72,,95479,24,,,0,32,,95480,24,,,0,72,,95481,24,,,0,33,,95482,24,,,0,70,,95484,24,,,0,27,,95485,24,,,0,68,,95486,24,,,0,29,,95487,24,,,0,70,,95488,24,,,0,30,,95492,24,,,0,71,,95489,24,,,0,31,,95490,24,,,0,73,,95491,24,,,0,30,,95483,24,,,0
300,'4_4',703,,95493,24,,,0,24,,95494,24,,,0,32,,95495,24,,,0,64,,95496,24,,,0,25,,95497,24,,,0,70,,95498,24,,,0,32,,95499,24,,,0,72,,95500,24,,,0,32,,95501,24,,,0,72,,95502,24,,,0,32,,95503,24,,,0,72,,95504,24,,,0,72,,95505,24,,,0,32,,95506,24,,,0,72,,95507,24,,,0,32,,95508,24,,,0,72,,95509,24,,,0,33,,95510,24,,,0,70,,95512,24,,,0,27,,95513,24,,,0,68,,95514,24,,,0,29,,95515,24,,,0,70,,95516,24,,,0,30,,95520,24,,,0,71,,95517,24,,,0,31,,95518,24,,,0,73,,95519,24,,,0,30,,95511,24,,,0
300,'4_5',703,,95521,24,,,0,24,,95522,24,,,0,32,,95523,24,,,0,64,,95524,24,,,0,25,,95525,24,,,0,70,,95526,24,,,0,32,,95527,24,,,0,72,,95528,24,,,0,32,,95529,24,,,0,72,,95530,24,,,0,32,,95531,24,,,0,72,,95532,24,,,0,72,,95533,24,,,0,32,,95534,24,,,0,72,,95535,24,,,0,32,,95536,24,,,0,72,,95537,24,,,0,33,,95538,24,,,0,70,,95540,24,,,0,27,,95541,24,,,0,68,,95542,24,,,0,29,,95543,24,,,0,70,,95544,24,,,0,30,,95548,24,,,0,71,,95545,24,,,0,31,,95546,24,,,0,73,,95547,24,,,0,30,,95539,24,,,0
300,'5_7',923,,95549,24,,,0,100,,95550,24,,,0,100,,95551,24,,,0,100,,95552,24,,,0,100,,95553,24,,,0,100,,95554,24,,,0,100,,95555,24,,,0,100,,95556,24,,,0,100,,95557,24,,,0,100,,95558,24,,,0,100,,95559,24,,,0
