2601,'S2-0_2',709,,89124,2,,,0,33,,89134,2,,,0,66,,89136,2,,,0,24,,89135,2,,,0,79,,89125,2,,,0,99,,89126,2,,,0,100,,89143,2,,,0,98,,89127,2,,,0,29,,89144,2,,,0,22,,89145,2,,,0,91,,89128,2,,,0,94,,89129,2,,,0,113,,89138,2,,,0,85,,89139,2,,,0,66,,89140,2,,,0,94,,89141,2,,,0,26,,89142,2,,,0,96,,89137,2,,,0
2601,'S2-0_4',709,,89148,2,,,0,33,,89158,2,,,0,66,,89160,2,,,0,24,,89159,2,,,0,79,,89149,2,,,0,99,,89150,2,,,0,100,,89167,2,,,0,98,,89151,2,,,0,29,,89168,2,,,0,22,,89169,2,,,0,91,,89152,2,,,0,94,,89153,2,,,0,113,,89162,2,,,0,85,,89163,2,,,0,66,,89164,2,,,0,94,,89165,2,,,0,26,,89166,2,,,0,96,,89161,2,,,0
2601,'S2-0_5',709,,89172,2,,,0,33,,89182,2,,,0,66,,89184,2,,,0,24,,89183,2,,,0,79,,89173,2,,,0,99,,89174,2,,,0,100,,89191,2,,,0,98,,89175,2,,,0,29,,89192,2,,,0,22,,89193,2,,,0,91,,89176,2,,,0,94,,89177,2,,,0,113,,89186,2,,,0,85,,89187,2,,,0,66,,89188,2,,,0,94,,89189,2,,,0,26,,89190,2,,,0,96,,89185,2,,,0
2601,'S2-1_3',709,,89196,2,,,0,33,,89205,2,,,0,66,,89207,2,,,0,24,,89206,2,,,0,79,,89197,2,,,0,99,,89198,2,,,0,100,,89214,2,,,0,98,,89199,2,,,0,29,,89215,2,,,0,22,,89216,2,,,0,91,,89200,2,,,0,94,,89201,2,,,0,113,,89209,2,,,0,85,,89210,2,,,0,66,,89211,2,,,0,94,,89212,2,,,0,26,,89213,2,,,0,96,,89208,2,,,0
2601,'S2-2_6',715,,89218,2,,,0,85,,89221,2,,,0,45,,89222,2,,,0,85,,89223,2,,,0,90,,89224,2,,,0,84,,89225,2,,,0,44,,89226,2,,,0,85,,89227,2,,,0,82,,89228,2,,,0,42,,89229,2,,,0,86,,89230,2,,,0,90,,89231,2,,,0,85,,89232,2,,,0,40,,89233,2,,,0,87,,89234,2,,,0,84,,89220,2,,,0,85,,89219,2,,,0
2601,'S2-4_1',709,,89235,2,,,0,33,,89245,2,,,0,66,,89247,2,,,0,24,,89246,2,,,0,79,,89236,2,,,0,99,,89237,2,,,0,100,,89254,2,,,0,98,,89238,2,,,0,29,,89255,2,,,0,22,,89256,2,,,0,91,,89239,2,,,0,94,,89240,2,,,0,113,,89249,2,,,0,85,,89250,2,,,0,66,,89251,2,,,0,94,,89252,2,,,0,26,,89253,2,,,0,96,,89248,2,,,0
2601,'S2-4_2',709,,89259,2,,,0,33,,89269,2,,,0,66,,89271,2,,,0,24,,89270,2,,,0,79,,89260,2,,,0,99,,89261,2,,,0,100,,89278,2,,,0,98,,89262,2,,,0,29,,89279,2,,,0,22,,89280,2,,,0,91,,89263,2,,,0,94,,89264,2,,,0,113,,89273,2,,,0,85,,89274,2,,,0,66,,89275,2,,,0,94,,89276,2,,,0,26,,89277,2,,,0,96,,89272,2,,,0
2601,'S2-4_4',709,,89283,2,,,0,33,,89293,2,,,0,66,,89295,2,,,0,24,,89294,2,,,0,79,,89284,2,,,0,99,,89285,2,,,0,100,,89302,2,,,0,98,,89286,2,,,0,29,,89303,2,,,0,22,,89304,2,,,0,91,,89287,2,,,0,94,,89288,2,,,0,113,,89297,2,,,0,85,,89298,2,,,0,66,,89299,2,,,0,94,,89300,2,,,0,26,,89301,2,,,0,96,,89296,2,,,0
3000001,'S2-0_2',647,,93012,11,,,0,58,,92971,11,,,0,20,,92972,11,,,0,20,,92973,11,,,0,61,,92974,11,,,0,21,,92975,11,,,0,20,,92976,11,,,0,60,,92977,11,,,0,20,,92978,11,,,0,20,,92979,11,,,0,60,,92980,11,,,0,20,,92981,11,,,0,20,,92982,11,,,0,59,,92983,11,,,0,19,,92984,11,,,0,21,,92985,11,,,0,59,,92986,11,,,0,22,,92987,11,,,0,20,,92988,11,,,0,59,,92989,11,,,0,19,,92990,11,,,0,20,,92991,11,,,0,61,,92992,11,,,0,20,,92993,11,,,0,20,,92994,11,,,0,61,,92995,11,,,0,22,,92996,11,,,0,20,,92997,11,,,0,59,,92998,11,,,0,11,,93013,8,0,11 12,0,8,,92999,11,,,0,11,,93014,8,0,11 12,0,11,,93000,11,,,0,10,,93015,8,0,11 12,0,50,,93001,11,,,0,11,,93016,8,0,11 12,0,10,,93002,11,,,0,10,,93017,8,0,11 12,0,11,,93003,11,,,0,8,,93018,8,0,11 12,0,49,,93004,11,,,0,10,,93019,8,0,11 12,0,8,,93005,11,,,0,22,,93006,11,,,0,60,,93007,11,,,0,22,,93008,11,,,0,26,,93009,11,,,0,69,,93010,11,,,0,32,,93011,11,,,0
3000001,'S2-0_4',647,,93061,11,,,0,58,,93020,11,,,0,20,,93021,11,,,0,20,,93022,11,,,0,61,,93023,11,,,0,21,,93024,11,,,0,20,,93025,11,,,0,60,,93026,11,,,0,20,,93027,11,,,0,20,,93028,11,,,0,60,,93029,11,,,0,20,,93030,11,,,0,20,,93031,11,,,0,59,,93032,11,,,0,19,,93033,11,,,0,21,,93034,11,,,0,59,,93035,11,,,0,22,,93036,11,,,0,20,,93037,11,,,0,59,,93038,11,,,0,19,,93039,11,,,0,20,,93040,11,,,0,61,,93041,11,,,0,20,,93042,11,,,0,20,,93043,11,,,0,61,,93044,11,,,0,22,,93045,11,,,0,20,,93046,11,,,0,59,,93047,11,,,0,11,,93062,8,0,11 12,0,8,,93048,11,,,0,11,,93063,8,0,11 12,0,11,,93049,11,,,0,10,,93064,8,0,11 12,0,50,,93050,11,,,0,11,,93065,8,0,11 12,0,10,,93051,11,,,0,10,,93066,8,0,11 12,0,11,,93052,11,,,0,8,,93067,8,0,11 12,0,49,,93053,11,,,0,10,,93068,8,0,11 12,0,8,,93054,11,,,0,22,,93055,11,,,0,60,,93056,11,,,0,22,,93057,11,,,0,26,,93058,11,,,0,69,,93059,11,,,0,32,,93060,11,,,0
3000001,'S2-0_5',647,,93110,11,,,0,58,,93069,11,,,0,20,,93070,11,,,0,20,,93071,11,,,0,61,,93072,11,,,0,21,,93073,11,,,0,20,,93074,11,,,0,60,,93075,11,,,0,20,,93076,11,,,0,20,,93077,11,,,0,60,,93078,11,,,0,20,,93079,11,,,0,20,,93080,11,,,0,59,,93081,11,,,0,19,,93082,11,,,0,21,,93083,11,,,0,59,,93084,11,,,0,22,,93085,11,,,0,20,,93086,11,,,0,59,,93087,11,,,0,19,,93088,11,,,0,20,,93089,11,,,0,61,,93090,11,,,0,20,,93091,11,,,0,20,,93092,11,,,0,61,,93093,11,,,0,22,,93094,11,,,0,20,,93095,11,,,0,59,,93096,11,,,0,11,,93111,8,0,11 12,0,8,,93097,11,,,0,11,,93112,8,0,11 12,0,11,,93098,11,,,0,10,,93113,8,0,11 12,0,50,,93099,11,,,0,11,,93114,8,0,11 12,0,10,,93100,11,,,0,10,,93115,8,0,11 12,0,11,,93101,11,,,0,8,,93116,8,0,11 12,0,49,,93102,11,,,0,10,,93117,8,0,11 12,0,8,,93103,11,,,0,22,,93104,11,,,0,60,,93105,11,,,0,22,,93106,11,,,0,26,,93107,11,,,0,69,,93108,11,,,0,32,,93109,11,,,0
3000001,'S2-1_3',647,,93159,11,,,0,58,,93118,11,,,0,20,,93119,11,,,0,20,,93120,11,,,0,61,,93121,11,,,0,21,,93122,11,,,0,20,,93123,11,,,0,60,,93124,11,,,0,20,,93125,11,,,0,20,,93126,11,,,0,60,,93127,11,,,0,20,,93128,11,,,0,20,,93129,11,,,0,59,,93130,11,,,0,19,,93131,11,,,0,21,,93132,11,,,0,59,,93133,11,,,0,22,,93134,11,,,0,20,,93135,11,,,0,59,,93136,11,,,0,19,,93137,11,,,0,20,,93138,11,,,0,61,,93139,11,,,0,20,,93140,11,,,0,20,,93141,11,,,0,61,,93142,11,,,0,22,,93143,11,,,0,20,,93144,11,,,0,59,,93145,11,,,0,11,,93160,8,0,11 12,0,8,,93146,11,,,0,11,,93161,8,0,11 12,0,11,,93147,11,,,0,10,,93162,8,0,11 12,0,50,,93148,11,,,0,11,,93163,8,0,11 12,0,10,,93149,11,,,0,10,,93164,8,0,11 12,0,11,,93150,11,,,0,8,,93165,8,0,11 12,0,49,,93151,11,,,0,10,,93166,8,0,11 12,0,8,,93152,11,,,0,22,,93153,11,,,0,60,,93154,11,,,0,22,,93155,11,,,0,26,,93156,11,,,0,69,,93157,11,,,0,32,,93158,11,,,0
3000001,'S2-2_6',639,,93167,11,,,0,80,,93168,11,,,0,84,,93169,11,,,0,38,,93170,11,,,0,60,,93171,11,,,0,20,,93172,11,,,0,20,,93173,11,,,0,60,,93174,11,,,0,20,,93175,11,,,0,20,,93176,11,,,0,60,,93177,11,,,0,19,,93178,11,,,0,21,,93179,11,,,0,61,,93180,11,,,0,19,,93181,11,,,0,19,,93182,11,,,0,60,,93183,11,,,0,20,,93184,11,,,0,20,,93185,11,,,0,60,,93186,11,,,0,20,,93187,11,,,0,20,,93188,11,,,0,61,,93189,11,,,0,20,,93190,11,,,0,20,,93191,11,,,0,60,,93192,11,,,0,20,,93193,11,,,0,21,,93194,11,,,0,60,,93195,11,,,0,20,,93196,11,,,0,20,,93197,11,,,0,59,,93198,11,,,0,20,,93199,11,,,0,20,,93200,11,,,0,18,,93201,11,,,0,71,,93203,11,,,0,29,,93204,11,,,0,70,,93202,11,,,0,29,,93205,11,,,0
3000001,'S2-3_7',845,,93206,11,,,0,170,,93214,11,,,0,130,,93213,11,,,0,170,,93212,11,,,0,130,,93209,11,,,0,170,,93210,11,,,0,130,,93211,11,,,0,170,,93208,11,,,0,130,,93207,11,,,0
3000001,'S2-4_1',647,,93256,11,,,0,58,,93215,11,,,0,20,,93216,11,,,0,20,,93217,11,,,0,61,,93218,11,,,0,21,,93219,11,,,0,20,,93220,11,,,0,60,,93221,11,,,0,20,,93222,11,,,0,20,,93223,11,,,0,60,,93224,11,,,0,20,,93225,11,,,0,20,,93226,11,,,0,59,,93227,11,,,0,19,,93228,11,,,0,21,,93229,11,,,0,59,,93230,11,,,0,22,,93231,11,,,0,20,,93232,11,,,0,59,,93233,11,,,0,19,,93234,11,,,0,20,,93235,11,,,0,61,,93236,11,,,0,20,,93237,11,,,0,20,,93238,11,,,0,61,,93239,11,,,0,22,,93240,11,,,0,20,,93241,11,,,0,59,,93242,11,,,0,11,,93257,8,0,11 12,0,8,,93243,11,,,0,11,,93258,8,0,11 12,0,11,,93244,11,,,0,10,,93259,8,0,11 12,0,50,,93245,11,,,0,11,,93260,8,0,11 12,0,10,,93246,11,,,0,10,,93261,8,0,11 12,0,11,,93247,11,,,0,8,,93262,8,0,11 12,0,49,,93248,11,,,0,10,,93263,8,0,11 12,0,8,,93249,11,,,0,22,,93250,11,,,0,60,,93251,11,,,0,22,,93252,11,,,0,26,,93253,11,,,0,69,,93254,11,,,0,32,,93255,11,,,0
3000001,'S2-4_2',647,,93305,11,,,0,58,,93264,11,,,0,20,,93265,11,,,0,20,,93266,11,,,0,61,,93267,11,,,0,21,,93268,11,,,0,20,,93269,11,,,0,60,,93270,11,,,0,20,,93271,11,,,0,20,,93272,11,,,0,60,,93273,11,,,0,20,,93274,11,,,0,20,,93275,11,,,0,59,,93276,11,,,0,19,,93277,11,,,0,21,,93278,11,,,0,59,,93279,11,,,0,22,,93280,11,,,0,20,,93281,11,,,0,59,,93282,11,,,0,19,,93283,11,,,0,20,,93284,11,,,0,61,,93285,11,,,0,20,,93286,11,,,0,20,,93287,11,,,0,61,,93288,11,,,0,22,,93289,11,,,0,20,,93290,11,,,0,59,,93291,11,,,0,11,,93306,8,0,11 12,0,8,,93292,11,,,0,11,,93307,8,0,11 12,0,11,,93293,11,,,0,10,,93308,8,0,11 12,0,50,,93294,11,,,0,11,,93309,8,0,11 12,0,10,,93295,11,,,0,10,,93310,8,0,11 12,0,11,,93296,11,,,0,8,,93311,8,0,11 12,0,49,,93297,11,,,0,10,,93312,8,0,11 12,0,8,,93298,11,,,0,22,,93299,11,,,0,60,,93300,11,,,0,22,,93301,11,,,0,26,,93302,11,,,0,69,,93303,11,,,0,32,,93304,11,,,0
3000001,'S2-4_4',647,,93354,11,,,0,58,,93313,11,,,0,20,,93314,11,,,0,20,,93315,11,,,0,61,,93316,11,,,0,21,,93317,11,,,0,20,,93318,11,,,0,60,,93319,11,,,0,20,,93320,11,,,0,20,,93321,11,,,0,60,,93322,11,,,0,20,,93323,11,,,0,20,,93324,11,,,0,59,,93325,11,,,0,19,,93326,11,,,0,21,,93327,11,,,0,59,,93328,11,,,0,22,,93329,11,,,0,20,,93330,11,,,0,59,,93331,11,,,0,19,,93332,11,,,0,20,,93333,11,,,0,61,,93334,11,,,0,20,,93335,11,,,0,20,,93336,11,,,0,61,,93337,11,,,0,22,,93338,11,,,0,20,,93339,11,,,0,59,,93340,11,,,0,11,,93355,8,0,11 12,0,8,,93341,11,,,0,11,,93356,8,0,11 12,0,11,,93342,11,,,0,10,,93357,8,0,11 12,0,50,,93343,11,,,0,11,,93358,8,0,11 12,0,10,,93344,11,,,0,10,,93359,8,0,11 12,0,11,,93345,11,,,0,8,,93360,8,0,11 12,0,49,,93346,11,,,0,10,,93361,8,0,11 12,0,8,,93347,11,,,0,22,,93348,11,,,0,60,,93349,11,,,0,22,,93350,11,,,0,26,,93351,11,,,0,69,,93352,11,,,0,32,,93353,11,,,0
