401,'S2-0_2',842,,86166,52,,,0,296,,86168,50,,,0,118,,86167,52,,,0,101,,86169,50,,,0,180,,86170,50,,,0,274,,86165,53,,,0,145,,86171,50,,,0
401,'S2-0_4',842,,86198,52,,,0,296,,86200,50,,,0,118,,86199,52,,,0,101,,86201,50,,,0,180,,86202,50,,,0,274,,86197,53,,,0,145,,86203,50,,,0
401,'S2-0_5',842,,86230,52,,,0,296,,86232,50,,,0,118,,86231,52,,,0,101,,86233,50,,,0,180,,86234,50,,,0,274,,86229,53,,,0,145,,86235,50,,,0
401,'S2-1_3',842,,86262,52,,,0,296,,86264,50,,,0,118,,86263,52,,,0,101,,86265,50,,,0,180,,86266,50,,,0,274,,86261,53,,,0,145,,86267,50,,,0
401,'S2-2_6',742,,86269,50,,,0,189,,86270,50,,,0,202,,86271,50,,,0,201,,86272,50,,,0,199,,86273,50,,,0,206,,86274,50,,,0,272,,86275,50,,,0
401,'S2-3_7',1011,,86293,50,,,0,125,,86294,50,,,0,166,,86295,50,,,0,200,,86296,50,,,0,125,,86297,50,,,0,125,,86298,50,,,0,165,,86299,50,,,0
401,'S2-4_1',842,,86325,52,,,0,296,,86327,50,,,0,118,,86326,52,,,0,101,,86328,50,,,0,180,,86329,50,,,0,274,,86324,53,,,0,145,,86330,50,,,0
401,'S2-4_2',842,,86357,52,,,0,296,,86359,50,,,0,118,,86358,52,,,0,101,,86360,50,,,0,180,,86361,50,,,0,274,,86356,53,,,0,145,,86362,50,,,0
401,'S2-4_4',842,,86389,52,,,0,296,,86391,50,,,0,118,,86390,52,,,0,101,,86392,50,,,0,180,,86393,50,,,0,274,,86388,53,,,0,145,,86394,50,,,0
501,'S2-0_2',944,,86513,27,,,0,105,,86514,27,,,0,101,,86515,27,,,0,85,,86516,27,,,0,94,,86517,27,,,0,98,,86518,27,,,0,102,,86519,27,,,0,103,,86520,27,,,0,26,,86522,27,0,13,0,81,,86521,27,,,0,69,,86523,27,0,13,0,33,,86525,27,,,0,18,,86524,27,0,13,0,148,,86526,27,,,0
501,'S2-0_4',944,,86527,27,,,0,105,,86528,27,,,0,101,,86529,27,,,0,85,,86530,27,,,0,94,,86531,27,,,0,98,,86532,27,,,0,102,,86533,27,,,0,103,,86534,27,,,0,26,,86536,27,0,13,0,81,,86535,27,,,0,69,,86537,27,0,13,0,33,,86539,27,,,0,18,,86538,27,0,13,0,148,,86540,27,,,0
501,'S2-0_5',944,,86541,27,,,0,105,,86542,27,,,0,101,,86543,27,,,0,85,,86544,27,,,0,94,,86545,27,,,0,98,,86546,27,,,0,102,,86547,27,,,0,103,,86548,27,,,0,26,,86550,27,0,13,0,81,,86549,27,,,0,69,,86551,27,0,13,0,33,,86553,27,,,0,18,,86552,27,0,13,0,148,,86554,27,,,0
501,'S2-1_3',944,,86555,27,,,0,105,,86556,27,,,0,101,,86557,27,,,0,85,,86558,27,,,0,24,,86564,27,0,13,0,70,,86559,27,,,0,98,,86560,27,,,0,102,,86561,27,,,0,103,,86562,27,,,0,107,,86563,27,,,0,102,,86565,27,,,0,166,,86566,27,,,0
501,'S2-2_6',833,,86567,27,,,0,101,,86568,27,,,0,101,,86569,27,,,0,100,,86570,27,,,0,99,,86571,27,,,0,94,,86572,27,,,0,99,,86573,27,,,0,100,,86574,27,,,0,100,,86575,27,,,0,104,,86576,27,,,0,98,,86577,27,,,0,186,,86578,27,,,0
501,'S2-4_1',944,,86579,27,,,0,105,,86580,27,,,0,101,,86581,27,,,0,85,,86582,27,,,0,94,,86583,27,,,0,98,,86584,27,,,0,102,,86585,27,,,0,103,,86586,27,,,0,26,,86588,27,0,13,0,81,,86587,27,,,0,69,,86589,27,0,13,0,33,,86591,27,,,0,18,,86590,27,0,13,0,148,,86592,27,,,0
501,'S2-4_2',944,,86593,27,,,0,105,,86594,27,,,0,101,,86595,27,,,0,85,,86596,27,,,0,94,,86597,27,,,0,98,,86598,27,,,0,102,,86599,27,,,0,103,,86600,27,,,0,26,,86602,27,0,13,0,81,,86601,27,,,0,69,,86603,27,0,13,0,33,,86605,27,,,0,18,,86604,27,0,13,0,148,,86606,27,,,0
501,'S2-4_4',944,,86607,27,,,0,105,,86608,27,,,0,101,,86609,27,,,0,85,,86610,27,,,0,94,,86611,27,,,0,98,,86612,27,,,0,102,,86613,27,,,0,103,,86614,27,,,0,26,,86616,27,0,13,0,81,,86615,27,,,0,69,,86617,27,0,13,0,33,,86619,27,,,0,18,,86618,27,0,13,0,148,,86620,27,,,0
