401,'0_6',706,,65084,22,,,0,124,,65083,22,0,41,0,70,,65081,22,,,0,23,,65070,22,0,41,0,32,,65082,22,0,41,0,70,,65071,22,0,41,0,75,,65077,22,,,0,27,,65072,22,0,41,0,73,,65073,22,0,41,0,32,,65089,22,0,41,0,71,,65091,22,,,0,32,,65078,22,0,41,0,69,,65069,22,0,41,0,28,,65074,22,0,41,0,68,,65079,22,,,0,27,,65075,22,0,41,0,29,,65092,22,0,41,0,71,,65088,22,0,41,0,26,,65085,22,,,0,65,,65086,22,0,41,0,26,,65090,22,,,0,76,,65087,22,0,41,0,36,,65076,22,0,41,0,76,,65080,22,,,0
401,'1_7',941,,65093,22,,,0,165,,65094,22,,,0,125,,65095,22,,,0,201,,65096,22,,,0,125,,65097,22,,,0,165,,65098,22,,,0,125,,65099,22,,,0
401,'3_1',706,,65240,30,,,0,16,,65241,24,0,41,0,79,,65252,24,0,41,0,34,,65231,25,0,41,0,65,,65253,22,,,0,26,,65232,22,0,41,0,29,,65254,22,0,41,0,70,,65233,22,0,41,0,75,,65248,22,,,0,31,,65234,22,0,41,0,70,,65235,22,0,41,0,32,,65247,24,0,41,0,75,,65245,25,,,0,30,,65249,22,0,41,0,66,,65230,22,0,41,0,28,,65236,22,0,41,0,68,,65250,22,,,0,25,,65237,22,0,41,0,31,,65238,22,,,0,65,,65246,25,0,41,0,28,,65242,24,,,0,69,,65243,27,0,41,0,37,,65255,25,,,0,65,,65244,24,0,41,0,31,,65239,22,0,41,0,79,,65251,22,,,0
401,'3_2',706,,73228,30,,,0,16,,73229,24,0,41,0,79,,73240,24,0,41,0,34,,73219,25,0,41,0,65,,73241,22,,,0,26,,73220,22,0,41,0,29,,73242,22,0,41,0,70,,73221,22,0,41,0,75,,73236,22,,,0,31,,73222,22,0,41,0,70,,73223,22,0,41,0,32,,73235,24,0,41,0,75,,73233,25,,,0,30,,73237,22,0,41,0,66,,73218,22,0,41,0,28,,73224,22,0,41,0,68,,73238,22,,,0,25,,73225,22,0,41,0,31,,73226,22,,,0,65,,73234,25,0,41,0,28,,73230,24,,,0,69,,73231,27,0,41,0,37,,73243,25,,,0,65,,73232,24,0,41,0,31,,73227,22,0,41,0,79,,73239,22,,,0
401,'3_3',706,,65266,30,,,0,16,,65267,24,0,41,0,79,,65278,24,0,41,0,34,,65257,25,0,41,0,65,,65279,22,,,0,26,,65258,22,0,41,0,29,,65280,22,0,41,0,70,,65259,22,0,41,0,75,,65274,22,,,0,31,,65260,22,0,41,0,70,,65261,22,0,41,0,32,,65273,24,0,41,0,75,,65271,25,,,0,30,,65275,22,0,41,0,66,,65256,22,0,41,0,28,,65262,22,0,41,0,68,,65276,22,,,0,25,,65263,22,0,41,0,31,,65264,22,,,0,65,,65272,25,0,41,0,28,,65268,24,,,0,69,,65269,27,0,41,0,37,,65281,25,,,0,65,,65270,24,0,41,0,31,,65265,22,0,41,0,79,,65277,22,,,0
401,'3_4',706,,65292,30,,,0,16,,65293,24,0,41,0,79,,65304,24,0,41,0,34,,65283,25,0,41,0,65,,65305,22,,,0,26,,65284,22,0,41,0,29,,65306,22,0,41,0,70,,65285,22,0,41,0,75,,65300,22,,,0,31,,65286,22,0,41,0,70,,65287,22,0,41,0,32,,65299,24,0,41,0,75,,65297,25,,,0,30,,65301,22,0,41,0,66,,65282,22,0,41,0,28,,65288,22,0,41,0,68,,65302,22,,,0,25,,65289,22,0,41,0,31,,65290,22,,,0,65,,65298,25,0,41,0,28,,65294,24,,,0,69,,65295,27,0,41,0,37,,65307,25,,,0,65,,65296,24,0,41,0,31,,65291,22,0,41,0,79,,65303,22,,,0
401,'3_5',706,,65318,30,,,0,16,,65319,24,0,41,0,79,,65330,24,0,41,0,34,,65309,25,0,41,0,65,,65331,22,,,0,26,,65310,22,0,41,0,29,,65332,22,0,41,0,70,,65311,22,0,41,0,75,,65326,22,,,0,31,,65312,22,0,41,0,70,,65313,22,0,41,0,32,,65325,24,0,41,0,75,,65323,25,,,0,30,,65327,22,0,41,0,66,,65308,22,0,41,0,28,,65314,22,0,41,0,68,,65328,22,,,0,25,,65315,22,0,41,0,31,,65316,22,,,0,65,,65324,25,0,41,0,28,,65320,24,,,0,69,,65321,27,0,41,0,37,,65333,25,,,0,65,,65322,24,0,41,0,31,,65317,22,0,41,0,79,,65329,22,,,0
401,'5_1',706,,74188,30,,,0,16,,74189,24,0,41,0,79,,74200,24,0,41,0,34,,74179,25,0,41,0,65,,74201,22,,,0,26,,74180,22,0,41,0,29,,74202,22,0,41,0,70,,74181,22,0,41,0,75,,74196,22,,,0,31,,74182,22,0,41,0,70,,74183,22,0,41,0,32,,74195,24,0,41,0,75,,74193,25,,,0,30,,74197,22,0,41,0,66,,74178,22,0,41,0,28,,74184,22,0,41,0,68,,74198,22,,,0,25,,74185,22,0,41,0,31,,74186,22,,,0,65,,74194,25,0,41,0,28,,74190,24,,,0,69,,74191,27,0,41,0,37,,74203,25,,,0,65,,74192,24,0,41,0,31,,74187,22,0,41,0,79,,74199,22,,,0
401,'5_2',706,,75558,30,,,0,16,,75559,24,0,41,0,79,,75570,24,0,41,0,34,,75549,25,0,41,0,65,,75571,22,,,0,26,,75550,22,0,41,0,29,,75572,22,0,41,0,70,,75551,22,0,41,0,75,,75566,22,,,0,31,,75552,22,0,41,0,70,,75553,22,0,41,0,32,,75565,24,0,41,0,75,,75563,25,,,0,30,,75567,22,0,41,0,66,,75548,22,0,41,0,28,,75554,22,0,41,0,68,,75568,22,,,0,25,,75555,22,0,41,0,31,,75556,22,,,0,65,,75564,25,0,41,0,28,,75560,24,,,0,69,,75561,27,0,41,0,37,,75573,25,,,0,65,,75562,24,0,41,0,31,,75557,22,0,41,0,79,,75569,22,,,0
401,'5_3',706,,75584,30,,,0,16,,75585,24,0,41,0,79,,75596,24,0,41,0,34,,75575,25,0,41,0,65,,75597,22,,,0,26,,75576,22,0,41,0,29,,75598,22,0,41,0,70,,75577,22,0,41,0,75,,75592,22,,,0,31,,75578,22,0,41,0,70,,75579,22,0,41,0,32,,75591,24,0,41,0,75,,75589,25,,,0,30,,75593,22,0,41,0,66,,75574,22,0,41,0,28,,75580,22,0,41,0,68,,75594,22,,,0,25,,75581,22,0,41,0,31,,75582,22,,,0,65,,75590,25,0,41,0,28,,75586,24,,,0,69,,75587,27,0,41,0,37,,75599,25,,,0,65,,75588,24,0,41,0,31,,75583,22,0,41,0,79,,75595,22,,,0
401,'5_4',706,,75610,30,,,0,16,,75611,24,0,41,0,79,,75622,24,0,41,0,34,,75601,25,0,41,0,65,,75623,22,,,0,26,,75602,22,0,41,0,29,,75624,22,0,41,0,70,,75603,22,0,41,0,75,,75618,22,,,0,31,,75604,22,0,41,0,70,,75605,22,0,41,0,32,,75617,24,0,41,0,75,,75615,25,,,0,30,,75619,22,0,41,0,66,,75600,22,0,41,0,28,,75606,22,0,41,0,68,,75620,22,,,0,25,,75607,22,0,41,0,31,,75608,22,,,0,65,,75616,25,0,41,0,28,,75612,24,,,0,69,,75613,27,0,41,0,37,,75625,25,,,0,65,,75614,24,0,41,0,31,,75609,22,0,41,0,79,,75621,22,,,0
