1000,'0_4',910,,97489,28,0,18 30,0,146,,97480,28,0,18 30,0,87,,97481,28,0,18 30,0,77,,97482,28,0,18 30,0,80,,97483,28,0,18 30,0,59,,97484,28,0,18 30,0,79,,97486,28,,,0,70,,97487,28,,,0,96,,97488,28,,,0,335,,97485,28,0,18 30,0
1000,'0_5',910,,97504,28,0,18 30,0,146,,97495,28,0,18 30,0,87,,97496,28,0,18 30,0,77,,97497,28,0,18 30,0,80,,97498,28,0,18 30,0,59,,97499,28,0,18 30,0,79,,97501,28,,,0,70,,97502,28,,,0,96,,97503,28,,,0,335,,97500,28,0,18 30,0
1000,'1_3',910,,97519,28,0,18 30,0,146,,97510,28,0,18 30,0,87,,97511,28,0,18 30,0,77,,97512,28,0,18 30,0,80,,97513,28,0,18 30,0,59,,97514,28,0,18 30,0,79,,97516,28,,,0,70,,97517,28,,,0,96,,97518,28,,,0,335,,97515,28,0,18 30,0
1000,'2_6',908,,97527,28,0,18 30,0,144,,97528,28,0,18 30,0,101,,97529,28,0,18 30,0,101,,97530,28,0,18 30,0,101,,97531,28,0,18 30,0,92,,97525,28,,,0,155,,97526,28,,,0,337,,97532,28,0,18 30,0
1000,'4_1',910,,97547,28,0,18 30,0,146,,97538,28,0,18 30,0,87,,97539,28,0,18 30,0,77,,97540,28,0,18 30,0,80,,97541,28,0,18 30,0,59,,97542,28,0,18 30,0,79,,97544,28,,,0,70,,97545,28,,,0,96,,97546,28,,,0,335,,97543,28,0,18 30,0
1000,'4_2',910,,97562,28,0,18 30,0,146,,97553,28,0,18 30,0,87,,97554,28,0,18 30,0,77,,97555,28,0,18 30,0,80,,97556,28,0,18 30,0,59,,97557,28,0,18 30,0,79,,97559,28,,,0,70,,97560,28,,,0,96,,97561,28,,,0,335,,97558,28,0,18 30,0
1000,'4_4',910,,97577,28,0,18 30,0,146,,97568,28,0,18 30,0,87,,97569,28,0,18 30,0,77,,97570,28,0,18 30,0,80,,97571,28,0,18 30,0,59,,97572,28,0,18 30,0,79,,97574,28,,,0,70,,97575,28,,,0,96,,97576,28,,,0,335,,97573,28,0,18 30,0
1000,'4_5',910,,97592,28,0,18 30,0,146,,97583,28,0,18 30,0,87,,97584,28,0,18 30,0,77,,97585,28,0,18 30,0,80,,97586,28,0,18 30,0,59,,97587,28,0,18 30,0,79,,97589,28,,,0,70,,97590,28,,,0,96,,97591,28,,,0,335,,97588,28,0,18 30,0
1100,'0_4',656,,97703,14,,,0,160,,97704,14,,,0,922,,97705,14,,,0,111,,97706,14,,,0
1100,'0_5',656,,97707,14,,,0,160,,97708,14,,,0,922,,97709,14,,,0,111,,97710,14,,,0
1100,'1_3',656,,97711,14,,,0,160,,97712,14,,,0,922,,97713,14,,,0,111,,97714,14,,,0
1100,'2_6',656,,97715,14,,,0,160,,97716,14,,,0,905,,97717,14,,,0,119,,97718,14,,,0
1100,'4_1',656,,97719,14,,,0,160,,97720,14,,,0,922,,97721,14,,,0,111,,97722,14,,,0
1100,'4_2',656,,97723,14,,,0,160,,97724,14,,,0,922,,97725,14,,,0,111,,97726,14,,,0
1100,'4_4',656,,97727,14,,,0,160,,97728,14,,,0,922,,97729,14,,,0,111,,97730,14,,,0
1100,'4_5',656,,97731,14,,,0,160,,97732,14,,,0,922,,97733,14,,,0,111,,97734,14,,,0
