401,'0_6',729,,65084,42,,,0,125,,65083,42,0,41,0,70,,65081,42,,,0,23,,65070,42,0,41,0,72,,65082,42,0,41,0,31,,65071,42,0,41,0,75,,65077,42,,,0,26,,65072,42,0,41,0,73,,65073,42,0,41,0,32,,65089,42,0,41,0,72,,65091,42,,,0,72,,65078,42,0,41,0,29,,65069,42,0,41,0,28,,65074,42,0,41,0,68,,65079,42,,,0,27,,65075,42,0,41,0,70,,65092,42,0,41,0,31,,65088,42,0,41,0,66,,65085,42,,,0,25,,65086,42,0,41,0,66,,65090,42,,,0,35,,65087,42,0,41,0,75,,65076,42,0,41,0,34,,65080,42,,,0
401,'1_7',1003,,65093,42,,,0,125,,65094,42,,,0,125,,65095,42,,,0,201,,65096,42,,,0,165,,65097,42,,,0,125,,65098,42,,,0,165,,65099,42,,,0
401,'5_1',729,,74188,50,,,0,16,,74189,44,0,41,0,79,,74200,44,0,41,0,35,,74179,45,0,41,0,65,,74201,42,,,0,26,,74180,42,0,41,0,69,,74202,42,0,41,0,31,,74181,42,0,41,0,75,,74196,42,,,0,30,,74182,42,0,41,0,70,,74183,42,0,41,0,32,,74195,44,0,41,0,76,,74193,45,,,0,70,,74197,42,0,41,0,26,,74178,42,0,41,0,28,,74184,42,0,41,0,68,,74198,42,,,0,25,,74185,42,0,41,0,72,,74186,42,,,0,25,,74194,45,0,41,0,68,,74190,44,,,0,29,,74191,47,0,41,0,78,,74203,45,,,0,23,,74192,44,0,41,0,70,,74187,42,0,41,0,37,,74199,42,,,0
401,'5_2',729,,75558,50,,,0,16,,75559,44,0,41,0,79,,75570,44,0,41,0,35,,75549,45,0,41,0,65,,75571,42,,,0,26,,75550,42,0,41,0,69,,75572,42,0,41,0,31,,75551,42,0,41,0,75,,75566,42,,,0,30,,75552,42,0,41,0,70,,75553,42,0,41,0,32,,75565,44,0,41,0,76,,75563,45,,,0,70,,75567,42,0,41,0,26,,75548,42,0,41,0,28,,75554,42,0,41,0,68,,75568,42,,,0,25,,75555,42,0,41,0,72,,75556,42,,,0,25,,75564,45,0,41,0,68,,75560,44,,,0,29,,75561,47,0,41,0,78,,75573,45,,,0,23,,75562,44,0,41,0,70,,75557,42,0,41,0,37,,75569,42,,,0
401,'5_3',729,,75584,50,,,0,16,,75585,44,0,41,0,79,,75596,44,0,41,0,35,,75575,45,0,41,0,65,,75597,42,,,0,26,,75576,42,0,41,0,69,,75598,42,0,41,0,31,,75577,42,0,41,0,75,,75592,42,,,0,30,,75578,42,0,41,0,70,,75579,42,0,41,0,32,,75591,44,0,41,0,76,,75589,45,,,0,70,,75593,42,0,41,0,26,,75574,42,0,41,0,28,,75580,42,0,41,0,68,,75594,42,,,0,25,,75581,42,0,41,0,72,,75582,42,,,0,25,,75590,45,0,41,0,68,,75586,44,,,0,29,,75587,47,0,41,0,78,,75599,45,,,0,23,,75588,44,0,41,0,70,,75583,42,0,41,0,37,,75595,42,,,0
401,'7_1',729,,80507,50,,,0,16,,80508,44,0,41,0,79,,80519,44,0,41,0,35,,80498,45,0,41,0,65,,80520,42,,,0,26,,80499,42,0,41,0,69,,80521,42,0,41,0,31,,80500,42,0,41,0,75,,80515,42,,,0,30,,80501,42,0,41,0,70,,80502,42,0,41,0,32,,80514,44,0,41,0,76,,80512,45,,,0,70,,80516,42,0,41,0,26,,80497,42,0,41,0,28,,80503,42,0,41,0,68,,80517,42,,,0,25,,80504,42,0,41,0,72,,80505,42,,,0,25,,80513,45,0,41,0,68,,80509,44,,,0,29,,80510,47,0,41,0,78,,80522,45,,,0,23,,80511,44,0,41,0,70,,80506,42,0,41,0,37,,80518,42,,,0
401,'7_2',729,,82428,50,,,0,16,,82429,44,0,41,0,79,,82440,44,0,41,0,35,,82419,45,0,41,0,65,,82441,42,,,0,26,,82420,42,0,41,0,69,,82442,42,0,41,0,31,,82421,42,0,41,0,75,,82436,42,,,0,30,,82422,42,0,41,0,70,,82423,42,0,41,0,32,,82435,44,0,41,0,76,,82433,45,,,0,70,,82437,42,0,41,0,26,,82418,42,0,41,0,28,,82424,42,0,41,0,68,,82438,42,,,0,25,,82425,42,0,41,0,72,,82426,42,,,0,25,,82434,45,0,41,0,68,,82430,44,,,0,29,,82431,47,0,41,0,78,,82443,45,,,0,23,,82432,44,0,41,0,70,,82427,42,0,41,0,37,,82439,42,,,0
401,'7_3',729,,82454,50,,,0,16,,82455,44,0,41,0,79,,82466,44,0,41,0,35,,82445,45,0,41,0,65,,82467,42,,,0,26,,82446,42,0,41,0,69,,82468,42,0,41,0,31,,82447,42,0,41,0,75,,82462,42,,,0,30,,82448,42,0,41,0,70,,82449,42,0,41,0,32,,82461,44,0,41,0,76,,82459,45,,,0,70,,82463,42,0,41,0,26,,82444,42,0,41,0,28,,82450,42,0,41,0,68,,82464,42,,,0,25,,82451,42,0,41,0,72,,82452,42,,,0,25,,82460,45,0,41,0,68,,82456,44,,,0,29,,82457,47,0,41,0,78,,82469,45,,,0,23,,82458,44,0,41,0,70,,82453,42,0,41,0,37,,82465,42,,,0
401,'7_4',729,,79327,50,,,0,16,,79328,44,0,41,0,79,,79339,44,0,41,0,35,,79318,45,0,41,0,65,,79340,42,,,0,26,,79319,42,0,41,0,69,,79341,42,0,41,0,31,,79320,42,0,41,0,75,,79335,42,,,0,30,,79321,42,0,41,0,70,,79322,42,0,41,0,32,,79334,44,0,41,0,76,,79332,45,,,0,70,,79336,42,0,41,0,26,,79317,42,0,41,0,28,,79323,42,0,41,0,68,,79337,42,,,0,25,,79324,42,0,41,0,72,,79325,42,,,0,25,,79333,45,0,41,0,68,,79329,44,,,0,29,,79330,47,0,41,0,78,,79342,45,,,0,23,,79331,44,0,41,0,70,,79326,42,0,41,0,37,,79338,42,,,0
401,'7_5',729,,80533,50,,,0,16,,80534,44,0,41,0,79,,80545,44,0,41,0,35,,80524,45,0,41,0,65,,80546,42,,,0,26,,80525,42,0,41,0,69,,80547,42,0,41,0,31,,80526,42,0,41,0,75,,80541,42,,,0,30,,80527,42,0,41,0,70,,80528,42,0,41,0,32,,80540,44,0,41,0,76,,80538,45,,,0,70,,80542,42,0,41,0,26,,80523,42,0,41,0,28,,80529,42,0,41,0,68,,80543,42,,,0,25,,80530,42,0,41,0,72,,80531,42,,,0,25,,80539,45,0,41,0,68,,80535,44,,,0,29,,80536,47,0,41,0,78,,80548,45,,,0,23,,80537,44,0,41,0,70,,80532,42,0,41,0,37,,80544,42,,,0
