401,'S2-0_2',640,,86158,5,0,41,0,19,,86142,5,0,41,0,48,,86159,5,0,41,0,21,,86143,5,0,41,0,12,,86166,5,,,0,68,,86144,5,0,41,0,11,,86145,5,0,41,0,81,,86146,5,0,41,0,35,,86147,5,0,41,0,74,,86148,5,0,41,0,35,,86168,5,,,0,70,,86149,5,0,41,0,28,,86150,5,0,41,0,16,,86167,5,,,0,71,,86163,5,0,41,0,75,,86169,5,,,0,33,,86141,8,0,41,0,77,,86151,5,0,41,0,28,,86170,5,,,0,72,,86152,5,0,41,0,24,,86153,5,0,41,0,13,,86154,5,0,41,0,53,,86164,5,0,41,0,20,,86160,5,0,41,0,16,,86155,5,0,41,0,11,,86161,5,0,41,0,53,,86165,5,,,0,38,,86156,5,0,41,0,61,,86162,5,0,41,0,43,,86157,5,0,41,0,61,,86171,5,,,0
401,'S2-0_4',640,,86190,5,0,41,0,19,,86174,5,0,41,0,48,,86191,5,0,41,0,21,,86175,5,0,41,0,12,,86198,5,,,0,68,,86176,5,0,41,0,11,,86177,5,0,41,0,81,,86178,5,0,41,0,35,,86179,5,0,41,0,74,,86180,5,0,41,0,35,,86200,5,,,0,70,,86181,5,0,41,0,28,,86182,5,0,41,0,16,,86199,5,,,0,71,,86195,5,0,41,0,75,,86201,5,,,0,33,,86173,8,0,41,0,77,,86183,5,0,41,0,28,,86202,5,,,0,72,,86184,5,0,41,0,24,,86185,5,0,41,0,13,,86186,5,0,41,0,53,,86196,5,0,41,0,20,,86192,5,0,41,0,16,,86187,5,0,41,0,11,,86193,5,0,41,0,53,,86197,5,,,0,38,,86188,5,0,41,0,61,,86194,5,0,41,0,43,,86189,5,0,41,0,61,,86203,5,,,0
401,'S2-0_5',640,,86222,5,0,41,0,19,,86206,5,0,41,0,48,,86223,5,0,41,0,21,,86207,5,0,41,0,12,,86230,5,,,0,68,,86208,5,0,41,0,11,,86209,5,0,41,0,81,,86210,5,0,41,0,35,,86211,5,0,41,0,74,,86212,5,0,41,0,35,,86232,5,,,0,70,,86213,5,0,41,0,28,,86214,5,0,41,0,16,,86231,5,,,0,71,,86227,5,0,41,0,75,,86233,5,,,0,33,,86205,8,0,41,0,77,,86215,5,0,41,0,28,,86234,5,,,0,72,,86216,5,0,41,0,24,,86217,5,0,41,0,13,,86218,5,0,41,0,53,,86228,5,0,41,0,20,,86224,5,0,41,0,16,,86219,5,0,41,0,11,,86225,5,0,41,0,53,,86229,5,,,0,38,,86220,5,0,41,0,61,,86226,5,0,41,0,43,,86221,5,0,41,0,61,,86235,5,,,0
401,'S2-1_3',640,,86254,5,0,41,0,19,,86238,5,0,41,0,48,,86255,5,0,41,0,21,,86239,5,0,41,0,12,,86262,5,,,0,68,,86240,5,0,41,0,11,,86241,5,0,41,0,81,,86242,5,0,41,0,35,,86243,5,0,41,0,74,,86244,5,0,41,0,35,,86264,5,,,0,70,,86245,5,0,41,0,28,,86246,5,0,41,0,16,,86263,5,,,0,71,,86259,5,0,41,0,75,,86265,5,,,0,33,,86237,8,0,41,0,77,,86247,5,0,41,0,28,,86266,5,,,0,72,,86248,5,0,41,0,24,,86249,5,0,41,0,13,,86250,5,0,41,0,53,,86260,5,0,41,0,20,,86256,5,0,41,0,16,,86251,5,0,41,0,11,,86257,5,0,41,0,53,,86261,5,,,0,38,,86252,5,0,41,0,61,,86258,5,0,41,0,43,,86253,5,0,41,0,61,,86267,5,,,0
401,'S2-2_6',649,,86269,5,,,0,155,,86276,5,0,41,0,35,,86270,5,,,0,69,,86277,5,0,41,0,32,,86278,5,0,41,0,67,,86279,5,0,41,0,32,,86271,5,,,0,69,,86280,5,0,41,0,31,,86281,5,0,41,0,71,,86282,5,0,41,0,30,,86272,5,,,0,69,,86283,5,0,41,0,29,,86284,5,0,41,0,71,,86285,5,0,41,0,31,,86273,5,,,0,68,,86286,5,0,41,0,32,,86287,5,0,41,0,73,,86288,5,0,41,0,31,,86274,5,,,0,71,,86289,5,0,41,0,33,,86290,5,0,41,0,72,,86291,5,0,41,0,31,,86292,5,0,41,0,70,,86275,5,,,0
401,'S2-3_7',928,,86293,5,,,0,125,,86294,5,,,0,165,,86295,5,,,0,200,,86296,5,,,0,125,,86297,5,,,0,165,,86298,5,,,0,125,,86299,5,,,0
401,'S2-4_1',640,,86317,5,0,41,0,19,,86301,5,0,41,0,48,,86318,5,0,41,0,21,,86302,5,0,41,0,12,,86325,5,,,0,68,,86303,5,0,41,0,11,,86304,5,0,41,0,81,,86305,5,0,41,0,35,,86306,5,0,41,0,74,,86307,5,0,41,0,35,,86327,5,,,0,70,,86308,5,0,41,0,28,,86309,5,0,41,0,16,,86326,5,,,0,71,,86322,5,0,41,0,75,,86328,5,,,0,33,,86300,8,0,41,0,77,,86310,5,0,41,0,28,,86329,5,,,0,72,,86311,5,0,41,0,24,,86312,5,0,41,0,13,,86313,5,0,41,0,53,,86323,5,0,41,0,20,,86319,5,0,41,0,16,,86314,5,0,41,0,11,,86320,5,0,41,0,53,,86324,5,,,0,38,,86315,5,0,41,0,61,,86321,5,0,41,0,43,,86316,5,0,41,0,61,,86330,5,,,0
401,'S2-4_2',640,,86349,5,0,41,0,19,,86333,5,0,41,0,48,,86350,5,0,41,0,21,,86334,5,0,41,0,12,,86357,5,,,0,68,,86335,5,0,41,0,11,,86336,5,0,41,0,81,,86337,5,0,41,0,35,,86338,5,0,41,0,74,,86339,5,0,41,0,35,,86359,5,,,0,70,,86340,5,0,41,0,28,,86341,5,0,41,0,16,,86358,5,,,0,71,,86354,5,0,41,0,75,,86360,5,,,0,33,,86332,8,0,41,0,77,,86342,5,0,41,0,28,,86361,5,,,0,72,,86343,5,0,41,0,24,,86344,5,0,41,0,13,,86345,5,0,41,0,53,,86355,5,0,41,0,20,,86351,5,0,41,0,16,,86346,5,0,41,0,11,,86352,5,0,41,0,53,,86356,5,,,0,38,,86347,5,0,41,0,61,,86353,5,0,41,0,43,,86348,5,0,41,0,61,,86362,5,,,0
401,'S2-4_4',640,,86381,5,0,41,0,19,,86365,5,0,41,0,48,,86382,5,0,41,0,21,,86366,5,0,41,0,12,,86389,5,,,0,68,,86367,5,0,41,0,11,,86368,5,0,41,0,81,,86369,5,0,41,0,35,,86370,5,0,41,0,74,,86371,5,0,41,0,35,,86391,5,,,0,70,,86372,5,0,41,0,28,,86373,5,0,41,0,16,,86390,5,,,0,71,,86386,5,0,41,0,75,,86392,5,,,0,33,,86364,8,0,41,0,77,,86374,5,0,41,0,28,,86393,5,,,0,72,,86375,5,0,41,0,24,,86376,5,0,41,0,13,,86377,5,0,41,0,53,,86387,5,0,41,0,20,,86383,5,0,41,0,16,,86378,5,0,41,0,11,,86384,5,0,41,0,53,,86388,5,,,0,38,,86379,5,0,41,0,61,,86385,5,0,41,0,43,,86380,5,0,41,0,61,,86394,5,,,0
2301,'S2-0_2',711,,88670,8,,,0
2301,'S2-0_4',711,,88673,8,,,0
2301,'S2-0_5',711,,88676,8,,,0
2301,'S2-1_3',711,,88679,8,,,0
2301,'S2-4_1',711,,88682,8,,,0
2301,'S2-4_2',711,,88685,8,,,0
2301,'S2-4_4',711,,88688,8,,,0
