101,'1_3',714,,94441,32,0,6,0,10,,94471,26,0,7,0,20,,94442,32,0,6,0,15,,94469,26,0,5,0,55,,94443,32,0,6,0,17,,94472,32,0,5,0,13,,94456,26,0,7,0,65,,94447,26,0,6,0,40,,94457,32,0,5,0,75,,94448,26,0,6,0,80,,94460,26,0,5,0,36,,94449,26,0,6,0,69,,94461,26,0,5,0,20,,94450,26,0,6,0,75,,94462,26,0,5,0,38,,94444,32,0,6,0,68,,94458,32,0,5,0,30,,94451,26,0,6,0,65,,94463,26,0,5,0,34,,94452,26,0,6,0,61,,94464,26,0,5,0,28,,94453,26,0,6,0,30,,94454,26,0,6,0,61,,94459,32,0,5,0,20,,94455,26,0,6,0,65,,94465,26,0,5,0,16,,94445,32,0,6,0,17,,94466,26,0,5,0,68,,94446,32,0,6,0,35,,94467,26,0,5,0
101,'2_6',716,,94474,26,0,5,0,114,,94475,26,0,5,0,105,,94476,26,0,5,0,70,,94487,26,0,6,0,29,,94477,26,0,5,0,71,,94488,26,0,6,0,30,,94478,26,0,5,0,70,,94489,26,0,6,0,30,,94479,26,0,5,0,69,,94490,26,0,6,0,31,,94480,26,0,5,0,69,,94491,26,0,6,0,30,,94481,26,0,5,0,70,,94492,26,0,6,0,30,,94482,26,0,5,0,72,,94493,26,0,6,0,31,,94483,26,0,5,0,69,,94494,26,0,6,0,33,,94484,26,0,5,0,70,,94495,26,0,6,0,35,,94485,26,0,5,0,65,,94496,26,0,6,0,27,,94486,26,0,5,0
101,'4_1',714,,94507,32,0,6,0,10,,94537,26,0,7,0,20,,94508,32,0,6,0,15,,94535,26,0,5,0,55,,94509,32,0,6,0,17,,94538,32,0,5,0,13,,94522,26,0,7,0,65,,94513,26,0,6,0,40,,94523,32,0,5,0,75,,94514,26,0,6,0,80,,94526,26,0,5,0,36,,94515,26,0,6,0,69,,94527,26,0,5,0,20,,94516,26,0,6,0,75,,94528,26,0,5,0,38,,94510,32,0,6,0,68,,94524,32,0,5,0,30,,94517,26,0,6,0,65,,94529,26,0,5,0,34,,94518,26,0,6,0,61,,94530,26,0,5,0,28,,94519,26,0,6,0,30,,94520,26,0,6,0,61,,94525,32,0,5,0,20,,94521,26,0,6,0,65,,94531,26,0,5,0,16,,94511,32,0,6,0,17,,94532,26,0,5,0,68,,94512,32,0,6,0,35,,94533,26,0,5,0
101,'4_2',714,,94540,32,0,6,0,10,,94570,26,0,7,0,20,,94541,32,0,6,0,15,,94568,26,0,5,0,55,,94542,32,0,6,0,17,,94571,32,0,5,0,13,,94555,26,0,7,0,65,,94546,26,0,6,0,40,,94556,32,0,5,0,75,,94547,26,0,6,0,80,,94559,26,0,5,0,36,,94548,26,0,6,0,69,,94560,26,0,5,0,20,,94549,26,0,6,0,75,,94561,26,0,5,0,38,,94543,32,0,6,0,68,,94557,32,0,5,0,30,,94550,26,0,6,0,65,,94562,26,0,5,0,34,,94551,26,0,6,0,61,,94563,26,0,5,0,28,,94552,26,0,6,0,30,,94553,26,0,6,0,61,,94558,32,0,5,0,20,,94554,26,0,6,0,65,,94564,26,0,5,0,16,,94544,32,0,6,0,17,,94565,26,0,5,0,68,,94545,32,0,6,0,35,,94566,26,0,5,0
101,'4_4',714,,94573,32,0,6,0,10,,94603,26,0,7,0,20,,94574,32,0,6,0,15,,94601,26,0,5,0,55,,94575,32,0,6,0,17,,94604,32,0,5,0,13,,94588,26,0,7,0,65,,94579,26,0,6,0,40,,94589,32,0,5,0,75,,94580,26,0,6,0,80,,94592,26,0,5,0,36,,94581,26,0,6,0,69,,94593,26,0,5,0,20,,94582,26,0,6,0,75,,94594,26,0,5,0,38,,94576,32,0,6,0,68,,94590,32,0,5,0,30,,94583,26,0,6,0,65,,94595,26,0,5,0,34,,94584,26,0,6,0,61,,94596,26,0,5,0,28,,94585,26,0,6,0,30,,94586,26,0,6,0,61,,94591,32,0,5,0,20,,94587,26,0,6,0,65,,94597,26,0,5,0,16,,94577,32,0,6,0,17,,94598,26,0,5,0,68,,94578,32,0,6,0,35,,94599,26,0,5,0
101,'4_5',714,,94606,32,0,6,0,10,,94636,26,0,7,0,20,,94607,32,0,6,0,15,,94634,26,0,5,0,55,,94608,32,0,6,0,17,,94637,32,0,5,0,13,,94621,26,0,7,0,65,,94612,26,0,6,0,40,,94622,32,0,5,0,75,,94613,26,0,6,0,80,,94625,26,0,5,0,36,,94614,26,0,6,0,69,,94626,26,0,5,0,20,,94615,26,0,6,0,75,,94627,26,0,5,0,38,,94609,32,0,6,0,68,,94623,32,0,5,0,30,,94616,26,0,6,0,65,,94628,26,0,5,0,34,,94617,26,0,6,0,61,,94629,26,0,5,0,28,,94618,26,0,6,0,30,,94619,26,0,6,0,61,,94624,32,0,5,0,20,,94620,26,0,6,0,65,,94630,26,0,5,0,16,,94610,32,0,6,0,17,,94631,26,0,5,0,68,,94611,32,0,6,0,35,,94632,26,0,5,0
101,'5_7',921,,94639,26,0,6,0,105,,94644,26,0,5,0,105,,94640,26,0,6,0,105,,94645,26,0,5,0,105,,94641,26,0,6,0,90,,94646,26,0,5,0,100,,94642,26,0,6,0,105,,94647,26,0,5,0,105,,94643,26,0,6,0,105,,94648,26,0,5,0
401,'1_3',717,,96194,30,0,52,0,11,,96164,32,0,41,0,15,,96181,34,0,41,0,57,,96165,32,0,41,0,15,,96188,34,,,0,24,,96166,32,0,41,0,11,,96167,32,0,41,0,78,,96168,32,0,41,0,74,,96169,32,0,41,0,33,,96170,32,0,41,0,75,,96190,32,,,0,29,,96171,32,0,41,0,70,,96172,32,0,41,0,20,,96189,34,,,0,29,,96185,35,0,41,0,72,,96191,32,,,0,74,,96163,35,0,41,0,37,,96173,32,0,41,0,69,,96192,32,,,0,30,,96174,32,0,41,0,65,,96175,32,0,41,0,19,,96176,34,0,41,0,14,,96186,35,0,41,0,62,,96182,32,0,41,0,15,,96177,32,0,41,0,14,,96183,34,0,41,0,12,,96187,35,,,0,69,,96178,32,0,41,0,25,,96184,34,0,41,0,76,,96179,32,0,41,0,20,,96193,32,,,0
401,'2_6',716,,96195,32,,,0,116,,96202,32,0,41,0,73,,96196,32,,,0,28,,96203,32,0,41,0,72,,96204,32,0,41,0,28,,96205,32,0,41,0,72,,96197,32,,,0,28,,96206,32,0,41,0,73,,96207,32,0,41,0,30,,96208,32,0,41,0,70,,96198,32,,,0,29,,96209,32,0,41,0,69,,96210,32,0,41,0,31,,96211,32,0,41,0,71,,96199,32,,,0,28,,96212,32,0,41,0,73,,96213,32,0,41,0,33,,96214,32,0,41,0,71,,96200,32,,,0,32,,96215,32,0,41,0,72,,96216,32,0,41,0,31,,96217,32,0,41,0,70,,96218,32,0,41,0,30,,96201,32,,,0
401,'4_1',717,,96257,30,0,52,0,11,,96227,32,0,41,0,15,,96244,34,0,41,0,57,,96228,32,0,41,0,15,,96251,34,,,0,24,,96229,32,0,41,0,11,,96230,32,0,41,0,78,,96231,32,0,41,0,74,,96232,32,0,41,0,33,,96233,32,0,41,0,75,,96253,32,,,0,29,,96234,32,0,41,0,70,,96235,32,0,41,0,20,,96252,34,,,0,29,,96248,35,0,41,0,72,,96254,32,,,0,74,,96226,35,0,41,0,37,,96236,32,0,41,0,69,,96255,32,,,0,30,,96237,32,0,41,0,65,,96238,32,0,41,0,19,,96239,34,0,41,0,14,,96249,35,0,41,0,62,,96245,32,0,41,0,15,,96240,32,0,41,0,14,,96246,34,0,41,0,12,,96250,35,,,0,69,,96241,32,0,41,0,25,,96247,34,0,41,0,76,,96242,32,0,41,0,20,,96256,32,,,0
401,'4_2',717,,96289,30,0,52,0,11,,96259,32,0,41,0,15,,96276,34,0,41,0,57,,96260,32,0,41,0,15,,96283,34,,,0,24,,96261,32,0,41,0,11,,96262,32,0,41,0,78,,96263,32,0,41,0,74,,96264,32,0,41,0,33,,96265,32,0,41,0,75,,96285,32,,,0,29,,96266,32,0,41,0,70,,96267,32,0,41,0,20,,96284,34,,,0,29,,96280,35,0,41,0,72,,96286,32,,,0,74,,96258,35,0,41,0,37,,96268,32,0,41,0,69,,96287,32,,,0,30,,96269,32,0,41,0,65,,96270,32,0,41,0,19,,96271,34,0,41,0,14,,96281,35,0,41,0,62,,96277,32,0,41,0,15,,96272,32,0,41,0,14,,96278,34,0,41,0,12,,96282,35,,,0,69,,96273,32,0,41,0,25,,96279,34,0,41,0,76,,96274,32,0,41,0,20,,96288,32,,,0
401,'4_4',717,,96321,30,0,52,0,11,,96291,32,0,41,0,15,,96308,34,0,41,0,57,,96292,32,0,41,0,15,,96315,34,,,0,24,,96293,32,0,41,0,11,,96294,32,0,41,0,78,,96295,32,0,41,0,74,,96296,32,0,41,0,33,,96297,32,0,41,0,75,,96317,32,,,0,29,,96298,32,0,41,0,70,,96299,32,0,41,0,20,,96316,34,,,0,29,,96312,35,0,41,0,72,,96318,32,,,0,74,,96290,35,0,41,0,37,,96300,32,0,41,0,69,,96319,32,,,0,30,,96301,32,0,41,0,65,,96302,32,0,41,0,19,,96303,34,0,41,0,14,,96313,35,0,41,0,62,,96309,32,0,41,0,15,,96304,32,0,41,0,14,,96310,34,0,41,0,12,,96314,35,,,0,69,,96305,32,0,41,0,25,,96311,34,0,41,0,76,,96306,32,0,41,0,20,,96320,32,,,0
401,'4_5',717,,96353,30,0,52,0,11,,96323,32,0,41,0,15,,96340,34,0,41,0,57,,96324,32,0,41,0,15,,96347,34,,,0,24,,96325,32,0,41,0,11,,96326,32,0,41,0,78,,96327,32,0,41,0,74,,96328,32,0,41,0,33,,96329,32,0,41,0,75,,96349,32,,,0,29,,96330,32,0,41,0,70,,96331,32,0,41,0,20,,96348,34,,,0,29,,96344,35,0,41,0,72,,96350,32,,,0,74,,96322,35,0,41,0,37,,96332,32,0,41,0,69,,96351,32,,,0,30,,96333,32,0,41,0,65,,96334,32,0,41,0,19,,96335,34,0,41,0,14,,96345,35,0,41,0,62,,96341,32,0,41,0,15,,96336,32,0,41,0,14,,96342,34,0,41,0,12,,96346,35,,,0,69,,96337,32,0,41,0,25,,96343,34,0,41,0,76,,96338,32,0,41,0,20,,96352,32,,,0
401,'5_7',949,,96354,32,,,0,165,,96355,32,,,0,125,,96356,32,,,0,201,,96357,32,,,0,165,,96358,32,,,0,125,,96359,32,,,0,125,,96360,32,,,0
501,'1_3',914,,96506,4,,,0,104,,96507,4,,,0,100,,96508,4,,,0,86,,96509,4,,,0,25,,96515,4,0,13,0,30,,96510,4,,,0,99,,96511,4,,,0,142,,96512,4,,,0,100,,96513,4,,,0,104,,96514,4,,,0,106,,96516,4,,,0,130,,96517,4,,,0
501,'2_6',808,,96518,4,,,0,99,,96519,4,,,0,100,,96520,4,,,0,100,,96521,4,,,0,100,,96522,4,,,0,95,,96523,4,,,0,98,,96524,4,,,0,100,,96525,4,,,0,100,,96526,4,,,0,100,,96527,4,,,0,100,,96528,4,,,0,151,,96529,4,,,0
501,'4_1',914,,96530,4,,,0,104,,96531,4,,,0,100,,96532,4,,,0,86,,96533,4,,,0,55,,96534,4,,,0,99,,96535,4,,,0,142,,96536,4,,,0,100,,96537,4,,,0,25,,96539,4,0,13,0,79,,96538,4,,,0,30,,96540,4,0,13,0,76,,96542,4,,,0,20,,96541,4,0,13,0,110,,96543,4,,,0
501,'4_2',914,,96544,4,,,0,104,,96545,4,,,0,100,,96546,4,,,0,86,,96547,4,,,0,55,,96548,4,,,0,99,,96549,4,,,0,142,,96550,4,,,0,100,,96551,4,,,0,25,,96553,4,0,13,0,79,,96552,4,,,0,30,,96554,4,0,13,0,76,,96556,4,,,0,20,,96555,4,0,13,0,110,,96557,4,,,0
501,'4_4',914,,96558,4,,,0,104,,96559,4,,,0,100,,96560,4,,,0,86,,96561,4,,,0,55,,96562,4,,,0,99,,96563,4,,,0,142,,96564,4,,,0,100,,96565,4,,,0,25,,96567,4,0,13,0,79,,96566,4,,,0,30,,96568,4,0,13,0,76,,96570,4,,,0,20,,96569,4,0,13,0,110,,96571,4,,,0
501,'4_5',914,,96572,4,,,0,104,,96573,4,,,0,100,,96574,4,,,0,86,,96575,4,,,0,55,,96576,4,,,0,99,,96577,4,,,0,142,,96578,4,,,0,100,,96579,4,,,0,25,,96581,4,0,13,0,79,,96580,4,,,0,30,,96582,4,0,13,0,76,,96584,4,,,0,20,,96583,4,0,13,0,110,,96585,4,,,0
601,'1_3',604,,96749,4,,,0,104,,96763,4,,,0,98,,96750,4,,,0,102,,96751,4,,,0,98,,96752,4,,,0,100,,96753,4,,,0,99,,96754,5,,,0,26,,96755,4,,,0,81,,96756,4,,,0,104,,96757,4,,,0,94,,96758,4,,,0,39,,96764,4,,,0,78,,96759,5,,,0,75,,96765,4,,,0,29,,96760,5,,,0,72,,96766,5,,,0,28,,96761,4,,,0,96,,96762,4,,,0
601,'2_6',734,,96767,4,,,0,90,,96769,4,,,0,94,,96770,4,,,0,94,,96771,4,,,0,88,,96772,4,,,0,49,,96773,4,,,0,89,,96774,4,,,0,89,,96775,4,,,0,87,,96776,4,,,0,89,,96777,4,,,0,100,,96778,4,,,0,51,,96779,4,,,0,95,,96780,4,,,0,87,,96781,4,,,0,91,,96768,4,,,0
601,'4_1',604,,96782,4,,,0,104,,96795,4,,,0,98,,96783,4,,,0,102,,96784,4,,,0,98,,96785,4,,,0,100,,96786,4,,,0,99,,96799,4,,,0,26,,96787,4,,,0,81,,96788,4,,,0,104,,96789,4,,,0,94,,96790,4,,,0,39,,96796,4,,,0,78,,96791,5,,,0,75,,96797,4,,,0,29,,96792,5,,,0,72,,96798,5,,,0,28,,96793,4,,,0,96,,96794,4,,,0
601,'4_2',604,,96800,4,,,0,104,,96813,4,,,0,98,,96801,4,,,0,102,,96802,4,,,0,98,,96803,4,,,0,100,,96804,4,,,0,99,,96817,4,,,0,26,,96805,4,,,0,81,,96806,4,,,0,104,,96807,4,,,0,94,,96808,4,,,0,39,,96814,4,,,0,78,,96809,5,,,0,75,,96815,4,,,0,29,,96810,5,,,0,72,,96816,5,,,0,28,,96811,4,,,0,96,,96812,4,,,0
601,'4_4',604,,96818,4,,,0,104,,96831,4,,,0,98,,96819,4,,,0,102,,96820,4,,,0,98,,96821,4,,,0,100,,96822,4,,,0,99,,96835,4,,,0,26,,96823,4,,,0,81,,96824,4,,,0,104,,96825,4,,,0,94,,96826,4,,,0,39,,96832,4,,,0,78,,96827,5,,,0,75,,96833,4,,,0,29,,96828,5,,,0,72,,96834,5,,,0,28,,96829,4,,,0,96,,96830,4,,,0
601,'4_5',604,,96836,4,,,0,104,,96849,4,,,0,98,,96837,4,,,0,102,,96838,4,,,0,98,,96839,4,,,0,100,,96840,4,,,0,99,,96853,4,,,0,26,,96841,4,,,0,81,,96842,4,,,0,104,,96843,4,,,0,94,,96844,4,,,0,39,,96850,4,,,0,78,,96845,5,,,0,75,,96851,4,,,0,29,,96846,5,,,0,72,,96852,5,,,0,28,,96847,4,,,0,96,,96848,4,,,0
2501,'1_3',715,,98829,20,,,0,30,,98830,20,,,0,86,,98831,20,,,0,77,,98832,20,,,0,36,,98833,20,,,0,112,,98834,20,,,0,166,,98835,20,,,0,120,,98836,20,,,0,117,,98837,20,,,0,157,,98838,20,,,0,104,,98839,20,,,0,95,,98840,20,,,0,117,,98841,20,,,0
2501,'2_6',718,,98842,20,,,0,112,,98843,20,,,0,126,,98844,20,,,0,152,,98845,20,,,0,113,,98846,20,,,0,129,,98847,20,,,0,168,,98848,20,,,0,121,,98849,20,,,0,161,,98850,20,,,0,117,,98851,20,,,0
2501,'4_1',715,,98852,20,,,0,30,,98853,20,,,0,86,,98854,20,,,0,77,,98855,20,,,0,36,,98856,20,,,0,112,,98857,20,,,0,166,,98858,20,,,0,120,,98859,20,,,0,117,,98860,20,,,0,157,,98861,20,,,0,104,,98862,20,,,0,95,,98863,20,,,0,117,,98864,20,,,0
2501,'4_2',715,,98865,20,,,0,30,,98866,20,,,0,86,,98867,20,,,0,77,,98868,20,,,0,36,,98869,20,,,0,112,,98870,20,,,0,166,,98871,20,,,0,120,,98872,20,,,0,117,,98873,20,,,0,157,,98874,20,,,0,104,,98875,20,,,0,95,,98876,20,,,0,117,,98877,20,,,0
2501,'4_4',715,,98878,20,,,0,30,,98879,20,,,0,86,,98880,20,,,0,77,,98881,20,,,0,36,,98882,20,,,0,112,,98883,20,,,0,166,,98884,20,,,0,120,,98885,20,,,0,117,,98886,20,,,0,157,,98887,20,,,0,104,,98888,20,,,0,95,,98889,20,,,0,117,,98890,20,,,0
2501,'4_5',715,,98891,20,,,0,30,,98892,20,,,0,86,,98893,20,,,0,77,,98894,20,,,0,36,,98895,20,,,0,112,,98896,20,,,0,166,,98897,20,,,0,120,,98898,20,,,0,117,,98899,20,,,0,157,,98900,20,,,0,104,,98901,20,,,0,95,,98902,20,,,0,117,,98903,20,,,0
2601,'1_3',716,,99137,8,,,0,33,,99146,8,,,0,65,,99148,8,,,0,25,,99147,8,,,0,79,,99138,8,,,0,99,,99139,8,,,0,100,,99155,8,,,0,100,,99140,8,,,0,28,,99156,8,,,0,61,,99157,8,,,0,53,,99141,8,,,0,94,,99142,8,,,0,153,,99150,8,,,0,46,,99151,8,,,0,67,,99152,8,,,0,92,,99153,8,,,0,25,,99154,8,,,0,94,,99149,8,,,0
2601,'2_6',721,,99159,8,,,0,85,,99162,8,,,0,45,,99163,8,,,0,85,,99164,8,,,0,90,,99165,8,,,0,84,,99166,8,,,0,44,,99167,8,,,0,85,,99168,8,,,0,82,,99169,8,,,0,84,,99170,8,,,0,46,,99171,8,,,0,90,,99172,8,,,0,85,,99173,8,,,0,81,,99174,8,,,0,47,,99175,8,,,0,84,,99161,8,,,0,83,,99160,8,,,0
2601,'4_1',716,,99176,8,,,0,33,,99186,8,,,0,65,,99188,8,,,0,25,,99187,8,,,0,79,,99177,8,,,0,99,,99178,8,,,0,100,,99195,8,,,0,100,,99179,8,,,0,28,,99196,8,,,0,61,,99197,8,,,0,53,,99180,8,,,0,94,,99181,8,,,0,153,,99190,8,,,0,46,,99191,8,,,0,67,,99192,8,,,0,92,,99193,8,,,0,25,,99194,8,,,0,94,,99189,8,,,0
2601,'4_2',716,,99200,8,,,0,33,,99210,8,,,0,65,,99212,8,,,0,25,,99211,8,,,0,79,,99201,8,,,0,99,,99202,8,,,0,100,,99219,8,,,0,100,,99203,8,,,0,28,,99220,8,,,0,61,,99221,8,,,0,53,,99204,8,,,0,94,,99205,8,,,0,153,,99214,8,,,0,46,,99215,8,,,0,67,,99216,8,,,0,92,,99217,8,,,0,25,,99218,8,,,0,94,,99213,8,,,0
2601,'4_4',716,,99224,8,,,0,33,,99234,8,,,0,65,,99236,8,,,0,25,,99235,8,,,0,79,,99225,8,,,0,99,,99226,8,,,0,100,,99243,8,,,0,100,,99227,8,,,0,28,,99244,8,,,0,61,,99245,8,,,0,53,,99228,8,,,0,94,,99229,8,,,0,153,,99238,8,,,0,46,,99239,8,,,0,67,,99240,8,,,0,92,,99241,8,,,0,25,,99242,8,,,0,94,,99237,8,,,0
2601,'4_5',716,,99248,8,,,0,33,,99258,8,,,0,65,,99260,8,,,0,25,,99259,8,,,0,79,,99249,8,,,0,99,,99250,8,,,0,100,,99267,8,,,0,100,,99251,8,,,0,28,,99268,8,,,0,61,,99269,8,,,0,53,,99252,8,,,0,94,,99253,8,,,0,153,,99262,8,,,0,46,,99263,8,,,0,67,,99264,8,,,0,92,,99265,8,,,0,25,,99266,8,,,0,94,,99261,8,,,0
2000001,'1_3',640,,102096,10,,,0,64,,102073,10,,,0,13,,102054,4,,,0,3,,102056,10,,,0,16,,102081,10,,,0,18,,102064,10,,,0,54,,102099,10,,,0,14,,102046,10,,,0,14,,102074,10,,,0,15,,102058,10,,,0,56,,102082,10,,,0,15,,102066,10,,,0,16,,102090,10,,,0,17,,102047,10,,,0,56,,102080,10,,,0,15,,102057,10,,,0,16,,102083,10,,,0,16,,102065,10,,,0,56,,102092,10,,,0,15,,102048,10,,,0,16,,102078,10,,,0,55,,102063,10,,,0,17,,102084,10,,,0,16,,102072,10,,,0,14,,102091,10,,,0,56,,102050,10,,,0,12,,102075,10,,,0,17,,102059,10,,,0,15,,102086,10,,,0,55,,102067,10,,,0,16,,102095,10,,,0,15,,102051,10,,,0,15,,102076,10,,,0,55,,102060,10,,,0,15,,102085,10,,,0,16,,102068,10,,,0,14,,102094,10,,,0,55,,102049,10,,,0,16,,102077,10,,,0,17,,102061,10,,,0,15,,102087,10,,,0,56,,102069,10,,,0,17,,102045,10,,,0,17,,102093,10,,,0,17,,102100,10,,,0,52,,102079,10,,,0,13,,102062,10,,,0,14,,102088,10,,,0,15,,102070,10,,,0,52,,102044,10,,,0,13,,102097,10,,,0,14,,102053,10,,,0,23,,102089,10,,,0,60,,102071,10,,,0,20,,102098,10,,,0,20,,102055,10,,,0
2000001,'2_6',644,,102101,10,,,0,80,,102102,10,,,0,79,,102103,10,,,0,30,,102141,10,,,0,21,,102105,10,,,0,60,,102104,10,,,0,20,,102106,10,,,0,20,,102107,10,,,0,59,,102109,10,,,0,18,,102108,10,,,0,20,,102114,10,,,0,60,,102112,10,,,0,17,,102116,10,,,0,19,,102110,10,,,0,59,,102115,10,,,0,21,,102111,10,,,0,17,,102113,10,,,0,58,,102122,10,,,0,18,,102119,10,,,0,20,,102120,10,,,0,60,,102121,10,,,0,18,,102118,10,,,0,17,,102117,10,,,0,19,,102123,10,,,0,61,,102124,10,,,0,20,,102126,10,,,0,19,,102125,10,,,0,60,,102127,10,,,0,20,,102128,10,,,0,21,,102129,10,,,0,60,,102131,10,,,0,19,,102130,10,,,0,19,,102132,10,,,0,59,,102133,10,,,0,19,,102134,10,,,0,19,,102135,10,,,0,57,,102136,10,,,0,19,,102137,10,,,0,23,,102138,10,,,0,64,,102139,10,,,0,23,,102140,10,,,0
2000001,'4_1',640,,102212,10,,,0,64,,102189,10,,,0,13,,102170,4,,,0,3,,102172,10,,,0,16,,102197,10,,,0,18,,102180,10,,,0,54,,102215,10,,,0,14,,102162,10,,,0,14,,102190,10,,,0,15,,102174,10,,,0,56,,102198,10,,,0,15,,102182,10,,,0,16,,102206,10,,,0,17,,102163,10,,,0,56,,102196,10,,,0,15,,102173,10,,,0,16,,102199,10,,,0,16,,102181,10,,,0,56,,102208,10,,,0,15,,102164,10,,,0,16,,102194,10,,,0,55,,102179,10,,,0,17,,102200,10,,,0,16,,102188,10,,,0,14,,102207,10,,,0,56,,102166,10,,,0,12,,102191,10,,,0,17,,102175,10,,,0,15,,102202,10,,,0,55,,102183,10,,,0,16,,102211,10,,,0,15,,102167,10,,,0,15,,102192,10,,,0,55,,102176,10,,,0,15,,102201,10,,,0,16,,102184,10,,,0,14,,102210,10,,,0,55,,102165,10,,,0,16,,102193,10,,,0,17,,102177,10,,,0,15,,102203,10,,,0,56,,102185,10,,,0,17,,102161,10,,,0,17,,102209,10,,,0,17,,102216,10,,,0,52,,102195,10,,,0,13,,102178,10,,,0,14,,102204,10,,,0,15,,102186,10,,,0,52,,102160,10,,,0,13,,102213,10,,,0,14,,102169,10,,,0,23,,102205,10,,,0,60,,102187,10,,,0,20,,102214,10,,,0,20,,102171,10,,,0
2000001,'4_2',640,,102269,10,,,0,64,,102246,10,,,0,13,,102227,4,,,0,3,,102229,10,,,0,16,,102254,10,,,0,18,,102237,10,,,0,54,,102272,10,,,0,14,,102219,10,,,0,14,,102247,10,,,0,15,,102231,10,,,0,56,,102255,10,,,0,15,,102239,10,,,0,16,,102263,10,,,0,17,,102220,10,,,0,56,,102253,10,,,0,15,,102230,10,,,0,16,,102256,10,,,0,16,,102238,10,,,0,56,,102265,10,,,0,15,,102221,10,,,0,16,,102251,10,,,0,55,,102236,10,,,0,17,,102257,10,,,0,16,,102245,10,,,0,14,,102264,10,,,0,56,,102223,10,,,0,12,,102248,10,,,0,17,,102232,10,,,0,15,,102259,10,,,0,55,,102240,10,,,0,16,,102268,10,,,0,15,,102224,10,,,0,15,,102249,10,,,0,55,,102233,10,,,0,15,,102258,10,,,0,16,,102241,10,,,0,14,,102267,10,,,0,55,,102222,10,,,0,16,,102250,10,,,0,17,,102234,10,,,0,15,,102260,10,,,0,56,,102242,10,,,0,17,,102218,10,,,0,17,,102266,10,,,0,17,,102273,10,,,0,52,,102252,10,,,0,13,,102235,10,,,0,14,,102261,10,,,0,15,,102243,10,,,0,52,,102217,10,,,0,13,,102270,10,,,0,14,,102226,10,,,0,23,,102262,10,,,0,60,,102244,10,,,0,20,,102271,10,,,0,20,,102228,10,,,0
2000001,'4_4',640,,102326,10,,,0,64,,102303,10,,,0,13,,102284,4,,,0,3,,102286,10,,,0,16,,102311,10,,,0,18,,102294,10,,,0,54,,102329,10,,,0,14,,102276,10,,,0,14,,102304,10,,,0,15,,102288,10,,,0,56,,102312,10,,,0,15,,102296,10,,,0,16,,102320,10,,,0,17,,102277,10,,,0,56,,102310,10,,,0,15,,102287,10,,,0,16,,102313,10,,,0,16,,102295,10,,,0,56,,102322,10,,,0,15,,102278,10,,,0,16,,102308,10,,,0,55,,102293,10,,,0,17,,102314,10,,,0,16,,102302,10,,,0,14,,102321,10,,,0,56,,102280,10,,,0,12,,102305,10,,,0,17,,102289,10,,,0,15,,102316,10,,,0,55,,102297,10,,,0,16,,102325,10,,,0,15,,102281,10,,,0,15,,102306,10,,,0,55,,102290,10,,,0,15,,102315,10,,,0,16,,102298,10,,,0,14,,102324,10,,,0,55,,102279,10,,,0,16,,102307,10,,,0,17,,102291,10,,,0,15,,102317,10,,,0,56,,102299,10,,,0,17,,102275,10,,,0,17,,102323,10,,,0,17,,102330,10,,,0,52,,102309,10,,,0,13,,102292,10,,,0,14,,102318,10,,,0,15,,102300,10,,,0,52,,102274,10,,,0,13,,102327,10,,,0,14,,102283,10,,,0,23,,102319,10,,,0,60,,102301,10,,,0,20,,102328,10,,,0,20,,102285,10,,,0
2000001,'4_5',640,,102383,10,,,0,64,,102360,10,,,0,13,,102341,4,,,0,3,,102343,10,,,0,16,,102368,10,,,0,18,,102351,10,,,0,54,,102386,10,,,0,14,,102333,10,,,0,14,,102361,10,,,0,15,,102345,10,,,0,56,,102369,10,,,0,15,,102353,10,,,0,16,,102377,10,,,0,17,,102334,10,,,0,56,,102367,10,,,0,15,,102344,10,,,0,16,,102370,10,,,0,16,,102352,10,,,0,56,,102379,10,,,0,15,,102335,10,,,0,16,,102365,10,,,0,55,,102350,10,,,0,17,,102371,10,,,0,16,,102359,10,,,0,14,,102378,10,,,0,56,,102337,10,,,0,12,,102362,10,,,0,17,,102346,10,,,0,15,,102373,10,,,0,55,,102354,10,,,0,16,,102382,10,,,0,15,,102338,10,,,0,15,,102363,10,,,0,55,,102347,10,,,0,15,,102372,10,,,0,16,,102355,10,,,0,14,,102381,10,,,0,55,,102336,10,,,0,16,,102364,10,,,0,17,,102348,10,,,0,15,,102374,10,,,0,56,,102356,10,,,0,17,,102332,10,,,0,17,,102380,10,,,0,17,,102387,10,,,0,52,,102366,10,,,0,13,,102349,10,,,0,14,,102375,10,,,0,15,,102357,10,,,0,52,,102331,10,,,0,13,,102384,10,,,0,14,,102340,10,,,0,23,,102376,10,,,0,60,,102358,10,,,0,20,,102385,10,,,0,20,,102342,10,,,0
2000001,'5_7',815,,102405,10,,,0,40,,102388,10,,,0,80,,102389,10,,,0,80,,102390,10,,,0,40,,102391,10,,,0,80,,102392,10,,,0,80,,102393,10,,,0,40,,102394,10,,,0,80,,102396,10,,,0,80,,102395,10,,,0,40,,102397,10,,,0,80,,102398,10,,,0,80,,102399,10,,,0,40,,102400,10,,,0,80,,102402,10,,,0,80,,102401,10,,,0,40,,102403,10,,,0,80,,102404,10,,,0
3000001,'1_3',653,,103162,17,,,0,60,,103121,17,,,0,20,,103122,17,,,0,22,,103123,17,,,0,60,,103124,17,,,0,20,,103125,17,,,0,20,,103126,17,,,0,60,,103127,17,,,0,20,,103128,17,,,0,20,,103129,17,,,0,60,,103130,17,,,0,20,,103131,17,,,0,20,,103132,17,,,0,59,,103133,17,,,0,19,,103134,17,,,0,21,,103135,17,,,0,60,,103136,17,,,0,21,,103137,17,,,0,20,,103138,17,,,0,59,,103139,17,,,0,20,,103140,17,,,0,20,,103141,17,,,0,61,,103142,17,,,0,20,,103143,17,,,0,20,,103144,17,,,0,61,,103145,17,,,0,22,,103146,17,,,0,20,,103147,17,,,0,60,,103148,17,,,0,19,,103149,17,,,0,63,,103150,17,,,0,22,,103151,17,,,0,19,,103152,17,,,0,59,,103153,17,,,0,16,,103154,17,,,0,18,,103155,17,,,0,22,,103156,17,,,0,60,,103157,17,,,0,22,,103158,17,,,0,66,,103159,17,,,0,28,,103160,17,,,0,71,,103161,17,,,0
3000001,'2_6',646,,103170,17,,,0,81,,103171,17,,,0,84,,103172,17,,,0,37,,103173,17,,,0,61,,103174,17,,,0,19,,103175,17,,,0,21,,103176,17,,,0,60,,103177,17,,,0,20,,103178,17,,,0,20,,103179,17,,,0,60,,103180,17,,,0,19,,103181,17,,,0,21,,103182,17,,,0,61,,103183,17,,,0,19,,103184,17,,,0,19,,103185,17,,,0,60,,103186,17,,,0,20,,103187,17,,,0,20,,103188,17,,,0,61,,103189,17,,,0,20,,103190,17,,,0,20,,103191,17,,,0,61,,103192,17,,,0,20,,103193,17,,,0,20,,103194,17,,,0,60,,103195,17,,,0,20,,103196,17,,,0,21,,103197,17,,,0,60,,103198,17,,,0,20,,103199,17,,,0,19,,103200,17,,,0,59,,103201,17,,,0,20,,103202,17,,,0,20,,103203,17,,,0,58,,103204,17,,,0,32,,103206,17,,,0,67,,103207,17,,,0,30,,103205,17,,,0,69,,103208,17,,,0
3000001,'4_1',653,,103259,17,,,0,60,,103218,17,,,0,20,,103219,17,,,0,22,,103220,17,,,0,60,,103221,17,,,0,20,,103222,17,,,0,20,,103223,17,,,0,60,,103224,17,,,0,20,,103225,17,,,0,20,,103226,17,,,0,60,,103227,17,,,0,20,,103228,17,,,0,20,,103229,17,,,0,59,,103230,17,,,0,19,,103231,17,,,0,21,,103232,17,,,0,60,,103233,17,,,0,21,,103234,17,,,0,20,,103235,17,,,0,59,,103236,17,,,0,20,,103237,17,,,0,20,,103238,17,,,0,61,,103239,17,,,0,20,,103240,17,,,0,20,,103241,17,,,0,61,,103242,17,,,0,22,,103243,17,,,0,20,,103244,17,,,0,60,,103245,17,,,0,19,,103246,17,,,0,63,,103247,17,,,0,22,,103248,17,,,0,19,,103249,17,,,0,59,,103250,17,,,0,16,,103251,17,,,0,18,,103252,17,,,0,22,,103253,17,,,0,60,,103254,17,,,0,22,,103255,17,,,0,66,,103256,17,,,0,28,,103257,17,,,0,71,,103258,17,,,0
3000001,'4_2',653,,103308,17,,,0,60,,103267,17,,,0,20,,103268,17,,,0,22,,103269,17,,,0,60,,103270,17,,,0,20,,103271,17,,,0,20,,103272,17,,,0,60,,103273,17,,,0,20,,103274,17,,,0,20,,103275,17,,,0,60,,103276,17,,,0,20,,103277,17,,,0,20,,103278,17,,,0,59,,103279,17,,,0,19,,103280,17,,,0,21,,103281,17,,,0,60,,103282,17,,,0,21,,103283,17,,,0,20,,103284,17,,,0,59,,103285,17,,,0,20,,103286,17,,,0,20,,103287,17,,,0,61,,103288,17,,,0,20,,103289,17,,,0,20,,103290,17,,,0,61,,103291,17,,,0,22,,103292,17,,,0,20,,103293,17,,,0,60,,103294,17,,,0,19,,103295,17,,,0,63,,103296,17,,,0,22,,103297,17,,,0,19,,103298,17,,,0,59,,103299,17,,,0,16,,103300,17,,,0,18,,103301,17,,,0,22,,103302,17,,,0,60,,103303,17,,,0,22,,103304,17,,,0,66,,103305,17,,,0,28,,103306,17,,,0,71,,103307,17,,,0
3000001,'4_4',653,,103357,17,,,0,60,,103316,17,,,0,20,,103317,17,,,0,22,,103318,17,,,0,60,,103319,17,,,0,20,,103320,17,,,0,20,,103321,17,,,0,60,,103322,17,,,0,20,,103323,17,,,0,20,,103324,17,,,0,60,,103325,17,,,0,20,,103326,17,,,0,20,,103327,17,,,0,59,,103328,17,,,0,19,,103329,17,,,0,21,,103330,17,,,0,60,,103331,17,,,0,21,,103332,17,,,0,20,,103333,17,,,0,59,,103334,17,,,0,20,,103335,17,,,0,20,,103336,17,,,0,61,,103337,17,,,0,20,,103338,17,,,0,20,,103339,17,,,0,61,,103340,17,,,0,22,,103341,17,,,0,20,,103342,17,,,0,60,,103343,17,,,0,19,,103344,17,,,0,63,,103345,17,,,0,22,,103346,17,,,0,19,,103347,17,,,0,59,,103348,17,,,0,16,,103349,17,,,0,18,,103350,17,,,0,22,,103351,17,,,0,60,,103352,17,,,0,22,,103353,17,,,0,66,,103354,17,,,0,28,,103355,17,,,0,71,,103356,17,,,0
3000001,'4_5',653,,103406,17,,,0,60,,103365,17,,,0,20,,103366,17,,,0,22,,103367,17,,,0,60,,103368,17,,,0,20,,103369,17,,,0,20,,103370,17,,,0,60,,103371,17,,,0,20,,103372,17,,,0,20,,103373,17,,,0,60,,103374,17,,,0,20,,103375,17,,,0,20,,103376,17,,,0,59,,103377,17,,,0,19,,103378,17,,,0,21,,103379,17,,,0,60,,103380,17,,,0,21,,103381,17,,,0,20,,103382,17,,,0,59,,103383,17,,,0,20,,103384,17,,,0,20,,103385,17,,,0,61,,103386,17,,,0,20,,103387,17,,,0,20,,103388,17,,,0,61,,103389,17,,,0,22,,103390,17,,,0,20,,103391,17,,,0,60,,103392,17,,,0,19,,103393,17,,,0,63,,103394,17,,,0,22,,103395,17,,,0,19,,103396,17,,,0,59,,103397,17,,,0,16,,103398,17,,,0,18,,103399,17,,,0,22,,103400,17,,,0,60,,103401,17,,,0,22,,103402,17,,,0,66,,103403,17,,,0,28,,103404,17,,,0,71,,103405,17,,,0
3000001,'5_7',852,,103414,17,,,0,170,,103422,17,,,0,130,,103421,17,,,0,170,,103420,17,,,0,130,,103417,17,,,0,170,,103418,17,,,0,130,,103419,17,,,0,170,,103416,17,,,0,130,,103415,17,,,0
