901,'S2-0_2',745,,87385,10,0,26,0,66,,87386,10,0,27 63,0,102,,87391,10,0,23 24,0,192,,87392,10,0,23 24,0,107,,87387,10,0,27 63,0,139,,87393,10,0,23 24,0,151,,87394,10,0,23 24,0,110,,87388,10,0,27 63,0,100,,87389,10,0,27 63,0,100,,87390,10,0,27 63,0,127,,87400,10,,,0
901,'S2-0_4',745,,87401,10,0,26,0,66,,87402,10,0,27 63,0,102,,87407,10,0,23 24,0,192,,87408,10,0,23 24,0,107,,87403,10,0,27 63,0,139,,87409,10,0,23 24,0,151,,87410,10,0,23 24,0,110,,87404,10,0,27 63,0,100,,87405,10,0,27 63,0,100,,87406,10,0,27 63,0,127,,87416,10,,,0
901,'S2-0_5',745,,87417,10,0,26,0,66,,87418,10,0,27 63,0,102,,87423,10,0,23 24,0,192,,87424,10,0,23 24,0,107,,87419,10,0,27 63,0,139,,87425,10,0,23 24,0,151,,87426,10,0,23 24,0,110,,87420,10,0,27 63,0,100,,87421,10,0,27 63,0,100,,87422,10,0,27 63,0,127,,87432,10,,,0
901,'S2-1_3',745,,87433,10,0,26,0,66,,87434,10,0,27 63,0,102,,87439,10,0,23 24,0,192,,87440,10,0,23 24,0,107,,87435,10,0,27 63,0,139,,87441,10,0,23 24,0,151,,87442,10,0,23 24,0,110,,87436,10,0,27 63,0,100,,87437,10,0,27 63,0,100,,87438,10,0,27 63,0,127,,87448,10,,,0
901,'S2-2_6',744,,87449,10,0,23 24,0,99,,87461,10,0,25,0,367,,87459,10,0,25,0,319,,87457,10,0,25,0,82,,87450,10,0,23 24,0,103,,87451,10,0,23 24,0,135,,87452,10,0,23 24,0,90,,87453,10,0,23 24,0
901,'S2-4_1',745,,87462,10,0,26,0,66,,87463,10,0,27 63,0,102,,87468,10,0,23 24,0,192,,87469,10,0,23 24,0,107,,87464,10,0,27 63,0,139,,87470,10,0,23 24,0,151,,87471,10,0,23 24,0,110,,87465,10,0,27 63,0,100,,87466,10,0,27 63,0,100,,87467,10,0,27 63,0,127,,87477,10,,,0
901,'S2-4_2',745,,87478,10,0,26,0,66,,87479,10,0,27 63,0,102,,87484,10,0,23 24,0,192,,87485,10,0,23 24,0,107,,87480,10,0,27 63,0,139,,87486,10,0,23 24,0,151,,87487,10,0,23 24,0,110,,87481,10,0,27 63,0,100,,87482,10,0,27 63,0,100,,87483,10,0,27 63,0,127,,87493,10,,,0
901,'S2-4_4',745,,87494,10,0,26,0,66,,87495,10,0,27 63,0,102,,87500,10,0,23 24,0,192,,87501,10,0,23 24,0,107,,87496,10,0,27 63,0,139,,87502,10,0,23 24,0,151,,87503,10,0,23 24,0,110,,87497,10,0,27 63,0,100,,87498,10,0,27 63,0,100,,87499,10,0,27 63,0,127,,87509,10,,,0
1001,'S2-0_2',752,,87628,5,,,0,99,,87630,5,,,0,85,,87631,5,,,0,79,,87635,3,,,0,86,,87632,5,,,0,50,,87636,3,,,0,85,,87637,3,,,0,69,,87638,3,,,0,99,,87629,5,,,0,37,,87639,3,,,0,184,,87640,5,,,0,321,,87634,5,,,0
1001,'S2-0_4',752,,87642,5,,,0,99,,87644,5,,,0,85,,87645,5,,,0,79,,87649,3,,,0,86,,87646,5,,,0,50,,87650,3,,,0,85,,87651,3,,,0,69,,87652,3,,,0,99,,87643,5,,,0,37,,87653,3,,,0,184,,87654,5,,,0,321,,87648,5,,,0
1001,'S2-0_5',752,,87656,5,,,0,99,,87658,5,,,0,85,,87659,5,,,0,79,,87663,3,,,0,86,,87660,5,,,0,50,,87664,3,,,0,85,,87665,3,,,0,69,,87666,3,,,0,99,,87657,5,,,0,37,,87667,3,,,0,184,,87668,5,,,0,321,,87662,5,,,0
1001,'S2-1_3',752,,87670,5,,,0,99,,87672,5,,,0,85,,87673,5,,,0,79,,87677,3,,,0,86,,87674,5,,,0,50,,87678,3,,,0,85,,87679,3,,,0,69,,87680,3,,,0,99,,87671,5,,,0,37,,87681,3,,,0,184,,87682,5,,,0,321,,87676,5,,,0
1001,'S2-2_6',750,,87684,5,,,0,103,,87685,5,,,0,101,,87692,3,,,0,102,,87686,5,,,0,100,,87693,3,,,0,85,,87694,3,,,0,163,,87689,5,,,0,38,,87695,3,,,0,187,,87690,5,,,0,118,,87691,5,,,0,91,,87687,5,,,0,107,,87688,5,,,0
1001,'S2-4_1',752,,87696,5,,,0,99,,87698,5,,,0,85,,87699,5,,,0,79,,87703,3,,,0,86,,87700,5,,,0,50,,87704,3,,,0,85,,87705,3,,,0,69,,87706,3,,,0,99,,87697,5,,,0,37,,87707,3,,,0,184,,87708,5,,,0,321,,87702,5,,,0
1001,'S2-4_2',752,,87710,5,,,0,99,,87712,5,,,0,85,,87713,5,,,0,79,,87717,3,,,0,86,,87714,5,,,0,50,,87718,3,,,0,85,,87719,3,,,0,69,,87720,3,,,0,99,,87711,5,,,0,37,,87721,3,,,0,184,,87722,5,,,0,321,,87716,5,,,0
1001,'S2-4_4',752,,87724,5,,,0,99,,87726,5,,,0,85,,87727,5,,,0,79,,87731,3,,,0,86,,87728,5,,,0,50,,87732,3,,,0,85,,87733,3,,,0,69,,87734,3,,,0,99,,87725,5,,,0,37,,87735,3,,,0,184,,87736,5,,,0,321,,87730,5,,,0
1901,'S2-0_2',1612,,88409,10,,,0,100,,88410,10,,,0,100,,88411,10,,,0
1901,'S2-0_4',1612,,88418,10,,,0,100,,88419,10,,,0,100,,88420,10,,,0
1901,'S2-0_5',1612,,88427,10,,,0,100,,88428,10,,,0,100,,88429,10,,,0
1901,'S2-1_3',1212,,88439,10,,,0,34,,88440,10,,,0
1901,'S2-4_1',1612,,88442,10,,,0,100,,88443,10,,,0,100,,88444,10,,,0
1901,'S2-4_2',1612,,88451,10,,,0,100,,88452,10,,,0,100,,88453,10,,,0
1901,'S2-4_4',1612,,88460,10,,,0,100,,88461,10,,,0,100,,88462,10,,,0
1000001,'S2-0_2',553,,90752,21,,,0,60,,90753,21,,,0,20,,90754,21,,,0,20,,90755,21,,,0,62,,90756,21,,,0,10,,90836,21,,,0,11,,90837,21,,,0,10,,90787,27,,,0,10,,90788,27,,,0,50,,90789,27,,,0,11,,90790,27,,,0,10,,90791,27,,,0,9,,90792,27,,,0,10,,90793,27,,,0,10,,90794,27,,,0,50,,90795,27,,,0,10,,90796,27,,,0,10,,90797,27,,,0,11,,90798,27,,,0,11,,90757,21,,,0,11,,90758,27,,,0,50,,90759,21,,,0,10,,90760,27,,,0,11,,90761,21,,,0,11,,90799,27,,,0,11,,90762,21,,,0,51,,90763,27,,,0,10,,90764,21,,,0,11,,90765,27,,,0,10,,90766,21,,,0,11,,90800,27,,,0,11,,90767,21,,,0,51,,90768,27,,,0,10,,90769,21,,,0,9,,90770,27,,,0,9,,90801,21,,,0,10,,90802,27,,,0,10,,90803,21,,,0,50,,90804,27,,,0,10,,90805,21,,,0,10,,90806,27,,,0,10,,90807,21,,,0,9,,90808,27,,,0,10,,90809,21,,,0,51,,90810,27,,,0,10,,90811,21,,,0,10,,90812,27,,,0,10,,90813,21,,,0,10,,90771,27,,,0,10,,90772,21,,,0,49,,90814,27,,,0,10,,90773,21,,,0,9,,90774,27,,,0,11,,90775,21,,,0,11,,90815,27,,,0,12,,90776,21,,,0,51,,90777,27,,,0,11,,90778,21,,,0,10,,90779,27,,,0,9,,90780,27,,,0,10,,90816,27,,,0,10,,90817,27,,,0,50,,90818,27,,,0,11,,90819,27,,,0,11,,90820,27,,,0,11,,90821,27,,,0,10,,90822,27,,,0,50,,90823,27,,,0,9,,90824,27,,,0,10,,90825,27,,,0,10,,90826,27,,,0,8,,90827,27,,,0,9,,90828,27,,,0,9,,90829,27,,,0,48,,90830,27,,,0,9,,90831,21,,,0,9,,90832,27,,,0,10,,90833,21,,,0,12,,90835,27,,,0,59,,90834,27,,,0,20,,90781,21,,,0,20,,90782,21,,,0,60,,90783,21,,,0,20,,90784,21,,,0,19,,90785,21,,,0,60,,90786,21,,,0
1000001,'S2-0_4',553,,90838,21,,,0,60,,90839,21,,,0,20,,90840,21,,,0,20,,90841,21,,,0,62,,90842,21,,,0,10,,90922,21,,,0,11,,90923,21,,,0,10,,90873,27,,,0,10,,90874,27,,,0,50,,90875,27,,,0,11,,90876,27,,,0,10,,90877,27,,,0,9,,90878,27,,,0,10,,90879,27,,,0,10,,90880,27,,,0,50,,90881,27,,,0,10,,90882,27,,,0,10,,90883,27,,,0,11,,90884,27,,,0,11,,90843,21,,,0,11,,90844,27,,,0,50,,90845,21,,,0,10,,90846,27,,,0,11,,90847,21,,,0,11,,90885,27,,,0,11,,90848,21,,,0,51,,90849,27,,,0,10,,90850,21,,,0,11,,90851,27,,,0,10,,90852,21,,,0,11,,90886,27,,,0,11,,90853,21,,,0,51,,90854,27,,,0,10,,90855,21,,,0,9,,90856,27,,,0,9,,90887,21,,,0,10,,90888,27,,,0,10,,90889,21,,,0,50,,90890,27,,,0,10,,90891,21,,,0,10,,90892,27,,,0,10,,90893,21,,,0,9,,90894,27,,,0,10,,90895,21,,,0,51,,90896,27,,,0,10,,90897,21,,,0,10,,90898,27,,,0,10,,90899,21,,,0,10,,90857,27,,,0,10,,90858,21,,,0,49,,90900,27,,,0,10,,90859,21,,,0,9,,90860,27,,,0,11,,90861,21,,,0,11,,90901,27,,,0,12,,90862,21,,,0,51,,90863,27,,,0,11,,90864,21,,,0,10,,90865,27,,,0,9,,90866,27,,,0,10,,90902,27,,,0,10,,90903,27,,,0,50,,90904,27,,,0,11,,90905,27,,,0,11,,90906,27,,,0,11,,90907,27,,,0,10,,90908,27,,,0,50,,90909,27,,,0,9,,90910,27,,,0,10,,90911,27,,,0,10,,90912,27,,,0,8,,90913,27,,,0,9,,90914,27,,,0,9,,90915,27,,,0,48,,90916,27,,,0,9,,90917,21,,,0,9,,90918,27,,,0,10,,90919,21,,,0,12,,90921,27,,,0,59,,90920,27,,,0,20,,90867,21,,,0,20,,90868,21,,,0,60,,90869,21,,,0,20,,90870,21,,,0,19,,90871,21,,,0,60,,90872,21,,,0
1000001,'S2-0_5',553,,90924,21,,,0,60,,90925,21,,,0,20,,90926,21,,,0,20,,90927,21,,,0,62,,90928,21,,,0,10,,91008,21,,,0,11,,91009,21,,,0,10,,90959,27,,,0,10,,90960,27,,,0,50,,90961,27,,,0,11,,90962,27,,,0,10,,90963,27,,,0,9,,90964,27,,,0,10,,90965,27,,,0,10,,90966,27,,,0,50,,90967,27,,,0,10,,90968,27,,,0,10,,90969,27,,,0,11,,90970,27,,,0,11,,90929,21,,,0,11,,90930,27,,,0,50,,90931,21,,,0,10,,90932,27,,,0,11,,90933,21,,,0,11,,90971,27,,,0,11,,90934,21,,,0,51,,90935,27,,,0,10,,90936,21,,,0,11,,90937,27,,,0,10,,90938,21,,,0,11,,90972,27,,,0,11,,90939,21,,,0,51,,90940,27,,,0,10,,90941,21,,,0,9,,90942,27,,,0,9,,90973,21,,,0,10,,90974,27,,,0,10,,90975,21,,,0,50,,90976,27,,,0,10,,90977,21,,,0,10,,90978,27,,,0,10,,90979,21,,,0,9,,90980,27,,,0,10,,90981,21,,,0,51,,90982,27,,,0,10,,90983,21,,,0,10,,90984,27,,,0,10,,90985,21,,,0,10,,90943,27,,,0,10,,90944,21,,,0,49,,90986,27,,,0,10,,90945,21,,,0,9,,90946,27,,,0,11,,90947,21,,,0,11,,90987,27,,,0,12,,90948,21,,,0,51,,90949,27,,,0,11,,90950,21,,,0,10,,90951,27,,,0,9,,90952,27,,,0,10,,90988,27,,,0,10,,90989,27,,,0,50,,90990,27,,,0,11,,90991,27,,,0,11,,90992,27,,,0,11,,90993,27,,,0,10,,90994,27,,,0,50,,90995,27,,,0,9,,90996,27,,,0,10,,90997,27,,,0,10,,90998,27,,,0,8,,90999,27,,,0,9,,91000,27,,,0,9,,91001,27,,,0,48,,91002,27,,,0,9,,91003,21,,,0,9,,91004,27,,,0,10,,91005,21,,,0,12,,91007,27,,,0,59,,91006,27,,,0,20,,90953,21,,,0,20,,90954,21,,,0,60,,90955,21,,,0,20,,90956,21,,,0,19,,90957,21,,,0,60,,90958,21,,,0
1000001,'S2-1_3',553,,91010,21,,,0,60,,91011,21,,,0,20,,91012,21,,,0,20,,91013,21,,,0,62,,91014,21,,,0,10,,91094,21,,,0,11,,91095,21,,,0,10,,91045,27,,,0,10,,91046,27,,,0,50,,91047,27,,,0,11,,91048,27,,,0,10,,91049,27,,,0,9,,91050,27,,,0,10,,91051,27,,,0,10,,91052,27,,,0,50,,91053,27,,,0,10,,91054,27,,,0,10,,91055,27,,,0,11,,91056,27,,,0,11,,91015,21,,,0,11,,91016,27,,,0,50,,91017,21,,,0,10,,91018,27,,,0,11,,91019,21,,,0,11,,91057,27,,,0,11,,91020,21,,,0,51,,91021,27,,,0,10,,91022,21,,,0,11,,91023,27,,,0,10,,91024,21,,,0,11,,91058,27,,,0,11,,91025,21,,,0,51,,91026,27,,,0,10,,91027,21,,,0,9,,91028,27,,,0,9,,91059,21,,,0,10,,91060,27,,,0,10,,91061,21,,,0,50,,91062,27,,,0,10,,91063,21,,,0,10,,91064,27,,,0,10,,91065,21,,,0,9,,91066,27,,,0,10,,91067,21,,,0,51,,91068,27,,,0,10,,91069,21,,,0,10,,91070,27,,,0,10,,91071,21,,,0,10,,91029,27,,,0,10,,91030,21,,,0,49,,91072,27,,,0,10,,91031,21,,,0,9,,91032,27,,,0,11,,91033,21,,,0,11,,91073,27,,,0,12,,91034,21,,,0,51,,91035,27,,,0,11,,91036,21,,,0,10,,91037,27,,,0,9,,91038,27,,,0,10,,91074,27,,,0,10,,91075,27,,,0,50,,91076,27,,,0,11,,91077,27,,,0,11,,91078,27,,,0,11,,91079,27,,,0,10,,91080,27,,,0,50,,91081,27,,,0,9,,91082,27,,,0,10,,91083,27,,,0,10,,91084,27,,,0,8,,91085,27,,,0,9,,91086,27,,,0,9,,91087,27,,,0,48,,91088,27,,,0,9,,91089,21,,,0,9,,91090,27,,,0,10,,91091,21,,,0,12,,91093,27,,,0,59,,91092,27,,,0,20,,91039,21,,,0,20,,91040,21,,,0,60,,91041,21,,,0,20,,91042,21,,,0,19,,91043,21,,,0,60,,91044,21,,,0
1000001,'S2-2_6',553,,91096,21,,,0,82,,91097,21,,,0,81,,91098,21,,,0,30,,91099,21,,,0,69,,91100,27,,,0,29,,91101,27,,,0,15,,91102,21,,,0,55,,91103,21,,,0,15,,91104,27,,,0,16,,91105,21,,,0,55,,91106,21,,,0,15,,91107,27,,,0,16,,91108,21,,,0,15,,91109,21,,,0,56,,91110,27,,,0,15,,91111,21,,,0,15,,91112,21,,,0,16,,91113,27,,,0,54,,91114,21,,,0,16,,91115,21,,,0,15,,91116,27,,,0,14,,91117,21,,,0,57,,91118,21,,,0,16,,91119,27,,,0,9,,91120,21,,,0,9,,91121,21,,,0,9,,91122,21,,,0,10,,91124,21,,,0,50,,91123,27,,,0,10,,91125,21,,,0,11,,91126,21,,,0,12,,91127,27,,,0,10,,91128,21,,,0,9,,91129,21,,,0,50,,91130,21,,,0,11,,91131,27,,,0,10,,91132,21,,,0,10,,91133,21,,,0,11,,91134,21,,,0,51,,91135,27,,,0,9,,91136,21,,,0,10,,91137,21,,,0,10,,91138,21,,,0,12,,91139,27,,,0,9,,91140,21,,,0,49,,91141,21,,,0,10,,91142,21,,,0,10,,91144,21,,,0,9,,91143,27,,,0,10,,91145,21,,,0,9,,91146,21,,,0,10,,91148,21,,,0,49,,91147,27,,,0,9,,91149,21,,,0,9,,91150,21,,,0,9,,91152,21,,,0,10,,91151,27,,,0,10,,91153,21,,,0,53,,91154,21,,,0,19,,91155,27,,,0,17,,91156,21,,,0,61,,91157,21,,,0,21,,91158,21,,,0,16,,91159,21,,,0,59,,91160,21,,,0,20,,91161,21,,,0,20,,91162,21,,,0,60,,91163,21,,,0
1000001,'S2-3_7',824,,91164,21,,,0,80,,91165,21,,,0,40,,91166,21,,,0,80,,91167,21,,,0,80,,91168,21,,,0,40,,91169,21,,,0,80,,91170,21,,,0,80,,91171,21,,,0,40,,91172,21,,,0,80,,91173,21,,,0,80,,91174,21,,,0,40,,91175,21,,,0,80,,91176,21,,,0,80,,91177,21,,,0,40,,91178,21,,,0,80,,91179,21,,,0,80,,91180,21,,,0,40,,91181,21,,,0
1000001,'S2-4_1',553,,91182,21,,,0,60,,91183,21,,,0,20,,91184,21,,,0,20,,91185,21,,,0,62,,91186,21,,,0,10,,91266,21,,,0,11,,91267,21,,,0,10,,91217,27,,,0,10,,91218,27,,,0,50,,91219,27,,,0,11,,91220,27,,,0,10,,91221,27,,,0,9,,91222,27,,,0,10,,91223,27,,,0,10,,91224,27,,,0,50,,91225,27,,,0,10,,91226,27,,,0,10,,91227,27,,,0,11,,91228,27,,,0,11,,91187,21,,,0,11,,91188,27,,,0,50,,91189,21,,,0,10,,91190,27,,,0,11,,91191,21,,,0,11,,91229,27,,,0,11,,91192,21,,,0,51,,91193,27,,,0,10,,91194,21,,,0,11,,91195,27,,,0,10,,91196,21,,,0,11,,91230,27,,,0,11,,91197,21,,,0,51,,91198,27,,,0,10,,91199,21,,,0,9,,91200,27,,,0,9,,91231,21,,,0,10,,91232,27,,,0,10,,91233,21,,,0,50,,91234,27,,,0,10,,91235,21,,,0,10,,91236,27,,,0,10,,91237,21,,,0,9,,91238,27,,,0,10,,91239,21,,,0,51,,91240,27,,,0,10,,91241,21,,,0,10,,91242,27,,,0,10,,91243,21,,,0,10,,91201,27,,,0,10,,91202,21,,,0,49,,91244,27,,,0,10,,91203,21,,,0,9,,91204,27,,,0,11,,91205,21,,,0,11,,91245,27,,,0,12,,91206,21,,,0,51,,91207,27,,,0,11,,91208,21,,,0,10,,91209,27,,,0,9,,91210,27,,,0,10,,91246,27,,,0,10,,91247,27,,,0,50,,91248,27,,,0,11,,91249,27,,,0,11,,91250,27,,,0,11,,91251,27,,,0,10,,91252,27,,,0,50,,91253,27,,,0,9,,91254,27,,,0,10,,91255,27,,,0,10,,91256,27,,,0,8,,91257,27,,,0,9,,91258,27,,,0,9,,91259,27,,,0,48,,91260,27,,,0,9,,91261,21,,,0,9,,91262,27,,,0,10,,91263,21,,,0,12,,91265,27,,,0,59,,91264,27,,,0,20,,91211,21,,,0,20,,91212,21,,,0,60,,91213,21,,,0,20,,91214,21,,,0,19,,91215,21,,,0,60,,91216,21,,,0
1000001,'S2-4_2',553,,91268,21,,,0,60,,91269,21,,,0,20,,91270,21,,,0,20,,91271,21,,,0,62,,91272,21,,,0,10,,91352,21,,,0,11,,91353,21,,,0,10,,91303,27,,,0,10,,91304,27,,,0,50,,91305,27,,,0,11,,91306,27,,,0,10,,91307,27,,,0,9,,91308,27,,,0,10,,91309,27,,,0,10,,91310,27,,,0,50,,91311,27,,,0,10,,91312,27,,,0,10,,91313,27,,,0,11,,91314,27,,,0,11,,91273,21,,,0,11,,91274,27,,,0,50,,91275,21,,,0,10,,91276,27,,,0,11,,91277,21,,,0,11,,91315,27,,,0,11,,91278,21,,,0,51,,91279,27,,,0,10,,91280,21,,,0,11,,91281,27,,,0,10,,91282,21,,,0,11,,91316,27,,,0,11,,91283,21,,,0,51,,91284,27,,,0,10,,91285,21,,,0,9,,91286,27,,,0,9,,91317,21,,,0,10,,91318,27,,,0,10,,91319,21,,,0,50,,91320,27,,,0,10,,91321,21,,,0,10,,91322,27,,,0,10,,91323,21,,,0,9,,91324,27,,,0,10,,91325,21,,,0,51,,91326,27,,,0,10,,91327,21,,,0,10,,91328,27,,,0,10,,91329,21,,,0,10,,91287,27,,,0,10,,91288,21,,,0,49,,91330,27,,,0,10,,91289,21,,,0,9,,91290,27,,,0,11,,91291,21,,,0,11,,91331,27,,,0,12,,91292,21,,,0,51,,91293,27,,,0,11,,91294,21,,,0,10,,91295,27,,,0,9,,91296,27,,,0,10,,91332,27,,,0,10,,91333,27,,,0,50,,91334,27,,,0,11,,91335,27,,,0,11,,91336,27,,,0,11,,91337,27,,,0,10,,91338,27,,,0,50,,91339,27,,,0,9,,91340,27,,,0,10,,91341,27,,,0,10,,91342,27,,,0,8,,91343,27,,,0,9,,91344,27,,,0,9,,91345,27,,,0,48,,91346,27,,,0,9,,91347,21,,,0,9,,91348,27,,,0,10,,91349,21,,,0,12,,91351,27,,,0,59,,91350,27,,,0,20,,91297,21,,,0,20,,91298,21,,,0,60,,91299,21,,,0,20,,91300,21,,,0,19,,91301,21,,,0,60,,91302,21,,,0
1000001,'S2-4_4',553,,91354,21,,,0,60,,91355,21,,,0,20,,91356,21,,,0,20,,91357,21,,,0,62,,91358,21,,,0,10,,91438,21,,,0,11,,91439,21,,,0,10,,91389,27,,,0,10,,91390,27,,,0,50,,91391,27,,,0,11,,91392,27,,,0,10,,91393,27,,,0,9,,91394,27,,,0,10,,91395,27,,,0,10,,91396,27,,,0,50,,91397,27,,,0,10,,91398,27,,,0,10,,91399,27,,,0,11,,91400,27,,,0,11,,91359,21,,,0,11,,91360,27,,,0,50,,91361,21,,,0,10,,91362,27,,,0,11,,91363,21,,,0,11,,91401,27,,,0,11,,91364,21,,,0,51,,91365,27,,,0,10,,91366,21,,,0,11,,91367,27,,,0,10,,91368,21,,,0,11,,91402,27,,,0,11,,91369,21,,,0,51,,91370,27,,,0,10,,91371,21,,,0,9,,91372,27,,,0,9,,91403,21,,,0,10,,91404,27,,,0,10,,91405,21,,,0,50,,91406,27,,,0,10,,91407,21,,,0,10,,91408,27,,,0,10,,91409,21,,,0,9,,91410,27,,,0,10,,91411,21,,,0,51,,91412,27,,,0,10,,91413,21,,,0,10,,91414,27,,,0,10,,91415,21,,,0,10,,91373,27,,,0,10,,91374,21,,,0,49,,91416,27,,,0,10,,91375,21,,,0,9,,91376,27,,,0,11,,91377,21,,,0,11,,91417,27,,,0,12,,91378,21,,,0,51,,91379,27,,,0,11,,91380,21,,,0,10,,91381,27,,,0,9,,91382,27,,,0,10,,91418,27,,,0,10,,91419,27,,,0,50,,91420,27,,,0,11,,91421,27,,,0,11,,91422,27,,,0,11,,91423,27,,,0,10,,91424,27,,,0,50,,91425,27,,,0,9,,91426,27,,,0,10,,91427,27,,,0,10,,91428,27,,,0,8,,91429,27,,,0,9,,91430,27,,,0,9,,91431,27,,,0,48,,91432,27,,,0,9,,91433,21,,,0,9,,91434,27,,,0,10,,91435,21,,,0,12,,91437,27,,,0,59,,91436,27,,,0,20,,91383,21,,,0,20,,91384,21,,,0,60,,91385,21,,,0,20,,91386,21,,,0,19,,91387,21,,,0,60,,91388,21,,,0
