300,'0_4',656,,95299,17,,,0,64,,95300,17,,,0,32,,95301,17,,,0,64,,95302,17,,,0,25,,95303,17,,,0,70,,95304,17,,,0,32,,95305,17,,,0,72,,95306,17,,,0,32,,95307,17,,,0,72,,95308,17,,,0,32,,95309,17,,,0,72,,95310,17,,,0,32,,95311,17,,,0,72,,95312,17,,,0,32,,95313,17,,,0,72,,95314,17,,,0,72,,95315,17,,,0,33,,95316,17,,,0,70,,95318,17,,,0,27,,95319,17,,,0,68,,95320,17,,,0,29,,95321,17,,,0,70,,95322,17,,,0,30,,95326,17,,,0,71,,95323,17,,,0,31,,95324,17,,,0,73,,95325,17,,,0,30,,95317,17,,,0
300,'0_5',656,,95327,17,,,0,64,,95328,17,,,0,32,,95329,17,,,0,64,,95330,17,,,0,25,,95331,17,,,0,70,,95332,17,,,0,32,,95333,17,,,0,72,,95334,17,,,0,32,,95335,17,,,0,72,,95336,17,,,0,32,,95337,17,,,0,72,,95338,17,,,0,32,,95339,17,,,0,72,,95340,17,,,0,32,,95341,17,,,0,72,,95342,17,,,0,72,,95343,17,,,0,33,,95344,17,,,0,70,,95346,17,,,0,27,,95347,17,,,0,68,,95348,17,,,0,29,,95349,17,,,0,70,,95350,17,,,0,30,,95354,17,,,0,71,,95351,17,,,0,31,,95352,17,,,0,73,,95353,17,,,0,30,,95345,17,,,0
300,'1_3',656,,95355,17,,,0,64,,95356,17,,,0,32,,95357,17,,,0,64,,95358,17,,,0,25,,95359,17,,,0,70,,95360,17,,,0,32,,95361,17,,,0,72,,95362,17,,,0,32,,95363,17,,,0,72,,95364,17,,,0,32,,95365,17,,,0,72,,95366,17,,,0,32,,95367,17,,,0,72,,95368,17,,,0,32,,95369,17,,,0,72,,95370,17,,,0,72,,95371,17,,,0,33,,95372,17,,,0,70,,95374,17,,,0,27,,95375,17,,,0,68,,95376,17,,,0,29,,95377,17,,,0,70,,95378,17,,,0,30,,95382,17,,,0,71,,95379,17,,,0,31,,95380,17,,,0,73,,95381,17,,,0,30,,95373,17,,,0
300,'2_6',659,,95383,17,,,0,70,,95385,17,,,0,29,,95386,17,,,0,70,,95384,17,,,0,30,,95388,17,,,0,69,,95389,17,,,0,29,,95387,17,,,0,71,,95390,17,,,0,30,,95391,17,,,0,70,,95394,17,,,0,29,,95393,17,,,0,69,,95392,17,,,0,29,,95396,17,,,0,70,,95395,17,,,0,29,,95397,17,,,0,69,,95398,17,,,0,32,,95399,17,,,0,72,,95400,17,,,0,31,,95401,17,,,0,71,,95402,17,,,0,72,,95403,17,,,0,32,,95404,17,,,0,70,,95405,17,,,0,31,,95410,17,,,0,71,,95406,17,,,0,30,,95407,17,,,0,25,,95408,17,,,0,70,,95409,17,,,0
300,'3_7',903,,95433,17,,,0,32,,95434,17,,,0,75,,95435,17,,,0,34,,95436,17,,,0,72,,95427,17,,,0,33,,95432,17,,,0,73,,95431,17,,,0,33,,95430,17,,,0,72,,95429,17,,,0,31,,95411,17,,,0,68,,95412,17,,,0,29,,95413,17,,,0,68,,95414,17,,,0,28,,95415,17,,,0,68,,95416,17,,,0,32,,95417,17,,,0,68,,95418,17,,,0,27,,95419,17,,,0,68,,95420,17,,,0,29,,95421,17,,,0,67,,95422,17,,,0,26,,95423,17,,,0,66,,95424,17,,,0,24,,95425,17,,,0,24,,95428,17,,,0,66,,95426,17,,,0
300,'4_1',656,,95437,17,,,0,64,,95438,17,,,0,32,,95439,17,,,0,64,,95440,17,,,0,25,,95441,17,,,0,70,,95442,17,,,0,32,,95443,17,,,0,72,,95444,17,,,0,32,,95445,17,,,0,72,,95446,17,,,0,32,,95447,17,,,0,72,,95448,17,,,0,32,,95449,17,,,0,72,,95450,17,,,0,32,,95451,17,,,0,72,,95452,17,,,0,72,,95453,17,,,0,33,,95454,17,,,0,70,,95456,17,,,0,27,,95457,17,,,0,68,,95458,17,,,0,29,,95459,17,,,0,70,,95460,17,,,0,30,,95464,17,,,0,71,,95461,17,,,0,31,,95462,17,,,0,73,,95463,17,,,0,30,,95455,17,,,0
300,'4_2',656,,95465,17,,,0,64,,95466,17,,,0,32,,95467,17,,,0,64,,95468,17,,,0,25,,95469,17,,,0,70,,95470,17,,,0,32,,95471,17,,,0,72,,95472,17,,,0,32,,95473,17,,,0,72,,95474,17,,,0,32,,95475,17,,,0,72,,95476,17,,,0,32,,95477,17,,,0,72,,95478,17,,,0,32,,95479,17,,,0,72,,95480,17,,,0,72,,95481,17,,,0,33,,95482,17,,,0,70,,95484,17,,,0,27,,95485,17,,,0,68,,95486,17,,,0,29,,95487,17,,,0,70,,95488,17,,,0,30,,95492,17,,,0,71,,95489,17,,,0,31,,95490,17,,,0,73,,95491,17,,,0,30,,95483,17,,,0
300,'4_4',656,,95493,17,,,0,64,,95494,17,,,0,32,,95495,17,,,0,64,,95496,17,,,0,25,,95497,17,,,0,70,,95498,17,,,0,32,,95499,17,,,0,72,,95500,17,,,0,32,,95501,17,,,0,72,,95502,17,,,0,32,,95503,17,,,0,72,,95504,17,,,0,32,,95505,17,,,0,72,,95506,17,,,0,32,,95507,17,,,0,72,,95508,17,,,0,72,,95509,17,,,0,33,,95510,17,,,0,70,,95512,17,,,0,27,,95513,17,,,0,68,,95514,17,,,0,29,,95515,17,,,0,70,,95516,17,,,0,30,,95520,17,,,0,71,,95517,17,,,0,31,,95518,17,,,0,73,,95519,17,,,0,30,,95511,17,,,0
300,'4_5',656,,95521,17,,,0,64,,95522,17,,,0,32,,95523,17,,,0,64,,95524,17,,,0,25,,95525,17,,,0,70,,95526,17,,,0,32,,95527,17,,,0,72,,95528,17,,,0,32,,95529,17,,,0,72,,95530,17,,,0,32,,95531,17,,,0,72,,95532,17,,,0,32,,95533,17,,,0,72,,95534,17,,,0,32,,95535,17,,,0,72,,95536,17,,,0,72,,95537,17,,,0,33,,95538,17,,,0,70,,95540,17,,,0,27,,95541,17,,,0,68,,95542,17,,,0,29,,95543,17,,,0,70,,95544,17,,,0,30,,95548,17,,,0,71,,95545,17,,,0,31,,95546,17,,,0,73,,95547,17,,,0,30,,95539,17,,,0
300,'5_7',917,,95549,17,,,0,100,,95550,17,,,0,100,,95551,17,,,0,100,,95552,17,,,0,100,,95553,17,,,0,100,,95554,17,,,0,100,,95555,17,,,0,100,,95556,17,,,0,100,,95557,17,,,0,100,,95558,17,,,0,100,,95559,17,,,0
900600,'0_4',857,,99645,26,,,0,170,,99647,26,,,0,125,,99648,26,,,0,175,,99649,26,,,0,120,,99650,26,,,0,175,,99651,26,,,0,130,,99652,26,,,0,169,,99646,26,,,0
900600,'0_5',857,,99653,26,,,0,170,,99655,26,,,0,125,,99656,26,,,0,175,,99657,26,,,0,120,,99658,26,,,0,175,,99659,26,,,0,130,,99660,26,,,0,169,,99654,26,,,0
900600,'1_3',857,,99661,26,,,0,170,,99663,26,,,0,125,,99664,26,,,0,175,,99665,26,,,0,120,,99666,26,,,0,175,,99667,26,,,0,130,,99668,26,,,0,169,,99662,26,,,0
900600,'2_6',857,,99669,26,,,0,170,,99671,26,,,0,125,,99672,26,,,0,175,,99673,26,,,0,120,,99674,26,,,0,175,,99675,26,,,0,130,,99676,26,,,0,169,,99670,26,,,0
900600,'4_1',857,,99677,26,,,0,170,,99679,26,,,0,125,,99680,26,,,0,175,,99681,26,,,0,120,,99682,26,,,0,175,,99683,26,,,0,130,,99684,26,,,0,169,,99678,26,,,0
900600,'4_2',857,,99685,26,,,0,170,,99687,26,,,0,125,,99688,26,,,0,175,,99689,26,,,0,120,,99690,26,,,0,175,,99691,26,,,0,130,,99692,26,,,0,169,,99686,26,,,0
900600,'4_4',857,,99693,26,,,0,170,,99695,26,,,0,125,,99696,26,,,0,175,,99697,26,,,0,120,,99698,26,,,0,175,,99699,26,,,0,130,,99700,26,,,0,169,,99694,26,,,0
900600,'4_5',857,,99701,26,,,0,170,,99703,26,,,0,125,,99704,26,,,0,175,,99705,26,,,0,120,,99706,26,,,0,175,,99707,26,,,0,130,,99708,26,,,0,169,,99702,26,,,0
2900300,'0_4',711,,102434,9,,,0,30,,102435,9,,,0,69,,102436,9,,,0
2900300,'0_5',711,,102437,9,,,0,30,,102438,9,,,0,69,,102439,9,,,0
2900300,'1_3',711,,102440,9,,,0,30,,102441,9,,,0,69,,102442,9,,,0
2900300,'4_1',711,,102443,9,,,0,30,,102444,9,,,0,69,,102445,9,,,0
2900300,'4_2',711,,102446,9,,,0,30,,102447,9,,,0,69,,102448,9,,,0
2900300,'4_4',711,,102449,9,,,0,30,,102450,9,,,0,69,,102451,9,,,0
2900300,'4_5',711,,102452,9,,,0,30,,102453,9,,,0,69,,102454,9,,,0
