401,'S2-0_2',656,,86172,11,0,52,0,55,,86142,15,0,41,0,8,,86159,15,0,41,0,20,,86143,15,0,41,0,12,,86166,15,,,0,69,,86144,15,0,41,0,11,,86145,15,0,41,0,81,,86146,15,0,41,0,34,,86147,15,0,41,0,73,,86148,15,0,41,0,35,,86168,15,,,0,70,,86149,15,0,41,0,28,,86150,15,0,41,0,56,,86167,15,,,0,34,,86163,18,0,41,0,72,,86169,15,,,0,33,,86141,18,0,41,0,77,,86151,15,0,41,0,28,,86170,15,,,0,72,,86152,15,0,41,0,24,,86153,15,0,41,0,53,,86154,15,0,41,0,17,,86164,18,0,41,0,16,,86160,15,0,41,0,16,,86155,15,0,41,0,51,,86161,15,0,41,0,17,,86165,18,,,0,34,,86156,15,0,41,0,61,,86162,15,0,41,0,43,,86157,15,0,41,0,60,,86171,15,,,0
401,'S2-0_4',656,,86204,11,0,52,0,55,,86174,15,0,41,0,8,,86191,15,0,41,0,20,,86175,15,0,41,0,12,,86198,15,,,0,69,,86176,15,0,41,0,11,,86177,15,0,41,0,81,,86178,15,0,41,0,34,,86179,15,0,41,0,73,,86180,15,0,41,0,35,,86200,15,,,0,70,,86181,15,0,41,0,28,,86182,15,0,41,0,56,,86199,15,,,0,34,,86195,18,0,41,0,72,,86201,15,,,0,33,,86173,18,0,41,0,77,,86183,15,0,41,0,28,,86202,15,,,0,72,,86184,15,0,41,0,24,,86185,15,0,41,0,53,,86186,15,0,41,0,17,,86196,18,0,41,0,16,,86192,15,0,41,0,16,,86187,15,0,41,0,51,,86193,15,0,41,0,17,,86197,18,,,0,34,,86188,15,0,41,0,61,,86194,15,0,41,0,43,,86189,15,0,41,0,60,,86203,15,,,0
401,'S2-0_5',656,,86236,11,0,52,0,55,,86206,15,0,41,0,8,,86223,15,0,41,0,20,,86207,15,0,41,0,12,,86230,15,,,0,69,,86208,15,0,41,0,11,,86209,15,0,41,0,81,,86210,15,0,41,0,34,,86211,15,0,41,0,73,,86212,15,0,41,0,35,,86232,15,,,0,70,,86213,15,0,41,0,28,,86214,15,0,41,0,56,,86231,15,,,0,34,,86227,18,0,41,0,72,,86233,15,,,0,33,,86205,18,0,41,0,77,,86215,15,0,41,0,28,,86234,15,,,0,72,,86216,15,0,41,0,24,,86217,15,0,41,0,53,,86218,15,0,41,0,17,,86228,18,0,41,0,16,,86224,15,0,41,0,16,,86219,15,0,41,0,51,,86225,15,0,41,0,17,,86229,18,,,0,34,,86220,15,0,41,0,61,,86226,15,0,41,0,43,,86221,15,0,41,0,60,,86235,15,,,0
401,'S2-1_3',656,,86268,11,0,52,0,55,,86238,15,0,41,0,8,,86255,15,0,41,0,20,,86239,15,0,41,0,12,,86262,15,,,0,69,,86240,15,0,41,0,11,,86241,15,0,41,0,81,,86242,15,0,41,0,34,,86243,15,0,41,0,73,,86244,15,0,41,0,35,,86264,15,,,0,70,,86245,15,0,41,0,28,,86246,15,0,41,0,56,,86263,15,,,0,34,,86259,18,0,41,0,72,,86265,15,,,0,33,,86237,18,0,41,0,77,,86247,15,0,41,0,28,,86266,15,,,0,72,,86248,15,0,41,0,24,,86249,15,0,41,0,53,,86250,15,0,41,0,17,,86260,18,0,41,0,16,,86256,15,0,41,0,16,,86251,15,0,41,0,51,,86257,15,0,41,0,17,,86261,18,,,0,34,,86252,15,0,41,0,61,,86258,15,0,41,0,43,,86253,15,0,41,0,60,,86267,15,,,0
401,'S2-2_6',659,,86269,15,,,0,156,,86276,15,0,41,0,34,,86270,15,,,0,69,,86277,15,0,41,0,32,,86278,15,0,41,0,67,,86279,15,0,41,0,32,,86271,15,,,0,69,,86280,15,0,41,0,31,,86281,15,0,41,0,71,,86282,15,0,41,0,30,,86272,15,,,0,69,,86283,15,0,41,0,29,,86284,15,0,41,0,71,,86285,15,0,41,0,31,,86273,15,,,0,68,,86286,15,0,41,0,32,,86287,15,0,41,0,73,,86288,15,0,41,0,31,,86274,15,,,0,71,,86289,15,0,41,0,33,,86290,15,0,41,0,72,,86291,15,0,41,0,71,,86292,15,0,41,0,30,,86275,15,,,0
401,'S2-3_7',936,,86293,15,,,0,165,,86294,15,,,0,125,,86295,15,,,0,201,,86296,15,,,0,125,,86297,15,,,0,165,,86298,15,,,0,125,,86299,15,,,0
401,'S2-4_1',656,,86331,11,0,52,0,55,,86301,15,0,41,0,8,,86318,15,0,41,0,20,,86302,15,0,41,0,12,,86325,15,,,0,69,,86303,15,0,41,0,11,,86304,15,0,41,0,81,,86305,15,0,41,0,34,,86306,15,0,41,0,73,,86307,15,0,41,0,35,,86327,15,,,0,70,,86308,15,0,41,0,28,,86309,15,0,41,0,56,,86326,15,,,0,34,,86322,18,0,41,0,72,,86328,15,,,0,33,,86300,18,0,41,0,77,,86310,15,0,41,0,28,,86329,15,,,0,72,,86311,15,0,41,0,24,,86312,15,0,41,0,53,,86313,15,0,41,0,17,,86323,18,0,41,0,16,,86319,15,0,41,0,16,,86314,15,0,41,0,51,,86320,15,0,41,0,17,,86324,18,,,0,34,,86315,15,0,41,0,61,,86321,15,0,41,0,43,,86316,15,0,41,0,60,,86330,15,,,0
401,'S2-4_2',656,,86363,11,0,52,0,55,,86333,15,0,41,0,8,,86350,15,0,41,0,20,,86334,15,0,41,0,12,,86357,15,,,0,69,,86335,15,0,41,0,11,,86336,15,0,41,0,81,,86337,15,0,41,0,34,,86338,15,0,41,0,73,,86339,15,0,41,0,35,,86359,15,,,0,70,,86340,15,0,41,0,28,,86341,15,0,41,0,56,,86358,15,,,0,34,,86354,18,0,41,0,72,,86360,15,,,0,33,,86332,18,0,41,0,77,,86342,15,0,41,0,28,,86361,15,,,0,72,,86343,15,0,41,0,24,,86344,15,0,41,0,53,,86345,15,0,41,0,17,,86355,18,0,41,0,16,,86351,15,0,41,0,16,,86346,15,0,41,0,51,,86352,15,0,41,0,17,,86356,18,,,0,34,,86347,15,0,41,0,61,,86353,15,0,41,0,43,,86348,15,0,41,0,60,,86362,15,,,0
401,'S2-4_4',656,,86395,11,0,52,0,55,,86365,15,0,41,0,8,,86382,15,0,41,0,20,,86366,15,0,41,0,12,,86389,15,,,0,69,,86367,15,0,41,0,11,,86368,15,0,41,0,81,,86369,15,0,41,0,34,,86370,15,0,41,0,73,,86371,15,0,41,0,35,,86391,15,,,0,70,,86372,15,0,41,0,28,,86373,15,0,41,0,56,,86390,15,,,0,34,,86386,18,0,41,0,72,,86392,15,,,0,33,,86364,18,0,41,0,77,,86374,15,0,41,0,28,,86393,15,,,0,72,,86375,15,0,41,0,24,,86376,15,0,41,0,53,,86377,15,0,41,0,17,,86387,18,0,41,0,16,,86383,15,0,41,0,16,,86378,15,0,41,0,51,,86384,15,0,41,0,17,,86388,18,,,0,34,,86379,15,0,41,0,61,,86385,15,0,41,0,43,,86380,15,0,41,0,60,,86394,15,,,0
2301,'S2-0_2',700,,88672,8,,,0,22,,88671,8,,,0,1,,88670,18,,,0
2301,'S2-0_4',700,,88675,8,,,0,22,,88674,8,,,0,1,,88673,18,,,0
2301,'S2-0_5',700,,88678,8,,,0,22,,88677,8,,,0,1,,88676,18,,,0
2301,'S2-1_3',700,,88681,8,,,0,22,,88680,8,,,0,1,,88679,18,,,0
2301,'S2-4_1',700,,88684,8,,,0,22,,88683,8,,,0,1,,88682,18,,,0
2301,'S2-4_2',700,,88687,8,,,0,22,,88686,8,,,0,1,,88685,18,,,0
2301,'S2-4_4',700,,88690,8,,,0,22,,88689,8,,,0,1,,88688,18,,,0
2900401,'S2-0_2',702,,92460,10,,,0,125,,92461,10,,,0
2900401,'S2-0_4',702,,92462,10,,,0,125,,92463,10,,,0
2900401,'S2-0_5',702,,92464,10,,,0,125,,92465,10,,,0
2900401,'S2-1_3',702,,92466,10,,,0,125,,92467,10,,,0
2900401,'S2-4_1',702,,92468,10,,,0,125,,92469,10,,,0
2900401,'S2-4_2',702,,92470,10,,,0,125,,92471,10,,,0
2900401,'S2-4_4',702,,92472,10,,,0,125,,92473,10,,,0
