800,'0_4',705,,97030,16,,,0,33,,97031,16,,,0,67,,97032,16,,,0,31,,97033,16,,,0,80,,97034,16,,,0,110,,97035,16,,,0,117,,97036,16,,,0,111,,97037,16,,,0,150,,97038,16,,,0,112,,97040,16,,,0,110,,97039,16,,,0
800,'0_5',705,,97041,16,,,0,33,,97042,16,,,0,67,,97043,16,,,0,31,,97044,16,,,0,80,,97045,16,,,0,110,,97046,16,,,0,117,,97047,16,,,0,111,,97048,16,,,0,150,,97049,16,,,0,112,,97051,16,,,0,110,,97050,16,,,0
800,'1_3',705,,97052,16,,,0,33,,97053,16,,,0,67,,97054,16,,,0,31,,97055,16,,,0,80,,97056,16,,,0,110,,97057,16,,,0,117,,97058,16,,,0,111,,97059,16,,,0,150,,97060,16,,,0,112,,97062,16,,,0,110,,97061,16,,,0
800,'4_1',705,,97063,16,,,0,33,,97064,16,,,0,67,,97065,16,,,0,31,,97066,16,,,0,80,,97067,16,,,0,110,,97068,16,,,0,117,,97069,16,,,0,111,,97070,16,,,0,150,,97071,16,,,0,112,,97073,16,,,0,110,,97072,16,,,0
800,'4_2',705,,97074,16,,,0,33,,97075,16,,,0,67,,97076,16,,,0,31,,97077,16,,,0,80,,97078,16,,,0,110,,97079,16,,,0,117,,97080,16,,,0,111,,97081,16,,,0,150,,97082,16,,,0,112,,97084,16,,,0,110,,97083,16,,,0
800,'4_4',705,,97085,16,,,0,33,,97086,16,,,0,67,,97087,16,,,0,31,,97088,16,,,0,80,,97089,16,,,0,110,,97090,16,,,0,117,,97091,16,,,0,111,,97092,16,,,0,150,,97093,16,,,0,112,,97095,16,,,0,110,,97094,16,,,0
800,'4_5',705,,97096,16,,,0,33,,97097,16,,,0,67,,97098,16,,,0,31,,97099,16,,,0,80,,97100,16,,,0,110,,97101,16,,,0,117,,97102,16,,,0,111,,97103,16,,,0,150,,97104,16,,,0,112,,97106,16,,,0,110,,97105,16,,,0
2200,'0_4',710,,98522,12,0,11 15 16,0,20,,98528,12,0,17,0,102,,98523,12,0,11 15 16,0,513,,98525,12,4,,0,305,,98526,12,4,,0,63,,98524,12,0,11 15 16,0,37,,98527,12,4,,0
2200,'0_5',710,,98529,12,0,11 15 16,0,20,,98535,12,0,17,0,102,,98530,12,0,11 15 16,0,513,,98532,12,4,,0,305,,98533,12,4,,0,63,,98531,12,0,11 15 16,0,37,,98534,12,4,,0
2200,'1_3',710,,98536,12,0,11 15 16,0,20,,98540,12,0,17,0,102,,98537,12,0,11 15 16,0,513,,98539,12,4,,0,368,,98538,12,0,11 15 16,0
2200,'4_1',710,,98541,12,0,11 15 16,0,20,,98547,12,0,17,0,102,,98542,12,0,11 15 16,0,513,,98544,12,4,,0,305,,98545,12,4,,0,63,,98543,12,0,11 15 16,0,37,,98546,12,4,,0
2200,'4_2',710,,98548,12,0,11 15 16,0,20,,98554,12,0,17,0,102,,98549,12,0,11 15 16,0,513,,98551,12,4,,0,305,,98552,12,4,,0,63,,98550,12,0,11 15 16,0,37,,98553,12,4,,0
2200,'4_4',710,,98555,12,0,11 15 16,0,20,,98561,12,0,17,0,102,,98556,12,0,11 15 16,0,513,,98558,12,4,,0,305,,98559,12,4,,0,63,,98557,12,0,11 15 16,0,37,,98560,12,4,,0
2200,'4_5',710,,98562,12,0,11 15 16,0,20,,98568,12,0,17,0,102,,98563,12,0,11 15 16,0,513,,98565,12,4,,0,305,,98566,12,4,,0,63,,98564,12,0,11 15 16,0,37,,98567,12,4,,0
2401,'0_4',1642,,98684,24,4,,0,104,,98685,24,4,,0
2401,'0_5',1642,,98687,24,4,,0,104,,98688,24,4,,0
2401,'4_1',1642,,98691,24,4,,0,104,,98692,24,4,,0
2401,'4_2',1642,,98694,24,4,,0,104,,98695,24,4,,0
2401,'4_4',1642,,98697,24,4,,0,104,,98698,24,4,,0
2401,'4_5',1642,,98700,24,4,,0,104,,98701,24,4,,0
