100,'0_6',801,,62791,4,0,61 8,0,124,,62792,4,0,61 8,0,102,,62793,4,0,61 8,0,98,,62794,4,0,61 8,0,101,,62795,4,0,61 8,0,100,,62796,4,0,61 8,0,100,,62797,4,0,61 8,0,100,,62798,4,0,61 8,0,101,,62799,4,0,61 8,0,102,,62800,4,0,61 8,0,102,,62801,4,0,61 8,0
100,'1_7',901,,62802,4,0,61 8,0,211,,62803,4,0,61 8,0,194,,62804,4,0,61 8,0,205,,62805,4,0,61 8,0,210,,62806,4,0,61 8,0
100,'5_1',653,,73973,4,0,61 8,0,103,,73976,4,0,61 8,0,94,,73975,4,0,61 8,0,103,,73979,4,0,61 8,0,101,,73980,4,0,61 8,0,104,,73984,4,,,0,142,,73985,4,,,0,59,,73988,4,0,61 8,0,100,,73992,4,0,61 8,0,100,,73993,4,,,0,144,,73994,4,,,0,101,,73995,4,,,0,101,,73997,4,,,0
100,'5_2',653,,74933,4,0,61 8,0,103,,74936,4,0,61 8,0,94,,74935,4,0,61 8,0,103,,74939,4,0,61 8,0,101,,74940,4,0,61 8,0,104,,74944,4,,,0,142,,74945,4,,,0,59,,74948,4,0,61 8,0,100,,74952,4,0,61 8,0,100,,74953,4,,,0,144,,74954,4,,,0,101,,74955,4,,,0,101,,74957,4,,,0
100,'5_3',653,,74958,4,0,61 8,0,103,,74961,4,0,61 8,0,94,,74960,4,0,61 8,0,103,,74964,4,0,61 8,0,101,,74965,4,0,61 8,0,104,,74969,4,,,0,142,,74970,4,,,0,59,,74973,4,0,61 8,0,100,,74977,4,0,61 8,0,100,,74978,4,,,0,144,,74979,4,,,0,101,,74980,4,,,0,101,,74982,4,,,0
100,'5_4',653,,74983,4,0,61 8,0,103,,74986,4,0,61 8,0,94,,74985,4,0,61 8,0,103,,74989,4,0,61 8,0,101,,74990,4,0,61 8,0,104,,74994,4,,,0,142,,74995,4,,,0,59,,74998,4,0,61 8,0,100,,75002,4,0,61 8,0,100,,75003,4,,,0,144,,75004,4,,,0,101,,75005,4,,,0,101,,75007,4,,,0
100,'5_5',653,,77813,4,0,61 8,0,103,,77816,4,0,61 8,0,94,,77815,4,0,61 8,0,103,,77819,4,0,61 8,0,101,,77820,4,0,61 8,0,104,,77824,4,,,0,142,,77825,4,,,0,59,,77828,4,0,61 8,0,100,,77832,4,0,61 8,0,100,,77833,4,,,0,144,,77834,4,,,0,101,,77835,4,,,0,101,,77837,4,,,0
100,'6_7',901,,78789,4,0,61 8,0,211,,78790,4,0,61 8,0,194,,78791,4,0,61 8,0,205,,78792,4,0,61 8,0,210,,78793,4,0,61 8,0
100,'7_1',653,,80072,4,0,61 8,0,103,,80075,4,0,61 8,0,94,,80074,4,0,61 8,0,103,,80078,4,0,61 8,0,101,,80079,4,0,61 8,0,104,,80083,4,,,0,142,,80084,4,,,0,59,,80087,4,0,61 8,0,100,,80091,4,0,61 8,0,100,,80092,4,,,0,144,,80093,4,,,0,101,,80094,4,,,0,101,,80096,4,,,0
100,'7_4',653,,79112,4,0,61 8,0,103,,79115,4,0,61 8,0,94,,79114,4,0,61 8,0,103,,79118,4,0,61 8,0,101,,79119,4,0,61 8,0,104,,79123,4,,,0,142,,79124,4,,,0,59,,79127,4,0,61 8,0,100,,79131,4,0,61 8,0,100,,79132,4,,,0,144,,79133,4,,,0,101,,79134,4,,,0,101,,79136,4,,,0
100,'7_5',653,,80097,4,0,61 8,0,103,,80100,4,0,61 8,0,94,,80099,4,0,61 8,0,103,,80103,4,0,61 8,0,101,,80104,4,0,61 8,0,104,,80108,4,,,0,142,,80109,4,,,0,59,,80112,4,0,61 8,0,100,,80116,4,0,61 8,0,100,,80117,4,,,0,144,,80118,4,,,0,101,,80119,4,,,0,101,,80121,4,,,0
