101,'0_4',741,,94375,47,0,6,0,9,,94404,41,0,5,0,59,,94376,47,0,6,0,14,,94403,41,0,5,0,15,,94377,47,0,6,0,17,,94406,47,0,5,0,77,,94381,41,0,6,0,82,,94391,47,0,5,0,35,,94382,41,0,6,0,81,,94394,41,0,5,0,73,,94383,41,0,6,0,29,,94395,41,0,5,0,20,,94384,41,0,6,0,75,,94396,41,0,5,0,79,,94378,47,0,6,0,28,,94392,47,0,5,0,69,,94385,41,0,6,0,25,,94397,41,0,5,0,75,,94386,41,0,6,0,22,,94398,41,0,5,0,29,,94387,41,0,6,0,53,,94402,15,0,5,0,21,,94388,41,0,6,0,21,,94393,47,0,5,0,59,,94389,41,0,6,0,22,,94399,41,0,5,0,12,,94379,47,0,6,0,16,,94400,41,0,5,0,68,,94380,47,0,6,0,75,,94401,41,0,5,0
101,'0_5',741,,94408,47,0,6,0,9,,94437,41,0,5,0,59,,94409,47,0,6,0,14,,94436,41,0,5,0,15,,94410,47,0,6,0,17,,94439,47,0,5,0,77,,94414,41,0,6,0,82,,94424,47,0,5,0,35,,94415,41,0,6,0,81,,94427,41,0,5,0,73,,94416,41,0,6,0,29,,94428,41,0,5,0,20,,94417,41,0,6,0,75,,94429,41,0,5,0,79,,94411,47,0,6,0,28,,94425,47,0,5,0,69,,94418,41,0,6,0,25,,94430,41,0,5,0,75,,94419,41,0,6,0,22,,94431,41,0,5,0,29,,94420,41,0,6,0,53,,94435,15,0,5,0,21,,94421,41,0,6,0,21,,94426,47,0,5,0,59,,94422,41,0,6,0,22,,94432,41,0,5,0,12,,94412,47,0,6,0,16,,94433,41,0,5,0,68,,94413,47,0,6,0,75,,94434,41,0,5,0
101,'1_3',741,,94441,47,0,6,0,9,,94470,41,0,5,0,59,,94442,47,0,6,0,14,,94469,41,0,5,0,15,,94443,47,0,6,0,17,,94472,47,0,5,0,77,,94447,41,0,6,0,82,,94457,47,0,5,0,35,,94448,41,0,6,0,81,,94460,41,0,5,0,73,,94449,41,0,6,0,29,,94461,41,0,5,0,20,,94450,41,0,6,0,75,,94462,41,0,5,0,79,,94444,47,0,6,0,28,,94458,47,0,5,0,69,,94451,41,0,6,0,25,,94463,41,0,5,0,75,,94452,41,0,6,0,22,,94464,41,0,5,0,29,,94453,41,0,6,0,53,,94468,15,0,5,0,21,,94454,41,0,6,0,21,,94459,47,0,5,0,59,,94455,41,0,6,0,22,,94465,41,0,5,0,12,,94445,47,0,6,0,16,,94466,41,0,5,0,68,,94446,47,0,6,0,75,,94467,41,0,5,0
101,'2_6',734,,94474,41,0,5,0,117,,94475,41,0,5,0,106,,94476,41,0,5,0,70,,94487,41,0,6,0,29,,94477,41,0,5,0,71,,94488,41,0,6,0,29,,94478,41,0,5,0,70,,94489,41,0,6,0,30,,94479,41,0,5,0,69,,94490,41,0,6,0,31,,94480,41,0,5,0,69,,94491,41,0,6,0,30,,94481,41,0,5,0,70,,94492,41,0,6,0,31,,94482,41,0,5,0,72,,94493,41,0,6,0,72,,94483,41,0,5,0,31,,94494,41,0,6,0,71,,94484,41,0,5,0,29,,94495,41,0,6,0,74,,94485,41,0,5,0,24,,94496,41,0,6,0,25,,94486,41,0,5,0
101,'3_7',939,,94497,41,0,6,0,105,,94502,41,0,5,0,105,,94498,41,0,6,0,105,,94503,41,0,5,0,105,,94499,41,0,6,0,90,,94504,41,0,5,0,100,,94500,41,0,6,0,105,,94505,41,0,5,0,105,,94501,41,0,6,0,145,,94506,41,0,5,0
101,'4_1',741,,94507,47,0,6,0,9,,94536,41,0,5,0,59,,94508,47,0,6,0,14,,94535,41,0,5,0,15,,94509,47,0,6,0,17,,94538,47,0,5,0,77,,94513,41,0,6,0,82,,94523,47,0,5,0,35,,94514,41,0,6,0,81,,94526,41,0,5,0,73,,94515,41,0,6,0,29,,94527,41,0,5,0,20,,94516,41,0,6,0,75,,94528,41,0,5,0,79,,94510,47,0,6,0,28,,94524,47,0,5,0,69,,94517,41,0,6,0,25,,94529,41,0,5,0,75,,94518,41,0,6,0,22,,94530,41,0,5,0,29,,94519,41,0,6,0,53,,94534,15,0,5,0,21,,94520,41,0,6,0,21,,94525,47,0,5,0,59,,94521,41,0,6,0,22,,94531,41,0,5,0,12,,94511,47,0,6,0,16,,94532,41,0,5,0,68,,94512,47,0,6,0,75,,94533,41,0,5,0
101,'4_2',741,,94540,47,0,6,0,9,,94569,41,0,5,0,59,,94541,47,0,6,0,14,,94568,41,0,5,0,15,,94542,47,0,6,0,17,,94571,47,0,5,0,77,,94546,41,0,6,0,82,,94556,47,0,5,0,35,,94547,41,0,6,0,81,,94559,41,0,5,0,73,,94548,41,0,6,0,29,,94560,41,0,5,0,20,,94549,41,0,6,0,75,,94561,41,0,5,0,79,,94543,47,0,6,0,28,,94557,47,0,5,0,69,,94550,41,0,6,0,25,,94562,41,0,5,0,75,,94551,41,0,6,0,22,,94563,41,0,5,0,29,,94552,41,0,6,0,53,,94567,15,0,5,0,21,,94553,41,0,6,0,21,,94558,47,0,5,0,59,,94554,41,0,6,0,22,,94564,41,0,5,0,12,,94544,47,0,6,0,16,,94565,41,0,5,0,68,,94545,47,0,6,0,75,,94566,41,0,5,0
101,'4_4',741,,94573,47,0,6,0,9,,94602,41,0,5,0,59,,94574,47,0,6,0,14,,94601,41,0,5,0,15,,94575,47,0,6,0,17,,94604,47,0,5,0,77,,94579,41,0,6,0,82,,94589,47,0,5,0,35,,94580,41,0,6,0,81,,94592,41,0,5,0,73,,94581,41,0,6,0,29,,94593,41,0,5,0,20,,94582,41,0,6,0,75,,94594,41,0,5,0,79,,94576,47,0,6,0,28,,94590,47,0,5,0,69,,94583,41,0,6,0,25,,94595,41,0,5,0,75,,94584,41,0,6,0,22,,94596,41,0,5,0,29,,94585,41,0,6,0,53,,94600,15,0,5,0,21,,94586,41,0,6,0,21,,94591,47,0,5,0,59,,94587,41,0,6,0,22,,94597,41,0,5,0,12,,94577,47,0,6,0,16,,94598,41,0,5,0,68,,94578,47,0,6,0,75,,94599,41,0,5,0
101,'4_5',741,,94606,47,0,6,0,9,,94635,41,0,5,0,59,,94607,47,0,6,0,14,,94634,41,0,5,0,15,,94608,47,0,6,0,17,,94637,47,0,5,0,77,,94612,41,0,6,0,82,,94622,47,0,5,0,35,,94613,41,0,6,0,81,,94625,41,0,5,0,73,,94614,41,0,6,0,29,,94626,41,0,5,0,20,,94615,41,0,6,0,75,,94627,41,0,5,0,79,,94609,47,0,6,0,28,,94623,47,0,5,0,69,,94616,41,0,6,0,25,,94628,41,0,5,0,75,,94617,41,0,6,0,22,,94629,41,0,5,0,29,,94618,41,0,6,0,53,,94633,15,0,5,0,21,,94619,41,0,6,0,21,,94624,47,0,5,0,59,,94620,41,0,6,0,22,,94630,41,0,5,0,12,,94610,47,0,6,0,16,,94631,41,0,5,0,68,,94611,47,0,6,0,75,,94632,41,0,5,0
101,'5_7',939,,94639,41,0,6,0,105,,94644,41,0,5,0,105,,94640,41,0,6,0,105,,94645,41,0,5,0,105,,94641,41,0,6,0,90,,94646,41,0,5,0,100,,94642,41,0,6,0,105,,94647,41,0,5,0,105,,94643,41,0,6,0,145,,94648,41,0,5,0
