2000000,'0_6',702,,70109,24,,,0,42,,70110,24,,,0,79,,70111,24,,,0,31,,70112,24,,,0,60,,70113,24,,,0,20,,70114,24,,,0,19,,70115,24,,,0,58,,70116,24,,,0,20,,70117,24,,,0,20,,70118,24,,,0,58,,70119,24,,,0,19,,70120,24,,,0,19,,70121,24,,,0,61,,70122,24,,,0,17,,70123,24,,,0,18,,70124,24,,,0,58,,70125,24,,,0,19,,70126,24,,,0,20,,70127,24,,,0,19,,70128,24,,,0,57,,70129,24,,,0,19,,70130,24,,,0,21,,70131,24,,,0,60,,70132,24,,,0,19,,70133,24,,,0,19,,70134,24,,,0,60,,70135,24,,,0,21,,70136,24,,,0,20,,70137,24,,,0,60,,70138,24,,,0,19,,70139,24,,,0,19,,70140,24,,,0,60,,70141,24,,,0,21,,70142,24,,,0,17,,70143,24,,,0,59,,70144,24,,,0,24,,70145,24,,,0,24,,70146,24,,,0,64,,70147,24,,,0,24,,70148,24,,,0,65,,70149,24,,,0
2000000,'1_7',839,,70150,24,,,0,80,,70151,24,,,0,40,,70152,24,,,0,80,,70153,24,,,0,80,,70154,24,,,0,40,,70155,24,,,0,80,,70156,24,,,0,80,,70157,24,,,0,40,,70158,24,,,0,80,,70159,24,,,0,80,,70160,24,,,0,40,,70161,24,,,0,80,,70162,24,,,0,80,,70163,24,,,0,40,,70164,24,,,0,80,,70165,24,,,0,80,,70166,24,,,0,40,,70167,24,,,0
2000000,'3_1',702,,70383,24,,,0,26,,70384,24,,,0,25,,70424,24,,,0,60,,70385,24,,,0,21,,70386,24,,,0,21,,70387,24,,,0,61,,70388,24,,,0,20,,70389,24,,,0,19,,70390,24,,,0,58,,70391,24,,,0,18,,70392,24,,,0,19,,70393,24,,,0,59,,70394,24,,,0,19,,70395,24,,,0,19,,70396,24,,,0,60,,70397,24,,,0,18,,70398,24,,,0,18,,70399,24,,,0,59,,70400,24,,,0,19,,70401,24,,,0,19,,70402,24,,,0,19,,70403,24,,,0,58,,70404,24,,,0,19,,70405,24,,,0,21,,70406,24,,,0,60,,70407,24,,,0,19,,70408,24,,,0,19,,70409,24,,,0,59,,70410,24,,,0,21,,70411,24,,,0,20,,70412,24,,,0,61,,70413,24,,,0,21,,70414,24,,,0,20,,70415,24,,,0,61,,70416,24,,,0,22,,70417,24,,,0,19,,70418,24,,,0,61,,70419,24,,,0,20,,70420,24,,,0,19,,70421,24,,,0,63,,70422,24,,,0,24,,70423,24,,,0,65,,70425,24,,,0
2000000,'3_2',702,,73698,24,,,0,26,,73699,24,,,0,25,,73739,24,,,0,60,,73700,24,,,0,21,,73701,24,,,0,21,,73702,24,,,0,61,,73703,24,,,0,20,,73704,24,,,0,19,,73705,24,,,0,58,,73706,24,,,0,18,,73707,24,,,0,19,,73708,24,,,0,59,,73709,24,,,0,19,,73710,24,,,0,19,,73711,24,,,0,60,,73712,24,,,0,18,,73713,24,,,0,18,,73714,24,,,0,59,,73715,24,,,0,19,,73716,24,,,0,19,,73717,24,,,0,19,,73718,24,,,0,58,,73719,24,,,0,19,,73720,24,,,0,21,,73721,24,,,0,60,,73722,24,,,0,19,,73723,24,,,0,19,,73724,24,,,0,59,,73725,24,,,0,21,,73726,24,,,0,20,,73727,24,,,0,61,,73728,24,,,0,21,,73729,24,,,0,20,,73730,24,,,0,61,,73731,24,,,0,22,,73732,24,,,0,19,,73733,24,,,0,61,,73734,24,,,0,20,,73735,24,,,0,19,,73736,24,,,0,63,,73737,24,,,0,24,,73738,24,,,0,65,,73740,24,,,0
2000000,'3_3',702,,70426,24,,,0,26,,70427,24,,,0,25,,70467,24,,,0,60,,70428,24,,,0,21,,70429,24,,,0,21,,70430,24,,,0,61,,70431,24,,,0,20,,70432,24,,,0,19,,70433,24,,,0,58,,70434,24,,,0,18,,70435,24,,,0,19,,70436,24,,,0,59,,70437,24,,,0,19,,70438,24,,,0,19,,70439,24,,,0,60,,70440,24,,,0,18,,70441,24,,,0,18,,70442,24,,,0,59,,70443,24,,,0,19,,70444,24,,,0,19,,70445,24,,,0,19,,70446,24,,,0,58,,70447,24,,,0,19,,70448,24,,,0,21,,70449,24,,,0,60,,70450,24,,,0,19,,70451,24,,,0,19,,70452,24,,,0,59,,70453,24,,,0,21,,70454,24,,,0,20,,70455,24,,,0,61,,70456,24,,,0,21,,70457,24,,,0,20,,70458,24,,,0,61,,70459,24,,,0,22,,70460,24,,,0,19,,70461,24,,,0,61,,70462,24,,,0,20,,70463,24,,,0,19,,70464,24,,,0,63,,70465,24,,,0,24,,70466,24,,,0,65,,70468,24,,,0
2000000,'3_4',702,,70469,24,,,0,26,,70470,24,,,0,25,,70510,24,,,0,60,,70471,24,,,0,21,,70472,24,,,0,21,,70473,24,,,0,61,,70474,24,,,0,20,,70475,24,,,0,19,,70476,24,,,0,58,,70477,24,,,0,18,,70478,24,,,0,19,,70479,24,,,0,59,,70480,24,,,0,19,,70481,24,,,0,19,,70482,24,,,0,60,,70483,24,,,0,18,,70484,24,,,0,18,,70485,24,,,0,59,,70486,24,,,0,19,,70487,24,,,0,19,,70488,24,,,0,19,,70489,24,,,0,58,,70490,24,,,0,19,,70491,24,,,0,21,,70492,24,,,0,60,,70493,24,,,0,19,,70494,24,,,0,19,,70495,24,,,0,59,,70496,24,,,0,21,,70497,24,,,0,20,,70498,24,,,0,61,,70499,24,,,0,21,,70500,24,,,0,20,,70501,24,,,0,61,,70502,24,,,0,22,,70503,24,,,0,19,,70504,24,,,0,61,,70505,24,,,0,20,,70506,24,,,0,19,,70507,24,,,0,63,,70508,24,,,0,24,,70509,24,,,0,65,,70511,24,,,0
2000000,'3_5',702,,70512,24,,,0,26,,70513,24,,,0,25,,70553,24,,,0,60,,70514,24,,,0,21,,70515,24,,,0,21,,70516,24,,,0,61,,70517,24,,,0,20,,70518,24,,,0,19,,70519,24,,,0,58,,70520,24,,,0,18,,70521,24,,,0,19,,70522,24,,,0,59,,70523,24,,,0,19,,70524,24,,,0,19,,70525,24,,,0,60,,70526,24,,,0,18,,70527,24,,,0,18,,70528,24,,,0,59,,70529,24,,,0,19,,70530,24,,,0,19,,70531,24,,,0,19,,70532,24,,,0,58,,70533,24,,,0,19,,70534,24,,,0,21,,70535,24,,,0,60,,70536,24,,,0,19,,70537,24,,,0,19,,70538,24,,,0,59,,70539,24,,,0,21,,70540,24,,,0,20,,70541,24,,,0,61,,70542,24,,,0,21,,70543,24,,,0,20,,70544,24,,,0,61,,70545,24,,,0,22,,70546,24,,,0,19,,70547,24,,,0,61,,70548,24,,,0,20,,70549,24,,,0,19,,70550,24,,,0,63,,70551,24,,,0,24,,70552,24,,,0,65,,70554,24,,,0
2000000,'5_1',702,,74658,24,,,0,26,,74659,24,,,0,25,,74699,24,,,0,60,,74660,24,,,0,21,,74661,24,,,0,21,,74662,24,,,0,61,,74663,24,,,0,20,,74664,24,,,0,19,,74665,24,,,0,58,,74666,24,,,0,18,,74667,24,,,0,19,,74668,24,,,0,59,,74669,24,,,0,19,,74670,24,,,0,19,,74671,24,,,0,60,,74672,24,,,0,18,,74673,24,,,0,18,,74674,24,,,0,59,,74675,24,,,0,19,,74676,24,,,0,19,,74677,24,,,0,19,,74678,24,,,0,58,,74679,24,,,0,19,,74680,24,,,0,21,,74681,24,,,0,60,,74682,24,,,0,19,,74683,24,,,0,19,,74684,24,,,0,59,,74685,24,,,0,21,,74686,24,,,0,20,,74687,24,,,0,61,,74688,24,,,0,21,,74689,24,,,0,20,,74690,24,,,0,61,,74691,24,,,0,22,,74692,24,,,0,19,,74693,24,,,0,61,,74694,24,,,0,20,,74695,24,,,0,19,,74696,24,,,0,63,,74697,24,,,0,24,,74698,24,,,0,65,,74700,24,,,0
2000000,'5_2',702,,76988,24,,,0,26,,76989,24,,,0,25,,77029,24,,,0,60,,76990,24,,,0,21,,76991,24,,,0,21,,76992,24,,,0,61,,76993,24,,,0,20,,76994,24,,,0,19,,76995,24,,,0,58,,76996,24,,,0,18,,76997,24,,,0,19,,76998,24,,,0,59,,76999,24,,,0,19,,77000,24,,,0,19,,77001,24,,,0,60,,77002,24,,,0,18,,77003,24,,,0,18,,77004,24,,,0,59,,77005,24,,,0,19,,77006,24,,,0,19,,77007,24,,,0,19,,77008,24,,,0,58,,77009,24,,,0,19,,77010,24,,,0,21,,77011,24,,,0,60,,77012,24,,,0,19,,77013,24,,,0,19,,77014,24,,,0,59,,77015,24,,,0,21,,77016,24,,,0,20,,77017,24,,,0,61,,77018,24,,,0,21,,77019,24,,,0,20,,77020,24,,,0,61,,77021,24,,,0,22,,77022,24,,,0,19,,77023,24,,,0,61,,77024,24,,,0,20,,77025,24,,,0,19,,77026,24,,,0,63,,77027,24,,,0,24,,77028,24,,,0,65,,77030,24,,,0
2000000,'5_3',702,,77031,24,,,0,26,,77032,24,,,0,25,,77072,24,,,0,60,,77033,24,,,0,21,,77034,24,,,0,21,,77035,24,,,0,61,,77036,24,,,0,20,,77037,24,,,0,19,,77038,24,,,0,58,,77039,24,,,0,18,,77040,24,,,0,19,,77041,24,,,0,59,,77042,24,,,0,19,,77043,24,,,0,19,,77044,24,,,0,60,,77045,24,,,0,18,,77046,24,,,0,18,,77047,24,,,0,59,,77048,24,,,0,19,,77049,24,,,0,19,,77050,24,,,0,19,,77051,24,,,0,58,,77052,24,,,0,19,,77053,24,,,0,21,,77054,24,,,0,60,,77055,24,,,0,19,,77056,24,,,0,19,,77057,24,,,0,59,,77058,24,,,0,21,,77059,24,,,0,20,,77060,24,,,0,61,,77061,24,,,0,21,,77062,24,,,0,20,,77063,24,,,0,61,,77064,24,,,0,22,,77065,24,,,0,19,,77066,24,,,0,61,,77067,24,,,0,20,,77068,24,,,0,19,,77069,24,,,0,63,,77070,24,,,0,24,,77071,24,,,0,65,,77073,24,,,0
2000000,'5_4',702,,77074,24,,,0,26,,77075,24,,,0,25,,77115,24,,,0,60,,77076,24,,,0,21,,77077,24,,,0,21,,77078,24,,,0,61,,77079,24,,,0,20,,77080,24,,,0,19,,77081,24,,,0,58,,77082,24,,,0,18,,77083,24,,,0,19,,77084,24,,,0,59,,77085,24,,,0,19,,77086,24,,,0,19,,77087,24,,,0,60,,77088,24,,,0,18,,77089,24,,,0,18,,77090,24,,,0,59,,77091,24,,,0,19,,77092,24,,,0,19,,77093,24,,,0,19,,77094,24,,,0,58,,77095,24,,,0,19,,77096,24,,,0,21,,77097,24,,,0,60,,77098,24,,,0,19,,77099,24,,,0,19,,77100,24,,,0,59,,77101,24,,,0,21,,77102,24,,,0,20,,77103,24,,,0,61,,77104,24,,,0,21,,77105,24,,,0,20,,77106,24,,,0,61,,77107,24,,,0,22,,77108,24,,,0,19,,77109,24,,,0,61,,77110,24,,,0,20,,77111,24,,,0,19,,77112,24,,,0,63,,77113,24,,,0,24,,77114,24,,,0,65,,77116,24,,,0
