1001,'0_6',729,,66890,22,0,61 65,0,102,,66900,25,,,0,112,,66891,25,0,61 65,0,111,,66901,28,,,0,183,,66902,28,,,0,87,,66897,28,0,61 65,0,92,,66892,25,0,61 65,0,101,,66903,28,,,0,105,,66893,25,0,61 65,0,95,,66894,25,0,61 65,0,108,,66904,25,,,0,96,,66898,28,0,61 65,0,111,,66899,28,0,61 65,0,85,,66895,25,0,61 65,0,100,,66896,25,0,61 65,0
1001,'1_7',957,,66905,25,,,0,360,,66906,25,,,0,409,,66907,25,,,0,310,,66908,25,0,61 65,0
1001,'7_1',827,,80849,25,,,0,113,,80850,28,0,61 65,0,93,,80856,23,,,0,118,,80851,28,0,61 65,0,96,,80857,23,0,61 65,0,99,,80854,26,,,0,105,,80858,25,0,61 65,0,94,,80855,26,,,0,164,,80859,25,0,61 65,0,121,,80860,25,,,0,98,,80852,28,0,61 65,0,99,,80853,28,0,61 65,0
1001,'7_2',827,,82770,25,,,0,113,,82771,28,0,61 65,0,93,,82777,23,,,0,118,,82772,28,0,61 65,0,96,,82778,23,0,61 65,0,99,,82775,26,,,0,105,,82779,25,0,61 65,0,94,,82776,26,,,0,164,,82780,25,0,61 65,0,121,,82781,25,,,0,98,,82773,28,0,61 65,0,99,,82774,28,0,61 65,0
1001,'7_3',827,,82782,25,,,0,113,,82783,28,0,61 65,0,93,,82789,23,,,0,118,,82784,28,0,61 65,0,96,,82790,23,0,61 65,0,99,,82787,26,,,0,105,,82791,25,0,61 65,0,94,,82788,26,,,0,164,,82792,25,0,61 65,0,121,,82793,25,,,0,98,,82785,28,0,61 65,0,99,,82786,28,0,61 65,0
1001,'7_4',827,,79493,25,,,0,113,,79494,28,0,61 65,0,93,,79500,23,,,0,118,,79495,28,0,61 65,0,96,,79501,23,0,61 65,0,99,,79498,26,,,0,105,,79502,25,0,61 65,0,94,,79499,26,,,0,164,,79503,25,0,61 65,0,121,,79504,25,,,0,98,,79496,28,0,61 65,0,99,,79497,28,0,61 65,0
1001,'7_5',827,,80861,25,,,0,113,,80862,28,0,61 65,0,93,,80868,23,,,0,118,,80863,28,0,61 65,0,96,,80869,23,0,61 65,0,99,,80866,26,,,0,105,,80870,25,0,61 65,0,94,,80867,26,,,0,164,,80871,25,0,61 65,0,121,,80872,25,,,0,98,,80864,28,0,61 65,0,99,,80865,28,0,61 65,0
1001,'8_7',957,,84063,25,,,0,360,,84064,25,,,0,409,,84065,25,,,0,310,,84066,25,0,61 65,0
2901001,'0_6',1136,,71124,6,,,0,83,,71117,6,,,0,87,,71120,6,,,0,97,,71121,6,,,0,55,,71118,6,,,0,72,,71122,6,,,0,78,,71123,6,,,0,96,,71119,6,,,0,198,,71125,6,,,0
2901001,'7_1',1039,,81644,6,,,0,261,,81645,6,,,0,55,,81646,6,,,0,247,,81647,6,,,0,139,,81648,6,,,0
2901001,'7_2',1039,,83564,6,,,0,261,,83565,6,,,0,55,,83566,6,,,0,247,,83567,6,,,0,139,,83568,6,,,0
2901001,'7_3',1039,,83569,6,,,0,261,,83570,6,,,0,55,,83571,6,,,0,247,,83572,6,,,0,139,,83573,6,,,0
2901001,'7_4',1039,,79890,6,,,0,261,,79891,6,,,0,55,,79892,6,,,0,247,,79893,6,,,0,139,,79894,6,,,0
2901001,'7_5',1039,,81649,6,,,0,261,,81650,6,,,0,55,,81651,6,,,0,247,,81652,6,,,0,139,,81653,6,,,0
