600,'0_4',711,,96586,20,,,0,20,,96600,20,0,11 12,0,93,,96587,20,,,0,110,,96588,20,0,11 12,0,101,,96589,20,0,11 12,0,90,,96590,20,0,11 12,0,110,,96591,20,0,11 12,0,107,,96592,20,0,11 12,0,97,,96601,20,0,11 12,0,92,,96593,20,0,11 12,0,97,,96594,20,0,11 12,0,83,,96595,20,0,11 12,0,41,,96596,20,0,11 12,0,74,,96597,20,0,11 12,0,31,,96598,20,0,11 12,0,81,,96599,20,0,11 12,0
600,'0_5',711,,96602,20,,,0,20,,96616,20,0,11 12,0,93,,96603,20,,,0,110,,96604,20,0,11 12,0,101,,96605,20,0,11 12,0,90,,96606,20,0,11 12,0,110,,96607,20,0,11 12,0,107,,96608,20,0,11 12,0,97,,96617,20,0,11 12,0,92,,96609,20,0,11 12,0,97,,96610,20,0,11 12,0,83,,96611,20,0,11 12,0,41,,96612,20,0,11 12,0,74,,96613,20,0,11 12,0,31,,96614,20,0,11 12,0,81,,96615,20,0,11 12,0
600,'1_3',711,,96618,20,,,0,20,,96632,20,0,11 12,0,93,,96619,20,,,0,110,,96620,20,0,11 12,0,101,,96621,20,0,11 12,0,90,,96622,20,0,11 12,0,110,,96623,20,0,11 12,0,107,,96624,20,0,11 12,0,97,,96633,20,0,11 12,0,92,,96625,20,0,11 12,0,97,,96626,20,0,11 12,0,83,,96627,20,0,11 12,0,41,,96628,20,0,11 12,0,74,,96629,20,0,11 12,0,31,,96630,20,0,11 12,0,81,,96631,20,0,11 12,0
600,'2_6',759,,96634,20,0,11 12,0,94,,96636,20,0,11 12,0,93,,96637,20,0,11 12,0,87,,96638,20,0,11 12,0,90,,96639,20,0,11 12,0,88,,96640,20,0,11 12,0,48,,96641,20,0,11 12,0,91,,96642,20,0,11 12,0,87,,96643,20,0,11 12,0,98,,96644,20,0,11 12,0,90,,96645,20,0,11 12,0,91,,96646,20,0,11 12,0,90,,96647,20,0,11 12,0,95,,96648,20,0,11 12,0,41,,96635,20,0,11 12,0
600,'4_1',711,,96649,20,,,0,20,,96663,20,0,11 12,0,93,,96650,20,,,0,110,,96651,20,0,11 12,0,101,,96652,20,0,11 12,0,90,,96653,20,0,11 12,0,110,,96654,20,0,11 12,0,107,,96655,20,0,11 12,0,97,,96664,20,0,11 12,0,92,,96656,20,0,11 12,0,97,,96657,20,0,11 12,0,83,,96658,20,0,11 12,0,41,,96659,20,0,11 12,0,74,,96660,20,0,11 12,0,31,,96661,20,0,11 12,0,81,,96662,20,0,11 12,0
600,'4_2',711,,96665,20,,,0,20,,96679,20,0,11 12,0,93,,96666,20,,,0,110,,96667,20,0,11 12,0,101,,96668,20,0,11 12,0,90,,96669,20,0,11 12,0,110,,96670,20,0,11 12,0,107,,96671,20,0,11 12,0,97,,96680,20,0,11 12,0,92,,96672,20,0,11 12,0,97,,96673,20,0,11 12,0,83,,96674,20,0,11 12,0,41,,96675,20,0,11 12,0,74,,96676,20,0,11 12,0,31,,96677,20,0,11 12,0,81,,96678,20,0,11 12,0
600,'4_4',711,,96681,20,,,0,20,,96695,20,0,11 12,0,93,,96682,20,,,0,110,,96683,20,0,11 12,0,101,,96684,20,0,11 12,0,90,,96685,20,0,11 12,0,110,,96686,20,0,11 12,0,107,,96687,20,0,11 12,0,97,,96696,20,0,11 12,0,92,,96688,20,0,11 12,0,97,,96689,20,0,11 12,0,83,,96690,20,0,11 12,0,41,,96691,20,0,11 12,0,74,,96692,20,0,11 12,0,31,,96693,20,0,11 12,0,81,,96694,20,0,11 12,0
600,'4_5',711,,96697,20,,,0,20,,96711,20,0,11 12,0,93,,96698,20,,,0,110,,96699,20,0,11 12,0,101,,96700,20,0,11 12,0,90,,96701,20,0,11 12,0,110,,96702,20,0,11 12,0,107,,96703,20,0,11 12,0,97,,96712,20,0,11 12,0,92,,96704,20,0,11 12,0,97,,96705,20,0,11 12,0,83,,96706,20,0,11 12,0,41,,96707,20,0,11 12,0,74,,96708,20,0,11 12,0,31,,96709,20,0,11 12,0,81,,96710,20,0,11 12,0
900,'0_4',708,,97206,21,,,0,28,,97207,21,,,0,81,,97211,27,,,0,21,,97212,18,,,0,4,,97213,28,,,0,84,,97208,21,,,0,90,,97214,28,,,0,189,,97216,24,,,0,102,,97217,24,,,0,31,,97209,21,,,0,172,,97220,29,,,0,44,,97218,24,,,0,151,,97219,24,,,0,31,,97210,21,,,0,167,,97221,29,,,0
900,'0_5',708,,97225,21,,,0,28,,97226,21,,,0,81,,97230,27,,,0,21,,97231,18,,,0,4,,97232,28,,,0,84,,97227,21,,,0,90,,97233,28,,,0,189,,97235,24,,,0,102,,97236,24,,,0,31,,97228,21,,,0,172,,97239,29,,,0,44,,97237,24,,,0,151,,97238,24,,,0,31,,97229,21,,,0,167,,97240,29,,,0
900,'1_3',708,,97244,21,,,0,28,,97245,21,,,0,81,,97249,27,,,0,21,,97250,18,,,0,4,,97251,28,,,0,84,,97246,21,,,0,90,,97252,28,,,0,189,,97254,24,,,0,102,,97255,24,,,0,31,,97247,21,,,0,172,,97258,29,,,0,44,,97256,24,,,0,151,,97257,24,,,0,31,,97248,21,,,0,167,,97259,29,,,0
900,'2_6',715,,97264,24,,,0,100,,97265,24,,,0,315,,97266,24,,,0,325,,97267,24,,,0,89,,97262,18,,,0,98,,97273,18,,,0,174,,97268,25,,,0,93,,97269,24,,,0
900,'4_1',708,,97275,21,,,0,28,,97276,21,,,0,81,,97280,27,,,0,21,,97281,18,,,0,4,,97282,28,,,0,84,,97277,21,,,0,90,,97283,28,,,0,189,,97285,24,,,0,102,,97286,24,,,0,31,,97278,21,,,0,172,,97289,29,,,0,44,,97287,24,,,0,151,,97288,24,,,0,31,,97279,21,,,0,167,,97290,29,,,0
900,'4_2',708,,97294,21,,,0,28,,97295,21,,,0,81,,97299,27,,,0,21,,97300,18,,,0,4,,97301,28,,,0,84,,97296,21,,,0,90,,97302,28,,,0,189,,97304,24,,,0,102,,97305,24,,,0,31,,97297,21,,,0,172,,97308,29,,,0,44,,97306,24,,,0,151,,97307,24,,,0,31,,97298,21,,,0,167,,97309,29,,,0
900,'4_4',708,,97313,21,,,0,28,,97314,21,,,0,81,,97318,27,,,0,21,,97319,18,,,0,4,,97320,28,,,0,84,,97315,21,,,0,90,,97321,28,,,0,189,,97323,24,,,0,102,,97324,24,,,0,31,,97316,21,,,0,172,,97327,29,,,0,44,,97325,24,,,0,151,,97326,24,,,0,31,,97317,21,,,0,167,,97328,29,,,0
900,'4_5',708,,97332,21,,,0,28,,97333,21,,,0,81,,97337,27,,,0,21,,97338,18,,,0,4,,97339,28,,,0,84,,97334,21,,,0,90,,97340,28,,,0,189,,97342,24,,,0,102,,97343,24,,,0,31,,97335,21,,,0,172,,97346,29,,,0,44,,97344,24,,,0,151,,97345,24,,,0,31,,97336,21,,,0,167,,97347,29,,,0
1900,'0_4',737,,98319,23,,,0,105,,98323,23,,,0,974,,98320,23,,,0
1900,'0_5',737,,98327,23,,,0,105,,98331,23,,,0,974,,98328,23,,,0
1900,'1_3',737,,98335,23,,,0,105,,98340,23,,,0,583,,98339,23,,,0,391,,98336,23,,,0
1900,'4_1',737,,98344,23,,,0,105,,98348,23,,,0,974,,98345,23,,,0
1900,'4_2',737,,98352,23,,,0,105,,98356,23,,,0,974,,98353,23,,,0
1900,'4_4',737,,98360,23,,,0,105,,98364,23,,,0,974,,98361,23,,,0
1900,'4_5',737,,98368,23,,,0,105,,98372,23,,,0,974,,98369,23,,,0
2600,'0_4',651,,98904,3,,,0,51,,98915,3,,,0,45,,98916,3,,,0,56,,98917,3,,,0,44,,98918,3,,,0,69,,98919,3,,,0,96,,98905,3,,,0,99,,98906,3,,,0,93,,98922,3,0,47,0,2,,98927,3,0,47,0,2,,98907,3,,,0,28,,98908,3,,,0,69,,98923,3,,,0,95,,98924,3,,,0,111,,98909,3,,,0,26,,98914,3,0,48,0,19,,98910,3,,,0,65,,98920,3,,,0,30,,98921,3,,,0,60,,98911,3,,,0,10,,98925,3,0,48,0,20,,98912,3,,,0,75,,98913,3,,,0,30,,98926,3,,,0
2600,'0_5',651,,98928,3,,,0,51,,98939,3,,,0,45,,98940,3,,,0,56,,98941,3,,,0,44,,98942,3,,,0,69,,98943,3,,,0,96,,98929,3,,,0,99,,98930,3,,,0,93,,98946,3,0,47,0,2,,98951,3,0,47,0,2,,98931,3,,,0,28,,98932,3,,,0,69,,98947,3,,,0,95,,98948,3,,,0,111,,98933,3,,,0,26,,98938,3,0,48,0,19,,98934,3,,,0,65,,98944,3,,,0,30,,98945,3,,,0,60,,98935,3,,,0,10,,98949,3,0,48,0,20,,98936,3,,,0,75,,98937,3,,,0,30,,98950,3,,,0
2600,'1_3',651,,98952,3,,,0,51,,98963,3,,,0,45,,98964,3,,,0,56,,98965,3,,,0,44,,98966,3,,,0,69,,98967,3,,,0,96,,98953,3,,,0,99,,98954,3,,,0,93,,98970,3,0,47,0,2,,98974,3,0,47,0,2,,98955,3,,,0,28,,98956,3,,,0,69,,98971,3,,,0,95,,98972,3,,,0,111,,98957,3,,,0,45,,98958,3,,,0,65,,98968,3,,,0,30,,98969,3,,,0,60,,98959,3,,,0,30,,98960,3,,,0,75,,98961,3,,,0,30,,98973,3,,,0
2600,'2_6',714,,98975,3,,,0,45,,98976,3,,,0,84,,98977,3,,,0,85,,98978,3,,,0,84,,98979,3,,,0,90,,98980,3,,,0,44,,98981,3,,,0,82,,98982,3,,,0,84,,98983,3,,,0,45,,98984,3,,,0,83,,98985,3,,,0,86,,98986,3,,,0,90,,98987,3,,,0,87,,98988,3,,,0,43,,98989,3,,,0,85,,98990,3,,,0,84,,98991,3,,,0
2600,'4_1',651,,98992,3,,,0,51,,99003,3,,,0,45,,99004,3,,,0,56,,99005,3,,,0,44,,99006,3,,,0,69,,99007,3,,,0,96,,98993,3,,,0,99,,98994,3,,,0,93,,99010,3,0,47,0,2,,99015,3,0,47,0,2,,98995,3,,,0,28,,98996,3,,,0,69,,99011,3,,,0,95,,99012,3,,,0,111,,98997,3,,,0,26,,99002,3,0,48,0,19,,98998,3,,,0,65,,99008,3,,,0,30,,99009,3,,,0,60,,98999,3,,,0,10,,99013,3,0,48,0,20,,99000,3,,,0,75,,99001,3,,,0,30,,99014,3,,,0
2600,'4_2',651,,99016,3,,,0,51,,99027,3,,,0,45,,99028,3,,,0,56,,99029,3,,,0,44,,99030,3,,,0,69,,99031,3,,,0,96,,99017,3,,,0,99,,99018,3,,,0,93,,99034,3,0,47,0,2,,99039,3,0,47,0,2,,99019,3,,,0,28,,99020,3,,,0,69,,99035,3,,,0,95,,99036,3,,,0,111,,99021,3,,,0,26,,99040,3,0,48,0,19,,99022,3,,,0,65,,99032,3,,,0,30,,99033,3,,,0,60,,99023,3,,,0,10,,99037,3,0,48,0,20,,99024,3,,,0,75,,99025,3,,,0,30,,99038,3,,,0
2600,'4_4',651,,99041,3,,,0,51,,99052,3,,,0,45,,99053,3,,,0,56,,99054,3,,,0,44,,99055,3,,,0,69,,99056,3,,,0,96,,99042,3,,,0,99,,99043,3,,,0,93,,99059,3,0,47,0,2,,99064,3,0,47,0,2,,99044,3,,,0,28,,99045,3,,,0,69,,99060,3,,,0,95,,99061,3,,,0,111,,99046,3,,,0,26,,99051,3,0,48,0,19,,99047,3,,,0,65,,99057,3,,,0,30,,99058,3,,,0,60,,99048,3,,,0,10,,99062,3,0,48,0,20,,99049,3,,,0,75,,99050,3,,,0,30,,99063,3,,,0
2600,'4_5',651,,99065,3,,,0,51,,99076,3,,,0,45,,99077,3,,,0,56,,99078,3,,,0,44,,99079,3,,,0,69,,99080,3,,,0,96,,99066,3,,,0,99,,99067,3,,,0,93,,99083,3,0,47,0,2,,99088,3,0,47,0,2,,99068,3,,,0,28,,99069,3,,,0,69,,99084,3,,,0,95,,99085,3,,,0,111,,99070,3,,,0,26,,99075,3,0,48,0,19,,99071,3,,,0,65,,99081,3,,,0,30,,99082,3,,,0,60,,99072,3,,,0,10,,99086,3,0,48,0,20,,99073,3,,,0,75,,99074,3,,,0,30,,99087,3,,,0
