400,'S2-0_2',924,,85877,9,0,40,0,303,,85898,9,0,40,0,124,,85886,9,0,40,0,104,,85887,9,0,40,0,165,,85888,9,0,40,0,119,,85890,9,0,40,0,164,,85893,9,0,40,0
400,'S2-0_4',924,,85911,9,0,40,0,303,,85932,9,0,40,0,124,,85920,9,0,40,0,104,,85921,9,0,40,0,165,,85922,9,0,40,0,119,,85924,9,0,40,0,164,,85927,9,0,40,0
400,'S2-0_5',924,,85945,9,0,40,0,303,,85966,9,0,40,0,124,,85954,9,0,40,0,104,,85955,9,0,40,0,165,,85956,9,0,40,0,119,,85958,9,0,40,0,164,,85961,9,0,40,0
400,'S2-1_3',924,,85979,9,0,40,0,303,,85999,9,0,40,0,124,,85988,9,0,40,0,104,,85989,9,0,40,0,165,,85990,9,0,40,0,119,,85992,9,0,40,0,164,,85995,9,0,40,0
400,'S2-2_6',826,,86007,9,0,40,0,198,,86008,9,0,40,0,200,,86009,9,0,40,0,201,,86010,9,0,40,0,202,,86011,9,0,40,0,209,,86012,9,0,40,0
400,'S2-3_7',807,,86031,9,0,40,0,125,,86032,9,0,40,0,125,,86033,9,0,40,0,200,,86034,9,0,40,0,165,,86035,9,0,40,0,125,,86036,9,0,40,0,166,,86037,9,0,40,0,125,,86038,9,0,40,0
400,'S2-4_1',924,,86044,9,0,40,0,303,,86065,9,0,40,0,124,,86053,9,0,40,0,104,,86054,9,0,40,0,165,,86055,9,0,40,0,119,,86057,9,0,40,0,164,,86060,9,0,40,0
400,'S2-4_2',924,,86078,9,0,40,0,303,,86099,9,0,40,0,124,,86087,9,0,40,0,104,,86088,9,0,40,0,165,,86089,9,0,40,0,119,,86091,9,0,40,0,164,,86094,9,0,40,0
400,'S2-4_4',924,,86112,9,0,40,0,303,,86133,9,0,40,0,124,,86121,9,0,40,0,104,,86122,9,0,40,0,165,,86123,9,0,40,0,119,,86125,9,0,40,0,164,,86128,9,0,40,0
2901200,'S2-0_2',643,,92560,9,,,0,104,,92559,9,,,0
2901200,'S2-0_4',643,,92562,9,,,0,104,,92561,9,,,0
2901200,'S2-0_5',643,,92564,9,,,0,104,,92563,9,,,0
2901200,'S2-1_3',643,,92566,9,,,0,104,,92565,9,,,0
2901200,'S2-4_1',643,,92568,9,,,0,104,,92567,9,,,0
2901200,'S2-4_2',643,,92570,9,,,0,104,,92569,9,,,0
2901200,'S2-4_4',643,,92572,9,,,0,104,,92571,9,,,0
