1100,'0_6',647,,67029,10,,,0,159,,67030,10,,,0,906,,67031,10,,,0,119,,67032,10,,,0
1100,'3_1',647,,67053,10,,,0,159,,67054,10,,,0,906,,67055,10,,,0,119,,67056,10,,,0
1100,'3_2',647,,73406,10,,,0,159,,73407,10,,,0,906,,73408,10,,,0,119,,73409,10,,,0
1100,'3_3',647,,67057,10,,,0,159,,67058,10,,,0,906,,67059,10,,,0,119,,67060,10,,,0
1100,'3_4',647,,67061,10,,,0,159,,67062,10,,,0,906,,67063,10,,,0,119,,67064,10,,,0
1100,'3_5',647,,67065,10,,,0,159,,67066,10,,,0,906,,67067,10,,,0,119,,67068,10,,,0
1100,'5_1',647,,74366,10,,,0,159,,74367,10,,,0,906,,74368,10,,,0,119,,74369,10,,,0
1100,'5_2',647,,76112,10,,,0,159,,76113,10,,,0,906,,76114,10,,,0,119,,76115,10,,,0
1100,'5_3',647,,76116,10,,,0,159,,76117,10,,,0,906,,76118,10,,,0,119,,76119,10,,,0
1100,'5_4',647,,76120,10,,,0,159,,76121,10,,,0,906,,76122,10,,,0,119,,76123,10,,,0
