500,'S2-0_2',654,,86408,5,,,0,159,,86396,5,,,0,105,,86397,5,,,0,100,,86398,5,,,0,105,,86399,5,,,0,101,,86400,5,,,0,84,,86401,5,,,0,94,,86402,5,,,0,100,,86403,5,,,0,102,,86404,5,,,0,106,,86405,5,,,0,103,,86410,5,,,0,100,,86406,5,,,0
500,'S2-0_4',654,,86423,5,,,0,159,,86411,5,,,0,105,,86412,5,,,0,100,,86413,5,,,0,105,,86414,5,,,0,101,,86415,5,,,0,84,,86416,5,,,0,94,,86417,5,,,0,100,,86418,5,,,0,102,,86419,5,,,0,106,,86420,5,,,0,103,,86425,5,,,0,100,,86421,5,,,0
500,'S2-0_5',654,,86438,5,,,0,159,,86426,5,,,0,105,,86427,5,,,0,100,,86428,5,,,0,105,,86429,5,,,0,101,,86430,5,,,0,84,,86431,5,,,0,94,,86432,5,,,0,100,,86433,5,,,0,102,,86434,5,,,0,106,,86435,5,,,0,103,,86440,5,,,0,100,,86436,5,,,0
500,'S2-1_3',654,,86453,5,,,0,159,,86441,5,,,0,105,,86442,5,,,0,100,,86443,5,,,0,105,,86444,5,,,0,101,,86445,5,,,0,84,,86446,5,,,0,94,,86447,5,,,0,100,,86448,5,,,0,102,,86449,5,,,0,106,,86450,5,,,0,103,,86455,5,,,0,100,,86451,5,,,0
500,'S2-2_6',713,,86467,5,,,0,99,,86456,5,,,0,99,,86457,5,,,0,100,,86458,5,,,0,100,,86459,5,,,0,97,,86460,5,,,0,98,,86461,5,,,0,100,,86462,5,,,0,99,,86463,5,,,0,100,,86464,5,,,0,100,,86465,5,,,0,154,,86466,5,,,0
500,'S2-4_1',654,,86480,5,,,0,159,,86468,5,,,0,105,,86469,5,,,0,100,,86470,5,,,0,105,,86471,5,,,0,101,,86472,5,,,0,84,,86473,5,,,0,94,,86474,5,,,0,100,,86475,5,,,0,102,,86476,5,,,0,106,,86477,5,,,0,103,,86482,5,,,0,100,,86478,5,,,0
500,'S2-4_2',654,,86495,5,,,0,159,,86483,5,,,0,105,,86484,5,,,0,100,,86485,5,,,0,105,,86486,5,,,0,101,,86487,5,,,0,84,,86488,5,,,0,94,,86489,5,,,0,100,,86490,5,,,0,102,,86491,5,,,0,106,,86492,5,,,0,103,,86497,5,,,0,100,,86493,5,,,0
500,'S2-4_4',654,,86510,5,,,0,159,,86498,5,,,0,105,,86499,5,,,0,100,,86500,5,,,0,105,,86501,5,,,0,101,,86502,5,,,0,84,,86503,5,,,0,94,,86504,5,,,0,100,,86505,5,,,0,102,,86506,5,,,0,106,,86507,5,,,0,103,,86512,5,,,0,100,,86508,5,,,0
2900500,'S2-0_2',647,,92474,5,,,0,106,,92475,5,,,0
2900500,'S2-0_4',647,,92476,5,,,0,106,,92477,5,,,0
2900500,'S2-0_5',647,,92478,5,,,0,106,,92479,5,,,0
2900500,'S2-1_3',647,,92480,5,,,0,106,,92481,5,,,0
2900500,'S2-4_1',647,,92482,5,,,0,106,,92483,5,,,0
2900500,'S2-4_2',647,,92484,5,,,0,106,,92485,5,,,0
2900500,'S2-4_4',647,,92486,5,,,0,106,,92487,5,,,0
