601,'S2-0_2',634,,86748,24,,,0,108,,86761,24,,,0,95,,86749,24,,,0,102,,86750,24,,,0,99,,86751,24,,,0,100,,86752,24,,,0,106,,86765,24,,,0,59,,86753,24,,,0,42,,86754,24,,,0,103,,86755,24,,,0,95,,86756,24,,,0,82,,86762,24,,,0,78,,86757,25,,,0,41,,86763,24,,,0,66,,86758,25,,,0,27,,86764,25,,,0,65,,86759,24,,,0,55,,86760,24,,,0
601,'S2-0_4',634,,86766,24,,,0,108,,86779,24,,,0,95,,86767,24,,,0,102,,86768,24,,,0,99,,86769,24,,,0,100,,86770,24,,,0,106,,86783,24,,,0,59,,86771,24,,,0,42,,86772,24,,,0,103,,86773,24,,,0,95,,86774,24,,,0,82,,86780,24,,,0,78,,86775,25,,,0,41,,86781,24,,,0,66,,86776,25,,,0,27,,86782,25,,,0,65,,86777,24,,,0,55,,86778,24,,,0
601,'S2-0_5',634,,86784,24,,,0,108,,86797,24,,,0,95,,86785,24,,,0,102,,86786,24,,,0,99,,86787,24,,,0,100,,86788,24,,,0,106,,86801,24,,,0,59,,86789,24,,,0,42,,86790,24,,,0,103,,86791,24,,,0,95,,86792,24,,,0,82,,86798,24,,,0,78,,86793,25,,,0,41,,86799,24,,,0,66,,86794,25,,,0,27,,86800,25,,,0,65,,86795,24,,,0,55,,86796,24,,,0
601,'S2-1_3',634,,86802,24,,,0,108,,86816,24,,,0,95,,86803,24,,,0,102,,86804,24,,,0,99,,86805,24,,,0,100,,86806,24,,,0,106,,86807,25,,,0,59,,86808,24,,,0,42,,86809,24,,,0,103,,86810,24,,,0,95,,86811,24,,,0,82,,86817,24,,,0,78,,86812,25,,,0,41,,86818,24,,,0,66,,86813,25,,,0,27,,86819,25,,,0,65,,86814,24,,,0,55,,86815,24,,,0
601,'S2-2_6',802,,86820,24,,,0,51,,86822,24,,,0,96,,86823,24,,,0,92,,86824,24,,,0,88,,86825,24,,,0,88,,86826,24,,,0,88,,86827,24,,,0,49,,86828,24,,,0,90,,86829,24,,,0,89,,86830,24,,,0,100,,86831,24,,,0,92,,86832,24,,,0,93,,86833,24,,,0,85,,86834,24,,,0,49,,86821,24,,,0
601,'S2-4_1',634,,86835,24,,,0,108,,86848,24,,,0,95,,86836,24,,,0,102,,86837,24,,,0,99,,86838,24,,,0,100,,86839,24,,,0,106,,86852,24,,,0,59,,86840,24,,,0,42,,86841,24,,,0,103,,86842,24,,,0,95,,86843,24,,,0,82,,86849,24,,,0,78,,86844,25,,,0,41,,86850,24,,,0,66,,86845,25,,,0,27,,86851,25,,,0,65,,86846,24,,,0,55,,86847,24,,,0
601,'S2-4_2',634,,86853,24,,,0,108,,86866,24,,,0,95,,86854,24,,,0,102,,86855,24,,,0,99,,86856,24,,,0,100,,86857,24,,,0,106,,86870,24,,,0,59,,86858,24,,,0,42,,86859,24,,,0,103,,86860,24,,,0,95,,86861,24,,,0,82,,86867,24,,,0,78,,86862,25,,,0,41,,86868,24,,,0,66,,86863,25,,,0,27,,86869,25,,,0,65,,86864,24,,,0,55,,86865,24,,,0
601,'S2-4_4',634,,86871,24,,,0,108,,86884,24,,,0,95,,86872,24,,,0,102,,86873,24,,,0,99,,86874,24,,,0,100,,86875,24,,,0,106,,86888,24,,,0,59,,86876,24,,,0,42,,86877,24,,,0,103,,86878,24,,,0,95,,86879,24,,,0,82,,86885,24,,,0,78,,86880,25,,,0,41,,86886,24,,,0,66,,86881,25,,,0,27,,86887,25,,,0,65,,86882,24,,,0,55,,86883,24,,,0
2900601,'S2-0_2',1753,,92517,6,,,0,99,,92518,6,,,0
2900601,'S2-0_4',1753,,92519,6,,,0,99,,92520,6,,,0
2900601,'S2-0_5',1753,,92521,6,,,0,99,,92522,6,,,0
2900601,'S2-1_3',1753,,92523,6,,,0,99,,92524,6,,,0
2900601,'S2-4_1',1753,,92525,6,,,0,99,,92526,6,,,0
2900601,'S2-4_2',1753,,92527,6,,,0,99,,92528,6,,,0
2900601,'S2-4_4',1753,,92529,6,,,0,99,,92530,6,,,0
