201,'0_6',716,,63681,20,0,20,0,5,,63705,20,0,62,0,25,,63693,8,0,21,0,69,,63682,20,0,21,0,25,,63694,8,0,62,0,66,,63706,20,0,20,0,25,,63683,20,0,20,0,20,,63695,8,0,21,0,55,,63707,20,0,62,0,31,,63684,20,0,20,0,19,,63696,8,0,21,0,60,,63708,20,0,64,0,25,,63685,20,0,20,0,62,,63697,8,0,62,0,23,,63709,20,0,20,0,25,,63686,20,0,21,0,58,,63698,8,0,62,0,20,,63710,20,0,20,0,25,,63687,20,0,21,0,57,,63699,8,0,62,0,25,,63711,20,0,20,0,65,,63688,20,0,62,0,18,,63700,8,0,21,0,22,,63712,20,0,20,0,62,,63689,20,0,62,0,16,,63701,8,0,21,0,24,,63713,20,0,20,0,64,,63690,20,0,21,0,18,,63702,8,0,62,0,20,,63714,20,0,20,0,65,,63691,20,0,21,0,21,,63703,8,0,20,0,20,,63715,20,0,62,0,60,,63692,20,0,21,0,15,,63704,8,0,62,0,15,,63716,20,0,21,0
201,'1_7',841,,63717,8,0,21,0,165,,63718,8,0,21,0,125,,63719,8,0,21,0,125,,63720,8,0,21,0,150,,63721,8,0,21,0,125,,63722,8,0,21,0,125,,63723,8,0,21,0,165,,63724,8,0,21,0
201,'5_1',716,,74058,20,0,20,0,5,,74082,20,0,62,0,25,,74070,8,0,21,0,69,,74059,20,0,21,0,25,,74071,8,0,62,0,66,,74083,20,0,20,0,25,,74060,20,0,20,0,20,,74072,8,0,21,0,55,,74084,20,0,62,0,31,,74061,20,0,20,0,19,,74073,8,0,21,0,60,,74085,20,0,64,0,25,,74062,20,0,20,0,62,,74074,8,0,62,0,23,,74086,20,0,20,0,25,,74063,20,0,21,0,58,,74075,8,0,62,0,20,,74087,20,0,20,0,25,,74064,20,0,21,0,57,,74076,8,0,62,0,25,,74088,20,0,20,0,65,,74065,20,0,62,0,18,,74077,8,0,21,0,22,,74089,20,0,20,0,62,,74066,20,0,62,0,16,,74078,8,0,21,0,24,,74090,20,0,20,0,64,,74067,20,0,21,0,18,,74079,8,0,62,0,20,,74091,20,0,20,0,65,,74068,20,0,21,0,21,,74080,8,0,20,0,20,,74092,20,0,62,0,60,,74069,20,0,21,0,15,,74081,8,0,62,0,15,,74093,20,0,21,0
201,'5_2',716,,75188,20,0,20,0,5,,75212,20,0,62,0,25,,75200,8,0,21,0,69,,75189,20,0,21,0,25,,75201,8,0,62,0,66,,75213,20,0,20,0,25,,75190,20,0,20,0,20,,75202,8,0,21,0,55,,75214,20,0,62,0,31,,75191,20,0,20,0,19,,75203,8,0,21,0,60,,75215,20,0,64,0,25,,75192,20,0,20,0,62,,75204,8,0,62,0,23,,75216,20,0,20,0,25,,75193,20,0,21,0,58,,75205,8,0,62,0,20,,75217,20,0,20,0,25,,75194,20,0,21,0,57,,75206,8,0,62,0,25,,75218,20,0,20,0,65,,75195,20,0,62,0,18,,75207,8,0,21,0,22,,75219,20,0,20,0,62,,75196,20,0,62,0,16,,75208,8,0,21,0,24,,75220,20,0,20,0,64,,75197,20,0,21,0,18,,75209,8,0,62,0,20,,75221,20,0,20,0,65,,75198,20,0,21,0,21,,75210,8,0,20,0,20,,75222,20,0,62,0,60,,75199,20,0,21,0,15,,75211,8,0,62,0,15,,75223,20,0,21,0
201,'5_3',716,,75224,20,0,20,0,5,,75248,20,0,62,0,25,,75236,8,0,21,0,69,,75225,20,0,21,0,25,,75237,8,0,62,0,66,,75249,20,0,20,0,25,,75226,20,0,20,0,20,,75238,8,0,21,0,55,,75250,20,0,62,0,31,,75227,20,0,20,0,19,,75239,8,0,21,0,60,,75251,20,0,64,0,25,,75228,20,0,20,0,62,,75240,8,0,62,0,23,,75252,20,0,20,0,25,,75229,20,0,21,0,58,,75241,8,0,62,0,20,,75253,20,0,20,0,25,,75230,20,0,21,0,57,,75242,8,0,62,0,25,,75254,20,0,20,0,65,,75231,20,0,62,0,18,,75243,8,0,21,0,22,,75255,20,0,20,0,62,,75232,20,0,62,0,16,,75244,8,0,21,0,24,,75256,20,0,20,0,64,,75233,20,0,21,0,18,,75245,8,0,62,0,20,,75257,20,0,20,0,65,,75234,20,0,21,0,21,,75246,8,0,20,0,20,,75258,20,0,62,0,60,,75235,20,0,21,0,15,,75247,8,0,62,0,15,,75259,20,0,21,0
201,'7_1',716,,80242,20,0,20,0,5,,80266,20,0,62,0,25,,80254,8,0,21,0,69,,80243,20,0,21,0,25,,80255,8,0,62,0,66,,80267,20,0,20,0,25,,80244,20,0,20,0,20,,80256,8,0,21,0,55,,80268,20,0,62,0,31,,80245,20,0,20,0,19,,80257,8,0,21,0,60,,80269,20,0,64,0,25,,80246,20,0,20,0,62,,80258,8,0,62,0,23,,80270,20,0,20,0,25,,80247,20,0,21,0,58,,80259,8,0,62,0,20,,80271,20,0,20,0,25,,80248,20,0,21,0,57,,80260,8,0,62,0,25,,80272,20,0,20,0,65,,80249,20,0,62,0,18,,80261,8,0,21,0,22,,80273,20,0,20,0,62,,80250,20,0,62,0,16,,80262,8,0,21,0,24,,80274,20,0,20,0,64,,80251,20,0,21,0,18,,80263,8,0,62,0,20,,80275,20,0,20,0,65,,80252,20,0,21,0,21,,80264,8,0,20,0,20,,80276,20,0,62,0,60,,80253,20,0,21,0,15,,80265,8,0,62,0,15,,80277,20,0,21,0
201,'7_2',716,,82178,20,0,20,0,5,,82202,20,0,62,0,25,,82190,8,0,21,0,69,,82179,20,0,21,0,25,,82191,8,0,62,0,66,,82203,20,0,20,0,25,,82180,20,0,20,0,20,,82192,8,0,21,0,55,,82204,20,0,62,0,31,,82181,20,0,20,0,19,,82193,8,0,21,0,60,,82205,20,0,64,0,25,,82182,20,0,20,0,62,,82194,8,0,62,0,23,,82206,20,0,20,0,25,,82183,20,0,21,0,58,,82195,8,0,62,0,20,,82207,20,0,20,0,25,,82184,20,0,21,0,57,,82196,8,0,62,0,25,,82208,20,0,20,0,65,,82185,20,0,62,0,18,,82197,8,0,21,0,22,,82209,20,0,20,0,62,,82186,20,0,62,0,16,,82198,8,0,21,0,24,,82210,20,0,20,0,64,,82187,20,0,21,0,18,,82199,8,0,62,0,20,,82211,20,0,20,0,65,,82188,20,0,21,0,21,,82200,8,0,20,0,20,,82212,20,0,62,0,60,,82189,20,0,21,0,15,,82201,8,0,62,0,15,,82213,20,0,21,0
201,'7_3',716,,82214,20,0,20,0,5,,82238,20,0,62,0,25,,82226,8,0,21,0,69,,82215,20,0,21,0,25,,82227,8,0,62,0,66,,82239,20,0,20,0,25,,82216,20,0,20,0,20,,82228,8,0,21,0,55,,82240,20,0,62,0,31,,82217,20,0,20,0,19,,82229,8,0,21,0,60,,82241,20,0,64,0,25,,82218,20,0,20,0,62,,82230,8,0,62,0,23,,82242,20,0,20,0,25,,82219,20,0,21,0,58,,82231,8,0,62,0,20,,82243,20,0,20,0,25,,82220,20,0,21,0,57,,82232,8,0,62,0,25,,82244,20,0,20,0,65,,82221,20,0,62,0,18,,82233,8,0,21,0,22,,82245,20,0,20,0,62,,82222,20,0,62,0,16,,82234,8,0,21,0,24,,82246,20,0,20,0,64,,82223,20,0,21,0,18,,82235,8,0,62,0,20,,82247,20,0,20,0,65,,82224,20,0,21,0,21,,82236,8,0,20,0,20,,82248,20,0,62,0,60,,82225,20,0,21,0,15,,82237,8,0,62,0,15,,82249,20,0,21,0
201,'7_4',716,,79197,20,0,20,0,5,,79221,20,0,62,0,25,,79209,8,0,21,0,69,,79198,20,0,21,0,25,,79210,8,0,62,0,66,,79222,20,0,20,0,25,,79199,20,0,20,0,20,,79211,8,0,21,0,55,,79223,20,0,62,0,31,,79200,20,0,20,0,19,,79212,8,0,21,0,60,,79224,20,0,64,0,25,,79201,20,0,20,0,62,,79213,8,0,62,0,23,,79225,20,0,20,0,25,,79202,20,0,21,0,58,,79214,8,0,62,0,20,,79226,20,0,20,0,25,,79203,20,0,21,0,57,,79215,8,0,62,0,25,,79227,20,0,20,0,65,,79204,20,0,62,0,18,,79216,8,0,21,0,22,,79228,20,0,20,0,62,,79205,20,0,62,0,16,,79217,8,0,21,0,24,,79229,20,0,20,0,64,,79206,20,0,21,0,18,,79218,8,0,62,0,20,,79230,20,0,20,0,65,,79207,20,0,21,0,21,,79219,8,0,20,0,20,,79231,20,0,62,0,60,,79208,20,0,21,0,15,,79220,8,0,62,0,15,,79232,20,0,21,0
201,'7_5',716,,80278,20,0,20,0,5,,80302,20,0,62,0,25,,80290,8,0,21,0,69,,80279,20,0,21,0,25,,80291,8,0,62,0,66,,80303,20,0,20,0,25,,80280,20,0,20,0,20,,80292,8,0,21,0,55,,80304,20,0,62,0,31,,80281,20,0,20,0,19,,80293,8,0,21,0,60,,80305,20,0,64,0,25,,80282,20,0,20,0,62,,80294,8,0,62,0,23,,80306,20,0,20,0,25,,80283,20,0,21,0,58,,80295,8,0,62,0,20,,80307,20,0,20,0,25,,80284,20,0,21,0,57,,80296,8,0,62,0,25,,80308,20,0,20,0,65,,80285,20,0,62,0,18,,80297,8,0,21,0,22,,80309,20,0,20,0,62,,80286,20,0,62,0,16,,80298,8,0,21,0,24,,80310,20,0,20,0,64,,80287,20,0,21,0,18,,80299,8,0,62,0,20,,80311,20,0,20,0,65,,80288,20,0,21,0,21,,80300,8,0,20,0,20,,80312,20,0,62,0,60,,80289,20,0,21,0,15,,80301,8,0,62,0,15,,80313,20,0,21,0
701,'0_6',716,,66147,14,,,0,110,,66148,14,,,0,111,,66149,14,,,0,110,,66150,14,,,0,110,,66151,14,,,0,150,,66152,14,,,0,109,,66153,14,,,0,111,,66154,14,,,0,110,,66155,14,,,0,110,,66145,14,,,0,110,,66146,14,,,0
701,'5_1',716,,74279,14,,,0,110,,74280,14,,,0,110,,74281,14,,,0,110,,74282,14,,,0,111,,74283,14,,,0,150,,74284,14,,,0,109,,74285,14,,,0,110,,74286,14,,,0,110,,74287,14,,,0,110,,74288,14,,,0,111,,74289,14,,,0
701,'5_2',716,,75851,14,,,0,110,,75852,14,,,0,110,,75853,14,,,0,110,,75854,14,,,0,111,,75855,14,,,0,150,,75856,14,,,0,109,,75857,14,,,0,110,,75858,14,,,0,110,,75859,14,,,0,110,,75860,14,,,0,111,,75861,14,,,0
701,'5_3',716,,75862,14,,,0,110,,75863,14,,,0,110,,75864,14,,,0,110,,75865,14,,,0,111,,75866,14,,,0,150,,75867,14,,,0,109,,75868,14,,,0,110,,75869,14,,,0,110,,75870,14,,,0,110,,75871,14,,,0,111,,75872,14,,,0
701,'7_1',716,,80699,14,,,0,110,,80700,14,,,0,110,,80701,14,,,0,110,,80702,14,,,0,111,,80703,14,,,0,150,,80704,14,,,0,109,,80705,14,,,0,110,,80706,14,,,0,110,,80707,14,,,0,110,,80708,14,,,0,111,,80709,14,,,0
701,'7_2',716,,82620,14,,,0,110,,82621,14,,,0,110,,82622,14,,,0,110,,82623,14,,,0,111,,82624,14,,,0,150,,82625,14,,,0,109,,82626,14,,,0,110,,82627,14,,,0,110,,82628,14,,,0,110,,82629,14,,,0,111,,82630,14,,,0
701,'7_3',716,,82631,14,,,0,110,,82632,14,,,0,110,,82633,14,,,0,110,,82634,14,,,0,111,,82635,14,,,0,150,,82636,14,,,0,109,,82637,14,,,0,110,,82638,14,,,0,110,,82639,14,,,0,110,,82640,14,,,0,111,,82641,14,,,0
701,'7_4',716,,79418,14,,,0,110,,79419,14,,,0,110,,79420,14,,,0,110,,79421,14,,,0,111,,79422,14,,,0,150,,79423,14,,,0,109,,79424,14,,,0,110,,79425,14,,,0,110,,79426,14,,,0,110,,79427,14,,,0,111,,79428,14,,,0
701,'7_5',716,,80710,14,,,0,110,,80711,14,,,0,110,,80712,14,,,0,110,,80713,14,,,0,111,,80714,14,,,0,150,,80715,14,,,0,109,,80716,14,,,0,110,,80717,14,,,0,110,,80718,14,,,0,110,,80719,14,,,0,111,,80720,14,,,0
1501,'0_6',714,,67220,22,,,0,19,,67221,22,,,0,94,,67222,22,,,0,21,,67223,22,,,0,158,,67224,22,,,0,116,,67225,22,,,0,117,,67226,22,,,0,95,,67227,22,,,0,118,,67228,22,,,0,99,,67219,10,,,0,167,,67229,22,,,0,107,,67230,22,,,0,93,,67231,22,,,0
1501,'5_1',714,,74386,22,,,0,19,,74387,22,,,0,94,,74388,22,,,0,21,,74389,22,,,0,158,,74390,22,,,0,116,,74391,22,,,0,117,,74392,22,,,0,95,,74393,22,,,0,118,,74394,22,,,0,99,,74385,10,,,0,167,,74395,22,,,0,107,,74396,22,,,0,93,,74397,22,,,0
1501,'5_2',714,,76170,22,,,0,19,,76171,22,,,0,94,,76172,22,,,0,21,,76173,22,,,0,158,,76174,22,,,0,116,,76175,22,,,0,117,,76176,22,,,0,95,,76177,22,,,0,118,,76178,22,,,0,99,,76169,10,,,0,167,,76179,22,,,0,107,,76180,22,,,0,93,,76181,22,,,0
1501,'5_3',714,,76183,22,,,0,19,,76184,22,,,0,94,,76185,22,,,0,21,,76186,22,,,0,158,,76187,22,,,0,116,,76188,22,,,0,117,,76189,22,,,0,95,,76190,22,,,0,118,,76191,22,,,0,99,,76182,10,,,0,167,,76192,22,,,0,107,,76193,22,,,0,93,,76194,22,,,0
1501,'7_1',714,,80912,22,,,0,19,,80913,22,,,0,94,,80914,22,,,0,21,,80915,22,,,0,158,,80916,22,,,0,116,,80917,22,,,0,117,,80918,22,,,0,95,,80919,22,,,0,118,,80920,22,,,0,99,,80911,10,,,0,167,,80921,22,,,0,107,,80922,22,,,0,93,,80923,22,,,0
1501,'7_2',714,,82833,22,,,0,19,,82834,22,,,0,94,,82835,22,,,0,21,,82836,22,,,0,158,,82837,22,,,0,116,,82838,22,,,0,117,,82839,22,,,0,95,,82840,22,,,0,118,,82841,22,,,0,99,,82832,10,,,0,167,,82842,22,,,0,107,,82843,22,,,0,93,,82844,22,,,0
1501,'7_3',714,,82846,22,,,0,19,,82847,22,,,0,94,,82848,22,,,0,21,,82849,22,,,0,158,,82850,22,,,0,116,,82851,22,,,0,117,,82852,22,,,0,95,,82853,22,,,0,118,,82854,22,,,0,99,,82845,10,,,0,167,,82855,22,,,0,107,,82856,22,,,0,93,,82857,22,,,0
1501,'7_4',714,,79525,22,,,0,19,,79526,22,,,0,94,,79527,22,,,0,21,,79528,22,,,0,158,,79529,22,,,0,116,,79530,22,,,0,117,,79531,22,,,0,95,,79532,22,,,0,118,,79533,22,,,0,99,,79524,10,,,0,167,,79534,22,,,0,107,,79535,22,,,0,93,,79536,22,,,0
1501,'7_5',714,,80925,22,,,0,19,,80926,22,,,0,94,,80927,22,,,0,21,,80928,22,,,0,158,,80929,22,,,0,116,,80930,22,,,0,117,,80931,22,,,0,95,,80932,22,,,0,118,,80933,22,,,0,99,,80924,10,,,0,167,,80934,22,,,0,107,,80935,22,,,0,93,,80936,22,,,0
1000001,'0_6',539,,69463,8,,,0,79,,69464,8,,,0,82,,69465,8,,,0,43,,69466,14,,,0,15,,69472,8,,,0,54,,69473,8,,,0,14,,69474,14,,,0,15,,69475,8,,,0,15,,69476,8,,,0,56,,69477,14,,,0,15,,69478,8,,,0,15,,69479,8,,,0,15,,69480,14,,,0,56,,69481,8,,,0,16,,69482,8,,,0,16,,69483,14,,,0,55,,69484,8,,,0,16,,69485,14,,,0,16,,69486,8,,,0,16,,69487,8,,,0,56,,69488,14,,,0,15,,69489,8,,,0,15,,69490,8,,,0,15,,69491,14,,,0,55,,69492,8,,,0,15,,69493,8,,,0,15,,69494,14,,,0,16,,69495,8,,,0,55,,69496,14,,,0,16,,69497,8,,,0,16,,69498,8,,,0,16,,69499,14,,,0,56,,69500,8,,,0,16,,69501,8,,,0,16,,69502,14,,,0,16,,69503,8,,,0,56,,69504,8,,,0,16,,69505,14,,,0,16,,69506,8,,,0,55,,69507,14,,,0,16,,69508,8,,,0,16,,69509,8,,,0,16,,69510,14,,,0,56,,69512,8,,,0,16,,69514,8,,,0,16,,69513,14,,,0,15,,69511,8,,,0,56,,69471,14,,,0,20,,69470,8,,,0,20,,69468,8,,,0,61,,69461,8,,,0,18,,69459,8,,,0,20,,69462,8,,,0,60,,69469,8,,,0,20,,69467,8,,,0,21,,69460,8,,,0
1000001,'1_7',807,,69515,8,,,0,40,,69516,8,,,0,80,,69517,8,,,0,80,,69518,8,,,0,40,,69519,8,,,0,80,,69520,8,,,0,80,,69521,8,,,0,40,,69522,8,,,0,80,,69523,8,,,0,80,,69524,8,,,0,40,,69525,8,,,0,80,,69526,8,,,0,80,,69527,8,,,0,40,,69528,8,,,0,80,,69529,8,,,0,80,,69530,8,,,0,40,,69531,8,,,0,80,,69532,8,,,0
1000001,'5_1',542,,74596,8,,,0,17,,74611,8,,,0,55,,74610,8,,,0,15,,74609,8,,,0,14,,74608,8,,,0,15,,74607,8,,,0,54,,74599,8,,,0,15,,74597,14,,,0,14,,74600,14,,,0,15,,74601,14,,,0,54,,74602,14,,,0,15,,74603,14,,,0,16,,74604,14,,,0,14,,74605,14,,,0,55,,74606,14,,,0,15,,74612,8,,,0,15,,74631,14,,,0,16,,74613,8,,,0,56,,74632,14,,,0,15,,74614,8,,,0,16,,74633,14,,,0,16,,74615,8,,,0,56,,74634,14,,,0,16,,74616,8,,,0,16,,74635,14,,,0,56,,74617,8,,,0,15,,74636,14,,,0,16,,74618,8,,,0,15,,74637,14,,,0,56,,74619,8,,,0,15,,74638,14,,,0,16,,74620,8,,,0,15,,74639,14,,,0,56,,74621,8,,,0,16,,74640,14,,,0,16,,74622,8,,,0,15,,74641,14,,,0,54,,74623,8,,,0,14,,74642,14,,,0,14,,74624,8,,,0,14,,74643,14,,,0,54,,74625,8,,,0,15,,74644,14,,,0,14,,74626,14,,,0,14,,74645,14,,,0,54,,74627,14,,,0,15,,74646,14,,,0,15,,74628,14,,,0,15,,74647,14,,,0,55,,74629,14,,,0,15,,74648,14,,,0,15,,74630,14,,,0,14,,74598,14,,,0,58,,74649,14,,,0,19,,74654,8,,,0,20,,74650,14,,,0,61,,74655,8,,,0,19,,74651,8,,,0,19,,74656,8,,,0,60,,74652,8,,,0,20,,74657,8,,,0,21,,74653,8,,,0
1000001,'5_2',542,,76802,8,,,0,17,,76817,8,,,0,55,,76816,8,,,0,15,,76815,8,,,0,14,,76814,8,,,0,15,,76813,8,,,0,54,,76805,8,,,0,15,,76803,14,,,0,14,,76806,14,,,0,15,,76807,14,,,0,54,,76808,14,,,0,15,,76809,14,,,0,16,,76810,14,,,0,14,,76811,14,,,0,55,,76812,14,,,0,15,,76818,8,,,0,15,,76837,14,,,0,16,,76819,8,,,0,56,,76838,14,,,0,15,,76820,8,,,0,16,,76839,14,,,0,16,,76821,8,,,0,56,,76840,14,,,0,16,,76822,8,,,0,16,,76841,14,,,0,56,,76823,8,,,0,15,,76842,14,,,0,16,,76824,8,,,0,15,,76843,14,,,0,56,,76825,8,,,0,15,,76844,14,,,0,16,,76826,8,,,0,15,,76845,14,,,0,56,,76827,8,,,0,16,,76846,14,,,0,16,,76828,8,,,0,15,,76847,14,,,0,54,,76829,8,,,0,14,,76848,14,,,0,14,,76830,8,,,0,14,,76849,14,,,0,54,,76831,8,,,0,15,,76850,14,,,0,14,,76832,14,,,0,14,,76851,14,,,0,54,,76833,14,,,0,15,,76852,14,,,0,15,,76834,14,,,0,15,,76853,14,,,0,55,,76835,14,,,0,15,,76854,14,,,0,15,,76836,14,,,0,14,,76804,14,,,0,58,,76855,14,,,0,19,,76860,8,,,0,20,,76856,14,,,0,61,,76861,8,,,0,19,,76857,8,,,0,19,,76862,8,,,0,60,,76858,8,,,0,20,,76863,8,,,0,21,,76859,8,,,0
1000001,'5_3',542,,76864,8,,,0,17,,76879,8,,,0,55,,76878,8,,,0,15,,76877,8,,,0,14,,76876,8,,,0,15,,76875,8,,,0,54,,76867,8,,,0,15,,76865,14,,,0,14,,76868,14,,,0,15,,76869,14,,,0,54,,76870,14,,,0,15,,76871,14,,,0,16,,76872,14,,,0,14,,76873,14,,,0,55,,76874,14,,,0,15,,76880,8,,,0,15,,76899,14,,,0,16,,76881,8,,,0,56,,76900,14,,,0,15,,76882,8,,,0,16,,76901,14,,,0,16,,76883,8,,,0,56,,76902,14,,,0,16,,76884,8,,,0,16,,76903,14,,,0,56,,76885,8,,,0,15,,76904,14,,,0,16,,76886,8,,,0,15,,76905,14,,,0,56,,76887,8,,,0,15,,76906,14,,,0,16,,76888,8,,,0,15,,76907,14,,,0,56,,76889,8,,,0,16,,76908,14,,,0,16,,76890,8,,,0,15,,76909,14,,,0,54,,76891,8,,,0,14,,76910,14,,,0,14,,76892,8,,,0,14,,76911,14,,,0,54,,76893,8,,,0,15,,76912,14,,,0,14,,76894,14,,,0,14,,76913,14,,,0,54,,76895,14,,,0,15,,76914,14,,,0,15,,76896,14,,,0,15,,76915,14,,,0,55,,76897,14,,,0,15,,76916,14,,,0,15,,76898,14,,,0,14,,76866,14,,,0,58,,76917,14,,,0,19,,76922,8,,,0,20,,76918,14,,,0,61,,76923,8,,,0,19,,76919,8,,,0,19,,76924,8,,,0,60,,76920,8,,,0,20,,76925,8,,,0,21,,76921,8,,,0
1000001,'7_1',542,,81334,8,,,0,17,,81349,8,,,0,55,,81348,8,,,0,15,,81347,8,,,0,14,,81346,8,,,0,15,,81345,8,,,0,54,,81337,8,,,0,15,,81335,14,,,0,14,,81338,14,,,0,15,,81339,14,,,0,54,,81340,14,,,0,15,,81341,14,,,0,16,,81342,14,,,0,14,,81343,14,,,0,55,,81344,14,,,0,15,,81350,8,,,0,15,,81369,14,,,0,16,,81351,8,,,0,56,,81370,14,,,0,15,,81352,8,,,0,16,,81371,14,,,0,16,,81353,8,,,0,56,,81372,14,,,0,16,,81354,8,,,0,16,,81373,14,,,0,56,,81355,8,,,0,15,,81374,14,,,0,16,,81356,8,,,0,15,,81375,14,,,0,56,,81357,8,,,0,15,,81376,14,,,0,16,,81358,8,,,0,15,,81377,14,,,0,56,,81359,8,,,0,16,,81378,14,,,0,16,,81360,8,,,0,15,,81379,14,,,0,54,,81361,8,,,0,14,,81380,14,,,0,14,,81362,8,,,0,14,,81381,14,,,0,54,,81363,8,,,0,15,,81382,14,,,0,14,,81364,14,,,0,14,,81383,14,,,0,54,,81365,14,,,0,15,,81384,14,,,0,15,,81366,14,,,0,15,,81385,14,,,0,55,,81367,14,,,0,15,,81386,14,,,0,15,,81368,14,,,0,14,,81336,14,,,0,58,,81387,14,,,0,19,,81392,8,,,0,20,,81388,14,,,0,61,,81393,8,,,0,19,,81389,8,,,0,19,,81394,8,,,0,60,,81390,8,,,0,20,,81395,8,,,0,21,,81391,8,,,0
1000001,'7_2',542,,83254,8,,,0,17,,83269,8,,,0,55,,83268,8,,,0,15,,83267,8,,,0,14,,83266,8,,,0,15,,83265,8,,,0,54,,83257,8,,,0,15,,83255,14,,,0,14,,83258,14,,,0,15,,83259,14,,,0,54,,83260,14,,,0,15,,83261,14,,,0,16,,83262,14,,,0,14,,83263,14,,,0,55,,83264,14,,,0,15,,83270,8,,,0,15,,83289,14,,,0,16,,83271,8,,,0,56,,83290,14,,,0,15,,83272,8,,,0,16,,83291,14,,,0,16,,83273,8,,,0,56,,83292,14,,,0,16,,83274,8,,,0,16,,83293,14,,,0,56,,83275,8,,,0,15,,83294,14,,,0,16,,83276,8,,,0,15,,83295,14,,,0,56,,83277,8,,,0,15,,83296,14,,,0,16,,83278,8,,,0,15,,83297,14,,,0,56,,83279,8,,,0,16,,83298,14,,,0,16,,83280,8,,,0,15,,83299,14,,,0,54,,83281,8,,,0,14,,83300,14,,,0,14,,83282,8,,,0,14,,83301,14,,,0,54,,83283,8,,,0,15,,83302,14,,,0,14,,83284,14,,,0,14,,83303,14,,,0,54,,83285,14,,,0,15,,83304,14,,,0,15,,83286,14,,,0,15,,83305,14,,,0,55,,83287,14,,,0,15,,83306,14,,,0,15,,83288,14,,,0,14,,83256,14,,,0,58,,83307,14,,,0,19,,83312,8,,,0,20,,83308,14,,,0,61,,83313,8,,,0,19,,83309,8,,,0,19,,83314,8,,,0,60,,83310,8,,,0,20,,83315,8,,,0,21,,83311,8,,,0
1000001,'7_3',542,,83316,8,,,0,17,,83331,8,,,0,55,,83330,8,,,0,15,,83329,8,,,0,14,,83328,8,,,0,15,,83327,8,,,0,54,,83319,8,,,0,15,,83317,14,,,0,14,,83320,14,,,0,15,,83321,14,,,0,54,,83322,14,,,0,15,,83323,14,,,0,16,,83324,14,,,0,14,,83325,14,,,0,55,,83326,14,,,0,15,,83332,8,,,0,15,,83351,14,,,0,16,,83333,8,,,0,56,,83352,14,,,0,15,,83334,8,,,0,16,,83353,14,,,0,16,,83335,8,,,0,56,,83354,14,,,0,16,,83336,8,,,0,16,,83355,14,,,0,56,,83337,8,,,0,15,,83356,14,,,0,16,,83338,8,,,0,15,,83357,14,,,0,56,,83339,8,,,0,15,,83358,14,,,0,16,,83340,8,,,0,15,,83359,14,,,0,56,,83341,8,,,0,16,,83360,14,,,0,16,,83342,8,,,0,15,,83361,14,,,0,54,,83343,8,,,0,14,,83362,14,,,0,14,,83344,8,,,0,14,,83363,14,,,0,54,,83345,8,,,0,15,,83364,14,,,0,14,,83346,14,,,0,14,,83365,14,,,0,54,,83347,14,,,0,15,,83366,14,,,0,15,,83348,14,,,0,15,,83367,14,,,0,55,,83349,14,,,0,15,,83368,14,,,0,15,,83350,14,,,0,14,,83318,14,,,0,58,,83369,14,,,0,19,,83374,8,,,0,20,,83370,14,,,0,61,,83375,8,,,0,19,,83371,8,,,0,19,,83376,8,,,0,60,,83372,8,,,0,20,,83377,8,,,0,21,,83373,8,,,0
1000001,'7_4',542,,79735,8,,,0,17,,79750,8,,,0,55,,79749,8,,,0,15,,79748,8,,,0,14,,79747,8,,,0,15,,79746,8,,,0,54,,79738,8,,,0,15,,79736,14,,,0,14,,79739,14,,,0,15,,79740,14,,,0,54,,79741,14,,,0,15,,79742,14,,,0,16,,79743,14,,,0,14,,79744,14,,,0,55,,79745,14,,,0,15,,79751,8,,,0,15,,79770,14,,,0,16,,79752,8,,,0,56,,79771,14,,,0,15,,79753,8,,,0,16,,79772,14,,,0,16,,79754,8,,,0,56,,79773,14,,,0,16,,79755,8,,,0,16,,79774,14,,,0,56,,79756,8,,,0,15,,79775,14,,,0,16,,79757,8,,,0,15,,79776,14,,,0,56,,79758,8,,,0,15,,79777,14,,,0,16,,79759,8,,,0,15,,79778,14,,,0,56,,79760,8,,,0,16,,79779,14,,,0,16,,79761,8,,,0,15,,79780,14,,,0,54,,79762,8,,,0,14,,79781,14,,,0,14,,79763,8,,,0,14,,79782,14,,,0,54,,79764,8,,,0,15,,79783,14,,,0,14,,79765,14,,,0,14,,79784,14,,,0,54,,79766,14,,,0,15,,79785,14,,,0,15,,79767,14,,,0,15,,79786,14,,,0,55,,79768,14,,,0,15,,79787,14,,,0,15,,79769,14,,,0,14,,79737,14,,,0,58,,79788,14,,,0,19,,79793,8,,,0,20,,79789,14,,,0,61,,79794,8,,,0,19,,79790,8,,,0,19,,79795,8,,,0,60,,79791,8,,,0,20,,79796,8,,,0,21,,79792,8,,,0
1000001,'7_5',542,,81396,8,,,0,17,,81411,8,,,0,55,,81410,8,,,0,15,,81409,8,,,0,14,,81408,8,,,0,15,,81407,8,,,0,54,,81399,8,,,0,15,,81397,14,,,0,14,,81400,14,,,0,15,,81401,14,,,0,54,,81402,14,,,0,15,,81403,14,,,0,16,,81404,14,,,0,14,,81405,14,,,0,55,,81406,14,,,0,15,,81412,8,,,0,15,,81431,14,,,0,16,,81413,8,,,0,56,,81432,14,,,0,15,,81414,8,,,0,16,,81433,14,,,0,16,,81415,8,,,0,56,,81434,14,,,0,16,,81416,8,,,0,16,,81435,14,,,0,56,,81417,8,,,0,15,,81436,14,,,0,16,,81418,8,,,0,15,,81437,14,,,0,56,,81419,8,,,0,15,,81438,14,,,0,16,,81420,8,,,0,15,,81439,14,,,0,56,,81421,8,,,0,16,,81440,14,,,0,16,,81422,8,,,0,15,,81441,14,,,0,54,,81423,8,,,0,14,,81442,14,,,0,14,,81424,8,,,0,14,,81443,14,,,0,54,,81425,8,,,0,15,,81444,14,,,0,14,,81426,14,,,0,14,,81445,14,,,0,54,,81427,14,,,0,15,,81446,14,,,0,15,,81428,14,,,0,15,,81447,14,,,0,55,,81429,14,,,0,15,,81448,14,,,0,15,,81430,14,,,0,14,,81398,14,,,0,58,,81449,14,,,0,19,,81454,8,,,0,20,,81450,14,,,0,61,,81455,8,,,0,19,,81451,8,,,0,19,,81456,8,,,0,60,,81452,8,,,0,20,,81457,8,,,0,21,,81453,8,,,0
