701,'1_3',709,,96964,9,,,0,110,,96965,9,,,0,110,,96966,9,,,0,110,,96967,9,,,0,111,,96968,9,,,0,150,,96969,9,,,0,109,,96970,9,,,0,108,,96971,9,,,0,110,,96972,9,,,0,110,,96973,9,,,0,113,,96974,9,,,0
701,'2_6',709,,96977,9,,,0,110,,96978,9,,,0,111,,96979,9,,,0,110,,96980,9,,,0,111,,96981,9,,,0,149,,96982,9,,,0,110,,96983,9,,,0,111,,96984,9,,,0,109,,96985,9,,,0,110,,96975,9,,,0,111,,96976,9,,,0
701,'4_1',709,,96986,9,,,0,110,,96987,9,,,0,110,,96988,9,,,0,110,,96989,9,,,0,111,,96990,9,,,0,150,,96991,9,,,0,109,,96992,9,,,0,108,,96993,9,,,0,110,,96994,9,,,0,110,,96995,9,,,0,113,,96996,9,,,0
701,'4_2',709,,96997,9,,,0,110,,96998,9,,,0,110,,96999,9,,,0,110,,97000,9,,,0,111,,97001,9,,,0,150,,97002,9,,,0,109,,97003,9,,,0,108,,97004,9,,,0,110,,97005,9,,,0,110,,97006,9,,,0,113,,97007,9,,,0
701,'4_4',709,,97008,9,,,0,110,,97009,9,,,0,110,,97010,9,,,0,110,,97011,9,,,0,111,,97012,9,,,0,150,,97013,9,,,0,109,,97014,9,,,0,108,,97015,9,,,0,110,,97016,9,,,0,110,,97017,9,,,0,113,,97018,9,,,0
701,'4_5',709,,97019,9,,,0,110,,97020,9,,,0,110,,97021,9,,,0,110,,97022,9,,,0,111,,97023,9,,,0,150,,97024,9,,,0,109,,97025,9,,,0,108,,97026,9,,,0,110,,97027,9,,,0,110,,97028,9,,,0,113,,97029,9,,,0
2401,'1_3',733,,98689,13,0,18 19,0
2401,'4_1',733,,98690,13,0,18 19,0,895,,98691,11,,,0,104,,98692,11,,,0
2401,'4_2',733,,98693,13,0,18 19,0,895,,98694,11,,,0,104,,98695,11,,,0
2401,'4_4',733,,98696,13,0,18 19,0,895,,98697,11,,,0,104,,98698,11,,,0
2401,'4_5',733,,98699,13,0,18 19,0,895,,98700,11,,,0,104,,98701,11,,,0
