601,'S2-0_2',637,,86748,26,,,0,108,,86761,26,,,0,95,,86749,26,,,0,102,,86750,26,,,0,99,,86751,26,,,0,100,,86752,26,,,0,106,,86765,26,,,0,59,,86753,26,,,0,42,,86754,26,,,0,103,,86755,26,,,0,95,,86756,26,,,0,82,,86762,26,,,0,79,,86757,27,,,0,40,,86763,26,,,0,66,,86758,27,,,0,27,,86764,27,,,0,65,,86759,26,,,0,95,,86760,26,,,0
601,'S2-0_4',637,,86766,26,,,0,108,,86779,26,,,0,95,,86767,26,,,0,102,,86768,26,,,0,99,,86769,26,,,0,100,,86770,26,,,0,106,,86783,26,,,0,59,,86771,26,,,0,42,,86772,26,,,0,103,,86773,26,,,0,95,,86774,26,,,0,82,,86780,26,,,0,79,,86775,27,,,0,40,,86781,26,,,0,66,,86776,27,,,0,27,,86782,27,,,0,65,,86777,26,,,0,95,,86778,26,,,0
601,'S2-0_5',637,,86784,26,,,0,108,,86797,26,,,0,95,,86785,26,,,0,102,,86786,26,,,0,99,,86787,26,,,0,100,,86788,26,,,0,106,,86801,26,,,0,59,,86789,26,,,0,42,,86790,26,,,0,103,,86791,26,,,0,95,,86792,26,,,0,82,,86798,26,,,0,79,,86793,27,,,0,40,,86799,26,,,0,66,,86794,27,,,0,27,,86800,27,,,0,65,,86795,26,,,0,95,,86796,26,,,0
601,'S2-1_3',637,,86802,26,,,0,108,,86816,26,,,0,95,,86803,26,,,0,102,,86804,26,,,0,99,,86805,26,,,0,100,,86806,26,,,0,106,,86807,27,,,0,59,,86808,26,,,0,42,,86809,26,,,0,103,,86810,26,,,0,95,,86811,26,,,0,82,,86817,26,,,0,79,,86812,27,,,0,40,,86818,26,,,0,66,,86813,27,,,0,27,,86819,27,,,0,65,,86814,26,,,0,95,,86815,26,,,0
601,'S2-2_6',805,,86820,26,,,0,51,,86822,26,,,0,96,,86823,26,,,0,92,,86824,26,,,0,88,,86825,26,,,0,88,,86826,26,,,0,88,,86827,26,,,0,50,,86828,26,,,0,89,,86829,26,,,0,89,,86830,26,,,0,100,,86831,26,,,0,92,,86832,26,,,0,93,,86833,26,,,0,85,,86834,26,,,0,49,,86821,26,,,0
601,'S2-4_1',637,,86835,26,,,0,108,,86848,26,,,0,95,,86836,26,,,0,102,,86837,26,,,0,99,,86838,26,,,0,100,,86839,26,,,0,106,,86852,26,,,0,59,,86840,26,,,0,42,,86841,26,,,0,103,,86842,26,,,0,95,,86843,26,,,0,82,,86849,26,,,0,79,,86844,27,,,0,40,,86850,26,,,0,66,,86845,27,,,0,27,,86851,27,,,0,65,,86846,26,,,0,95,,86847,26,,,0
601,'S2-4_2',637,,86853,26,,,0,108,,86866,26,,,0,95,,86854,26,,,0,102,,86855,26,,,0,99,,86856,26,,,0,100,,86857,26,,,0,106,,86870,26,,,0,59,,86858,26,,,0,42,,86859,26,,,0,103,,86860,26,,,0,95,,86861,26,,,0,82,,86867,26,,,0,79,,86862,27,,,0,40,,86868,26,,,0,66,,86863,27,,,0,27,,86869,27,,,0,65,,86864,26,,,0,95,,86865,26,,,0
601,'S2-4_4',637,,86871,26,,,0,108,,86884,26,,,0,95,,86872,26,,,0,102,,86873,26,,,0,99,,86874,26,,,0,100,,86875,26,,,0,106,,86888,26,,,0,59,,86876,26,,,0,42,,86877,26,,,0,103,,86878,26,,,0,95,,86879,26,,,0,82,,86885,26,,,0,79,,86880,27,,,0,40,,86886,26,,,0,66,,86881,27,,,0,27,,86887,27,,,0,65,,86882,26,,,0,95,,86883,26,,,0
1800,'S2-0_2',700,,88223,1,,,0,24,,88224,1,,,0,26,,88225,1,,,0,870,,88226,1,,,0,28,,88227,2,,,0,70,,88228,1,,,0,32,,88229,1,,,0,67,,88230,1,,,0,29,,88231,1,,,0,64,,88232,1,,,0
1800,'S2-0_4',700,,88233,1,,,0,24,,88234,1,,,0,26,,88235,1,,,0,870,,88236,1,,,0,28,,88237,2,,,0,70,,88238,1,,,0,32,,88239,1,,,0,67,,88240,1,,,0,29,,88241,1,,,0,64,,88242,1,,,0
1800,'S2-0_5',700,,88243,1,,,0,24,,88244,1,,,0,26,,88245,1,,,0,870,,88246,1,,,0,28,,88247,2,,,0,70,,88248,1,,,0,32,,88249,1,,,0,67,,88250,1,,,0,29,,88251,1,,,0,64,,88252,1,,,0
1800,'S2-1_3',700,,88253,1,,,0,24,,88254,1,,,0,26,,88255,1,,,0,501,,88259,1,,,0,62,,88260,1,,,0,405,,88256,1,,,0,99,,88257,1,,,0,93,,88258,1,,,0
1800,'S2-4_1',700,,88261,1,,,0,24,,88262,1,,,0,26,,88263,1,,,0,870,,88264,1,,,0,28,,88265,2,,,0,70,,88266,1,,,0,32,,88267,1,,,0,67,,88268,1,,,0,29,,88269,1,,,0,64,,88270,1,,,0
1800,'S2-4_2',700,,88271,1,,,0,24,,88272,1,,,0,26,,88273,1,,,0,870,,88274,1,,,0,28,,88275,2,,,0,70,,88276,1,,,0,32,,88277,1,,,0,67,,88278,1,,,0,29,,88279,1,,,0,64,,88280,1,,,0
1800,'S2-4_4',700,,88281,1,,,0,24,,88282,1,,,0,26,,88283,1,,,0,870,,88284,1,,,0,28,,88285,2,,,0,70,,88286,1,,,0,32,,88287,1,,,0,67,,88288,1,,,0,29,,88289,1,,,0,64,,88290,1,,,0
2900601,'S2-0_2',1758,,92517,8,,,0,99,,92518,8,,,0
2900601,'S2-0_4',1758,,92519,8,,,0,99,,92520,8,,,0
2900601,'S2-0_5',1758,,92521,8,,,0,99,,92522,8,,,0
2900601,'S2-1_3',1758,,92523,8,,,0,99,,92524,8,,,0
2900601,'S2-4_1',1758,,92525,8,,,0,99,,92526,8,,,0
2900601,'S2-4_2',1758,,92527,8,,,0,99,,92528,8,,,0
2900601,'S2-4_4',1758,,92529,8,,,0,99,,92530,8,,,0
