100,'0_4',656,,94101,10,0,61 8,0,54,,94098,10,0,61 8,0,16,,94102,10,0,61 8,0,16,,94089,10,,,0,15,,94108,10,0,61 8,0,60,,94099,10,0,9 10,0,10,,94103,10,0,61 8,0,27,,94090,10,0,61 8,0,78,,94104,10,0,61 8,0,78,,94091,10,0,61 8,0,39,,94105,10,0,61 8,0,78,,94092,10,0,61 8,0,19,,94109,10,,,0,65,,94110,10,,,0,32,,94093,10,0,61 8,0,65,,94106,10,0,61 8,0,24,,94094,10,0,61 8,0,74,,94107,10,0,61 8,0,40,,94095,10,0,61 8,0,64,,94111,10,,,0,35,,94100,10,0,61 8,0,60,,94112,10,,,0,33,,94113,10,,,0,9,,94096,10,0,61 8,0,58,,94114,10,,,0,26,,94097,10,0,61 8,0,14,,94115,10,,,0,68,,94087,10,,,0,37,,94116,10,0,61 8,0,74,,94088,10,,,0
100,'0_5',656,,94136,10,0,61 8,0,54,,94133,10,0,61 8,0,16,,94137,10,0,61 8,0,16,,94124,10,,,0,15,,94143,10,0,61 8,0,60,,94134,10,0,9 10,0,10,,94138,10,0,61 8,0,27,,94125,10,0,61 8,0,78,,94139,10,0,61 8,0,78,,94126,10,0,61 8,0,39,,94140,10,0,61 8,0,78,,94127,10,0,61 8,0,19,,94144,10,,,0,65,,94145,10,,,0,32,,94128,10,0,61 8,0,65,,94141,10,0,61 8,0,24,,94129,10,0,61 8,0,74,,94142,10,0,61 8,0,40,,94130,10,0,61 8,0,64,,94146,10,,,0,35,,94135,10,0,61 8,0,60,,94147,10,,,0,33,,94148,10,,,0,9,,94131,10,0,61 8,0,58,,94149,10,,,0,26,,94132,10,0,61 8,0,14,,94150,10,,,0,68,,94122,10,,,0,37,,94151,10,0,61 8,0,74,,94123,10,,,0
100,'1_3',656,,94171,10,0,61 8,0,54,,94168,10,0,61 8,0,16,,94172,10,0,61 8,0,16,,94159,10,,,0,15,,94178,10,0,61 8,0,60,,94169,10,0,9 10,0,10,,94173,10,0,61 8,0,27,,94160,10,0,61 8,0,78,,94174,10,0,61 8,0,78,,94161,10,0,61 8,0,39,,94175,10,0,61 8,0,78,,94162,10,0,61 8,0,19,,94179,10,,,0,65,,94180,10,,,0,32,,94163,10,0,61 8,0,65,,94176,10,0,61 8,0,24,,94164,10,0,61 8,0,74,,94177,10,0,61 8,0,40,,94165,10,0,61 8,0,64,,94181,10,,,0,35,,94170,10,0,61 8,0,60,,94182,10,,,0,33,,94183,10,,,0,9,,94166,10,0,61 8,0,58,,94184,10,,,0,26,,94167,10,0,61 8,0,14,,94185,10,,,0,68,,94157,10,,,0,37,,94186,10,0,61 8,0,74,,94158,10,,,0
100,'2_6',700,,94192,10,0,61 8,0,108,,94204,10,0,61 8,0,94,,94193,10,0,61 8,0,30,,94205,10,0,61 8,0,69,,94194,10,0,61 8,0,33,,94206,10,0,61 8,0,69,,94195,10,0,61 8,0,29,,94207,10,0,61 8,0,71,,94196,10,0,61 8,0,30,,94208,10,0,61 8,0,70,,94197,10,0,61 8,0,30,,94209,10,0,61 8,0,69,,94198,10,0,61 8,0,31,,94210,10,0,61 8,0,69,,94199,10,0,61 8,0,31,,94211,10,0,61 8,0,70,,94200,10,0,61 8,0,31,,94212,10,0,61 8,0,73,,94201,10,0,61 8,0,29,,94213,10,0,61 8,0,70,,94202,10,0,61 8,0,32,,94214,10,0,61 8,0,69,,94203,10,0,61 8,0
100,'3_7',905,,94215,10,0,61 8,0,105,,94220,10,0,61 8,0,106,,94216,10,0,61 8,0,104,,94221,10,0,61 8,0,90,,94217,10,0,61 8,0,100,,94222,10,0,61 8,0,105,,94218,10,0,61 8,0,105,,94223,10,0,61 8,0,105,,94219,10,0,61 8,0,106,,94224,10,0,61 8,0
100,'4_1',656,,94239,10,0,61 8,0,54,,94236,10,0,61 8,0,16,,94240,10,0,61 8,0,16,,94227,10,,,0,15,,94246,10,0,61 8,0,60,,94237,10,0,9 10,0,10,,94241,10,0,61 8,0,27,,94228,10,0,61 8,0,78,,94242,10,0,61 8,0,78,,94229,10,0,61 8,0,39,,94243,10,0,61 8,0,78,,94230,10,0,61 8,0,19,,94247,10,,,0,65,,94248,10,,,0,32,,94231,10,0,61 8,0,65,,94244,10,0,61 8,0,24,,94232,10,0,61 8,0,74,,94245,10,0,61 8,0,40,,94233,10,0,61 8,0,64,,94249,10,,,0,35,,94238,10,0,61 8,0,60,,94250,10,,,0,33,,94251,10,,,0,9,,94234,10,0,61 8,0,58,,94252,10,,,0,26,,94235,10,0,61 8,0,14,,94253,10,,,0,68,,94225,10,,,0,37,,94254,10,0,61 8,0,74,,94226,10,,,0
100,'4_2',656,,94274,10,0,61 8,0,54,,94271,10,0,61 8,0,16,,94275,10,0,61 8,0,16,,94262,10,,,0,15,,94281,10,0,61 8,0,60,,94272,10,0,9 10,0,10,,94276,10,0,61 8,0,27,,94263,10,0,61 8,0,78,,94277,10,0,61 8,0,78,,94264,10,0,61 8,0,39,,94278,10,0,61 8,0,78,,94265,10,0,61 8,0,19,,94282,10,,,0,65,,94283,10,,,0,32,,94266,10,0,61 8,0,65,,94279,10,0,61 8,0,24,,94267,10,0,61 8,0,74,,94280,10,0,61 8,0,40,,94268,10,0,61 8,0,64,,94284,10,,,0,35,,94273,10,0,61 8,0,60,,94285,10,,,0,33,,94286,10,,,0,9,,94269,10,0,61 8,0,58,,94287,10,,,0,26,,94270,10,0,61 8,0,14,,94288,10,,,0,68,,94260,10,,,0,37,,94289,10,0,61 8,0,74,,94261,10,,,0
100,'4_4',656,,94309,10,0,61 8,0,54,,94306,10,0,61 8,0,16,,94310,10,0,61 8,0,16,,94297,10,,,0,15,,94316,10,0,61 8,0,60,,94307,10,0,9 10,0,10,,94311,10,0,61 8,0,27,,94298,10,0,61 8,0,78,,94312,10,0,61 8,0,78,,94299,10,0,61 8,0,39,,94313,10,0,61 8,0,78,,94300,10,0,61 8,0,19,,94317,10,,,0,65,,94318,10,,,0,32,,94301,10,0,61 8,0,65,,94314,10,0,61 8,0,24,,94302,10,0,61 8,0,74,,94315,10,0,61 8,0,40,,94303,10,0,61 8,0,64,,94319,10,,,0,35,,94308,10,0,61 8,0,60,,94320,10,,,0,33,,94321,10,,,0,9,,94304,10,0,61 8,0,58,,94322,10,,,0,26,,94305,10,0,61 8,0,14,,94323,10,,,0,68,,94295,10,,,0,37,,94324,10,0,61 8,0,74,,94296,10,,,0
100,'4_5',656,,94344,10,0,61 8,0,54,,94341,10,0,61 8,0,16,,94345,10,0,61 8,0,16,,94332,10,,,0,15,,94351,10,0,61 8,0,60,,94342,10,0,9 10,0,10,,94346,10,0,61 8,0,27,,94333,10,0,61 8,0,78,,94347,10,0,61 8,0,78,,94334,10,0,61 8,0,39,,94348,10,0,61 8,0,78,,94335,10,0,61 8,0,19,,94352,10,,,0,65,,94353,10,,,0,32,,94336,10,0,61 8,0,65,,94349,10,0,61 8,0,24,,94337,10,0,61 8,0,74,,94350,10,0,61 8,0,40,,94338,10,0,61 8,0,64,,94354,10,,,0,35,,94343,10,0,61 8,0,60,,94355,10,,,0,33,,94356,10,,,0,9,,94339,10,0,61 8,0,58,,94357,10,,,0,26,,94340,10,0,61 8,0,14,,94358,10,,,0,68,,94330,10,,,0,37,,94359,10,0,61 8,0,74,,94331,10,,,0
100,'5_7',905,,94365,10,0,61 8,0,105,,94370,10,0,61 8,0,106,,94366,10,0,61 8,0,104,,94371,10,0,61 8,0,90,,94367,10,0,61 8,0,100,,94372,10,0,61 8,0,105,,94368,10,0,61 8,0,105,,94373,10,0,61 8,0,105,,94369,10,0,61 8,0,106,,94374,10,0,61 8,0
2200,'0_4',707,,98522,9,0,11 15 16,0,20,,98528,9,0,17,0,102,,98523,9,0,11 15 16,0,513,,98525,9,0,42,0,305,,98526,9,0,42,0,63,,98524,9,0,11 15 16,0,37,,98527,9,0,42,0
2200,'0_5',707,,98529,9,0,11 15 16,0,20,,98535,9,0,17,0,102,,98530,9,0,11 15 16,0,513,,98532,9,0,42,0,305,,98533,9,0,42,0,63,,98531,9,0,11 15 16,0,37,,98534,9,0,42,0
2200,'1_3',707,,98536,9,0,11 15 16,0,20,,98540,9,0,17,0,102,,98537,9,0,11 15 16,0,513,,98539,9,0,42,0,368,,98538,9,0,11 15 16,0
2200,'4_1',707,,98541,9,0,11 15 16,0,20,,98547,9,0,17,0,102,,98542,9,0,11 15 16,0,513,,98544,9,0,42,0,305,,98545,9,0,42,0,63,,98543,9,0,11 15 16,0,37,,98546,9,0,42,0
2200,'4_2',707,,98548,9,0,11 15 16,0,20,,98554,9,0,17,0,102,,98549,9,0,11 15 16,0,513,,98551,9,0,42,0,305,,98552,9,0,42,0,63,,98550,9,0,11 15 16,0,37,,98553,9,0,42,0
2200,'4_4',707,,98555,9,0,11 15 16,0,20,,98561,9,0,17,0,102,,98556,9,0,11 15 16,0,513,,98558,9,0,42,0,305,,98559,9,0,42,0,63,,98557,9,0,11 15 16,0,37,,98560,9,0,42,0
2200,'4_5',707,,98562,9,0,11 15 16,0,20,,98568,9,0,17,0,102,,98563,9,0,11 15 16,0,513,,98565,9,0,42,0,305,,98566,9,0,42,0,63,,98564,9,0,11 15 16,0,37,,98567,9,0,42,0
