900,'0_6',701,,66482,13,,,0,99,,66483,13,,,0,118,,66481,13,0,50,0,99,,66491,7,,,0,98,,66484,13,,,0,138,,66489,14,,,0,97,,66488,7,0,50,0,90,,66485,13,,,0,98,,66480,7,,,0,89,,66490,12,,,0,85,,66492,13,,,0,47,,66486,13,,,0,97,,66487,13,,,0
900,'7_1',701,,80773,13,,,0,99,,80774,13,,,0,118,,80772,13,0,50,0,99,,80782,7,,,0,98,,80775,13,,,0,138,,80780,14,,,0,97,,80779,7,0,50,0,90,,80776,13,,,0,98,,80771,7,,,0,89,,80781,12,,,0,85,,80783,13,,,0,47,,80777,13,,,0,97,,80778,13,,,0
900,'7_2',701,,82694,13,,,0,99,,82695,13,,,0,118,,82693,13,0,50,0,99,,82703,7,,,0,98,,82696,13,,,0,138,,82701,14,,,0,97,,82700,7,0,50,0,90,,82697,13,,,0,98,,82692,7,,,0,89,,82702,12,,,0,85,,82704,13,,,0,47,,82698,13,,,0,97,,82699,13,,,0
900,'7_3',701,,82707,13,,,0,99,,82708,13,,,0,118,,82706,13,0,50,0,99,,82716,7,,,0,98,,82709,13,,,0,138,,82714,14,,,0,97,,82713,7,0,50,0,90,,82710,13,,,0,98,,82705,7,,,0,89,,82715,12,,,0,85,,82717,13,,,0,47,,82711,13,,,0,97,,82712,13,,,0
900,'7_4',701,,79456,13,,,0,99,,79457,13,,,0,118,,79455,13,0,50,0,99,,79465,7,,,0,98,,79458,13,,,0,138,,79463,14,,,0,97,,79462,7,0,50,0,90,,79459,13,,,0,98,,79454,7,,,0,89,,79464,12,,,0,85,,79466,13,,,0,47,,79460,13,,,0,97,,79461,13,,,0
900,'7_5',701,,80786,13,,,0,99,,80787,13,,,0,118,,80785,13,0,50,0,99,,80795,7,,,0,98,,80788,13,,,0,138,,80793,14,,,0,97,,80792,7,0,50,0,90,,80789,13,,,0,98,,80784,7,,,0,89,,80794,12,,,0,85,,80796,13,,,0,47,,80790,13,,,0,97,,80791,13,,,0
1600,'0_6',821,,67349,15,,,0,206,,67354,19,,,0,296,,67356,24,,,0,123,,67352,19,,,0,297,,67358,24,,,0,165,,67355,19,,,0
1600,'7_1',821,,80937,15,,,0,206,,80942,19,,,0,296,,80944,24,,,0,123,,80940,19,,,0,297,,80946,24,,,0,165,,80943,19,,,0
1600,'7_2',821,,82858,15,,,0,206,,82863,19,,,0,296,,82865,24,,,0,123,,82861,19,,,0,297,,82867,24,,,0,165,,82864,19,,,0
1600,'7_3',821,,82868,15,,,0,206,,82873,19,,,0,296,,82875,24,,,0,123,,82871,19,,,0,297,,82877,24,,,0,165,,82874,19,,,0
1600,'7_4',821,,79537,15,,,0,206,,79542,19,,,0,296,,79544,24,,,0,123,,79540,19,,,0,297,,79546,24,,,0,165,,79543,19,,,0
1600,'7_5',821,,80947,15,,,0,206,,80952,19,,,0,296,,80954,24,,,0,123,,80950,19,,,0,297,,80956,24,,,0,165,,80953,19,,,0
