400,'0_4',749,,95846,41,0,40,0,59,,95850,10,0,23 51,0,2,,95853,44,0,40,0,6,,95822,40,0,40,0,16,,95823,41,0,40,0,10,,95847,40,0,40,0,14,,95824,40,0,40,0,53,,95825,40,0,40,0,30,,95826,40,0,40,0,79,,95827,52,0,40,0,31,,95828,40,0,40,0,71,,95829,40,0,40,0,36,,95830,40,0,40,0,77,,95831,40,0,40,0,25,,95851,43,,,0,66,,95848,53,0,40,0,25,,95832,40,0,40,0,66,,95833,40,0,40,0,30,,95836,52,0,40,0,76,,95834,40,0,40,0,30,,95837,52,0,40,0,79,,95835,40,0,40,0,80,,95854,44,0,40,0,22,,95838,52,0,40,0,8,,95849,25,0,40,0,8,,95839,40,0,40,0,61,,95855,44,,,0,5,,95841,40,0,40,0,24,,95844,24,0,40,0,21,,95852,43,,,0,71,,95842,40,0,40,0,23,,95843,52,0,40,0
400,'0_5',749,,95880,41,0,40,0,59,,95884,10,0,23 51,0,2,,95887,44,0,40,0,6,,95856,40,0,40,0,16,,95857,41,0,40,0,10,,95881,40,0,40,0,14,,95858,40,0,40,0,53,,95859,40,0,40,0,30,,95860,40,0,40,0,79,,95861,52,0,40,0,31,,95862,40,0,40,0,71,,95863,40,0,40,0,36,,95864,40,0,40,0,77,,95865,40,0,40,0,25,,95885,43,,,0,66,,95882,53,0,40,0,25,,95866,40,0,40,0,66,,95867,40,0,40,0,30,,95870,52,0,40,0,76,,95868,40,0,40,0,30,,95871,52,0,40,0,79,,95869,40,0,40,0,80,,95888,44,0,40,0,22,,95872,52,0,40,0,8,,95883,25,0,40,0,8,,95873,40,0,40,0,61,,95889,44,,,0,5,,95875,40,0,40,0,24,,95878,24,0,40,0,21,,95886,43,,,0,71,,95876,40,0,40,0,23,,95877,52,0,40,0
400,'1_3',749,,95913,41,0,40,0,59,,95917,10,0,23 51,0,2,,95920,44,0,40,0,6,,95890,40,0,40,0,16,,95891,41,0,40,0,10,,95914,40,0,40,0,14,,95892,40,0,40,0,53,,95893,40,0,40,0,30,,95894,40,0,40,0,79,,95895,52,0,40,0,31,,95896,40,0,40,0,71,,95897,40,0,40,0,36,,95898,40,0,40,0,77,,95899,40,0,40,0,25,,95918,43,,,0,66,,95915,53,0,40,0,25,,95900,40,0,40,0,66,,95901,40,0,40,0,30,,95904,52,0,40,0,76,,95902,40,0,40,0,30,,95905,52,0,40,0,79,,95903,40,0,40,0,80,,95921,44,0,40,0,22,,95906,52,0,40,0,8,,95916,25,0,40,0,8,,95907,40,0,40,0,61,,95922,44,,,0,5,,95909,40,0,40,0,24,,95908,52,0,40,0,21,,95919,43,,,0,71,,95910,40,0,40,0,23,,95911,52,0,40,0
400,'2_6',739,,95929,40,0,40,0,105,,95930,40,0,40,0,72,,95923,52,0,40,0,27,,95931,40,0,40,0,72,,95932,40,0,40,0,30,,95933,40,0,40,0,71,,95924,52,0,40,0,31,,95934,40,0,40,0,70,,95936,40,0,40,0,29,,95935,40,0,40,0,69,,95925,52,0,40,0,31,,95937,40,0,40,0,70,,95938,40,0,40,0,29,,95939,40,0,40,0,73,,95926,52,0,40,0,33,,95940,40,0,40,0,70,,95941,40,0,40,0,30,,95942,40,0,40,0,73,,95927,52,0,40,0,33,,95943,40,0,40,0,70,,95944,40,0,40,0,31,,95945,40,0,40,0,69,,95928,52,0,40,0,31,,95946,40,0,40,0
400,'3_7',853,,95947,52,0,40,0,165,,95948,52,0,40,0,125,,95949,52,0,40,0,200,,95950,52,0,40,0,166,,95951,52,0,40,0,125,,95952,52,0,40,0,166,,95953,52,0,40,0,124,,95954,52,0,40,0
400,'4_1',749,,95979,41,0,40,0,59,,95983,10,0,23 51,0,2,,95986,44,0,40,0,6,,95955,40,0,40,0,16,,95956,41,0,40,0,10,,95980,40,0,40,0,14,,95957,40,0,40,0,53,,95958,40,0,40,0,30,,95959,40,0,40,0,79,,95960,52,0,40,0,31,,95961,40,0,40,0,71,,95962,40,0,40,0,36,,95963,40,0,40,0,77,,95964,40,0,40,0,25,,95984,43,,,0,66,,95981,53,0,40,0,25,,95965,40,0,40,0,66,,95966,40,0,40,0,30,,95969,52,0,40,0,76,,95967,40,0,40,0,30,,95970,52,0,40,0,79,,95968,40,0,40,0,80,,95987,44,0,40,0,22,,95971,52,0,40,0,8,,95982,25,0,40,0,8,,95972,40,0,40,0,61,,95988,44,,,0,5,,95974,40,0,40,0,24,,95977,24,0,40,0,21,,95985,43,,,0,71,,95975,40,0,40,0,23,,95976,52,0,40,0
400,'4_2',749,,96013,41,0,40,0,59,,96017,10,0,23 51,0,2,,96020,44,0,40,0,6,,95989,40,0,40,0,16,,95990,41,0,40,0,10,,96014,40,0,40,0,14,,95991,40,0,40,0,53,,95992,40,0,40,0,30,,95993,40,0,40,0,79,,95994,52,0,40,0,31,,95995,40,0,40,0,71,,95996,40,0,40,0,36,,95997,40,0,40,0,77,,95998,40,0,40,0,25,,96018,43,,,0,66,,96015,53,0,40,0,25,,95999,40,0,40,0,66,,96000,40,0,40,0,30,,96003,52,0,40,0,76,,96001,40,0,40,0,30,,96004,52,0,40,0,79,,96002,40,0,40,0,80,,96021,44,0,40,0,22,,96005,52,0,40,0,8,,96016,25,0,40,0,8,,96006,40,0,40,0,61,,96022,44,,,0,5,,96008,40,0,40,0,24,,96011,24,0,40,0,21,,96019,43,,,0,71,,96009,40,0,40,0,23,,96010,52,0,40,0
400,'4_4',749,,96047,41,0,40,0,59,,96051,10,0,23 51,0,2,,96054,44,0,40,0,6,,96023,40,0,40,0,16,,96024,41,0,40,0,10,,96048,40,0,40,0,14,,96025,40,0,40,0,53,,96026,40,0,40,0,30,,96027,40,0,40,0,79,,96028,52,0,40,0,31,,96029,40,0,40,0,71,,96030,40,0,40,0,36,,96031,40,0,40,0,77,,96032,40,0,40,0,25,,96052,43,,,0,66,,96049,53,0,40,0,25,,96033,40,0,40,0,66,,96034,40,0,40,0,30,,96037,52,0,40,0,76,,96035,40,0,40,0,30,,96038,52,0,40,0,79,,96036,40,0,40,0,80,,96055,44,0,40,0,22,,96039,52,0,40,0,8,,96050,25,0,40,0,8,,96040,40,0,40,0,61,,96056,44,,,0,5,,96042,40,0,40,0,24,,96045,24,0,40,0,21,,96053,43,,,0,71,,96043,40,0,40,0,23,,96044,52,0,40,0
400,'4_5',749,,96081,41,0,40,0,59,,96085,10,0,23 51,0,2,,96088,44,0,40,0,6,,96057,40,0,40,0,16,,96058,41,0,40,0,10,,96082,40,0,40,0,14,,96059,40,0,40,0,53,,96060,40,0,40,0,30,,96061,40,0,40,0,79,,96062,52,0,40,0,31,,96063,40,0,40,0,71,,96064,40,0,40,0,36,,96065,40,0,40,0,77,,96066,40,0,40,0,25,,96086,43,,,0,66,,96083,53,0,40,0,25,,96067,40,0,40,0,66,,96068,40,0,40,0,30,,96071,52,0,40,0,76,,96069,40,0,40,0,30,,96072,52,0,40,0,79,,96070,40,0,40,0,80,,96089,44,0,40,0,22,,96073,52,0,40,0,8,,96084,25,0,40,0,8,,96074,40,0,40,0,61,,96090,44,,,0,5,,96076,40,0,40,0,24,,96079,24,0,40,0,21,,96087,43,,,0,71,,96077,40,0,40,0,23,,96078,52,0,40,0
400,'5_7',853,,96091,52,0,40,0,165,,96092,52,0,40,0,125,,96093,52,0,40,0,200,,96094,52,0,40,0,166,,96095,52,0,40,0,125,,96096,52,0,40,0,166,,96097,52,0,40,0,124,,96098,52,0,40,0
2300,'0_4',1621,,98616,21,,,0,105,,98617,21,,,0,95,,98618,21,,,0
2300,'0_5',1621,,98619,21,,,0,105,,98620,21,,,0,95,,98621,21,,,0
2300,'1_3',1226,,98623,21,,,0,3,,98622,21,,,0
2300,'4_1',1621,,98624,21,,,0,105,,98625,21,,,0,95,,98626,21,,,0
2300,'4_2',1621,,98627,21,,,0,105,,98628,21,,,0,95,,98629,21,,,0
2300,'4_4',1621,,98630,21,,,0,105,,98631,21,,,0,95,,98632,21,,,0
2300,'4_5',1621,,98633,21,,,0,105,,98634,21,,,0,95,,98635,21,,,0
2900400,'0_4',1701,,102483,6,,,0,100,,102484,6,,,0
2900400,'0_5',1701,,102485,6,,,0,100,,102486,6,,,0
2900400,'1_3',1701,,102487,6,,,0,100,,102488,6,,,0
2900400,'4_1',1701,,102489,6,,,0,100,,102490,6,,,0
2900400,'4_2',1701,,102491,6,,,0,100,,102492,6,,,0
2900400,'4_4',1701,,102493,6,,,0,100,,102494,6,,,0
2900400,'4_5',1701,,102495,6,,,0,100,,102496,6,,,0
