900,'0_6',655,,66482,9,,,0,99,,66483,9,,,0,158,,66481,9,0,50,0,99,,66491,3,,,0,98,,66484,9,,,0,137,,66489,10,,,0,97,,66488,3,0,50,0,90,,66485,9,,,0,99,,66480,3,,,0,89,,66490,8,,,0,85,,66492,9,,,0,47,,66486,9,,,0,97,,66487,9,,,0
900,'5_1',655,,74317,9,,,0,99,,74318,9,,,0,158,,74316,9,0,50,0,99,,74326,3,,,0,98,,74319,9,,,0,137,,74324,10,,,0,97,,74323,3,0,50,0,90,,74320,9,,,0,99,,74315,3,,,0,89,,74325,8,,,0,85,,74327,9,,,0,47,,74321,9,,,0,97,,74322,9,,,0
900,'5_2',655,,75961,9,,,0,99,,75962,9,,,0,158,,75960,9,0,50,0,99,,75970,3,,,0,98,,75963,9,,,0,137,,75968,10,,,0,97,,75967,3,0,50,0,90,,75964,9,,,0,99,,75959,3,,,0,89,,75969,8,,,0,85,,75971,9,,,0,47,,75965,9,,,0,97,,75966,9,,,0
900,'5_3',655,,75974,9,,,0,99,,75975,9,,,0,158,,75973,9,0,50,0,99,,75983,3,,,0,98,,75976,9,,,0,137,,75981,10,,,0,97,,75980,3,0,50,0,90,,75977,9,,,0,99,,75972,3,,,0,89,,75982,8,,,0,85,,75984,9,,,0,47,,75978,9,,,0,97,,75979,9,,,0
900,'7_1',655,,80773,9,,,0,99,,80774,9,,,0,158,,80772,9,0,50,0,99,,80782,3,,,0,98,,80775,9,,,0,137,,80780,10,,,0,97,,80779,3,0,50,0,90,,80776,9,,,0,99,,80771,3,,,0,89,,80781,8,,,0,85,,80783,9,,,0,47,,80777,9,,,0,97,,80778,9,,,0
900,'7_2',655,,82694,9,,,0,99,,82695,9,,,0,158,,82693,9,0,50,0,99,,82703,3,,,0,98,,82696,9,,,0,137,,82701,10,,,0,97,,82700,3,0,50,0,90,,82697,9,,,0,99,,82692,3,,,0,89,,82702,8,,,0,85,,82704,9,,,0,47,,82698,9,,,0,97,,82699,9,,,0
900,'7_3',655,,82707,9,,,0,99,,82708,9,,,0,158,,82706,9,0,50,0,99,,82716,3,,,0,98,,82709,9,,,0,137,,82714,10,,,0,97,,82713,3,0,50,0,90,,82710,9,,,0,99,,82705,3,,,0,89,,82715,8,,,0,85,,82717,9,,,0,47,,82711,9,,,0,97,,82712,9,,,0
900,'7_4',655,,79456,9,,,0,99,,79457,9,,,0,158,,79455,9,0,50,0,99,,79465,3,,,0,98,,79458,9,,,0,137,,79463,10,,,0,97,,79462,3,0,50,0,90,,79459,9,,,0,99,,79454,3,,,0,89,,79464,8,,,0,85,,79466,9,,,0,47,,79460,9,,,0,97,,79461,9,,,0
900,'7_5',655,,80786,9,,,0,99,,80787,9,,,0,158,,80785,9,0,50,0,99,,80795,3,,,0,98,,80788,9,,,0,137,,80793,10,,,0,97,,80792,3,0,50,0,90,,80789,9,,,0,99,,80784,3,,,0,89,,80794,8,,,0,85,,80796,9,,,0,47,,80790,9,,,0,97,,80791,9,,,0
1600,'0_6',816,,67349,11,,,0,206,,67354,15,,,0,296,,67356,20,,,0,123,,67352,15,,,0,297,,67358,20,,,0,165,,67355,15,,,0
1600,'5_1',816,,74398,11,,,0,206,,74403,15,,,0,296,,74405,20,,,0,123,,74401,15,,,0,297,,74407,20,,,0,165,,74404,15,,,0
1600,'5_2',816,,76208,11,,,0,206,,76213,15,,,0,296,,76215,20,,,0,123,,76211,15,,,0,297,,76217,20,,,0,165,,76214,15,,,0
1600,'5_3',816,,76218,11,,,0,206,,76223,15,,,0,296,,76225,20,,,0,123,,76221,15,,,0,297,,76227,20,,,0,165,,76224,15,,,0
1600,'7_1',816,,80937,11,,,0,206,,80942,15,,,0,296,,80944,20,,,0,123,,80940,15,,,0,297,,80946,20,,,0,165,,80943,15,,,0
1600,'7_2',816,,82858,11,,,0,206,,82863,15,,,0,296,,82865,20,,,0,123,,82861,15,,,0,297,,82867,20,,,0,165,,82864,15,,,0
1600,'7_3',816,,82868,11,,,0,206,,82873,15,,,0,296,,82875,20,,,0,123,,82871,15,,,0,297,,82877,20,,,0,165,,82874,15,,,0
1600,'7_4',816,,79537,11,,,0,206,,79542,15,,,0,296,,79544,20,,,0,123,,79540,15,,,0,297,,79546,20,,,0,165,,79543,15,,,0
1600,'7_5',816,,80947,11,,,0,206,,80952,15,,,0,296,,80954,20,,,0,123,,80950,15,,,0,297,,80956,20,,,0,165,,80953,15,,,0
