501,'0_6',728,,65511,11,,,0,98,,65512,11,,,0,98,,65513,11,,,0,101,,65514,11,,,0,99,,65515,11,,,0,99,,65516,11,,,0,80,,65517,11,,,0,38,,65518,11,,,0,96,,65519,11,,,0,103,,65520,11,,,0,99,,65521,11,,,0,72,,65522,11,,,0,30,,65523,11,,,0,99,,65524,11,,,0,98,,65525,11,,,0
501,'1_7',1114,,65526,11,,,0,191,,65527,11,,,0,151,,65528,11,,,0,184,,65529,11,,,0,191,,65530,11,,,0
501,'5_1',728,,74220,11,,,0,98,,74221,11,,,0,98,,74222,11,,,0,101,,74223,11,,,0,99,,74224,11,,,0,99,,74225,11,,,0,80,,74226,11,,,0,38,,74227,11,,,0,96,,74228,11,,,0,103,,74229,11,,,0,99,,74230,11,,,0,72,,74231,11,,,0,30,,74232,11,,,0,99,,74233,11,,,0,98,,74234,11,,,0
501,'5_2',728,,75674,11,,,0,98,,75675,11,,,0,98,,75676,11,,,0,101,,75677,11,,,0,99,,75678,11,,,0,99,,75679,11,,,0,80,,75680,11,,,0,38,,75681,11,,,0,96,,75682,11,,,0,103,,75683,11,,,0,99,,75684,11,,,0,72,,75685,11,,,0,30,,75686,11,,,0,99,,75687,11,,,0,98,,75688,11,,,0
501,'5_3',728,,75689,11,,,0,98,,75690,11,,,0,98,,75691,11,,,0,101,,75692,11,,,0,99,,75693,11,,,0,99,,75694,11,,,0,80,,75695,11,,,0,38,,75696,11,,,0,96,,75697,11,,,0,103,,75698,11,,,0,99,,75699,11,,,0,72,,75700,11,,,0,30,,75701,11,,,0,99,,75702,11,,,0,98,,75703,11,,,0
501,'7_1',728,,80581,11,,,0,98,,80582,11,,,0,98,,80583,11,,,0,101,,80584,11,,,0,99,,80585,11,,,0,99,,80586,11,,,0,80,,80587,11,,,0,38,,80588,11,,,0,96,,80589,11,,,0,103,,80590,11,,,0,99,,80591,11,,,0,72,,80592,11,,,0,30,,80593,11,,,0,99,,80594,11,,,0,98,,80595,11,,,0
501,'7_2',728,,82502,11,,,0,98,,82503,11,,,0,98,,82504,11,,,0,101,,82505,11,,,0,99,,82506,11,,,0,99,,82507,11,,,0,80,,82508,11,,,0,38,,82509,11,,,0,96,,82510,11,,,0,103,,82511,11,,,0,99,,82512,11,,,0,72,,82513,11,,,0,30,,82514,11,,,0,99,,82515,11,,,0,98,,82516,11,,,0
501,'7_3',728,,82517,11,,,0,98,,82518,11,,,0,98,,82519,11,,,0,101,,82520,11,,,0,99,,82521,11,,,0,99,,82522,11,,,0,80,,82523,11,,,0,38,,82524,11,,,0,96,,82525,11,,,0,103,,82526,11,,,0,99,,82527,11,,,0,72,,82528,11,,,0,30,,82529,11,,,0,99,,82530,11,,,0,98,,82531,11,,,0
501,'7_4',728,,79359,11,,,0,98,,79360,11,,,0,98,,79361,11,,,0,101,,79362,11,,,0,99,,79363,11,,,0,99,,79364,11,,,0,80,,79365,11,,,0,38,,79366,11,,,0,96,,79367,11,,,0,103,,79368,11,,,0,99,,79369,11,,,0,72,,79370,11,,,0,30,,79371,11,,,0,99,,79372,11,,,0,98,,79373,11,,,0
501,'7_5',728,,80596,11,,,0,98,,80597,11,,,0,98,,80598,11,,,0,101,,80599,11,,,0,99,,80600,11,,,0,99,,80601,11,,,0,80,,80602,11,,,0,38,,80603,11,,,0,96,,80604,11,,,0,103,,80605,11,,,0,99,,80606,11,,,0,72,,80607,11,,,0,30,,80608,11,,,0,99,,80609,11,,,0,98,,80610,11,,,0
1000001,'0_6',549,,69463,16,,,0,79,,69464,16,,,0,83,,69465,16,,,0,44,,69466,22,,,0,55,,69472,16,,,0,15,,69473,16,,,0,14,,69474,22,,,0,15,,69475,16,,,0,55,,69476,16,,,0,16,,69477,22,,,0,15,,69478,16,,,0,15,,69479,16,,,0,55,,69480,22,,,0,16,,69481,16,,,0,16,,69482,16,,,0,16,,69483,22,,,0,55,,69484,16,,,0,16,,69485,22,,,0,16,,69486,16,,,0,56,,69487,16,,,0,16,,69488,22,,,0,14,,69489,16,,,0,15,,69490,16,,,0,55,,69491,22,,,0,15,,69492,16,,,0,16,,69493,16,,,0,15,,69494,22,,,0,56,,69495,16,,,0,15,,69496,22,,,0,16,,69497,16,,,0,16,,69498,16,,,0,56,,69499,22,,,0,16,,69500,16,,,0,16,,69501,16,,,0,16,,69502,22,,,0,56,,69503,16,,,0,16,,69504,16,,,0,16,,69505,22,,,0,16,,69506,16,,,0,56,,69507,22,,,0,16,,69508,16,,,0,16,,69509,16,,,0,56,,69510,22,,,0,16,,69512,16,,,0,15,,69514,16,,,0,15,,69513,22,,,0,55,,69511,16,,,0,16,,69471,22,,,0,20,,69470,16,,,0,20,,69468,16,,,0,61,,69461,16,,,0,18,,69459,16,,,0,19,,69462,16,,,0,60,,69469,16,,,0,20,,69467,16,,,0,20,,69460,16,,,0
1000001,'1_7',819,,69515,16,,,0,40,,69516,16,,,0,80,,69517,16,,,0,80,,69518,16,,,0,40,,69519,16,,,0,80,,69520,16,,,0,80,,69521,16,,,0,40,,69522,16,,,0,80,,69523,16,,,0,80,,69524,16,,,0,40,,69525,16,,,0,80,,69526,16,,,0,80,,69527,16,,,0,40,,69528,16,,,0,80,,69529,16,,,0,80,,69530,16,,,0,40,,69531,16,,,0,80,,69532,16,,,0
1000001,'5_1',552,,74596,16,,,0,57,,74611,16,,,0,15,,74610,16,,,0,15,,74609,16,,,0,15,,74608,16,,,0,55,,74607,16,,,0,15,,74599,16,,,0,15,,74597,22,,,0,14,,74600,22,,,0,55,,74601,22,,,0,15,,74602,22,,,0,15,,74603,22,,,0,16,,74604,22,,,0,54,,74605,22,,,0,15,,74606,22,,,0,15,,74612,16,,,0,15,,74631,22,,,0,56,,74613,16,,,0,16,,74632,22,,,0,15,,74614,16,,,0,16,,74633,22,,,0,56,,74615,16,,,0,16,,74634,22,,,0,16,,74616,16,,,0,56,,74635,22,,,0,16,,74617,16,,,0,14,,74636,22,,,0,16,,74618,16,,,0,55,,74637,22,,,0,16,,74619,16,,,0,16,,74638,22,,,0,16,,74620,16,,,0,55,,74639,22,,,0,16,,74621,16,,,0,16,,74640,22,,,0,16,,74622,16,,,0,55,,74641,22,,,0,14,,74623,16,,,0,14,,74642,22,,,0,14,,74624,16,,,0,54,,74643,22,,,0,14,,74625,16,,,0,15,,74644,22,,,0,14,,74626,22,,,0,54,,74645,22,,,0,15,,74627,22,,,0,15,,74646,22,,,0,15,,74628,22,,,0,55,,74647,22,,,0,15,,74629,22,,,0,14,,74648,22,,,0,14,,74630,22,,,0,14,,74598,22,,,0,58,,74649,22,,,0,19,,74654,16,,,0,20,,74650,22,,,0,61,,74655,16,,,0,19,,74651,16,,,0,18,,74656,16,,,0,60,,74652,16,,,0,20,,74657,16,,,0,20,,74653,16,,,0
1000001,'5_2',552,,76802,16,,,0,57,,76817,16,,,0,15,,76816,16,,,0,15,,76815,16,,,0,15,,76814,16,,,0,55,,76813,16,,,0,15,,76805,16,,,0,15,,76803,22,,,0,14,,76806,22,,,0,55,,76807,22,,,0,15,,76808,22,,,0,15,,76809,22,,,0,16,,76810,22,,,0,54,,76811,22,,,0,15,,76812,22,,,0,15,,76818,16,,,0,15,,76837,22,,,0,56,,76819,16,,,0,16,,76838,22,,,0,15,,76820,16,,,0,16,,76839,22,,,0,56,,76821,16,,,0,16,,76840,22,,,0,16,,76822,16,,,0,56,,76841,22,,,0,16,,76823,16,,,0,14,,76842,22,,,0,16,,76824,16,,,0,55,,76843,22,,,0,16,,76825,16,,,0,16,,76844,22,,,0,16,,76826,16,,,0,55,,76845,22,,,0,16,,76827,16,,,0,16,,76846,22,,,0,16,,76828,16,,,0,55,,76847,22,,,0,14,,76829,16,,,0,14,,76848,22,,,0,14,,76830,16,,,0,54,,76849,22,,,0,14,,76831,16,,,0,15,,76850,22,,,0,14,,76832,22,,,0,54,,76851,22,,,0,15,,76833,22,,,0,15,,76852,22,,,0,15,,76834,22,,,0,55,,76853,22,,,0,15,,76835,22,,,0,14,,76854,22,,,0,14,,76836,22,,,0,14,,76804,22,,,0,58,,76855,22,,,0,19,,76860,16,,,0,20,,76856,22,,,0,61,,76861,16,,,0,19,,76857,16,,,0,18,,76862,16,,,0,60,,76858,16,,,0,20,,76863,16,,,0,20,,76859,16,,,0
1000001,'5_3',552,,76864,16,,,0,57,,76879,16,,,0,15,,76878,16,,,0,15,,76877,16,,,0,15,,76876,16,,,0,55,,76875,16,,,0,15,,76867,16,,,0,15,,76865,22,,,0,14,,76868,22,,,0,55,,76869,22,,,0,15,,76870,22,,,0,15,,76871,22,,,0,16,,76872,22,,,0,54,,76873,22,,,0,15,,76874,22,,,0,15,,76880,16,,,0,15,,76899,22,,,0,56,,76881,16,,,0,16,,76900,22,,,0,15,,76882,16,,,0,16,,76901,22,,,0,56,,76883,16,,,0,16,,76902,22,,,0,16,,76884,16,,,0,56,,76903,22,,,0,16,,76885,16,,,0,14,,76904,22,,,0,16,,76886,16,,,0,55,,76905,22,,,0,16,,76887,16,,,0,16,,76906,22,,,0,16,,76888,16,,,0,55,,76907,22,,,0,16,,76889,16,,,0,16,,76908,22,,,0,16,,76890,16,,,0,55,,76909,22,,,0,14,,76891,16,,,0,14,,76910,22,,,0,14,,76892,16,,,0,54,,76911,22,,,0,14,,76893,16,,,0,15,,76912,22,,,0,14,,76894,22,,,0,54,,76913,22,,,0,15,,76895,22,,,0,15,,76914,22,,,0,15,,76896,22,,,0,55,,76915,22,,,0,15,,76897,22,,,0,14,,76916,22,,,0,14,,76898,22,,,0,14,,76866,22,,,0,58,,76917,22,,,0,19,,76922,16,,,0,20,,76918,22,,,0,61,,76923,16,,,0,19,,76919,16,,,0,18,,76924,16,,,0,60,,76920,16,,,0,20,,76925,16,,,0,20,,76921,16,,,0
1000001,'7_1',552,,81334,16,,,0,57,,81349,16,,,0,15,,81348,16,,,0,15,,81347,16,,,0,15,,81346,16,,,0,55,,81345,16,,,0,15,,81337,16,,,0,15,,81335,22,,,0,14,,81338,22,,,0,55,,81339,22,,,0,15,,81340,22,,,0,15,,81341,22,,,0,16,,81342,22,,,0,54,,81343,22,,,0,15,,81344,22,,,0,15,,81350,16,,,0,15,,81369,22,,,0,56,,81351,16,,,0,16,,81370,22,,,0,15,,81352,16,,,0,16,,81371,22,,,0,56,,81353,16,,,0,16,,81372,22,,,0,16,,81354,16,,,0,56,,81373,22,,,0,16,,81355,16,,,0,14,,81374,22,,,0,16,,81356,16,,,0,55,,81375,22,,,0,16,,81357,16,,,0,16,,81376,22,,,0,16,,81358,16,,,0,55,,81377,22,,,0,16,,81359,16,,,0,16,,81378,22,,,0,16,,81360,16,,,0,55,,81379,22,,,0,14,,81361,16,,,0,14,,81380,22,,,0,14,,81362,16,,,0,54,,81381,22,,,0,14,,81363,16,,,0,15,,81382,22,,,0,14,,81364,22,,,0,54,,81383,22,,,0,15,,81365,22,,,0,15,,81384,22,,,0,15,,81366,22,,,0,55,,81385,22,,,0,15,,81367,22,,,0,14,,81386,22,,,0,14,,81368,22,,,0,14,,81336,22,,,0,58,,81387,22,,,0,19,,81392,16,,,0,20,,81388,22,,,0,61,,81393,16,,,0,19,,81389,16,,,0,18,,81394,16,,,0,60,,81390,16,,,0,20,,81395,16,,,0,20,,81391,16,,,0
1000001,'7_2',552,,83254,16,,,0,57,,83269,16,,,0,15,,83268,16,,,0,15,,83267,16,,,0,15,,83266,16,,,0,55,,83265,16,,,0,15,,83257,16,,,0,15,,83255,22,,,0,14,,83258,22,,,0,55,,83259,22,,,0,15,,83260,22,,,0,15,,83261,22,,,0,16,,83262,22,,,0,54,,83263,22,,,0,15,,83264,22,,,0,15,,83270,16,,,0,15,,83289,22,,,0,56,,83271,16,,,0,16,,83290,22,,,0,15,,83272,16,,,0,16,,83291,22,,,0,56,,83273,16,,,0,16,,83292,22,,,0,16,,83274,16,,,0,56,,83293,22,,,0,16,,83275,16,,,0,14,,83294,22,,,0,16,,83276,16,,,0,55,,83295,22,,,0,16,,83277,16,,,0,16,,83296,22,,,0,16,,83278,16,,,0,55,,83297,22,,,0,16,,83279,16,,,0,16,,83298,22,,,0,16,,83280,16,,,0,55,,83299,22,,,0,14,,83281,16,,,0,14,,83300,22,,,0,14,,83282,16,,,0,54,,83301,22,,,0,14,,83283,16,,,0,15,,83302,22,,,0,14,,83284,22,,,0,54,,83303,22,,,0,15,,83285,22,,,0,15,,83304,22,,,0,15,,83286,22,,,0,55,,83305,22,,,0,15,,83287,22,,,0,14,,83306,22,,,0,14,,83288,22,,,0,14,,83256,22,,,0,58,,83307,22,,,0,19,,83312,16,,,0,20,,83308,22,,,0,61,,83313,16,,,0,19,,83309,16,,,0,18,,83314,16,,,0,60,,83310,16,,,0,20,,83315,16,,,0,20,,83311,16,,,0
1000001,'7_3',552,,83316,16,,,0,57,,83331,16,,,0,15,,83330,16,,,0,15,,83329,16,,,0,15,,83328,16,,,0,55,,83327,16,,,0,15,,83319,16,,,0,15,,83317,22,,,0,14,,83320,22,,,0,55,,83321,22,,,0,15,,83322,22,,,0,15,,83323,22,,,0,16,,83324,22,,,0,54,,83325,22,,,0,15,,83326,22,,,0,15,,83332,16,,,0,15,,83351,22,,,0,56,,83333,16,,,0,16,,83352,22,,,0,15,,83334,16,,,0,16,,83353,22,,,0,56,,83335,16,,,0,16,,83354,22,,,0,16,,83336,16,,,0,56,,83355,22,,,0,16,,83337,16,,,0,14,,83356,22,,,0,16,,83338,16,,,0,55,,83357,22,,,0,16,,83339,16,,,0,16,,83358,22,,,0,16,,83340,16,,,0,55,,83359,22,,,0,16,,83341,16,,,0,16,,83360,22,,,0,16,,83342,16,,,0,55,,83361,22,,,0,14,,83343,16,,,0,14,,83362,22,,,0,14,,83344,16,,,0,54,,83363,22,,,0,14,,83345,16,,,0,15,,83364,22,,,0,14,,83346,22,,,0,54,,83365,22,,,0,15,,83347,22,,,0,15,,83366,22,,,0,15,,83348,22,,,0,55,,83367,22,,,0,15,,83349,22,,,0,14,,83368,22,,,0,14,,83350,22,,,0,14,,83318,22,,,0,58,,83369,22,,,0,19,,83374,16,,,0,20,,83370,22,,,0,61,,83375,16,,,0,19,,83371,16,,,0,18,,83376,16,,,0,60,,83372,16,,,0,20,,83377,16,,,0,20,,83373,16,,,0
1000001,'7_4',552,,79735,16,,,0,57,,79750,16,,,0,15,,79749,16,,,0,15,,79748,16,,,0,15,,79747,16,,,0,55,,79746,16,,,0,15,,79738,16,,,0,15,,79736,22,,,0,14,,79739,22,,,0,55,,79740,22,,,0,15,,79741,22,,,0,15,,79742,22,,,0,16,,79743,22,,,0,54,,79744,22,,,0,15,,79745,22,,,0,15,,79751,16,,,0,15,,79770,22,,,0,56,,79752,16,,,0,16,,79771,22,,,0,15,,79753,16,,,0,16,,79772,22,,,0,56,,79754,16,,,0,16,,79773,22,,,0,16,,79755,16,,,0,56,,79774,22,,,0,16,,79756,16,,,0,14,,79775,22,,,0,16,,79757,16,,,0,55,,79776,22,,,0,16,,79758,16,,,0,16,,79777,22,,,0,16,,79759,16,,,0,55,,79778,22,,,0,16,,79760,16,,,0,16,,79779,22,,,0,16,,79761,16,,,0,55,,79780,22,,,0,14,,79762,16,,,0,14,,79781,22,,,0,14,,79763,16,,,0,54,,79782,22,,,0,14,,79764,16,,,0,15,,79783,22,,,0,14,,79765,22,,,0,54,,79784,22,,,0,15,,79766,22,,,0,15,,79785,22,,,0,15,,79767,22,,,0,55,,79786,22,,,0,15,,79768,22,,,0,14,,79787,22,,,0,14,,79769,22,,,0,14,,79737,22,,,0,58,,79788,22,,,0,19,,79793,16,,,0,20,,79789,22,,,0,61,,79794,16,,,0,19,,79790,16,,,0,18,,79795,16,,,0,60,,79791,16,,,0,20,,79796,16,,,0,20,,79792,16,,,0
1000001,'7_5',552,,81396,16,,,0,57,,81411,16,,,0,15,,81410,16,,,0,15,,81409,16,,,0,15,,81408,16,,,0,55,,81407,16,,,0,15,,81399,16,,,0,15,,81397,22,,,0,14,,81400,22,,,0,55,,81401,22,,,0,15,,81402,22,,,0,15,,81403,22,,,0,16,,81404,22,,,0,54,,81405,22,,,0,15,,81406,22,,,0,15,,81412,16,,,0,15,,81431,22,,,0,56,,81413,16,,,0,16,,81432,22,,,0,15,,81414,16,,,0,16,,81433,22,,,0,56,,81415,16,,,0,16,,81434,22,,,0,16,,81416,16,,,0,56,,81435,22,,,0,16,,81417,16,,,0,14,,81436,22,,,0,16,,81418,16,,,0,55,,81437,22,,,0,16,,81419,16,,,0,16,,81438,22,,,0,16,,81420,16,,,0,55,,81439,22,,,0,16,,81421,16,,,0,16,,81440,22,,,0,16,,81422,16,,,0,55,,81441,22,,,0,14,,81423,16,,,0,14,,81442,22,,,0,14,,81424,16,,,0,54,,81443,22,,,0,14,,81425,16,,,0,15,,81444,22,,,0,14,,81426,22,,,0,54,,81445,22,,,0,15,,81427,22,,,0,15,,81446,22,,,0,15,,81428,22,,,0,55,,81447,22,,,0,15,,81429,22,,,0,14,,81448,22,,,0,14,,81430,22,,,0,14,,81398,22,,,0,58,,81449,22,,,0,19,,81454,16,,,0,20,,81450,22,,,0,61,,81455,16,,,0,19,,81451,16,,,0,18,,81456,16,,,0,60,,81452,16,,,0,20,,81457,16,,,0,20,,81453,16,,,0
