200,'0_4',707,,94649,17,0,35 37,0,4,,94681,20,0,38,0,8,,94655,17,0,9 10,0,13,,94682,20,0,38,0,20,,94676,8,0,34,0,55,,94656,20,0,35 37,0,15,,94683,17,0,38,0,15,,94687,17,0,9 10,0,10,,94650,20,0,9 10,0,60,,94677,8,0,34,0,15,,94660,17,0,35 37,0,20,,94670,20,0,9 10,0,70,,94663,17,0,34,0,29,,94651,20,0,35 37,0,80,,94664,17,0,34,0,36,,94671,8,0,35 37,0,51,,94678,8,0,9 10,0,15,,94661,20,0,34,0,20,,94672,17,0,35 37,0,65,,94666,8,0,34,0,24,,94652,17,0,35 37,0,70,,94665,20,0,34,0,30,,94673,17,0,35 37,0,70,,94662,17,0,34,0,25,,94679,20,0,38,0,27,,94674,17,0,35 37,0,58,,94680,17,0,34,0,15,,94684,8,0,38,0,29,,94653,8,0,35 37,0,49,,94685,17,0,38,0,9,,94667,20,0,34,0,17,,94657,17,0,38,0,21,,94675,20,0,35 37,0,55,,94658,17,0,38,0,15,,94668,20,0,34,0,17,,94686,17,0,38,0,20,,94659,20,0,38,0,55,,94654,17,0,35 37,0,10,,94669,20,0,34,0
200,'0_5',707,,94688,17,0,35 37,0,4,,94720,20,0,38,0,8,,94694,17,0,9 10,0,13,,94721,20,0,38,0,20,,94715,8,0,34,0,55,,94695,20,0,35 37,0,15,,94722,17,0,38,0,15,,94726,17,0,9 10,0,10,,94689,20,0,9 10,0,60,,94716,8,0,34,0,15,,94699,17,0,35 37,0,20,,94709,20,0,9 10,0,70,,94702,17,0,34,0,29,,94690,20,0,35 37,0,80,,94703,17,0,34,0,36,,94710,8,0,35 37,0,51,,94717,8,0,9 10,0,15,,94700,20,0,34,0,20,,94711,17,0,35 37,0,65,,94705,8,0,34,0,24,,94691,17,0,35 37,0,70,,94704,20,0,34,0,30,,94712,17,0,35 37,0,70,,94701,17,0,34,0,25,,94718,20,0,38,0,27,,94713,17,0,35 37,0,58,,94719,17,0,34,0,15,,94723,8,0,38,0,29,,94692,8,0,35 37,0,49,,94724,17,0,38,0,9,,94706,20,0,34,0,17,,94696,17,0,38,0,21,,94714,20,0,35 37,0,55,,94697,17,0,38,0,15,,94707,20,0,34,0,17,,94725,17,0,38,0,20,,94698,20,0,38,0,55,,94693,17,0,35 37,0,10,,94708,20,0,34,0
200,'1_3',707,,94727,17,0,35 37,0,4,,94759,20,0,38,0,8,,94733,17,0,9 10,0,13,,94760,20,0,38,0,20,,94754,8,0,34,0,55,,94734,20,0,35 37,0,15,,94761,17,0,38,0,15,,94765,17,0,9 10,0,10,,94728,20,0,9 10,0,60,,94755,8,0,34,0,15,,94738,17,0,35 37,0,20,,94748,20,0,9 10,0,70,,94741,17,0,34,0,29,,94729,20,0,35 37,0,80,,94742,17,0,34,0,36,,94749,8,0,35 37,0,51,,94756,8,0,9 10,0,15,,94739,20,0,34,0,20,,94750,17,0,35 37,0,65,,94744,8,0,34,0,24,,94730,17,0,35 37,0,70,,94743,20,0,34,0,30,,94751,17,0,35 37,0,70,,94740,17,0,34,0,25,,94757,20,0,38,0,27,,94752,17,0,35 37,0,58,,94758,17,0,34,0,15,,94762,8,0,38,0,29,,94731,8,0,35 37,0,49,,94763,17,0,38,0,9,,94745,20,0,34,0,17,,94735,17,0,38,0,21,,94753,20,0,35 37,0,55,,94736,17,0,38,0,15,,94746,20,0,34,0,17,,94764,17,0,38,0,20,,94737,20,0,38,0,55,,94732,17,0,35 37,0,10,,94747,20,0,34,0
200,'2_6',703,,94766,20,0,34,0,30,,94777,17,0,35 37,0,20,,94789,8,0,38,0,59,,94767,20,0,34,0,25,,94778,17,0,35 37,0,19,,94790,20,0,38,0,61,,94768,17,0,34,0,26,,94779,8,0,35 37,0,60,,94791,8,0,38,0,19,,94769,20,0,34,0,25,,94780,17,0,35 37,0,62,,94792,8,0,38,0,24,,94770,20,0,34,0,24,,94781,17,0,35 37,0,61,,94793,8,0,38,0,20,,94771,18,0,34,0,19,,94782,8,0,35 37,0,60,,94794,17,0,38,0,19,,94772,20,0,34,0,20,,94783,17,0,35 37,0,61,,94795,8,0,38,0,21,,94773,20,0,34,0,21,,94784,17,0,35 37,0,62,,94796,8,0,38,0,22,,94774,20,0,34,0,67,,94785,17,0,35 37,0,18,,94797,8,0,38,0,18,,94775,20,0,34,0,64,,94786,17,0,35 37,0,18,,94798,8,0,38,0,19,,94776,20,0,34,0,59,,94800,17,0,35 37,0,26,,94799,8,0,38,0,68,,94787,20,0,35 37,0,24,,94788,17,0,34,0
200,'3_7',929,,94801,17,0,38,0,125,,94802,17,0,38,0,165,,94803,17,0,38,0,110,,94804,17,0,38,0,125,,94805,17,0,38,0,165,,94806,17,0,38,0,125,,94807,17,0,38,0,165,,94808,17,0,38,0
200,'4_1',707,,94809,17,0,35 37,0,4,,94841,20,0,38,0,8,,94815,17,0,9 10,0,13,,94842,20,0,38,0,20,,94836,8,0,34,0,55,,94816,20,0,35 37,0,15,,94843,17,0,38,0,15,,94847,17,0,9 10,0,10,,94810,20,0,9 10,0,60,,94837,8,0,34,0,15,,94820,17,0,35 37,0,20,,94830,20,0,9 10,0,70,,94823,17,0,34,0,29,,94811,20,0,35 37,0,80,,94824,17,0,34,0,36,,94831,8,0,35 37,0,51,,94838,8,0,9 10,0,15,,94821,20,0,34,0,20,,94832,17,0,35 37,0,65,,94826,8,0,34,0,24,,94812,17,0,35 37,0,70,,94825,20,0,34,0,30,,94833,17,0,35 37,0,70,,94822,17,0,34,0,25,,94839,20,0,38,0,27,,94834,17,0,35 37,0,58,,94840,17,0,34,0,15,,94844,8,0,38,0,29,,94813,8,0,35 37,0,49,,94845,17,0,38,0,9,,94827,20,0,34,0,17,,94817,17,0,38,0,21,,94835,20,0,35 37,0,55,,94818,17,0,38,0,15,,94828,20,0,34,0,17,,94846,17,0,38,0,20,,94819,20,0,38,0,55,,94814,17,0,35 37,0,10,,94829,20,0,34,0
200,'4_2',707,,94848,17,0,35 37,0,4,,94880,20,0,38,0,8,,94854,17,0,9 10,0,13,,94881,20,0,38,0,20,,94875,8,0,34,0,55,,94855,20,0,35 37,0,15,,94882,17,0,38,0,15,,94886,17,0,9 10,0,10,,94849,20,0,9 10,0,60,,94876,8,0,34,0,15,,94859,17,0,35 37,0,20,,94869,20,0,9 10,0,70,,94862,17,0,34,0,29,,94850,20,0,35 37,0,80,,94863,17,0,34,0,36,,94870,8,0,35 37,0,51,,94877,8,0,9 10,0,15,,94860,20,0,34,0,20,,94871,17,0,35 37,0,65,,94865,8,0,34,0,24,,94851,17,0,35 37,0,70,,94864,20,0,34,0,30,,94872,17,0,35 37,0,70,,94861,17,0,34,0,25,,94878,20,0,38,0,27,,94873,17,0,35 37,0,58,,94879,17,0,34,0,15,,94883,8,0,38,0,29,,94852,8,0,35 37,0,49,,94884,17,0,38,0,9,,94866,20,0,34,0,17,,94856,17,0,38,0,21,,94874,20,0,35 37,0,55,,94857,17,0,38,0,15,,94867,20,0,34,0,17,,94885,17,0,38,0,20,,94858,20,0,38,0,55,,94853,17,0,35 37,0,10,,94868,20,0,34,0
200,'4_4',707,,94887,17,0,35 37,0,4,,94919,20,0,38,0,8,,94893,17,0,9 10,0,13,,94920,20,0,38,0,20,,94914,8,0,34,0,55,,94894,20,0,35 37,0,15,,94921,17,0,38,0,15,,94925,17,0,9 10,0,10,,94888,20,0,9 10,0,60,,94915,8,0,34,0,15,,94898,17,0,35 37,0,20,,94908,20,0,9 10,0,70,,94901,17,0,34,0,29,,94889,20,0,35 37,0,80,,94902,17,0,34,0,36,,94909,8,0,35 37,0,51,,94916,8,0,9 10,0,15,,94899,20,0,34,0,20,,94910,17,0,35 37,0,65,,94904,8,0,34,0,24,,94890,17,0,35 37,0,70,,94903,20,0,34,0,30,,94911,17,0,35 37,0,70,,94900,17,0,34,0,25,,94917,20,0,38,0,27,,94912,17,0,35 37,0,58,,94918,17,0,34,0,15,,94922,8,0,38,0,29,,94891,8,0,35 37,0,49,,94923,17,0,38,0,9,,94905,20,0,34,0,17,,94895,17,0,38,0,21,,94913,20,0,35 37,0,55,,94896,17,0,38,0,15,,94906,20,0,34,0,17,,94924,17,0,38,0,20,,94897,20,0,38,0,55,,94892,17,0,35 37,0,10,,94907,20,0,34,0
200,'4_5',707,,94926,17,0,35 37,0,4,,94958,20,0,38,0,8,,94932,17,0,9 10,0,13,,94959,20,0,38,0,20,,94953,8,0,34,0,55,,94933,20,0,35 37,0,15,,94960,17,0,38,0,15,,94964,17,0,9 10,0,10,,94927,20,0,9 10,0,60,,94954,8,0,34,0,15,,94937,17,0,35 37,0,20,,94947,20,0,9 10,0,70,,94940,17,0,34,0,29,,94928,20,0,35 37,0,80,,94941,17,0,34,0,36,,94948,8,0,35 37,0,51,,94955,8,0,9 10,0,15,,94938,20,0,34,0,20,,94949,17,0,35 37,0,65,,94943,8,0,34,0,24,,94929,17,0,35 37,0,70,,94942,20,0,34,0,30,,94950,17,0,35 37,0,70,,94939,17,0,34,0,25,,94956,20,0,38,0,27,,94951,17,0,35 37,0,58,,94957,17,0,34,0,15,,94961,8,0,38,0,29,,94930,8,0,35 37,0,49,,94962,17,0,38,0,9,,94944,20,0,34,0,17,,94934,17,0,38,0,21,,94952,20,0,35 37,0,55,,94935,17,0,38,0,15,,94945,20,0,34,0,17,,94963,17,0,38,0,20,,94936,20,0,38,0,55,,94931,17,0,35 37,0,10,,94946,20,0,34,0
200,'5_7',929,,94965,17,0,38,0,125,,94966,17,0,38,0,165,,94967,17,0,38,0,110,,94968,17,0,38,0,125,,94969,17,0,38,0,165,,94970,17,0,38,0,125,,94971,17,0,38,0,165,,94972,17,0,38,0
