101,'1_3',725,,94441,36,0,6,0,7,,94473,4,0,7,0,3,,94471,30,0,7,0,20,,94442,36,0,6,0,55,,94469,30,0,5,0,15,,94443,36,0,6,0,17,,94472,36,0,5,0,13,,94456,30,0,7,0,65,,94447,30,0,6,0,80,,94457,36,0,5,0,35,,94448,30,0,6,0,80,,94460,30,0,5,0,35,,94449,30,0,6,0,70,,94461,30,0,5,0,20,,94450,30,0,6,0,75,,94462,30,0,5,0,38,,94444,36,0,6,0,67,,94458,36,0,5,0,30,,94451,30,0,6,0,65,,94463,30,0,5,0,35,,94452,30,0,6,0,61,,94464,30,0,5,0,28,,94453,30,0,6,0,12,,94468,4,0,5,0,61,,94454,30,0,6,0,20,,94459,36,0,5,0,19,,94455,30,0,6,0,65,,94465,30,0,5,0,14,,94445,36,0,6,0,17,,94466,30,0,5,0,68,,94446,36,0,6,0,35,,94467,30,0,5,0
101,'2_6',724,,94474,30,0,5,0,115,,94475,30,0,5,0,106,,94476,30,0,5,0,70,,94487,30,0,6,0,29,,94477,30,0,5,0,71,,94488,30,0,6,0,30,,94478,30,0,5,0,70,,94489,30,0,6,0,29,,94479,30,0,5,0,69,,94490,30,0,6,0,31,,94480,30,0,5,0,70,,94491,30,0,6,0,30,,94481,30,0,5,0,70,,94492,30,0,6,0,31,,94482,30,0,5,0,71,,94493,30,0,6,0,31,,94483,30,0,5,0,69,,94494,30,0,6,0,33,,94484,30,0,5,0,70,,94495,30,0,6,0,35,,94485,30,0,5,0,65,,94496,30,0,6,0,26,,94486,30,0,5,0
101,'4_1',725,,94507,36,0,6,0,7,,94539,4,0,7,0,3,,94537,30,0,7,0,20,,94508,36,0,6,0,55,,94535,30,0,5,0,15,,94509,36,0,6,0,17,,94538,36,0,5,0,13,,94522,30,0,7,0,65,,94513,30,0,6,0,80,,94523,36,0,5,0,35,,94514,30,0,6,0,80,,94526,30,0,5,0,35,,94515,30,0,6,0,70,,94527,30,0,5,0,20,,94516,30,0,6,0,75,,94528,30,0,5,0,38,,94510,36,0,6,0,67,,94524,36,0,5,0,30,,94517,30,0,6,0,65,,94529,30,0,5,0,35,,94518,30,0,6,0,61,,94530,30,0,5,0,28,,94519,30,0,6,0,12,,94534,4,0,5,0,61,,94520,30,0,6,0,20,,94525,36,0,5,0,19,,94521,30,0,6,0,65,,94531,30,0,5,0,14,,94511,36,0,6,0,17,,94532,30,0,5,0,68,,94512,36,0,6,0,35,,94533,30,0,5,0
101,'4_2',725,,94540,36,0,6,0,7,,94572,4,0,7,0,3,,94570,30,0,7,0,20,,94541,36,0,6,0,55,,94568,30,0,5,0,15,,94542,36,0,6,0,17,,94571,36,0,5,0,13,,94555,30,0,7,0,65,,94546,30,0,6,0,80,,94556,36,0,5,0,35,,94547,30,0,6,0,80,,94559,30,0,5,0,35,,94548,30,0,6,0,70,,94560,30,0,5,0,20,,94549,30,0,6,0,75,,94561,30,0,5,0,38,,94543,36,0,6,0,67,,94557,36,0,5,0,30,,94550,30,0,6,0,65,,94562,30,0,5,0,35,,94551,30,0,6,0,61,,94563,30,0,5,0,28,,94552,30,0,6,0,12,,94567,4,0,5,0,61,,94553,30,0,6,0,20,,94558,36,0,5,0,19,,94554,30,0,6,0,65,,94564,30,0,5,0,14,,94544,36,0,6,0,17,,94565,30,0,5,0,68,,94545,36,0,6,0,35,,94566,30,0,5,0
101,'4_4',725,,94573,36,0,6,0,7,,94605,4,0,7,0,3,,94603,30,0,7,0,20,,94574,36,0,6,0,55,,94601,30,0,5,0,15,,94575,36,0,6,0,17,,94604,36,0,5,0,13,,94588,30,0,7,0,65,,94579,30,0,6,0,80,,94589,36,0,5,0,35,,94580,30,0,6,0,80,,94592,30,0,5,0,35,,94581,30,0,6,0,70,,94593,30,0,5,0,20,,94582,30,0,6,0,75,,94594,30,0,5,0,38,,94576,36,0,6,0,67,,94590,36,0,5,0,30,,94583,30,0,6,0,65,,94595,30,0,5,0,35,,94584,30,0,6,0,61,,94596,30,0,5,0,28,,94585,30,0,6,0,12,,94600,4,0,5,0,61,,94586,30,0,6,0,20,,94591,36,0,5,0,19,,94587,30,0,6,0,65,,94597,30,0,5,0,14,,94577,36,0,6,0,17,,94598,30,0,5,0,68,,94578,36,0,6,0,35,,94599,30,0,5,0
101,'4_5',725,,94606,36,0,6,0,7,,94638,4,0,7,0,3,,94636,30,0,7,0,20,,94607,36,0,6,0,55,,94634,30,0,5,0,15,,94608,36,0,6,0,17,,94637,36,0,5,0,13,,94621,30,0,7,0,65,,94612,30,0,6,0,80,,94622,36,0,5,0,35,,94613,30,0,6,0,80,,94625,30,0,5,0,35,,94614,30,0,6,0,70,,94626,30,0,5,0,20,,94615,30,0,6,0,75,,94627,30,0,5,0,38,,94609,36,0,6,0,67,,94623,36,0,5,0,30,,94616,30,0,6,0,65,,94628,30,0,5,0,35,,94617,30,0,6,0,61,,94629,30,0,5,0,28,,94618,30,0,6,0,12,,94633,4,0,5,0,61,,94619,30,0,6,0,20,,94624,36,0,5,0,19,,94620,30,0,6,0,65,,94630,30,0,5,0,14,,94610,36,0,6,0,17,,94631,30,0,5,0,68,,94611,36,0,6,0,35,,94632,30,0,5,0
101,'5_7',930,,94639,30,0,6,0,105,,94644,30,0,5,0,105,,94640,30,0,6,0,105,,94645,30,0,5,0,105,,94641,30,0,6,0,90,,94646,30,0,5,0,100,,94642,30,0,6,0,105,,94647,30,0,5,0,105,,94643,30,0,6,0,105,,94648,30,0,5,0
301,'1_3',709,,95642,5,,,0,22,,95616,5,,,0,73,,95643,5,,,0,32,,95617,5,,,0,72,,95618,5,,,0,32,,95619,5,,,0,72,,95620,5,,,0,32,,95621,5,,,0,72,,95622,5,,,0,32,,95623,5,,,0,72,,95624,5,,,0,31,,95625,5,,,0,73,,95626,5,,,0,32,,95627,5,,,0,70,,95628,5,,,0,30,,95629,5,,,0,67,,95630,5,,,0,27,,95631,5,,,0,71,,95632,5,,,0,30,,95633,5,,,0,70,,95634,5,,,0,29,,95635,5,,,0,66,,95636,5,,,0,25,,95637,5,,,0,65,,95638,5,,,0,30,,95639,5,,,0,68,,95640,5,,,0,30,,95641,5,,,0
301,'2_6',720,,95647,5,,,0,30,,95644,5,,,0,70,,95645,5,,,0,30,,95646,5,,,0,70,,95648,5,,,0,30,,95649,5,,,0,70,,95650,5,,,0,29,,95651,5,,,0,71,,95655,5,,,0,30,,95654,5,,,0,69,,95652,5,,,0,29,,95653,5,,,0,69,,95657,5,,,0,29,,95658,5,,,0,70,,95656,5,,,0,31,,95659,5,,,0,70,,95662,5,,,0,32,,95660,5,,,0,73,,95661,5,,,0,31,,95664,5,,,0,72,,95663,5,,,0,30,,95665,5,,,0,72,,95666,5,,,0,29,,95667,5,,,0,70,,95668,5,,,0,29,,95669,5,,,0,70,,95670,5,,,0,24,,95671,5,,,0
301,'4_1',709,,95725,5,,,0,22,,95699,5,,,0,73,,95726,5,,,0,32,,95700,5,,,0,72,,95701,5,,,0,32,,95702,5,,,0,72,,95703,5,,,0,32,,95704,5,,,0,72,,95705,5,,,0,32,,95706,5,,,0,72,,95707,5,,,0,31,,95708,5,,,0,73,,95709,5,,,0,32,,95710,5,,,0,70,,95711,5,,,0,30,,95712,5,,,0,67,,95713,5,,,0,27,,95714,5,,,0,71,,95715,5,,,0,30,,95716,5,,,0,70,,95717,5,,,0,29,,95718,5,,,0,66,,95719,5,,,0,25,,95720,5,,,0,65,,95721,5,,,0,30,,95722,5,,,0,68,,95723,5,,,0,30,,95724,5,,,0
301,'4_2',709,,95753,5,,,0,22,,95727,5,,,0,73,,95754,5,,,0,32,,95728,5,,,0,72,,95729,5,,,0,32,,95730,5,,,0,72,,95731,5,,,0,32,,95732,5,,,0,72,,95733,5,,,0,32,,95734,5,,,0,72,,95735,5,,,0,31,,95736,5,,,0,73,,95737,5,,,0,32,,95738,5,,,0,70,,95739,5,,,0,30,,95740,5,,,0,67,,95741,5,,,0,27,,95742,5,,,0,71,,95743,5,,,0,30,,95744,5,,,0,70,,95745,5,,,0,29,,95746,5,,,0,66,,95747,5,,,0,25,,95748,5,,,0,65,,95749,5,,,0,30,,95750,5,,,0,68,,95751,5,,,0,30,,95752,5,,,0
301,'4_4',709,,95781,5,,,0,22,,95755,5,,,0,73,,95782,5,,,0,32,,95756,5,,,0,72,,95757,5,,,0,32,,95758,5,,,0,72,,95759,5,,,0,32,,95760,5,,,0,72,,95761,5,,,0,32,,95762,5,,,0,72,,95763,5,,,0,31,,95764,5,,,0,73,,95765,5,,,0,32,,95766,5,,,0,70,,95767,5,,,0,30,,95768,5,,,0,67,,95769,5,,,0,27,,95770,5,,,0,71,,95771,5,,,0,30,,95772,5,,,0,70,,95773,5,,,0,29,,95774,5,,,0,66,,95775,5,,,0,25,,95776,5,,,0,65,,95777,5,,,0,30,,95778,5,,,0,68,,95779,5,,,0,30,,95780,5,,,0
301,'4_5',709,,95809,5,,,0,22,,95783,5,,,0,73,,95810,5,,,0,32,,95784,5,,,0,72,,95785,5,,,0,32,,95786,5,,,0,72,,95787,5,,,0,32,,95788,5,,,0,72,,95789,5,,,0,32,,95790,5,,,0,72,,95791,5,,,0,31,,95792,5,,,0,73,,95793,5,,,0,32,,95794,5,,,0,70,,95795,5,,,0,30,,95796,5,,,0,67,,95797,5,,,0,27,,95798,5,,,0,71,,95799,5,,,0,30,,95800,5,,,0,70,,95801,5,,,0,29,,95802,5,,,0,66,,95803,5,,,0,25,,95804,5,,,0,65,,95805,5,,,0,30,,95806,5,,,0,68,,95807,5,,,0,30,,95808,5,,,0
301,'5_7',911,,95811,5,,,0,100,,95812,5,,,0,100,,95813,5,,,0,100,,95814,5,,,0,100,,95815,5,,,0,100,,95816,5,,,0,100,,95817,5,,,0,100,,95818,5,,,0,100,,95819,5,,,0,100,,95820,5,,,0,100,,95821,5,,,0
701,'1_3',727,,96964,20,,,0,109,,96965,20,,,0,110,,96966,20,,,0,110,,96967,20,,,0,150,,96968,20,,,0,110,,96969,20,,,0,110,,96970,20,,,0,110,,96971,20,,,0,110,,96972,20,,,0,110,,96973,20,,,0,150,,96974,20,,,0
701,'2_6',725,,96977,20,,,0,110,,96978,20,,,0,110,,96979,20,,,0,110,,96980,20,,,0,150,,96981,20,,,0,110,,96982,20,,,0,110,,96983,20,,,0,110,,96984,20,,,0,110,,96985,20,,,0,110,,96975,20,,,0,150,,96976,20,,,0
701,'4_1',727,,96986,20,,,0,109,,96987,20,,,0,110,,96988,20,,,0,110,,96989,20,,,0,150,,96990,20,,,0,110,,96991,20,,,0,110,,96992,20,,,0,110,,96993,20,,,0,110,,96994,20,,,0,110,,96995,20,,,0,150,,96996,20,,,0
701,'4_2',727,,96997,20,,,0,109,,96998,20,,,0,110,,96999,20,,,0,110,,97000,20,,,0,150,,97001,20,,,0,110,,97002,20,,,0,110,,97003,20,,,0,110,,97004,20,,,0,110,,97005,20,,,0,110,,97006,20,,,0,150,,97007,20,,,0
701,'4_4',727,,97008,20,,,0,109,,97009,20,,,0,110,,97010,20,,,0,110,,97011,20,,,0,150,,97012,20,,,0,110,,97013,20,,,0,110,,97014,20,,,0,110,,97015,20,,,0,110,,97016,20,,,0,110,,97017,20,,,0,150,,97018,20,,,0
701,'4_5',727,,97019,20,,,0,109,,97020,20,,,0,110,,97021,20,,,0,110,,97022,20,,,0,150,,97023,20,,,0,110,,97024,20,,,0,110,,97025,20,,,0,110,,97026,20,,,0,110,,97027,20,,,0,110,,97028,20,,,0,150,,97029,20,,,0
801,'1_3',830,,97141,3,,,0,110,,97142,3,,,0,110,,97143,3,,,0,157,,97135,3,,,0,111,,97144,3,,,0,111,,97145,3,,,0,112,,97146,3,,,0,75,,97136,3,,,0,35,,97137,3,,,0,70,,97138,3,,,0,34,,97139,3,,,0,75,,97140,3,,,0,74,,97147,3,,,0,35,,97148,3,,,0
801,'4_1',830,,97155,3,,,0,110,,97156,3,,,0,110,,97157,3,,,0,157,,97149,3,,,0,111,,97158,3,,,0,111,,97159,3,,,0,112,,97160,3,,,0,75,,97150,3,,,0,35,,97151,3,,,0,70,,97152,3,,,0,34,,97153,3,,,0,75,,97154,3,,,0,74,,97161,3,,,0,35,,97162,3,,,0
801,'4_2',830,,97169,3,,,0,110,,97170,3,,,0,110,,97171,3,,,0,157,,97163,3,,,0,111,,97172,3,,,0,111,,97173,3,,,0,112,,97174,3,,,0,75,,97164,3,,,0,35,,97165,3,,,0,70,,97166,3,,,0,34,,97167,3,,,0,75,,97168,3,,,0,74,,97175,3,,,0,35,,97176,3,,,0
801,'4_4',830,,97183,3,,,0,110,,97184,3,,,0,110,,97185,3,,,0,157,,97177,3,,,0,111,,97186,3,,,0,111,,97187,3,,,0,112,,97188,3,,,0,75,,97178,3,,,0,35,,97179,3,,,0,70,,97180,3,,,0,34,,97181,3,,,0,75,,97182,3,,,0,74,,97189,3,,,0,35,,97190,3,,,0
801,'4_5',830,,97197,3,,,0,110,,97198,3,,,0,110,,97199,3,,,0,157,,97191,3,,,0,111,,97200,3,,,0,111,,97201,3,,,0,112,,97202,3,,,0,75,,97192,3,,,0,35,,97193,3,,,0,70,,97194,3,,,0,34,,97195,3,,,0,75,,97196,3,,,0,74,,97203,3,,,0,35,,97204,3,,,0
2201,'1_3',1247,,98583,4,,,0,384,,98584,4,,,0,117,,98585,4,,,0,99,,98586,4,,,0
2201,'4_1',1247,,98588,4,,,0,384,,98589,4,,,0,117,,98590,4,,,0,99,,98591,4,,,0
2201,'4_2',1247,,98595,4,,,0,384,,98596,4,,,0,117,,98597,4,,,0,99,,98598,4,,,0
2201,'4_4',1247,,98602,4,,,0,384,,98603,4,,,0,117,,98604,4,,,0,99,,98605,4,,,0
2201,'4_5',1247,,98609,4,,,0,384,,98610,4,,,0,117,,98611,4,,,0,99,,98612,4,,,0
2000001,'1_3',648,,102096,14,,,0,66,,102073,14,,,0,14,,102054,8,,,0,2,,102052,4,0,18 19,0,1,,102056,14,,,0,16,,102081,14,,,0,56,,102064,14,,,0,14,,102099,14,,,0,14,,102046,14,,,0,14,,102074,14,,,0,55,,102058,14,,,0,16,,102082,14,,,0,16,,102066,14,,,0,17,,102090,14,,,0,57,,102047,14,,,0,15,,102080,14,,,0,15,,102057,14,,,0,16,,102083,14,,,0,56,,102065,14,,,0,16,,102092,14,,,0,15,,102048,14,,,0,16,,102078,14,,,0,56,,102063,14,,,0,17,,102084,14,,,0,15,,102072,14,,,0,14,,102091,14,,,0,56,,102050,14,,,0,12,,102075,14,,,0,17,,102059,14,,,0,15,,102086,14,,,0,55,,102067,14,,,0,15,,102095,14,,,0,15,,102051,14,,,0,15,,102076,14,,,0,56,,102060,14,,,0,15,,102085,14,,,0,16,,102068,14,,,0,14,,102094,14,,,0,55,,102049,14,,,0,16,,102077,14,,,0,17,,102061,14,,,0,56,,102087,14,,,0,17,,102069,14,,,0,17,,102045,14,,,0,16,,102093,14,,,0,56,,102100,14,,,0,12,,102079,14,,,0,13,,102062,14,,,0,14,,102088,14,,,0,54,,102070,14,,,0,11,,102044,14,,,0,13,,102097,14,,,0,14,,102053,14,,,0,62,,102089,14,,,0,20,,102071,14,,,0,20,,102098,14,,,0,60,,102055,14,,,0
2000001,'2_6',651,,102101,14,,,0,81,,102102,14,,,0,79,,102103,14,,,0,31,,102141,14,,,0,61,,102105,14,,,0,20,,102104,14,,,0,21,,102106,14,,,0,60,,102107,14,,,0,19,,102109,14,,,0,18,,102108,14,,,0,60,,102114,14,,,0,20,,102112,14,,,0,17,,102116,14,,,0,19,,102110,14,,,0,59,,102115,14,,,0,20,,102111,14,,,0,17,,102113,14,,,0,58,,102122,14,,,0,18,,102119,14,,,0,20,,102120,14,,,0,61,,102121,14,,,0,18,,102118,14,,,0,17,,102117,14,,,0,59,,102123,14,,,0,22,,102124,14,,,0,20,,102126,14,,,0,59,,102125,14,,,0,19,,102127,14,,,0,20,,102128,14,,,0,61,,102129,14,,,0,20,,102131,14,,,0,19,,102130,14,,,0,59,,102132,14,,,0,19,,102133,14,,,0,19,,102134,14,,,0,59,,102135,14,,,0,17,,102136,14,,,0,18,,102137,14,,,0,22,,102138,14,,,0,64,,102139,14,,,0,23,,102140,14,,,0
2000001,'4_1',648,,102212,14,,,0,66,,102189,14,,,0,14,,102170,8,,,0,2,,102168,4,0,18 19,0,1,,102172,14,,,0,16,,102197,14,,,0,56,,102180,14,,,0,14,,102215,14,,,0,14,,102162,14,,,0,14,,102190,14,,,0,55,,102174,14,,,0,16,,102198,14,,,0,16,,102182,14,,,0,17,,102206,14,,,0,57,,102163,14,,,0,15,,102196,14,,,0,15,,102173,14,,,0,16,,102199,14,,,0,56,,102181,14,,,0,16,,102208,14,,,0,15,,102164,14,,,0,16,,102194,14,,,0,56,,102179,14,,,0,17,,102200,14,,,0,15,,102188,14,,,0,14,,102207,14,,,0,56,,102166,14,,,0,12,,102191,14,,,0,17,,102175,14,,,0,15,,102202,14,,,0,55,,102183,14,,,0,15,,102211,14,,,0,15,,102167,14,,,0,15,,102192,14,,,0,56,,102176,14,,,0,15,,102201,14,,,0,16,,102184,14,,,0,14,,102210,14,,,0,55,,102165,14,,,0,16,,102193,14,,,0,17,,102177,14,,,0,56,,102203,14,,,0,17,,102185,14,,,0,17,,102161,14,,,0,16,,102209,14,,,0,56,,102216,14,,,0,12,,102195,14,,,0,13,,102178,14,,,0,14,,102204,14,,,0,54,,102186,14,,,0,11,,102160,14,,,0,13,,102213,14,,,0,14,,102169,14,,,0,62,,102205,14,,,0,20,,102187,14,,,0,20,,102214,14,,,0,60,,102171,14,,,0
2000001,'4_2',648,,102269,14,,,0,66,,102246,14,,,0,14,,102227,8,,,0,2,,102225,4,0,18 19,0,1,,102229,14,,,0,16,,102254,14,,,0,56,,102237,14,,,0,14,,102272,14,,,0,14,,102219,14,,,0,14,,102247,14,,,0,55,,102231,14,,,0,16,,102255,14,,,0,16,,102239,14,,,0,17,,102263,14,,,0,57,,102220,14,,,0,15,,102253,14,,,0,15,,102230,14,,,0,16,,102256,14,,,0,56,,102238,14,,,0,16,,102265,14,,,0,15,,102221,14,,,0,16,,102251,14,,,0,56,,102236,14,,,0,17,,102257,14,,,0,15,,102245,14,,,0,14,,102264,14,,,0,56,,102223,14,,,0,12,,102248,14,,,0,17,,102232,14,,,0,15,,102259,14,,,0,55,,102240,14,,,0,15,,102268,14,,,0,15,,102224,14,,,0,15,,102249,14,,,0,56,,102233,14,,,0,15,,102258,14,,,0,16,,102241,14,,,0,14,,102267,14,,,0,55,,102222,14,,,0,16,,102250,14,,,0,17,,102234,14,,,0,56,,102260,14,,,0,17,,102242,14,,,0,17,,102218,14,,,0,16,,102266,14,,,0,56,,102273,14,,,0,12,,102252,14,,,0,13,,102235,14,,,0,14,,102261,14,,,0,54,,102243,14,,,0,11,,102217,14,,,0,13,,102270,14,,,0,14,,102226,14,,,0,62,,102262,14,,,0,20,,102244,14,,,0,20,,102271,14,,,0,60,,102228,14,,,0
2000001,'4_4',648,,102326,14,,,0,66,,102303,14,,,0,14,,102284,8,,,0,2,,102282,4,0,18 19,0,1,,102286,14,,,0,16,,102311,14,,,0,56,,102294,14,,,0,14,,102329,14,,,0,14,,102276,14,,,0,14,,102304,14,,,0,55,,102288,14,,,0,16,,102312,14,,,0,16,,102296,14,,,0,17,,102320,14,,,0,57,,102277,14,,,0,15,,102310,14,,,0,15,,102287,14,,,0,16,,102313,14,,,0,56,,102295,14,,,0,16,,102322,14,,,0,15,,102278,14,,,0,16,,102308,14,,,0,56,,102293,14,,,0,17,,102314,14,,,0,15,,102302,14,,,0,14,,102321,14,,,0,56,,102280,14,,,0,12,,102305,14,,,0,17,,102289,14,,,0,15,,102316,14,,,0,55,,102297,14,,,0,15,,102325,14,,,0,15,,102281,14,,,0,15,,102306,14,,,0,56,,102290,14,,,0,15,,102315,14,,,0,16,,102298,14,,,0,14,,102324,14,,,0,55,,102279,14,,,0,16,,102307,14,,,0,17,,102291,14,,,0,56,,102317,14,,,0,17,,102299,14,,,0,17,,102275,14,,,0,16,,102323,14,,,0,56,,102330,14,,,0,12,,102309,14,,,0,13,,102292,14,,,0,14,,102318,14,,,0,54,,102300,14,,,0,11,,102274,14,,,0,13,,102327,14,,,0,14,,102283,14,,,0,62,,102319,14,,,0,20,,102301,14,,,0,20,,102328,14,,,0,60,,102285,14,,,0
2000001,'4_5',648,,102383,14,,,0,66,,102360,14,,,0,14,,102341,8,,,0,2,,102339,4,0,18 19,0,1,,102343,14,,,0,16,,102368,14,,,0,56,,102351,14,,,0,14,,102386,14,,,0,14,,102333,14,,,0,14,,102361,14,,,0,55,,102345,14,,,0,16,,102369,14,,,0,16,,102353,14,,,0,17,,102377,14,,,0,57,,102334,14,,,0,15,,102367,14,,,0,15,,102344,14,,,0,16,,102370,14,,,0,56,,102352,14,,,0,16,,102379,14,,,0,15,,102335,14,,,0,16,,102365,14,,,0,56,,102350,14,,,0,17,,102371,14,,,0,15,,102359,14,,,0,14,,102378,14,,,0,56,,102337,14,,,0,12,,102362,14,,,0,17,,102346,14,,,0,15,,102373,14,,,0,55,,102354,14,,,0,15,,102382,14,,,0,15,,102338,14,,,0,15,,102363,14,,,0,56,,102347,14,,,0,15,,102372,14,,,0,16,,102355,14,,,0,14,,102381,14,,,0,55,,102336,14,,,0,16,,102364,14,,,0,17,,102348,14,,,0,56,,102374,14,,,0,17,,102356,14,,,0,17,,102332,14,,,0,16,,102380,14,,,0,56,,102387,14,,,0,12,,102366,14,,,0,13,,102349,14,,,0,14,,102375,14,,,0,54,,102357,14,,,0,11,,102331,14,,,0,13,,102384,14,,,0,14,,102340,14,,,0,62,,102376,14,,,0,20,,102358,14,,,0,20,,102385,14,,,0,60,,102342,14,,,0
2000001,'5_7',824,,102405,14,,,0,80,,102388,14,,,0,40,,102389,14,,,0,80,,102390,14,,,0,80,,102391,14,,,0,40,,102392,14,,,0,80,,102393,14,,,0,80,,102394,14,,,0,40,,102396,14,,,0,80,,102395,14,,,0,80,,102397,14,,,0,40,,102398,14,,,0,80,,102399,14,,,0,80,,102400,14,,,0,40,,102402,14,,,0,80,,102401,14,,,0,80,,102403,14,,,0,40,,102404,14,,,0
