400,'1_3',1317,,95918,57,4,,0,511,,95922,58,4,,0,89,,95919,57,4,,0
400,'4_1',1317,,95984,57,4,,0,511,,95988,58,4,,0,89,,95985,57,4,,0
400,'4_2',1317,,96018,57,4,,0,511,,96022,58,4,,0,89,,96019,57,4,,0
400,'4_4',1317,,96052,57,4,,0,511,,96056,58,4,,0,89,,96053,57,4,,0
400,'4_5',1317,,96086,57,4,,0,511,,96090,58,4,,0,89,,96087,57,4,,0
2300,'1_3',1247,,98623,35,4,,0,3,,98622,35,4,,0
2300,'4_1',1644,,98624,35,4,,0,105,,98625,35,4,,0,95,,98626,35,4,,0
2300,'4_2',1644,,98627,35,4,,0,105,,98628,35,4,,0,95,,98629,35,4,,0
2300,'4_4',1644,,98630,35,4,,0,105,,98631,35,4,,0,95,,98632,35,4,,0
2300,'4_5',1644,,98633,35,4,,0,105,,98634,35,4,,0,95,,98635,35,4,,0
2900400,'1_3',1717,,102487,14,4,,0,97,,102488,14,4,,0
2900400,'4_1',1717,,102489,14,4,,0,97,,102490,14,4,,0
2900400,'4_2',1717,,102491,14,4,,0,97,,102492,14,4,,0
2900400,'4_4',1717,,102493,14,4,,0,97,,102494,14,4,,0
2900400,'4_5',1717,,102495,14,4,,0,97,,102496,14,4,,0
