300,'0_4',643,,95299,6,,,0,64,,95300,6,,,0,30,,95301,6,,,0,66,,95302,6,,,0,25,,95303,6,,,0,30,,95304,6,,,0,72,,95305,6,,,0,72,,95306,6,,,0,32,,95307,6,,,0,72,,95308,6,,,0,32,,95309,6,,,0,72,,95310,6,,,0,32,,95311,6,,,0,72,,95312,6,,,0,32,,95313,6,,,0,72,,95314,6,,,0,32,,95315,6,,,0,72,,95316,6,,,0,31,,95318,6,,,0,67,,95319,6,,,0,28,,95320,6,,,0,69,,95321,6,,,0,30,,95322,6,,,0,71,,95326,6,,,0,31,,95323,6,,,0,71,,95324,6,,,0,33,,95325,6,,,0,70,,95317,6,,,0
300,'0_5',643,,95327,6,,,0,64,,95328,6,,,0,30,,95329,6,,,0,66,,95330,6,,,0,25,,95331,6,,,0,30,,95332,6,,,0,72,,95333,6,,,0,72,,95334,6,,,0,32,,95335,6,,,0,72,,95336,6,,,0,32,,95337,6,,,0,72,,95338,6,,,0,32,,95339,6,,,0,72,,95340,6,,,0,32,,95341,6,,,0,72,,95342,6,,,0,32,,95343,6,,,0,72,,95344,6,,,0,31,,95346,6,,,0,67,,95347,6,,,0,28,,95348,6,,,0,69,,95349,6,,,0,30,,95350,6,,,0,71,,95354,6,,,0,31,,95351,6,,,0,71,,95352,6,,,0,33,,95353,6,,,0,70,,95345,6,,,0
300,'1_3',643,,95355,6,,,0,64,,95356,6,,,0,30,,95357,6,,,0,66,,95358,6,,,0,25,,95359,6,,,0,30,,95360,6,,,0,72,,95361,6,,,0,72,,95362,6,,,0,32,,95363,6,,,0,72,,95364,6,,,0,32,,95365,6,,,0,72,,95366,6,,,0,32,,95367,6,,,0,72,,95368,6,,,0,32,,95369,6,,,0,72,,95370,6,,,0,32,,95371,6,,,0,72,,95372,6,,,0,31,,95374,6,,,0,67,,95375,6,,,0,28,,95376,6,,,0,69,,95377,6,,,0,30,,95378,6,,,0,71,,95382,6,,,0,31,,95379,6,,,0,71,,95380,6,,,0,33,,95381,6,,,0,70,,95373,6,,,0
300,'2_6',647,,95383,6,,,0,69,,95385,6,,,0,28,,95386,6,,,0,69,,95384,6,,,0,30,,95388,6,,,0,69,,95389,6,,,0,28,,95387,6,,,0,71,,95390,6,,,0,30,,95391,6,,,0,70,,95394,6,,,0,31,,95393,6,,,0,70,,95392,6,,,0,29,,95396,6,,,0,69,,95395,6,,,0,29,,95397,6,,,0,69,,95398,6,,,0,32,,95399,6,,,0,71,,95400,6,,,0,31,,95401,6,,,0,70,,95402,6,,,0,32,,95403,6,,,0,72,,95404,6,,,0,30,,95405,6,,,0,71,,95410,6,,,0,31,,95406,6,,,0,70,,95407,6,,,0,28,,95408,6,,,0,71,,95409,6,,,0
300,'3_7',847,,95433,6,,,0,72,,95434,6,,,0,35,,95435,6,,,0,74,,95436,6,,,0,72,,95427,6,,,0,34,,95432,6,,,0,73,,95431,6,,,0,33,,95430,6,,,0,72,,95429,6,,,0,32,,95411,6,,,0,68,,95412,6,,,0,28,,95413,6,,,0,67,,95414,6,,,0,28,,95415,6,,,0,67,,95416,6,,,0,30,,95417,6,,,0,68,,95418,6,,,0,27,,95419,6,,,0,28,,95420,6,,,0,69,,95421,6,,,0,27,,95422,6,,,0,67,,95423,6,,,0,26,,95424,6,,,0,65,,95425,6,,,0,24,,95428,6,,,0,67,,95426,6,,,0
300,'4_1',643,,95437,6,,,0,64,,95438,6,,,0,30,,95439,6,,,0,66,,95440,6,,,0,25,,95441,6,,,0,30,,95442,6,,,0,72,,95443,6,,,0,72,,95444,6,,,0,32,,95445,6,,,0,72,,95446,6,,,0,32,,95447,6,,,0,72,,95448,6,,,0,32,,95449,6,,,0,72,,95450,6,,,0,32,,95451,6,,,0,72,,95452,6,,,0,32,,95453,6,,,0,72,,95454,6,,,0,31,,95456,6,,,0,67,,95457,6,,,0,28,,95458,6,,,0,69,,95459,6,,,0,30,,95460,6,,,0,71,,95464,6,,,0,31,,95461,6,,,0,71,,95462,6,,,0,33,,95463,6,,,0,70,,95455,6,,,0
300,'4_2',643,,95465,6,,,0,64,,95466,6,,,0,30,,95467,6,,,0,66,,95468,6,,,0,25,,95469,6,,,0,30,,95470,6,,,0,72,,95471,6,,,0,72,,95472,6,,,0,32,,95473,6,,,0,72,,95474,6,,,0,32,,95475,6,,,0,72,,95476,6,,,0,32,,95477,6,,,0,72,,95478,6,,,0,32,,95479,6,,,0,72,,95480,6,,,0,32,,95481,6,,,0,72,,95482,6,,,0,31,,95484,6,,,0,67,,95485,6,,,0,28,,95486,6,,,0,69,,95487,6,,,0,30,,95488,6,,,0,71,,95492,6,,,0,31,,95489,6,,,0,71,,95490,6,,,0,33,,95491,6,,,0,70,,95483,6,,,0
300,'4_4',643,,95493,6,,,0,64,,95494,6,,,0,30,,95495,6,,,0,66,,95496,6,,,0,25,,95497,6,,,0,30,,95498,6,,,0,72,,95499,6,,,0,72,,95500,6,,,0,32,,95501,6,,,0,72,,95502,6,,,0,32,,95503,6,,,0,72,,95504,6,,,0,32,,95505,6,,,0,72,,95506,6,,,0,32,,95507,6,,,0,72,,95508,6,,,0,32,,95509,6,,,0,72,,95510,6,,,0,31,,95512,6,,,0,67,,95513,6,,,0,28,,95514,6,,,0,69,,95515,6,,,0,30,,95516,6,,,0,71,,95520,6,,,0,31,,95517,6,,,0,71,,95518,6,,,0,33,,95519,6,,,0,70,,95511,6,,,0
300,'4_5',643,,95521,6,,,0,64,,95522,6,,,0,30,,95523,6,,,0,66,,95524,6,,,0,25,,95525,6,,,0,30,,95526,6,,,0,72,,95527,6,,,0,72,,95528,6,,,0,32,,95529,6,,,0,72,,95530,6,,,0,32,,95531,6,,,0,72,,95532,6,,,0,32,,95533,6,,,0,72,,95534,6,,,0,32,,95535,6,,,0,72,,95536,6,,,0,32,,95537,6,,,0,72,,95538,6,,,0,31,,95540,6,,,0,67,,95541,6,,,0,28,,95542,6,,,0,69,,95543,6,,,0,30,,95544,6,,,0,71,,95548,6,,,0,31,,95545,6,,,0,71,,95546,6,,,0,33,,95547,6,,,0,70,,95539,6,,,0
300,'5_7',902,,95549,6,,,0,100,,95550,6,,,0,100,,95551,6,,,0,100,,95552,6,,,0,100,,95553,6,,,0,100,,95554,6,,,0,100,,95555,6,,,0,100,,95556,6,,,0,100,,95557,6,,,0,100,,95558,6,,,0,100,,95559,6,,,0
