1900,'0_4',820,,98317,8,4,,0
1900,'0_5',820,,98325,8,4,,0
1900,'1_3',820,,98333,8,4,,0
1900,'4_1',820,,98342,8,4,,0
1900,'4_2',820,,98350,8,4,,0
1900,'4_4',820,,98358,8,4,,0
1900,'4_5',820,,98366,8,4,,0
1901,'0_4',1605,,98382,1,0,49,0,100,,98378,1,,,0
1901,'0_5',1605,,98391,1,0,49,0,100,,98387,1,,,0
1901,'1_3',1243,,98397,1,,,0
1901,'4_1',1605,,98406,1,0,49,0,100,,98402,1,,,0
1901,'4_2',1605,,98415,1,0,49,0,100,,98411,1,,,0
1901,'4_4',1605,,98424,1,0,49,0,100,,98420,1,,,0
1901,'4_5',1605,,98433,1,0,49,0,100,,98429,1,,,0
