101,'S2-0_2',734,,84473,41,0,6,0,7,,84505,9,0,7,0,2,,84503,35,0,7,0,60,,84474,41,0,6,0,14,,84501,35,0,5,0,15,,84475,41,0,6,0,17,,84504,41,0,5,0,53,,84488,35,0,7,0,25,,84479,35,0,6,0,81,,84489,41,0,5,0,35,,84480,35,0,6,0,80,,84492,35,0,5,0,35,,84481,35,0,6,0,69,,84493,35,0,5,0,20,,84482,35,0,6,0,75,,84494,35,0,5,0,79,,84476,41,0,6,0,27,,84490,41,0,5,0,29,,84483,35,0,6,0,65,,84495,35,0,5,0,35,,84484,35,0,6,0,62,,84496,35,0,5,0,29,,84485,35,0,6,0,52,,84500,9,0,5,0,21,,84486,35,0,6,0,21,,84491,41,0,5,0,59,,84487,35,0,6,0,23,,84497,35,0,5,0,13,,84477,41,0,6,0,16,,84498,35,0,5,0,68,,84478,41,0,6,0,35,,84499,35,0,5,0
101,'S2-0_4',734,,84506,41,0,6,0,7,,84538,9,0,7,0,2,,84536,35,0,7,0,60,,84507,41,0,6,0,14,,84534,35,0,5,0,15,,84508,41,0,6,0,17,,84537,41,0,5,0,53,,84521,35,0,7,0,25,,84512,35,0,6,0,81,,84522,41,0,5,0,35,,84513,35,0,6,0,80,,84525,35,0,5,0,35,,84514,35,0,6,0,69,,84526,35,0,5,0,20,,84515,35,0,6,0,75,,84527,35,0,5,0,79,,84509,41,0,6,0,27,,84523,41,0,5,0,29,,84516,35,0,6,0,65,,84528,35,0,5,0,35,,84517,35,0,6,0,62,,84529,35,0,5,0,29,,84518,35,0,6,0,52,,84533,9,0,5,0,21,,84519,35,0,6,0,21,,84524,41,0,5,0,59,,84520,35,0,6,0,23,,84530,35,0,5,0,13,,84510,41,0,6,0,16,,84531,35,0,5,0,68,,84511,41,0,6,0,35,,84532,35,0,5,0
101,'S2-0_5',734,,84539,41,0,6,0,7,,84571,9,0,7,0,2,,84569,35,0,7,0,60,,84540,41,0,6,0,14,,84567,35,0,5,0,15,,84541,41,0,6,0,17,,84570,41,0,5,0,53,,84554,35,0,7,0,25,,84545,35,0,6,0,81,,84555,41,0,5,0,35,,84546,35,0,6,0,80,,84558,35,0,5,0,35,,84547,35,0,6,0,69,,84559,35,0,5,0,20,,84548,35,0,6,0,75,,84560,35,0,5,0,79,,84542,41,0,6,0,27,,84556,41,0,5,0,29,,84549,35,0,6,0,65,,84561,35,0,5,0,35,,84550,35,0,6,0,62,,84562,35,0,5,0,29,,84551,35,0,6,0,52,,84566,9,0,5,0,21,,84552,35,0,6,0,21,,84557,41,0,5,0,59,,84553,35,0,6,0,23,,84563,35,0,5,0,13,,84543,41,0,6,0,16,,84564,35,0,5,0,68,,84544,41,0,6,0,35,,84565,35,0,5,0
101,'S2-1_3',734,,84572,41,0,6,0,7,,84604,9,0,7,0,2,,84602,35,0,7,0,60,,84573,41,0,6,0,14,,84600,35,0,5,0,15,,84574,41,0,6,0,17,,84603,41,0,5,0,53,,84587,35,0,7,0,25,,84578,35,0,6,0,81,,84588,41,0,5,0,35,,84579,35,0,6,0,80,,84591,35,0,5,0,35,,84580,35,0,6,0,69,,84592,35,0,5,0,20,,84581,35,0,6,0,75,,84593,35,0,5,0,79,,84575,41,0,6,0,27,,84589,41,0,5,0,29,,84582,35,0,6,0,65,,84594,35,0,5,0,35,,84583,35,0,6,0,62,,84595,35,0,5,0,29,,84584,35,0,6,0,52,,84599,9,0,5,0,21,,84585,35,0,6,0,21,,84590,41,0,5,0,59,,84586,35,0,6,0,23,,84596,35,0,5,0,13,,84576,41,0,6,0,16,,84597,35,0,5,0,68,,84577,41,0,6,0,35,,84598,35,0,5,0
101,'S2-2_6',729,,84605,35,0,5,0,117,,84606,35,0,5,0,106,,84607,35,0,5,0,70,,84618,35,0,6,0,29,,84608,35,0,5,0,71,,84619,35,0,6,0,30,,84609,35,0,5,0,70,,84620,35,0,6,0,30,,84610,35,0,5,0,68,,84621,35,0,6,0,31,,84611,35,0,5,0,69,,84622,35,0,6,0,30,,84612,35,0,5,0,70,,84623,35,0,6,0,31,,84613,35,0,5,0,72,,84624,35,0,6,0,31,,84614,35,0,5,0,70,,84625,35,0,6,0,33,,84615,35,0,5,0,69,,84626,35,0,6,0,74,,84616,35,0,5,0,25,,84627,35,0,6,0,25,,84617,35,0,5,0
101,'S2-3_7',936,,84628,35,0,6,0,105,,84633,35,0,5,0,105,,84629,35,0,6,0,105,,84634,35,0,5,0,105,,84630,35,0,6,0,90,,84635,35,0,5,0,100,,84631,35,0,6,0,105,,84636,35,0,5,0,105,,84632,35,0,6,0,145,,84637,35,0,5,0
101,'S2-4_1',734,,84638,41,0,6,0,7,,84670,9,0,7,0,2,,84668,35,0,7,0,60,,84639,41,0,6,0,14,,84666,35,0,5,0,15,,84640,41,0,6,0,17,,84669,41,0,5,0,53,,84653,35,0,7,0,25,,84644,35,0,6,0,81,,84654,41,0,5,0,35,,84645,35,0,6,0,80,,84657,35,0,5,0,35,,84646,35,0,6,0,69,,84658,35,0,5,0,20,,84647,35,0,6,0,75,,84659,35,0,5,0,79,,84641,41,0,6,0,27,,84655,41,0,5,0,29,,84648,35,0,6,0,65,,84660,35,0,5,0,35,,84649,35,0,6,0,62,,84661,35,0,5,0,29,,84650,35,0,6,0,52,,84665,9,0,5,0,21,,84651,35,0,6,0,21,,84656,41,0,5,0,59,,84652,35,0,6,0,23,,84662,35,0,5,0,13,,84642,41,0,6,0,16,,84663,35,0,5,0,68,,84643,41,0,6,0,35,,84664,35,0,5,0
101,'S2-4_2',734,,84671,41,0,6,0,7,,84703,9,0,7,0,2,,84701,35,0,7,0,60,,84672,41,0,6,0,14,,84699,35,0,5,0,15,,84673,41,0,6,0,17,,84702,41,0,5,0,53,,84686,35,0,7,0,25,,84677,35,0,6,0,81,,84687,41,0,5,0,35,,84678,35,0,6,0,80,,84690,35,0,5,0,35,,84679,35,0,6,0,69,,84691,35,0,5,0,20,,84680,35,0,6,0,75,,84692,35,0,5,0,79,,84674,41,0,6,0,27,,84688,41,0,5,0,29,,84681,35,0,6,0,65,,84693,35,0,5,0,35,,84682,35,0,6,0,62,,84694,35,0,5,0,29,,84683,35,0,6,0,52,,84698,9,0,5,0,21,,84684,35,0,6,0,21,,84689,41,0,5,0,59,,84685,35,0,6,0,23,,84695,35,0,5,0,13,,84675,41,0,6,0,16,,84696,35,0,5,0,68,,84676,41,0,6,0,35,,84697,35,0,5,0
101,'S2-4_4',734,,84704,41,0,6,0,7,,84736,9,0,7,0,2,,84734,35,0,7,0,60,,84705,41,0,6,0,14,,84732,35,0,5,0,15,,84706,41,0,6,0,17,,84735,41,0,5,0,53,,84719,35,0,7,0,25,,84710,35,0,6,0,81,,84720,41,0,5,0,35,,84711,35,0,6,0,80,,84723,35,0,5,0,35,,84712,35,0,6,0,69,,84724,35,0,5,0,20,,84713,35,0,6,0,75,,84725,35,0,5,0,79,,84707,41,0,6,0,27,,84721,41,0,5,0,29,,84714,35,0,6,0,65,,84726,35,0,5,0,35,,84715,35,0,6,0,62,,84727,35,0,5,0,29,,84716,35,0,6,0,52,,84731,9,0,5,0,21,,84717,35,0,6,0,21,,84722,41,0,5,0,59,,84718,35,0,6,0,23,,84728,35,0,5,0,13,,84708,41,0,6,0,16,,84729,35,0,5,0,68,,84709,41,0,6,0,35,,84730,35,0,5,0
2200,'S2-0_2',750,,88562,15,4,,0
2200,'S2-0_4',750,,88569,15,4,,0
2200,'S2-0_5',750,,88576,15,4,,0
2200,'S2-1_3',750,,88581,15,4,,0
2200,'S2-4_1',750,,88588,15,4,,0
2200,'S2-4_2',750,,88595,15,4,,0
2200,'S2-4_4',750,,88602,15,4,,0
