1500,'0_4',732,,97759,10,,,0,21,,97760,10,,,0,154,,97761,10,,,0,117,,97762,10,,,0,118,,97763,10,,,0,80,,97764,10,,,0,35,,97765,10,,,0,97,,97766,10,,,0,159,,97758,10,0,44,0,103,,97767,10,,,0,107,,97768,10,,,0,99,,97769,10,,,0,113,,97770,10,,,0
1500,'0_5',732,,97772,10,,,0,21,,97773,10,,,0,154,,97774,10,,,0,117,,97775,10,,,0,118,,97776,10,,,0,80,,97777,10,,,0,35,,97778,10,,,0,97,,97779,10,,,0,159,,97771,10,0,44,0,103,,97780,10,,,0,107,,97781,10,,,0,99,,97782,10,,,0,113,,97783,10,,,0
1500,'1_3',732,,97785,10,,,0,21,,97786,10,,,0,154,,97787,10,,,0,117,,97788,10,,,0,118,,97789,10,,,0,80,,97790,10,,,0,35,,97791,10,,,0,97,,97792,10,,,0,159,,97784,10,0,44,0,103,,97793,10,,,0,107,,97794,10,,,0,99,,97795,10,,,0,113,,97796,10,,,0
1500,'2_6',732,,97798,10,,,0,21,,97799,10,,,0,154,,97800,10,,,0,117,,97801,10,,,0,118,,97802,10,,,0,80,,97803,10,,,0,35,,97804,10,,,0,97,,97805,10,,,0,159,,97797,10,0,44,0,103,,97806,10,,,0,107,,97807,10,,,0,99,,97808,10,,,0,113,,97809,10,,,0
1500,'4_1',732,,97811,10,,,0,21,,97812,10,,,0,154,,97813,10,,,0,117,,97814,10,,,0,118,,97815,10,,,0,80,,97816,10,,,0,35,,97817,10,,,0,97,,97818,10,,,0,159,,97810,10,0,44,0,103,,97819,10,,,0,107,,97820,10,,,0,99,,97821,10,,,0,113,,97822,10,,,0
1500,'4_2',732,,97824,10,,,0,21,,97825,10,,,0,154,,97826,10,,,0,117,,97827,10,,,0,118,,97828,10,,,0,80,,97829,10,,,0,35,,97830,10,,,0,97,,97831,10,,,0,159,,97823,10,0,44,0,103,,97832,10,,,0,107,,97833,10,,,0,99,,97834,10,,,0,113,,97835,10,,,0
1500,'4_4',732,,97837,10,,,0,21,,97838,10,,,0,154,,97839,10,,,0,117,,97840,10,,,0,118,,97841,10,,,0,80,,97842,10,,,0,35,,97843,10,,,0,97,,97844,10,,,0,159,,97836,10,0,44,0,103,,97845,10,,,0,107,,97846,10,,,0,99,,97847,10,,,0,113,,97848,10,,,0
1500,'4_5',732,,97850,10,,,0,21,,97851,10,,,0,154,,97852,10,,,0,117,,97853,10,,,0,118,,97854,10,,,0,80,,97855,10,,,0,35,,97856,10,,,0,97,,97857,10,,,0,159,,97849,10,0,44,0,103,,97858,10,,,0,107,,97859,10,,,0,99,,97860,10,,,0,113,,97861,10,,,0
2000,'0_4',1644,,98434,8,,,0,105,,98435,8,,,0,96,,98436,8,,,0
2000,'0_5',1644,,98437,8,,,0,105,,98438,8,,,0,96,,98439,8,,,0
2000,'1_3',1244,,98443,8,,,0,400,,98440,8,,,0,105,,98441,8,,,0,96,,98442,8,,,0
2000,'4_1',1644,,98444,8,,,0,105,,98445,8,,,0,96,,98446,8,,,0
2000,'4_2',1644,,98447,8,,,0,105,,98448,8,,,0,96,,98449,8,,,0
2000,'4_4',1644,,98450,8,,,0,105,,98451,8,,,0,96,,98452,8,,,0
2000,'4_5',1644,,98453,8,,,0,105,,98454,8,,,0,96,,98455,8,,,0
4000000,'0_4',642,,103467,11,0,45,0,58,,103423,11,0,46,0,29,,103445,11,0,45,0,27,,103424,11,0,46,0,55,,103446,11,0,45,0,19,,103425,11,0,46,0,22,,103447,11,0,45,0,61,,103426,11,0,46,0,16,,103448,11,0,45,0,19,,103427,11,0,46,0,59,,103449,11,0,45,0,19,,103428,11,0,46,0,20,,103450,11,0,45,0,61,,103429,11,0,46,0,20,,103451,11,0,45,0,19,,103430,11,0,46,0,65,,103452,11,0,45,0,18,,103431,11,0,46,0,19,,103453,11,0,45,0,57,,103432,11,0,46,0,19,,103454,11,0,45,0,24,,103433,11,0,46,0,61,,103455,11,0,45,0,19,,103434,11,0,46,0,19,,103456,11,0,45,0,62,,103435,11,0,46,0,22,,103457,11,0,45,0,18,,103436,11,0,46,0,61,,103458,11,0,45,0,22,,103437,11,0,46,0,22,,103459,11,0,45,0,70,,103438,11,0,46,0,19,,103460,11,0,45,0,58,,103439,11,0,46,0,16,,103461,11,0,45,0,17,,103440,11,0,46,0,16,,103462,11,0,45,0,54,,103441,11,0,46,0,20,,103463,11,0,45,0,19,,103442,11,0,46,0,60,,103464,11,0,45,0,19,,103443,11,0,46,0
4000000,'0_5',642,,103512,11,0,45,0,58,,103468,11,0,46,0,29,,103490,11,0,45,0,27,,103469,11,0,46,0,55,,103491,11,0,45,0,19,,103470,11,0,46,0,22,,103492,11,0,45,0,61,,103471,11,0,46,0,16,,103493,11,0,45,0,19,,103472,11,0,46,0,59,,103494,11,0,45,0,19,,103473,11,0,46,0,20,,103495,11,0,45,0,61,,103474,11,0,46,0,20,,103496,11,0,45,0,19,,103475,11,0,46,0,65,,103497,11,0,45,0,18,,103476,11,0,46,0,19,,103498,11,0,45,0,57,,103477,11,0,46,0,19,,103499,11,0,45,0,24,,103478,11,0,46,0,61,,103500,11,0,45,0,19,,103479,11,0,46,0,19,,103501,11,0,45,0,62,,103480,11,0,46,0,22,,103502,11,0,45,0,18,,103481,11,0,46,0,61,,103503,11,0,45,0,22,,103482,11,0,46,0,22,,103504,11,0,45,0,70,,103483,11,0,46,0,19,,103505,11,0,45,0,58,,103484,11,0,46,0,16,,103506,11,0,45,0,17,,103485,11,0,46,0,16,,103507,11,0,45,0,54,,103486,11,0,46,0,20,,103508,11,0,45,0,19,,103487,11,0,46,0,60,,103509,11,0,45,0,19,,103488,11,0,46,0
4000000,'1_3',642,,103557,11,0,45,0,58,,103513,11,0,46,0,29,,103535,11,0,45,0,27,,103514,11,0,46,0,55,,103536,11,0,45,0,19,,103515,11,0,46,0,22,,103537,11,0,45,0,61,,103516,11,0,46,0,16,,103538,11,0,45,0,19,,103517,11,0,46,0,59,,103539,11,0,45,0,19,,103518,11,0,46,0,20,,103540,11,0,45,0,61,,103519,11,0,46,0,20,,103541,11,0,45,0,19,,103520,11,0,46,0,65,,103542,11,0,45,0,18,,103521,11,0,46,0,19,,103543,11,0,45,0,57,,103522,11,0,46,0,19,,103544,11,0,45,0,24,,103523,11,0,46,0,61,,103545,11,0,45,0,19,,103524,11,0,46,0,19,,103546,11,0,45,0,62,,103525,11,0,46,0,22,,103547,11,0,45,0,18,,103526,11,0,46,0,61,,103548,11,0,45,0,22,,103527,11,0,46,0,22,,103549,11,0,45,0,70,,103528,11,0,46,0,19,,103550,11,0,45,0,58,,103529,11,0,46,0,16,,103551,11,0,45,0,17,,103530,11,0,46,0,16,,103552,11,0,45,0,54,,103531,11,0,46,0,20,,103553,11,0,45,0,19,,103532,11,0,46,0,60,,103554,11,0,45,0,19,,103533,11,0,46,0
4000000,'2_6',642,,103602,11,0,46,0,58,,103558,11,0,45,0,23,,103580,11,0,46,0,20,,103559,11,0,45,0,60,,103581,11,0,46,0,21,,103560,11,0,45,0,20,,103582,11,0,46,0,60,,103561,11,0,45,0,20,,103583,11,0,46,0,22,,103562,11,0,45,0,60,,103584,11,0,46,0,21,,103563,11,0,45,0,21,,103585,11,0,46,0,61,,103564,11,0,45,0,21,,103586,11,0,46,0,21,,103565,11,0,45,0,62,,103587,11,0,46,0,20,,103566,11,0,45,0,20,,103588,11,0,45,0,61,,103567,11,0,46,0,21,,103589,11,0,45,0,18,,103568,11,0,46,0,59,,103590,11,0,45,0,18,,103569,11,0,46,0,18,,103591,11,0,45,0,59,,103570,11,0,46,0,20,,103592,11,0,45,0,20,,103571,11,0,46,0,60,,103593,11,0,45,0,21,,103572,11,0,46,0,21,,103594,11,0,45,0,61,,103573,11,0,46,0,20,,103595,11,0,45,0,20,,103574,11,0,46,0,58,,103596,11,0,45,0,20,,103575,11,0,46,0,18,,103597,11,0,45,0,59,,103576,11,0,46,0,20,,103598,11,0,45,0,19,,103577,11,0,46,0,60,,103599,11,0,45,0,19,,103578,11,0,46,0
4000000,'3_7',831,,103603,11,0,46,0,110,,103608,11,0,45,0,110,,103604,11,0,46,0,150,,103609,11,0,45,0,110,,103605,11,0,46,0,110,,103610,11,0,45,0,110,,103606,11,0,46,0,110,,103611,11,0,45,0,110,,103607,11,0,46,0,150,,103612,11,0,45,0
4000000,'4_1',642,,103658,11,0,45,0,58,,103614,11,0,46,0,29,,103636,11,0,45,0,27,,103615,11,0,46,0,55,,103637,11,0,45,0,19,,103616,11,0,46,0,22,,103638,11,0,45,0,61,,103617,11,0,46,0,16,,103639,11,0,45,0,19,,103618,11,0,46,0,59,,103640,11,0,45,0,19,,103619,11,0,46,0,20,,103641,11,0,45,0,61,,103620,11,0,46,0,20,,103642,11,0,45,0,19,,103621,11,0,46,0,65,,103643,11,0,45,0,18,,103622,11,0,46,0,19,,103644,11,0,45,0,57,,103623,11,0,46,0,19,,103645,11,0,45,0,24,,103624,11,0,46,0,61,,103646,11,0,45,0,19,,103625,11,0,46,0,19,,103647,11,0,45,0,62,,103626,11,0,46,0,22,,103648,11,0,45,0,18,,103627,11,0,46,0,61,,103649,11,0,45,0,22,,103628,11,0,46,0,22,,103650,11,0,45,0,70,,103629,11,0,46,0,19,,103651,11,0,45,0,58,,103630,11,0,46,0,16,,103652,11,0,45,0,17,,103631,11,0,46,0,16,,103653,11,0,45,0,54,,103632,11,0,46,0,20,,103654,11,0,45,0,19,,103633,11,0,46,0,60,,103655,11,0,45,0,19,,103634,11,0,46,0
4000000,'4_2',642,,103703,11,0,45,0,58,,103659,11,0,46,0,29,,103681,11,0,45,0,27,,103660,11,0,46,0,55,,103682,11,0,45,0,19,,103661,11,0,46,0,22,,103683,11,0,45,0,61,,103662,11,0,46,0,16,,103684,11,0,45,0,19,,103663,11,0,46,0,59,,103685,11,0,45,0,19,,103664,11,0,46,0,20,,103686,11,0,45,0,61,,103665,11,0,46,0,20,,103687,11,0,45,0,19,,103666,11,0,46,0,65,,103688,11,0,45,0,18,,103667,11,0,46,0,19,,103689,11,0,45,0,57,,103668,11,0,46,0,19,,103690,11,0,45,0,24,,103669,11,0,46,0,61,,103691,11,0,45,0,19,,103670,11,0,46,0,19,,103692,11,0,45,0,62,,103671,11,0,46,0,22,,103693,11,0,45,0,18,,103672,11,0,46,0,61,,103694,11,0,45,0,22,,103673,11,0,46,0,22,,103695,11,0,45,0,70,,103674,11,0,46,0,19,,103696,11,0,45,0,58,,103675,11,0,46,0,16,,103697,11,0,45,0,17,,103676,11,0,46,0,16,,103698,11,0,45,0,54,,103677,11,0,46,0,20,,103699,11,0,45,0,19,,103678,11,0,46,0,60,,103700,11,0,45,0,19,,103679,11,0,46,0
4000000,'4_4',642,,103748,11,0,45,0,58,,103704,11,0,46,0,29,,103726,11,0,45,0,27,,103705,11,0,46,0,55,,103727,11,0,45,0,19,,103706,11,0,46,0,22,,103728,11,0,45,0,61,,103707,11,0,46,0,16,,103729,11,0,45,0,19,,103708,11,0,46,0,59,,103730,11,0,45,0,19,,103709,11,0,46,0,20,,103731,11,0,45,0,61,,103710,11,0,46,0,20,,103732,11,0,45,0,19,,103711,11,0,46,0,65,,103733,11,0,45,0,18,,103712,11,0,46,0,19,,103734,11,0,45,0,57,,103713,11,0,46,0,19,,103735,11,0,45,0,24,,103714,11,0,46,0,61,,103736,11,0,45,0,19,,103715,11,0,46,0,19,,103737,11,0,45,0,62,,103716,11,0,46,0,22,,103738,11,0,45,0,18,,103717,11,0,46,0,61,,103739,11,0,45,0,22,,103718,11,0,46,0,22,,103740,11,0,45,0,70,,103719,11,0,46,0,19,,103741,11,0,45,0,58,,103720,11,0,46,0,16,,103742,11,0,45,0,17,,103721,11,0,46,0,16,,103743,11,0,45,0,54,,103722,11,0,46,0,20,,103744,11,0,45,0,19,,103723,11,0,46,0,60,,103745,11,0,45,0,19,,103724,11,0,46,0
4000000,'4_5',642,,103793,11,0,45,0,58,,103749,11,0,46,0,29,,103771,11,0,45,0,27,,103750,11,0,46,0,55,,103772,11,0,45,0,19,,103751,11,0,46,0,22,,103773,11,0,45,0,61,,103752,11,0,46,0,16,,103774,11,0,45,0,19,,103753,11,0,46,0,59,,103775,11,0,45,0,19,,103754,11,0,46,0,20,,103776,11,0,45,0,61,,103755,11,0,46,0,20,,103777,11,0,45,0,19,,103756,11,0,46,0,65,,103778,11,0,45,0,18,,103757,11,0,46,0,19,,103779,11,0,45,0,57,,103758,11,0,46,0,19,,103780,11,0,45,0,24,,103759,11,0,46,0,61,,103781,11,0,45,0,19,,103760,11,0,46,0,19,,103782,11,0,45,0,62,,103761,11,0,46,0,22,,103783,11,0,45,0,18,,103762,11,0,46,0,61,,103784,11,0,45,0,22,,103763,11,0,46,0,22,,103785,11,0,45,0,70,,103764,11,0,46,0,19,,103786,11,0,45,0,58,,103765,11,0,46,0,16,,103787,11,0,45,0,17,,103766,11,0,46,0,16,,103788,11,0,45,0,54,,103767,11,0,46,0,20,,103789,11,0,45,0,19,,103768,11,0,46,0,60,,103790,11,0,45,0,19,,103769,11,0,46,0
4000000,'5_7',831,,103794,11,0,46,0,110,,103799,11,0,45,0,110,,103795,11,0,46,0,150,,103800,11,0,45,0,110,,103796,11,0,46,0,110,,103801,11,0,45,0,110,,103797,11,0,46,0,110,,103802,11,0,45,0,110,,103798,11,0,46,0,150,,103803,11,0,45,0
