201,'0_4',708,,94973,16,0,20,0,28,,95011,16,0,21,0,17,,94995,4,0,62,0,53,,94976,16,0,21,0,15,,94974,4,0,20,0,20,,94996,16,0,62,0,68,,94977,16,0,21,0,28,,94987,16,0,20,0,81,,94981,16,0,21,0,26,,94988,16,0,62,0,83,,94982,16,0,21,0,75,,94989,16,0,62,0,41,,94978,16,0,20,0,75,,94997,16,0,21,0,20,,95010,16,0,62,0,65,,94990,16,0,21,0,30,,94975,16,0,20,0,25,,94998,16,0,21,0,65,,94979,16,0,62,0,34,,94991,16,0,21,0,77,,95005,16,0,62,0,19,,94999,4,0,21,0,55,,94992,4,0,62,0,13,,95000,16,0,21,0,13,,94980,16,0,62,0,15,,95001,4,0,21,0,56,,95003,4,0,62,0,16,,95002,4,0,21,0,18,,94993,16,0,62,0,20,,94984,16,0,21,0,65,,94994,16,0,62,0,21,,94985,16,0,21,0
201,'0_5',708,,95012,16,0,20,0,28,,95050,16,0,21,0,17,,95034,4,0,62,0,53,,95015,16,0,21,0,15,,95013,4,0,20,0,20,,95035,16,0,62,0,68,,95016,16,0,21,0,28,,95026,16,0,20,0,81,,95020,16,0,21,0,26,,95027,16,0,62,0,83,,95021,16,0,21,0,75,,95028,16,0,62,0,41,,95017,16,0,20,0,75,,95036,16,0,21,0,20,,95049,16,0,62,0,65,,95029,16,0,21,0,30,,95014,16,0,20,0,25,,95037,16,0,21,0,65,,95018,16,0,62,0,34,,95030,16,0,21,0,77,,95044,16,0,62,0,19,,95038,4,0,21,0,55,,95031,4,0,62,0,13,,95039,16,0,21,0,13,,95019,16,0,62,0,15,,95040,4,0,21,0,56,,95042,4,0,62,0,16,,95041,4,0,21,0,18,,95032,16,0,62,0,20,,95023,16,0,21,0,65,,95033,16,0,62,0,21,,95024,16,0,21,0
201,'1_3',708,,95051,16,0,20,0,28,,95090,16,0,21,0,17,,95073,4,0,62,0,53,,95054,16,0,21,0,15,,95052,4,0,20,0,20,,95074,16,0,62,0,68,,95055,16,0,21,0,28,,95065,16,0,20,0,81,,95059,16,0,21,0,26,,95066,16,0,62,0,83,,95060,16,0,21,0,75,,95067,16,0,62,0,41,,95056,16,0,20,0,75,,95075,16,0,21,0,20,,95089,16,0,62,0,65,,95068,16,0,21,0,30,,95053,16,0,20,0,25,,95076,16,0,21,0,65,,95057,16,0,62,0,34,,95069,16,0,21,0,77,,95083,16,0,62,0,19,,95077,4,0,21,0,55,,95070,4,0,62,0,13,,95078,16,0,21,0,13,,95058,16,0,62,0,15,,95079,4,0,21,0,56,,95081,4,0,62,0,16,,95080,4,0,21,0,18,,95071,16,0,62,0,20,,95062,16,0,21,0,65,,95072,16,0,62,0,21,,95063,16,0,21,0
201,'2_6',711,,95091,16,0,20,0,5,,95115,16,0,62,0,25,,95103,4,0,21,0,69,,95092,16,0,21,0,24,,95104,4,0,62,0,25,,95116,16,0,20,0,65,,95093,16,0,20,0,20,,95105,4,0,21,0,15,,95117,16,0,62,0,71,,95094,16,0,20,0,19,,95106,4,0,21,0,60,,95118,16,0,64,0,26,,95095,16,0,20,0,20,,95107,4,0,62,0,60,,95119,16,0,21,0,30,,95096,16,0,21,0,58,,95108,4,0,62,0,20,,95120,16,0,20,0,25,,95097,16,0,21,0,56,,95109,4,0,62,0,25,,95121,16,0,20,0,25,,95098,16,0,62,0,58,,95110,4,0,21,0,22,,95122,16,0,20,0,22,,95099,16,0,62,0,55,,95111,4,0,21,0,24,,95123,16,0,20,0,24,,95100,16,0,21,0,59,,95112,4,0,62,0,20,,95124,16,0,20,0,64,,95101,16,0,21,0,21,,95113,4,0,20,0,20,,95125,16,0,62,0,60,,95102,16,0,21,0,15,,95114,4,0,62,0,17,,95126,16,0,21,0
201,'3_7',836,,95127,4,0,21,0,165,,95128,4,0,21,0,125,,95129,4,0,21,0,125,,95130,4,0,21,0,150,,95131,4,0,21,0,125,,95132,4,0,21,0,125,,95133,4,0,21,0,165,,95134,4,0,21,0
201,'4_1',708,,95135,16,0,20,0,28,,95173,16,0,21,0,17,,95157,4,0,62,0,53,,95138,16,0,21,0,15,,95136,4,0,20,0,20,,95158,16,0,62,0,68,,95139,16,0,21,0,28,,95149,16,0,20,0,81,,95143,16,0,21,0,26,,95150,16,0,62,0,83,,95144,16,0,21,0,75,,95151,16,0,62,0,41,,95140,16,0,20,0,75,,95159,16,0,21,0,20,,95172,16,0,62,0,65,,95152,16,0,21,0,30,,95137,16,0,20,0,25,,95160,16,0,21,0,65,,95141,16,0,62,0,34,,95153,16,0,21,0,77,,95167,16,0,62,0,19,,95161,4,0,21,0,55,,95154,4,0,62,0,13,,95162,16,0,21,0,13,,95142,16,0,62,0,15,,95163,4,0,21,0,56,,95165,4,0,62,0,16,,95164,4,0,21,0,18,,95155,16,0,62,0,20,,95146,16,0,21,0,65,,95156,16,0,62,0,21,,95147,16,0,21,0
201,'4_2',708,,95174,16,0,20,0,28,,95212,16,0,21,0,17,,95196,4,0,62,0,53,,95177,16,0,21,0,15,,95175,4,0,20,0,20,,95197,16,0,62,0,68,,95178,16,0,21,0,28,,95188,16,0,20,0,81,,95182,16,0,21,0,26,,95189,16,0,62,0,83,,95183,16,0,21,0,75,,95190,16,0,62,0,41,,95179,16,0,20,0,75,,95198,16,0,21,0,20,,95211,16,0,62,0,65,,95191,16,0,21,0,30,,95176,16,0,20,0,25,,95199,16,0,21,0,65,,95180,16,0,62,0,34,,95192,16,0,21,0,77,,95206,16,0,62,0,19,,95200,4,0,21,0,55,,95193,4,0,62,0,13,,95201,16,0,21,0,13,,95181,16,0,62,0,15,,95202,4,0,21,0,56,,95204,4,0,62,0,16,,95203,4,0,21,0,18,,95194,16,0,62,0,20,,95185,16,0,21,0,65,,95195,16,0,62,0,21,,95186,16,0,21,0
201,'4_4',708,,95213,16,0,20,0,28,,95251,16,0,21,0,17,,95235,4,0,62,0,53,,95216,16,0,21,0,15,,95214,4,0,20,0,20,,95236,16,0,62,0,68,,95217,16,0,21,0,28,,95227,16,0,20,0,81,,95221,16,0,21,0,26,,95228,16,0,62,0,83,,95222,16,0,21,0,75,,95229,16,0,62,0,41,,95218,16,0,20,0,75,,95237,16,0,21,0,20,,95250,16,0,62,0,65,,95230,16,0,21,0,30,,95215,16,0,20,0,25,,95238,16,0,21,0,65,,95219,16,0,62,0,34,,95231,16,0,21,0,77,,95245,16,0,62,0,19,,95239,4,0,21,0,55,,95232,4,0,62,0,13,,95240,16,0,21,0,13,,95220,16,0,62,0,15,,95241,4,0,21,0,56,,95243,4,0,62,0,16,,95242,4,0,21,0,18,,95233,16,0,62,0,20,,95224,16,0,21,0,65,,95234,16,0,62,0,21,,95225,16,0,21,0
201,'4_5',708,,95252,16,0,20,0,28,,95290,16,0,21,0,17,,95274,4,0,62,0,53,,95255,16,0,21,0,15,,95253,4,0,20,0,20,,95275,16,0,62,0,68,,95256,16,0,21,0,28,,95266,16,0,20,0,81,,95260,16,0,21,0,26,,95267,16,0,62,0,83,,95261,16,0,21,0,75,,95268,16,0,62,0,41,,95257,16,0,20,0,75,,95276,16,0,21,0,20,,95289,16,0,62,0,65,,95269,16,0,21,0,30,,95254,16,0,20,0,25,,95277,16,0,21,0,65,,95258,16,0,62,0,34,,95270,16,0,21,0,77,,95284,16,0,62,0,19,,95278,4,0,21,0,55,,95271,4,0,62,0,13,,95279,16,0,21,0,13,,95259,16,0,62,0,15,,95280,4,0,21,0,56,,95282,4,0,62,0,16,,95281,4,0,21,0,18,,95272,16,0,62,0,20,,95263,16,0,21,0,65,,95273,16,0,62,0,21,,95264,16,0,21,0
201,'5_7',836,,95291,4,0,21,0,165,,95292,4,0,21,0,125,,95293,4,0,21,0,125,,95294,4,0,21,0,150,,95295,4,0,21,0,125,,95296,4,0,21,0,125,,95297,4,0,21,0,165,,95298,4,0,21,0
