601,'0_6',615,,65847,12,,,0,102,,65848,12,,,0,35,,65849,12,,,0,99,,65850,12,,,0,92,,65851,12,,,0,101,,65852,12,,,0,84,,65853,12,,,0,97,,65854,12,,,0,78,,65862,12,,,0,55,,65863,12,0,69,0,84,,65855,12,,,0,87,,65856,12,,,0,94,,65857,12,,,0,90,,65858,12,,,0,91,,65859,12,,,0,51,,65860,12,,,0,86,,65861,12,,,0
601,'1_7',820,,65864,12,0,69,0,105,,65865,12,0,69,0,115,,65866,12,0,69,0,118,,65867,12,0,69,0,197,,65868,12,0,69,0,162,,65869,12,0,69,0,111,,65870,12,0,69,0,106,,65871,12,0,69,0,108,,65872,12,0,69,0
601,'5_1',615,,74251,12,,,0,102,,74252,12,,,0,35,,74253,12,,,0,99,,74254,12,,,0,92,,74255,12,,,0,101,,74256,12,,,0,84,,74257,12,,,0,97,,74258,12,,,0,78,,74266,12,,,0,55,,74267,12,0,69,0,84,,74259,12,,,0,87,,74260,12,,,0,94,,74261,12,,,0,90,,74262,12,,,0,91,,74263,12,,,0,51,,74264,12,,,0,86,,74265,12,,,0
601,'5_2',615,,75767,12,,,0,102,,75768,12,,,0,35,,75769,12,,,0,99,,75770,12,,,0,92,,75771,12,,,0,101,,75772,12,,,0,84,,75773,12,,,0,97,,75774,12,,,0,78,,75782,12,,,0,55,,75783,12,0,69,0,84,,75775,12,,,0,87,,75776,12,,,0,94,,75777,12,,,0,90,,75778,12,,,0,91,,75779,12,,,0,51,,75780,12,,,0,86,,75781,12,,,0
601,'5_3',615,,75784,12,,,0,102,,75785,12,,,0,35,,75786,12,,,0,99,,75787,12,,,0,92,,75788,12,,,0,101,,75789,12,,,0,84,,75790,12,,,0,97,,75791,12,,,0,78,,75799,12,,,0,55,,75800,12,0,69,0,84,,75792,12,,,0,87,,75793,12,,,0,94,,75794,12,,,0,90,,75795,12,,,0,91,,75796,12,,,0,51,,75797,12,,,0,86,,75798,12,,,0
601,'7_1',615,,80643,12,,,0,102,,80644,12,,,0,35,,80645,12,,,0,99,,80646,12,,,0,92,,80647,12,,,0,101,,80648,12,,,0,84,,80649,12,,,0,97,,80650,12,,,0,78,,80658,12,,,0,55,,80659,12,0,69,0,84,,80651,12,,,0,87,,80652,12,,,0,94,,80653,12,,,0,90,,80654,12,,,0,91,,80655,12,,,0,51,,80656,12,,,0,86,,80657,12,,,0
601,'7_2',615,,82564,12,,,0,102,,82565,12,,,0,35,,82566,12,,,0,99,,82567,12,,,0,92,,82568,12,,,0,101,,82569,12,,,0,84,,82570,12,,,0,97,,82571,12,,,0,78,,82579,12,,,0,55,,82580,12,0,69,0,84,,82572,12,,,0,87,,82573,12,,,0,94,,82574,12,,,0,90,,82575,12,,,0,91,,82576,12,,,0,51,,82577,12,,,0,86,,82578,12,,,0
601,'7_3',615,,82581,12,,,0,102,,82582,12,,,0,35,,82583,12,,,0,99,,82584,12,,,0,92,,82585,12,,,0,101,,82586,12,,,0,84,,82587,12,,,0,97,,82588,12,,,0,78,,82596,12,,,0,55,,82597,12,0,69,0,84,,82589,12,,,0,87,,82590,12,,,0,94,,82591,12,,,0,90,,82592,12,,,0,91,,82593,12,,,0,51,,82594,12,,,0,86,,82595,12,,,0
601,'7_4',615,,79390,12,,,0,102,,79391,12,,,0,35,,79392,12,,,0,99,,79393,12,,,0,92,,79394,12,,,0,101,,79395,12,,,0,84,,79396,12,,,0,97,,79397,12,,,0,78,,79405,12,,,0,55,,79406,12,0,69,0,84,,79398,12,,,0,87,,79399,12,,,0,94,,79400,12,,,0,90,,79401,12,,,0,91,,79402,12,,,0,51,,79403,12,,,0,86,,79404,12,,,0
601,'7_5',615,,80660,12,,,0,102,,80661,12,,,0,35,,80662,12,,,0,99,,80663,12,,,0,92,,80664,12,,,0,101,,80665,12,,,0,84,,80666,12,,,0,97,,80667,12,,,0,78,,80675,12,,,0,55,,80676,12,0,69,0,84,,80668,12,,,0,87,,80669,12,,,0,94,,80670,12,,,0,90,,80671,12,,,0,91,,80672,12,,,0,51,,80673,12,,,0,86,,80674,12,,,0
901,'0_6',742,,66610,8,,,0,99,,66618,8,0,66,0,264,,66621,8,,,0,95,,66619,8,0,66,0,327,,66622,8,,,0,91,,66611,8,,,0,95,,66612,8,,,0,129,,66613,8,,,0,95,,66614,8,,,0
901,'5_1',742,,74328,8,,,0,99,,74336,8,0,66,0,264,,74339,8,,,0,95,,74337,8,0,66,0,327,,74340,8,,,0,91,,74329,8,,,0,95,,74330,8,,,0,129,,74331,8,,,0,95,,74332,8,,,0
901,'5_2',742,,75998,8,,,0,99,,76006,8,0,66,0,264,,76009,8,,,0,95,,76007,8,0,66,0,327,,76010,8,,,0,91,,75999,8,,,0,95,,76000,8,,,0,129,,76001,8,,,0,95,,76002,8,,,0
901,'5_3',742,,76011,8,,,0,99,,76019,8,0,66,0,264,,76022,8,,,0,95,,76020,8,0,66,0,327,,76023,8,,,0,91,,76012,8,,,0,95,,76013,8,,,0,129,,76014,8,,,0,95,,76015,8,,,0
901,'7_1',742,,80797,8,,,0,99,,80805,8,0,66,0,264,,80808,8,,,0,95,,80806,8,0,66,0,327,,80809,8,,,0,91,,80798,8,,,0,95,,80799,8,,,0,129,,80800,8,,,0,95,,80801,8,,,0
901,'7_2',742,,82718,8,,,0,99,,82726,8,0,66,0,264,,82729,8,,,0,95,,82727,8,0,66,0,327,,82730,8,,,0,91,,82719,8,,,0,95,,82720,8,,,0,129,,82721,8,,,0,95,,82722,8,,,0
901,'7_3',742,,82731,8,,,0,99,,82739,8,0,66,0,264,,82742,8,,,0,95,,82740,8,0,66,0,327,,82743,8,,,0,91,,82732,8,,,0,95,,82733,8,,,0,129,,82734,8,,,0,95,,82735,8,,,0
901,'7_4',742,,79467,8,,,0,99,,79475,8,0,66,0,264,,79478,8,,,0,95,,79476,8,0,66,0,327,,79479,8,,,0,91,,79468,8,,,0,95,,79469,8,,,0,129,,79470,8,,,0,95,,79471,8,,,0
901,'7_5',742,,80810,8,,,0,99,,80818,8,0,66,0,264,,80821,8,,,0,95,,80819,8,0,66,0,327,,80822,8,,,0,91,,80811,8,,,0,95,,80812,8,,,0,129,,80813,8,,,0,95,,80814,8,,,0
