1000000,'0_6',531,,68818,2,0,31 33,0,80,,68819,2,0,31 33,0,40,,68829,2,,,0,80,,68830,2,,,0,16,,68831,2,0,31 33,0,54,,68832,2,0,31 33,0,15,,68833,2,,,0,15,,68834,2,0,31 33,0,15,,68835,2,0,31 33,0,54,,68836,2,,,0,15,,68837,2,0,31 33,0,15,,68873,2,0,31 33,0,16,,68838,2,,,0,56,,68839,2,0,31 33,0,15,,68840,2,,,0,16,,68841,2,0,31 33,0,16,,68842,2,0,31 33,0,55,,68843,2,,,0,16,,68844,2,0,31 33,0,15,,68845,2,0,31 33,0,16,,68846,2,,,0,55,,68847,2,0,31 33,0,16,,68848,2,0,31 33,0,16,,68849,2,,,0,15,,68850,2,0,31 33,0,55,,68851,2,,,0,15,,68852,2,0,31 33,0,15,,68853,2,0,31 33,0,15,,68854,2,,,0,56,,68855,2,0,31 33,0,16,,68856,2,0,31 33,0,15,,68857,2,,,0,16,,68858,2,0,31 33,0,56,,68859,2,0,31 33,0,16,,68860,2,,,0,16,,68861,2,0,31 33,0,56,,68862,2,,,0,16,,68863,2,0,31 33,0,16,,68864,2,0,31 33,0,16,,68865,2,,,0,56,,68866,2,0,31 33,0,16,,68868,2,0,31 33,0,17,,68867,2,,,0,16,,68869,2,0,31 33,0,56,,68870,2,,,0,15,,68871,2,0,31 33,0,15,,68872,2,0,31 33,0,15,,68820,2,0,31 33,0,55,,68821,2,0,31 33,0,15,,68822,2,0,31 33,0,17,,68823,2,0,31 33,0,60,,68824,2,0,31 33,0,20,,68825,2,0,31 33,0,20,,68826,2,0,31 33,0,60,,68827,2,0,31 33,0,20,,68828,2,0,31 33,0
1000000,'1_7',801,,68874,2,0,31 33,0,40,,68875,2,0,31 33,0,80,,68876,2,0,31 33,0,80,,68877,2,0,31 33,0,40,,68878,2,0,31 33,0,80,,68879,2,0,31 33,0,80,,68880,2,0,31 33,0,40,,68881,2,0,31 33,0,80,,68882,2,0,31 33,0,80,,68883,2,0,31 33,0,40,,68884,2,0,31 33,0,80,,68885,2,0,31 33,0,80,,68886,2,0,31 33,0,40,,68887,2,0,31 33,0,80,,68888,2,0,31 33,0,80,,68889,2,0,31 33,0,40,,68890,2,0,31 33,0,80,,68891,2,0,31 33,0
1000000,'5_1',536,,74535,2,0,31 33,0,20,,74536,2,0,31 33,0,59,,74537,2,0,31 33,0,19,,74538,2,,,0,15,,74564,2,,,0,54,,74553,2,,,0,14,,74588,2,,,0,13,,74574,2,,,0,15,,74579,2,,,0,14,,74589,2,,,0,54,,74566,2,,,0,15,,74576,2,0,31 33,0,15,,74581,2,,,0,15,,74549,2,0,31 33,0,55,,74552,2,,,0,15,,74583,2,0,31 33,0,15,,74582,2,,,0,16,,74571,2,0,31 33,0,55,,74541,2,,,0,16,,74567,2,0,31 33,0,16,,74550,2,,,0,55,,74568,2,0,31 33,0,16,,74562,2,,,0,16,,74559,2,0,31 33,0,16,,74557,2,,,0,56,,74573,2,0,31 33,0,16,,74543,2,,,0,16,,74539,2,0,31 33,0,15,,74585,2,,,0,55,,74565,2,0,31 33,0,15,,74542,2,,,0,16,,74560,2,0,31 33,0,15,,74580,2,,,0,54,,74558,2,0,31 33,0,14,,74555,2,,,0,13,,74554,2,0,31 33,0,14,,74563,2,,,0,54,,74572,2,0,31 33,0,14,,74575,2,,,0,14,,74590,2,,,0,14,,74591,2,,,0,14,,74586,2,,,0,54,,74592,2,,,0,15,,74578,2,,,0,15,,74593,2,,,0,15,,74546,2,,,0,55,,74594,2,,,0,15,,74545,2,,,0,16,,74595,2,,,0,15,,74587,2,,,0,55,,74556,2,0,31 33,0,15,,74540,2,0,31 33,0,15,,74551,2,,,0,15,,74547,2,0,31 33,0,59,,74561,2,0,31 33,0,21,,74548,2,0,31 33,0,21,,74544,2,0,31 33,0,60,,74577,2,0,31 33,0,21,,74569,2,0,31 33,0,61,,74570,2,0,31 33,0,21,,74584,2,0,31 33,0
1000000,'5_2',536,,76619,2,0,31 33,0,20,,76620,2,0,31 33,0,59,,76621,2,0,31 33,0,19,,76622,2,,,0,15,,76648,2,,,0,54,,76637,2,,,0,14,,76672,2,,,0,13,,76658,2,,,0,15,,76663,2,,,0,14,,76673,2,,,0,54,,76650,2,,,0,15,,76660,2,0,31 33,0,15,,76665,2,,,0,15,,76633,2,0,31 33,0,55,,76636,2,,,0,15,,76667,2,0,31 33,0,15,,76666,2,,,0,16,,76655,2,0,31 33,0,55,,76625,2,,,0,16,,76651,2,0,31 33,0,16,,76634,2,,,0,55,,76652,2,0,31 33,0,16,,76646,2,,,0,16,,76643,2,0,31 33,0,16,,76641,2,,,0,56,,76657,2,0,31 33,0,16,,76627,2,,,0,16,,76623,2,0,31 33,0,15,,76669,2,,,0,55,,76649,2,0,31 33,0,15,,76626,2,,,0,16,,76644,2,0,31 33,0,15,,76664,2,,,0,54,,76642,2,0,31 33,0,14,,76639,2,,,0,13,,76638,2,0,31 33,0,14,,76647,2,,,0,54,,76656,2,0,31 33,0,14,,76659,2,,,0,14,,76674,2,,,0,14,,76675,2,,,0,14,,76670,2,,,0,54,,76676,2,,,0,15,,76662,2,,,0,15,,76677,2,,,0,15,,76630,2,,,0,55,,76678,2,,,0,15,,76629,2,,,0,16,,76679,2,,,0,15,,76671,2,,,0,55,,76640,2,0,31 33,0,15,,76624,2,0,31 33,0,15,,76635,2,,,0,15,,76631,2,0,31 33,0,59,,76645,2,0,31 33,0,21,,76632,2,0,31 33,0,21,,76628,2,0,31 33,0,60,,76661,2,0,31 33,0,21,,76653,2,0,31 33,0,61,,76654,2,0,31 33,0,21,,76668,2,0,31 33,0
1000000,'5_3',536,,76680,2,0,31 33,0,20,,76681,2,0,31 33,0,59,,76682,2,0,31 33,0,19,,76683,2,,,0,15,,76709,2,,,0,54,,76698,2,,,0,14,,76733,2,,,0,13,,76719,2,,,0,15,,76724,2,,,0,14,,76734,2,,,0,54,,76711,2,,,0,15,,76721,2,0,31 33,0,15,,76726,2,,,0,15,,76694,2,0,31 33,0,55,,76697,2,,,0,15,,76728,2,0,31 33,0,15,,76727,2,,,0,16,,76716,2,0,31 33,0,55,,76686,2,,,0,16,,76712,2,0,31 33,0,16,,76695,2,,,0,55,,76713,2,0,31 33,0,16,,76707,2,,,0,16,,76704,2,0,31 33,0,16,,76702,2,,,0,56,,76718,2,0,31 33,0,16,,76688,2,,,0,16,,76684,2,0,31 33,0,15,,76730,2,,,0,55,,76710,2,0,31 33,0,15,,76687,2,,,0,16,,76705,2,0,31 33,0,15,,76725,2,,,0,54,,76703,2,0,31 33,0,14,,76700,2,,,0,13,,76699,2,0,31 33,0,14,,76708,2,,,0,54,,76717,2,0,31 33,0,14,,76720,2,,,0,14,,76735,2,,,0,14,,76736,2,,,0,14,,76731,2,,,0,54,,76737,2,,,0,15,,76723,2,,,0,15,,76738,2,,,0,15,,76691,2,,,0,55,,76739,2,,,0,15,,76690,2,,,0,16,,76740,2,,,0,15,,76732,2,,,0,55,,76701,2,0,31 33,0,15,,76685,2,0,31 33,0,15,,76696,2,,,0,15,,76692,2,0,31 33,0,59,,76706,2,0,31 33,0,21,,76693,2,0,31 33,0,21,,76689,2,0,31 33,0,60,,76722,2,0,31 33,0,21,,76714,2,0,31 33,0,61,,76715,2,0,31 33,0,21,,76729,2,0,31 33,0
1000000,'7_1',536,,81212,2,0,31 33,0,20,,81213,2,0,31 33,0,59,,81214,2,0,31 33,0,19,,81215,2,,,0,15,,81241,2,,,0,54,,81230,2,,,0,14,,81265,2,,,0,13,,81251,2,,,0,15,,81256,2,,,0,14,,81266,2,,,0,54,,81243,2,,,0,15,,81253,2,0,31 33,0,15,,81258,2,,,0,15,,81226,2,0,31 33,0,55,,81229,2,,,0,15,,81260,2,0,31 33,0,15,,81259,2,,,0,16,,81248,2,0,31 33,0,55,,81218,2,,,0,16,,81244,2,0,31 33,0,16,,81227,2,,,0,55,,81245,2,0,31 33,0,16,,81239,2,,,0,16,,81236,2,0,31 33,0,16,,81234,2,,,0,56,,81250,2,0,31 33,0,16,,81220,2,,,0,16,,81216,2,0,31 33,0,15,,81262,2,,,0,55,,81242,2,0,31 33,0,15,,81219,2,,,0,16,,81237,2,0,31 33,0,15,,81257,2,,,0,54,,81235,2,0,31 33,0,14,,81232,2,,,0,13,,81231,2,0,31 33,0,14,,81240,2,,,0,54,,81249,2,0,31 33,0,14,,81252,2,,,0,14,,81267,2,,,0,14,,81268,2,,,0,14,,81263,2,,,0,54,,81269,2,,,0,15,,81255,2,,,0,15,,81270,2,,,0,15,,81223,2,,,0,55,,81271,2,,,0,15,,81222,2,,,0,16,,81272,2,,,0,15,,81264,2,,,0,55,,81233,2,0,31 33,0,15,,81217,2,0,31 33,0,15,,81228,2,,,0,15,,81224,2,0,31 33,0,59,,81238,2,0,31 33,0,21,,81225,2,0,31 33,0,21,,81221,2,0,31 33,0,60,,81254,2,0,31 33,0,21,,81246,2,0,31 33,0,61,,81247,2,0,31 33,0,21,,81261,2,0,31 33,0
1000000,'7_2',536,,83132,2,0,31 33,0,20,,83133,2,0,31 33,0,59,,83134,2,0,31 33,0,19,,83135,2,,,0,15,,83161,2,,,0,54,,83150,2,,,0,14,,83185,2,,,0,13,,83171,2,,,0,15,,83176,2,,,0,14,,83186,2,,,0,54,,83163,2,,,0,15,,83173,2,0,31 33,0,15,,83178,2,,,0,15,,83146,2,0,31 33,0,55,,83149,2,,,0,15,,83180,2,0,31 33,0,15,,83179,2,,,0,16,,83168,2,0,31 33,0,55,,83138,2,,,0,16,,83164,2,0,31 33,0,16,,83147,2,,,0,55,,83165,2,0,31 33,0,16,,83159,2,,,0,16,,83156,2,0,31 33,0,16,,83154,2,,,0,56,,83170,2,0,31 33,0,16,,83140,2,,,0,16,,83136,2,0,31 33,0,15,,83182,2,,,0,55,,83162,2,0,31 33,0,15,,83139,2,,,0,16,,83157,2,0,31 33,0,15,,83177,2,,,0,54,,83155,2,0,31 33,0,14,,83152,2,,,0,13,,83151,2,0,31 33,0,14,,83160,2,,,0,54,,83169,2,0,31 33,0,14,,83172,2,,,0,14,,83187,2,,,0,14,,83188,2,,,0,14,,83183,2,,,0,54,,83189,2,,,0,15,,83175,2,,,0,15,,83190,2,,,0,15,,83143,2,,,0,55,,83191,2,,,0,15,,83142,2,,,0,16,,83192,2,,,0,15,,83184,2,,,0,55,,83153,2,0,31 33,0,15,,83137,2,0,31 33,0,15,,83148,2,,,0,15,,83144,2,0,31 33,0,59,,83158,2,0,31 33,0,21,,83145,2,0,31 33,0,21,,83141,2,0,31 33,0,60,,83174,2,0,31 33,0,21,,83166,2,0,31 33,0,61,,83167,2,0,31 33,0,21,,83181,2,0,31 33,0
1000000,'7_3',536,,83193,2,0,31 33,0,20,,83194,2,0,31 33,0,59,,83195,2,0,31 33,0,19,,83196,2,,,0,15,,83222,2,,,0,54,,83211,2,,,0,14,,83246,2,,,0,13,,83232,2,,,0,15,,83237,2,,,0,14,,83247,2,,,0,54,,83224,2,,,0,15,,83234,2,0,31 33,0,15,,83239,2,,,0,15,,83207,2,0,31 33,0,55,,83210,2,,,0,15,,83241,2,0,31 33,0,15,,83240,2,,,0,16,,83229,2,0,31 33,0,55,,83199,2,,,0,16,,83225,2,0,31 33,0,16,,83208,2,,,0,55,,83226,2,0,31 33,0,16,,83220,2,,,0,16,,83217,2,0,31 33,0,16,,83215,2,,,0,56,,83231,2,0,31 33,0,16,,83201,2,,,0,16,,83197,2,0,31 33,0,15,,83243,2,,,0,55,,83223,2,0,31 33,0,15,,83200,2,,,0,16,,83218,2,0,31 33,0,15,,83238,2,,,0,54,,83216,2,0,31 33,0,14,,83213,2,,,0,13,,83212,2,0,31 33,0,14,,83221,2,,,0,54,,83230,2,0,31 33,0,14,,83233,2,,,0,14,,83248,2,,,0,14,,83249,2,,,0,14,,83244,2,,,0,54,,83250,2,,,0,15,,83236,2,,,0,15,,83251,2,,,0,15,,83204,2,,,0,55,,83252,2,,,0,15,,83203,2,,,0,16,,83253,2,,,0,15,,83245,2,,,0,55,,83214,2,0,31 33,0,15,,83198,2,0,31 33,0,15,,83209,2,,,0,15,,83205,2,0,31 33,0,59,,83219,2,0,31 33,0,21,,83206,2,0,31 33,0,21,,83202,2,0,31 33,0,60,,83235,2,0,31 33,0,21,,83227,2,0,31 33,0,61,,83228,2,0,31 33,0,21,,83242,2,0,31 33,0
1000000,'7_4',536,,79674,2,0,31 33,0,20,,79675,2,0,31 33,0,59,,79676,2,0,31 33,0,19,,79677,2,,,0,15,,79703,2,,,0,54,,79692,2,,,0,14,,79727,2,,,0,13,,79713,2,,,0,15,,79718,2,,,0,14,,79728,2,,,0,54,,79705,2,,,0,15,,79715,2,0,31 33,0,15,,79720,2,,,0,15,,79688,2,0,31 33,0,55,,79691,2,,,0,15,,79722,2,0,31 33,0,15,,79721,2,,,0,16,,79710,2,0,31 33,0,55,,79680,2,,,0,16,,79706,2,0,31 33,0,16,,79689,2,,,0,55,,79707,2,0,31 33,0,16,,79701,2,,,0,16,,79698,2,0,31 33,0,16,,79696,2,,,0,56,,79712,2,0,31 33,0,16,,79682,2,,,0,16,,79678,2,0,31 33,0,15,,79724,2,,,0,55,,79704,2,0,31 33,0,15,,79681,2,,,0,16,,79699,2,0,31 33,0,15,,79719,2,,,0,54,,79697,2,0,31 33,0,14,,79694,2,,,0,13,,79693,2,0,31 33,0,14,,79702,2,,,0,54,,79711,2,0,31 33,0,14,,79714,2,,,0,14,,79729,2,,,0,14,,79730,2,,,0,14,,79725,2,,,0,54,,79731,2,,,0,15,,79717,2,,,0,15,,79732,2,,,0,15,,79685,2,,,0,55,,79733,2,,,0,15,,79684,2,,,0,16,,79734,2,,,0,15,,79726,2,,,0,55,,79695,2,0,31 33,0,15,,79679,2,0,31 33,0,15,,79690,2,,,0,15,,79686,2,0,31 33,0,59,,79700,2,0,31 33,0,21,,79687,2,0,31 33,0,21,,79683,2,0,31 33,0,60,,79716,2,0,31 33,0,21,,79708,2,0,31 33,0,61,,79709,2,0,31 33,0,21,,79723,2,0,31 33,0
1000000,'7_5',536,,81273,2,0,31 33,0,20,,81274,2,0,31 33,0,59,,81275,2,0,31 33,0,19,,81276,2,,,0,15,,81302,2,,,0,54,,81291,2,,,0,14,,81326,2,,,0,13,,81312,2,,,0,15,,81317,2,,,0,14,,81327,2,,,0,54,,81304,2,,,0,15,,81314,2,0,31 33,0,15,,81319,2,,,0,15,,81287,2,0,31 33,0,55,,81290,2,,,0,15,,81321,2,0,31 33,0,15,,81320,2,,,0,16,,81309,2,0,31 33,0,55,,81279,2,,,0,16,,81305,2,0,31 33,0,16,,81288,2,,,0,55,,81306,2,0,31 33,0,16,,81300,2,,,0,16,,81297,2,0,31 33,0,16,,81295,2,,,0,56,,81311,2,0,31 33,0,16,,81281,2,,,0,16,,81277,2,0,31 33,0,15,,81323,2,,,0,55,,81303,2,0,31 33,0,15,,81280,2,,,0,16,,81298,2,0,31 33,0,15,,81318,2,,,0,54,,81296,2,0,31 33,0,14,,81293,2,,,0,13,,81292,2,0,31 33,0,14,,81301,2,,,0,54,,81310,2,0,31 33,0,14,,81313,2,,,0,14,,81328,2,,,0,14,,81329,2,,,0,14,,81324,2,,,0,54,,81330,2,,,0,15,,81316,2,,,0,15,,81331,2,,,0,15,,81284,2,,,0,55,,81332,2,,,0,15,,81283,2,,,0,16,,81333,2,,,0,15,,81325,2,,,0,55,,81294,2,0,31 33,0,15,,81278,2,0,31 33,0,15,,81289,2,,,0,15,,81285,2,0,31 33,0,59,,81299,2,0,31 33,0,21,,81286,2,0,31 33,0,21,,81282,2,0,31 33,0,60,,81315,2,0,31 33,0,21,,81307,2,0,31 33,0,61,,81308,2,0,31 33,0,21,,81322,2,0,31 33,0
