501,'0_6',739,,65511,24,,,0,99,,65512,24,,,0,98,,65513,24,,,0,102,,65514,24,,,0,98,,65515,24,,,0,99,,65516,24,,,0,80,,65517,24,,,0,38,,65518,24,,,0,97,,65519,24,,,0,102,,65520,24,,,0,100,,65521,24,,,0,74,,65522,24,,,0,28,,65523,24,,,0,98,,65524,24,,,0,97,,65525,24,,,0
501,'1_7',1124,,65526,24,,,0,191,,65527,24,,,0,191,,65528,24,,,0,144,,65529,24,,,0,191,,65530,24,,,0
501,'3_1',739,,65606,24,,,0,99,,65607,24,,,0,98,,65608,24,,,0,102,,65609,24,,,0,98,,65610,24,,,0,99,,65611,24,,,0,80,,65612,24,,,0,38,,65613,24,,,0,97,,65614,24,,,0,102,,65615,24,,,0,100,,65616,24,,,0,74,,65617,24,,,0,28,,65618,24,,,0,98,,65619,24,,,0,97,,65620,24,,,0
501,'3_2',739,,73260,24,,,0,99,,73261,24,,,0,98,,73262,24,,,0,102,,73263,24,,,0,98,,73264,24,,,0,99,,73265,24,,,0,80,,73266,24,,,0,38,,73267,24,,,0,97,,73268,24,,,0,102,,73269,24,,,0,100,,73270,24,,,0,74,,73271,24,,,0,28,,73272,24,,,0,98,,73273,24,,,0,97,,73274,24,,,0
501,'3_3',739,,65621,24,,,0,99,,65622,24,,,0,98,,65623,24,,,0,102,,65624,24,,,0,98,,65625,24,,,0,99,,65626,24,,,0,80,,65627,24,,,0,38,,65628,24,,,0,97,,65629,24,,,0,102,,65630,24,,,0,100,,65631,24,,,0,74,,65632,24,,,0,28,,65633,24,,,0,98,,65634,24,,,0,97,,65635,24,,,0
501,'3_4',739,,65636,24,,,0,99,,65637,24,,,0,98,,65638,24,,,0,102,,65639,24,,,0,98,,65640,24,,,0,99,,65641,24,,,0,80,,65642,24,,,0,38,,65643,24,,,0,97,,65644,24,,,0,102,,65645,24,,,0,100,,65646,24,,,0,74,,65647,24,,,0,28,,65648,24,,,0,98,,65649,24,,,0,97,,65650,24,,,0
501,'3_5',739,,65651,24,,,0,99,,65652,24,,,0,98,,65653,24,,,0,102,,65654,24,,,0,98,,65655,24,,,0,99,,65656,24,,,0,80,,65657,24,,,0,38,,65658,24,,,0,97,,65659,24,,,0,102,,65660,24,,,0,100,,65661,24,,,0,74,,65662,24,,,0,28,,65663,24,,,0,98,,65664,24,,,0,97,,65665,24,,,0
501,'5_1',739,,74220,24,,,0,99,,74221,24,,,0,98,,74222,24,,,0,102,,74223,24,,,0,98,,74224,24,,,0,99,,74225,24,,,0,80,,74226,24,,,0,38,,74227,24,,,0,97,,74228,24,,,0,102,,74229,24,,,0,100,,74230,24,,,0,74,,74231,24,,,0,28,,74232,24,,,0,98,,74233,24,,,0,97,,74234,24,,,0
501,'5_2',739,,75674,24,,,0,99,,75675,24,,,0,98,,75676,24,,,0,102,,75677,24,,,0,98,,75678,24,,,0,99,,75679,24,,,0,80,,75680,24,,,0,38,,75681,24,,,0,97,,75682,24,,,0,102,,75683,24,,,0,100,,75684,24,,,0,74,,75685,24,,,0,28,,75686,24,,,0,98,,75687,24,,,0,97,,75688,24,,,0
501,'5_3',739,,75689,24,,,0,99,,75690,24,,,0,98,,75691,24,,,0,102,,75692,24,,,0,98,,75693,24,,,0,99,,75694,24,,,0,80,,75695,24,,,0,38,,75696,24,,,0,97,,75697,24,,,0,102,,75698,24,,,0,100,,75699,24,,,0,74,,75700,24,,,0,28,,75701,24,,,0,98,,75702,24,,,0,97,,75703,24,,,0
501,'5_4',739,,75704,24,,,0,99,,75705,24,,,0,98,,75706,24,,,0,102,,75707,24,,,0,98,,75708,24,,,0,99,,75709,24,,,0,80,,75710,24,,,0,38,,75711,24,,,0,97,,75712,24,,,0,102,,75713,24,,,0,100,,75714,24,,,0,74,,75715,24,,,0,28,,75716,24,,,0,98,,75717,24,,,0,97,,75718,24,,,0
