100,'0_4',648,,94101,2,0,61 8,0,68,,94102,2,0,61 8,0,31,,94108,2,0,61 8,0,70,,94103,2,0,61 8,0,106,,94104,2,0,61 8,0,117,,94105,2,0,61 8,0,97,,94109,2,,,0,65,,94110,2,,,0,57,,94106,2,0,61 8,0,98,,94107,2,0,61 8,0,144,,94111,2,,,0,55,,94112,2,,,0,71,,94113,2,,,0,27,,94114,2,,,0,81,,94115,2,,,0,105,,94116,2,0,61 8,0
100,'0_5',648,,94136,2,0,61 8,0,68,,94137,2,0,61 8,0,31,,94143,2,0,61 8,0,70,,94138,2,0,61 8,0,106,,94139,2,0,61 8,0,117,,94140,2,0,61 8,0,97,,94144,2,,,0,65,,94145,2,,,0,57,,94141,2,0,61 8,0,98,,94142,2,0,61 8,0,144,,94146,2,,,0,55,,94147,2,,,0,71,,94148,2,,,0,27,,94149,2,,,0,81,,94150,2,,,0,105,,94151,2,0,61 8,0
100,'1_3',648,,94171,2,0,61 8,0,68,,94172,2,0,61 8,0,31,,94178,2,0,61 8,0,70,,94173,2,0,61 8,0,106,,94174,2,0,61 8,0,117,,94175,2,0,61 8,0,97,,94179,2,,,0,65,,94180,2,,,0,57,,94176,2,0,61 8,0,98,,94177,2,0,61 8,0,144,,94181,2,,,0,55,,94182,2,,,0,71,,94183,2,,,0,27,,94184,2,,,0,81,,94185,2,,,0,105,,94186,2,0,61 8,0
100,'2_6',759,,94204,2,0,61 8,0,164,,94205,2,0,61 8,0,102,,94206,2,0,61 8,0,98,,94207,2,0,61 8,0,101,,94208,2,0,61 8,0,100,,94209,2,0,61 8,0,100,,94210,2,0,61 8,0,100,,94211,2,0,61 8,0,101,,94212,2,0,61 8,0,102,,94213,2,0,61 8,0,102,,94214,2,0,61 8,0
100,'3_7',859,,94215,2,0,61 8,0,251,,94216,2,0,61 8,0,194,,94217,2,0,61 8,0,205,,94218,2,0,61 8,0,210,,94219,2,0,61 8,0
100,'4_1',648,,94239,2,0,61 8,0,68,,94240,2,0,61 8,0,31,,94246,2,0,61 8,0,70,,94241,2,0,61 8,0,106,,94242,2,0,61 8,0,117,,94243,2,0,61 8,0,97,,94247,2,,,0,65,,94248,2,,,0,57,,94244,2,0,61 8,0,98,,94245,2,0,61 8,0,144,,94249,2,,,0,55,,94250,2,,,0,71,,94251,2,,,0,27,,94252,2,,,0,81,,94253,2,,,0,105,,94254,2,0,61 8,0
100,'4_2',648,,94274,2,0,61 8,0,68,,94275,2,0,61 8,0,31,,94281,2,0,61 8,0,70,,94276,2,0,61 8,0,106,,94277,2,0,61 8,0,117,,94278,2,0,61 8,0,97,,94282,2,,,0,65,,94283,2,,,0,57,,94279,2,0,61 8,0,98,,94280,2,0,61 8,0,144,,94284,2,,,0,55,,94285,2,,,0,71,,94286,2,,,0,27,,94287,2,,,0,81,,94288,2,,,0,105,,94289,2,0,61 8,0
100,'4_4',648,,94309,2,0,61 8,0,68,,94310,2,0,61 8,0,31,,94316,2,0,61 8,0,70,,94311,2,0,61 8,0,106,,94312,2,0,61 8,0,117,,94313,2,0,61 8,0,97,,94317,2,,,0,65,,94318,2,,,0,57,,94314,2,0,61 8,0,98,,94315,2,0,61 8,0,144,,94319,2,,,0,55,,94320,2,,,0,71,,94321,2,,,0,27,,94322,2,,,0,81,,94323,2,,,0,105,,94324,2,0,61 8,0
100,'4_5',648,,94344,2,0,61 8,0,68,,94345,2,0,61 8,0,31,,94351,2,0,61 8,0,70,,94346,2,0,61 8,0,106,,94347,2,0,61 8,0,117,,94348,2,0,61 8,0,97,,94352,2,,,0,65,,94353,2,,,0,57,,94349,2,0,61 8,0,98,,94350,2,0,61 8,0,144,,94354,2,,,0,55,,94355,2,,,0,71,,94356,2,,,0,27,,94357,2,,,0,81,,94358,2,,,0,105,,94359,2,0,61 8,0
100,'5_7',859,,94365,2,0,61 8,0,251,,94366,2,0,61 8,0,194,,94367,2,0,61 8,0,205,,94368,2,0,61 8,0,210,,94369,2,0,61 8,0
