900600,'0_6',905,,68268,30,4,,0,130,,68270,30,4,,0,165,,68271,30,4,,0,135,,68272,30,4,,0,120,,68273,30,4,,0,175,,68274,30,4,,0,170,,68275,30,4,,0,129,,68269,30,4,,0
900600,'7_1',905,,81116,30,4,,0,130,,81118,30,4,,0,165,,81119,30,4,,0,135,,81120,30,4,,0,120,,81121,30,4,,0,175,,81122,30,4,,0,170,,81123,30,4,,0,129,,81117,30,4,,0
900600,'7_2',905,,83036,30,4,,0,130,,83038,30,4,,0,165,,83039,30,4,,0,135,,83040,30,4,,0,120,,83041,30,4,,0,175,,83042,30,4,,0,170,,83043,30,4,,0,129,,83037,30,4,,0
900600,'7_3',905,,83044,30,4,,0,130,,83046,30,4,,0,165,,83047,30,4,,0,135,,83048,30,4,,0,120,,83049,30,4,,0,175,,83050,30,4,,0,170,,83051,30,4,,0,129,,83045,30,4,,0
900600,'7_4',905,,79626,30,4,,0,130,,79628,30,4,,0,165,,79629,30,4,,0,135,,79630,30,4,,0,120,,79631,30,4,,0,175,,79632,30,4,,0,170,,79633,30,4,,0,129,,79627,30,4,,0
900600,'7_5',905,,81124,30,4,,0,130,,81126,30,4,,0,165,,81127,30,4,,0,135,,81128,30,4,,0,120,,81129,30,4,,0,175,,81130,30,4,,0,170,,81131,30,4,,0,129,,81125,30,4,,0
900601,'0_6',745,,68348,1,,,0,170,,68349,1,,,0,130,,68350,1,,,0,175,,68351,1,,,0,120,,68352,1,,,0,175,,68353,1,,,0,125,,68354,1,,,0,170,,68355,1,,,0
900601,'7_1',745,,81132,1,,,0,170,,81133,1,,,0,130,,81134,1,,,0,175,,81135,1,,,0,120,,81136,1,,,0,175,,81137,1,,,0,125,,81138,1,,,0,170,,81139,1,,,0
900601,'7_2',745,,83052,1,,,0,170,,83053,1,,,0,130,,83054,1,,,0,175,,83055,1,,,0,120,,83056,1,,,0,175,,83057,1,,,0,125,,83058,1,,,0,170,,83059,1,,,0
900601,'7_3',745,,83060,1,,,0,170,,83061,1,,,0,130,,83062,1,,,0,175,,83063,1,,,0,120,,83064,1,,,0,175,,83065,1,,,0,125,,83066,1,,,0,170,,83067,1,,,0
900601,'7_4',745,,79634,1,,,0,170,,79635,1,,,0,130,,79636,1,,,0,175,,79637,1,,,0,120,,79638,1,,,0,175,,79639,1,,,0,125,,79640,1,,,0,170,,79641,1,,,0
900601,'7_5',745,,81140,1,,,0,170,,81141,1,,,0,130,,81142,1,,,0,175,,81143,1,,,0,120,,81144,1,,,0,175,,81145,1,,,0,125,,81146,1,,,0,170,,81147,1,,,0
