1600,'0_4',758,,97966,2,,,0,542,,97973,11,,,0,420,,97975,11,,,0
1600,'0_5',758,,97976,2,,,0,542,,97983,11,,,0,420,,97985,11,,,0
1600,'1_3',758,,97986,2,,,0,542,,97993,11,,,0,420,,97995,11,,,0
1600,'2_6',758,,97996,2,,,0,542,,98003,11,,,0,420,,98005,11,,,0
1600,'4_1',758,,98006,2,,,0,542,,98013,11,,,0,420,,98015,11,,,0
1600,'4_2',758,,98016,2,,,0,542,,98023,11,,,0,420,,98025,11,,,0
1600,'4_4',758,,98026,2,,,0,542,,98033,11,,,0,420,,98035,11,,,0
1600,'4_5',758,,98036,2,,,0,542,,98043,11,,,0,420,,98045,11,,,0
1601,'0_4',1220,,98051,16,,,0
1601,'0_5',1220,,98059,16,,,0
1601,'1_3',1220,,98067,16,,,0
1601,'2_6',1220,,98075,16,,,0
1601,'4_1',1220,,98083,16,,,0
1601,'4_2',1220,,98091,16,,,0
1601,'4_4',1220,,98099,16,,,0
1601,'4_5',1220,,98107,16,,,0
2100,'0_4',1641,,98485,2,,,0
2100,'0_5',1240,,98487,2,0,11 12,0
2100,'1_3',1641,,98490,2,,,0
2100,'4_1',1641,,98492,2,,,0
2100,'4_2',1641,,98494,2,,,0
2100,'4_4',1641,,98496,2,,,0
2100,'4_5',1240,,98498,2,0,11 12,0
