200,'S2-0_2',653,,84769,7,0,38,0,61,,84770,7,0,38,0,34,,84744,7,0,35 37,0,81,,84738,7,0,9 10,0,96,,84758,7,0,9 10,0,99,,84739,7,0,35 37,0,182,,84749,7,0,34,0,139,,84753,7,0,34,0,165,,84767,7,0,38,0,147,,84755,7,0,34,0,78,,84763,7,0,35 37,0,70,,84756,7,0,34,0,37,,84747,7,0,38,0,66,,84757,7,0,34,0
200,'S2-0_4',653,,84808,7,0,38,0,61,,84809,7,0,38,0,34,,84783,7,0,35 37,0,81,,84777,7,0,9 10,0,96,,84797,7,0,9 10,0,99,,84778,7,0,35 37,0,182,,84788,7,0,34,0,139,,84792,7,0,34,0,165,,84806,7,0,38,0,147,,84794,7,0,34,0,78,,84802,7,0,35 37,0,70,,84795,7,0,34,0,37,,84786,7,0,38,0,66,,84796,7,0,34,0
200,'S2-0_5',653,,84847,7,0,38,0,61,,84848,7,0,38,0,34,,84822,7,0,35 37,0,81,,84816,7,0,9 10,0,96,,84836,7,0,9 10,0,99,,84817,7,0,35 37,0,182,,84827,7,0,34,0,139,,84831,7,0,34,0,165,,84845,7,0,38,0,147,,84833,7,0,34,0,78,,84841,7,0,35 37,0,70,,84834,7,0,34,0,37,,84825,7,0,38,0,66,,84835,7,0,34,0
200,'S2-1_3',653,,84886,7,0,38,0,61,,84887,7,0,38,0,34,,84861,7,0,35 37,0,81,,84855,7,0,9 10,0,96,,84875,7,0,9 10,0,99,,84856,7,0,35 37,0,182,,84866,7,0,34,0,139,,84870,7,0,34,0,165,,84884,7,0,38,0,147,,84872,7,0,34,0,78,,84880,7,0,35 37,0,70,,84873,7,0,34,0,37,,84864,7,0,38,0,66,,84874,7,0,34,0
200,'S2-2_6',647,,84893,7,0,34,0,107,,84894,7,0,34,0,85,,84917,7,0,38,0,168,,84896,7,0,34,0,111,,84897,7,0,34,0,104,,84898,5,0,34,0,98,,84899,7,0,34,0,102,,84900,7,0,34,0,105,,84901,7,0,34,0,103,,84902,7,0,34,0,101,,84903,7,0,34,0,113,,84914,7,0,35 37,0
200,'S2-4_1',653,,84968,7,0,38,0,61,,84969,7,0,38,0,34,,84943,7,0,35 37,0,81,,84937,7,0,9 10,0,96,,84957,7,0,9 10,0,99,,84938,7,0,35 37,0,182,,84948,7,0,34,0,139,,84952,7,0,34,0,165,,84966,7,0,38,0,147,,84954,7,0,34,0,78,,84962,7,0,35 37,0,70,,84955,7,0,34,0,37,,84946,7,0,38,0,66,,84956,7,0,34,0
200,'S2-4_2',653,,85007,7,0,38,0,61,,85008,7,0,38,0,34,,84982,7,0,35 37,0,81,,84976,7,0,9 10,0,96,,84996,7,0,9 10,0,99,,84977,7,0,35 37,0,182,,84987,7,0,34,0,139,,84991,7,0,34,0,165,,85005,7,0,38,0,147,,84993,7,0,34,0,78,,85001,7,0,35 37,0,70,,84994,7,0,34,0,37,,84985,7,0,38,0,66,,84995,7,0,34,0
200,'S2-4_4',653,,85046,7,0,38,0,61,,85047,7,0,38,0,34,,85021,7,0,35 37,0,81,,85015,7,0,9 10,0,96,,85035,7,0,9 10,0,99,,85016,7,0,35 37,0,182,,85026,7,0,34,0,139,,85030,7,0,34,0,165,,85044,7,0,38,0,147,,85032,7,0,34,0,78,,85040,7,0,35 37,0,70,,85033,7,0,34,0,37,,85024,7,0,38,0,66,,85034,7,0,34,0
201,'S2-0_2',743,,85066,39,0,62,0,88,,85075,27,0,62,0,88,,85076,39,0,62,0,202,,85068,39,0,62,0,118,,85069,39,0,62,0,20,,85088,18,0,62,0,156,,85090,39,0,62,0,185,,85059,39,0,62,0,47,,85086,18,0,62,0,71,,85085,39,0,62,0,36,,85072,27,0,62,0,65,,85060,39,0,62,0,29,,85083,27,0,62,0,68,,85073,39,0,62,0,41,,85074,39,0,62,0
201,'S2-0_4',743,,85105,39,0,62,0,88,,85114,27,0,62,0,88,,85115,39,0,62,0,202,,85107,39,0,62,0,118,,85108,39,0,62,0,20,,85127,18,0,62,0,156,,85129,39,0,62,0,185,,85098,39,0,62,0,47,,85125,18,0,62,0,71,,85124,39,0,62,0,36,,85111,27,0,62,0,65,,85099,39,0,62,0,29,,85122,27,0,62,0,68,,85112,39,0,62,0,41,,85113,39,0,62,0
201,'S2-0_5',743,,85144,39,0,62,0,88,,85153,27,0,62,0,88,,85154,39,0,62,0,202,,85146,39,0,62,0,118,,85147,39,0,62,0,20,,85166,18,0,62,0,156,,85168,39,0,62,0,185,,85137,39,0,62,0,47,,85164,18,0,62,0,71,,85163,39,0,62,0,36,,85150,27,0,62,0,65,,85138,39,0,62,0,29,,85161,27,0,62,0,68,,85151,39,0,62,0,41,,85152,39,0,62,0
201,'S2-1_3',743,,85183,39,0,62,0,88,,85192,27,0,62,0,88,,85193,39,0,62,0,202,,85185,39,0,62,0,118,,85186,39,0,62,0,20,,85205,18,0,62,0,156,,85208,39,0,62,0,185,,85176,39,0,62,0,47,,85203,18,0,62,0,71,,85202,39,0,62,0,36,,85189,27,0,62,0,65,,85177,39,0,62,0,29,,85200,27,0,62,0,68,,85190,39,0,62,0,41,,85191,39,0,62,0
201,'S2-2_6',748,,85234,39,0,62,0,160,,85223,27,0,62,0,126,,85236,39,0,62,0,110,,85237,39,0,64,0,85,,85226,27,0,62,0,107,,85227,27,0,62,0,104,,85228,27,0,62,0,90,,85217,39,0,62,0,103,,85218,39,0,62,0,124,,85231,27,0,62,0,163,,85244,39,0,62,0,33,,85233,27,0,62,0
201,'S2-4_1',743,,85267,39,0,62,0,88,,85276,27,0,62,0,88,,85277,39,0,62,0,202,,85269,39,0,62,0,118,,85270,39,0,62,0,20,,85289,18,0,62,0,156,,85291,39,0,62,0,185,,85260,39,0,62,0,47,,85287,18,0,62,0,71,,85286,39,0,62,0,36,,85273,27,0,62,0,65,,85261,39,0,62,0,29,,85284,27,0,62,0,68,,85274,39,0,62,0,41,,85275,39,0,62,0
201,'S2-4_2',743,,85306,39,0,62,0,88,,85315,27,0,62,0,88,,85316,39,0,62,0,202,,85308,39,0,62,0,118,,85309,39,0,62,0,20,,85328,18,0,62,0,156,,85330,39,0,62,0,185,,85299,39,0,62,0,47,,85326,18,0,62,0,71,,85325,39,0,62,0,36,,85312,27,0,62,0,65,,85300,39,0,62,0,29,,85323,27,0,62,0,68,,85313,39,0,62,0,41,,85314,39,0,62,0
201,'S2-4_4',743,,85345,39,0,62,0,88,,85354,27,0,62,0,88,,85355,39,0,62,0,202,,85347,39,0,62,0,118,,85348,39,0,62,0,20,,85367,18,0,62,0,156,,85369,39,0,62,0,185,,85338,39,0,62,0,47,,85365,18,0,62,0,71,,85364,39,0,62,0,36,,85351,27,0,62,0,65,,85339,39,0,62,0,29,,85362,27,0,62,0,68,,85352,39,0,62,0,41,,85353,39,0,62,0
2900200,'S2-0_2',705,,92369,7,,,0,100,,92370,7,,,0
2900200,'S2-0_4',705,,92371,7,,,0,100,,92372,7,,,0
2900200,'S2-0_5',705,,92373,7,,,0,100,,92374,7,,,0
2900200,'S2-1_3',705,,92375,7,,,0,100,,92376,7,,,0
2900200,'S2-4_1',705,,92377,7,,,0,100,,92378,7,,,0
2900200,'S2-4_2',705,,92379,7,,,0,100,,92380,7,,,0
2900200,'S2-4_4',705,,92381,7,,,0,100,,92382,7,,,0
2900201,'S2-0_2',1752,,92383,3,,,0,100,,92384,3,,,0
2900201,'S2-0_4',1752,,92385,3,,,0,100,,92386,3,,,0
2900201,'S2-0_5',1752,,92387,3,,,0,100,,92388,3,,,0
2900201,'S2-1_3',1752,,92389,3,,,0,100,,92390,3,,,0
2900201,'S2-4_1',1752,,92391,3,,,0,100,,92392,3,,,0
2900201,'S2-4_2',1752,,92393,3,,,0,100,,92394,3,,,0
2900201,'S2-4_4',1752,,92395,3,,,0,100,,92396,3,,,0
