1600,'S2-0_2',916,,88002,5,0,25,0,87,,88006,5,,,0,119,,88003,5,0,25,0,127,,88008,5,,,0,62,,88009,5,0,54 55,0,112,,88004,5,,,0,193,,88005,5,0,25,0,92,,88010,5,,,0,137,,88007,5,,,0
1600,'S2-0_4',916,,88012,5,0,25,0,87,,88016,5,,,0,119,,88013,5,0,25,0,127,,88018,5,,,0,62,,88019,5,0,54 55,0,112,,88014,5,,,0,193,,88015,5,0,25,0,92,,88020,5,,,0,137,,88017,5,,,0
1600,'S2-0_5',916,,88022,5,0,25,0,87,,88026,5,,,0,119,,88023,5,0,25,0,127,,88028,5,,,0,62,,88029,5,0,54 55,0,112,,88024,5,,,0,193,,88025,5,0,25,0,92,,88030,5,,,0,137,,88027,5,,,0
1600,'S2-1_3',916,,88032,5,0,25,0,87,,88036,5,,,0,119,,88033,5,0,25,0,127,,88038,5,,,0,62,,88039,5,0,54 55,0,112,,88034,5,,,0,193,,88035,5,0,25,0,92,,88040,5,,,0,137,,88037,5,,,0
1600,'S2-2_6',916,,88042,5,0,25,0,87,,88046,5,,,0,119,,88043,5,0,25,0,127,,88048,5,,,0,62,,88049,5,0,54 55,0,112,,88044,5,,,0,193,,88045,5,0,25,0,92,,88050,5,,,0,137,,88047,5,,,0
1600,'S2-4_1',916,,88052,5,0,25,0,87,,88056,5,,,0,119,,88053,5,0,25,0,127,,88058,5,,,0,62,,88059,5,0,54 55,0,112,,88054,5,,,0,193,,88055,5,0,25,0,92,,88060,5,,,0,137,,88057,5,,,0
1600,'S2-4_2',916,,88062,5,0,25,0,87,,88066,5,,,0,119,,88063,5,0,25,0,127,,88068,5,,,0,62,,88069,5,0,54 55,0,112,,88064,5,,,0,193,,88065,5,0,25,0,92,,88070,5,,,0,137,,88067,5,,,0
1600,'S2-4_4',916,,88072,5,0,25,0,87,,88076,5,,,0,119,,88073,5,0,25,0,127,,88078,5,,,0,62,,88079,5,0,54 55,0,112,,88074,5,,,0,193,,88075,5,0,25,0,92,,88080,5,,,0,137,,88077,5,,,0
1601,'S2-0_2',856,,88081,14,,,0,87,,88082,7,,,0,159,,88083,14,,,0,125,,88086,19,,,0,174,,88084,14,,,0,138,,88087,14,,,0,107,,88088,7,,,0,175,,88085,14,,,0
1601,'S2-0_4',856,,88089,14,,,0,87,,88090,7,,,0,159,,88091,14,,,0,125,,88094,19,,,0,174,,88092,14,,,0,138,,88095,14,,,0,107,,88096,7,,,0,175,,88093,14,,,0
1601,'S2-0_5',856,,88097,14,,,0,87,,88098,7,,,0,159,,88099,14,,,0,125,,88102,19,,,0,174,,88100,14,,,0,138,,88103,14,,,0,107,,88104,7,,,0,175,,88101,14,,,0
1601,'S2-1_3',856,,88105,14,,,0,87,,88106,7,,,0,159,,88107,14,,,0,125,,88110,19,,,0,174,,88108,14,,,0,138,,88111,14,,,0,107,,88112,7,,,0,175,,88109,14,,,0
1601,'S2-2_6',856,,88113,14,,,0,87,,88114,7,,,0,159,,88115,14,,,0,125,,88118,19,,,0,174,,88116,14,,,0,138,,88119,14,,,0,107,,88120,7,,,0,175,,88117,14,,,0
1601,'S2-4_1',856,,88121,14,,,0,87,,88122,7,,,0,159,,88123,14,,,0,125,,88126,19,,,0,174,,88124,14,,,0,138,,88127,14,,,0,107,,88128,7,,,0,175,,88125,14,,,0
1601,'S2-4_2',856,,88129,14,,,0,87,,88130,7,,,0,159,,88131,14,,,0,125,,88134,19,,,0,174,,88132,14,,,0,138,,88135,14,,,0,107,,88136,7,,,0,175,,88133,14,,,0
1601,'S2-4_4',856,,88137,14,,,0,87,,88138,7,,,0,159,,88139,14,,,0,125,,88142,19,,,0,174,,88140,14,,,0,138,,88143,14,,,0,107,,88144,7,,,0,175,,88141,14,,,0
2100,'S2-0_2',1648,,88520,5,,,0
2100,'S2-0_4',1648,,88522,5,,,0
2100,'S2-1_3',1648,,88527,5,,,0
2100,'S2-4_1',1648,,88529,5,,,0
2100,'S2-4_2',1648,,88531,5,,,0
2100,'S2-4_4',1648,,88533,5,,,0
2101,'S2-0_2',748,,88536,4,,,0
2101,'S2-0_4',748,,88539,4,,,0
2101,'S2-0_5',748,,88542,4,,,0
2101,'S2-1_3',748,,88545,4,,,0
2101,'S2-4_1',748,,88548,4,,,0
2101,'S2-4_2',748,,88551,4,,,0
2101,'S2-4_4',748,,88554,4,,,0
