400,'1_3',754,,95913,45,0,40,0,59,,95917,14,4,,0,2,,95920,48,0,40,0,6,,95890,44,0,40,0,16,,95891,45,0,40,0,10,,95914,44,0,40,0,54,,95892,44,0,40,0,13,,95893,44,0,40,0,30,,95894,44,0,40,0,79,,95895,56,0,40,0,31,,95896,44,0,40,0,71,,95897,44,0,40,0,76,,95898,44,0,40,0,37,,95899,44,0,40,0,65,,95918,47,,,0,26,,95915,57,0,40,0,25,,95900,44,0,40,0,66,,95901,44,0,40,0,30,,95904,56,0,40,0,76,,95902,44,0,40,0,30,,95905,56,0,40,0,79,,95903,44,0,40,0,80,,95921,48,0,40,0,22,,95906,56,0,40,0,8,,95916,29,0,40,0,8,,95907,44,0,40,0,61,,95922,48,,,0,5,,95909,44,0,40,0,23,,95908,56,0,40,0,61,,95919,47,,,0,30,,95910,44,0,40,0,23,,95911,56,0,40,0
400,'2_6',743,,95929,44,0,40,0,105,,95930,44,0,40,0,72,,95923,56,0,40,0,27,,95931,44,0,40,0,72,,95932,44,0,40,0,30,,95933,44,0,40,0,71,,95924,56,0,40,0,31,,95934,44,0,40,0,70,,95936,44,0,40,0,29,,95935,44,0,40,0,69,,95925,56,0,40,0,31,,95937,44,0,40,0,70,,95938,44,0,40,0,29,,95939,44,0,40,0,73,,95926,56,0,40,0,33,,95940,44,0,40,0,70,,95941,44,0,40,0,31,,95942,44,0,40,0,73,,95927,56,0,40,0,72,,95943,44,0,40,0,30,,95944,44,0,40,0,71,,95945,44,0,40,0,29,,95928,56,0,40,0,71,,95946,44,0,40,0
400,'4_1',754,,95979,45,0,40,0,59,,95983,14,4,,0,2,,95986,48,0,40,0,6,,95955,44,0,40,0,16,,95956,45,0,40,0,10,,95980,44,0,40,0,54,,95957,44,0,40,0,13,,95958,44,0,40,0,30,,95959,44,0,40,0,79,,95960,56,0,40,0,31,,95961,44,0,40,0,71,,95962,44,0,40,0,76,,95963,44,0,40,0,37,,95964,44,0,40,0,65,,95984,47,,,0,26,,95981,57,0,40,0,25,,95965,44,0,40,0,66,,95966,44,0,40,0,30,,95969,56,0,40,0,76,,95967,44,0,40,0,30,,95970,56,0,40,0,79,,95968,44,0,40,0,80,,95987,48,0,40,0,22,,95971,56,0,40,0,8,,95982,29,0,40,0,8,,95972,44,0,40,0,61,,95988,48,,,0,5,,95974,44,0,40,0,23,,95977,28,0,40,0,61,,95985,47,,,0,30,,95975,44,0,40,0,23,,95976,56,0,40,0
400,'4_2',754,,96013,45,0,40,0,59,,96017,14,4,,0,2,,96020,48,0,40,0,6,,95989,44,0,40,0,16,,95990,45,0,40,0,10,,96014,44,0,40,0,54,,95991,44,0,40,0,13,,95992,44,0,40,0,30,,95993,44,0,40,0,79,,95994,56,0,40,0,31,,95995,44,0,40,0,71,,95996,44,0,40,0,76,,95997,44,0,40,0,37,,95998,44,0,40,0,65,,96018,47,,,0,26,,96015,57,0,40,0,25,,95999,44,0,40,0,66,,96000,44,0,40,0,30,,96003,56,0,40,0,76,,96001,44,0,40,0,30,,96004,56,0,40,0,79,,96002,44,0,40,0,80,,96021,48,0,40,0,22,,96005,56,0,40,0,8,,96016,29,0,40,0,8,,96006,44,0,40,0,61,,96022,48,,,0,5,,96008,44,0,40,0,23,,96011,28,0,40,0,61,,96019,47,,,0,30,,96009,44,0,40,0,23,,96010,56,0,40,0
400,'4_4',754,,96047,45,0,40,0,59,,96051,14,4,,0,2,,96054,48,0,40,0,6,,96023,44,0,40,0,16,,96024,45,0,40,0,10,,96048,44,0,40,0,54,,96025,44,0,40,0,13,,96026,44,0,40,0,30,,96027,44,0,40,0,79,,96028,56,0,40,0,31,,96029,44,0,40,0,71,,96030,44,0,40,0,76,,96031,44,0,40,0,37,,96032,44,0,40,0,65,,96052,47,,,0,26,,96049,57,0,40,0,25,,96033,44,0,40,0,66,,96034,44,0,40,0,30,,96037,56,0,40,0,76,,96035,44,0,40,0,30,,96038,56,0,40,0,79,,96036,44,0,40,0,80,,96055,48,0,40,0,22,,96039,56,0,40,0,8,,96050,29,0,40,0,8,,96040,44,0,40,0,61,,96056,48,,,0,5,,96042,44,0,40,0,23,,96045,28,0,40,0,61,,96053,47,,,0,30,,96043,44,0,40,0,23,,96044,56,0,40,0
400,'4_5',754,,96081,45,0,40,0,59,,96085,14,4,,0,2,,96088,48,0,40,0,6,,96057,44,0,40,0,16,,96058,45,0,40,0,10,,96082,44,0,40,0,54,,96059,44,0,40,0,13,,96060,44,0,40,0,30,,96061,44,0,40,0,79,,96062,56,0,40,0,31,,96063,44,0,40,0,71,,96064,44,0,40,0,76,,96065,44,0,40,0,37,,96066,44,0,40,0,65,,96086,47,,,0,26,,96083,57,0,40,0,25,,96067,44,0,40,0,66,,96068,44,0,40,0,30,,96071,56,0,40,0,76,,96069,44,0,40,0,30,,96072,56,0,40,0,79,,96070,44,0,40,0,80,,96089,48,0,40,0,22,,96073,56,0,40,0,8,,96084,29,0,40,0,8,,96074,44,0,40,0,61,,96090,48,,,0,5,,96076,44,0,40,0,23,,96079,28,0,40,0,61,,96087,47,,,0,30,,96077,44,0,40,0,23,,96078,56,0,40,0
400,'5_7',857,,96091,56,0,40,0,165,,96092,56,0,40,0,125,,96093,56,0,40,0,200,,96094,56,0,40,0,166,,96095,56,0,40,0,125,,96096,56,0,40,0,166,,96097,56,0,40,0,124,,96098,56,0,40,0
2300,'1_3',1230,,98623,25,,,0,3,,98622,25,,,0
2300,'4_1',1626,,98624,25,,,0,105,,98625,25,,,0,95,,98626,25,,,0
2300,'4_2',1626,,98627,25,,,0,105,,98628,25,,,0,95,,98629,25,,,0
2300,'4_4',1626,,98630,25,,,0,105,,98631,25,,,0,95,,98632,25,,,0
2300,'4_5',1626,,98633,25,,,0,105,,98634,25,,,0,95,,98635,25,,,0
