100,'1_3',704,,94168,5,0,61 8,0,31,,94159,5,,,0,75,,94169,5,0,9 10,0,38,,94160,5,0,61 8,0,156,,94161,5,0,61 8,0,117,,94162,5,0,61 8,0,116,,94163,5,0,61 8,0,89,,94164,5,0,61 8,0,114,,94165,5,0,61 8,0,99,,94170,5,0,61 8,0,102,,94166,5,0,61 8,0,85,,94167,5,0,61 8,0,82,,94157,5,,,0,111,,94158,5,,,0
100,'2_6',654,,94192,5,0,61 8,0,202,,94193,5,0,61 8,0,99,,94194,5,0,61 8,0,102,,94195,5,0,61 8,0,100,,94196,5,0,61 8,0,100,,94197,5,0,61 8,0,99,,94198,5,0,61 8,0,100,,94199,5,0,61 8,0,101,,94200,5,0,61 8,0,144,,94201,5,0,61 8,0,99,,94202,5,0,61 8,0,101,,94203,5,0,61 8,0
100,'4_1',704,,94236,5,0,61 8,0,31,,94227,5,,,0,75,,94237,5,0,9 10,0,38,,94228,5,0,61 8,0,156,,94229,5,0,61 8,0,117,,94230,5,0,61 8,0,116,,94231,5,0,61 8,0,89,,94232,5,0,61 8,0,114,,94233,5,0,61 8,0,99,,94238,5,0,61 8,0,102,,94234,5,0,61 8,0,85,,94235,5,0,61 8,0,82,,94225,5,,,0,111,,94226,5,,,0
100,'4_2',704,,94271,5,0,61 8,0,31,,94262,5,,,0,75,,94272,5,0,9 10,0,38,,94263,5,0,61 8,0,156,,94264,5,0,61 8,0,117,,94265,5,0,61 8,0,116,,94266,5,0,61 8,0,89,,94267,5,0,61 8,0,114,,94268,5,0,61 8,0,99,,94273,5,0,61 8,0,102,,94269,5,0,61 8,0,85,,94270,5,0,61 8,0,82,,94260,5,,,0,111,,94261,5,,,0
100,'4_4',704,,94306,5,0,61 8,0,31,,94297,5,,,0,75,,94307,5,0,9 10,0,38,,94298,5,0,61 8,0,156,,94299,5,0,61 8,0,117,,94300,5,0,61 8,0,116,,94301,5,0,61 8,0,89,,94302,5,0,61 8,0,114,,94303,5,0,61 8,0,99,,94308,5,0,61 8,0,102,,94304,5,0,61 8,0,85,,94305,5,0,61 8,0,82,,94295,5,,,0,111,,94296,5,,,0
100,'4_5',704,,94341,5,0,61 8,0,31,,94332,5,,,0,75,,94342,5,0,9 10,0,38,,94333,5,0,61 8,0,156,,94334,5,0,61 8,0,117,,94335,5,0,61 8,0,116,,94336,5,0,61 8,0,89,,94337,5,0,61 8,0,114,,94338,5,0,61 8,0,99,,94343,5,0,61 8,0,102,,94339,5,0,61 8,0,85,,94340,5,0,61 8,0,82,,94330,5,,,0,111,,94331,5,,,0
100,'5_7',1007,,94370,5,0,61 8,0,210,,94371,5,0,61 8,0,190,,94372,5,0,61 8,0,209,,94373,5,0,61 8,0,212,,94374,5,0,61 8,0
800,'1_3',700,,97052,10,,,0,33,,97053,10,,,0,67,,97054,10,,,0,31,,97055,10,,,0,80,,97056,10,,,0,110,,97057,10,,,0,117,,97058,10,,,0,111,,97059,10,,,0,110,,97060,10,,,0,152,,97062,10,,,0,110,,97061,10,,,0
800,'4_1',700,,97063,10,,,0,33,,97064,10,,,0,67,,97065,10,,,0,31,,97066,10,,,0,80,,97067,10,,,0,110,,97068,10,,,0,117,,97069,10,,,0,111,,97070,10,,,0,110,,97071,10,,,0,152,,97073,10,,,0,110,,97072,10,,,0
800,'4_2',700,,97074,10,,,0,33,,97075,10,,,0,67,,97076,10,,,0,31,,97077,10,,,0,80,,97078,10,,,0,110,,97079,10,,,0,117,,97080,10,,,0,111,,97081,10,,,0,110,,97082,10,,,0,152,,97084,10,,,0,110,,97083,10,,,0
800,'4_4',700,,97085,10,,,0,33,,97086,10,,,0,67,,97087,10,,,0,31,,97088,10,,,0,80,,97089,10,,,0,110,,97090,10,,,0,117,,97091,10,,,0,111,,97092,10,,,0,110,,97093,10,,,0,152,,97095,10,,,0,110,,97094,10,,,0
800,'4_5',700,,97096,10,,,0,33,,97097,10,,,0,67,,97098,10,,,0,31,,97099,10,,,0,80,,97100,10,,,0,110,,97101,10,,,0,117,,97102,10,,,0,111,,97103,10,,,0,110,,97104,10,,,0,152,,97106,10,,,0,110,,97105,10,,,0
2200,'1_3',703,,98536,6,0,11 15 16,0,20,,98540,6,0,17,0,102,,98537,6,0,11 15 16,0,513,,98539,6,0,42,0,368,,98538,6,0,11 15 16,0
2200,'4_1',703,,98541,6,0,11 15 16,0,20,,98547,6,0,17,0,102,,98542,6,0,11 15 16,0,513,,98544,6,0,42,0,305,,98545,6,0,42,0,63,,98543,6,0,11 15 16,0,37,,98546,6,0,42,0
2200,'4_2',703,,98548,6,0,11 15 16,0,20,,98554,6,0,17,0,102,,98549,6,0,11 15 16,0,513,,98551,6,0,42,0,305,,98552,6,0,42,0,63,,98550,6,0,11 15 16,0,37,,98553,6,0,42,0
2200,'4_4',703,,98555,6,0,11 15 16,0,20,,98561,6,0,17,0,102,,98556,6,0,11 15 16,0,513,,98558,6,0,42,0,305,,98559,6,0,42,0,63,,98557,6,0,11 15 16,0,37,,98560,6,0,42,0
2200,'4_5',703,,98562,6,0,11 15 16,0,20,,98568,6,0,17,0,102,,98563,6,0,11 15 16,0,513,,98565,6,0,42,0,305,,98566,6,0,42,0,63,,98564,6,0,11 15 16,0,37,,98567,6,0,42,0
