301,'0_4',746,,95586,34,,,0,61,,95560,34,,,0,34,,95587,34,,,0,73,,95561,34,,,0,30,,95562,34,,,0,71,,95563,34,,,0,33,,95564,34,,,0,72,,95565,34,,,0,33,,95566,34,,,0,74,,95567,34,,,0,31,,95568,34,,,0,71,,95569,34,,,0,73,,95570,34,,,0,32,,95571,34,,,0,71,,95572,34,,,0,31,,95573,34,,,0,67,,95574,34,,,0,28,,95575,34,,,0,71,,95576,34,,,0,30,,95577,34,,,0,70,,95578,34,,,0,30,,95579,34,,,0,23,,95580,34,,,0,62,,95581,34,,,0,22,,95582,34,,,0,69,,95583,34,,,0,28,,95584,34,,,0,70,,95585,34,,,0
301,'0_5',746,,95614,34,,,0,61,,95588,34,,,0,34,,95615,34,,,0,73,,95589,34,,,0,30,,95590,34,,,0,71,,95591,34,,,0,33,,95592,34,,,0,72,,95593,34,,,0,33,,95594,34,,,0,74,,95595,34,,,0,31,,95596,34,,,0,71,,95597,34,,,0,73,,95598,34,,,0,32,,95599,34,,,0,71,,95600,34,,,0,31,,95601,34,,,0,67,,95602,34,,,0,28,,95603,34,,,0,71,,95604,34,,,0,30,,95605,34,,,0,70,,95606,34,,,0,30,,95607,34,,,0,23,,95608,34,,,0,62,,95609,34,,,0,22,,95610,34,,,0,69,,95611,34,,,0,28,,95612,34,,,0,70,,95613,34,,,0
301,'1_3',746,,95642,34,,,0,61,,95616,34,,,0,34,,95643,34,,,0,73,,95617,34,,,0,30,,95618,34,,,0,71,,95619,34,,,0,33,,95620,34,,,0,72,,95621,34,,,0,33,,95622,34,,,0,74,,95623,34,,,0,31,,95624,34,,,0,71,,95625,34,,,0,73,,95626,34,,,0,32,,95627,34,,,0,71,,95628,34,,,0,31,,95629,34,,,0,67,,95630,34,,,0,28,,95631,34,,,0,71,,95632,34,,,0,30,,95633,34,,,0,70,,95634,34,,,0,30,,95635,34,,,0,23,,95636,34,,,0,62,,95637,34,,,0,22,,95638,34,,,0,69,,95639,34,,,0,28,,95640,34,,,0,70,,95641,34,,,0
301,'2_6',750,,95647,34,,,0,71,,95644,34,,,0,31,,95645,34,,,0,71,,95646,34,,,0,31,,95648,34,,,0,70,,95649,34,,,0,31,,95650,34,,,0,70,,95651,34,,,0,31,,95655,34,,,0,69,,95654,34,,,0,28,,95652,34,,,0,69,,95653,34,,,0,29,,95657,34,,,0,72,,95658,34,,,0,30,,95656,34,,,0,71,,95659,34,,,0,30,,95662,34,,,0,72,,95660,34,,,0,33,,95661,34,,,0,70,,95664,34,,,0,71,,95663,34,,,0,30,,95665,34,,,0,72,,95666,34,,,0,27,,95667,34,,,0,27,,95668,34,,,0,69,,95669,34,,,0,30,,95670,34,,,0,63,,95671,34,,,0
301,'3_7',825,,95693,34,,,0,33,,95688,34,,,0,72,,95694,34,,,0,74,,95689,34,,,0,33,,95695,34,,,0,72,,95690,34,,,0,33,,95696,34,,,0,72,,95691,34,,,0,32,,95697,34,,,0,74,,95672,34,,,0,27,,95673,34,,,0,69,,95674,34,,,0,26,,95675,34,,,0,68,,95676,34,,,0,27,,95677,34,,,0,69,,95678,34,,,0,28,,95698,34,,,0,25,,95679,34,,,0,72,,95680,34,,,0,74,,95681,34,,,0,28,,95682,34,,,0,67,,95683,34,,,0,25,,95684,34,,,0,25,,95685,34,,,0,65,,95686,34,,,0,27,,95692,34,,,0,64,,95687,34,,,0
301,'4_1',746,,95725,34,,,0,61,,95699,34,,,0,34,,95726,34,,,0,73,,95700,34,,,0,30,,95701,34,,,0,71,,95702,34,,,0,33,,95703,34,,,0,72,,95704,34,,,0,33,,95705,34,,,0,74,,95706,34,,,0,31,,95707,34,,,0,71,,95708,34,,,0,73,,95709,34,,,0,32,,95710,34,,,0,71,,95711,34,,,0,31,,95712,34,,,0,67,,95713,34,,,0,28,,95714,34,,,0,71,,95715,34,,,0,30,,95716,34,,,0,70,,95717,34,,,0,30,,95718,34,,,0,23,,95719,34,,,0,62,,95720,34,,,0,22,,95721,34,,,0,69,,95722,34,,,0,28,,95723,34,,,0,70,,95724,34,,,0
301,'4_2',746,,95753,34,,,0,61,,95727,34,,,0,34,,95754,34,,,0,73,,95728,34,,,0,30,,95729,34,,,0,71,,95730,34,,,0,33,,95731,34,,,0,72,,95732,34,,,0,33,,95733,34,,,0,74,,95734,34,,,0,31,,95735,34,,,0,71,,95736,34,,,0,73,,95737,34,,,0,32,,95738,34,,,0,71,,95739,34,,,0,31,,95740,34,,,0,67,,95741,34,,,0,28,,95742,34,,,0,71,,95743,34,,,0,30,,95744,34,,,0,70,,95745,34,,,0,30,,95746,34,,,0,23,,95747,34,,,0,62,,95748,34,,,0,22,,95749,34,,,0,69,,95750,34,,,0,28,,95751,34,,,0,70,,95752,34,,,0
301,'4_4',746,,95781,34,,,0,61,,95755,34,,,0,34,,95782,34,,,0,73,,95756,34,,,0,30,,95757,34,,,0,71,,95758,34,,,0,33,,95759,34,,,0,72,,95760,34,,,0,33,,95761,34,,,0,74,,95762,34,,,0,31,,95763,34,,,0,71,,95764,34,,,0,73,,95765,34,,,0,32,,95766,34,,,0,71,,95767,34,,,0,31,,95768,34,,,0,67,,95769,34,,,0,28,,95770,34,,,0,71,,95771,34,,,0,30,,95772,34,,,0,70,,95773,34,,,0,30,,95774,34,,,0,23,,95775,34,,,0,62,,95776,34,,,0,22,,95777,34,,,0,69,,95778,34,,,0,28,,95779,34,,,0,70,,95780,34,,,0
301,'4_5',746,,95809,34,,,0,61,,95783,34,,,0,34,,95810,34,,,0,73,,95784,34,,,0,30,,95785,34,,,0,71,,95786,34,,,0,33,,95787,34,,,0,72,,95788,34,,,0,33,,95789,34,,,0,74,,95790,34,,,0,31,,95791,34,,,0,71,,95792,34,,,0,73,,95793,34,,,0,32,,95794,34,,,0,71,,95795,34,,,0,31,,95796,34,,,0,67,,95797,34,,,0,28,,95798,34,,,0,71,,95799,34,,,0,30,,95800,34,,,0,70,,95801,34,,,0,30,,95802,34,,,0,23,,95803,34,,,0,62,,95804,34,,,0,22,,95805,34,,,0,69,,95806,34,,,0,28,,95807,34,,,0,70,,95808,34,,,0
301,'5_7',942,,95811,34,,,0,100,,95812,34,,,0,100,,95813,34,,,0,100,,95814,34,,,0,100,,95815,34,,,0,100,,95816,34,,,0,100,,95817,34,,,0,100,,95818,34,,,0,100,,95819,34,,,0,100,,95820,34,,,0,100,,95821,34,,,0
