500,'0_6',642,,65341,6,,,0,71,,65342,6,,,0,101,,65343,6,,,0,101,,65344,6,,,0,98,,65345,6,,,0,100,,65346,6,,,0,100,,65347,6,,,0,98,,65348,6,,,0,40,,65349,6,,,0,79,,65350,6,,,0,98,,65351,6,,,0,102,,65352,6,,,0,99,,65353,6,,,0,74,,65354,6,,,0,29,,65355,6,,,0,98,,65356,6,,,0
500,'1_7',1157,,65357,6,,,0,191,,65358,6,,,0,191,,65359,6,,,0,184,,65360,6,,,0,191,,65361,6,,,0
500,'5_1',642,,74204,6,,,0,71,,74205,6,,,0,101,,74206,6,,,0,101,,74207,6,,,0,98,,74208,6,,,0,100,,74209,6,,,0,100,,74210,6,,,0,98,,74211,6,,,0,40,,74212,6,,,0,79,,74213,6,,,0,98,,74214,6,,,0,102,,74215,6,,,0,99,,74216,6,,,0,74,,74217,6,,,0,29,,74218,6,,,0,98,,74219,6,,,0
500,'5_2',642,,75626,6,,,0,71,,75627,6,,,0,101,,75628,6,,,0,101,,75629,6,,,0,98,,75630,6,,,0,100,,75631,6,,,0,100,,75632,6,,,0,98,,75633,6,,,0,40,,75634,6,,,0,79,,75635,6,,,0,98,,75636,6,,,0,102,,75637,6,,,0,99,,75638,6,,,0,74,,75639,6,,,0,29,,75640,6,,,0,98,,75641,6,,,0
500,'5_3',642,,75642,6,,,0,71,,75643,6,,,0,101,,75644,6,,,0,101,,75645,6,,,0,98,,75646,6,,,0,100,,75647,6,,,0,100,,75648,6,,,0,98,,75649,6,,,0,40,,75650,6,,,0,79,,75651,6,,,0,98,,75652,6,,,0,102,,75653,6,,,0,99,,75654,6,,,0,74,,75655,6,,,0,29,,75656,6,,,0,98,,75657,6,,,0
500,'7_1',642,,80549,6,,,0,71,,80550,6,,,0,101,,80551,6,,,0,101,,80552,6,,,0,98,,80553,6,,,0,100,,80554,6,,,0,100,,80555,6,,,0,98,,80556,6,,,0,40,,80557,6,,,0,79,,80558,6,,,0,98,,80559,6,,,0,102,,80560,6,,,0,99,,80561,6,,,0,74,,80562,6,,,0,29,,80563,6,,,0,98,,80564,6,,,0
500,'7_2',642,,82470,6,,,0,71,,82471,6,,,0,101,,82472,6,,,0,101,,82473,6,,,0,98,,82474,6,,,0,100,,82475,6,,,0,100,,82476,6,,,0,98,,82477,6,,,0,40,,82478,6,,,0,79,,82479,6,,,0,98,,82480,6,,,0,102,,82481,6,,,0,99,,82482,6,,,0,74,,82483,6,,,0,29,,82484,6,,,0,98,,82485,6,,,0
500,'7_3',642,,82486,6,,,0,71,,82487,6,,,0,101,,82488,6,,,0,101,,82489,6,,,0,98,,82490,6,,,0,100,,82491,6,,,0,100,,82492,6,,,0,98,,82493,6,,,0,40,,82494,6,,,0,79,,82495,6,,,0,98,,82496,6,,,0,102,,82497,6,,,0,99,,82498,6,,,0,74,,82499,6,,,0,29,,82500,6,,,0,98,,82501,6,,,0
500,'7_4',642,,79343,6,,,0,71,,79344,6,,,0,101,,79345,6,,,0,101,,79346,6,,,0,98,,79347,6,,,0,100,,79348,6,,,0,100,,79349,6,,,0,98,,79350,6,,,0,40,,79351,6,,,0,79,,79352,6,,,0,98,,79353,6,,,0,102,,79354,6,,,0,99,,79355,6,,,0,74,,79356,6,,,0,29,,79357,6,,,0,98,,79358,6,,,0
500,'7_5',642,,80565,6,,,0,71,,80566,6,,,0,101,,80567,6,,,0,101,,80568,6,,,0,98,,80569,6,,,0,100,,80570,6,,,0,100,,80571,6,,,0,98,,80572,6,,,0,40,,80573,6,,,0,79,,80574,6,,,0,98,,80575,6,,,0,102,,80576,6,,,0,99,,80577,6,,,0,74,,80578,6,,,0,29,,80579,6,,,0,98,,80580,6,,,0
