900600,'0_6',901,,68268,29,,,0,130,,68270,29,,,0,125,,68271,29,,,0,175,,68272,29,,,0,120,,68273,29,,,0,175,,68274,29,,,0,130,,68275,29,,,0,169,,68269,29,,,0
900600,'5_1',901,,74487,29,,,0,130,,74489,29,,,0,125,,74490,29,,,0,175,,74491,29,,,0,120,,74492,29,,,0,175,,74493,29,,,0,130,,74494,29,,,0,169,,74488,29,,,0
900600,'5_2',901,,76475,29,,,0,130,,76477,29,,,0,125,,76478,29,,,0,175,,76479,29,,,0,120,,76480,29,,,0,175,,76481,29,,,0,130,,76482,29,,,0,169,,76476,29,,,0
900600,'5_3',901,,76483,29,,,0,130,,76485,29,,,0,125,,76486,29,,,0,175,,76487,29,,,0,120,,76488,29,,,0,175,,76489,29,,,0,130,,76490,29,,,0,169,,76484,29,,,0
900600,'7_1',901,,81116,29,,,0,130,,81118,29,,,0,125,,81119,29,,,0,175,,81120,29,,,0,120,,81121,29,,,0,175,,81122,29,,,0,130,,81123,29,,,0,169,,81117,29,,,0
900600,'7_2',901,,83036,29,,,0,130,,83038,29,,,0,125,,83039,29,,,0,175,,83040,29,,,0,120,,83041,29,,,0,175,,83042,29,,,0,130,,83043,29,,,0,169,,83037,29,,,0
900600,'7_3',901,,83044,29,,,0,130,,83046,29,,,0,125,,83047,29,,,0,175,,83048,29,,,0,120,,83049,29,,,0,175,,83050,29,,,0,130,,83051,29,,,0,169,,83045,29,,,0
900600,'7_4',901,,79626,29,,,0,130,,79628,29,,,0,125,,79629,29,,,0,175,,79630,29,,,0,120,,79631,29,,,0,175,,79632,29,,,0,130,,79633,29,,,0,169,,79627,29,,,0
900600,'7_5',901,,81124,29,,,0,130,,81126,29,,,0,125,,81127,29,,,0,175,,81128,29,,,0,120,,81129,29,,,0,175,,81130,29,,,0,130,,81131,29,,,0,169,,81125,29,,,0
900601,'0_6',749,,68348,3,,,0,170,,68349,3,,,0,130,,68350,3,,,0,175,,68351,3,,,0,120,,68352,3,,,0,175,,68353,3,,,0,125,,68354,3,,,0,170,,68355,3,,,0
900601,'5_1',749,,74495,3,,,0,170,,74496,3,,,0,130,,74497,3,,,0,175,,74498,3,,,0,120,,74499,3,,,0,175,,74500,3,,,0,125,,74501,3,,,0,170,,74502,3,,,0
900601,'5_2',749,,76499,3,,,0,170,,76500,3,,,0,130,,76501,3,,,0,175,,76502,3,,,0,120,,76503,3,,,0,175,,76504,3,,,0,125,,76505,3,,,0,170,,76506,3,,,0
900601,'5_3',749,,76507,3,,,0,170,,76508,3,,,0,130,,76509,3,,,0,175,,76510,3,,,0,120,,76511,3,,,0,175,,76512,3,,,0,125,,76513,3,,,0,170,,76514,3,,,0
900601,'7_1',749,,81132,3,,,0,170,,81133,3,,,0,130,,81134,3,,,0,175,,81135,3,,,0,120,,81136,3,,,0,175,,81137,3,,,0,125,,81138,3,,,0,170,,81139,3,,,0
900601,'7_2',749,,83052,3,,,0,170,,83053,3,,,0,130,,83054,3,,,0,175,,83055,3,,,0,120,,83056,3,,,0,175,,83057,3,,,0,125,,83058,3,,,0,170,,83059,3,,,0
900601,'7_3',749,,83060,3,,,0,170,,83061,3,,,0,130,,83062,3,,,0,175,,83063,3,,,0,120,,83064,3,,,0,175,,83065,3,,,0,125,,83066,3,,,0,170,,83067,3,,,0
900601,'7_4',749,,79634,3,,,0,170,,79635,3,,,0,130,,79636,3,,,0,175,,79637,3,,,0,120,,79638,3,,,0,175,,79639,3,,,0,125,,79640,3,,,0,170,,79641,3,,,0
900601,'7_5',749,,81140,3,,,0,170,,81141,3,,,0,130,,81142,3,,,0,175,,81143,3,,,0,120,,81144,3,,,0,175,,81145,3,,,0,125,,81146,3,,,0,170,,81147,3,,,0
