1001,'0_6',759,,66890,34,0,61 65,0,142,,66900,37,,,0,112,,66891,37,0,61 65,0,112,,66901,40,,,0,182,,66902,40,,,0,48,,66897,40,0,61 65,0,91,,66892,37,0,61 65,0,101,,66903,40,,,0,106,,66893,37,0,61 65,0,95,,66894,37,0,61 65,0,107,,66904,37,,,0,96,,66898,40,0,61 65,0,151,,66899,40,0,61 65,0,45,,66895,37,0,61 65,0,100,,66896,37,0,61 65,0
1001,'1_7',1014,,66905,36,,,0,321,,66906,36,,,0,408,,66907,36,,,0,309,,66908,36,0,61 65,0
1001,'5_1',844,,74354,36,,,0,113,,74355,39,0,61 65,0,94,,74361,34,,,0,157,,74356,39,0,61 65,0,96,,74362,34,0,61 65,0,99,,74359,37,,,0,105,,74363,36,0,61 65,0,94,,74360,37,,,0,125,,74364,36,0,61 65,0,119,,74365,36,,,0,98,,74357,39,0,61 65,0,99,,74358,39,0,61 65,0
1001,'5_2',844,,76076,36,,,0,113,,76077,39,0,61 65,0,94,,76083,34,,,0,157,,76078,39,0,61 65,0,96,,76084,34,0,61 65,0,99,,76081,37,,,0,105,,76085,36,0,61 65,0,94,,76082,37,,,0,125,,76086,36,0,61 65,0,119,,76087,36,,,0,98,,76079,39,0,61 65,0,99,,76080,39,0,61 65,0
1001,'5_3',844,,76088,36,,,0,113,,76089,39,0,61 65,0,94,,76095,34,,,0,157,,76090,39,0,61 65,0,96,,76096,34,0,61 65,0,99,,76093,37,,,0,105,,76097,36,0,61 65,0,94,,76094,37,,,0,125,,76098,36,0,61 65,0,119,,76099,36,,,0,98,,76091,39,0,61 65,0,99,,76092,39,0,61 65,0
1001,'7_1',844,,80849,36,,,0,113,,80850,39,0,61 65,0,94,,80856,34,,,0,157,,80851,39,0,61 65,0,96,,80857,34,0,61 65,0,99,,80854,37,,,0,105,,80858,36,0,61 65,0,94,,80855,37,,,0,125,,80859,36,0,61 65,0,119,,80860,36,,,0,98,,80852,39,0,61 65,0,99,,80853,39,0,61 65,0
1001,'7_2',844,,82770,36,,,0,113,,82771,39,0,61 65,0,94,,82777,34,,,0,157,,82772,39,0,61 65,0,96,,82778,34,0,61 65,0,99,,82775,37,,,0,105,,82779,36,0,61 65,0,94,,82776,37,,,0,125,,82780,36,0,61 65,0,119,,82781,36,,,0,98,,82773,39,0,61 65,0,99,,82774,39,0,61 65,0
1001,'7_3',844,,82782,36,,,0,113,,82783,39,0,61 65,0,94,,82789,34,,,0,157,,82784,39,0,61 65,0,96,,82790,34,0,61 65,0,99,,82787,37,,,0,105,,82791,36,0,61 65,0,94,,82788,37,,,0,125,,82792,36,0,61 65,0,119,,82793,36,,,0,98,,82785,39,0,61 65,0,99,,82786,39,0,61 65,0
1001,'7_4',844,,79493,36,,,0,113,,79494,39,0,61 65,0,94,,79500,34,,,0,157,,79495,39,0,61 65,0,96,,79501,34,0,61 65,0,99,,79498,37,,,0,105,,79502,36,0,61 65,0,94,,79499,37,,,0,125,,79503,36,0,61 65,0,119,,79504,36,,,0,98,,79496,39,0,61 65,0,99,,79497,39,0,61 65,0
1001,'7_5',844,,80861,36,,,0,113,,80862,39,0,61 65,0,94,,80868,34,,,0,157,,80863,39,0,61 65,0,96,,80869,34,0,61 65,0,99,,80866,37,,,0,105,,80870,36,0,61 65,0,94,,80867,37,,,0,125,,80871,36,0,61 65,0,119,,80872,36,,,0,98,,80864,39,0,61 65,0,99,,80865,39,0,61 65,0
2901001,'0_6',1153,,71124,10,,,0,82,,71117,10,,,0,88,,71120,10,,,0,96,,71121,10,,,0,95,,71118,10,,,0,32,,71122,10,,,0,78,,71123,10,,,0,97,,71119,10,,,0,197,,71125,10,,,0
2901001,'5_1',1052,,74751,10,,,0,261,,74752,10,,,0,94,,74753,10,,,0,207,,74754,10,,,0,140,,74755,10,,,0
2901001,'5_2',1052,,77267,10,,,0,261,,77268,10,,,0,94,,77269,10,,,0,207,,77270,10,,,0,140,,77271,10,,,0
2901001,'5_3',1052,,77272,10,,,0,261,,77273,10,,,0,94,,77274,10,,,0,207,,77275,10,,,0,140,,77276,10,,,0
2901001,'7_1',1052,,81644,10,,,0,261,,81645,10,,,0,94,,81646,10,,,0,207,,81647,10,,,0,140,,81648,10,,,0
2901001,'7_2',1052,,83564,10,,,0,261,,83565,10,,,0,94,,83566,10,,,0,207,,83567,10,,,0,140,,83568,10,,,0
2901001,'7_3',1052,,83569,10,,,0,261,,83570,10,,,0,94,,83571,10,,,0,207,,83572,10,,,0,140,,83573,10,,,0
2901001,'7_4',1052,,79890,10,,,0,261,,79891,10,,,0,94,,79892,10,,,0,207,,79893,10,,,0,140,,79894,10,,,0
2901001,'7_5',1052,,81649,10,,,0,261,,81650,10,,,0,94,,81651,10,,,0,207,,81652,10,,,0,140,,81653,10,,,0
