2000000,'0_4',704,,101480,23,,,0,26,,101462,23,,,0,16,,101490,23,,,0,55,,101446,23,,,0,14,,101473,23,,,0,15,,101455,23,,,0,16,,101482,23,,,0,55,,101465,23,,,0,16,,101493,23,,,0,17,,101447,23,,,0,16,,101478,23,,,0,55,,101456,23,,,0,16,,101483,23,,,0,16,,101463,23,,,0,16,,101491,23,,,0,56,,101448,23,,,0,16,,101479,23,,,0,15,,101457,23,,,0,16,,101484,23,,,0,57,,101464,23,,,0,14,,101494,23,,,0,16,,101449,23,,,0,12,,101472,23,,,0,56,,101458,23,,,0,15,,101481,23,,,0,15,,101466,23,,,0,16,,101492,23,,,0,55,,101451,23,,,0,15,,101474,23,,,0,15,,101461,23,,,0,15,,101486,23,,,0,56,,101467,23,,,0,14,,101495,23,,,0,15,,101452,23,,,0,15,,101475,23,,,0,57,,101460,23,,,0,15,,101485,23,,,0,15,,101468,23,,,0,56,,101444,23,,,0,16,,101496,23,,,0,18,,101450,23,,,0,14,,101477,23,,,0,55,,101459,23,,,0,15,,101487,23,,,0,15,,101470,23,,,0,12,,101445,23,,,0,13,,101497,23,,,0,54,,101453,23,,,0,14,,101476,23,,,0,13,,101488,23,,,0,19,,101469,23,,,0,61,,101498,23,,,0,20,,101454,23,,,0,19,,101489,23,,,0,60,,101471,23,,,0
2000000,'0_5',704,,101539,23,,,0,26,,101521,23,,,0,16,,101549,23,,,0,55,,101505,23,,,0,14,,101532,23,,,0,15,,101514,23,,,0,16,,101541,23,,,0,55,,101524,23,,,0,16,,101552,23,,,0,17,,101506,23,,,0,16,,101537,23,,,0,55,,101515,23,,,0,16,,101542,23,,,0,16,,101522,23,,,0,16,,101550,23,,,0,56,,101507,23,,,0,16,,101538,23,,,0,15,,101516,23,,,0,16,,101543,23,,,0,57,,101523,23,,,0,14,,101553,23,,,0,16,,101508,23,,,0,12,,101531,23,,,0,56,,101517,23,,,0,15,,101540,23,,,0,15,,101525,23,,,0,16,,101551,23,,,0,55,,101510,23,,,0,15,,101533,23,,,0,15,,101520,23,,,0,15,,101545,23,,,0,56,,101526,23,,,0,14,,101554,23,,,0,15,,101511,23,,,0,15,,101534,23,,,0,57,,101519,23,,,0,15,,101544,23,,,0,15,,101527,23,,,0,56,,101503,23,,,0,16,,101555,23,,,0,18,,101509,23,,,0,14,,101536,23,,,0,55,,101518,23,,,0,15,,101546,23,,,0,15,,101529,23,,,0,12,,101504,23,,,0,13,,101556,23,,,0,54,,101512,23,,,0,14,,101535,23,,,0,13,,101547,23,,,0,19,,101528,23,,,0,61,,101557,23,,,0,20,,101513,23,,,0,19,,101548,23,,,0,60,,101530,23,,,0
2000000,'1_3',704,,101597,23,,,0,26,,101579,23,,,0,16,,101607,23,,,0,55,,101563,23,,,0,14,,101590,23,,,0,15,,101572,23,,,0,16,,101599,23,,,0,55,,101582,23,,,0,16,,101610,23,,,0,17,,101564,23,,,0,16,,101595,23,,,0,55,,101573,23,,,0,16,,101600,23,,,0,16,,101580,23,,,0,16,,101608,23,,,0,56,,101565,23,,,0,16,,101596,23,,,0,15,,101574,23,,,0,16,,101601,23,,,0,57,,101581,23,,,0,14,,101611,23,,,0,16,,101566,23,,,0,12,,101589,23,,,0,56,,101575,23,,,0,15,,101598,23,,,0,15,,101583,23,,,0,16,,101609,23,,,0,55,,101568,23,,,0,15,,101591,23,,,0,15,,101578,23,,,0,15,,101603,23,,,0,56,,101584,23,,,0,14,,101612,23,,,0,15,,101569,23,,,0,15,,101592,23,,,0,57,,101577,23,,,0,15,,101602,23,,,0,15,,101585,23,,,0,56,,101561,23,,,0,16,,101613,23,,,0,18,,101567,23,,,0,14,,101594,23,,,0,55,,101576,23,,,0,15,,101604,23,,,0,15,,101587,23,,,0,12,,101562,23,,,0,13,,101614,23,,,0,54,,101570,23,,,0,14,,101593,23,,,0,13,,101605,23,,,0,19,,101586,23,,,0,61,,101615,23,,,0,20,,101571,23,,,0,19,,101606,23,,,0,60,,101588,23,,,0
2000000,'2_6',701,,101617,23,,,0,42,,101618,23,,,0,79,,101619,23,,,0,31,,101620,23,,,0,60,,101621,23,,,0,20,,101622,23,,,0,19,,101623,23,,,0,58,,101624,23,,,0,20,,101625,23,,,0,20,,101626,23,,,0,58,,101627,23,,,0,19,,101628,23,,,0,19,,101629,23,,,0,61,,101630,23,,,0,17,,101631,23,,,0,18,,101632,23,,,0,58,,101633,23,,,0,19,,101634,23,,,0,20,,101635,23,,,0,19,,101636,23,,,0,57,,101637,23,,,0,19,,101638,23,,,0,21,,101639,23,,,0,60,,101640,23,,,0,19,,101641,23,,,0,19,,101642,23,,,0,60,,101643,23,,,0,21,,101644,23,,,0,20,,101645,23,,,0,60,,101646,23,,,0,19,,101647,23,,,0,19,,101648,23,,,0,60,,101649,23,,,0,21,,101650,23,,,0,17,,101651,23,,,0,59,,101652,23,,,0,24,,101653,23,,,0,24,,101654,23,,,0,64,,101655,23,,,0,24,,101656,23,,,0,65,,101657,23,,,0
2000000,'3_7',838,,101658,23,,,0,80,,101659,23,,,0,40,,101660,23,,,0,80,,101661,23,,,0,80,,101662,23,,,0,40,,101663,23,,,0,80,,101664,23,,,0,80,,101665,23,,,0,40,,101666,23,,,0,80,,101667,23,,,0,80,,101668,23,,,0,40,,101669,23,,,0,80,,101670,23,,,0,80,,101671,23,,,0,40,,101672,23,,,0,80,,101673,23,,,0,80,,101674,23,,,0,40,,101675,23,,,0
2000000,'4_1',704,,101715,23,,,0,26,,101697,23,,,0,16,,101725,23,,,0,55,,101681,23,,,0,14,,101708,23,,,0,15,,101690,23,,,0,16,,101717,23,,,0,55,,101700,23,,,0,16,,101728,23,,,0,17,,101682,23,,,0,16,,101713,23,,,0,55,,101691,23,,,0,16,,101718,23,,,0,16,,101698,23,,,0,16,,101726,23,,,0,56,,101683,23,,,0,16,,101714,23,,,0,15,,101692,23,,,0,16,,101719,23,,,0,57,,101699,23,,,0,14,,101729,23,,,0,16,,101684,23,,,0,12,,101707,23,,,0,56,,101693,23,,,0,15,,101716,23,,,0,15,,101701,23,,,0,16,,101727,23,,,0,55,,101686,23,,,0,15,,101709,23,,,0,15,,101696,23,,,0,15,,101721,23,,,0,56,,101702,23,,,0,14,,101730,23,,,0,15,,101687,23,,,0,15,,101710,23,,,0,57,,101695,23,,,0,15,,101720,23,,,0,15,,101703,23,,,0,56,,101679,23,,,0,16,,101731,23,,,0,18,,101685,23,,,0,14,,101712,23,,,0,55,,101694,23,,,0,15,,101722,23,,,0,15,,101705,23,,,0,12,,101680,23,,,0,13,,101732,23,,,0,54,,101688,23,,,0,14,,101711,23,,,0,13,,101723,23,,,0,19,,101704,23,,,0,61,,101733,23,,,0,20,,101689,23,,,0,19,,101724,23,,,0,60,,101706,23,,,0
2000000,'4_2',704,,101774,23,,,0,26,,101756,23,,,0,16,,101784,23,,,0,55,,101740,23,,,0,14,,101767,23,,,0,15,,101749,23,,,0,16,,101776,23,,,0,55,,101759,23,,,0,16,,101787,23,,,0,17,,101741,23,,,0,16,,101772,23,,,0,55,,101750,23,,,0,16,,101777,23,,,0,16,,101757,23,,,0,16,,101785,23,,,0,56,,101742,23,,,0,16,,101773,23,,,0,15,,101751,23,,,0,16,,101778,23,,,0,57,,101758,23,,,0,14,,101788,23,,,0,16,,101743,23,,,0,12,,101766,23,,,0,56,,101752,23,,,0,15,,101775,23,,,0,15,,101760,23,,,0,16,,101786,23,,,0,55,,101745,23,,,0,15,,101768,23,,,0,15,,101755,23,,,0,15,,101780,23,,,0,56,,101761,23,,,0,14,,101789,23,,,0,15,,101746,23,,,0,15,,101769,23,,,0,57,,101754,23,,,0,15,,101779,23,,,0,15,,101762,23,,,0,56,,101738,23,,,0,16,,101790,23,,,0,18,,101744,23,,,0,14,,101771,23,,,0,55,,101753,23,,,0,15,,101781,23,,,0,15,,101764,23,,,0,12,,101739,23,,,0,13,,101791,23,,,0,54,,101747,23,,,0,14,,101770,23,,,0,13,,101782,23,,,0,19,,101763,23,,,0,61,,101792,23,,,0,20,,101748,23,,,0,19,,101783,23,,,0,60,,101765,23,,,0
2000000,'4_4',704,,101833,23,,,0,26,,101815,23,,,0,16,,101843,23,,,0,55,,101799,23,,,0,14,,101826,23,,,0,15,,101808,23,,,0,16,,101835,23,,,0,55,,101818,23,,,0,16,,101846,23,,,0,17,,101800,23,,,0,16,,101831,23,,,0,55,,101809,23,,,0,16,,101836,23,,,0,16,,101816,23,,,0,16,,101844,23,,,0,56,,101801,23,,,0,16,,101832,23,,,0,15,,101810,23,,,0,16,,101837,23,,,0,57,,101817,23,,,0,14,,101847,23,,,0,16,,101802,23,,,0,12,,101825,23,,,0,56,,101811,23,,,0,15,,101834,23,,,0,15,,101819,23,,,0,16,,101845,23,,,0,55,,101804,23,,,0,15,,101827,23,,,0,15,,101814,23,,,0,15,,101839,23,,,0,56,,101820,23,,,0,14,,101848,23,,,0,15,,101805,23,,,0,15,,101828,23,,,0,57,,101813,23,,,0,15,,101838,23,,,0,15,,101821,23,,,0,56,,101797,23,,,0,16,,101849,23,,,0,18,,101803,23,,,0,14,,101830,23,,,0,55,,101812,23,,,0,15,,101840,23,,,0,15,,101823,23,,,0,12,,101798,23,,,0,13,,101850,23,,,0,54,,101806,23,,,0,14,,101829,23,,,0,13,,101841,23,,,0,19,,101822,23,,,0,61,,101851,23,,,0,20,,101807,23,,,0,19,,101842,23,,,0,60,,101824,23,,,0
2000000,'4_5',704,,101892,23,,,0,26,,101874,23,,,0,16,,101902,23,,,0,55,,101858,23,,,0,14,,101885,23,,,0,15,,101867,23,,,0,16,,101894,23,,,0,55,,101877,23,,,0,16,,101905,23,,,0,17,,101859,23,,,0,16,,101890,23,,,0,55,,101868,23,,,0,16,,101895,23,,,0,16,,101875,23,,,0,16,,101903,23,,,0,56,,101860,23,,,0,16,,101891,23,,,0,15,,101869,23,,,0,16,,101896,23,,,0,57,,101876,23,,,0,14,,101906,23,,,0,16,,101861,23,,,0,12,,101884,23,,,0,56,,101870,23,,,0,15,,101893,23,,,0,15,,101878,23,,,0,16,,101904,23,,,0,55,,101863,23,,,0,15,,101886,23,,,0,15,,101873,23,,,0,15,,101898,23,,,0,56,,101879,23,,,0,14,,101907,23,,,0,15,,101864,23,,,0,15,,101887,23,,,0,57,,101872,23,,,0,15,,101897,23,,,0,15,,101880,23,,,0,56,,101856,23,,,0,16,,101908,23,,,0,18,,101862,23,,,0,14,,101889,23,,,0,55,,101871,23,,,0,15,,101899,23,,,0,15,,101882,23,,,0,12,,101857,23,,,0,13,,101909,23,,,0,54,,101865,23,,,0,14,,101888,23,,,0,13,,101900,23,,,0,19,,101881,23,,,0,61,,101910,23,,,0,20,,101866,23,,,0,19,,101901,23,,,0,60,,101883,23,,,0
2000000,'5_7',838,,101912,23,,,0,80,,101913,23,,,0,40,,101914,23,,,0,80,,101915,23,,,0,80,,101916,23,,,0,40,,101917,23,,,0,80,,101918,23,,,0,80,,101919,23,,,0,40,,101920,23,,,0,80,,101921,23,,,0,80,,101922,23,,,0,40,,101923,23,,,0,80,,101924,23,,,0,80,,101925,23,,,0,40,,101926,23,,,0,80,,101927,23,,,0,80,,101928,23,,,0,40,,101929,23,,,0
