401,'0_6',653,,65084,8,,,0,163,,65083,8,0,41,0,32,,65081,8,,,0,64,,65070,8,0,41,0,32,,65082,8,0,41,0,69,,65071,8,0,41,0,35,,65077,8,,,0,67,,65072,8,0,41,0,32,,65073,8,0,41,0,73,,65089,8,0,41,0,31,,65091,8,,,0,72,,65078,8,0,41,0,29,,65069,8,0,41,0,68,,65074,8,0,41,0,28,,65079,8,,,0,67,,65075,8,0,41,0,29,,65092,8,0,41,0,71,,65088,8,0,41,0,26,,65085,8,,,0,64,,65086,8,0,41,0,27,,65090,8,,,0,76,,65087,8,0,41,0,36,,65076,8,0,41,0,76,,65080,8,,,0
401,'1_7',931,,65093,8,,,0,125,,65094,8,,,0,165,,65095,8,,,0,201,,65096,8,,,0,125,,65097,8,,,0,165,,65098,8,,,0,125,,65099,8,,,0
401,'5_1',648,,74188,11,,,0,58,,74189,8,0,41,0,39,,74200,8,0,41,0,76,,74179,11,0,41,0,27,,74201,8,,,0,67,,74180,8,0,41,0,29,,74202,8,0,41,0,69,,74181,8,0,41,0,35,,74196,8,,,0,71,,74182,8,0,41,0,29,,74183,8,0,41,0,69,,74195,8,0,41,0,36,,74193,8,,,0,73,,74197,8,0,41,0,26,,74178,8,0,41,0,68,,74184,8,0,41,0,28,,74198,8,,,0,65,,74185,8,0,41,0,31,,74186,8,,,0,62,,74194,8,0,41,0,27,,74190,8,,,0,24,,74191,8,0,41,0,86,,74203,11,,,0,62,,74192,8,0,41,0,34,,74187,8,0,41,0,79,,74199,8,,,0
401,'5_2',648,,75558,11,,,0,58,,75559,8,0,41,0,39,,75570,8,0,41,0,76,,75549,11,0,41,0,27,,75571,8,,,0,67,,75550,8,0,41,0,29,,75572,8,0,41,0,69,,75551,8,0,41,0,35,,75566,8,,,0,71,,75552,8,0,41,0,29,,75553,8,0,41,0,69,,75565,8,0,41,0,36,,75563,8,,,0,73,,75567,8,0,41,0,26,,75548,8,0,41,0,68,,75554,8,0,41,0,28,,75568,8,,,0,65,,75555,8,0,41,0,31,,75556,8,,,0,62,,75564,8,0,41,0,27,,75560,8,,,0,24,,75561,8,0,41,0,86,,75573,11,,,0,62,,75562,8,0,41,0,34,,75557,8,0,41,0,79,,75569,8,,,0
401,'5_3',648,,75584,11,,,0,58,,75585,8,0,41,0,39,,75596,8,0,41,0,76,,75575,11,0,41,0,27,,75597,8,,,0,67,,75576,8,0,41,0,29,,75598,8,0,41,0,69,,75577,8,0,41,0,35,,75592,8,,,0,71,,75578,8,0,41,0,29,,75579,8,0,41,0,69,,75591,8,0,41,0,36,,75589,8,,,0,73,,75593,8,0,41,0,26,,75574,8,0,41,0,68,,75580,8,0,41,0,28,,75594,8,,,0,65,,75581,8,0,41,0,31,,75582,8,,,0,62,,75590,8,0,41,0,27,,75586,8,,,0,24,,75587,8,0,41,0,86,,75599,11,,,0,62,,75588,8,0,41,0,34,,75583,8,0,41,0,79,,75595,8,,,0
401,'7_1',648,,80507,11,,,0,58,,80508,8,0,41,0,39,,80519,8,0,41,0,76,,80498,11,0,41,0,27,,80520,8,,,0,67,,80499,8,0,41,0,29,,80521,8,0,41,0,69,,80500,8,0,41,0,35,,80515,8,,,0,71,,80501,8,0,41,0,29,,80502,8,0,41,0,69,,80514,8,0,41,0,36,,80512,8,,,0,73,,80516,8,0,41,0,26,,80497,8,0,41,0,68,,80503,8,0,41,0,28,,80517,8,,,0,65,,80504,8,0,41,0,31,,80505,8,,,0,62,,80513,8,0,41,0,27,,80509,8,,,0,24,,80510,8,0,41,0,86,,80522,11,,,0,62,,80511,8,0,41,0,34,,80506,8,0,41,0,79,,80518,8,,,0
401,'7_2',648,,82428,11,,,0,58,,82429,8,0,41,0,39,,82440,8,0,41,0,76,,82419,11,0,41,0,27,,82441,8,,,0,67,,82420,8,0,41,0,29,,82442,8,0,41,0,69,,82421,8,0,41,0,35,,82436,8,,,0,71,,82422,8,0,41,0,29,,82423,8,0,41,0,69,,82435,8,0,41,0,36,,82433,8,,,0,73,,82437,8,0,41,0,26,,82418,8,0,41,0,68,,82424,8,0,41,0,28,,82438,8,,,0,65,,82425,8,0,41,0,31,,82426,8,,,0,62,,82434,8,0,41,0,27,,82430,8,,,0,24,,82431,8,0,41,0,86,,82443,11,,,0,62,,82432,8,0,41,0,34,,82427,8,0,41,0,79,,82439,8,,,0
401,'7_3',648,,82454,11,,,0,58,,82455,8,0,41,0,39,,82466,8,0,41,0,76,,82445,11,0,41,0,27,,82467,8,,,0,67,,82446,8,0,41,0,29,,82468,8,0,41,0,69,,82447,8,0,41,0,35,,82462,8,,,0,71,,82448,8,0,41,0,29,,82449,8,0,41,0,69,,82461,8,0,41,0,36,,82459,8,,,0,73,,82463,8,0,41,0,26,,82444,8,0,41,0,68,,82450,8,0,41,0,28,,82464,8,,,0,65,,82451,8,0,41,0,31,,82452,8,,,0,62,,82460,8,0,41,0,27,,82456,8,,,0,24,,82457,8,0,41,0,86,,82469,11,,,0,62,,82458,8,0,41,0,34,,82453,8,0,41,0,79,,82465,8,,,0
401,'7_4',648,,79327,11,,,0,58,,79328,8,0,41,0,39,,79339,8,0,41,0,76,,79318,11,0,41,0,27,,79340,8,,,0,67,,79319,8,0,41,0,29,,79341,8,0,41,0,69,,79320,8,0,41,0,35,,79335,8,,,0,71,,79321,8,0,41,0,29,,79322,8,0,41,0,69,,79334,8,0,41,0,36,,79332,8,,,0,73,,79336,8,0,41,0,26,,79317,8,0,41,0,68,,79323,8,0,41,0,28,,79337,8,,,0,65,,79324,8,0,41,0,31,,79325,8,,,0,62,,79333,8,0,41,0,27,,79329,8,,,0,24,,79330,8,0,41,0,86,,79342,11,,,0,62,,79331,8,0,41,0,34,,79326,8,0,41,0,79,,79338,8,,,0
401,'7_5',648,,80533,11,,,0,58,,80534,8,0,41,0,39,,80545,8,0,41,0,76,,80524,11,0,41,0,27,,80546,8,,,0,67,,80525,8,0,41,0,29,,80547,8,0,41,0,69,,80526,8,0,41,0,35,,80541,8,,,0,71,,80527,8,0,41,0,29,,80528,8,0,41,0,69,,80540,8,0,41,0,36,,80538,8,,,0,73,,80542,8,0,41,0,26,,80523,8,0,41,0,68,,80529,8,0,41,0,28,,80543,8,,,0,65,,80530,8,0,41,0,31,,80531,8,,,0,62,,80539,8,0,41,0,27,,80535,8,,,0,24,,80536,8,0,41,0,86,,80548,11,,,0,62,,80537,8,0,41,0,34,,80532,8,0,41,0,79,,80544,8,,,0
