4000000,'0_6',713,,72091,19,4,,0,44,,72092,19,4,,0,81,,72093,19,4,,0,79,,72094,19,4,,0,83,,72095,19,4,,0,41,,72096,19,4,,0,83,,72097,19,4,,0,82,,72098,19,4,,0,41,,72099,19,4,,0,59,,72121,19,4,,0,42,,72122,19,4,,0,77,,72123,19,4,,0,78,,72124,19,4,,0,40,,72125,19,4,,0,81,,72126,19,4,,0,82,,72127,19,4,,0,41,,72128,19,4,,0,77,,72129,19,4,,0,77,,72130,19,4,,0,37,,72131,19,4,,0,79,,72132,19,4,,0
4000000,'1_7',953,,72141,19,4,,0,260,,72142,19,4,,0,220,,72143,19,4,,0,220,,72144,19,4,,0,259,,72145,19,4,,0
4000000,'3_1',713,,72372,19,4,,0,44,,72373,19,4,,0,81,,72374,19,4,,0,79,,72375,19,4,,0,83,,72376,19,4,,0,41,,72377,19,4,,0,83,,72378,19,4,,0,82,,72379,19,4,,0,41,,72380,19,4,,0,59,,72402,19,4,,0,42,,72403,19,4,,0,77,,72404,19,4,,0,78,,72405,19,4,,0,40,,72406,19,4,,0,81,,72407,19,4,,0,82,,72408,19,4,,0,41,,72409,19,4,,0,77,,72410,19,4,,0,77,,72411,19,4,,0,37,,72412,19,4,,0,79,,72413,19,4,,0
4000000,'3_2',713,,73885,19,4,,0,44,,73886,19,4,,0,81,,73887,19,4,,0,79,,73888,19,4,,0,83,,73889,19,4,,0,41,,73890,19,4,,0,83,,73891,19,4,,0,82,,73892,19,4,,0,41,,73893,19,4,,0,59,,73915,19,4,,0,42,,73916,19,4,,0,77,,73917,19,4,,0,78,,73918,19,4,,0,40,,73919,19,4,,0,81,,73920,19,4,,0,82,,73921,19,4,,0,41,,73922,19,4,,0,77,,73923,19,4,,0,77,,73924,19,4,,0,37,,73925,19,4,,0,79,,73926,19,4,,0
4000000,'3_3',713,,72417,19,4,,0,44,,72418,19,4,,0,81,,72419,19,4,,0,79,,72420,19,4,,0,83,,72421,19,4,,0,41,,72422,19,4,,0,83,,72423,19,4,,0,82,,72424,19,4,,0,41,,72425,19,4,,0,59,,72447,19,4,,0,42,,72448,19,4,,0,77,,72449,19,4,,0,78,,72450,19,4,,0,40,,72451,19,4,,0,81,,72452,19,4,,0,82,,72453,19,4,,0,41,,72454,19,4,,0,77,,72455,19,4,,0,77,,72456,19,4,,0,37,,72457,19,4,,0,79,,72458,19,4,,0
4000000,'3_4',713,,72462,19,4,,0,44,,72463,19,4,,0,81,,72464,19,4,,0,79,,72465,19,4,,0,83,,72466,19,4,,0,41,,72467,19,4,,0,83,,72468,19,4,,0,82,,72469,19,4,,0,41,,72470,19,4,,0,59,,72492,19,4,,0,42,,72493,19,4,,0,77,,72494,19,4,,0,78,,72495,19,4,,0,40,,72496,19,4,,0,81,,72497,19,4,,0,82,,72498,19,4,,0,41,,72499,19,4,,0,77,,72500,19,4,,0,77,,72501,19,4,,0,37,,72502,19,4,,0,79,,72503,19,4,,0
4000000,'3_5',713,,72507,19,4,,0,44,,72508,19,4,,0,81,,72509,19,4,,0,79,,72510,19,4,,0,83,,72511,19,4,,0,41,,72512,19,4,,0,83,,72513,19,4,,0,82,,72514,19,4,,0,41,,72515,19,4,,0,59,,72537,19,4,,0,42,,72538,19,4,,0,77,,72539,19,4,,0,78,,72540,19,4,,0,40,,72541,19,4,,0,81,,72542,19,4,,0,82,,72543,19,4,,0,41,,72544,19,4,,0,77,,72545,19,4,,0,77,,72546,19,4,,0,37,,72547,19,4,,0,79,,72548,19,4,,0
4000000,'5_1',713,,74845,19,4,,0,44,,74846,19,4,,0,81,,74847,19,4,,0,79,,74848,19,4,,0,83,,74849,19,4,,0,41,,74850,19,4,,0,83,,74851,19,4,,0,82,,74852,19,4,,0,41,,74853,19,4,,0,59,,74875,19,4,,0,42,,74876,19,4,,0,77,,74877,19,4,,0,78,,74878,19,4,,0,40,,74879,19,4,,0,81,,74880,19,4,,0,82,,74881,19,4,,0,41,,74882,19,4,,0,77,,74883,19,4,,0,77,,74884,19,4,,0,37,,74885,19,4,,0,79,,74886,19,4,,0
4000000,'5_2',713,,77549,19,4,,0,44,,77550,19,4,,0,81,,77551,19,4,,0,79,,77552,19,4,,0,83,,77553,19,4,,0,41,,77554,19,4,,0,83,,77555,19,4,,0,82,,77556,19,4,,0,41,,77557,19,4,,0,59,,77579,19,4,,0,42,,77580,19,4,,0,77,,77581,19,4,,0,78,,77582,19,4,,0,40,,77583,19,4,,0,81,,77584,19,4,,0,82,,77585,19,4,,0,41,,77586,19,4,,0,77,,77587,19,4,,0,77,,77588,19,4,,0,37,,77589,19,4,,0,79,,77590,19,4,,0
4000000,'5_3',713,,77594,19,4,,0,44,,77595,19,4,,0,81,,77596,19,4,,0,79,,77597,19,4,,0,83,,77598,19,4,,0,41,,77599,19,4,,0,83,,77600,19,4,,0,82,,77601,19,4,,0,41,,77602,19,4,,0,59,,77624,19,4,,0,42,,77625,19,4,,0,77,,77626,19,4,,0,78,,77627,19,4,,0,40,,77628,19,4,,0,81,,77629,19,4,,0,82,,77630,19,4,,0,41,,77631,19,4,,0,77,,77632,19,4,,0,77,,77633,19,4,,0,37,,77634,19,4,,0,79,,77635,19,4,,0
4000000,'5_4',713,,77639,19,4,,0,44,,77640,19,4,,0,81,,77641,19,4,,0,79,,77642,19,4,,0,83,,77643,19,4,,0,41,,77644,19,4,,0,83,,77645,19,4,,0,82,,77646,19,4,,0,41,,77647,19,4,,0,59,,77669,19,4,,0,42,,77670,19,4,,0,77,,77671,19,4,,0,78,,77672,19,4,,0,40,,77673,19,4,,0,81,,77674,19,4,,0,82,,77675,19,4,,0,41,,77676,19,4,,0,77,,77677,19,4,,0,77,,77678,19,4,,0,37,,77679,19,4,,0,79,,77680,19,4,,0
